ID,26,Time,921.5939,DronePosition,-355.2364,45,-107.379,0.13362,CameraPosition,-103.2011,1.746626,-107.4645,CameraRotation,11.59823,266.9147,353.0574,CurrentState,MoveToInitial,Slider,51,Scenario,3
ID,26,Time,921.6077,DronePosition,-355.2336,45,-107.379,0.2027465,CameraPosition,-103.2006,1.747724,-107.4645,CameraRotation,10.69606,266.9812,352.9339,CurrentState,MoveToInitial,Slider,51,Scenario,3
ID,26,Time,921.6217,DronePosition,-355.2297,45,-107.379,0.2729295,CameraPosition,-103.2,1.748695,-107.4646,CameraRotation,9.921082,267.0023,352.9098,CurrentState,MoveToInitial,Slider,51,Scenario,3
ID,26,Time,921.6356,DronePosition,-355.225,45,-107.379,0.3421255,CameraPosition,-103.2,1.749916,-107.4647,CameraRotation,8.096766,267.0229,352.7936,CurrentState,MoveToInitial,Slider,51,Scenario,3
ID,26,Time,921.6495,DronePosition,-355.2192,45,-107.379,0.411779,CameraPosition,-103.1992,1.752476,-107.4648,CameraRotation,7.191494,266.8084,352.3921,CurrentState,MoveToInitial,Slider,51,Scenario,3
ID,26,Time,921.6636,DronePosition,-355.2125,45,-107.379,0.4820505,CameraPosition,-103.1986,1.754509,-107.4646,CameraRotation,6.088324,266.9147,352.4959,CurrentState,MoveToInitial,Slider,51,Scenario,3
ID,26,Time,921.6777,DronePosition,-355.2047,45,-107.379,0.5525565,CameraPosition,-103.1981,1.756514,-107.4644,CameraRotation,4.239591,267.2677,352.6188,CurrentState,MoveToInitial,Slider,51,Scenario,3
ID,26,Time,921.6921,DronePosition,-355.1956,45,-107.379,0.6247644,CameraPosition,-103.1975,1.759096,-107.4644,CameraRotation,2.477914,267.5582,352.8581,CurrentState,MoveToInitial,Slider,51,Scenario,3
ID,26,Time,921.7101,DronePosition,-355.1828,45,-107.379,0.7146474,CameraPosition,-103.1968,1.761906,-107.4645,CameraRotation,0.4927599,267.8709,353.1784,CurrentState,MoveToInitial,Slider,51,Scenario,3
ID,26,Time,921.7346,DronePosition,-355.1629,45,-107.379,0.8373524,CameraPosition,-103.1948,1.767938,-107.4652,CameraRotation,357.2194,268.1632,353.4264,CurrentState,MoveToInitial,Slider,51,Scenario,3
ID,26,Time,921.7485,DronePosition,-355.1503,45,-107.379,0.9068694,CameraPosition,-103.1936,1.770329,-107.4658,CameraRotation,356.1897,268.2049,353.4966,CurrentState,MoveToInitial,Slider,51,Scenario,3
ID,26,Time,921.7622,DronePosition,-355.137,45,-107.379,0.9754469,CameraPosition,-103.1925,1.772156,-107.4667,CameraRotation,355.0941,268.2373,353.6096,CurrentState,MoveToInitial,Slider,51,Scenario,3
ID,26,Time,921.776,DronePosition,-355.1226,45,-107.379,1.0443,CameraPosition,-103.191,1.773949,-107.4676,CameraRotation,354.0401,268.2136,353.8066,CurrentState,MoveToInitial,Slider,51,Scenario,3
ID,26,Time,921.7897,DronePosition,-355.1074,45,-107.379,1.112757,CameraPosition,-103.1894,1.775775,-107.4689,CameraRotation,352.9005,268.0575,354.1131,CurrentState,MoveToInitial,Slider,51,Scenario,3
ID,26,Time,921.8032,DronePosition,-355.0914,45,-107.379,1.180452,CameraPosition,-103.1878,1.777557,-107.4702,CameraRotation,351.8037,267.8068,354.3788,CurrentState,MoveToInitial,Slider,51,Scenario,3
ID,26,Time,921.817,DronePosition,-355.0742,45,-107.379,1.249301,CameraPosition,-103.1862,1.779016,-107.4717,CameraRotation,350.9571,267.4797,354.507,CurrentState,MoveToInitial,Slider,51,Scenario,3
ID,26,Time,921.831,DronePosition,-355.0557,45,-107.379,1.319117,CameraPosition,-103.1849,1.780009,-107.4733,CameraRotation,350.4365,267.1587,354.5893,CurrentState,MoveToInitial,Slider,51,Scenario,3
ID,26,Time,921.8446,DronePosition,-355.0368,45,-107.379,1.387357,CameraPosition,-103.1838,1.780715,-107.4748,CameraRotation,350.084,266.8706,354.7318,CurrentState,MoveToInitial,Slider,51,Scenario,3
ID,26,Time,921.8586,DronePosition,-355.0165,45,-107.379,1.457126,CameraPosition,-103.1829,1.780984,-107.4764,CameraRotation,349.9715,266.5875,354.9201,CurrentState,MoveToInitial,Slider,51,Scenario,3
ID,26,Time,921.8726,DronePosition,-354.9951,45,-107.379,1.527106,CameraPosition,-103.1821,1.781195,-107.4781,CameraRotation,349.8006,266.3296,355.1056,CurrentState,MoveToInitial,Slider,51,Scenario,3
ID,26,Time,921.8862,DronePosition,-354.9734,45,-107.379,1.59512,CameraPosition,-103.1816,1.781127,-107.4798,CameraRotation,349.7359,266.0607,355.2989,CurrentState,MoveToInitial,Slider,51,Scenario,3
ID,26,Time,921.9001,DronePosition,-354.9502,45,-107.379,1.664843,CameraPosition,-103.1816,1.781025,-107.4813,CameraRotation,349.6826,265.7909,355.5799,CurrentState,MoveToInitial,Slider,51,Scenario,3
ID,26,Time,921.9144,DronePosition,-354.9254,45,-107.379,1.736383,CameraPosition,-103.1817,1.780907,-107.4828,CameraRotation,349.6869,265.4875,355.9184,CurrentState,MoveToInitial,Slider,51,Scenario,3
ID,26,Time,921.9291,DronePosition,-354.8989,45,-107.379,1.809549,CameraPosition,-103.1821,1.780713,-107.4842,CameraRotation,349.8228,265.13,356.2794,CurrentState,MoveToInitial,Slider,51,Scenario,3
ID,26,Time,921.9418,DronePosition,-354.8749,45,-107.379,1.873393,CameraPosition,-103.1826,1.780504,-107.4855,CameraRotation,350.0488,264.7135,356.5707,CurrentState,MoveToInitial,Slider,51,Scenario,3
ID,26,Time,921.9557,DronePosition,-354.8479,45,-107.379,1.942917,CameraPosition,-103.1834,1.780257,-107.4868,CameraRotation,350.2573,264.1951,356.6724,CurrentState,MoveToInitial,Slider,51,Scenario,3
ID,26,Time,921.9697,DronePosition,-354.8199,45,-107.379,2.01267,CameraPosition,-103.1842,1.780018,-107.488,CameraRotation,350.4495,263.683,356.6129,CurrentState,MoveToInitial,Slider,51,Scenario,3
ID,26,Time,921.9837,DronePosition,-354.7907,45,-107.379,2.082744,CameraPosition,-103.1852,1.779635,-107.489,CameraRotation,350.7903,263.188,356.4688,CurrentState,MoveToInitial,Slider,51,Scenario,3
ID,26,Time,921.9973,DronePosition,-354.7614,45,-107.379,2.150878,CameraPosition,-103.1865,1.779063,-107.4899,CameraRotation,351.2324,262.7351,356.3407,CurrentState,MoveToInitial,Slider,51,Scenario,3
ID,26,Time,922.0112,DronePosition,-354.7305,45,-107.379,2.220403,CameraPosition,-103.188,1.778564,-107.4907,CameraRotation,351.4794,262.218,356.1563,CurrentState,MoveToInitial,Slider,51,Scenario,3
ID,26,Time,922.0253,DronePosition,-354.6982,45,-107.379,2.290976,CameraPosition,-103.1892,1.778322,-107.4916,CameraRotation,351.4728,261.6998,356.0302,CurrentState,MoveToInitial,Slider,51,Scenario,3
ID,26,Time,922.0391,DronePosition,-354.6658,45,-107.379,2.359535,CameraPosition,-103.1906,1.778382,-107.4923,CameraRotation,351.3156,261.2036,355.9195,CurrentState,MoveToInitial,Slider,51,Scenario,3
ID,26,Time,922.0529,DronePosition,-354.6323,45,-107.379,2.428575,CameraPosition,-103.1921,1.778471,-107.4928,CameraRotation,351.1955,260.7823,355.7178,CurrentState,MoveToInitial,Slider,51,Scenario,3
ID,26,Time,922.0669,DronePosition,-354.5972,45,-107.379,2.49868,CameraPosition,-103.1936,1.778387,-107.4934,CameraRotation,351.1511,260.3301,355.3782,CurrentState,MoveToInitial,Slider,51,Scenario,3
ID,26,Time,922.0808,DronePosition,-354.5614,45,-107.379,2.568446,CameraPosition,-103.1953,1.778152,-107.4938,CameraRotation,351.0771,259.8319,355.055,CurrentState,MoveToInitial,Slider,51,Scenario,3
ID,26,Time,922.0948,DronePosition,-354.5247,45,-107.379,2.638104,CameraPosition,-103.197,1.777846,-107.4942,CameraRotation,350.9284,259.3428,354.9636,CurrentState,MoveToInitial,Slider,51,Scenario,3
ID,26,Time,922.1086,DronePosition,-354.4873,45,-107.379,2.70708,CameraPosition,-103.1987,1.77758,-107.4944,CameraRotation,350.8257,258.9227,354.9677,CurrentState,MoveToInitial,Slider,51,Scenario,3
ID,26,Time,922.1228,DronePosition,-354.4478,45,-107.379,2.7782,CameraPosition,-103.2003,1.777199,-107.4943,CameraRotation,350.7433,258.6419,355.01,CurrentState,MoveToInitial,Slider,51,Scenario,3
ID,26,Time,922.1366,DronePosition,-354.4084,45,-107.379,2.847288,CameraPosition,-103.2018,1.776617,-107.4939,CameraRotation,350.8403,258.4123,354.9918,CurrentState,MoveToInitial,Slider,51,Scenario,3
ID,26,Time,922.1506,DronePosition,-354.3678,45,-107.379,2.917015,CameraPosition,-103.2033,1.775843,-107.4936,CameraRotation,351.0815,258.1898,354.8702,CurrentState,MoveToInitial,Slider,51,Scenario,3
ID,26,Time,922.1643,DronePosition,-354.3266,45,-107.379,2.985926,CameraPosition,-103.2048,1.774846,-107.493,CameraRotation,351.4253,258.0406,354.5906,CurrentState,MoveToInitial,Slider,51,Scenario,3
ID,26,Time,922.1783,DronePosition,-354.2838,45,-107.379,3.0561,CameraPosition,-103.2062,1.773931,-107.4922,CameraRotation,351.6981,258.03,354.2592,CurrentState,MoveToInitial,Slider,51,Scenario,3
ID,26,Time,922.1923,DronePosition,-354.2402,45,-107.379,3.125742,CameraPosition,-103.2074,1.773262,-107.4913,CameraRotation,351.8084,258.0872,354.0251,CurrentState,MoveToInitial,Slider,51,Scenario,3
ID,26,Time,922.2061,DronePosition,-354.1963,45,-107.379,3.19451,CameraPosition,-103.2084,1.772843,-107.4902,CameraRotation,351.8148,258.2812,353.8996,CurrentState,MoveToInitial,Slider,51,Scenario,3
ID,26,Time,922.2199,DronePosition,-354.1509,45,-107.379,3.263921,CameraPosition,-103.2093,1.772537,-107.4892,CameraRotation,351.795,258.4601,353.7898,CurrentState,MoveToInitial,Slider,51,Scenario,3
ID,26,Time,922.2339,DronePosition,-354.1041,45,-107.379,3.334138,CameraPosition,-103.2101,1.772101,-107.4882,CameraRotation,351.9054,258.5745,353.563,CurrentState,MoveToInitial,Slider,51,Scenario,3
ID,26,Time,922.2479,DronePosition,-354.0566,45,-107.379,3.403971,CameraPosition,-103.2108,1.771531,-107.4873,CameraRotation,352.0561,258.6858,353.2214,CurrentState,MoveToInitial,Slider,51,Scenario,3
ID,26,Time,922.2618,DronePosition,-354.0086,45,-107.379,3.473094,CameraPosition,-103.2114,1.771055,-107.4865,CameraRotation,352.056,258.8319,352.8815,CurrentState,MoveToInitial,Slider,51,Scenario,3
ID,26,Time,922.2759,DronePosition,-353.9586,45,-107.379,3.543685,CameraPosition,-103.2117,1.770961,-107.4855,CameraRotation,351.8054,259.0529,352.7032,CurrentState,MoveToInitial,Slider,51,Scenario,3
ID,26,Time,922.2897,DronePosition,-353.9088,45,-107.379,3.612576,CameraPosition,-103.2117,1.771167,-107.4846,CameraRotation,351.425,259.2864,352.6849,CurrentState,MoveToInitial,Slider,51,Scenario,3
ID,26,Time,922.3036,DronePosition,-353.8575,45,-107.379,3.682201,CameraPosition,-103.2118,1.771406,-107.4838,CameraRotation,351.2268,259.6916,352.5,CurrentState,MoveToInitial,Slider,51,Scenario,3
ID,26,Time,922.3176,DronePosition,-353.805,45,-107.379,3.752236,CameraPosition,-103.2118,1.77156,-107.483,CameraRotation,351.0463,259.9475,352.1707,CurrentState,MoveToInitial,Slider,51,Scenario,3
ID,26,Time,922.3319,DronePosition,-353.7501,45,-107.379,3.823957,CameraPosition,-103.2117,1.771769,-107.4824,CameraRotation,350.9865,260.3577,351.8839,CurrentState,MoveToInitial,Slider,51,Scenario,3
ID,26,Time,922.3458,DronePosition,-353.6964,45,-107.379,3.892986,CameraPosition,-103.2117,1.771942,-107.4818,CameraRotation,350.8531,260.8364,351.8239,CurrentState,MoveToInitial,Slider,51,Scenario,3
ID,26,Time,922.3595,DronePosition,-353.6418,45,-107.379,3.961798,CameraPosition,-103.2115,1.772287,-107.4813,CameraRotation,350.6716,261.1879,352.0681,CurrentState,MoveToInitial,Slider,51,Scenario,3
ID,26,Time,922.3731,DronePosition,-353.587,45,-107.379,4.029879,CameraPosition,-103.2113,1.772772,-107.481,CameraRotation,350.45,261.4349,352.3014,CurrentState,MoveToInitial,Slider,51,Scenario,3
ID,26,Time,922.3872,DronePosition,-353.5293,45,-107.379,4.100251,CameraPosition,-103.2112,1.77319,-107.4807,CameraRotation,350.2635,261.6537,352.3606,CurrentState,MoveToInitial,Slider,51,Scenario,3
ID,26,Time,922.4011,DronePosition,-353.4713,45,-107.379,4.169693,CameraPosition,-103.2111,1.773601,-107.4803,CameraRotation,350.1057,261.8685,352.375,CurrentState,MoveToInitial,Slider,51,Scenario,3
ID,26,Time,922.415,DronePosition,-353.4121,45,-107.379,4.239585,CameraPosition,-103.211,1.773934,-107.4798,CameraRotation,349.8879,262.1635,352.4342,CurrentState,MoveToInitial,Slider,51,Scenario,3
ID,26,Time,922.4289,DronePosition,-353.3525,45,-107.379,4.308685,CameraPosition,-103.2108,1.774307,-107.4793,CameraRotation,349.5947,262.5094,352.5752,CurrentState,MoveToInitial,Slider,51,Scenario,3
ID,26,Time,922.443,DronePosition,-353.2907,45,-107.379,4.379232,CameraPosition,-103.2107,1.77466,-107.4788,CameraRotation,349.2868,262.8249,352.7054,CurrentState,MoveToInitial,Slider,51,Scenario,3
ID,26,Time,922.457,DronePosition,-353.2283,45,-107.379,4.449409,CameraPosition,-103.2107,1.774904,-107.4783,CameraRotation,349.0486,263.03,352.6713,CurrentState,MoveToInitial,Slider,51,Scenario,3
ID,26,Time,922.4706,DronePosition,-353.1667,45,-107.379,4.517608,CameraPosition,-103.2108,1.775074,-107.4778,CameraRotation,348.9188,263.211,352.5763,CurrentState,MoveToInitial,Slider,51,Scenario,3
ID,26,Time,922.4848,DronePosition,-353.1018,45,-107.379,4.588264,CameraPosition,-103.2109,1.775182,-107.4772,CameraRotation,348.7667,263.5,352.5349,CurrentState,MoveToInitial,Slider,51,Scenario,3
ID,26,Time,922.4987,DronePosition,-353.0371,45,-107.379,4.657773,CameraPosition,-103.2109,1.775375,-107.4767,CameraRotation,348.6228,263.8373,352.6183,CurrentState,MoveToInitial,Slider,51,Scenario,3
ID,26,Time,922.5125,DronePosition,-352.9717,45,-107.379,4.72688,CameraPosition,-103.2108,1.775558,-107.4763,CameraRotation,348.5063,264.053,352.7389,CurrentState,MoveToInitial,Slider,51,Scenario,3
ID,26,Time,922.5266,DronePosition,-352.9044,45,-107.379,4.797122,CameraPosition,-103.2106,1.775659,-107.4762,CameraRotation,348.4719,264.0623,352.7694,CurrentState,MoveToInitial,Slider,51,Scenario,3
ID,26,Time,922.5408,DronePosition,-352.8352,45,-107.379,4.86819,CameraPosition,-103.2105,1.775803,-107.476,CameraRotation,348.468,264.0712,352.7744,CurrentState,MoveToInitial,Slider,51,Scenario,3
ID,26,Time,922.5543,DronePosition,-352.7684,45,-107.379,4.935804,CameraPosition,-103.2104,1.776021,-107.4759,CameraRotation,348.3994,264.1097,352.8443,CurrentState,MoveToInitial,Slider,51,Scenario,3
ID,26,Time,922.5685,DronePosition,-352.6972,45,-107.379,5.006911,CameraPosition,-103.2102,1.776355,-107.4757,CameraRotation,348.2408,264.2017,352.957,CurrentState,MoveToInitial,Slider,51,Scenario,3
ID,26,Time,922.5823,DronePosition,-352.6271,45,-107.379,5.075971,CameraPosition,-103.21,1.776667,-107.4757,CameraRotation,348.1234,264.2365,353.1354,CurrentState,MoveToInitial,Slider,51,Scenario,3
ID,26,Time,922.5963,DronePosition,-352.5555,45,-107.379,5.145526,CameraPosition,-103.2097,1.77674,-107.4759,CameraRotation,348.1631,264.1143,353.4155,CurrentState,MoveToInitial,Slider,51,Scenario,3
ID,26,Time,922.61,DronePosition,-352.4839,45,-107.379,5.214261,CameraPosition,-103.2095,1.776533,-107.4763,CameraRotation,348.43,263.9494,353.7181,CurrentState,MoveToInitial,Slider,51,Scenario,3
ID,26,Time,922.6243,DronePosition,-352.4081,45,-107.379,5.285907,CameraPosition,-103.2094,1.775964,-107.4767,CameraRotation,348.8742,263.7809,354.0747,CurrentState,MoveToInitial,Slider,51,Scenario,3
ID,26,Time,922.6382,DronePosition,-352.3337,45,-107.379,5.355388,CameraPosition,-103.2092,1.775323,-107.4773,CameraRotation,349.3739,263.6072,354.4817,CurrentState,MoveToInitial,Slider,51,Scenario,3
ID,26,Time,922.6519,DronePosition,-352.2597,45,-107.379,5.423564,CameraPosition,-103.2089,1.775046,-107.478,CameraRotation,349.6239,263.3762,354.9146,CurrentState,MoveToInitial,Slider,51,Scenario,3
ID,26,Time,922.6658,DronePosition,-352.183,45,-107.379,5.493449,CameraPosition,-103.2085,1.775118,-107.4787,CameraRotation,349.6407,263.0997,355.2592,CurrentState,MoveToInitial,Slider,51,Scenario,3
ID,26,Time,922.6797,DronePosition,-352.1055,45,-107.379,5.563081,CameraPosition,-103.2079,1.775456,-107.4794,CameraRotation,349.5577,262.7354,355.4698,CurrentState,MoveToInitial,Slider,51,Scenario,3
ID,26,Time,922.6935,DronePosition,-352.028,45,-107.379,5.631842,CameraPosition,-103.2072,1.775959,-107.4801,CameraRotation,349.4507,262.3199,355.5235,CurrentState,MoveToInitial,Slider,51,Scenario,3
ID,26,Time,922.7075,DronePosition,-351.9486,45,-107.379,5.701509,CameraPosition,-103.2065,1.776387,-107.4808,CameraRotation,349.4027,261.9402,355.5605,CurrentState,MoveToInitial,Slider,51,Scenario,3
ID,26,Time,922.7213,DronePosition,-351.8687,45,-107.379,5.770679,CameraPosition,-103.2058,1.776704,-107.4813,CameraRotation,349.4263,261.6182,355.73,CurrentState,MoveToInitial,Slider,51,Scenario,3
ID,26,Time,922.7354,DronePosition,-351.7867,45,-107.379,5.840958,CameraPosition,-103.205,1.776808,-107.4818,CameraRotation,349.5803,261.6512,356.0506,CurrentState,MoveToInitial,Slider,51,Scenario,3
ID,26,Time,922.7498,DronePosition,-351.7015,45,-107.379,5.91293,CameraPosition,-103.2042,1.776729,-107.4819,CameraRotation,349.9149,261.8616,356.5401,CurrentState,MoveToInitial,Slider,51,Scenario,3
ID,26,Time,922.7632,DronePosition,-351.6207,45,-107.379,5.980552,CameraPosition,-103.2033,1.776513,-107.4821,CameraRotation,350.4385,262.2589,357.0444,CurrentState,MoveToInitial,Slider,51,Scenario,3
ID,26,Time,922.7774,DronePosition,-351.5349,45,-107.379,6.05145,CameraPosition,-103.2024,1.776262,-107.4823,CameraRotation,350.9335,262.6306,357.3608,CurrentState,MoveToInitial,Slider,51,Scenario,3
ID,26,Time,922.791,DronePosition,-351.4519,45,-107.379,6.119243,CameraPosition,-103.2015,1.776034,-107.4827,CameraRotation,351.3575,262.9705,357.5515,CurrentState,MoveToInitial,Slider,51,Scenario,3
ID,26,Time,922.8051,DronePosition,-351.365,45,-107.379,6.189466,CameraPosition,-103.2007,1.775789,-107.4831,CameraRotation,351.7393,263.3055,357.6144,CurrentState,MoveToInitial,Slider,51,Scenario,3
ID,26,Time,922.819,DronePosition,-351.2777,45,-107.379,6.259168,CameraPosition,-103.1998,1.775658,-107.4835,CameraRotation,351.8827,263.5966,357.593,CurrentState,MoveToInitial,Slider,51,Scenario,3
ID,26,Time,922.8329,DronePosition,-351.1894,45,-107.379,6.328953,CameraPosition,-103.1988,1.775849,-107.4841,CameraRotation,351.8813,263.7179,357.5716,CurrentState,MoveToInitial,Slider,51,Scenario,3
ID,26,Time,922.8468,DronePosition,-351.1007,45,-107.379,6.398226,CameraPosition,-103.1977,1.776486,-107.4847,CameraRotation,351.7355,263.7162,357.5094,CurrentState,MoveToInitial,Slider,51,Scenario,3
ID,26,Time,922.8608,DronePosition,-351.0103,45,-107.379,6.468098,CameraPosition,-103.1965,1.77719,-107.4854,CameraRotation,351.5505,263.7172,357.4736,CurrentState,MoveToInitial,Slider,51,Scenario,3
ID,26,Time,922.8747,DronePosition,-350.9195,45,-107.379,6.537614,CameraPosition,-103.1952,1.777653,-107.4861,CameraRotation,351.5598,263.7863,357.4232,CurrentState,MoveToInitial,Slider,51,Scenario,3
ID,26,Time,922.8885,DronePosition,-350.8277,45,-107.379,6.60708,CameraPosition,-103.1939,1.777661,-107.4868,CameraRotation,351.8714,263.9847,357.3267,CurrentState,MoveToInitial,Slider,51,Scenario,3
ID,26,Time,922.9025,DronePosition,-350.7345,45,-107.379,6.676867,CameraPosition,-103.1925,1.777198,-107.4876,CameraRotation,352.5138,264.2677,357.1892,CurrentState,MoveToInitial,Slider,51,Scenario,3
ID,26,Time,922.9167,DronePosition,-350.6389,45,-107.379,6.747662,CameraPosition,-103.1908,1.776415,-107.4884,CameraRotation,353.2279,264.5445,357.0916,CurrentState,MoveToInitial,Slider,51,Scenario,3
ID,26,Time,922.9305,DronePosition,-350.5443,45,-107.379,6.817098,CameraPosition,-103.1891,1.775394,-107.4892,CameraRotation,353.9866,264.7575,357.1472,CurrentState,MoveToInitial,Slider,51,Scenario,3
ID,26,Time,922.9445,DronePosition,-350.4486,45,-107.379,6.886515,CameraPosition,-103.1874,1.774531,-107.4901,CameraRotation,354.6278,264.8723,357.3899,CurrentState,MoveToInitial,Slider,51,Scenario,3
ID,26,Time,922.9587,DronePosition,-350.3495,45,-107.379,6.95774,CameraPosition,-103.1856,1.773978,-107.4912,CameraRotation,355.1317,264.9054,357.6953,CurrentState,MoveToInitial,Slider,51,Scenario,3
ID,26,Time,922.972,DronePosition,-350.2556,45,-107.379,7.024548,CameraPosition,-103.1841,1.773834,-107.4921,CameraRotation,355.3648,264.9521,357.8148,CurrentState,MoveToInitial,Slider,51,Scenario,3
ID,26,Time,922.9861,DronePosition,-350.1559,45,-107.379,7.094857,CameraPosition,-103.1826,1.77387,-107.493,CameraRotation,355.4635,265.0407,357.8507,CurrentState,MoveToInitial,Slider,51,Scenario,3
ID,26,Time,923,DronePosition,-350.0566,45,-107.379,7.164144,CameraPosition,-103.1813,1.774002,-107.4937,CameraRotation,355.4511,265.1085,357.9861,CurrentState,MoveToInitial,Slider,51,Scenario,3
ID,26,Time,923.0139,DronePosition,-349.9557,45,-107.379,7.233889,CameraPosition,-103.1799,1.773882,-107.4944,CameraRotation,355.59,265.1041,358.3434,CurrentState,MoveToInitial,Slider,51,Scenario,3
ID,26,Time,923.0278,DronePosition,-349.8544,45,-107.379,7.303228,CameraPosition,-103.1786,1.773604,-107.495,CameraRotation,355.9024,265.0889,358.6894,CurrentState,MoveToInitial,Slider,51,Scenario,3
ID,26,Time,923.0417,DronePosition,-349.7515,45,-107.379,7.373014,CameraPosition,-103.1773,1.773528,-107.4958,CameraRotation,356.1289,265.0405,358.8841,CurrentState,MoveToInitial,Slider,51,Scenario,3
ID,26,Time,923.0557,DronePosition,-349.6481,45,-107.379,7.44248,CameraPosition,-103.1761,1.774007,-107.4968,CameraRotation,355.7908,264.8689,358.8284,CurrentState,MoveToInitial,Slider,51,Scenario,3
ID,26,Time,923.0696,DronePosition,-349.5433,45,-107.379,7.512251,CameraPosition,-103.1749,1.774897,-107.498,CameraRotation,355.0811,264.5457,358.7322,CurrentState,MoveToInitial,Slider,51,Scenario,3
ID,26,Time,923.0835,DronePosition,-349.4377,45,-107.379,7.581916,CameraPosition,-103.1738,1.77607,-107.4993,CameraRotation,354.1123,264.0339,358.684,CurrentState,MoveToInitial,Slider,51,Scenario,3
ID,26,Time,923.0974,DronePosition,-349.3315,45,-107.379,7.651253,CameraPosition,-103.1729,1.776989,-107.5005,CameraRotation,353.3495,263.4716,358.8307,CurrentState,MoveToInitial,Slider,51,Scenario,3
ID,26,Time,923.1113,DronePosition,-349.2243,45,-107.379,7.720692,CameraPosition,-103.172,1.777536,-107.5015,CameraRotation,352.9241,262.9997,359.0901,CurrentState,MoveToInitial,Slider,51,Scenario,3
ID,26,Time,923.1252,DronePosition,-349.1155,45,-107.379,7.790522,CameraPosition,-103.1712,1.777714,-107.5023,CameraRotation,352.789,262.6064,359.4348,CurrentState,MoveToInitial,Slider,51,Scenario,3
ID,26,Time,923.139,DronePosition,-349.0075,45,-107.379,7.859263,CameraPosition,-103.1706,1.777564,-107.5028,CameraRotation,352.882,262.4317,359.6867,CurrentState,MoveToInitial,Slider,51,Scenario,3
ID,26,Time,923.153,DronePosition,-348.8964,45,-107.379,7.929294,CameraPosition,-103.17,1.777229,-107.5031,CameraRotation,353.0454,262.4498,359.8449,CurrentState,MoveToInitial,Slider,51,Scenario,3
ID,26,Time,923.1672,DronePosition,-348.7823,45,-107.379,8.000586,CameraPosition,-103.1694,1.776631,-107.5032,CameraRotation,353.2629,262.6225,359.9698,CurrentState,MoveToInitial,Slider,51,Scenario,3
ID,26,Time,923.1811,DronePosition,-348.6707,45,-107.379,8.069788,CameraPosition,-103.1689,1.776239,-107.5034,CameraRotation,353.427,262.7202,0.1139509,CurrentState,MoveToInitial,Slider,51,Scenario,3
ID,26,Time,923.195,DronePosition,-348.5575,45,-107.379,8.139325,CameraPosition,-103.1684,1.776275,-107.5036,CameraRotation,353.3835,262.6667,0.1761215,CurrentState,MoveToInitial,Slider,51,Scenario,3
ID,26,Time,923.2087,DronePosition,-348.4448,45,-107.379,8.207954,CameraPosition,-103.1681,1.776824,-107.5039,CameraRotation,353.0074,262.4959,0.1489647,CurrentState,MoveToInitial,Slider,51,Scenario,3
ID,26,Time,923.2224,DronePosition,-348.3316,45,-107.379,8.276363,CameraPosition,-103.1679,1.777975,-107.5041,CameraRotation,352.2328,262.3203,0.09872953,CurrentState,MoveToInitial,Slider,51,Scenario,3
ID,26,Time,923.2365,DronePosition,-348.2145,45,-107.379,8.346493,CameraPosition,-103.1677,1.779283,-107.5041,CameraRotation,351.3397,262.2453,0.04731214,CurrentState,MoveToInitial,Slider,51,Scenario,3
ID,26,Time,923.2505,DronePosition,-348.0962,45,-107.379,8.416784,CameraPosition,-103.1676,1.780416,-107.5041,CameraRotation,350.57,262.2515,359.9463,CurrentState,MoveToInitial,Slider,51,Scenario,3
ID,26,Time,923.2643,DronePosition,-347.9787,45,-107.379,8.486022,CameraPosition,-103.1675,1.781209,-107.5042,CameraRotation,349.9583,262.2585,359.8036,CurrentState,MoveToInitial,Slider,51,Scenario,3
ID,26,Time,923.2783,DronePosition,-347.8599,45,-107.379,8.555447,CameraPosition,-103.1674,1.781621,-107.5042,CameraRotation,349.5123,262.1545,359.6667,CurrentState,MoveToInitial,Slider,51,Scenario,3
ID,26,Time,923.2923,DronePosition,-347.7386,45,-107.379,8.625737,CameraPosition,-103.1674,1.781935,-107.5043,CameraRotation,349.1472,261.972,359.5995,CurrentState,MoveToInitial,Slider,51,Scenario,3
ID,26,Time,923.3061,DronePosition,-347.6187,45,-107.379,8.694667,CameraPosition,-103.1675,1.782446,-107.5042,CameraRotation,348.7564,261.8062,359.6857,CurrentState,MoveToInitial,Slider,51,Scenario,3
ID,26,Time,923.3202,DronePosition,-347.4948,45,-107.379,8.765347,CameraPosition,-103.1678,1.783348,-107.504,CameraRotation,348.1873,261.7483,359.9045,CurrentState,MoveToInitial,Slider,51,Scenario,3
ID,26,Time,923.3341,DronePosition,-347.3719,45,-107.379,8.834936,CameraPosition,-103.1681,1.784554,-107.5036,CameraRotation,347.425,261.7949,0.1256695,CurrentState,MoveToInitial,Slider,51,Scenario,3
ID,26,Time,923.348,DronePosition,-347.2487,45,-107.379,8.904105,CameraPosition,-103.1685,1.785656,-107.5033,CameraRotation,346.778,261.8672,0.2392976,CurrentState,MoveToInitial,Slider,51,Scenario,3
ID,26,Time,923.3621,DronePosition,-347.1215,45,-107.379,8.974961,CameraPosition,-103.1689,1.786374,-107.5029,CameraRotation,346.4036,261.907,0.2311155,CurrentState,MoveToInitial,Slider,51,Scenario,3
ID,26,Time,923.3762,DronePosition,-346.9941,45,-107.379,9.045403,CameraPosition,-103.1692,1.786556,-107.5024,CameraRotation,346.3479,261.9048,0.08417971,CurrentState,MoveToInitial,Slider,51,Scenario,3
ID,26,Time,923.3898,DronePosition,-346.8707,45,-107.379,9.1131,CameraPosition,-103.1696,1.786233,-107.5019,CameraRotation,346.6019,261.9017,359.8368,CurrentState,MoveToInitial,Slider,51,Scenario,3
ID,26,Time,923.4037,DronePosition,-346.7421,45,-107.379,9.183105,CameraPosition,-103.1702,1.785714,-107.5013,CameraRotation,346.9792,261.8915,359.6032,CurrentState,MoveToInitial,Slider,51,Scenario,3
ID,26,Time,923.4176,DronePosition,-346.6143,45,-107.379,9.252211,CameraPosition,-103.1707,1.785256,-107.5006,CameraRotation,347.2367,261.8629,359.4343,CurrentState,MoveToInitial,Slider,51,Scenario,3
ID,26,Time,923.4316,DronePosition,-346.4834,45,-107.379,9.322381,CameraPosition,-103.1713,1.784906,-107.4999,CameraRotation,347.5175,261.8496,359.2573,CurrentState,MoveToInitial,Slider,51,Scenario,3
ID,26,Time,923.4457,DronePosition,-346.3516,45,-107.379,9.392586,CameraPosition,-103.1721,1.784604,-107.4992,CameraRotation,347.7639,261.8596,359.0511,CurrentState,MoveToInitial,Slider,51,Scenario,3
ID,26,Time,923.4594,DronePosition,-346.2214,45,-107.379,9.461375,CameraPosition,-103.1729,1.784322,-107.4984,CameraRotation,348.0479,261.9326,358.8221,CurrentState,MoveToInitial,Slider,51,Scenario,3
ID,26,Time,923.4734,DronePosition,-346.0884,45,-107.379,9.531143,CameraPosition,-103.1738,1.783957,-107.4976,CameraRotation,348.3977,262.0663,358.5531,CurrentState,MoveToInitial,Slider,51,Scenario,3
ID,26,Time,923.4874,DronePosition,-345.9543,45,-107.379,9.600974,CameraPosition,-103.1748,1.783581,-107.4968,CameraRotation,348.6342,262.1699,358.2936,CurrentState,MoveToInitial,Slider,51,Scenario,3
ID,26,Time,923.5012,DronePosition,-345.8206,45,-107.379,9.670134,CameraPosition,-103.1757,1.783295,-107.4961,CameraRotation,348.8714,262.269,358.046,CurrentState,MoveToInitial,Slider,51,Scenario,3
ID,26,Time,923.5151,DronePosition,-345.6846,45,-107.379,9.739933,CameraPosition,-103.1765,1.783039,-107.4954,CameraRotation,349.0579,262.4254,357.8563,CurrentState,MoveToInitial,Slider,51,Scenario,3
ID,26,Time,923.5291,DronePosition,-345.5479,45,-107.379,9.809621,CameraPosition,-103.1772,1.782724,-107.4947,CameraRotation,349.2477,262.6578,357.6883,CurrentState,MoveToInitial,Slider,51,Scenario,3
ID,26,Time,923.543,DronePosition,-345.4102,45,-107.379,9.879316,CameraPosition,-103.178,1.782478,-107.494,CameraRotation,349.511,262.9482,357.5091,CurrentState,MoveToInitial,Slider,51,Scenario,3
ID,26,Time,923.557,DronePosition,-345.2708,45,-107.379,9.949355,CameraPosition,-103.1786,1.782404,-107.4932,CameraRotation,349.673,263.2991,357.3409,CurrentState,MoveToInitial,Slider,51,Scenario,3
ID,26,Time,923.5709,DronePosition,-345.1316,45,-107.379,10.01883,CameraPosition,-103.179,1.78265,-107.4925,CameraRotation,349.609,263.6638,357.1718,CurrentState,MoveToInitial,Slider,51,Scenario,3
ID,26,Time,923.5853,DronePosition,-344.987,45,-107.379,10.09047,CameraPosition,-103.1794,1.78298,-107.4918,CameraRotation,349.4516,264.0063,357.0238,CurrentState,MoveToInitial,Slider,51,Scenario,3
ID,26,Time,923.5989,DronePosition,-344.8487,45,-107.379,10.15856,CameraPosition,-103.1796,1.783521,-107.4911,CameraRotation,349.1469,264.3574,356.8902,CurrentState,MoveToInitial,Slider,51,Scenario,3
ID,26,Time,923.6127,DronePosition,-344.7073,45,-107.379,10.22766,CameraPosition,-103.1799,1.784019,-107.4904,CameraRotation,348.8967,264.6833,356.762,CurrentState,MoveToInitial,Slider,51,Scenario,3
ID,26,Time,923.6271,DronePosition,-344.5592,45,-107.379,10.29957,CameraPosition,-103.1801,1.784396,-107.4896,CameraRotation,348.7384,265.0237,356.6591,CurrentState,MoveToInitial,Slider,51,Scenario,3
ID,26,Time,923.6409,DronePosition,-344.4157,45,-107.379,10.36878,CameraPosition,-103.1804,1.78475,-107.4889,CameraRotation,348.5178,265.3803,356.5839,CurrentState,MoveToInitial,Slider,51,Scenario,3
ID,26,Time,923.6545,DronePosition,-344.2737,45,-107.379,10.4368,CameraPosition,-103.1805,1.785152,-107.4883,CameraRotation,348.1682,265.7159,356.578,CurrentState,MoveToInitial,Slider,51,Scenario,3
ID,26,Time,923.6685,DronePosition,-344.1273,45,-107.379,10.50649,CameraPosition,-103.1805,1.785485,-107.4877,CameraRotation,347.8251,265.995,356.5771,CurrentState,MoveToInitial,Slider,51,Scenario,3
ID,26,Time,923.6822,DronePosition,-343.9821,45,-107.379,10.5751,CameraPosition,-103.1803,1.785578,-107.4873,CameraRotation,347.616,266.2234,356.57,CurrentState,MoveToInitial,Slider,51,Scenario,3
ID,26,Time,923.6963,DronePosition,-343.8316,45,-107.379,10.64579,CameraPosition,-103.1802,1.78544,-107.4869,CameraRotation,347.6043,266.4376,356.4863,CurrentState,MoveToInitial,Slider,51,Scenario,3
ID,26,Time,923.711,DronePosition,-343.6742,45,-107.379,10.71921,CameraPosition,-103.1801,1.785271,-107.4865,CameraRotation,347.6413,266.6425,356.3929,CurrentState,MoveToInitial,Slider,51,Scenario,3
ID,26,Time,923.7242,DronePosition,-343.5312,45,-107.379,10.78553,CameraPosition,-103.1799,1.785056,-107.4862,CameraRotation,347.6382,266.824,356.3254,CurrentState,MoveToInitial,Slider,51,Scenario,3
ID,26,Time,923.7379,DronePosition,-343.3831,45,-107.379,10.85375,CameraPosition,-103.1797,1.784977,-107.4858,CameraRotation,347.5448,266.9882,356.2795,CurrentState,MoveToInitial,Slider,51,Scenario,3
ID,26,Time,923.752,DronePosition,-343.2292,45,-107.379,10.92415,CameraPosition,-103.1795,1.785005,-107.4856,CameraRotation,347.408,267.1636,356.2361,CurrentState,MoveToInitial,Slider,51,Scenario,3
ID,26,Time,923.766,DronePosition,-343.0754,45,-107.379,10.99409,CameraPosition,-103.1793,1.785059,-107.4854,CameraRotation,347.2468,267.2849,356.233,CurrentState,MoveToInitial,Slider,51,Scenario,3
ID,26,Time,923.7801,DronePosition,-342.919,45,-107.379,11.06479,CameraPosition,-103.1791,1.785026,-107.4852,CameraRotation,347.0879,267.3541,356.2519,CurrentState,MoveToInitial,Slider,51,Scenario,3
ID,26,Time,923.7944,DronePosition,-342.7604,45,-107.379,11.1,CameraPosition,-103.179,1.78494,-107.4851,CameraRotation,346.9869,267.394,356.3,CurrentState,MoveToInitial,Slider,51,Scenario,3
ID,26,Time,923.8077,DronePosition,-342.6126,45,-107.379,11.1,CameraPosition,-103.1789,1.784887,-107.4849,CameraRotation,346.9424,267.3959,356.4137,CurrentState,MoveToInitial,Slider,51,Scenario,3
ID,26,Time,923.8217,DronePosition,-342.4572,45,-107.379,11.1,CameraPosition,-103.1788,1.784965,-107.4848,CameraRotation,346.8424,267.4212,356.5103,CurrentState,MoveToInitial,Slider,51,Scenario,3
ID,26,Time,923.8356,DronePosition,-342.3027,45,-107.379,11.1,CameraPosition,-103.1788,1.78512,-107.4846,CameraRotation,346.6777,267.4675,356.5599,CurrentState,MoveToInitial,Slider,51,Scenario,3
ID,26,Time,923.8494,DronePosition,-342.1505,45,-107.379,11.1,CameraPosition,-103.1788,1.785317,-107.4844,CameraRotation,346.4731,267.499,356.611,CurrentState,MoveToInitial,Slider,51,Scenario,3
ID,26,Time,923.8633,DronePosition,-341.9959,45,-107.379,11.1,CameraPosition,-103.1789,1.785499,-107.4841,CameraRotation,346.306,267.4748,356.6905,CurrentState,MoveToInitial,Slider,51,Scenario,3
ID,26,Time,923.8771,DronePosition,-341.8417,45,-107.379,11.1,CameraPosition,-103.179,1.785596,-107.4839,CameraRotation,346.1673,267.3752,356.8151,CurrentState,MoveToInitial,Slider,51,Scenario,3
ID,26,Time,923.8914,DronePosition,-341.684,45,-107.379,11.1,CameraPosition,-103.1791,1.785558,-107.4837,CameraRotation,346.0887,267.2471,356.9319,CurrentState,MoveToInitial,Slider,51,Scenario,3
ID,26,Time,923.9049,DronePosition,-341.5336,45,-107.379,11.1,CameraPosition,-103.1792,1.785476,-107.4835,CameraRotation,346.1482,267.123,357.0302,CurrentState,MoveToInitial,Slider,51,Scenario,3
ID,26,Time,923.9191,DronePosition,-341.3764,45,-107.379,11.1,CameraPosition,-103.1793,1.78544,-107.4832,CameraRotation,346.243,267.0074,357.1407,CurrentState,MoveToInitial,Slider,51,Scenario,3
ID,26,Time,923.933,DronePosition,-341.221,45,-107.379,11.1,CameraPosition,-103.1795,1.78544,-107.4829,CameraRotation,346.2998,266.8675,357.2352,CurrentState,MoveToInitial,Slider,51,Scenario,3
ID,26,Time,923.947,DronePosition,-341.0669,45,-107.379,11.1,CameraPosition,-103.1797,1.785472,-107.4825,CameraRotation,346.2871,266.7285,357.2991,CurrentState,MoveToInitial,Slider,51,Scenario,3
ID,26,Time,923.9608,DronePosition,-340.913,45,-107.379,11.1,CameraPosition,-103.1799,1.785493,-107.4821,CameraRotation,346.2959,266.5918,357.3215,CurrentState,MoveToInitial,Slider,51,Scenario,3
ID,26,Time,923.9747,DronePosition,-340.7594,45,-107.379,11.1,CameraPosition,-103.18,1.785418,-107.4817,CameraRotation,346.3447,266.509,357.2796,CurrentState,MoveToInitial,Slider,51,Scenario,3
ID,26,Time,923.9886,DronePosition,-340.6049,45,-107.379,11.1,CameraPosition,-103.1801,1.785287,-107.4813,CameraRotation,346.4255,266.4828,357.187,CurrentState,MoveToInitial,Slider,51,Scenario,3
ID,26,Time,924.0029,DronePosition,-340.4454,45,-107.379,11.1,CameraPosition,-103.1801,1.785105,-107.4808,CameraRotation,346.5247,266.5243,357.0519,CurrentState,MoveToInitial,Slider,51,Scenario,3
ID,26,Time,924.0165,DronePosition,-340.2945,45,-107.379,11.1,CameraPosition,-103.1801,1.784965,-107.4803,CameraRotation,346.5877,266.566,356.9428,CurrentState,MoveToInitial,Slider,51,Scenario,3
ID,26,Time,924.0303,DronePosition,-340.1412,45,-107.379,11.1,CameraPosition,-103.1802,1.78488,-107.4798,CameraRotation,346.6074,266.5891,356.8611,CurrentState,MoveToInitial,Slider,51,Scenario,3
ID,26,Time,924.0443,DronePosition,-339.9859,45,-107.379,11.1,CameraPosition,-103.1801,1.784803,-107.4793,CameraRotation,346.5756,266.6049,356.7673,CurrentState,MoveToInitial,Slider,51,Scenario,3
ID,26,Time,924.0583,DronePosition,-339.8311,45,-107.379,11.1,CameraPosition,-103.1799,1.784685,-107.4789,CameraRotation,346.5415,266.6333,356.6732,CurrentState,MoveToInitial,Slider,51,Scenario,3
ID,26,Time,924.0721,DronePosition,-339.678,45,-107.379,11.1,CameraPosition,-103.1798,1.784548,-107.4784,CameraRotation,346.5012,266.6851,356.5763,CurrentState,MoveToInitial,Slider,51,Scenario,3
ID,26,Time,924.0861,DronePosition,-339.5228,45,-107.379,11.1,CameraPosition,-103.1796,1.784401,-107.4779,CameraRotation,346.4276,266.8078,356.4879,CurrentState,MoveToInitial,Slider,51,Scenario,3
ID,26,Time,924.1001,DronePosition,-339.3671,45,-107.379,11.1,CameraPosition,-103.1795,1.784252,-107.4774,CameraRotation,346.3491,266.9445,356.4241,CurrentState,MoveToInitial,Slider,51,Scenario,3
ID,26,Time,924.114,DronePosition,-339.2126,45,-107.379,11.1,CameraPosition,-103.1793,1.78418,-107.4769,CameraRotation,346.3051,267.0739,356.3719,CurrentState,MoveToInitial,Slider,51,Scenario,3
ID,26,Time,924.1279,DronePosition,-339.0582,45,-107.379,11.1,CameraPosition,-103.1791,1.784222,-107.4763,CameraRotation,346.2007,267.2095,356.3186,CurrentState,MoveToInitial,Slider,51,Scenario,3
ID,26,Time,924.1418,DronePosition,-338.9037,45,-107.379,11.1,CameraPosition,-103.1789,1.784414,-107.4758,CameraRotation,346.0533,267.3705,356.2605,CurrentState,MoveToInitial,Slider,51,Scenario,3
ID,26,Time,924.1556,DronePosition,-338.7508,45,-107.379,11.1,CameraPosition,-103.1787,1.784719,-107.4752,CameraRotation,345.8633,267.5436,356.2109,CurrentState,MoveToInitial,Slider,51,Scenario,3
ID,26,Time,924.1695,DronePosition,-338.5967,45,-107.379,11.1,CameraPosition,-103.1787,1.785124,-107.4746,CameraRotation,345.639,267.7501,356.1349,CurrentState,MoveToInitial,Slider,51,Scenario,3
ID,26,Time,924.1836,DronePosition,-338.4404,45,-107.379,11.1,CameraPosition,-103.1787,1.785512,-107.474,CameraRotation,345.418,267.9745,356.0327,CurrentState,MoveToInitial,Slider,51,Scenario,3
ID,26,Time,924.1976,DronePosition,-338.2848,45,-107.379,11.1,CameraPosition,-103.1787,1.785801,-107.4735,CameraRotation,345.2398,268.1767,355.9326,CurrentState,MoveToInitial,Slider,51,Scenario,3
ID,26,Time,924.2118,DronePosition,-338.127,45,-107.379,11.1,CameraPosition,-103.1788,1.785979,-107.473,CameraRotation,345.0824,268.3604,355.8521,CurrentState,MoveToInitial,Slider,51,Scenario,3
ID,26,Time,924.2254,DronePosition,-337.976,45,-107.379,11.1,CameraPosition,-103.1788,1.786085,-107.4725,CameraRotation,344.9582,268.5302,355.774,CurrentState,MoveToInitial,Slider,51,Scenario,3
ID,26,Time,924.2393,DronePosition,-337.8226,45,-107.379,11.1,CameraPosition,-103.1789,1.786181,-107.472,CameraRotation,344.8625,268.6862,355.6694,CurrentState,MoveToInitial,Slider,51,Scenario,3
ID,26,Time,924.2531,DronePosition,-337.6687,45,-107.379,11.1,CameraPosition,-103.1792,1.786258,-107.4715,CameraRotation,344.7993,268.8647,355.5452,CurrentState,MoveToInitial,Slider,51,Scenario,3
ID,26,Time,924.2671,DronePosition,-337.5135,45,-107.379,11.1,CameraPosition,-103.1794,1.786297,-107.4711,CameraRotation,344.7329,269.0463,355.408,CurrentState,MoveToInitial,Slider,51,Scenario,3
ID,26,Time,924.2809,DronePosition,-337.3593,45,-107.379,11.1,CameraPosition,-103.1797,1.786351,-107.4707,CameraRotation,344.6583,269.2538,355.2812,CurrentState,MoveToInitial,Slider,51,Scenario,3
ID,26,Time,924.295,DronePosition,-337.2038,45,-107.379,11.1,CameraPosition,-103.18,1.786422,-107.4703,CameraRotation,344.566,269.4681,355.1874,CurrentState,MoveToInitial,Slider,51,Scenario,3
ID,26,Time,924.3089,DronePosition,-337.0494,45,-107.379,11.1,CameraPosition,-103.1801,1.786649,-107.47,CameraRotation,344.3976,269.7071,355.1427,CurrentState,MoveToInitial,Slider,51,Scenario,3
ID,26,Time,924.3227,DronePosition,-336.8962,45,-107.379,11.1,CameraPosition,-103.1803,1.786995,-107.4697,CameraRotation,344.1148,269.9676,355.0707,CurrentState,MoveToInitial,Slider,51,Scenario,3
ID,26,Time,924.3367,DronePosition,-336.7408,45,-107.379,11.1,CameraPosition,-103.1805,1.787449,-107.4694,CameraRotation,343.8192,270.2226,354.9955,CurrentState,MoveToInitial,Slider,51,Scenario,3
ID,26,Time,924.3506,DronePosition,-336.5865,45,-107.379,11.1,CameraPosition,-103.1807,1.7879,-107.4693,CameraRotation,343.6153,270.4512,354.9165,CurrentState,MoveToInitial,Slider,51,Scenario,3
ID,26,Time,924.3647,DronePosition,-336.4298,45,-107.379,11.1,CameraPosition,-103.1808,1.788257,-107.4692,CameraRotation,343.369,270.6377,354.8696,CurrentState,MoveToInitial,Slider,51,Scenario,3
ID,26,Time,924.3785,DronePosition,-336.2763,45,-107.379,11.1,CameraPosition,-103.1808,1.788474,-107.4693,CameraRotation,343.178,270.8,354.8627,CurrentState,MoveToInitial,Slider,51,Scenario,3
ID,26,Time,924.3926,DronePosition,-336.1207,45,-107.379,11.1,CameraPosition,-103.1808,1.788351,-107.4694,CameraRotation,343.1953,270.9662,354.8582,CurrentState,MoveToInitial,Slider,51,Scenario,3
ID,26,Time,924.4062,DronePosition,-335.9691,45,-107.379,11.1,CameraPosition,-103.1808,1.788081,-107.4696,CameraRotation,343.4111,271.1321,354.8077,CurrentState,MoveToInitial,Slider,51,Scenario,3
ID,26,Time,924.4206,DronePosition,-335.8093,45,-107.379,11.1,CameraPosition,-103.1807,1.787667,-107.4698,CameraRotation,343.6791,271.2116,354.7848,CurrentState,MoveToInitial,Slider,51,Scenario,3
ID,26,Time,924.4342,DronePosition,-335.6586,45,-107.379,11.1,CameraPosition,-103.1807,1.787352,-107.4701,CameraRotation,343.86,271.2911,354.8439,CurrentState,MoveToInitial,Slider,51,Scenario,3
ID,26,Time,924.4481,DronePosition,-335.5049,45,-107.379,11.1,CameraPosition,-103.1807,1.787218,-107.4704,CameraRotation,343.945,271.3584,354.8879,CurrentState,MoveToInitial,Slider,51,Scenario,3
ID,26,Time,924.462,DronePosition,-335.3495,45,-107.379,11.1,CameraPosition,-103.1805,1.787149,-107.4708,CameraRotation,343.9698,271.3945,354.9454,CurrentState,MoveToInitial,Slider,51,Scenario,3
ID,26,Time,924.476,DronePosition,-335.195,45,-107.379,11.1,CameraPosition,-103.1804,1.78717,-107.471,CameraRotation,343.9869,271.4508,355.0454,CurrentState,MoveToInitial,Slider,51,Scenario,3
ID,26,Time,924.4897,DronePosition,-335.0419,45,-107.379,11.1,CameraPosition,-103.1804,1.787221,-107.4713,CameraRotation,343.987,271.5488,355.1082,CurrentState,MoveToInitial,Slider,51,Scenario,3
ID,26,Time,924.5038,DronePosition,-334.8853,45,-107.379,11.1,CameraPosition,-103.1804,1.787327,-107.4716,CameraRotation,343.9514,271.6346,355.101,CurrentState,MoveToInitial,Slider,51,Scenario,3
ID,26,Time,924.5176,DronePosition,-334.7327,45,-107.379,11.1,CameraPosition,-103.1805,1.787453,-107.4719,CameraRotation,343.8886,271.7184,355.1001,CurrentState,MoveToInitial,Slider,51,Scenario,3
ID,26,Time,924.5317,DronePosition,-334.5766,45,-107.379,11.1,CameraPosition,-103.1805,1.787589,-107.4721,CameraRotation,343.7791,271.8801,355.1329,CurrentState,MoveToInitial,Slider,51,Scenario,3
ID,26,Time,924.5456,DronePosition,-334.422,45,-107.379,11.1,CameraPosition,-103.1804,1.787759,-107.4721,CameraRotation,343.6433,272.083,355.209,CurrentState,MoveToInitial,Slider,51,Scenario,3
ID,26,Time,924.5594,DronePosition,-334.2684,45,-107.379,11.1,CameraPosition,-103.1805,1.787922,-107.4721,CameraRotation,343.504,272.3011,355.2966,CurrentState,MoveToInitial,Slider,51,Scenario,3
ID,26,Time,924.5734,DronePosition,-334.1129,45,-107.379,11.1,CameraPosition,-103.1805,1.788061,-107.4722,CameraRotation,343.4113,272.4764,355.3582,CurrentState,MoveToInitial,Slider,51,Scenario,3
ID,26,Time,924.5874,DronePosition,-333.9582,45,-107.379,11.1,CameraPosition,-103.1806,1.788137,-107.4722,CameraRotation,343.3907,272.5931,355.3711,CurrentState,MoveToInitial,Slider,51,Scenario,3
ID,26,Time,924.6014,DronePosition,-333.8023,45,-107.379,11.1,CameraPosition,-103.1807,1.788125,-107.4723,CameraRotation,343.3993,272.6826,355.366,CurrentState,MoveToInitial,Slider,51,Scenario,3
ID,26,Time,924.6157,DronePosition,-333.6437,45,-107.379,11.1,CameraPosition,-103.1807,1.788002,-107.4723,CameraRotation,343.443,272.7538,355.3134,CurrentState,MoveToInitial,Slider,51,Scenario,3
ID,26,Time,924.6298,DronePosition,-333.4869,45,-107.379,11.1,CameraPosition,-103.1807,1.787828,-107.4723,CameraRotation,343.5028,272.7968,355.2586,CurrentState,MoveToInitial,Slider,51,Scenario,3
ID,26,Time,924.6433,DronePosition,-333.3372,45,-107.379,11.1,CameraPosition,-103.1807,1.787625,-107.4724,CameraRotation,343.6161,272.8277,355.2147,CurrentState,MoveToInitial,Slider,51,Scenario,3
ID,26,Time,924.657,DronePosition,-333.1847,45,-107.379,11.1,CameraPosition,-103.1807,1.787374,-107.4726,CameraRotation,343.7446,272.8055,355.2106,CurrentState,MoveToInitial,Slider,51,Scenario,3
ID,26,Time,924.6711,DronePosition,-333.0293,45,-107.379,11.1,CameraPosition,-103.1807,1.787076,-107.4727,CameraRotation,343.8927,272.7468,355.2362,CurrentState,MoveToInitial,Slider,51,Scenario,3
ID,26,Time,924.6849,DronePosition,-332.8759,45,-107.379,11.1,CameraPosition,-103.1807,1.786817,-107.473,CameraRotation,344.023,272.6832,355.2313,CurrentState,MoveToInitial,Slider,51,Scenario,3
ID,26,Time,924.6989,DronePosition,-332.72,45,-107.379,11.1,CameraPosition,-103.1807,1.786589,-107.4733,CameraRotation,344.161,272.5429,355.2289,CurrentState,MoveToInitial,Slider,51,Scenario,3
ID,26,Time,924.7126,DronePosition,-332.5676,45,-107.379,11.1,CameraPosition,-103.1806,1.786487,-107.4736,CameraRotation,344.2321,272.3359,355.2804,CurrentState,MoveToInitial,Slider,51,Scenario,3
ID,26,Time,924.7266,DronePosition,-332.4128,45,-107.379,11.1,CameraPosition,-103.1806,1.786513,-107.474,CameraRotation,344.2421,272.0566,355.4258,CurrentState,MoveToInitial,Slider,51,Scenario,3
ID,26,Time,924.7407,DronePosition,-332.2569,45,-107.379,11.1,CameraPosition,-103.1806,1.786547,-107.4746,CameraRotation,344.2087,271.6248,355.6142,CurrentState,MoveToInitial,Slider,51,Scenario,3
ID,26,Time,924.7545,DronePosition,-332.1028,45,-107.379,11.1,CameraPosition,-103.1806,1.786602,-107.4755,CameraRotation,344.2194,271.048,355.7213,CurrentState,MoveToInitial,Slider,51,Scenario,3
ID,26,Time,924.7684,DronePosition,-331.949,45,-107.379,11.1,CameraPosition,-103.1805,1.786661,-107.4764,CameraRotation,344.1888,270.3969,355.78,CurrentState,MoveToInitial,Slider,51,Scenario,3
ID,26,Time,924.7826,DronePosition,-331.7914,45,-107.379,11.1,CameraPosition,-103.1802,1.786725,-107.4774,CameraRotation,344.2212,269.7405,355.8456,CurrentState,MoveToInitial,Slider,51,Scenario,3
ID,26,Time,924.7962,DronePosition,-331.6403,45,-107.379,11.1,CameraPosition,-103.1801,1.786871,-107.4784,CameraRotation,344.2623,269.1485,355.9523,CurrentState,MoveToInitial,Slider,51,Scenario,3
ID,26,Time,924.8101,DronePosition,-331.4867,45,-107.379,11.1,CameraPosition,-103.18,1.787181,-107.4792,CameraRotation,344.2021,268.6584,356.2044,CurrentState,MoveToInitial,Slider,51,Scenario,3
ID,26,Time,924.8241,DronePosition,-331.3307,45,-107.379,11.1,CameraPosition,-103.1799,1.787633,-107.4799,CameraRotation,343.9564,268.2861,356.5243,CurrentState,MoveToInitial,Slider,51,Scenario,3
ID,26,Time,924.8384,DronePosition,-331.1719,45,-107.379,11.1,CameraPosition,-103.18,1.787991,-107.4807,CameraRotation,343.7082,267.9259,356.7516,CurrentState,MoveToInitial,Slider,51,Scenario,3
ID,26,Time,924.8521,DronePosition,-331.0206,45,-107.379,11.1,CameraPosition,-103.18,1.788067,-107.4816,CameraRotation,343.6275,267.4796,356.9491,CurrentState,MoveToInitial,Slider,51,Scenario,3
ID,26,Time,924.866,DronePosition,-330.8662,45,-107.379,11.1,CameraPosition,-103.18,1.787859,-107.4826,CameraRotation,343.7423,266.856,357.1858,CurrentState,MoveToInitial,Slider,51,Scenario,3
ID,26,Time,924.8798,DronePosition,-330.713,45,-107.379,11.1,CameraPosition,-103.18,1.787462,-107.4838,CameraRotation,344.0084,266.0914,357.4572,CurrentState,MoveToInitial,Slider,51,Scenario,3
ID,26,Time,924.8936,DronePosition,-330.5589,45,-107.379,11.1,CameraPosition,-103.1801,1.787042,-107.4849,CameraRotation,344.273,265.3575,357.6484,CurrentState,MoveToInitial,Slider,51,Scenario,3
ID,26,Time,924.9075,DronePosition,-330.4053,45,-107.379,11.1,CameraPosition,-103.1803,1.786645,-107.4858,CameraRotation,344.552,264.7468,357.7187,CurrentState,MoveToInitial,Slider,51,Scenario,3
ID,26,Time,924.9214,DronePosition,-330.2497,45,-107.379,11.1,CameraPosition,-103.1804,1.786379,-107.4867,CameraRotation,344.8115,264.2972,357.665,CurrentState,MoveToInitial,Slider,51,Scenario,3
ID,26,Time,924.9353,DronePosition,-330.0966,45,-107.379,11.1,CameraPosition,-103.1806,1.786239,-107.4874,CameraRotation,345.0506,263.9671,357.6494,CurrentState,MoveToInitial,Slider,51,Scenario,3
ID,26,Time,924.9495,DronePosition,-329.9392,45,-107.379,11.1,CameraPosition,-103.1808,1.786229,-107.488,CameraRotation,345.2604,263.6967,357.7231,CurrentState,MoveToInitial,Slider,51,Scenario,3
ID,26,Time,924.9633,DronePosition,-329.7859,45,-107.379,11.1,CameraPosition,-103.1811,1.78627,-107.4886,CameraRotation,345.3386,263.4482,357.8537,CurrentState,MoveToInitial,Slider,51,Scenario,3
ID,26,Time,924.9772,DronePosition,-329.6318,45,-107.379,11.1,CameraPosition,-103.1814,1.786237,-107.4892,CameraRotation,345.3815,263.2105,357.9382,CurrentState,MoveToInitial,Slider,51,Scenario,3
ID,26,Time,924.991,DronePosition,-329.4781,45,-107.379,11.1,CameraPosition,-103.1816,1.786093,-107.4897,CameraRotation,345.5795,263.0101,358.005,CurrentState,MoveToInitial,Slider,51,Scenario,3
ID,26,Time,925.0048,DronePosition,-329.325,45,-107.379,11.1,CameraPosition,-103.1818,1.785795,-107.4902,CameraRotation,345.8452,262.909,358.0535,CurrentState,MoveToInitial,Slider,51,Scenario,3
ID,26,Time,925.0188,DronePosition,-329.1692,45,-107.379,11.1,CameraPosition,-103.1819,1.785495,-107.4906,CameraRotation,346.1133,262.8085,358.0833,CurrentState,MoveToInitial,Slider,51,Scenario,3
ID,26,Time,925.0327,DronePosition,-329.0152,45,-107.379,11.1,CameraPosition,-103.1819,1.785177,-107.4911,CameraRotation,346.3492,262.7208,358.1077,CurrentState,MoveToInitial,Slider,51,Scenario,3
ID,26,Time,925.0474,DronePosition,-328.852,45,-107.379,11.1,CameraPosition,-103.1819,1.784886,-107.4916,CameraRotation,346.5624,262.6096,358.161,CurrentState,MoveToInitial,Slider,51,Scenario,3
ID,26,Time,925.0607,DronePosition,-328.7043,45,-107.379,11.1,CameraPosition,-103.1819,1.784618,-107.492,CameraRotation,346.7726,262.4813,358.2273,CurrentState,MoveToInitial,Slider,51,Scenario,3
ID,26,Time,925.0745,DronePosition,-328.5513,45,-107.379,11.1,CameraPosition,-103.182,1.784437,-107.4924,CameraRotation,346.9735,262.3852,358.3125,CurrentState,MoveToInitial,Slider,51,Scenario,3
ID,26,Time,925.0884,DronePosition,-328.3972,45,-107.379,11.1,CameraPosition,-103.182,1.784487,-107.4928,CameraRotation,347.0882,262.2698,358.3841,CurrentState,MoveToInitial,Slider,51,Scenario,3
ID,26,Time,925.1024,DronePosition,-328.2413,45,-107.379,11.1,CameraPosition,-103.182,1.784734,-107.4932,CameraRotation,347.025,262.1278,358.4362,CurrentState,MoveToInitial,Slider,51,Scenario,3
ID,26,Time,925.1163,DronePosition,-328.0876,45,-107.379,11.1,CameraPosition,-103.1819,1.785198,-107.4938,CameraRotation,346.8154,261.9742,358.4065,CurrentState,MoveToInitial,Slider,51,Scenario,3
ID,26,Time,925.1302,DronePosition,-327.9331,45,-107.379,11.1,CameraPosition,-103.1819,1.785714,-107.4943,CameraRotation,346.6886,261.778,358.4079,CurrentState,MoveToInitial,Slider,51,Scenario,3
ID,26,Time,925.1442,DronePosition,-327.7779,45,-107.379,11.1,CameraPosition,-103.182,1.786541,-107.4949,CameraRotation,346.5098,261.4795,358.5519,CurrentState,MoveToInitial,Slider,51,Scenario,3
ID,26,Time,925.158,DronePosition,-327.6245,45,-107.379,11.1,CameraPosition,-103.1822,1.787685,-107.4956,CameraRotation,346.1144,261.0202,358.7608,CurrentState,MoveToInitial,Slider,51,Scenario,3
ID,26,Time,925.1718,DronePosition,-327.4715,45,-107.379,11.1,CameraPosition,-103.1822,1.788932,-107.4963,CameraRotation,345.5131,260.4844,358.9541,CurrentState,MoveToInitial,Slider,51,Scenario,3
ID,26,Time,925.1858,DronePosition,-327.3162,45,-107.379,11.1,CameraPosition,-103.1823,1.790107,-107.4972,CameraRotation,344.8662,259.836,358.975,CurrentState,MoveToInitial,Slider,51,Scenario,3
ID,26,Time,925.2,DronePosition,-327.1588,45,-107.379,11.1,CameraPosition,-103.1824,1.790827,-107.4984,CameraRotation,344.5493,259.1315,358.7457,CurrentState,MoveToInitial,Slider,51,Scenario,3
ID,26,Time,925.2137,DronePosition,-327.0055,45,-107.379,11.1,CameraPosition,-103.1824,1.791164,-107.4995,CameraRotation,344.475,258.3941,358.4857,CurrentState,MoveToInitial,Slider,51,Scenario,3
ID,26,Time,925.2277,DronePosition,-326.8506,45,-107.379,11.1,CameraPosition,-103.1825,1.791035,-107.5004,CameraRotation,344.6248,257.8372,358.4234,CurrentState,MoveToInitial,Slider,51,Scenario,3
ID,26,Time,925.2417,DronePosition,-326.6953,45,-107.379,11.1,CameraPosition,-103.1825,1.79083,-107.5011,CameraRotation,344.7863,257.5509,358.583,CurrentState,MoveToInitial,Slider,51,Scenario,3
ID,26,Time,925.2557,DronePosition,-326.5403,45,-107.379,11.1,CameraPosition,-103.1826,1.790687,-107.5016,CameraRotation,344.8869,257.4029,358.8008,CurrentState,MoveToInitial,Slider,51,Scenario,3
ID,26,Time,925.2692,DronePosition,-326.3895,45,-107.379,11.1,CameraPosition,-103.1826,1.790466,-107.5019,CameraRotation,345.012,257.3799,359.037,CurrentState,MoveToInitial,Slider,51,Scenario,3
ID,26,Time,925.2833,DronePosition,-326.2343,45,-107.379,11.1,CameraPosition,-103.1825,1.790307,-107.5022,CameraRotation,345.2522,257.4674,359.2274,CurrentState,MoveToInitial,Slider,51,Scenario,3
ID,26,Time,925.2971,DronePosition,-326.0804,45,-107.379,11.1,CameraPosition,-103.1825,1.790218,-107.5024,CameraRotation,345.339,257.5661,359.3504,CurrentState,MoveToInitial,Slider,51,Scenario,3
ID,26,Time,925.311,DronePosition,-325.9254,45,-107.379,11.1,CameraPosition,-103.1825,1.790244,-107.5025,CameraRotation,345.3412,257.7482,359.4635,CurrentState,MoveToInitial,Slider,51,Scenario,3
ID,26,Time,925.3253,DronePosition,-325.7679,45,-107.379,11.1,CameraPosition,-103.1824,1.790361,-107.5025,CameraRotation,345.2997,257.9608,359.5981,CurrentState,MoveToInitial,Slider,51,Scenario,3
ID,26,Time,925.3388,DronePosition,-325.6176,45,-107.379,11.1,CameraPosition,-103.1822,1.790432,-107.5025,CameraRotation,345.2447,258.128,359.687,CurrentState,MoveToInitial,Slider,51,Scenario,3
ID,26,Time,925.3528,DronePosition,-325.4612,45,-107.379,11.1,CameraPosition,-103.182,1.79046,-107.5025,CameraRotation,345.2076,258.2264,359.7776,CurrentState,MoveToInitial,Slider,51,Scenario,3
ID,26,Time,925.3666,DronePosition,-325.3083,45,-107.379,11.1,CameraPosition,-103.1816,1.790416,-107.5024,CameraRotation,345.2137,258.2755,359.8811,CurrentState,MoveToInitial,Slider,51,Scenario,3
ID,26,Time,925.3813,DronePosition,-325.145,45,-107.379,11.1,CameraPosition,-103.1813,1.790381,-107.5023,CameraRotation,345.2311,258.3041,359.9604,CurrentState,MoveToInitial,Slider,51,Scenario,3
ID,26,Time,925.3947,DronePosition,-324.9973,45,-107.379,11.1,CameraPosition,-103.1809,1.79039,-107.5022,CameraRotation,345.2107,258.3225,359.9572,CurrentState,MoveToInitial,Slider,51,Scenario,3
ID,26,Time,925.4088,DronePosition,-324.8404,45,-107.379,11.1,CameraPosition,-103.1806,1.790506,-107.5019,CameraRotation,345.1419,258.3825,359.9391,CurrentState,MoveToInitial,Slider,51,Scenario,3
ID,26,Time,925.4223,DronePosition,-324.6905,45,-107.379,11.1,CameraPosition,-103.1802,1.790713,-107.5016,CameraRotation,344.996,258.5104,359.8807,CurrentState,MoveToInitial,Slider,51,Scenario,3
ID,26,Time,925.4363,DronePosition,-324.5354,45,-107.379,11.1,CameraPosition,-103.1798,1.790865,-107.5011,CameraRotation,344.8851,258.6585,359.8537,CurrentState,MoveToInitial,Slider,51,Scenario,3
ID,26,Time,925.4503,DronePosition,-324.3805,45,-107.379,11.1,CameraPosition,-103.1794,1.790938,-107.5007,CameraRotation,344.8567,258.8302,359.868,CurrentState,MoveToInitial,Slider,51,Scenario,3
ID,26,Time,925.4646,DronePosition,-324.2209,45,-107.379,11.1,CameraPosition,-103.1791,1.791042,-107.5001,CameraRotation,344.7924,259.0387,359.8502,CurrentState,MoveToInitial,Slider,51,Scenario,3
ID,26,Time,925.4783,DronePosition,-324.0685,45,-107.379,11.1,CameraPosition,-103.1787,1.791292,-107.4996,CameraRotation,344.6345,259.2819,359.831,CurrentState,MoveToInitial,Slider,51,Scenario,3
ID,26,Time,925.4922,DronePosition,-323.9139,45,-107.379,11.1,CameraPosition,-103.1783,1.791633,-107.499,CameraRotation,344.3683,259.5229,359.8197,CurrentState,MoveToInitial,Slider,51,Scenario,3
ID,26,Time,925.506,DronePosition,-323.7614,45,-107.379,11.1,CameraPosition,-103.178,1.792085,-107.4984,CameraRotation,344.022,259.8025,359.8026,CurrentState,MoveToInitial,Slider,51,Scenario,3
ID,26,Time,925.52,DronePosition,-323.6065,45,-107.379,11.1,CameraPosition,-103.1777,1.792611,-107.4977,CameraRotation,343.5932,260.1257,359.7204,CurrentState,MoveToInitial,Slider,51,Scenario,3
ID,26,Time,925.5338,DronePosition,-323.4525,45,-107.379,11.1,CameraPosition,-103.1774,1.793243,-107.4971,CameraRotation,343.1677,260.4694,359.6345,CurrentState,MoveToInitial,Slider,51,Scenario,3
ID,26,Time,925.5479,DronePosition,-323.2969,45,-107.379,11.1,CameraPosition,-103.177,1.794118,-107.4963,CameraRotation,342.625,260.8522,359.6455,CurrentState,MoveToInitial,Slider,51,Scenario,3
ID,26,Time,925.5616,DronePosition,-323.1436,45,-107.379,11.1,CameraPosition,-103.1765,1.795196,-107.4955,CameraRotation,341.8784,261.2874,359.7421,CurrentState,MoveToInitial,Slider,51,Scenario,3
ID,26,Time,925.5758,DronePosition,-322.9869,45,-107.379,11.1,CameraPosition,-103.1761,1.79642,-107.4947,CameraRotation,341.0037,261.7493,359.8948,CurrentState,MoveToInitial,Slider,51,Scenario,3
ID,26,Time,925.5897,DronePosition,-322.8329,45,-107.379,11.1,CameraPosition,-103.1756,1.797812,-107.4938,CameraRotation,340.1023,262.3404,0.06243714,CurrentState,MoveToInitial,Slider,51,Scenario,3
ID,26,Time,925.6035,DronePosition,-322.6792,45,-107.379,11.1,CameraPosition,-103.1751,1.799191,-107.4929,CameraRotation,339.1281,263.1003,0.1102676,CurrentState,MoveToInitial,Slider,51,Scenario,3
ID,26,Time,925.6172,DronePosition,-322.5265,45,-107.379,11.1,CameraPosition,-103.1744,1.800532,-107.4919,CameraRotation,338.1451,263.8969,0.117223,CurrentState,MoveToInitial,Slider,51,Scenario,3
ID,26,Time,925.6317,DronePosition,-322.3668,45,-107.379,11.1,CameraPosition,-103.1736,1.801932,-107.4908,CameraRotation,337.1294,264.6334,0.2615143,CurrentState,MoveToInitial,Slider,51,Scenario,3
ID,26,Time,925.6458,DronePosition,-322.2097,45,-107.379,11.1,CameraPosition,-103.1726,1.803164,-107.4898,CameraRotation,336.1075,265.1928,0.4556296,CurrentState,MoveToInitial,Slider,51,Scenario,3
ID,26,Time,925.6595,DronePosition,-322.058,45,-107.379,11.1,CameraPosition,-103.1716,1.804083,-107.489,CameraRotation,335.3677,265.543,0.458181,CurrentState,MoveToInitial,Slider,51,Scenario,3
ID,26,Time,925.6735,DronePosition,-321.9021,45,-107.379,11.1,CameraPosition,-103.1705,1.804644,-107.4884,CameraRotation,334.9993,265.6959,0.261955,CurrentState,MoveToInitial,Slider,51,Scenario,3
ID,26,Time,925.6873,DronePosition,-321.7494,45,-107.379,11.1,CameraPosition,-103.1696,1.804906,-107.4878,CameraRotation,334.7744,265.8135,359.985,CurrentState,MoveToInitial,Slider,51,Scenario,3
ID,26,Time,925.7014,DronePosition,-321.5929,45,-107.379,11.1,CameraPosition,-103.1688,1.804972,-107.4872,CameraRotation,334.6611,265.9416,359.6551,CurrentState,MoveToInitial,Slider,51,Scenario,3
ID,26,Time,925.7151,DronePosition,-321.4403,45,-107.379,11.1,CameraPosition,-103.1681,1.804803,-107.4867,CameraRotation,334.7055,266.0444,359.2739,CurrentState,MoveToInitial,Slider,51,Scenario,3
ID,26,Time,925.729,DronePosition,-321.2861,45,-107.379,11.1,CameraPosition,-103.1675,1.804658,-107.4861,CameraRotation,334.7148,266.1249,358.9782,CurrentState,MoveToInitial,Slider,51,Scenario,3
ID,26,Time,925.7431,DronePosition,-321.1296,45,-107.379,11.1,CameraPosition,-103.167,1.804528,-107.4857,CameraRotation,334.7091,266.1509,358.8115,CurrentState,MoveToInitial,Slider,51,Scenario,3
ID,26,Time,925.757,DronePosition,-320.9756,45,-107.379,11.1,CameraPosition,-103.1666,1.804446,-107.4853,CameraRotation,334.7169,266.1503,358.7397,CurrentState,MoveToInitial,Slider,51,Scenario,3
ID,26,Time,925.7709,DronePosition,-320.8214,45,-107.379,11.1,CameraPosition,-103.1662,1.804401,-107.4849,CameraRotation,334.6499,266.166,358.6826,CurrentState,MoveToInitial,Slider,51,Scenario,3
ID,26,Time,925.7849,DronePosition,-320.6654,45,-107.379,11.1,CameraPosition,-103.1658,1.804419,-107.4845,CameraRotation,334.5186,266.2329,358.6113,CurrentState,MoveToInitial,Slider,51,Scenario,3
ID,26,Time,925.7988,DronePosition,-320.5114,45,-107.379,11.1,CameraPosition,-103.1655,1.804497,-107.4842,CameraRotation,334.3575,266.3387,358.5376,CurrentState,MoveToInitial,Slider,51,Scenario,3
ID,26,Time,925.8126,DronePosition,-320.3578,45,-107.379,11.1,CameraPosition,-103.1651,1.804623,-107.4838,CameraRotation,334.1688,266.4431,358.4646,CurrentState,MoveToInitial,Slider,51,Scenario,3
ID,26,Time,925.8266,DronePosition,-320.2028,45,-107.379,11.1,CameraPosition,-103.1648,1.804746,-107.4836,CameraRotation,333.9701,266.4651,358.44,CurrentState,MoveToInitial,Slider,51,Scenario,3
ID,26,Time,925.8405,DronePosition,-320.0482,45,-107.379,11.1,CameraPosition,-103.1645,1.804816,-107.4834,CameraRotation,333.8762,266.3928,358.4921,CurrentState,MoveToInitial,Slider,51,Scenario,3
ID,26,Time,925.8544,DronePosition,-319.8947,45,-107.379,11.1,CameraPosition,-103.1641,1.804847,-107.4833,CameraRotation,333.8505,266.2787,358.5641,CurrentState,MoveToInitial,Slider,51,Scenario,3
ID,26,Time,925.8685,DronePosition,-319.7379,45,-107.379,11.1,CameraPosition,-103.1638,1.80483,-107.4832,CameraRotation,333.8615,266.1603,358.6152,CurrentState,MoveToInitial,Slider,51,Scenario,3
ID,26,Time,925.8826,DronePosition,-319.5817,45,-107.379,11.1,CameraPosition,-103.1635,1.804754,-107.483,CameraRotation,333.8929,266.0733,358.6106,CurrentState,MoveToInitial,Slider,51,Scenario,3
ID,26,Time,925.8965,DronePosition,-319.4272,45,-107.379,11.1,CameraPosition,-103.1633,1.804676,-107.4829,CameraRotation,333.9829,266.0306,358.5653,CurrentState,MoveToInitial,Slider,51,Scenario,3
ID,26,Time,925.9103,DronePosition,-319.2734,45,-107.379,11.1,CameraPosition,-103.1631,1.804582,-107.4829,CameraRotation,334.1319,265.994,358.4833,CurrentState,MoveToInitial,Slider,51,Scenario,3
ID,26,Time,925.9243,DronePosition,-319.1191,45,-107.379,11.1,CameraPosition,-103.163,1.804518,-107.4828,CameraRotation,334.2788,265.9614,358.4129,CurrentState,MoveToInitial,Slider,51,Scenario,3
ID,26,Time,925.9379,DronePosition,-318.9675,45,-107.379,11.1,CameraPosition,-103.1628,1.804489,-107.4826,CameraRotation,334.3447,265.9328,358.3556,CurrentState,MoveToInitial,Slider,51,Scenario,3
ID,26,Time,925.9542,DronePosition,-318.7872,45,-107.379,11.1,CameraPosition,-103.1627,1.804538,-107.4824,CameraRotation,334.3553,265.9091,358.3126,CurrentState,MoveToInitial,Slider,51,Scenario,3
ID,26,Time,925.9658,DronePosition,-318.6577,45,-107.379,11.1,CameraPosition,-103.1625,1.804643,-107.4821,CameraRotation,334.3549,265.8986,358.2612,CurrentState,MoveToInitial,Slider,51,Scenario,3
ID,26,Time,925.9795,DronePosition,-318.5054,45,-107.379,11.1,CameraPosition,-103.1622,1.804752,-107.4818,CameraRotation,334.3303,265.9008,358.1938,CurrentState,MoveToInitial,Slider,51,Scenario,3
ID,26,Time,925.9935,DronePosition,-318.3506,45,-107.379,11.1,CameraPosition,-103.1619,1.80494,-107.4815,CameraRotation,334.2466,265.8913,358.1398,CurrentState,MoveToInitial,Slider,51,Scenario,3
ID,26,Time,926.0076,DronePosition,-318.1941,45,-107.379,11.1,CameraPosition,-103.1615,1.805201,-107.4812,CameraRotation,334.041,265.8939,358.0987,CurrentState,MoveToInitial,Slider,51,Scenario,3
ID,26,Time,926.0213,DronePosition,-318.0414,45,-107.379,11.1,CameraPosition,-103.1611,1.805429,-107.4809,CameraRotation,333.8593,265.8842,358.0538,CurrentState,MoveToInitial,Slider,51,Scenario,3
ID,26,Time,926.0353,DronePosition,-317.886,45,-107.379,11.1,CameraPosition,-103.1607,1.805537,-107.4807,CameraRotation,333.7757,265.8723,358.0087,CurrentState,MoveToInitial,Slider,51,Scenario,3
ID,26,Time,926.0491,DronePosition,-317.7328,45,-107.379,11.1,CameraPosition,-103.1604,1.805406,-107.4804,CameraRotation,333.8626,265.867,357.9748,CurrentState,MoveToInitial,Slider,51,Scenario,3
ID,26,Time,926.0631,DronePosition,-317.5778,45,-107.379,11.1,CameraPosition,-103.1601,1.805068,-107.4801,CameraRotation,334.0759,265.877,357.9519,CurrentState,MoveToInitial,Slider,51,Scenario,3
ID,26,Time,926.077,DronePosition,-317.4235,45,-107.379,11.1,CameraPosition,-103.1599,1.804492,-107.4798,CameraRotation,334.4602,265.9324,357.884,CurrentState,MoveToInitial,Slider,51,Scenario,3
ID,26,Time,926.0914,DronePosition,-317.2634,45,-107.379,11.1,CameraPosition,-103.1597,1.803971,-107.4795,CameraRotation,334.8854,266.0029,357.8188,CurrentState,MoveToInitial,Slider,51,Scenario,3
ID,26,Time,926.1049,DronePosition,-317.1138,45,-107.379,11.1,CameraPosition,-103.1595,1.803622,-107.4791,CameraRotation,335.2134,266.0781,357.7995,CurrentState,MoveToInitial,Slider,51,Scenario,3
ID,26,Time,926.119,DronePosition,-316.9575,45,-107.379,11.1,CameraPosition,-103.1593,1.803446,-107.4788,CameraRotation,335.3806,266.1509,357.808,CurrentState,MoveToInitial,Slider,51,Scenario,3
ID,26,Time,926.1327,DronePosition,-316.805,45,-107.379,11.1,CameraPosition,-103.159,1.803393,-107.4784,CameraRotation,335.4547,266.205,357.7851,CurrentState,MoveToInitial,Slider,51,Scenario,3
ID,26,Time,926.1467,DronePosition,-316.65,45,-107.379,11.1,CameraPosition,-103.1587,1.803449,-107.4779,CameraRotation,335.4519,266.2497,357.7079,CurrentState,MoveToInitial,Slider,51,Scenario,3
ID,26,Time,926.1606,DronePosition,-316.4953,45,-107.379,11.1,CameraPosition,-103.1584,1.803569,-107.4775,CameraRotation,335.3477,266.2926,357.6076,CurrentState,MoveToInitial,Slider,51,Scenario,3
ID,26,Time,926.1748,DronePosition,-316.338,45,-107.379,11.1,CameraPosition,-103.1581,1.803581,-107.4771,CameraRotation,335.2787,266.3186,357.5321,CurrentState,MoveToInitial,Slider,51,Scenario,3
ID,26,Time,926.1885,DronePosition,-316.1854,45,-107.379,11.1,CameraPosition,-103.1577,1.803462,-107.4768,CameraRotation,335.325,266.3309,357.465,CurrentState,MoveToInitial,Slider,51,Scenario,3
ID,26,Time,926.2025,DronePosition,-316.0305,45,-107.379,11.1,CameraPosition,-103.1574,1.803199,-107.4764,CameraRotation,335.4559,266.33,357.4102,CurrentState,MoveToInitial,Slider,51,Scenario,3
ID,26,Time,926.2164,DronePosition,-315.8764,45,-107.379,11.1,CameraPosition,-103.1571,1.802911,-107.476,CameraRotation,335.625,266.3314,357.3462,CurrentState,MoveToInitial,Slider,51,Scenario,3
ID,26,Time,926.2303,DronePosition,-315.7221,45,-107.379,11.1,CameraPosition,-103.1568,1.802634,-107.4756,CameraRotation,335.8018,266.3409,357.2762,CurrentState,MoveToInitial,Slider,51,Scenario,3
ID,26,Time,926.2444,DronePosition,-315.5649,45,-107.379,11.1,CameraPosition,-103.1565,1.802422,-107.4752,CameraRotation,335.9171,266.3618,357.2297,CurrentState,MoveToInitial,Slider,51,Scenario,3
ID,26,Time,926.2581,DronePosition,-315.4131,45,-107.379,11.1,CameraPosition,-103.1562,1.802211,-107.4748,CameraRotation,336.037,266.3825,357.1879,CurrentState,MoveToInitial,Slider,51,Scenario,3
ID,26,Time,926.2721,DronePosition,-315.2578,45,-107.379,11.1,CameraPosition,-103.1559,1.801979,-107.4744,CameraRotation,336.2289,266.3985,357.1417,CurrentState,MoveToInitial,Slider,51,Scenario,3
ID,26,Time,926.2859,DronePosition,-315.1044,45,-107.379,11.1,CameraPosition,-103.1557,1.801692,-107.4741,CameraRotation,336.4749,266.4266,357.0868,CurrentState,MoveToInitial,Slider,51,Scenario,3
ID,26,Time,926.3003,DronePosition,-314.9446,45,-107.379,11.1,CameraPosition,-103.1556,1.801431,-107.4737,CameraRotation,336.697,266.4629,357.0287,CurrentState,MoveToInitial,Slider,51,Scenario,3
ID,26,Time,926.314,DronePosition,-314.793,45,-107.379,11.1,CameraPosition,-103.1555,1.801221,-107.4734,CameraRotation,336.8485,266.4836,356.9973,CurrentState,MoveToInitial,Slider,51,Scenario,3
ID,26,Time,926.3276,DronePosition,-314.6414,45,-107.379,11.1,CameraPosition,-103.1554,1.801104,-107.4731,CameraRotation,336.9627,266.4541,356.9868,CurrentState,MoveToInitial,Slider,51,Scenario,3
ID,26,Time,926.3417,DronePosition,-314.4857,45,-107.379,11.1,CameraPosition,-103.1553,1.800991,-107.4728,CameraRotation,337.0528,266.3994,356.9755,CurrentState,MoveToInitial,Slider,51,Scenario,3
ID,26,Time,926.3557,DronePosition,-314.3306,45,-107.379,11.1,CameraPosition,-103.1551,1.800796,-107.4725,CameraRotation,337.1929,266.3229,356.9559,CurrentState,MoveToInitial,Slider,51,Scenario,3
ID,26,Time,926.3695,DronePosition,-314.1769,45,-107.379,11.1,CameraPosition,-103.155,1.800471,-107.4723,CameraRotation,337.438,266.2582,356.9196,CurrentState,MoveToInitial,Slider,51,Scenario,3
ID,26,Time,926.3834,DronePosition,-314.0229,45,-107.379,11.1,CameraPosition,-103.1549,1.800124,-107.472,CameraRotation,337.7317,266.216,356.8723,CurrentState,MoveToInitial,Slider,51,Scenario,3
ID,26,Time,926.3974,DronePosition,-313.8668,45,-107.379,11.1,CameraPosition,-103.1549,1.799838,-107.4718,CameraRotation,338.0319,266.1736,356.8599,CurrentState,MoveToInitial,Slider,51,Scenario,3
ID,26,Time,926.4114,DronePosition,-313.712,45,-107.379,11.1,CameraPosition,-103.1548,1.799658,-107.4715,CameraRotation,338.1921,266.1398,356.8992,CurrentState,MoveToInitial,Slider,51,Scenario,3
ID,26,Time,926.4253,DronePosition,-313.5572,45,-107.379,11.1,CameraPosition,-103.1546,1.799499,-107.4712,CameraRotation,338.3243,266.1031,356.9314,CurrentState,MoveToInitial,Slider,51,Scenario,3
ID,26,Time,926.439,DronePosition,-313.4052,45,-107.379,11.1,CameraPosition,-103.1544,1.799318,-107.4709,CameraRotation,338.5078,266.0478,356.9676,CurrentState,MoveToInitial,Slider,51,Scenario,3
ID,26,Time,926.4529,DronePosition,-313.2506,45,-107.379,11.1,CameraPosition,-103.1543,1.799033,-107.4707,CameraRotation,338.7256,266.0022,356.9979,CurrentState,MoveToInitial,Slider,51,Scenario,3
ID,26,Time,926.4669,DronePosition,-313.0961,45,-107.379,11.1,CameraPosition,-103.1541,1.798694,-107.4704,CameraRotation,338.9533,265.9704,357.0169,CurrentState,MoveToInitial,Slider,51,Scenario,3
ID,26,Time,926.4808,DronePosition,-312.9407,45,-107.379,11.1,CameraPosition,-103.1539,1.798369,-107.4701,CameraRotation,339.1754,265.9572,357.0151,CurrentState,MoveToInitial,Slider,51,Scenario,3
ID,26,Time,926.4948,DronePosition,-312.7857,45,-107.379,11.1,CameraPosition,-103.1538,1.798039,-107.4698,CameraRotation,339.3235,265.9427,357.0023,CurrentState,MoveToInitial,Slider,51,Scenario,3
ID,26,Time,926.5092,DronePosition,-312.6261,45,-107.379,11.1,CameraPosition,-103.1536,1.797763,-107.4695,CameraRotation,339.4386,265.9572,356.964,CurrentState,MoveToInitial,Slider,51,Scenario,3
ID,26,Time,926.5224,DronePosition,-312.4794,45,-107.379,11.1,CameraPosition,-103.1534,1.797538,-107.4691,CameraRotation,339.4956,265.987,356.9105,CurrentState,MoveToInitial,Slider,51,Scenario,3
ID,26,Time,926.5366,DronePosition,-312.3219,45,-107.379,11.1,CameraPosition,-103.1532,1.797327,-107.4687,CameraRotation,339.5269,266.0202,356.8487,CurrentState,MoveToInitial,Slider,51,Scenario,3
ID,26,Time,926.5504,DronePosition,-312.1695,45,-107.379,11.1,CameraPosition,-103.1529,1.797098,-107.4682,CameraRotation,339.576,266.0594,356.8031,CurrentState,MoveToInitial,Slider,51,Scenario,3
ID,26,Time,926.5643,DronePosition,-312.0139,45,-107.379,11.1,CameraPosition,-103.1527,1.796817,-107.4678,CameraRotation,339.6916,266.1117,356.7647,CurrentState,MoveToInitial,Slider,51,Scenario,3
ID,26,Time,926.5782,DronePosition,-311.86,45,-107.379,11.1,CameraPosition,-103.1524,1.796489,-107.4674,CameraRotation,339.8538,266.1798,356.7277,CurrentState,MoveToInitial,Slider,51,Scenario,3
ID,26,Time,926.5923,DronePosition,-311.7041,45,-107.379,11.1,CameraPosition,-103.1522,1.796146,-107.4669,CameraRotation,340.0346,266.2627,356.6588,CurrentState,MoveToInitial,Slider,51,Scenario,3
ID,26,Time,926.6062,DronePosition,-311.5493,45,-107.379,11.1,CameraPosition,-103.152,1.795842,-107.4664,CameraRotation,340.1686,266.3633,356.5725,CurrentState,MoveToInitial,Slider,51,Scenario,3
ID,26,Time,926.6202,DronePosition,-311.3938,45,-107.379,11.1,CameraPosition,-103.1517,1.795618,-107.466,CameraRotation,340.259,266.4811,356.4775,CurrentState,MoveToInitial,Slider,51,Scenario,3
ID,26,Time,926.6344,DronePosition,-311.2365,45,-107.379,11.1,CameraPosition,-103.1514,1.795439,-107.4655,CameraRotation,340.3107,266.6041,356.364,CurrentState,MoveToInitial,Slider,51,Scenario,3
ID,26,Time,926.6481,DronePosition,-311.0846,45,-107.379,11.1,CameraPosition,-103.1511,1.795227,-107.465,CameraRotation,340.4265,266.7061,356.2437,CurrentState,MoveToInitial,Slider,51,Scenario,3
ID,26,Time,926.6617,DronePosition,-310.9325,45,-107.379,11.1,CameraPosition,-103.1508,1.794965,-107.4646,CameraRotation,340.6255,266.8158,356.1347,CurrentState,MoveToInitial,Slider,51,Scenario,3
ID,26,Time,926.6758,DronePosition,-310.776,45,-107.379,11.1,CameraPosition,-103.1504,1.794711,-107.4642,CameraRotation,340.8748,266.934,356.0059,CurrentState,MoveToInitial,Slider,51,Scenario,3
ID,26,Time,926.6899,DronePosition,-310.62,45,-107.379,11.1,CameraPosition,-103.15,1.794468,-107.4638,CameraRotation,341.0443,267.0829,355.8728,CurrentState,MoveToInitial,Slider,51,Scenario,3
ID,26,Time,926.7036,DronePosition,-310.4683,45,-107.379,11.1,CameraPosition,-103.1496,1.794256,-107.4634,CameraRotation,341.1337,267.2501,355.7311,CurrentState,MoveToInitial,Slider,51,Scenario,3
ID,26,Time,926.7179,DronePosition,-310.3094,45,-107.379,11.1,CameraPosition,-103.1491,1.794097,-107.463,CameraRotation,341.1838,267.4549,355.5947,CurrentState,MoveToInitial,Slider,51,Scenario,3
ID,26,Time,926.7316,DronePosition,-310.1568,45,-107.379,11.1,CameraPosition,-103.1486,1.793892,-107.4626,CameraRotation,341.2437,267.6789,355.5066,CurrentState,MoveToInitial,Slider,51,Scenario,3
ID,26,Time,926.7453,DronePosition,-310.0056,45,-107.379,11.1,CameraPosition,-103.148,1.793617,-107.4623,CameraRotation,341.3689,267.8986,355.4463,CurrentState,MoveToInitial,Slider,51,Scenario,3
ID,26,Time,926.7593,DronePosition,-309.8504,45,-107.379,11.1,CameraPosition,-103.1474,1.793124,-107.462,CameraRotation,341.5284,268.1227,355.4155,CurrentState,MoveToInitial,Slider,51,Scenario,3
ID,26,Time,926.7732,DronePosition,-309.6959,45,-107.379,11.1,CameraPosition,-103.1468,1.792494,-107.4617,CameraRotation,341.787,268.3326,355.379,CurrentState,MoveToInitial,Slider,51,Scenario,3
ID,26,Time,926.7873,DronePosition,-309.5391,45,-107.379,11.1,CameraPosition,-103.1463,1.791735,-107.4615,CameraRotation,342.134,268.5216,355.3571,CurrentState,MoveToInitial,Slider,51,Scenario,3
ID,26,Time,926.8011,DronePosition,-309.3859,45,-107.379,11.1,CameraPosition,-103.1457,1.791024,-107.4614,CameraRotation,342.4835,268.6786,355.3446,CurrentState,MoveToInitial,Slider,51,Scenario,3
ID,26,Time,926.8149,DronePosition,-309.2327,45,-107.379,11.1,CameraPosition,-103.1452,1.790514,-107.4613,CameraRotation,342.6522,268.8073,355.3495,CurrentState,MoveToInitial,Slider,51,Scenario,3
ID,26,Time,926.8289,DronePosition,-309.0782,45,-107.379,11.1,CameraPosition,-103.1446,1.790279,-107.4613,CameraRotation,342.6945,268.9098,355.3837,CurrentState,MoveToInitial,Slider,51,Scenario,3
ID,26,Time,926.8428,DronePosition,-308.9237,45,-107.379,11.1,CameraPosition,-103.1441,1.790443,-107.4613,CameraRotation,342.5662,268.9816,355.4526,CurrentState,MoveToInitial,Slider,51,Scenario,3
ID,26,Time,926.8568,DronePosition,-308.7681,45,-107.379,11.1,CameraPosition,-103.1434,1.790799,-107.4613,CameraRotation,342.3481,269.0298,355.501,CurrentState,MoveToInitial,Slider,51,Scenario,3
ID,26,Time,926.8705,DronePosition,-308.6153,45,-107.379,11.1,CameraPosition,-103.1428,1.791253,-107.4613,CameraRotation,342.0256,269.0555,355.5313,CurrentState,MoveToInitial,Slider,51,Scenario,3
ID,26,Time,926.8845,DronePosition,-308.4604,45,-107.379,11.1,CameraPosition,-103.1422,1.791576,-107.4615,CameraRotation,341.7472,269.0535,355.5236,CurrentState,MoveToInitial,Slider,51,Scenario,3
ID,26,Time,926.8983,DronePosition,-308.3068,45,-107.379,11.1,CameraPosition,-103.1416,1.791718,-107.4617,CameraRotation,341.565,269.0353,355.5025,CurrentState,MoveToInitial,Slider,51,Scenario,3
ID,26,Time,926.9125,DronePosition,-308.1497,45,-107.379,11.1,CameraPosition,-103.1411,1.791655,-107.4619,CameraRotation,341.4239,268.9764,355.5104,CurrentState,MoveToInitial,Slider,51,Scenario,3
ID,26,Time,926.928,DronePosition,-307.9774,45,-107.379,11.1,CameraPosition,-103.1405,1.791523,-107.4623,CameraRotation,341.3898,268.8996,355.5409,CurrentState,MoveToInitial,Slider,51,Scenario,3
ID,26,Time,926.9404,DronePosition,-307.8395,45,-107.379,11.1,CameraPosition,-103.14,1.791372,-107.4626,CameraRotation,341.3963,268.7912,355.61,CurrentState,MoveToInitial,Slider,51,Scenario,3
ID,26,Time,926.9545,DronePosition,-307.6837,45,-107.379,11.1,CameraPosition,-103.1394,1.791192,-107.4631,CameraRotation,341.4295,268.6633,355.7229,CurrentState,MoveToInitial,Slider,51,Scenario,3
ID,26,Time,926.9681,DronePosition,-307.5329,45,-107.379,11.1,CameraPosition,-103.1389,1.791026,-107.4635,CameraRotation,341.4839,268.5677,355.8239,CurrentState,MoveToInitial,Slider,51,Scenario,3
ID,26,Time,926.982,DronePosition,-307.3778,45,-107.379,11.1,CameraPosition,-103.1384,1.790865,-107.4639,CameraRotation,341.5194,268.4827,355.9269,CurrentState,MoveToInitial,Slider,51,Scenario,3
ID,26,Time,926.9959,DronePosition,-307.2239,45,-107.379,11.1,CameraPosition,-103.1379,1.790712,-107.4644,CameraRotation,341.5069,268.4038,356.0211,CurrentState,MoveToInitial,Slider,51,Scenario,3
ID,26,Time,927.0098,DronePosition,-307.069,45,-107.379,11.1,CameraPosition,-103.1373,1.790612,-107.4648,CameraRotation,341.4792,268.323,356.1221,CurrentState,MoveToInitial,Slider,51,Scenario,3
ID,26,Time,927.0238,DronePosition,-306.9141,45,-107.379,11.1,CameraPosition,-103.1368,1.790558,-107.4653,CameraRotation,341.4703,268.2498,356.2074,CurrentState,MoveToInitial,Slider,51,Scenario,3
ID,26,Time,927.0375,DronePosition,-306.7615,45,-107.379,11.1,CameraPosition,-103.1363,1.790491,-107.4658,CameraRotation,341.485,268.1746,356.305,CurrentState,MoveToInitial,Slider,51,Scenario,3
ID,26,Time,927.0516,DronePosition,-306.6059,45,-107.379,11.1,CameraPosition,-103.1358,1.790457,-107.4663,CameraRotation,341.5038,268.1192,356.3811,CurrentState,MoveToInitial,Slider,51,Scenario,3
ID,26,Time,927.0655,DronePosition,-306.4514,45,-107.379,11.1,CameraPosition,-103.1353,1.790445,-107.4668,CameraRotation,341.4607,268.0648,356.4697,CurrentState,MoveToInitial,Slider,51,Scenario,3
ID,26,Time,927.0795,DronePosition,-306.2961,45,-107.379,11.1,CameraPosition,-103.1349,1.790459,-107.4673,CameraRotation,341.3888,267.9946,356.5806,CurrentState,MoveToInitial,Slider,51,Scenario,3
ID,26,Time,927.0933,DronePosition,-306.1428,45,-107.379,11.1,CameraPosition,-103.1345,1.790435,-107.4678,CameraRotation,341.37,267.9155,356.7006,CurrentState,MoveToInitial,Slider,51,Scenario,3
ID,26,Time,927.1072,DronePosition,-305.9876,45,-107.379,11.1,CameraPosition,-103.134,1.790325,-107.4683,CameraRotation,341.3873,267.8211,356.7895,CurrentState,MoveToInitial,Slider,51,Scenario,3
ID,26,Time,927.1213,DronePosition,-305.8317,45,-107.379,11.1,CameraPosition,-103.1337,1.790111,-107.4688,CameraRotation,341.4961,267.7225,356.8483,CurrentState,MoveToInitial,Slider,51,Scenario,3
ID,26,Time,927.1354,DronePosition,-305.6746,45,-107.379,11.1,CameraPosition,-103.1333,1.789868,-107.4694,CameraRotation,341.6615,267.6446,356.893,CurrentState,MoveToInitial,Slider,51,Scenario,3
ID,26,Time,927.1491,DronePosition,-305.523,45,-107.379,11.1,CameraPosition,-103.133,1.789677,-107.47,CameraRotation,341.8196,267.5668,356.9376,CurrentState,MoveToInitial,Slider,51,Scenario,3
ID,26,Time,927.1629,DronePosition,-305.3698,45,-107.379,11.1,CameraPosition,-103.1327,1.78957,-107.4706,CameraRotation,341.8939,267.488,356.9956,CurrentState,MoveToInitial,Slider,51,Scenario,3
ID,26,Time,927.1768,DronePosition,-305.2155,45,-107.379,11.1,CameraPosition,-103.1324,1.789567,-107.4712,CameraRotation,341.8854,267.3781,357.1095,CurrentState,MoveToInitial,Slider,51,Scenario,3
ID,26,Time,927.1909,DronePosition,-305.0594,45,-107.379,11.1,CameraPosition,-103.1321,1.789666,-107.4718,CameraRotation,341.8135,267.229,357.2979,CurrentState,MoveToInitial,Slider,51,Scenario,3
ID,26,Time,927.2052,DronePosition,-304.9008,45,-107.379,11.1,CameraPosition,-103.1319,1.789827,-107.4724,CameraRotation,341.7516,267.0599,357.5057,CurrentState,MoveToInitial,Slider,51,Scenario,3
ID,26,Time,927.2188,DronePosition,-304.7504,45,-107.379,11.1,CameraPosition,-103.1316,1.789954,-107.473,CameraRotation,341.7126,266.8947,357.6885,CurrentState,MoveToInitial,Slider,51,Scenario,3
ID,26,Time,927.2327,DronePosition,-304.5955,45,-107.379,11.1,CameraPosition,-103.1315,1.790043,-107.4736,CameraRotation,341.7069,266.7408,357.8203,CurrentState,MoveToInitial,Slider,51,Scenario,3
ID,26,Time,927.2465,DronePosition,-304.4417,45,-107.379,11.1,CameraPosition,-103.1313,1.790092,-107.4741,CameraRotation,341.7636,266.612,357.9059,CurrentState,MoveToInitial,Slider,51,Scenario,3
ID,26,Time,927.2606,DronePosition,-304.2859,45,-107.379,11.1,CameraPosition,-103.1311,1.790134,-107.4746,CameraRotation,341.8437,266.4959,357.9502,CurrentState,MoveToInitial,Slider,51,Scenario,3
ID,26,Time,927.2743,DronePosition,-304.1334,45,-107.379,11.1,CameraPosition,-103.131,1.790183,-107.4752,CameraRotation,341.9283,266.3841,357.9601,CurrentState,MoveToInitial,Slider,51,Scenario,3
ID,26,Time,927.2881,DronePosition,-303.9802,45,-107.379,11.1,CameraPosition,-103.1309,1.790255,-107.4757,CameraRotation,341.9733,266.2707,357.9929,CurrentState,MoveToInitial,Slider,51,Scenario,3
ID,26,Time,927.3023,DronePosition,-303.8226,45,-107.379,11.1,CameraPosition,-103.1309,1.79042,-107.4762,CameraRotation,341.9709,266.1353,358.0763,CurrentState,MoveToInitial,Slider,51,Scenario,3
ID,26,Time,927.3164,DronePosition,-303.6663,45,-107.379,11.1,CameraPosition,-103.1309,1.79067,-107.4768,CameraRotation,341.9267,265.9816,358.2145,CurrentState,MoveToInitial,Slider,51,Scenario,3
ID,26,Time,927.33,DronePosition,-303.5147,45,-107.379,11.1,CameraPosition,-103.1309,1.790929,-107.4773,CameraRotation,341.8769,265.8235,358.3563,CurrentState,MoveToInitial,Slider,51,Scenario,3
ID,26,Time,927.3444,DronePosition,-303.3548,45,-107.379,11.1,CameraPosition,-103.1309,1.791186,-107.4777,CameraRotation,341.8137,265.6674,358.4957,CurrentState,MoveToInitial,Slider,51,Scenario,3
ID,26,Time,927.358,DronePosition,-303.2046,45,-107.379,11.1,CameraPosition,-103.131,1.791401,-107.4782,CameraRotation,341.7825,265.5372,358.5764,CurrentState,MoveToInitial,Slider,51,Scenario,3
ID,26,Time,927.3721,DronePosition,-303.0483,45,-107.379,11.1,CameraPosition,-103.131,1.791575,-107.4787,CameraRotation,341.7569,265.436,358.6276,CurrentState,MoveToInitial,Slider,51,Scenario,3
ID,26,Time,927.3857,DronePosition,-302.8968,45,-107.379,11.1,CameraPosition,-103.1312,1.791753,-107.4791,CameraRotation,341.7139,265.347,358.6952,CurrentState,MoveToInitial,Slider,51,Scenario,3
ID,26,Time,927.3997,DronePosition,-302.7421,45,-107.379,11.1,CameraPosition,-103.1313,1.791945,-107.4795,CameraRotation,341.6185,265.2673,358.7995,CurrentState,MoveToInitial,Slider,51,Scenario,3
ID,26,Time,927.4138,DronePosition,-302.5854,45,-107.379,11.1,CameraPosition,-103.1315,1.792156,-107.4799,CameraRotation,341.5386,265.168,358.9404,CurrentState,MoveToInitial,Slider,51,Scenario,3
ID,26,Time,927.4274,DronePosition,-302.4343,45,-107.379,11.1,CameraPosition,-103.1318,1.792349,-107.4803,CameraRotation,341.4945,265.0928,359.1169,CurrentState,MoveToInitial,Slider,51,Scenario,3
ID,26,Time,927.4415,DronePosition,-302.2771,45,-107.379,11.1,CameraPosition,-103.132,1.792514,-107.4807,CameraRotation,341.478,264.9985,359.2747,CurrentState,MoveToInitial,Slider,51,Scenario,3
ID,26,Time,927.4552,DronePosition,-302.1257,45,-107.379,11.1,CameraPosition,-103.1324,1.792738,-107.4811,CameraRotation,341.4727,264.8953,359.3757,CurrentState,MoveToInitial,Slider,51,Scenario,3
ID,26,Time,927.4691,DronePosition,-301.9709,45,-107.379,11.1,CameraPosition,-103.1327,1.793015,-107.4815,CameraRotation,341.4611,264.7887,359.4209,CurrentState,MoveToInitial,Slider,51,Scenario,3
ID,26,Time,927.4833,DronePosition,-301.8141,45,-107.379,11.1,CameraPosition,-103.1331,1.793305,-107.4818,CameraRotation,341.4062,264.666,359.4002,CurrentState,MoveToInitial,Slider,51,Scenario,3
ID,26,Time,927.4971,DronePosition,-301.6603,45,-107.379,11.1,CameraPosition,-103.1336,1.793551,-107.4822,CameraRotation,341.3474,264.5528,359.3503,CurrentState,MoveToInitial,Slider,51,Scenario,3
ID,26,Time,927.5109,DronePosition,-301.507,45,-107.379,11.1,CameraPosition,-103.134,1.79375,-107.4826,CameraRotation,341.2849,264.4119,359.2464,CurrentState,MoveToInitial,Slider,51,Scenario,3
ID,26,Time,927.5251,DronePosition,-301.3498,45,-107.379,11.1,CameraPosition,-103.1345,1.793946,-107.4829,CameraRotation,341.232,264.3018,359.1063,CurrentState,MoveToInitial,Slider,51,Scenario,3
ID,26,Time,927.5387,DronePosition,-301.1986,45,-107.379,11.1,CameraPosition,-103.1351,1.794173,-107.4832,CameraRotation,341.192,264.2334,358.9787,CurrentState,MoveToInitial,Slider,51,Scenario,3
ID,26,Time,927.553,DronePosition,-301.0398,45,-107.379,11.1,CameraPosition,-103.1356,1.794425,-107.4835,CameraRotation,341.1915,264.2144,358.8305,CurrentState,MoveToInitial,Slider,51,Scenario,3
ID,26,Time,927.5668,DronePosition,-300.8867,45,-107.379,11.1,CameraPosition,-103.1362,1.794636,-107.4838,CameraRotation,341.1847,264.2466,358.6879,CurrentState,MoveToInitial,Slider,51,Scenario,3
ID,26,Time,927.5808,DronePosition,-300.7309,45,-107.379,11.1,CameraPosition,-103.1368,1.794788,-107.4841,CameraRotation,341.18,264.301,358.5485,CurrentState,MoveToInitial,Slider,51,Scenario,3
ID,26,Time,927.5947,DronePosition,-300.5776,45,-107.379,11.1,CameraPosition,-103.1375,1.794887,-107.4845,CameraRotation,341.2094,264.4014,358.4055,CurrentState,MoveToInitial,Slider,51,Scenario,3
ID,26,Time,927.6086,DronePosition,-300.4232,45,-107.379,11.1,CameraPosition,-103.1382,1.794962,-107.4849,CameraRotation,341.2302,264.5293,358.2854,CurrentState,MoveToInitial,Slider,51,Scenario,3
ID,26,Time,927.6223,DronePosition,-300.271,45,-107.379,11.1,CameraPosition,-103.1389,1.79502,-107.4854,CameraRotation,341.2072,264.6798,358.1835,CurrentState,MoveToInitial,Slider,51,Scenario,3
ID,26,Time,927.6363,DronePosition,-300.1151,45,-107.379,11.1,CameraPosition,-103.1396,1.795122,-107.4859,CameraRotation,341.1437,264.8545,358.1183,CurrentState,MoveToInitial,Slider,51,Scenario,3
ID,26,Time,927.6503,DronePosition,-299.96,45,-107.379,11.1,CameraPosition,-103.1403,1.795275,-107.4864,CameraRotation,341.0444,265.0435,358.0915,CurrentState,MoveToInitial,Slider,51,Scenario,3
ID,26,Time,927.6647,DronePosition,-299.8002,45,-107.379,11.1,CameraPosition,-103.1411,1.795442,-107.4869,CameraRotation,340.9729,265.2121,358.0619,CurrentState,MoveToInitial,Slider,51,Scenario,3
ID,26,Time,927.6783,DronePosition,-299.6488,45,-107.379,11.1,CameraPosition,-103.1418,1.795532,-107.4874,CameraRotation,340.9152,265.3547,358.0617,CurrentState,MoveToInitial,Slider,51,Scenario,3
ID,26,Time,927.6921,DronePosition,-299.4958,45,-107.379,11.1,CameraPosition,-103.1425,1.795474,-107.488,CameraRotation,340.886,265.4539,358.057,CurrentState,MoveToInitial,Slider,51,Scenario,3
ID,26,Time,927.7062,DronePosition,-299.3398,45,-107.379,11.1,CameraPosition,-103.1432,1.795269,-107.4886,CameraRotation,340.9003,265.5293,358.0446,CurrentState,MoveToInitial,Slider,51,Scenario,3
ID,26,Time,927.72,DronePosition,-299.1859,45,-107.379,11.1,CameraPosition,-103.1439,1.794994,-107.4892,CameraRotation,340.9912,265.569,358.0028,CurrentState,MoveToInitial,Slider,51,Scenario,3
ID,26,Time,927.7339,DronePosition,-299.0316,45,-107.379,11.1,CameraPosition,-103.1446,1.794778,-107.4898,CameraRotation,341.0997,265.5966,357.9506,CurrentState,MoveToInitial,Slider,51,Scenario,3
ID,26,Time,927.7479,DronePosition,-298.8769,45,-107.379,11.1,CameraPosition,-103.1453,1.794653,-107.4905,CameraRotation,341.2089,265.6165,357.8994,CurrentState,MoveToInitial,Slider,51,Scenario,3
ID,26,Time,927.7623,DronePosition,-298.7168,45,-107.379,11.1,CameraPosition,-103.1459,1.794569,-107.4911,CameraRotation,341.2858,265.6302,357.8515,CurrentState,MoveToInitial,Slider,51,Scenario,3
ID,26,Time,927.7757,DronePosition,-298.568,45,-107.379,11.1,CameraPosition,-103.1466,1.794451,-107.4918,CameraRotation,341.3366,265.6368,357.7928,CurrentState,MoveToInitial,Slider,51,Scenario,3
ID,26,Time,927.7894,DronePosition,-298.4156,45,-107.379,11.1,CameraPosition,-103.1472,1.794252,-107.4924,CameraRotation,341.394,265.6516,357.7568,CurrentState,MoveToInitial,Slider,51,Scenario,3
ID,26,Time,927.8035,DronePosition,-298.2597,45,-107.379,11.1,CameraPosition,-103.1478,1.793953,-107.4931,CameraRotation,341.5011,265.6736,357.7277,CurrentState,MoveToInitial,Slider,51,Scenario,3
ID,26,Time,927.8174,DronePosition,-298.1055,45,-107.379,11.1,CameraPosition,-103.1484,1.79359,-107.4937,CameraRotation,341.6917,265.7145,357.7001,CurrentState,MoveToInitial,Slider,51,Scenario,3
ID,26,Time,927.8314,DronePosition,-297.95,45,-107.379,11.1,CameraPosition,-103.1489,1.793249,-107.4944,CameraRotation,341.8969,265.7718,357.676,CurrentState,MoveToInitial,Slider,51,Scenario,3
ID,26,Time,927.8451,DronePosition,-297.7975,45,-107.379,11.1,CameraPosition,-103.1495,1.792971,-107.495,CameraRotation,342.102,265.8463,357.6967,CurrentState,MoveToInitial,Slider,51,Scenario,3
ID,26,Time,927.8591,DronePosition,-297.6416,45,-107.379,11.1,CameraPosition,-103.15,1.792811,-107.4957,CameraRotation,342.3053,265.9051,357.7616,CurrentState,MoveToInitial,Slider,51,Scenario,3
ID,26,Time,927.873,DronePosition,-297.4882,45,-107.379,11.1,CameraPosition,-103.1506,1.792667,-107.4965,CameraRotation,342.5107,265.9361,357.8614,CurrentState,MoveToInitial,Slider,51,Scenario,3
ID,26,Time,927.8869,DronePosition,-297.3337,45,-107.379,11.1,CameraPosition,-103.1511,1.792517,-107.4972,CameraRotation,342.6977,265.9313,357.9799,CurrentState,MoveToInitial,Slider,51,Scenario,3
ID,26,Time,927.9009,DronePosition,-297.1784,45,-107.379,11.1,CameraPosition,-103.1518,1.792433,-107.4981,CameraRotation,342.8135,265.9095,358.1288,CurrentState,MoveToInitial,Slider,51,Scenario,3
ID,26,Time,927.9149,DronePosition,-297.0233,45,-107.379,11.1,CameraPosition,-103.1525,1.79263,-107.4989,CameraRotation,342.6202,265.8932,358.3391,CurrentState,MoveToInitial,Slider,51,Scenario,3
ID,26,Time,927.9299,DronePosition,-296.8561,45,-107.379,11.1,CameraPosition,-103.153,1.793118,-107.4996,CameraRotation,342.0869,265.8942,358.6116,CurrentState,MoveToInitial,Slider,51,Scenario,3
ID,26,Time,927.9425,DronePosition,-296.7165,45,-107.379,11.1,CameraPosition,-103.1534,1.793767,-107.5004,CameraRotation,341.4331,265.8847,358.893,CurrentState,MoveToInitial,Slider,51,Scenario,3
ID,26,Time,927.9583,DronePosition,-296.5408,45,-107.379,11.1,CameraPosition,-103.1537,1.794659,-107.5012,CameraRotation,340.6186,265.8196,359.1487,CurrentState,MoveToInitial,Slider,51,Scenario,3
ID,26,Time,927.9708,DronePosition,-296.403,45,-107.379,11.1,CameraPosition,-103.1538,1.795453,-107.5021,CameraRotation,339.9207,265.6946,359.319,CurrentState,MoveToInitial,Slider,51,Scenario,3
ID,26,Time,927.9844,DronePosition,-296.2511,45,-107.379,11.1,CameraPosition,-103.1539,1.795977,-107.503,CameraRotation,339.4498,265.5584,359.4196,CurrentState,MoveToInitial,Slider,51,Scenario,3
ID,26,Time,927.9981,DronePosition,-296.0989,45,-107.379,11.1,CameraPosition,-103.1539,1.796239,-107.5038,CameraRotation,339.2535,265.4455,359.4471,CurrentState,MoveToInitial,Slider,51,Scenario,3
ID,26,Time,928.0121,DronePosition,-295.9439,45,-107.379,11.1,CameraPosition,-103.1539,1.796252,-107.5045,CameraRotation,339.2449,265.349,359.3984,CurrentState,MoveToInitial,Slider,51,Scenario,3
ID,26,Time,928.0263,DronePosition,-295.7863,45,-107.379,11.1,CameraPosition,-103.154,1.796123,-107.5052,CameraRotation,339.3326,265.2536,359.352,CurrentState,MoveToInitial,Slider,51,Scenario,3
ID,26,Time,928.04,DronePosition,-295.634,45,-107.379,11.1,CameraPosition,-103.1542,1.795811,-107.5059,CameraRotation,339.6721,265.1571,359.3345,CurrentState,MoveToInitial,Slider,51,Scenario,3
ID,26,Time,928.0539,DronePosition,-295.4796,45,-107.379,11.1,CameraPosition,-103.1544,1.795246,-107.5065,CameraRotation,340.1374,265.0717,359.2999,CurrentState,MoveToInitial,Slider,51,Scenario,3
ID,26,Time,928.0678,DronePosition,-295.3256,45,-107.379,11.1,CameraPosition,-103.1549,1.794658,-107.507,CameraRotation,340.6776,265.0407,359.281,CurrentState,MoveToInitial,Slider,51,Scenario,3
ID,26,Time,928.0818,DronePosition,-295.1698,45,-107.379,11.1,CameraPosition,-103.1555,1.79405,-107.5074,CameraRotation,341.2502,265.0621,359.253,CurrentState,MoveToInitial,Slider,51,Scenario,3
ID,26,Time,928.0957,DronePosition,-295.0158,45,-107.379,11.1,CameraPosition,-103.1562,1.793632,-107.5079,CameraRotation,341.6302,265.1162,359.2155,CurrentState,MoveToInitial,Slider,51,Scenario,3
ID,26,Time,928.1098,DronePosition,-294.8593,45,-107.379,11.1,CameraPosition,-103.157,1.793454,-107.5083,CameraRotation,341.7306,265.1699,359.2421,CurrentState,MoveToInitial,Slider,51,Scenario,3
ID,26,Time,928.1241,DronePosition,-294.7007,45,-107.379,11.1,CameraPosition,-103.1579,1.793446,-107.5087,CameraRotation,341.6528,265.2192,359.3759,CurrentState,MoveToInitial,Slider,51,Scenario,3
ID,26,Time,928.1375,DronePosition,-294.5518,45,-107.379,11.1,CameraPosition,-103.1588,1.793372,-107.5091,CameraRotation,341.7132,265.2289,359.563,CurrentState,MoveToInitial,Slider,51,Scenario,3
ID,26,Time,928.1514,DronePosition,-294.3969,45,-107.379,11.1,CameraPosition,-103.1596,1.79304,-107.5095,CameraRotation,341.9681,265.2366,359.6775,CurrentState,MoveToInitial,Slider,51,Scenario,3
ID,26,Time,928.1653,DronePosition,-294.2428,45,-107.379,11.1,CameraPosition,-103.1605,1.792428,-107.51,CameraRotation,342.4089,265.2534,359.7216,CurrentState,MoveToInitial,Slider,51,Scenario,3
ID,26,Time,928.1797,DronePosition,-294.0835,45,-107.379,11.1,CameraPosition,-103.1614,1.791678,-107.5104,CameraRotation,342.776,265.2889,359.7902,CurrentState,MoveToInitial,Slider,51,Scenario,3
ID,26,Time,928.1932,DronePosition,-293.9331,45,-107.379,11.1,CameraPosition,-103.1621,1.791013,-107.5107,CameraRotation,343.0778,265.3368,359.9194,CurrentState,MoveToInitial,Slider,51,Scenario,3
ID,26,Time,928.2075,DronePosition,-293.7745,45,-107.379,11.1,CameraPosition,-103.1628,1.790423,-107.511,CameraRotation,343.33,265.3719,0.1157137,CurrentState,MoveToInitial,Slider,51,Scenario,3
ID,26,Time,928.2211,DronePosition,-293.6245,45,-107.379,11.1,CameraPosition,-103.1633,1.789988,-107.5114,CameraRotation,343.5598,265.3976,0.313603,CurrentState,MoveToInitial,Slider,51,Scenario,3
ID,26,Time,928.235,DronePosition,-293.4691,45,-107.379,11.1,CameraPosition,-103.1639,1.789711,-107.5117,CameraRotation,343.7033,265.3646,0.4401521,CurrentState,MoveToInitial,Slider,51,Scenario,3
ID,26,Time,928.2491,DronePosition,-293.3123,45,-107.379,11.1,CameraPosition,-103.1643,1.789624,-107.5121,CameraRotation,343.8247,265.3067,0.4889984,CurrentState,MoveToInitial,Slider,51,Scenario,3
ID,26,Time,928.263,DronePosition,-293.1587,45,-107.379,11.1,CameraPosition,-103.1647,1.789583,-107.5125,CameraRotation,343.8649,265.2074,0.4794368,CurrentState,MoveToInitial,Slider,51,Scenario,3
ID,26,Time,928.2767,DronePosition,-293.0064,45,-107.379,11.1,CameraPosition,-103.1651,1.789495,-107.5129,CameraRotation,344.0184,265.1563,0.4621696,CurrentState,MoveToInitial,Slider,51,Scenario,3
ID,26,Time,928.2908,DronePosition,-292.85,45,-107.379,11.1,CameraPosition,-103.1655,1.789314,-107.5131,CameraRotation,344.1286,265.1007,0.4352425,CurrentState,MoveToInitial,Slider,51,Scenario,3
ID,26,Time,928.3046,DronePosition,-292.6974,45,-107.379,11.1,CameraPosition,-103.1658,1.78906,-107.5134,CameraRotation,344.2856,265.0561,0.4466724,CurrentState,MoveToInitial,Slider,51,Scenario,3
ID,26,Time,928.3186,DronePosition,-292.5414,45,-107.379,11.1,CameraPosition,-103.1661,1.788775,-107.5136,CameraRotation,344.5027,265.0179,0.4953021,CurrentState,MoveToInitial,Slider,51,Scenario,3
ID,26,Time,928.3325,DronePosition,-292.387,45,-107.379,11.1,CameraPosition,-103.1664,1.788426,-107.5137,CameraRotation,344.69,265.0088,0.5437313,CurrentState,MoveToInitial,Slider,51,Scenario,3
ID,26,Time,928.3463,DronePosition,-292.2342,45,-107.379,11.1,CameraPosition,-103.1668,1.788051,-107.5137,CameraRotation,344.8566,265.0572,0.5535217,CurrentState,MoveToInitial,Slider,51,Scenario,3
ID,26,Time,928.3604,DronePosition,-292.0781,45,-107.379,11.1,CameraPosition,-103.1673,1.787498,-107.5137,CameraRotation,345.0066,265.178,0.4830499,CurrentState,MoveToInitial,Slider,51,Scenario,3
ID,26,Time,928.3742,DronePosition,-291.9247,45,-107.379,11.1,CameraPosition,-103.1676,1.786862,-107.5136,CameraRotation,345.4235,265.2465,0.3305204,CurrentState,MoveToInitial,Slider,51,Scenario,3
ID,26,Time,928.3883,DronePosition,-291.7679,45,-107.379,11.1,CameraPosition,-103.1677,1.786365,-107.5136,CameraRotation,345.8696,265.2806,0.2497369,CurrentState,MoveToInitial,Slider,51,Scenario,3
ID,26,Time,928.4019,DronePosition,-291.617,45,-107.379,11.1,CameraPosition,-103.1678,1.786071,-107.5135,CameraRotation,346.0801,265.311,0.2660423,CurrentState,MoveToInitial,Slider,51,Scenario,3
ID,26,Time,928.4161,DronePosition,-291.4594,45,-107.379,11.1,CameraPosition,-103.168,1.78607,-107.5133,CameraRotation,346.1554,265.39,0.3205175,CurrentState,MoveToInitial,Slider,51,Scenario,3
ID,26,Time,928.43,DronePosition,-291.3052,45,-107.379,11.1,CameraPosition,-103.1683,1.786264,-107.5131,CameraRotation,346.0221,265.4814,0.3177219,CurrentState,MoveToInitial,Slider,51,Scenario,3
ID,26,Time,928.4437,DronePosition,-291.1524,45,-107.379,11.1,CameraPosition,-103.1683,1.786506,-107.5129,CameraRotation,346.1118,265.5552,0.3763675,CurrentState,MoveToInitial,Slider,51,Scenario,3
ID,26,Time,928.4577,DronePosition,-290.9977,45,-107.379,11.1,CameraPosition,-103.1686,1.7868,-107.5126,CameraRotation,346.0188,265.6741,0.4031762,CurrentState,MoveToInitial,Slider,51,Scenario,3
ID,26,Time,928.4719,DronePosition,-290.8399,45,-107.379,11.1,CameraPosition,-103.1687,1.787176,-107.5124,CameraRotation,345.9542,265.7268,0.4232806,CurrentState,MoveToInitial,Slider,51,Scenario,3
ID,26,Time,928.4856,DronePosition,-290.6883,45,-107.379,11.1,CameraPosition,-103.1688,1.787586,-107.5122,CameraRotation,346.0408,265.73,0.4710836,CurrentState,MoveToInitial,Slider,51,Scenario,3
ID,26,Time,928.4996,DronePosition,-290.5324,45,-107.379,11.1,CameraPosition,-103.1692,1.787884,-107.512,CameraRotation,345.971,265.6773,0.4862812,CurrentState,MoveToInitial,Slider,51,Scenario,3
ID,26,Time,928.5133,DronePosition,-290.3804,45,-107.379,11.1,CameraPosition,-103.1696,1.788072,-107.5117,CameraRotation,346.0254,265.6293,0.4598954,CurrentState,MoveToInitial,Slider,51,Scenario,3
ID,26,Time,928.5272,DronePosition,-290.2258,45,-107.379,11.1,CameraPosition,-103.1701,1.788085,-107.5114,CameraRotation,346.0729,265.6101,0.4032584,CurrentState,MoveToInitial,Slider,51,Scenario,3
ID,26,Time,928.5413,DronePosition,-290.0703,45,-107.379,11.1,CameraPosition,-103.1705,1.787928,-107.5111,CameraRotation,346.2732,265.6013,0.3649434,CurrentState,MoveToInitial,Slider,51,Scenario,3
ID,26,Time,928.555,DronePosition,-289.9175,45,-107.379,11.1,CameraPosition,-103.171,1.787687,-107.5108,CameraRotation,346.4962,265.6006,0.3434526,CurrentState,MoveToInitial,Slider,51,Scenario,3
ID,26,Time,928.5694,DronePosition,-289.7581,45,-107.379,11.1,CameraPosition,-103.1714,1.78748,-107.5104,CameraRotation,346.6526,265.5724,0.3284805,CurrentState,MoveToInitial,Slider,51,Scenario,3
ID,26,Time,928.5832,DronePosition,-289.6048,45,-107.379,11.1,CameraPosition,-103.1718,1.787251,-107.5101,CameraRotation,346.8073,265.5226,0.2588998,CurrentState,MoveToInitial,Slider,51,Scenario,3
ID,26,Time,928.5975,DronePosition,-289.4463,45,-107.379,11.1,CameraPosition,-103.1722,1.787029,-107.5097,CameraRotation,346.9183,265.491,0.1592365,CurrentState,MoveToInitial,Slider,51,Scenario,3
ID,26,Time,928.6111,DronePosition,-289.295,45,-107.379,11.1,CameraPosition,-103.1725,1.786816,-107.5093,CameraRotation,347.0043,265.4731,0.03338997,CurrentState,MoveToInitial,Slider,51,Scenario,3
ID,26,Time,928.6252,DronePosition,-289.1384,45,-107.379,11.1,CameraPosition,-103.1727,1.786569,-107.5088,CameraRotation,347.1354,265.4633,359.9088,CurrentState,MoveToInitial,Slider,51,Scenario,3
ID,26,Time,928.6389,DronePosition,-288.9869,45,-107.379,11.1,CameraPosition,-103.1729,1.786271,-107.5082,CameraRotation,347.2761,265.4668,359.8075,CurrentState,MoveToInitial,Slider,51,Scenario,3
ID,26,Time,928.6526,DronePosition,-288.8341,45,-107.379,11.1,CameraPosition,-103.1731,1.78602,-107.5077,CameraRotation,347.4261,265.488,359.7197,CurrentState,MoveToInitial,Slider,51,Scenario,3
ID,26,Time,928.6666,DronePosition,-288.6786,45,-107.379,11.1,CameraPosition,-103.1732,1.785862,-107.507,CameraRotation,347.4973,265.5222,359.6031,CurrentState,MoveToInitial,Slider,51,Scenario,3
ID,26,Time,928.6807,DronePosition,-288.5223,45,-107.379,11.1,CameraPosition,-103.1732,1.785806,-107.5063,CameraRotation,347.4836,265.5546,359.4519,CurrentState,MoveToInitial,Slider,51,Scenario,3
ID,26,Time,928.6945,DronePosition,-288.3689,45,-107.379,11.1,CameraPosition,-103.1732,1.785811,-107.5056,CameraRotation,347.4722,265.6178,359.2891,CurrentState,MoveToInitial,Slider,51,Scenario,3
ID,26,Time,928.7084,DronePosition,-288.2154,45,-107.379,11.1,CameraPosition,-103.1731,1.785843,-107.5048,CameraRotation,347.4485,265.7266,359.1355,CurrentState,MoveToInitial,Slider,51,Scenario,3
ID,26,Time,928.7227,DronePosition,-288.0564,45,-107.379,11.1,CameraPosition,-103.173,1.785829,-107.5041,CameraRotation,347.4317,265.8417,358.9806,CurrentState,MoveToInitial,Slider,51,Scenario,3
ID,26,Time,928.7362,DronePosition,-287.9065,45,-107.379,11.1,CameraPosition,-103.173,1.785764,-107.5033,CameraRotation,347.4717,265.9756,358.8494,CurrentState,MoveToInitial,Slider,51,Scenario,3
ID,26,Time,928.7502,DronePosition,-287.7513,45,-107.379,11.1,CameraPosition,-103.1729,1.785702,-107.5026,CameraRotation,347.558,266.113,358.7389,CurrentState,MoveToInitial,Slider,51,Scenario,3
ID,26,Time,928.7641,DronePosition,-287.5966,45,-107.379,11.1,CameraPosition,-103.1728,1.785639,-107.5019,CameraRotation,347.5987,266.2365,358.6326,CurrentState,MoveToInitial,Slider,51,Scenario,3
ID,26,Time,928.7781,DronePosition,-287.4408,45,-107.379,11.1,CameraPosition,-103.1727,1.785645,-107.5012,CameraRotation,347.6321,266.3675,358.5255,CurrentState,MoveToInitial,Slider,51,Scenario,3
ID,26,Time,928.7924,DronePosition,-287.2822,45,-107.379,11.1,CameraPosition,-103.1726,1.785759,-107.5005,CameraRotation,347.6059,266.493,358.4379,CurrentState,MoveToInitial,Slider,51,Scenario,3
ID,26,Time,928.8062,DronePosition,-287.1296,45,-107.379,11.1,CameraPosition,-103.1725,1.78595,-107.4998,CameraRotation,347.5298,266.6056,358.3643,CurrentState,MoveToInitial,Slider,51,Scenario,3
ID,26,Time,928.8196,DronePosition,-286.9809,45,-107.379,11.1,CameraPosition,-103.1725,1.786159,-107.4992,CameraRotation,347.3766,266.703,358.3118,CurrentState,MoveToInitial,Slider,51,Scenario,3
ID,26,Time,928.8337,DronePosition,-286.8234,45,-107.379,11.1,CameraPosition,-103.1725,1.786286,-107.4987,CameraRotation,347.2478,266.7739,358.2579,CurrentState,MoveToInitial,Slider,51,Scenario,3
ID,26,Time,928.8475,DronePosition,-286.6703,45,-107.379,11.1,CameraPosition,-103.1724,1.786328,-107.4981,CameraRotation,347.2284,266.8341,358.2325,CurrentState,MoveToInitial,Slider,51,Scenario,3
ID,26,Time,928.8616,DronePosition,-286.5149,45,-107.379,11.1,CameraPosition,-103.1724,1.786243,-107.4977,CameraRotation,347.268,266.8774,358.2262,CurrentState,MoveToInitial,Slider,51,Scenario,3
ID,26,Time,928.8755,DronePosition,-286.3605,45,-107.379,11.1,CameraPosition,-103.1725,1.786168,-107.4973,CameraRotation,347.3117,266.9069,358.1995,CurrentState,MoveToInitial,Slider,51,Scenario,3
ID,26,Time,928.8891,DronePosition,-286.2089,45,-107.379,11.1,CameraPosition,-103.1725,1.786214,-107.4968,CameraRotation,347.2927,266.9373,358.1833,CurrentState,MoveToInitial,Slider,51,Scenario,3
ID,26,Time,928.9031,DronePosition,-286.0538,45,-107.379,11.1,CameraPosition,-103.1727,1.786507,-107.4964,CameraRotation,347.2194,266.9703,358.1978,CurrentState,MoveToInitial,Slider,51,Scenario,3
ID,26,Time,928.9171,DronePosition,-285.8991,45,-107.379,11.1,CameraPosition,-103.1729,1.786882,-107.496,CameraRotation,347.0667,266.9875,358.2321,CurrentState,MoveToInitial,Slider,51,Scenario,3
ID,26,Time,928.9313,DronePosition,-285.7403,45,-107.379,11.1,CameraPosition,-103.1731,1.787322,-107.4957,CameraRotation,346.813,266.9985,358.2639,CurrentState,MoveToInitial,Slider,51,Scenario,3
ID,26,Time,928.9452,DronePosition,-285.5869,45,-107.379,11.1,CameraPosition,-103.1733,1.78763,-107.4955,CameraRotation,346.5975,266.9716,358.295,CurrentState,MoveToInitial,Slider,51,Scenario,3
ID,26,Time,928.9589,DronePosition,-285.4338,45,-107.379,11.1,CameraPosition,-103.1736,1.78779,-107.4953,CameraRotation,346.4921,266.9397,358.3488,CurrentState,MoveToInitial,Slider,51,Scenario,3
ID,26,Time,928.973,DronePosition,-285.2776,45,-107.379,11.1,CameraPosition,-103.174,1.787803,-107.495,CameraRotation,346.4639,266.8977,358.4253,CurrentState,MoveToInitial,Slider,51,Scenario,3
ID,26,Time,928.9868,DronePosition,-285.1251,45,-107.379,11.1,CameraPosition,-103.1743,1.78776,-107.4948,CameraRotation,346.4439,266.8558,358.4848,CurrentState,MoveToInitial,Slider,51,Scenario,3
ID,26,Time,929.0006,DronePosition,-284.9712,45,-107.379,11.1,CameraPosition,-103.1747,1.787671,-107.4947,CameraRotation,346.4247,266.7913,358.5246,CurrentState,MoveToInitial,Slider,51,Scenario,3
ID,26,Time,929.0152,DronePosition,-284.8092,45,-107.379,11.1,CameraPosition,-103.1752,1.787576,-107.4946,CameraRotation,346.3863,266.725,358.5807,CurrentState,MoveToInitial,Slider,51,Scenario,3
ID,26,Time,929.0289,DronePosition,-284.658,45,-107.379,11.1,CameraPosition,-103.1756,1.787461,-107.4945,CameraRotation,346.3894,266.6509,358.6657,CurrentState,MoveToInitial,Slider,51,Scenario,3
ID,26,Time,929.0427,DronePosition,-284.5045,45,-107.379,11.1,CameraPosition,-103.1761,1.787329,-107.4944,CameraRotation,346.4023,266.587,358.7391,CurrentState,MoveToInitial,Slider,51,Scenario,3
ID,26,Time,929.0566,DronePosition,-284.35,45,-107.379,11.1,CameraPosition,-103.1767,1.787157,-107.4944,CameraRotation,346.4157,266.5237,358.7957,CurrentState,MoveToInitial,Slider,51,Scenario,3
ID,26,Time,929.0704,DronePosition,-284.1972,45,-107.379,11.1,CameraPosition,-103.1773,1.787,-107.4944,CameraRotation,346.4033,266.4431,358.8173,CurrentState,MoveToInitial,Slider,51,Scenario,3
ID,26,Time,929.0844,DronePosition,-284.0418,45,-107.379,11.1,CameraPosition,-103.1778,1.786865,-107.4944,CameraRotation,346.3984,266.3478,358.8298,CurrentState,MoveToInitial,Slider,51,Scenario,3
ID,26,Time,929.0982,DronePosition,-283.8878,45,-107.379,11.1,CameraPosition,-103.1784,1.786735,-107.4944,CameraRotation,346.4299,266.2421,358.8534,CurrentState,MoveToInitial,Slider,51,Scenario,3
ID,26,Time,929.1123,DronePosition,-283.7316,45,-107.379,11.1,CameraPosition,-103.1789,1.786619,-107.4944,CameraRotation,346.496,266.1246,358.8927,CurrentState,MoveToInitial,Slider,51,Scenario,3
ID,26,Time,929.126,DronePosition,-283.5788,45,-107.379,11.1,CameraPosition,-103.1795,1.786551,-107.4944,CameraRotation,346.5438,266.0382,358.9337,CurrentState,MoveToInitial,Slider,51,Scenario,3
ID,26,Time,929.1402,DronePosition,-283.4222,45,-107.379,11.1,CameraPosition,-103.1802,1.786512,-107.4944,CameraRotation,346.5323,265.9557,358.9663,CurrentState,MoveToInitial,Slider,51,Scenario,3
ID,26,Time,929.1539,DronePosition,-283.2696,45,-107.379,11.1,CameraPosition,-103.1808,1.786545,-107.4943,CameraRotation,346.4968,265.8852,358.9912,CurrentState,MoveToInitial,Slider,51,Scenario,3
ID,26,Time,929.1677,DronePosition,-283.1169,45,-107.379,11.1,CameraPosition,-103.1815,1.78664,-107.4943,CameraRotation,346.4446,265.8112,359.0327,CurrentState,MoveToInitial,Slider,51,Scenario,3
ID,26,Time,929.1819,DronePosition,-282.9593,45,-107.379,11.1,CameraPosition,-103.1823,1.786788,-107.4943,CameraRotation,346.3395,265.7434,359.0866,CurrentState,MoveToInitial,Slider,51,Scenario,3
ID,26,Time,929.1956,DronePosition,-282.8071,45,-107.379,11.1,CameraPosition,-103.183,1.786964,-107.4943,CameraRotation,346.197,265.681,359.125,CurrentState,MoveToInitial,Slider,51,Scenario,3
ID,26,Time,929.2096,DronePosition,-282.6518,45,-107.379,11.1,CameraPosition,-103.1838,1.787126,-107.4943,CameraRotation,346.0661,265.6076,359.1569,CurrentState,MoveToInitial,Slider,51,Scenario,3
ID,26,Time,929.224,DronePosition,-282.4917,45,-107.379,11.1,CameraPosition,-103.1846,1.787236,-107.4943,CameraRotation,345.9576,265.5463,359.1775,CurrentState,MoveToInitial,Slider,51,Scenario,3
ID,26,Time,929.2374,DronePosition,-282.343,45,-107.379,11.1,CameraPosition,-103.1854,1.787216,-107.4943,CameraRotation,345.921,265.5013,359.1601,CurrentState,MoveToInitial,Slider,51,Scenario,3
ID,26,Time,929.2516,DronePosition,-282.1847,45,-107.379,11.1,CameraPosition,-103.1862,1.787066,-107.4944,CameraRotation,345.9683,265.4619,359.1101,CurrentState,MoveToInitial,Slider,51,Scenario,3
ID,26,Time,929.2653,DronePosition,-282.0327,45,-107.379,11.1,CameraPosition,-103.1869,1.786851,-107.4944,CameraRotation,346.0513,265.4293,359.0595,CurrentState,MoveToInitial,Slider,51,Scenario,3
ID,26,Time,929.2793,DronePosition,-281.8777,45,-107.379,11.1,CameraPosition,-103.1877,1.786528,-107.4943,CameraRotation,346.2324,265.4124,358.974,CurrentState,MoveToInitial,Slider,51,Scenario,3
ID,26,Time,929.2932,DronePosition,-281.7242,45,-107.379,11.1,CameraPosition,-103.1885,1.786122,-107.4943,CameraRotation,346.4805,265.3956,358.8664,CurrentState,MoveToInitial,Slider,51,Scenario,3
ID,26,Time,929.3073,DronePosition,-281.5677,45,-107.379,11.1,CameraPosition,-103.1892,1.785732,-107.4943,CameraRotation,346.7262,265.3896,358.7453,CurrentState,MoveToInitial,Slider,51,Scenario,3
ID,26,Time,929.321,DronePosition,-281.4149,45,-107.379,11.1,CameraPosition,-103.1899,1.785352,-107.4943,CameraRotation,347.0405,265.4062,358.5829,CurrentState,MoveToInitial,Slider,51,Scenario,3
ID,26,Time,929.3351,DronePosition,-281.2582,45,-107.379,11.1,CameraPosition,-103.1905,1.785047,-107.4942,CameraRotation,347.3525,265.4256,358.4274,CurrentState,MoveToInitial,Slider,51,Scenario,3
ID,26,Time,929.3489,DronePosition,-281.105,45,-107.379,11.1,CameraPosition,-103.1911,1.784783,-107.4941,CameraRotation,347.5901,265.4738,358.26,CurrentState,MoveToInitial,Slider,51,Scenario,3
ID,26,Time,929.3629,DronePosition,-280.9504,45,-107.379,11.1,CameraPosition,-103.1916,1.784584,-107.494,CameraRotation,347.6563,265.5411,358.089,CurrentState,MoveToInitial,Slider,51,Scenario,3
ID,26,Time,929.3766,DronePosition,-280.7981,45,-107.379,11.1,CameraPosition,-103.1919,1.784492,-107.494,CameraRotation,347.6685,265.6229,357.9373,CurrentState,MoveToInitial,Slider,51,Scenario,3
ID,26,Time,929.3906,DronePosition,-280.6424,45,-107.379,11.1,CameraPosition,-103.1922,1.784544,-107.4939,CameraRotation,347.5985,265.7051,357.8244,CurrentState,MoveToInitial,Slider,51,Scenario,3
ID,26,Time,929.4045,DronePosition,-280.4881,45,-107.379,11.1,CameraPosition,-103.1924,1.78468,-107.4938,CameraRotation,347.4541,265.8012,357.7422,CurrentState,MoveToInitial,Slider,51,Scenario,3
ID,26,Time,929.4185,DronePosition,-280.3335,45,-107.379,11.1,CameraPosition,-103.1927,1.784786,-107.4937,CameraRotation,347.2766,265.8901,357.6683,CurrentState,MoveToInitial,Slider,51,Scenario,3
ID,26,Time,929.4327,DronePosition,-280.1746,45,-107.379,11.1,CameraPosition,-103.1928,1.784863,-107.4936,CameraRotation,347.0462,265.9597,357.6352,CurrentState,MoveToInitial,Slider,51,Scenario,3
ID,26,Time,929.4464,DronePosition,-280.0235,45,-107.379,11.1,CameraPosition,-103.1929,1.784865,-107.4935,CameraRotation,346.8939,266.0093,357.62,CurrentState,MoveToInitial,Slider,51,Scenario,3
ID,26,Time,929.4602,DronePosition,-279.87,45,-107.379,11.1,CameraPosition,-103.193,1.784802,-107.4935,CameraRotation,346.8591,266.0447,357.6268,CurrentState,MoveToInitial,Slider,51,Scenario,3
ID,26,Time,929.4742,DronePosition,-279.7137,45,-107.379,11.1,CameraPosition,-103.193,1.784813,-107.4935,CameraRotation,346.8226,266.0604,357.6364,CurrentState,MoveToInitial,Slider,51,Scenario,3
ID,26,Time,929.4882,DronePosition,-279.5594,45,-107.379,11.1,CameraPosition,-103.193,1.784917,-107.4935,CameraRotation,346.7561,266.062,357.6333,CurrentState,MoveToInitial,Slider,51,Scenario,3
ID,26,Time,929.5019,DronePosition,-279.4073,45,-107.379,11.1,CameraPosition,-103.1931,1.785118,-107.4936,CameraRotation,346.6711,266.0539,357.6278,CurrentState,MoveToInitial,Slider,51,Scenario,3
ID,26,Time,929.5159,DronePosition,-279.2519,45,-107.379,11.1,CameraPosition,-103.1931,1.785366,-107.4937,CameraRotation,346.6086,266.0313,357.6172,CurrentState,MoveToInitial,Slider,51,Scenario,3
ID,26,Time,929.5298,DronePosition,-279.0972,45,-107.379,11.1,CameraPosition,-103.1931,1.785606,-107.4938,CameraRotation,346.5595,266.0121,357.5995,CurrentState,MoveToInitial,Slider,51,Scenario,3
ID,26,Time,929.5438,DronePosition,-278.9425,45,-107.379,11.1,CameraPosition,-103.193,1.785778,-107.494,CameraRotation,346.5062,266.0096,357.5988,CurrentState,MoveToInitial,Slider,51,Scenario,3
ID,26,Time,929.5577,DronePosition,-278.7878,45,-107.379,11.1,CameraPosition,-103.1929,1.785887,-107.4941,CameraRotation,346.4367,266.0032,357.5987,CurrentState,MoveToInitial,Slider,51,Scenario,3
ID,26,Time,929.5714,DronePosition,-278.6353,45,-107.379,11.1,CameraPosition,-103.1929,1.785962,-107.4943,CameraRotation,346.3685,266.0015,357.6206,CurrentState,MoveToInitial,Slider,51,Scenario,3
ID,26,Time,929.5854,DronePosition,-278.4802,45,-107.379,11.1,CameraPosition,-103.1929,1.785986,-107.4945,CameraRotation,346.3111,265.983,357.6782,CurrentState,MoveToInitial,Slider,51,Scenario,3
ID,26,Time,929.5994,DronePosition,-278.3248,45,-107.379,11.1,CameraPosition,-103.1929,1.785952,-107.4947,CameraRotation,346.2113,265.9466,357.7515,CurrentState,MoveToInitial,Slider,51,Scenario,3
ID,26,Time,929.6132,DronePosition,-278.1716,45,-107.379,11.1,CameraPosition,-103.1929,1.785869,-107.4949,CameraRotation,346.1013,265.8941,357.8505,CurrentState,MoveToInitial,Slider,51,Scenario,3
ID,26,Time,929.6274,DronePosition,-278.0143,45,-107.379,11.1,CameraPosition,-103.193,1.785684,-107.4951,CameraRotation,345.9926,265.8177,357.9684,CurrentState,MoveToInitial,Slider,51,Scenario,3
ID,26,Time,929.6417,DronePosition,-277.8551,45,-107.379,11.1,CameraPosition,-103.1931,1.785455,-107.4953,CameraRotation,345.9651,265.7186,358.0709,CurrentState,MoveToInitial,Slider,51,Scenario,3
ID,26,Time,929.6552,DronePosition,-277.7062,45,-107.379,11.1,CameraPosition,-103.1932,1.78534,-107.4955,CameraRotation,346.0426,265.6084,358.1403,CurrentState,MoveToInitial,Slider,51,Scenario,3
ID,26,Time,929.6691,DronePosition,-277.5509,45,-107.379,11.1,CameraPosition,-103.1933,1.785329,-107.4956,CameraRotation,346.0862,265.4871,358.1931,CurrentState,MoveToInitial,Slider,51,Scenario,3
ID,26,Time,929.683,DronePosition,-277.397,45,-107.379,11.1,CameraPosition,-103.1934,1.785394,-107.4958,CameraRotation,346.0211,265.3898,358.2109,CurrentState,MoveToInitial,Slider,51,Scenario,3
ID,26,Time,929.6971,DronePosition,-277.2404,45,-107.379,11.1,CameraPosition,-103.1935,1.785495,-107.4959,CameraRotation,345.9849,265.3036,358.2304,CurrentState,MoveToInitial,Slider,51,Scenario,3
ID,26,Time,929.7107,DronePosition,-277.0891,45,-107.379,11.1,CameraPosition,-103.1937,1.785586,-107.496,CameraRotation,345.9618,265.2366,358.2409,CurrentState,MoveToInitial,Slider,51,Scenario,3
ID,26,Time,929.7248,DronePosition,-276.9331,45,-107.379,11.1,CameraPosition,-103.1938,1.785601,-107.496,CameraRotation,345.9654,265.1854,358.24,CurrentState,MoveToInitial,Slider,51,Scenario,3
ID,26,Time,929.7388,DronePosition,-276.7778,45,-107.379,11.1,CameraPosition,-103.1941,1.785598,-107.496,CameraRotation,345.9793,265.173,358.248,CurrentState,MoveToInitial,Slider,51,Scenario,3
ID,26,Time,929.7526,DronePosition,-276.6244,45,-107.379,11.1,CameraPosition,-103.1943,1.78556,-107.496,CameraRotation,345.9491,265.1996,358.259,CurrentState,MoveToInitial,Slider,51,Scenario,3
ID,26,Time,929.7664,DronePosition,-276.4711,45,-107.379,11.1,CameraPosition,-103.1945,1.7855,-107.4959,CameraRotation,345.9042,265.2497,358.283,CurrentState,MoveToInitial,Slider,51,Scenario,3
ID,26,Time,929.7807,DronePosition,-276.312,45,-107.379,11.1,CameraPosition,-103.1948,1.785411,-107.4959,CameraRotation,345.8819,265.3099,358.3212,CurrentState,MoveToInitial,Slider,51,Scenario,3
ID,26,Time,929.7946,DronePosition,-276.158,45,-107.379,11.1,CameraPosition,-103.1951,1.785286,-107.4959,CameraRotation,345.8454,265.3597,358.3847,CurrentState,MoveToInitial,Slider,51,Scenario,3
ID,26,Time,929.8083,DronePosition,-276.0061,45,-107.379,11.1,CameraPosition,-103.1954,1.785117,-107.4958,CameraRotation,345.7903,265.3899,358.4634,CurrentState,MoveToInitial,Slider,51,Scenario,3
ID,26,Time,929.822,DronePosition,-275.8534,45,-107.379,11.1,CameraPosition,-103.1957,1.78495,-107.4957,CameraRotation,345.7953,265.3903,358.5521,CurrentState,MoveToInitial,Slider,51,Scenario,3
ID,26,Time,929.836,DronePosition,-275.6987,45,-107.379,11.1,CameraPosition,-103.196,1.784757,-107.4957,CameraRotation,345.8129,265.3691,358.61,CurrentState,MoveToInitial,Slider,51,Scenario,3
ID,26,Time,929.8502,DronePosition,-275.5414,45,-107.379,11.1,CameraPosition,-103.1963,1.784613,-107.4956,CameraRotation,345.886,265.3209,358.6442,CurrentState,MoveToInitial,Slider,51,Scenario,3
ID,26,Time,929.864,DronePosition,-275.3874,45,-107.379,11.1,CameraPosition,-103.1966,1.784508,-107.4954,CameraRotation,345.9743,265.276,358.6416,CurrentState,MoveToInitial,Slider,51,Scenario,3
ID,26,Time,929.8778,DronePosition,-275.2342,45,-107.379,11.1,CameraPosition,-103.1969,1.784542,-107.4953,CameraRotation,346.1006,265.233,358.5989,CurrentState,MoveToInitial,Slider,51,Scenario,3
ID,26,Time,929.8916,DronePosition,-275.0814,45,-107.379,11.1,CameraPosition,-103.1973,1.784582,-107.4951,CameraRotation,346.1802,265.2074,358.5496,CurrentState,MoveToInitial,Slider,51,Scenario,3
ID,26,Time,929.9056,DronePosition,-274.926,45,-107.379,11.1,CameraPosition,-103.1976,1.784724,-107.4949,CameraRotation,346.2515,265.1913,358.4716,CurrentState,MoveToInitial,Slider,51,Scenario,3
ID,26,Time,929.9194,DronePosition,-274.7724,45,-107.379,11.1,CameraPosition,-103.1978,1.784827,-107.4947,CameraRotation,346.3067,265.1996,358.4204,CurrentState,MoveToInitial,Slider,51,Scenario,3
ID,26,Time,929.9335,DronePosition,-274.6163,45,-107.379,11.1,CameraPosition,-103.198,1.784867,-107.4945,CameraRotation,346.3356,265.2445,358.3557,CurrentState,MoveToInitial,Slider,51,Scenario,3
ID,26,Time,929.9473,DronePosition,-274.4627,45,-107.379,11.1,CameraPosition,-103.1982,1.784843,-107.4942,CameraRotation,346.3206,265.3115,358.3369,CurrentState,MoveToInitial,Slider,51,Scenario,3
ID,26,Time,929.9614,DronePosition,-274.3062,45,-107.379,11.1,CameraPosition,-103.1984,1.784823,-107.4939,CameraRotation,346.279,265.4155,358.3452,CurrentState,MoveToInitial,Slider,51,Scenario,3
ID,26,Time,929.9752,DronePosition,-274.1536,45,-107.379,11.1,CameraPosition,-103.1985,1.784831,-107.4936,CameraRotation,346.259,265.5074,358.3577,CurrentState,MoveToInitial,Slider,51,Scenario,3
ID,26,Time,929.9891,DronePosition,-273.9988,45,-107.379,11.1,CameraPosition,-103.1986,1.784836,-107.4932,CameraRotation,346.2357,265.5947,358.3857,CurrentState,MoveToInitial,Slider,51,Scenario,3
ID,26,Time,930.0031,DronePosition,-273.8438,45,-107.379,11.1,CameraPosition,-103.1987,1.784862,-107.4929,CameraRotation,346.2009,265.6829,358.4281,CurrentState,MoveToInitial,Slider,51,Scenario,3
ID,26,Time,930.017,DronePosition,-273.6894,45,-107.379,11.1,CameraPosition,-103.1987,1.78496,-107.4925,CameraRotation,346.1276,265.7642,358.4586,CurrentState,MoveToInitial,Slider,51,Scenario,3
ID,26,Time,930.0309,DronePosition,-273.5353,45,-107.379,11.1,CameraPosition,-103.1986,1.785137,-107.4921,CameraRotation,346.0392,265.8369,358.4905,CurrentState,MoveToInitial,Slider,51,Scenario,3
ID,26,Time,930.0447,DronePosition,-273.3815,45,-107.379,11.1,CameraPosition,-103.1985,1.785276,-107.4917,CameraRotation,345.9681,265.9064,358.5156,CurrentState,MoveToInitial,Slider,51,Scenario,3
ID,26,Time,930.059,DronePosition,-273.2229,45,-107.379,11.1,CameraPosition,-103.1984,1.785298,-107.4913,CameraRotation,345.9099,265.9587,358.5269,CurrentState,MoveToInitial,Slider,51,Scenario,3
ID,26,Time,930.0727,DronePosition,-273.0709,45,-107.379,11.1,CameraPosition,-103.1983,1.785309,-107.4909,CameraRotation,345.901,266.0174,358.518,CurrentState,MoveToInitial,Slider,51,Scenario,3
ID,26,Time,930.0867,DronePosition,-272.9156,45,-107.379,11.1,CameraPosition,-103.1981,1.785307,-107.4904,CameraRotation,345.9174,266.0588,358.5353,CurrentState,MoveToInitial,Slider,51,Scenario,3
ID,26,Time,930.1005,DronePosition,-272.763,45,-107.379,11.1,CameraPosition,-103.1978,1.78534,-107.4899,CameraRotation,345.942,266.1252,358.541,CurrentState,MoveToInitial,Slider,51,Scenario,3
ID,26,Time,930.1144,DronePosition,-272.6078,45,-107.379,11.1,CameraPosition,-103.1975,1.785419,-107.4893,CameraRotation,345.9605,266.2117,358.526,CurrentState,MoveToInitial,Slider,51,Scenario,3
ID,26,Time,930.1282,DronePosition,-272.4544,45,-107.379,11.1,CameraPosition,-103.1971,1.78551,-107.4888,CameraRotation,345.9476,266.3069,358.4984,CurrentState,MoveToInitial,Slider,51,Scenario,3
ID,26,Time,930.1423,DronePosition,-272.2989,45,-107.379,11.1,CameraPosition,-103.1968,1.785612,-107.4882,CameraRotation,345.8899,266.3926,358.4797,CurrentState,MoveToInitial,Slider,51,Scenario,3
ID,26,Time,930.1561,DronePosition,-272.1451,45,-107.379,11.1,CameraPosition,-103.1964,1.785759,-107.4876,CameraRotation,345.7994,266.4601,358.4767,CurrentState,MoveToInitial,Slider,51,Scenario,3
ID,26,Time,930.1702,DronePosition,-271.9893,45,-107.379,11.1,CameraPosition,-103.1959,1.785929,-107.4871,CameraRotation,345.6849,266.5204,358.4614,CurrentState,MoveToInitial,Slider,51,Scenario,3
ID,26,Time,930.1843,DronePosition,-271.8327,45,-107.379,11.1,CameraPosition,-103.1955,1.786156,-107.4867,CameraRotation,345.5125,266.55,358.4352,CurrentState,MoveToInitial,Slider,51,Scenario,3
ID,26,Time,930.198,DronePosition,-271.6805,45,-107.379,11.1,CameraPosition,-103.195,1.786364,-107.4862,CameraRotation,345.3403,266.5842,358.4103,CurrentState,MoveToInitial,Slider,51,Scenario,3
ID,26,Time,930.2118,DronePosition,-271.527,45,-107.379,11.1,CameraPosition,-103.1946,1.786505,-107.4857,CameraRotation,345.1748,266.5937,358.3903,CurrentState,MoveToInitial,Slider,51,Scenario,3
ID,26,Time,930.2258,DronePosition,-271.3721,45,-107.379,11.1,CameraPosition,-103.1942,1.786627,-107.4853,CameraRotation,345.0204,266.595,358.3582,CurrentState,MoveToInitial,Slider,51,Scenario,3
ID,26,Time,930.2397,DronePosition,-271.2172,45,-107.379,11.1,CameraPosition,-103.1938,1.786756,-107.4849,CameraRotation,344.8642,266.5751,358.3257,CurrentState,MoveToInitial,Slider,51,Scenario,3
ID,26,Time,930.2537,DronePosition,-271.0625,45,-107.379,11.1,CameraPosition,-103.1934,1.78691,-107.4845,CameraRotation,344.7109,266.5414,358.2943,CurrentState,MoveToInitial,Slider,51,Scenario,3
ID,26,Time,930.268,DronePosition,-270.9032,45,-107.379,11.1,CameraPosition,-103.193,1.787105,-107.4841,CameraRotation,344.5362,266.5294,358.2666,CurrentState,MoveToInitial,Slider,51,Scenario,3
ID,26,Time,930.2817,DronePosition,-270.7506,45,-107.379,11.1,CameraPosition,-103.1926,1.787359,-107.4837,CameraRotation,344.3286,266.5265,358.2349,CurrentState,MoveToInitial,Slider,51,Scenario,3
ID,26,Time,930.2954,DronePosition,-270.599,45,-107.379,11.1,CameraPosition,-103.1922,1.787641,-107.4833,CameraRotation,344.0973,266.5226,358.1902,CurrentState,MoveToInitial,Slider,51,Scenario,3
ID,26,Time,930.3094,DronePosition,-270.4441,45,-107.379,11.1,CameraPosition,-103.1918,1.787984,-107.4829,CameraRotation,343.8568,266.5355,358.1505,CurrentState,MoveToInitial,Slider,51,Scenario,3
ID,26,Time,930.3235,DronePosition,-270.2874,45,-107.379,11.1,CameraPosition,-103.1915,1.788391,-107.4826,CameraRotation,343.571,266.5636,358.1095,CurrentState,MoveToInitial,Slider,51,Scenario,3
ID,26,Time,930.3372,DronePosition,-270.1349,45,-107.379,11.1,CameraPosition,-103.1911,1.788994,-107.4821,CameraRotation,343.179,266.592,358.0876,CurrentState,MoveToInitial,Slider,51,Scenario,3
ID,26,Time,930.3511,DronePosition,-269.9803,45,-107.379,11.1,CameraPosition,-103.1907,1.789751,-107.4818,CameraRotation,342.5879,266.6454,358.0459,CurrentState,MoveToInitial,Slider,51,Scenario,3
ID,26,Time,930.3651,DronePosition,-269.8257,45,-107.379,11.1,CameraPosition,-103.1901,1.790465,-107.4814,CameraRotation,341.9318,266.6968,357.9879,CurrentState,MoveToInitial,Slider,51,Scenario,3
ID,26,Time,930.3788,DronePosition,-269.6732,45,-107.379,11.1,CameraPosition,-103.1896,1.791065,-107.481,CameraRotation,341.3031,266.7463,357.8946,CurrentState,MoveToInitial,Slider,51,Scenario,3
ID,26,Time,930.3929,DronePosition,-269.5166,45,-107.379,11.1,CameraPosition,-103.1891,1.791461,-107.4807,CameraRotation,340.8524,266.7898,357.8099,CurrentState,MoveToInitial,Slider,51,Scenario,3
ID,26,Time,930.4069,DronePosition,-269.362,45,-107.379,11.1,CameraPosition,-103.1886,1.791677,-107.4804,CameraRotation,340.5662,266.846,357.7551,CurrentState,MoveToInitial,Slider,51,Scenario,3
ID,26,Time,930.4205,DronePosition,-269.2099,45,-107.379,11.1,CameraPosition,-103.188,1.791721,-107.4802,CameraRotation,340.4335,266.9207,357.7218,CurrentState,MoveToInitial,Slider,51,Scenario,3
ID,26,Time,930.4347,DronePosition,-269.053,45,-107.379,11.1,CameraPosition,-103.1875,1.791713,-107.4801,CameraRotation,340.4019,266.9677,357.699,CurrentState,MoveToInitial,Slider,51,Scenario,3
ID,26,Time,930.4487,DronePosition,-268.897,45,-107.379,11.1,CameraPosition,-103.1871,1.791703,-107.48,CameraRotation,340.4007,267.0128,357.6837,CurrentState,MoveToInitial,Slider,51,Scenario,3
ID,26,Time,930.4626,DronePosition,-268.7431,45,-107.379,11.1,CameraPosition,-103.1867,1.791627,-107.4799,CameraRotation,340.46,267.0448,357.6895,CurrentState,MoveToInitial,Slider,51,Scenario,3
ID,26,Time,930.4773,DronePosition,-268.58,45,-107.379,11.1,CameraPosition,-103.1864,1.791535,-107.4799,CameraRotation,340.5567,267.0737,357.7222,CurrentState,MoveToInitial,Slider,51,Scenario,3
ID,26,Time,930.4906,DronePosition,-268.4326,45,-107.379,11.1,CameraPosition,-103.1861,1.791437,-107.4799,CameraRotation,340.6481,267.0969,357.7932,CurrentState,MoveToInitial,Slider,51,Scenario,3
ID,26,Time,930.5041,DronePosition,-268.2823,45,-107.379,11.1,CameraPosition,-103.186,1.791353,-107.4799,CameraRotation,340.7328,267.1028,357.8967,CurrentState,MoveToInitial,Slider,51,Scenario,3
ID,26,Time,930.5182,DronePosition,-268.1259,45,-107.379,11.1,CameraPosition,-103.1859,1.791344,-107.4799,CameraRotation,340.7529,267.1001,357.988,CurrentState,MoveToInitial,Slider,51,Scenario,3
ID,26,Time,930.532,DronePosition,-267.9724,45,-107.379,11.1,CameraPosition,-103.1858,1.791389,-107.4799,CameraRotation,340.7203,267.092,358.0676,CurrentState,MoveToInitial,Slider,51,Scenario,3
ID,26,Time,930.546,DronePosition,-267.8174,45,-107.379,11.1,CameraPosition,-103.1857,1.791499,-107.4799,CameraRotation,340.6833,267.0613,358.1129,CurrentState,MoveToInitial,Slider,51,Scenario,3
ID,26,Time,930.5601,DronePosition,-267.6613,45,-107.379,11.1,CameraPosition,-103.1856,1.791606,-107.4799,CameraRotation,340.6773,267.0202,358.1465,CurrentState,MoveToInitial,Slider,51,Scenario,3
ID,26,Time,930.5741,DronePosition,-267.5054,45,-107.379,11.1,CameraPosition,-103.1855,1.791654,-107.4799,CameraRotation,340.7048,266.9701,358.1758,CurrentState,MoveToInitial,Slider,51,Scenario,3
ID,26,Time,930.5879,DronePosition,-267.3522,45,-107.379,11.1,CameraPosition,-103.1854,1.791614,-107.48,CameraRotation,340.7951,266.8978,358.212,CurrentState,MoveToInitial,Slider,51,Scenario,3
ID,26,Time,930.6019,DronePosition,-267.1972,45,-107.379,11.1,CameraPosition,-103.1854,1.791508,-107.4801,CameraRotation,340.931,266.8196,358.2638,CurrentState,MoveToInitial,Slider,51,Scenario,3
ID,26,Time,930.6157,DronePosition,-267.0439,45,-107.379,11.1,CameraPosition,-103.1853,1.791384,-107.4801,CameraRotation,341.0577,266.7502,358.3138,CurrentState,MoveToInitial,Slider,51,Scenario,3
ID,26,Time,930.6299,DronePosition,-266.8861,45,-107.379,11.1,CameraPosition,-103.1853,1.791269,-107.4802,CameraRotation,341.1624,266.6908,358.3418,CurrentState,MoveToInitial,Slider,51,Scenario,3
ID,26,Time,930.6436,DronePosition,-266.7335,45,-107.379,11.1,CameraPosition,-103.1853,1.79119,-107.4802,CameraRotation,341.2475,266.6519,358.3618,CurrentState,MoveToInitial,Slider,51,Scenario,3
ID,26,Time,930.6576,DronePosition,-266.579,45,-107.379,11.1,CameraPosition,-103.1853,1.791134,-107.4803,CameraRotation,341.3034,266.6426,358.3705,CurrentState,MoveToInitial,Slider,51,Scenario,3
ID,26,Time,930.6715,DronePosition,-266.4243,45,-107.379,11.1,CameraPosition,-103.1852,1.791055,-107.4803,CameraRotation,341.3789,266.6448,358.3867,CurrentState,MoveToInitial,Slider,51,Scenario,3
ID,26,Time,930.6857,DronePosition,-266.2673,45,-107.379,11.1,CameraPosition,-103.1852,1.790935,-107.4803,CameraRotation,341.4861,266.649,358.4178,CurrentState,MoveToInitial,Slider,51,Scenario,3
ID,26,Time,930.6995,DronePosition,-266.1137,45,-107.379,11.1,CameraPosition,-103.1851,1.790743,-107.4802,CameraRotation,341.6513,266.6625,358.4565,CurrentState,MoveToInitial,Slider,51,Scenario,3
ID,26,Time,930.7135,DronePosition,-265.9583,45,-107.379,11.1,CameraPosition,-103.185,1.790524,-107.4801,CameraRotation,341.8456,266.6814,358.4813,CurrentState,MoveToInitial,Slider,51,Scenario,3
ID,26,Time,930.7273,DronePosition,-265.8048,45,-107.379,11.1,CameraPosition,-103.1849,1.790326,-107.4801,CameraRotation,341.995,266.7211,358.4858,CurrentState,MoveToInitial,Slider,51,Scenario,3
ID,26,Time,930.7412,DronePosition,-265.6504,45,-107.379,11.1,CameraPosition,-103.1847,1.790242,-107.4799,CameraRotation,342.1156,266.776,358.4926,CurrentState,MoveToInitial,Slider,51,Scenario,3
ID,26,Time,930.7549,DronePosition,-265.4983,45,-107.379,11.1,CameraPosition,-103.1845,1.790234,-107.4798,CameraRotation,342.1523,266.8698,358.5042,CurrentState,MoveToInitial,Slider,51,Scenario,3
ID,26,Time,930.769,DronePosition,-265.3416,45,-107.379,11.1,CameraPosition,-103.1843,1.790252,-107.4796,CameraRotation,342.1556,266.967,358.5113,CurrentState,MoveToInitial,Slider,51,Scenario,3
ID,26,Time,930.783,DronePosition,-265.1869,45,-107.379,11.1,CameraPosition,-103.1841,1.790258,-107.4794,CameraRotation,342.1381,267.0725,358.4861,CurrentState,MoveToInitial,Slider,51,Scenario,3
ID,26,Time,930.7966,DronePosition,-265.0355,45,-107.379,11.1,CameraPosition,-103.1839,1.790264,-107.4792,CameraRotation,342.1427,267.1875,358.4494,CurrentState,MoveToInitial,Slider,51,Scenario,3
ID,26,Time,930.8105,DronePosition,-264.8806,45,-107.379,11.1,CameraPosition,-103.1837,1.790279,-107.479,CameraRotation,342.1517,267.2868,358.4231,CurrentState,MoveToInitial,Slider,51,Scenario,3
ID,26,Time,930.8246,DronePosition,-264.7241,45,-107.379,11.1,CameraPosition,-103.1834,1.790299,-107.4789,CameraRotation,342.1535,267.3721,358.4187,CurrentState,MoveToInitial,Slider,51,Scenario,3
ID,26,Time,930.8384,DronePosition,-264.5717,45,-107.379,11.1,CameraPosition,-103.1831,1.790327,-107.4787,CameraRotation,342.1635,267.4376,358.4291,CurrentState,MoveToInitial,Slider,51,Scenario,3
ID,26,Time,930.8525,DronePosition,-264.4154,45,-107.379,11.1,CameraPosition,-103.1829,1.790361,-107.4786,CameraRotation,342.141,267.5012,358.4258,CurrentState,MoveToInitial,Slider,51,Scenario,3
ID,26,Time,930.8664,DronePosition,-264.261,45,-107.379,11.1,CameraPosition,-103.1826,1.790416,-107.4784,CameraRotation,342.1107,267.5847,358.3908,CurrentState,MoveToInitial,Slider,51,Scenario,3
ID,26,Time,930.8803,DronePosition,-264.1067,45,-107.379,11.1,CameraPosition,-103.1823,1.790473,-107.4782,CameraRotation,342.0824,267.6841,358.3582,CurrentState,MoveToInitial,Slider,51,Scenario,3
ID,26,Time,930.8945,DronePosition,-263.9489,45,-107.379,11.1,CameraPosition,-103.182,1.790523,-107.4781,CameraRotation,342.0565,267.7822,358.351,CurrentState,MoveToInitial,Slider,51,Scenario,3
ID,26,Time,930.9082,DronePosition,-263.7972,45,-107.379,11.1,CameraPosition,-103.1817,1.790523,-107.478,CameraRotation,342.0471,267.8718,358.3474,CurrentState,MoveToInitial,Slider,51,Scenario,3
ID,26,Time,930.9219,DronePosition,-263.6449,45,-107.379,11.1,CameraPosition,-103.1814,1.790471,-107.4779,CameraRotation,342.0918,267.9398,358.3106,CurrentState,MoveToInitial,Slider,51,Scenario,3
ID,26,Time,930.936,DronePosition,-263.4886,45,-107.379,11.1,CameraPosition,-103.1812,1.790391,-107.4778,CameraRotation,342.1457,268.0221,358.2512,CurrentState,MoveToInitial,Slider,51,Scenario,3
ID,26,Time,930.95,DronePosition,-263.3336,45,-107.379,11.1,CameraPosition,-103.1809,1.790321,-107.4777,CameraRotation,342.1968,268.0962,358.1968,CurrentState,MoveToInitial,Slider,51,Scenario,3
ID,26,Time,930.9638,DronePosition,-263.1795,45,-107.379,11.1,CameraPosition,-103.1807,1.790311,-107.4776,CameraRotation,342.2101,268.1697,358.1725,CurrentState,MoveToInitial,Slider,51,Scenario,3
ID,26,Time,930.9779,DronePosition,-263.023,45,-107.379,11.1,CameraPosition,-103.1805,1.790341,-107.4775,CameraRotation,342.1834,268.2376,358.1577,CurrentState,MoveToInitial,Slider,51,Scenario,3
ID,26,Time,930.9918,DronePosition,-262.8697,45,-107.379,11.1,CameraPosition,-103.1803,1.790385,-107.4774,CameraRotation,342.1596,268.2654,358.1618,CurrentState,MoveToInitial,Slider,51,Scenario,3
ID,26,Time,931.0054,DronePosition,-262.7179,45,-107.379,11.1,CameraPosition,-103.1801,1.790396,-107.4774,CameraRotation,342.1673,268.2822,358.1535,CurrentState,MoveToInitial,Slider,51,Scenario,3
ID,26,Time,931.0194,DronePosition,-262.5625,45,-107.379,11.1,CameraPosition,-103.18,1.790369,-107.4774,CameraRotation,342.1904,268.2885,358.1476,CurrentState,MoveToInitial,Slider,51,Scenario,3
ID,26,Time,931.0334,DronePosition,-262.4071,45,-107.379,11.1,CameraPosition,-103.1798,1.79033,-107.4774,CameraRotation,342.2466,268.2686,358.1419,CurrentState,MoveToInitial,Slider,51,Scenario,3
ID,26,Time,931.0474,DronePosition,-262.2521,45,-107.379,11.1,CameraPosition,-103.1797,1.790318,-107.4775,CameraRotation,342.2839,268.2362,358.1334,CurrentState,MoveToInitial,Slider,51,Scenario,3
ID,26,Time,931.0613,DronePosition,-262.0977,45,-107.379,11.1,CameraPosition,-103.1796,1.790356,-107.4775,CameraRotation,342.3028,268.2047,358.1248,CurrentState,MoveToInitial,Slider,51,Scenario,3
ID,26,Time,931.0751,DronePosition,-261.9448,45,-107.379,11.1,CameraPosition,-103.1796,1.7904,-107.4775,CameraRotation,342.3037,268.1748,358.1281,CurrentState,MoveToInitial,Slider,51,Scenario,3
ID,26,Time,931.0892,DronePosition,-261.7878,45,-107.379,11.1,CameraPosition,-103.1795,1.79042,-107.4776,CameraRotation,342.3206,268.1582,358.1417,CurrentState,MoveToInitial,Slider,51,Scenario,3
ID,26,Time,931.1035,DronePosition,-261.6294,45,-107.379,11.1,CameraPosition,-103.1794,1.790413,-107.4776,CameraRotation,342.3583,268.1379,358.1575,CurrentState,MoveToInitial,Slider,51,Scenario,3
ID,26,Time,931.1171,DronePosition,-261.4785,45,-107.379,11.1,CameraPosition,-103.1793,1.790362,-107.4777,CameraRotation,342.4048,268.1298,358.1591,CurrentState,MoveToInitial,Slider,51,Scenario,3
ID,26,Time,931.1308,DronePosition,-261.3263,45,-107.379,11.1,CameraPosition,-103.1793,1.790303,-107.4777,CameraRotation,342.4691,268.1163,358.1617,CurrentState,MoveToInitial,Slider,51,Scenario,3
ID,26,Time,931.1448,DronePosition,-261.1707,45,-107.379,11.1,CameraPosition,-103.1793,1.790282,-107.4778,CameraRotation,342.5363,268.1397,358.1575,CurrentState,MoveToInitial,Slider,51,Scenario,3
ID,26,Time,931.1586,DronePosition,-261.0182,45,-107.379,11.1,CameraPosition,-103.1793,1.790329,-107.4778,CameraRotation,342.5482,268.1561,358.1516,CurrentState,MoveToInitial,Slider,51,Scenario,3
ID,26,Time,931.1726,DronePosition,-260.862,45,-107.379,11.1,CameraPosition,-103.1794,1.790414,-107.4778,CameraRotation,342.5194,268.1553,358.1539,CurrentState,MoveToInitial,Slider,51,Scenario,3
ID,26,Time,931.1865,DronePosition,-260.708,45,-107.379,11.1,CameraPosition,-103.1794,1.790527,-107.4778,CameraRotation,342.4849,268.1463,358.1598,CurrentState,MoveToInitial,Slider,51,Scenario,3
ID,26,Time,931.2003,DronePosition,-260.5549,45,-107.379,11.1,CameraPosition,-103.1794,1.790595,-107.4778,CameraRotation,342.4588,268.1375,358.1708,CurrentState,MoveToInitial,Slider,51,Scenario,3
ID,26,Time,931.2143,DronePosition,-260.3994,45,-107.379,11.1,CameraPosition,-103.1795,1.790628,-107.4778,CameraRotation,342.4518,268.1265,358.1801,CurrentState,MoveToInitial,Slider,51,Scenario,3
ID,26,Time,931.2282,DronePosition,-260.2452,45,-107.379,11.1,CameraPosition,-103.1796,1.79066,-107.4778,CameraRotation,342.4429,268.1286,358.1899,CurrentState,MoveToInitial,Slider,51,Scenario,3
ID,26,Time,931.2422,DronePosition,-260.0888,45,-107.379,11.1,CameraPosition,-103.1796,1.790687,-107.4778,CameraRotation,342.4103,268.1332,358.1786,CurrentState,MoveToInitial,Slider,51,Scenario,3
ID,26,Time,931.2561,DronePosition,-259.9352,45,-107.379,11.1,CameraPosition,-103.1797,1.79073,-107.4778,CameraRotation,342.3846,268.1393,358.1419,CurrentState,MoveToInitial,Slider,51,Scenario,3
ID,26,Time,931.27,DronePosition,-259.781,45,-107.379,11.1,CameraPosition,-103.1799,1.790797,-107.4777,CameraRotation,342.3686,268.1513,358.1084,CurrentState,MoveToInitial,Slider,51,Scenario,3
ID,26,Time,931.2838,DronePosition,-259.6275,45,-107.379,11.1,CameraPosition,-103.18,1.79091,-107.4777,CameraRotation,342.337,268.1652,358.0878,CurrentState,MoveToInitial,Slider,51,Scenario,3
ID,26,Time,931.298,DronePosition,-259.4708,45,-107.379,11.1,CameraPosition,-103.1802,1.791028,-107.4776,CameraRotation,342.304,268.1679,358.0772,CurrentState,MoveToInitial,Slider,51,Scenario,3
ID,26,Time,931.3122,DronePosition,-259.3126,45,-107.379,11.1,CameraPosition,-103.1804,1.791099,-107.4776,CameraRotation,342.3021,268.188,358.0562,CurrentState,MoveToInitial,Slider,51,Scenario,3
ID,26,Time,931.3259,DronePosition,-259.1607,45,-107.379,11.1,CameraPosition,-103.1806,1.791093,-107.4776,CameraRotation,342.3345,268.2107,358.0408,CurrentState,MoveToInitial,Slider,51,Scenario,3
ID,26,Time,931.3396,DronePosition,-259.0085,45,-107.379,11.1,CameraPosition,-103.1807,1.791033,-107.4776,CameraRotation,342.4161,268.2345,358.0295,CurrentState,MoveToInitial,Slider,51,Scenario,3
ID,26,Time,931.3535,DronePosition,-258.8538,45,-107.379,11.1,CameraPosition,-103.1809,1.790976,-107.4776,CameraRotation,342.5002,268.2461,358.0278,CurrentState,MoveToInitial,Slider,51,Scenario,3
ID,26,Time,931.3675,DronePosition,-258.6992,45,-107.379,11.1,CameraPosition,-103.1811,1.790906,-107.4776,CameraRotation,342.5605,268.236,358.0435,CurrentState,MoveToInitial,Slider,49,Scenario,3
ID,26,Time,931.3814,DronePosition,-258.5445,45,-107.379,11.1,CameraPosition,-103.1813,1.790857,-107.4776,CameraRotation,342.6122,268.215,358.0546,CurrentState,MoveToInitial,Slider,49,Scenario,3
ID,26,Time,931.3953,DronePosition,-258.3907,45,-107.379,11.1,CameraPosition,-103.1815,1.790833,-107.4776,CameraRotation,342.6532,268.1722,358.0665,CurrentState,MoveToInitial,Slider,49,Scenario,3
ID,26,Time,931.4092,DronePosition,-258.2359,45,-107.379,11.1,CameraPosition,-103.1817,1.790828,-107.4777,CameraRotation,342.6868,268.1224,358.0691,CurrentState,MoveToInitial,Slider,49,Scenario,3
ID,26,Time,931.4232,DronePosition,-258.0806,45,-107.379,11.1,CameraPosition,-103.1819,1.79081,-107.4777,CameraRotation,342.7134,268.0199,358.073,CurrentState,MoveToInitial,Slider,49,Scenario,3
ID,26,Time,931.4371,DronePosition,-257.9268,45,-107.379,11.1,CameraPosition,-103.182,1.790792,-107.4778,CameraRotation,342.7722,267.9067,358.0655,CurrentState,MoveToInitial,Slider,49,Scenario,3
ID,26,Time,931.4512,DronePosition,-257.77,45,-107.379,11.1,CameraPosition,-103.1822,1.790781,-107.478,CameraRotation,342.8477,267.7542,358.0677,CurrentState,MoveToInitial,Slider,49,Scenario,3
ID,26,Time,931.465,DronePosition,-257.6162,45,-107.379,11.1,CameraPosition,-103.1824,1.790793,-107.4781,CameraRotation,342.8813,267.5942,358.0639,CurrentState,MoveToInitial,Slider,48,Scenario,3
ID,26,Time,931.4789,DronePosition,-257.462,45,-107.379,11.1,CameraPosition,-103.1826,1.790802,-107.4782,CameraRotation,342.8909,267.4379,358.0522,CurrentState,MoveToInitial,Slider,48,Scenario,3
ID,26,Time,931.4929,DronePosition,-257.307,45,-107.379,11.1,CameraPosition,-103.1828,1.790842,-107.4783,CameraRotation,342.8922,267.294,358.0113,CurrentState,MoveToInitial,Slider,48,Scenario,3
ID,26,Time,931.5068,DronePosition,-257.1523,45,-107.379,11.1,CameraPosition,-103.1829,1.790971,-107.4784,CameraRotation,342.8107,267.1525,357.9499,CurrentState,MoveToInitial,Slider,48,Scenario,3
ID,26,Time,931.5211,DronePosition,-256.9937,45,-107.379,11.1,CameraPosition,-103.183,1.791157,-107.4785,CameraRotation,342.6787,266.989,357.9134,CurrentState,MoveToInitial,Slider,48,Scenario,3
ID,26,Time,931.5345,DronePosition,-256.8449,45,-107.379,11.1,CameraPosition,-103.1831,1.791378,-107.4787,CameraRotation,342.5269,266.8211,357.9,CurrentState,MoveToInitial,Slider,48,Scenario,3
ID,26,Time,931.5488,DronePosition,-256.6866,45,-107.379,11.1,CameraPosition,-103.1832,1.791548,-107.4788,CameraRotation,342.4179,266.6573,357.8866,CurrentState,MoveToInitial,Slider,48,Scenario,3
ID,26,Time,931.5624,DronePosition,-256.535,45,-107.379,11.1,CameraPosition,-103.1832,1.791714,-107.479,CameraRotation,342.3539,266.4981,357.8518,CurrentState,MoveToInitial,Slider,48,Scenario,3
ID,26,Time,931.5763,DronePosition,-256.3812,45,-107.379,11.1,CameraPosition,-103.1832,1.79193,-107.4791,CameraRotation,342.2378,266.3306,357.818,CurrentState,MoveToInitial,Slider,48,Scenario,3
ID,26,Time,931.5903,DronePosition,-256.2259,45,-107.379,11.1,CameraPosition,-103.1832,1.792252,-107.4794,CameraRotation,342.0427,266.1265,357.8279,CurrentState,MoveToInitial,Slider,48,Scenario,3
ID,26,Time,931.6041,DronePosition,-256.0721,45,-107.379,11.1,CameraPosition,-103.1831,1.792665,-107.4796,CameraRotation,341.7992,265.877,357.8531,CurrentState,MoveToInitial,Slider,48,Scenario,3
ID,26,Time,931.618,DronePosition,-255.9188,45,-107.379,11.1,CameraPosition,-103.1831,1.793196,-107.48,CameraRotation,341.4834,265.5861,357.8624,CurrentState,MoveToInitial,Slider,48,Scenario,3
ID,26,Time,931.6322,DronePosition,-255.7603,45,-107.379,11.1,CameraPosition,-103.1831,1.793949,-107.4803,CameraRotation,341.0267,265.2776,357.8784,CurrentState,MoveToInitial,Slider,48,Scenario,3
ID,26,Time,931.6459,DronePosition,-255.6079,45,-107.379,11.1,CameraPosition,-103.183,1.794887,-107.4807,CameraRotation,340.4171,264.9943,357.8955,CurrentState,MoveToInitial,Slider,48,Scenario,3
ID,26,Time,931.6597,DronePosition,-255.455,45,-107.379,11.1,CameraPosition,-103.1828,1.79598,-107.481,CameraRotation,339.6029,264.7181,357.9051,CurrentState,MoveToInitial,Slider,48,Scenario,3
ID,26,Time,931.6737,DronePosition,-255.2999,45,-107.379,11.1,CameraPosition,-103.1827,1.797102,-107.4814,CameraRotation,338.8037,264.4114,357.9226,CurrentState,MoveToInitial,Slider,47,Scenario,3
ID,26,Time,931.6876,DronePosition,-255.1453,45,-107.379,11.1,CameraPosition,-103.1824,1.798055,-107.4819,CameraRotation,338.0873,263.9906,357.9504,CurrentState,MoveToInitial,Slider,47,Scenario,3
ID,26,Time,931.7017,DronePosition,-254.9895,45,-107.379,11.1,CameraPosition,-103.1822,1.798859,-107.4824,CameraRotation,337.4991,263.5016,357.9786,CurrentState,MoveToInitial,Slider,47,Scenario,3
ID,26,Time,931.7155,DronePosition,-254.8366,45,-107.379,11.1,CameraPosition,-103.1819,1.799415,-107.4831,CameraRotation,337.0045,262.8692,358.014,CurrentState,MoveToInitial,Slider,47,Scenario,3
ID,26,Time,931.7299,DronePosition,-254.6767,45,-107.379,11.1,CameraPosition,-103.1815,1.799826,-107.4838,CameraRotation,336.657,262.2271,358.0203,CurrentState,MoveToInitial,Slider,47,Scenario,3
ID,26,Time,931.7435,DronePosition,-254.5255,45,-107.379,11.1,CameraPosition,-103.1811,1.800078,-107.4844,CameraRotation,336.4458,261.6528,358.0164,CurrentState,MoveToInitial,Slider,47,Scenario,3
ID,26,Time,931.7576,DronePosition,-254.369,45,-107.379,11.1,CameraPosition,-103.1808,1.800112,-107.485,CameraRotation,336.419,261.1713,358.0112,CurrentState,MoveToInitial,Slider,47,Scenario,3
ID,26,Time,931.7714,DronePosition,-254.2155,45,-107.379,11.1,CameraPosition,-103.1805,1.799975,-107.4855,CameraRotation,336.4611,260.7786,357.9922,CurrentState,MoveToInitial,Slider,46,Scenario,3
ID,26,Time,931.7854,DronePosition,-254.0603,45,-107.379,11.1,CameraPosition,-103.1803,1.799833,-107.486,CameraRotation,336.5251,260.4254,357.972,CurrentState,MoveToInitial,Slider,46,Scenario,3
ID,26,Time,931.7991,DronePosition,-253.9086,45,-107.379,11.1,CameraPosition,-103.1801,1.799552,-107.4864,CameraRotation,336.693,260.1208,357.9186,CurrentState,MoveToInitial,Slider,46,Scenario,3
ID,26,Time,931.813,DronePosition,-253.7532,45,-107.379,11.1,CameraPosition,-103.1799,1.799318,-107.4869,CameraRotation,336.8862,259.8201,357.9054,CurrentState,MoveToInitial,Slider,46,Scenario,3
ID,26,Time,931.827,DronePosition,-253.598,45,-107.379,11.1,CameraPosition,-103.1797,1.799181,-107.4873,CameraRotation,336.986,259.5428,357.9445,CurrentState,MoveToInitial,Slider,46,Scenario,3
ID,26,Time,931.8409,DronePosition,-253.4442,45,-107.379,11.1,CameraPosition,-103.1795,1.799163,-107.4877,CameraRotation,336.9987,259.287,358.0174,CurrentState,MoveToInitial,Slider,46,Scenario,3
ID,26,Time,931.8547,DronePosition,-253.2911,45,-107.379,11.1,CameraPosition,-103.1794,1.799208,-107.488,CameraRotation,336.9466,259.0994,358.0742,CurrentState,MoveToInitial,Slider,46,Scenario,3
ID,26,Time,931.8687,DronePosition,-253.1355,45,-107.379,11.1,CameraPosition,-103.1794,1.799299,-107.4882,CameraRotation,336.8878,259.0469,358.1043,CurrentState,MoveToInitial,Slider,45,Scenario,3
ID,26,Time,931.8826,DronePosition,-252.9811,45,-107.379,11.1,CameraPosition,-103.1793,1.799363,-107.4882,CameraRotation,336.8436,259.1188,358.1209,CurrentState,MoveToInitial,Slider,45,Scenario,3
ID,26,Time,931.8967,DronePosition,-252.8244,45,-107.379,11.1,CameraPosition,-103.1793,1.799381,-107.4882,CameraRotation,336.8343,259.246,358.1638,CurrentState,MoveToInitial,Slider,45,Scenario,3
ID,26,Time,931.9111,DronePosition,-252.6654,45,-107.379,11.1,CameraPosition,-103.1794,1.799285,-107.4879,CameraRotation,336.9032,259.6256,358.2131,CurrentState,MoveToInitial,Slider,45,Scenario,3
ID,26,Time,931.9254,DronePosition,-252.5066,45,-107.379,11.1,CameraPosition,-103.1794,1.799174,-107.4875,CameraRotation,337.0266,260.058,358.2241,CurrentState,MoveToInitial,Slider,45,Scenario,3
ID,26,Time,931.9389,DronePosition,-252.3565,45,-107.379,11.1,CameraPosition,-103.1796,1.79904,-107.487,CameraRotation,337.0996,260.5682,358.2033,CurrentState,MoveToInitial,Slider,45,Scenario,3
ID,26,Time,931.9524,DronePosition,-252.2068,45,-107.379,11.1,CameraPosition,-103.1797,1.798965,-107.4863,CameraRotation,337.1258,261.2082,358.1077,CurrentState,MoveToInitial,Slider,45,Scenario,3
ID,26,Time,931.9664,DronePosition,-252.0514,45,-107.379,11.1,CameraPosition,-103.1798,1.798929,-107.4856,CameraRotation,337.1125,261.9251,357.9457,CurrentState,MoveToInitial,Slider,44,Scenario,3
ID,26,Time,931.9801,DronePosition,-251.8989,45,-107.379,11.1,CameraPosition,-103.1799,1.798889,-107.4847,CameraRotation,337.1794,262.69,357.8165,CurrentState,MoveToInitial,Slider,44,Scenario,3
ID,26,Time,931.994,DronePosition,-251.7445,45,-107.379,11.1,CameraPosition,-103.18,1.798743,-107.4836,CameraRotation,337.316,263.6303,357.6901,CurrentState,MoveToInitial,Slider,44,Scenario,3
ID,26,Time,932.0081,DronePosition,-251.5888,45,-107.379,11.1,CameraPosition,-103.1801,1.798512,-107.4826,CameraRotation,337.4441,264.557,357.5509,CurrentState,MoveToInitial,Slider,44,Scenario,3
ID,26,Time,932.0217,DronePosition,-251.4369,45,-107.379,11.1,CameraPosition,-103.1802,1.798195,-107.4815,CameraRotation,337.6137,265.4562,357.373,CurrentState,MoveToInitial,Slider,44,Scenario,3
ID,26,Time,932.0358,DronePosition,-251.2806,45,-107.379,11.1,CameraPosition,-103.1803,1.797909,-107.4806,CameraRotation,337.8263,266.2502,357.1746,CurrentState,MoveToInitial,Slider,44,Scenario,3
ID,26,Time,932.05,DronePosition,-251.1234,45,-107.379,11.1,CameraPosition,-103.1804,1.797665,-107.4796,CameraRotation,337.976,266.9643,356.9817,CurrentState,MoveToInitial,Slider,44,Scenario,3
ID,26,Time,932.0638,DronePosition,-250.9701,45,-107.379,11.1,CameraPosition,-103.1804,1.797546,-107.4786,CameraRotation,338.0506,267.6247,356.7601,CurrentState,MoveToInitial,Slider,44,Scenario,3
ID,26,Time,932.0779,DronePosition,-250.8137,45,-107.379,11.1,CameraPosition,-103.1804,1.797534,-107.4777,CameraRotation,338.0354,268.2055,356.5156,CurrentState,MoveToInitial,Slider,44,Scenario,3
ID,26,Time,932.092,DronePosition,-250.6568,45,-107.379,11.1,CameraPosition,-103.1804,1.797612,-107.4769,CameraRotation,338.0211,268.7514,356.3399,CurrentState,MoveToInitial,Slider,44,Scenario,3
ID,26,Time,932.1055,DronePosition,-250.507,45,-107.379,11.1,CameraPosition,-103.1803,1.797766,-107.476,CameraRotation,337.9356,269.3022,356.2782,CurrentState,MoveToInitial,Slider,44,Scenario,3
ID,26,Time,932.1194,DronePosition,-250.3528,45,-107.379,11.1,CameraPosition,-103.1801,1.797901,-107.4752,CameraRotation,337.8357,269.8913,356.3127,CurrentState,MoveToInitial,Slider,44,Scenario,3
ID,26,Time,932.1334,DronePosition,-250.1976,45,-107.379,11.1,CameraPosition,-103.1799,1.797896,-107.4744,CameraRotation,337.7366,270.4774,356.3119,CurrentState,MoveToInitial,Slider,44,Scenario,3
ID,26,Time,932.1475,DronePosition,-250.0413,45,-107.379,11.1,CameraPosition,-103.1797,1.797819,-107.4738,CameraRotation,337.7379,270.9647,356.2235,CurrentState,MoveToInitial,Slider,44,Scenario,3
ID,26,Time,932.1613,DronePosition,-249.8876,45,-107.379,11.1,CameraPosition,-103.1795,1.797747,-107.4734,CameraRotation,337.8196,271.2961,356.1559,CurrentState,MoveToInitial,Slider,44,Scenario,3
ID,26,Time,932.1751,DronePosition,-249.7343,45,-107.379,11.1,CameraPosition,-103.1792,1.797766,-107.4731,CameraRotation,337.8546,271.4384,356.1371,CurrentState,MoveToInitial,Slider,44,Scenario,3
ID,26,Time,932.189,DronePosition,-249.5802,45,-107.379,11.1,CameraPosition,-103.1789,1.797869,-107.4729,CameraRotation,337.8037,271.4694,356.1402,CurrentState,MoveToInitial,Slider,44,Scenario,3
ID,26,Time,932.2028,DronePosition,-249.4268,45,-107.379,11.1,CameraPosition,-103.1786,1.797937,-107.4729,CameraRotation,337.7705,271.4405,356.1064,CurrentState,MoveToInitial,Slider,44,Scenario,3
ID,26,Time,932.2167,DronePosition,-249.2724,45,-107.379,11.1,CameraPosition,-103.1784,1.797916,-107.473,CameraRotation,337.7989,271.2393,356.0247,CurrentState,MoveToInitial,Slider,44,Scenario,3
ID,26,Time,932.2308,DronePosition,-249.1157,45,-107.379,11.1,CameraPosition,-103.1781,1.797752,-107.4733,CameraRotation,337.8911,270.9181,355.9447,CurrentState,MoveToInitial,Slider,44,Scenario,3
ID,26,Time,932.2446,DronePosition,-248.963,45,-107.379,11.1,CameraPosition,-103.1779,1.797535,-107.4735,CameraRotation,338.0655,270.593,355.8864,CurrentState,MoveToInitial,Slider,44,Scenario,3
ID,26,Time,932.2586,DronePosition,-248.8073,45,-107.379,11.1,CameraPosition,-103.1777,1.797302,-107.4739,CameraRotation,338.2844,270.1753,355.827,CurrentState,MoveToInitial,Slider,44,Scenario,3
ID,26,Time,932.2727,DronePosition,-248.6511,45,-107.379,11.1,CameraPosition,-103.1775,1.797183,-107.4742,CameraRotation,338.4486,269.7849,355.8269,CurrentState,MoveToInitial,Slider,44,Scenario,3
ID,26,Time,932.2864,DronePosition,-248.4996,45,-107.379,11.1,CameraPosition,-103.1772,1.797199,-107.4746,CameraRotation,338.4694,269.4664,355.8801,CurrentState,MoveToInitial,Slider,44,Scenario,3
ID,26,Time,932.3005,DronePosition,-248.3423,45,-107.379,11.1,CameraPosition,-103.177,1.797389,-107.4749,CameraRotation,338.3546,269.148,356.0205,CurrentState,MoveToInitial,Slider,44,Scenario,3
ID,26,Time,932.3142,DronePosition,-248.1902,45,-107.379,11.1,CameraPosition,-103.1766,1.797632,-107.4753,CameraRotation,338.2168,268.8449,356.1609,CurrentState,MoveToInitial,Slider,44,Scenario,3
ID,26,Time,932.3282,DronePosition,-248.0352,45,-107.379,11.1,CameraPosition,-103.1763,1.79779,-107.4757,CameraRotation,338.1373,268.5555,356.264,CurrentState,MoveToInitial,Slider,44,Scenario,3
ID,26,Time,932.342,DronePosition,-247.8812,45,-107.379,11.1,CameraPosition,-103.1759,1.797847,-107.476,CameraRotation,338.1041,268.2594,356.3421,CurrentState,MoveToInitial,Slider,44,Scenario,3
ID,26,Time,932.3565,DronePosition,-247.7207,45,-107.379,11.1,CameraPosition,-103.1755,1.797724,-107.4764,CameraRotation,338.1892,267.9474,356.3856,CurrentState,MoveToInitial,Slider,44,Scenario,3
ID,26,Time,932.3698,DronePosition,-247.5733,45,-107.379,11.1,CameraPosition,-103.1752,1.797531,-107.4768,CameraRotation,338.3498,267.6579,356.4439,CurrentState,MoveToInitial,Slider,44,Scenario,3
ID,26,Time,932.384,DronePosition,-247.4151,45,-107.379,11.1,CameraPosition,-103.1748,1.797371,-107.4772,CameraRotation,338.4831,267.4329,356.5486,CurrentState,MoveToInitial,Slider,44,Scenario,3
ID,26,Time,932.3979,DronePosition,-247.2607,45,-107.379,11.1,CameraPosition,-103.1744,1.797391,-107.4775,CameraRotation,338.4807,267.2578,356.6912,CurrentState,MoveToInitial,Slider,44,Scenario,3
ID,26,Time,932.4119,DronePosition,-247.1054,45,-107.379,11.1,CameraPosition,-103.1741,1.797478,-107.4778,CameraRotation,338.4108,267.1273,356.7877,CurrentState,MoveToInitial,Slider,44,Scenario,3
ID,26,Time,932.4257,DronePosition,-246.9525,45,-107.379,11.1,CameraPosition,-103.1737,1.797591,-107.478,CameraRotation,338.3568,267.0531,356.8016,CurrentState,MoveToInitial,Slider,44,Scenario,3
ID,26,Time,932.4397,DronePosition,-246.7974,45,-107.379,11.1,CameraPosition,-103.1734,1.797611,-107.4782,CameraRotation,338.3703,266.9821,356.8128,CurrentState,MoveToInitial,Slider,44,Scenario,3
ID,26,Time,932.4535,DronePosition,-246.6445,45,-107.379,11.1,CameraPosition,-103.1731,1.797588,-107.4784,CameraRotation,338.4332,266.9824,356.8199,CurrentState,MoveToInitial,Slider,44,Scenario,3
ID,26,Time,932.4678,DronePosition,-246.4852,45,-107.379,11.1,CameraPosition,-103.1729,1.797575,-107.4785,CameraRotation,338.4499,266.9986,356.8568,CurrentState,MoveToInitial,Slider,44,Scenario,3
ID,26,Time,932.4815,DronePosition,-246.3331,45,-107.379,11.1,CameraPosition,-103.1727,1.797634,-107.4785,CameraRotation,338.4116,267.0357,356.9364,CurrentState,MoveToInitial,Slider,44,Scenario,3
ID,26,Time,932.4953,DronePosition,-246.1805,45,-107.379,11.1,CameraPosition,-103.1724,1.79771,-107.4786,CameraRotation,338.3423,267.1257,357.012,CurrentState,MoveToInitial,Slider,44,Scenario,3
ID,26,Time,932.5092,DronePosition,-246.026,45,-107.379,11.1,CameraPosition,-103.1722,1.797758,-107.4786,CameraRotation,338.3299,267.2053,357.0495,CurrentState,MoveToInitial,Slider,44,Scenario,3
ID,26,Time,932.5233,DronePosition,-245.8699,45,-107.379,11.1,CameraPosition,-103.1721,1.797763,-107.4786,CameraRotation,338.406,267.3219,357.0684,CurrentState,MoveToInitial,Slider,44,Scenario,3
ID,26,Time,932.537,DronePosition,-245.7171,45,-107.379,11.1,CameraPosition,-103.172,1.7978,-107.4786,CameraRotation,338.5202,267.4374,357.0908,CurrentState,MoveToInitial,Slider,44,Scenario,3
ID,26,Time,932.5511,DronePosition,-245.56,45,-107.379,11.1,CameraPosition,-103.172,1.797899,-107.4786,CameraRotation,338.5741,267.5357,357.1092,CurrentState,MoveToInitial,Slider,44,Scenario,3
ID,26,Time,932.5654,DronePosition,-245.4022,45,-107.379,11.1,CameraPosition,-103.172,1.798075,-107.4787,CameraRotation,338.5913,267.5989,357.1208,CurrentState,MoveToInitial,Slider,44,Scenario,3
ID,26,Time,932.5788,DronePosition,-245.2538,45,-107.379,11.1,CameraPosition,-103.172,1.798286,-107.4789,CameraRotation,338.5841,267.6437,357.1397,CurrentState,MoveToInitial,Slider,44,Scenario,3
ID,26,Time,932.593,DronePosition,-245.0956,45,-107.379,11.1,CameraPosition,-103.1721,1.798432,-107.479,CameraRotation,338.6093,267.671,357.1562,CurrentState,MoveToInitial,Slider,44,Scenario,3
ID,26,Time,932.6075,DronePosition,-244.9346,45,-107.379,11.1,CameraPosition,-103.1722,1.798498,-107.4792,CameraRotation,338.6777,267.6766,357.1976,CurrentState,MoveToInitial,Slider,44,Scenario,3
ID,26,Time,932.6213,DronePosition,-244.7816,45,-107.379,11.1,CameraPosition,-103.1724,1.798535,-107.4794,CameraRotation,338.7389,267.6725,357.2581,CurrentState,MoveToInitial,Slider,44,Scenario,3
ID,26,Time,932.6349,DronePosition,-244.6309,45,-107.379,11.1,CameraPosition,-103.1727,1.798605,-107.4796,CameraRotation,338.7421,267.6429,357.3293,CurrentState,MoveToInitial,Slider,44,Scenario,3
ID,26,Time,932.649,DronePosition,-244.4738,45,-107.379,11.1,CameraPosition,-103.173,1.798702,-107.4798,CameraRotation,338.7257,267.6028,357.3784,CurrentState,MoveToInitial,Slider,44,Scenario,3
ID,26,Time,932.6628,DronePosition,-244.3208,45,-107.379,11.1,CameraPosition,-103.1732,1.798765,-107.48,CameraRotation,338.679,267.5393,357.4316,CurrentState,MoveToInitial,Slider,44,Scenario,3
ID,26,Time,932.6768,DronePosition,-244.1657,45,-107.379,11.1,CameraPosition,-103.1736,1.79877,-107.4802,CameraRotation,338.6458,267.481,357.4767,CurrentState,MoveToInitial,Slider,44,Scenario,3
ID,26,Time,932.6908,DronePosition,-244.0102,45,-107.379,11.1,CameraPosition,-103.174,1.79875,-107.4805,CameraRotation,338.6783,267.4136,357.4894,CurrentState,MoveToInitial,Slider,44,Scenario,3
ID,26,Time,932.7047,DronePosition,-243.8558,45,-107.379,11.1,CameraPosition,-103.1745,1.798688,-107.4807,CameraRotation,338.7489,267.3535,357.5138,CurrentState,MoveToInitial,Slider,44,Scenario,3
ID,26,Time,932.7184,DronePosition,-243.703,45,-107.379,11.1,CameraPosition,-103.175,1.798639,-107.481,CameraRotation,338.8282,267.3112,357.547,CurrentState,MoveToInitial,Slider,44,Scenario,3
ID,26,Time,932.7328,DronePosition,-243.5436,45,-107.379,11.1,CameraPosition,-103.1755,1.798589,-107.4812,CameraRotation,338.8605,267.2864,357.5943,CurrentState,MoveToInitial,Slider,44,Scenario,3
ID,26,Time,932.7463,DronePosition,-243.3938,45,-107.379,11.1,CameraPosition,-103.176,1.798596,-107.4814,CameraRotation,338.8893,267.2875,357.6391,CurrentState,MoveToInitial,Slider,44,Scenario,3
ID,26,Time,932.7602,DronePosition,-243.2401,45,-107.379,11.1,CameraPosition,-103.1766,1.798612,-107.4816,CameraRotation,338.8717,267.2947,357.6794,CurrentState,MoveToInitial,Slider,44,Scenario,3
ID,26,Time,932.7743,DronePosition,-243.0833,45,-107.379,11.1,CameraPosition,-103.1771,1.79861,-107.4818,CameraRotation,338.8826,267.3089,357.6953,CurrentState,MoveToInitial,Slider,44,Scenario,3
ID,26,Time,932.788,DronePosition,-242.9307,45,-107.379,11.1,CameraPosition,-103.1777,1.798501,-107.482,CameraRotation,338.9505,267.3253,357.6992,CurrentState,MoveToInitial,Slider,44,Scenario,3
ID,26,Time,932.8016,DronePosition,-242.7796,45,-107.379,11.1,CameraPosition,-103.1783,1.798317,-107.4822,CameraRotation,339.0755,267.337,357.7068,CurrentState,MoveToInitial,Slider,44,Scenario,3
ID,26,Time,932.8155,DronePosition,-242.6262,45,-107.379,11.1,CameraPosition,-103.1788,1.798048,-107.4823,CameraRotation,339.2438,267.3474,357.7003,CurrentState,MoveToInitial,Slider,44,Scenario,3
ID,26,Time,932.8296,DronePosition,-242.4698,45,-107.379,11.1,CameraPosition,-103.1793,1.797775,-107.4824,CameraRotation,339.424,267.3618,357.6798,CurrentState,MoveToInitial,Slider,44,Scenario,3
ID,26,Time,932.8434,DronePosition,-242.3163,45,-107.379,11.1,CameraPosition,-103.1798,1.797559,-107.4826,CameraRotation,339.5771,267.3804,357.6718,CurrentState,MoveToInitial,Slider,44,Scenario,3
ID,26,Time,932.8574,DronePosition,-242.1607,45,-107.379,11.1,CameraPosition,-103.1803,1.797402,-107.4827,CameraRotation,339.67,267.4127,357.677,CurrentState,MoveToInitial,Slider,44,Scenario,3
ID,26,Time,932.8712,DronePosition,-242.0077,45,-107.379,11.1,CameraPosition,-103.1808,1.797251,-107.4827,CameraRotation,339.7629,267.4651,357.6709,CurrentState,MoveToInitial,Slider,44,Scenario,3
ID,26,Time,932.8851,DronePosition,-241.8538,45,-107.379,11.1,CameraPosition,-103.1813,1.79706,-107.4828,CameraRotation,339.899,267.5245,357.6498,CurrentState,MoveToInitial,Slider,44,Scenario,3
ID,26,Time,932.8989,DronePosition,-241.7001,45,-107.379,11.1,CameraPosition,-103.1817,1.796824,-107.4828,CameraRotation,340.0791,267.5883,357.6413,CurrentState,MoveToInitial,Slider,44,Scenario,3
ID,26,Time,932.9128,DronePosition,-241.5456,45,-107.379,11.1,CameraPosition,-103.1821,1.796548,-107.4829,CameraRotation,340.2816,267.6751,357.6182,CurrentState,MoveToInitial,Slider,44,Scenario,3
ID,26,Time,932.928,DronePosition,-241.3773,45,-107.379,11.1,CameraPosition,-103.1824,1.796281,-107.4828,CameraRotation,340.4944,267.7691,357.5734,CurrentState,MoveToInitial,Slider,44,Scenario,3
ID,26,Time,932.9407,DronePosition,-241.2363,45,-107.379,11.1,CameraPosition,-103.1827,1.796058,-107.4828,CameraRotation,340.6744,267.8618,357.528,CurrentState,MoveToInitial,Slider,44,Scenario,3
ID,26,Time,932.9545,DronePosition,-241.0831,45,-107.379,11.1,CameraPosition,-103.183,1.795882,-107.4827,CameraRotation,340.7932,267.9433,357.4918,CurrentState,MoveToInitial,Slider,44,Scenario,3
ID,26,Time,932.9686,DronePosition,-240.9269,45,-107.379,11.1,CameraPosition,-103.1832,1.795717,-107.4826,CameraRotation,340.8792,268.0241,357.4832,CurrentState,MoveToInitial,Slider,44,Scenario,3
ID,26,Time,932.9829,DronePosition,-240.7677,45,-107.379,11.1,CameraPosition,-103.1834,1.795479,-107.4825,CameraRotation,340.9355,268.1157,357.4973,CurrentState,MoveToInitial,Slider,44,Scenario,3
ID,26,Time,932.9965,DronePosition,-240.6171,45,-107.379,11.1,CameraPosition,-103.1835,1.795155,-107.4824,CameraRotation,341.0277,268.244,357.51,CurrentState,MoveToInitial,Slider,44,Scenario,3
ID,26,Time,933.0103,DronePosition,-240.4639,45,-107.379,11.1,CameraPosition,-103.1837,1.794832,-107.4822,CameraRotation,341.21,268.3976,357.5341,CurrentState,MoveToInitial,Slider,44,Scenario,3
ID,26,Time,933.0244,DronePosition,-240.3068,45,-107.379,11.1,CameraPosition,-103.1838,1.794636,-107.4819,CameraRotation,341.3302,268.5475,357.5482,CurrentState,MoveToInitial,Slider,44,Scenario,3
ID,26,Time,933.038,DronePosition,-240.1568,45,-107.379,11.1,CameraPosition,-103.1839,1.794573,-107.4818,CameraRotation,341.3389,268.6683,357.5269,CurrentState,MoveToInitial,Slider,44,Scenario,3
ID,26,Time,933.052,DronePosition,-240.0012,45,-107.379,11.1,CameraPosition,-103.1839,1.794498,-107.4816,CameraRotation,341.304,268.7481,357.5018,CurrentState,MoveToInitial,Slider,44,Scenario,3
ID,26,Time,933.066,DronePosition,-239.8454,45,-107.379,11.1,CameraPosition,-103.1839,1.794319,-107.4814,CameraRotation,341.3899,268.8027,357.4613,CurrentState,MoveToInitial,Slider,44,Scenario,3
ID,26,Time,933.0799,DronePosition,-239.6911,45,-107.379,11.1,CameraPosition,-103.1839,1.794048,-107.4812,CameraRotation,341.5879,268.8199,357.4369,CurrentState,MoveToInitial,Slider,44,Scenario,3
ID,26,Time,933.0938,DronePosition,-239.5377,45,-107.379,11.1,CameraPosition,-103.1839,1.793763,-107.4811,CameraRotation,341.7459,268.8312,357.4005,CurrentState,MoveToInitial,Slider,44,Scenario,3
ID,26,Time,933.108,DronePosition,-239.3798,45,-107.379,11.1,CameraPosition,-103.1839,1.793437,-107.4809,CameraRotation,341.8392,268.8155,357.3537,CurrentState,MoveToInitial,Slider,44,Scenario,3
ID,26,Time,933.1216,DronePosition,-239.2283,45,-107.379,11.1,CameraPosition,-103.184,1.793134,-107.4808,CameraRotation,342.0435,268.7864,357.2885,CurrentState,MoveToInitial,Slider,44,Scenario,3
ID,26,Time,933.1355,DronePosition,-239.074,45,-107.379,11.1,CameraPosition,-103.184,1.792906,-107.4807,CameraRotation,342.2323,268.7113,357.2189,CurrentState,MoveToInitial,Slider,44,Scenario,3
ID,26,Time,933.1492,DronePosition,-238.9213,45,-107.379,11.1,CameraPosition,-103.184,1.792706,-107.4807,CameraRotation,342.2842,268.6255,357.1768,CurrentState,MoveToInitial,Slider,44,Scenario,3
ID,26,Time,933.1634,DronePosition,-238.7641,45,-107.379,11.1,CameraPosition,-103.184,1.792636,-107.4806,CameraRotation,342.2939,268.5732,357.1419,CurrentState,MoveToInitial,Slider,44,Scenario,3
ID,26,Time,933.1771,DronePosition,-238.6126,45,-107.379,11.1,CameraPosition,-103.1839,1.792728,-107.4805,CameraRotation,342.1744,268.529,357.1136,CurrentState,MoveToInitial,Slider,44,Scenario,3
ID,26,Time,933.1915,DronePosition,-238.4524,45,-107.379,11.1,CameraPosition,-103.1839,1.792856,-107.4803,CameraRotation,342.0105,268.4997,357.0936,CurrentState,MoveToInitial,Slider,44,Scenario,3
ID,26,Time,933.205,DronePosition,-238.3033,45,-107.379,11.1,CameraPosition,-103.1838,1.792926,-107.4803,CameraRotation,341.887,268.489,357.0695,CurrentState,MoveToInitial,Slider,44,Scenario,3
ID,26,Time,933.2191,DronePosition,-238.146,45,-107.379,11.1,CameraPosition,-103.1837,1.792911,-107.4801,CameraRotation,341.8438,268.481,357.0762,CurrentState,MoveToInitial,Slider,44,Scenario,3
ID,26,Time,933.233,DronePosition,-237.9923,45,-107.379,11.1,CameraPosition,-103.1837,1.792814,-107.4801,CameraRotation,341.8954,268.4813,357.0753,CurrentState,MoveToInitial,Slider,44,Scenario,3
ID,26,Time,933.2469,DronePosition,-237.8378,45,-107.379,11.1,CameraPosition,-103.1836,1.792692,-107.48,CameraRotation,341.9364,268.4702,357.0681,CurrentState,MoveToInitial,Slider,44,Scenario,3
ID,26,Time,933.2608,DronePosition,-237.683,45,-107.379,11.1,CameraPosition,-103.1835,1.792616,-107.4799,CameraRotation,341.9491,268.4541,357.0719,CurrentState,MoveToInitial,Slider,44,Scenario,3
ID,26,Time,933.2748,DronePosition,-237.5278,45,-107.379,11.1,CameraPosition,-103.1834,1.792632,-107.4799,CameraRotation,341.9326,268.4059,357.0775,CurrentState,MoveToInitial,Slider,44,Scenario,3
ID,26,Time,933.2886,DronePosition,-237.3751,45,-107.379,11.1,CameraPosition,-103.1832,1.792637,-107.4798,CameraRotation,341.8932,268.3574,357.0886,CurrentState,MoveToInitial,Slider,44,Scenario,3
ID,26,Time,933.3025,DronePosition,-237.2202,45,-107.379,11.1,CameraPosition,-103.1831,1.792652,-107.4798,CameraRotation,341.8601,268.298,357.0968,CurrentState,MoveToInitial,Slider,44,Scenario,3
ID,26,Time,933.3166,DronePosition,-237.0637,45,-107.379,11.1,CameraPosition,-103.1829,1.792687,-107.4797,CameraRotation,341.8025,268.2172,357.1345,CurrentState,MoveToInitial,Slider,44,Scenario,3
ID,26,Time,933.3304,DronePosition,-236.911,45,-107.379,11.1,CameraPosition,-103.1828,1.792791,-107.4797,CameraRotation,341.736,268.1523,357.171,CurrentState,MoveToInitial,Slider,44,Scenario,3
ID,26,Time,933.3444,DronePosition,-236.7558,45,-107.379,11.1,CameraPosition,-103.1826,1.79293,-107.4796,CameraRotation,341.6317,268.0665,357.2068,CurrentState,MoveToInitial,Slider,44,Scenario,3
ID,26,Time,933.3584,DronePosition,-236.6,45,-107.379,11.1,CameraPosition,-103.1825,1.793051,-107.4796,CameraRotation,341.5074,267.9872,357.1957,CurrentState,MoveToInitial,Slider,44,Scenario,3
ID,26,Time,933.3722,DronePosition,-236.4467,45,-107.379,11.1,CameraPosition,-103.1823,1.793142,-107.4796,CameraRotation,341.3933,267.8756,357.165,CurrentState,MoveToInitial,Slider,44,Scenario,3
ID,26,Time,933.386,DronePosition,-236.2926,45,-107.379,11.1,CameraPosition,-103.1822,1.79317,-107.4796,CameraRotation,341.3018,267.7683,357.136,CurrentState,MoveToInitial,Slider,44,Scenario,3
ID,26,Time,933.4005,DronePosition,-236.1328,45,-107.379,11.1,CameraPosition,-103.1821,1.793175,-107.4796,CameraRotation,341.2068,267.6731,357.1175,CurrentState,MoveToInitial,Slider,44,Scenario,3
ID,26,Time,933.4139,DronePosition,-235.9831,45,-107.379,11.1,CameraPosition,-103.182,1.793212,-107.4795,CameraRotation,341.1218,267.5796,357.1163,CurrentState,MoveToInitial,Slider,44,Scenario,3
ID,26,Time,933.4277,DronePosition,-235.8303,45,-107.379,11.1,CameraPosition,-103.182,1.793296,-107.4796,CameraRotation,341.0196,267.5065,357.1125,CurrentState,MoveToInitial,Slider,44,Scenario,3
ID,26,Time,933.4417,DronePosition,-235.6754,45,-107.379,11.1,CameraPosition,-103.1819,1.793399,-107.4796,CameraRotation,340.9149,267.4379,357.1266,CurrentState,MoveToInitial,Slider,44,Scenario,3
ID,26,Time,933.4556,DronePosition,-235.5204,45,-107.379,11.1,CameraPosition,-103.1819,1.793463,-107.4796,CameraRotation,340.8166,267.4066,357.1402,CurrentState,MoveToInitial,Slider,44,Scenario,3
ID,26,Time,933.4697,DronePosition,-235.3645,45,-107.379,11.1,CameraPosition,-103.1819,1.793509,-107.4796,CameraRotation,340.806,267.3816,357.17,CurrentState,MoveToInitial,Slider,44,Scenario,3
ID,26,Time,933.4836,DronePosition,-235.2097,45,-107.379,11.1,CameraPosition,-103.1818,1.793536,-107.4796,CameraRotation,340.7993,267.3612,357.1934,CurrentState,MoveToInitial,Slider,44,Scenario,3
ID,26,Time,933.4976,DronePosition,-235.0548,45,-107.379,11.1,CameraPosition,-103.1819,1.793562,-107.4796,CameraRotation,340.8166,267.3424,357.2174,CurrentState,MoveToInitial,Slider,44,Scenario,3
ID,26,Time,933.5112,DronePosition,-234.9034,45,-107.379,11.1,CameraPosition,-103.1819,1.793566,-107.4796,CameraRotation,340.859,267.3299,357.2678,CurrentState,MoveToInitial,Slider,44,Scenario,3
ID,26,Time,933.5251,DronePosition,-234.7489,45,-107.379,11.1,CameraPosition,-103.182,1.793587,-107.4796,CameraRotation,340.9149,267.3055,357.3033,CurrentState,MoveToInitial,Slider,44,Scenario,3
ID,26,Time,933.5392,DronePosition,-234.5923,45,-107.379,11.1,CameraPosition,-103.182,1.79364,-107.4796,CameraRotation,340.8851,267.2715,357.2868,CurrentState,MoveToInitial,Slider,44,Scenario,3
ID,26,Time,933.5531,DronePosition,-234.4385,45,-107.379,11.1,CameraPosition,-103.182,1.793719,-107.4796,CameraRotation,340.763,267.2443,357.239,CurrentState,MoveToInitial,Slider,44,Scenario,3
ID,26,Time,933.567,DronePosition,-234.2845,45,-107.379,11.1,CameraPosition,-103.182,1.793788,-107.4796,CameraRotation,340.613,267.1985,357.21,CurrentState,MoveToInitial,Slider,43,Scenario,3
ID,26,Time,933.5811,DronePosition,-234.1276,45,-107.379,11.1,CameraPosition,-103.182,1.793862,-107.4795,CameraRotation,340.4634,267.1735,357.182,CurrentState,MoveToInitial,Slider,43,Scenario,3
ID,26,Time,933.5949,DronePosition,-233.9747,45,-107.379,11.1,CameraPosition,-103.182,1.793979,-107.4795,CameraRotation,340.3319,267.1538,357.1631,CurrentState,MoveToInitial,Slider,43,Scenario,3
ID,26,Time,933.609,DronePosition,-233.818,45,-107.379,11.1,CameraPosition,-103.182,1.79411,-107.4795,CameraRotation,340.18,267.1223,357.1461,CurrentState,MoveToInitial,Slider,43,Scenario,3
ID,26,Time,933.6232,DronePosition,-233.6608,45,-107.379,11.1,CameraPosition,-103.182,1.794239,-107.4795,CameraRotation,340.0613,267.0958,357.1552,CurrentState,MoveToInitial,Slider,43,Scenario,3
ID,26,Time,933.6367,DronePosition,-233.5108,45,-107.379,11.1,CameraPosition,-103.182,1.794359,-107.4794,CameraRotation,339.9636,267.0731,357.1741,CurrentState,MoveToInitial,Slider,43,Scenario,3
ID,26,Time,933.6507,DronePosition,-233.3556,45,-107.379,11.1,CameraPosition,-103.1821,1.794447,-107.4795,CameraRotation,339.8402,267.0483,357.1965,CurrentState,MoveToInitial,Slider,43,Scenario,3
ID,26,Time,933.6644,DronePosition,-233.2026,45,-107.379,11.1,CameraPosition,-103.1822,1.794476,-107.4795,CameraRotation,339.8239,267.0267,357.226,CurrentState,MoveToInitial,Slider,43,Scenario,3
ID,26,Time,933.6785,DronePosition,-233.0469,45,-107.379,11.1,CameraPosition,-103.1823,1.794485,-107.4795,CameraRotation,339.953,266.9921,357.2689,CurrentState,MoveToInitial,Slider,40,Scenario,3
ID,26,Time,933.6924,DronePosition,-232.8923,45,-107.379,11.1,CameraPosition,-103.1825,1.79446,-107.4795,CameraRotation,340.0213,266.9567,357.2873,CurrentState,MoveToInitial,Slider,40,Scenario,3
ID,26,Time,933.7067,DronePosition,-232.7341,45,-107.379,11.1,CameraPosition,-103.1826,1.794456,-107.4795,CameraRotation,340.1048,266.901,357.3002,CurrentState,MoveToInitial,Slider,40,Scenario,3
ID,26,Time,933.7202,DronePosition,-232.5836,45,-107.379,11.1,CameraPosition,-103.1827,1.794462,-107.4795,CameraRotation,340.1651,266.8416,357.3044,CurrentState,MoveToInitial,Slider,40,Scenario,3
ID,26,Time,933.7341,DronePosition,-232.429,45,-107.379,11.1,CameraPosition,-103.1828,1.794478,-107.4794,CameraRotation,340.2349,266.7874,357.3315,CurrentState,MoveToInitial,Slider,40,Scenario,3
ID,26,Time,933.7479,DronePosition,-232.2758,45,-107.379,11.1,CameraPosition,-103.1828,1.794464,-107.4794,CameraRotation,340.2824,266.7349,357.3261,CurrentState,MoveToInitial,Slider,40,Scenario,3
ID,26,Time,933.7623,DronePosition,-232.1167,45,-107.379,11.1,CameraPosition,-103.1828,1.794398,-107.4793,CameraRotation,340.2603,266.7058,357.2876,CurrentState,MoveToInitial,Slider,40,Scenario,3
ID,26,Time,933.7764,DronePosition,-231.96,45,-107.379,11.1,CameraPosition,-103.1828,1.794284,-107.4792,CameraRotation,340.2005,266.6779,357.2448,CurrentState,MoveToInitial,Slider,38,Scenario,3
ID,26,Time,933.79,DronePosition,-231.8091,45,-107.379,11.1,CameraPosition,-103.1828,1.794126,-107.4791,CameraRotation,340.166,266.6562,357.1999,CurrentState,MoveToInitial,Slider,38,Scenario,3
ID,26,Time,933.8038,DronePosition,-231.6555,45,-107.379,11.1,CameraPosition,-103.1828,1.794003,-107.479,CameraRotation,340.1047,266.6399,357.1822,CurrentState,MoveToInitial,Slider,38,Scenario,3
ID,26,Time,933.8182,DronePosition,-231.496,45,-107.379,11.1,CameraPosition,-103.1827,1.794022,-107.4789,CameraRotation,340.0195,266.6424,357.1657,CurrentState,MoveToInitial,Slider,38,Scenario,3
ID,26,Time,933.8318,DronePosition,-231.345,45,-107.379,11.1,CameraPosition,-103.1828,1.79416,-107.4788,CameraRotation,339.9143,266.6414,357.1221,CurrentState,MoveToInitial,Slider,38,Scenario,3
ID,26,Time,933.8456,DronePosition,-231.1917,45,-107.379,11.1,CameraPosition,-103.1828,1.794286,-107.4787,CameraRotation,339.8411,266.636,357.0869,CurrentState,MoveToInitial,Slider,38,Scenario,3
ID,26,Time,933.8596,DronePosition,-231.0366,45,-107.379,11.1,CameraPosition,-103.1828,1.794333,-107.4786,CameraRotation,339.8431,266.6409,357.0798,CurrentState,MoveToInitial,Slider,38,Scenario,3
ID,26,Time,933.8734,DronePosition,-230.8839,45,-107.379,11.1,CameraPosition,-103.1828,1.794289,-107.4785,CameraRotation,339.933,266.6622,357.0808,CurrentState,MoveToInitial,Slider,38,Scenario,3
ID,26,Time,933.8873,DronePosition,-230.7291,45,-107.379,11.1,CameraPosition,-103.1827,1.794174,-107.4783,CameraRotation,340.0739,266.6693,357.0879,CurrentState,MoveToInitial,Slider,38,Scenario,3
ID,26,Time,933.9012,DronePosition,-230.5746,45,-107.379,11.1,CameraPosition,-103.1827,1.793999,-107.4783,CameraRotation,340.2337,266.6869,357.0874,CurrentState,MoveToInitial,Slider,38,Scenario,3
ID,26,Time,933.9152,DronePosition,-230.4197,45,-107.379,11.1,CameraPosition,-103.1827,1.793855,-107.4781,CameraRotation,340.3229,266.6955,357.1091,CurrentState,MoveToInitial,Slider,38,Scenario,3
ID,26,Time,933.9301,DronePosition,-230.2545,45,-107.379,11.1,CameraPosition,-103.1827,1.793745,-107.478,CameraRotation,340.3205,266.6926,357.1523,CurrentState,MoveToInitial,Slider,38,Scenario,3
ID,26,Time,933.9429,DronePosition,-230.1121,45,-107.379,11.1,CameraPosition,-103.1826,1.793675,-107.4779,CameraRotation,340.328,266.6793,357.2171,CurrentState,MoveToInitial,Slider,38,Scenario,3
ID,26,Time,933.9571,DronePosition,-229.954,45,-107.379,11.1,CameraPosition,-103.1824,1.79363,-107.4778,CameraRotation,340.3764,266.6516,357.2599,CurrentState,MoveToInitial,Slider,38,Scenario,3
ID,26,Time,933.971,DronePosition,-229.7996,45,-107.379,11.1,CameraPosition,-103.1823,1.793603,-107.4776,CameraRotation,340.4463,266.6126,357.2767,CurrentState,MoveToInitial,Slider,37,Scenario,3
ID,26,Time,933.9848,DronePosition,-229.6465,45,-107.379,11.1,CameraPosition,-103.1821,1.793574,-107.4774,CameraRotation,340.5182,266.555,357.2809,CurrentState,MoveToInitial,Slider,37,Scenario,3
ID,26,Time,933.9989,DronePosition,-229.4901,45,-107.379,11.1,CameraPosition,-103.1819,1.79355,-107.4771,CameraRotation,340.5546,266.5243,357.2655,CurrentState,MoveToInitial,Slider,37,Scenario,3
ID,26,Time,934.0126,DronePosition,-229.3377,45,-107.379,11.1,CameraPosition,-103.1815,1.793553,-107.4769,CameraRotation,340.5435,266.5005,357.1979,CurrentState,MoveToInitial,Slider,37,Scenario,3
ID,26,Time,934.0269,DronePosition,-229.1801,45,-107.379,11.1,CameraPosition,-103.1812,1.793594,-107.4766,CameraRotation,340.53,266.4902,357.1064,CurrentState,MoveToInitial,Slider,37,Scenario,3
ID,26,Time,934.0406,DronePosition,-229.0272,45,-107.379,11.1,CameraPosition,-103.1809,1.793631,-107.4763,CameraRotation,340.4518,266.497,357.0253,CurrentState,MoveToInitial,Slider,37,Scenario,3
ID,26,Time,934.0542,DronePosition,-228.8766,45,-107.379,11.1,CameraPosition,-103.1806,1.793693,-107.476,CameraRotation,340.3415,266.5178,356.946,CurrentState,MoveToInitial,Slider,37,Scenario,3
ID,26,Time,934.0684,DronePosition,-228.7184,45,-107.379,11.1,CameraPosition,-103.1802,1.793794,-107.4757,CameraRotation,340.224,266.5581,356.8618,CurrentState,MoveToInitial,Slider,37,Scenario,3
ID,26,Time,934.0823,DronePosition,-228.5644,45,-107.379,11.1,CameraPosition,-103.1798,1.793949,-107.4754,CameraRotation,340.1042,266.6077,356.7875,CurrentState,MoveToInitial,Slider,36,Scenario,3
ID,26,Time,934.0961,DronePosition,-228.4115,45,-107.379,11.1,CameraPosition,-103.1795,1.794161,-107.4751,CameraRotation,339.9272,266.6548,356.7392,CurrentState,MoveToInitial,Slider,36,Scenario,3
ID,26,Time,934.11,DronePosition,-228.2574,45,-107.379,11.1,CameraPosition,-103.1791,1.794394,-107.4749,CameraRotation,339.7588,266.6921,356.7192,CurrentState,MoveToInitial,Slider,36,Scenario,3
ID,26,Time,934.124,DronePosition,-228.1011,45,-107.379,11.1,CameraPosition,-103.1787,1.794664,-107.4747,CameraRotation,339.6044,266.7313,356.7218,CurrentState,MoveToInitial,Slider,36,Scenario,3
ID,26,Time,934.1379,DronePosition,-227.9471,45,-107.379,11.1,CameraPosition,-103.1783,1.794909,-107.4745,CameraRotation,339.4515,266.7738,356.723,CurrentState,MoveToInitial,Slider,36,Scenario,3
ID,26,Time,934.1519,DronePosition,-227.7926,45,-107.379,11.1,CameraPosition,-103.178,1.795172,-107.4743,CameraRotation,339.2969,266.8461,356.6984,CurrentState,MoveToInitial,Slider,36,Scenario,3
ID,26,Time,934.1659,DronePosition,-227.6366,45,-107.379,11.1,CameraPosition,-103.1777,1.795421,-107.4741,CameraRotation,339.1696,266.9382,356.6319,CurrentState,MoveToInitial,Slider,36,Scenario,3
ID,26,Time,934.1797,DronePosition,-227.4828,45,-107.379,11.1,CameraPosition,-103.1776,1.795688,-107.4739,CameraRotation,339.0836,267.0658,356.5383,CurrentState,MoveToInitial,Slider,36,Scenario,3
ID,26,Time,934.1935,DronePosition,-227.33,45,-107.379,11.1,CameraPosition,-103.1775,1.795944,-107.4736,CameraRotation,339.0166,267.1693,356.4775,CurrentState,MoveToInitial,Slider,36,Scenario,3
ID,26,Time,934.2075,DronePosition,-227.1743,45,-107.379,11.1,CameraPosition,-103.1775,1.796149,-107.4734,CameraRotation,338.9446,267.2663,356.4449,CurrentState,MoveToInitial,Slider,36,Scenario,3
ID,26,Time,934.2217,DronePosition,-227.0164,45,-107.379,11.1,CameraPosition,-103.1776,1.796245,-107.4732,CameraRotation,338.9072,267.3306,356.4135,CurrentState,MoveToInitial,Slider,36,Scenario,3
ID,26,Time,934.236,DronePosition,-226.8588,45,-107.379,11.1,CameraPosition,-103.1776,1.796164,-107.4731,CameraRotation,338.9688,267.3976,356.3939,CurrentState,MoveToInitial,Slider,36,Scenario,3
ID,26,Time,934.2494,DronePosition,-226.7096,45,-107.379,11.1,CameraPosition,-103.1777,1.795956,-107.4729,CameraRotation,339.0952,267.4595,356.3778,CurrentState,MoveToInitial,Slider,36,Scenario,3
ID,26,Time,934.2632,DronePosition,-226.5567,45,-107.379,11.1,CameraPosition,-103.1777,1.79564,-107.4728,CameraRotation,339.2568,267.515,356.3456,CurrentState,MoveToInitial,Slider,36,Scenario,3
ID,26,Time,934.2772,DronePosition,-226.4011,45,-107.379,11.1,CameraPosition,-103.1776,1.795325,-107.4726,CameraRotation,339.3998,267.5494,356.3002,CurrentState,MoveToInitial,Slider,36,Scenario,3
ID,26,Time,934.2912,DronePosition,-226.246,45,-107.379,11.1,CameraPosition,-103.1775,1.795067,-107.4725,CameraRotation,339.5334,267.5823,356.2913,CurrentState,MoveToInitial,Slider,36,Scenario,3
ID,26,Time,934.305,DronePosition,-226.0929,45,-107.379,11.1,CameraPosition,-103.1773,1.794922,-107.4724,CameraRotation,339.6323,267.6068,356.3424,CurrentState,MoveToInitial,Slider,36,Scenario,3
ID,26,Time,934.3188,DronePosition,-225.9389,45,-107.379,11.1,CameraPosition,-103.1771,1.794879,-107.4724,CameraRotation,339.6697,267.6253,356.3559,CurrentState,MoveToInitial,Slider,36,Scenario,3
ID,26,Time,934.3329,DronePosition,-225.7827,45,-107.379,11.1,CameraPosition,-103.1768,1.794879,-107.4723,CameraRotation,339.7025,267.6414,356.337,CurrentState,MoveToInitial,Slider,36,Scenario,3
ID,26,Time,934.3468,DronePosition,-225.6288,45,-107.379,11.1,CameraPosition,-103.1766,1.79489,-107.4723,CameraRotation,339.7629,267.6576,356.3282,CurrentState,MoveToInitial,Slider,36,Scenario,3
ID,26,Time,934.3606,DronePosition,-225.4752,45,-107.379,11.1,CameraPosition,-103.1762,1.794823,-107.4722,CameraRotation,339.8236,267.666,356.3056,CurrentState,MoveToInitial,Slider,36,Scenario,3
ID,26,Time,934.3748,DronePosition,-225.318,45,-107.379,11.1,CameraPosition,-103.1758,1.794744,-107.4722,CameraRotation,339.8964,267.6828,356.2785,CurrentState,MoveToInitial,Slider,36,Scenario,3
ID,26,Time,934.3887,DronePosition,-225.1638,45,-107.379,11.1,CameraPosition,-103.1754,1.794709,-107.4722,CameraRotation,339.9203,267.7005,356.2542,CurrentState,MoveToInitial,Slider,36,Scenario,3
ID,26,Time,934.4023,DronePosition,-225.0123,45,-107.379,11.1,CameraPosition,-103.175,1.794704,-107.4722,CameraRotation,339.8911,267.7312,356.2399,CurrentState,MoveToInitial,Slider,36,Scenario,3
ID,26,Time,934.4163,DronePosition,-224.8567,45,-107.379,11.1,CameraPosition,-103.1745,1.794743,-107.4722,CameraRotation,339.8613,267.7634,356.2157,CurrentState,MoveToInitial,Slider,36,Scenario,3
ID,26,Time,934.4304,DronePosition,-224.7005,45,-107.379,11.1,CameraPosition,-103.174,1.794798,-107.4722,CameraRotation,339.8235,267.7955,356.2086,CurrentState,MoveToInitial,Slider,36,Scenario,3
ID,26,Time,934.4446,DronePosition,-224.5423,45,-107.379,11.1,CameraPosition,-103.1735,1.794873,-107.4722,CameraRotation,339.8088,267.7976,356.2186,CurrentState,MoveToInitial,Slider,36,Scenario,3
ID,26,Time,934.4583,DronePosition,-224.3907,45,-107.379,11.1,CameraPosition,-103.173,1.794957,-107.4722,CameraRotation,339.7972,267.7979,356.2292,CurrentState,MoveToInitial,Slider,36,Scenario,3
ID,26,Time,934.4722,DronePosition,-224.2367,45,-107.379,11.1,CameraPosition,-103.1725,1.795117,-107.4723,CameraRotation,339.7919,267.7979,356.2665,CurrentState,MoveToInitial,Slider,36,Scenario,3
ID,26,Time,934.486,DronePosition,-224.0837,45,-107.379,11.1,CameraPosition,-103.172,1.79534,-107.4723,CameraRotation,339.7437,267.7845,356.3026,CurrentState,MoveToInitial,Slider,36,Scenario,3
ID,26,Time,934.5001,DronePosition,-223.9265,45,-107.379,11.1,CameraPosition,-103.1716,1.795657,-107.4724,CameraRotation,339.6649,267.7595,356.3671,CurrentState,MoveToInitial,Slider,36,Scenario,3
ID,26,Time,934.5138,DronePosition,-223.775,45,-107.379,11.1,CameraPosition,-103.1712,1.795962,-107.4724,CameraRotation,339.5724,267.7585,356.4314,CurrentState,MoveToInitial,Slider,36,Scenario,3
ID,26,Time,934.5276,DronePosition,-223.6211,45,-107.379,11.1,CameraPosition,-103.1708,1.796179,-107.4725,CameraRotation,339.4869,267.7627,356.4884,CurrentState,MoveToInitial,Slider,36,Scenario,3
ID,26,Time,934.5418,DronePosition,-223.4639,45,-107.379,11.1,CameraPosition,-103.1705,1.796265,-107.4725,CameraRotation,339.5096,267.7749,356.5287,CurrentState,MoveToInitial,Slider,36,Scenario,3
ID,26,Time,934.5555,DronePosition,-223.3116,45,-107.379,11.1,CameraPosition,-103.1703,1.796258,-107.4726,CameraRotation,339.5891,267.7563,356.5486,CurrentState,MoveToInitial,Slider,36,Scenario,3
ID,26,Time,934.5695,DronePosition,-223.1573,45,-107.379,11.1,CameraPosition,-103.1701,1.796154,-107.4727,CameraRotation,339.6841,267.6886,356.5505,CurrentState,MoveToInitial,Slider,36,Scenario,3
ID,26,Time,934.5834,DronePosition,-223.0018,45,-107.379,11.1,CameraPosition,-103.1697,1.79598,-107.4728,CameraRotation,339.7888,267.6125,356.5516,CurrentState,MoveToInitial,Slider,36,Scenario,3
ID,26,Time,934.5975,DronePosition,-222.8464,45,-107.379,11.1,CameraPosition,-103.1693,1.79584,-107.4729,CameraRotation,339.9309,267.5174,356.6035,CurrentState,MoveToInitial,Slider,36,Scenario,3
ID,26,Time,934.6113,DronePosition,-222.6929,45,-107.379,11.1,CameraPosition,-103.1689,1.795815,-107.473,CameraRotation,339.9803,267.4369,356.6587,CurrentState,MoveToInitial,Slider,36,Scenario,3
ID,26,Time,934.6254,DronePosition,-222.5363,45,-107.379,11.1,CameraPosition,-103.1685,1.795901,-107.4731,CameraRotation,339.9677,267.3779,356.7123,CurrentState,MoveToInitial,Slider,36,Scenario,3
ID,26,Time,934.6395,DronePosition,-222.3792,45,-107.379,11.1,CameraPosition,-103.1681,1.796004,-107.4732,CameraRotation,339.9153,267.3608,356.7512,CurrentState,MoveToInitial,Slider,36,Scenario,3
ID,26,Time,934.6534,DronePosition,-222.225,45,-107.379,11.1,CameraPosition,-103.1677,1.796046,-107.4732,CameraRotation,339.9333,267.3673,356.7539,CurrentState,MoveToInitial,Slider,36,Scenario,3
ID,26,Time,934.6672,DronePosition,-222.0724,45,-107.379,11.1,CameraPosition,-103.1674,1.796004,-107.4733,CameraRotation,339.9815,267.4076,356.7804,CurrentState,MoveToInitial,Slider,36,Scenario,3
ID,26,Time,934.681,DronePosition,-221.919,45,-107.379,11.1,CameraPosition,-103.1671,1.795877,-107.4733,CameraRotation,340.0034,267.4711,356.8326,CurrentState,MoveToInitial,Slider,36,Scenario,3
ID,26,Time,934.6948,DronePosition,-221.7659,45,-107.379,11.1,CameraPosition,-103.1669,1.795759,-107.4734,CameraRotation,340.0366,267.5071,356.9172,CurrentState,MoveToInitial,Slider,36,Scenario,3
ID,26,Time,934.7089,DronePosition,-221.6099,45,-107.379,11.1,CameraPosition,-103.1666,1.795721,-107.4734,CameraRotation,340.0821,267.52,357.0356,CurrentState,MoveToInitial,Slider,36,Scenario,3
ID,26,Time,934.7229,DronePosition,-221.4536,45,-107.379,11.1,CameraPosition,-103.1663,1.795701,-107.4734,CameraRotation,340.0722,267.5481,357.1227,CurrentState,MoveToInitial,Slider,36,Scenario,3
ID,26,Time,934.7366,DronePosition,-221.3022,45,-107.379,11.1,CameraPosition,-103.166,1.795636,-107.4734,CameraRotation,340.0796,267.5841,357.1546,CurrentState,MoveToInitial,Slider,36,Scenario,3
ID,26,Time,934.7505,DronePosition,-221.1478,45,-107.379,11.1,CameraPosition,-103.1657,1.795516,-107.4734,CameraRotation,340.1581,267.6442,357.1576,CurrentState,MoveToInitial,Slider,36,Scenario,3
ID,26,Time,934.7643,DronePosition,-220.9939,45,-107.379,11.1,CameraPosition,-103.1655,1.795357,-107.4734,CameraRotation,340.306,267.7108,357.1826,CurrentState,MoveToInitial,Slider,36,Scenario,3
ID,26,Time,934.7786,DronePosition,-220.8351,45,-107.379,11.1,CameraPosition,-103.1653,1.795181,-107.4734,CameraRotation,340.444,267.7884,357.2282,CurrentState,MoveToInitial,Slider,36,Scenario,3
ID,26,Time,934.7925,DronePosition,-220.6807,45,-107.379,11.1,CameraPosition,-103.1653,1.795063,-107.4734,CameraRotation,340.5698,267.888,357.2732,CurrentState,MoveToInitial,Slider,36,Scenario,3
ID,26,Time,934.8063,DronePosition,-220.5281,45,-107.379,11.1,CameraPosition,-103.1653,1.794982,-107.4734,CameraRotation,340.6964,267.9995,357.2905,CurrentState,MoveToInitial,Slider,36,Scenario,3
ID,26,Time,934.8203,DronePosition,-220.3729,45,-107.379,11.1,CameraPosition,-103.1653,1.794889,-107.4734,CameraRotation,340.8463,268.0919,357.2794,CurrentState,MoveToInitial,Slider,36,Scenario,3
ID,26,Time,934.834,DronePosition,-220.2204,45,-107.379,11.1,CameraPosition,-103.1655,1.794785,-107.4734,CameraRotation,341.0164,268.2047,357.2136,CurrentState,MoveToInitial,Slider,36,Scenario,3
ID,26,Time,934.8479,DronePosition,-220.0661,45,-107.379,11.1,CameraPosition,-103.1658,1.794669,-107.4734,CameraRotation,341.1544,268.3197,357.1758,CurrentState,MoveToInitial,Slider,36,Scenario,3
ID,26,Time,934.8622,DronePosition,-219.9073,45,-107.379,11.1,CameraPosition,-103.166,1.794585,-107.4734,CameraRotation,341.2691,268.4303,357.1683,CurrentState,MoveToInitial,Slider,36,Scenario,3
ID,26,Time,934.8759,DronePosition,-219.7551,45,-107.379,11.1,CameraPosition,-103.1663,1.794514,-107.4735,CameraRotation,341.3106,268.508,357.1639,CurrentState,MoveToInitial,Slider,36,Scenario,3
ID,26,Time,934.8898,DronePosition,-219.601,45,-107.379,11.1,CameraPosition,-103.1664,1.794494,-107.4736,CameraRotation,341.3424,268.5383,357.147,CurrentState,MoveToInitial,Slider,36,Scenario,3
ID,26,Time,934.9036,DronePosition,-219.4483,45,-107.379,11.1,CameraPosition,-103.1665,1.794531,-107.4738,CameraRotation,341.3214,268.5374,357.137,CurrentState,MoveToInitial,Slider,36,Scenario,3
ID,26,Time,934.9175,DronePosition,-219.2936,45,-107.379,11.1,CameraPosition,-103.1666,1.7946,-107.474,CameraRotation,341.2379,268.525,357.1501,CurrentState,MoveToInitial,Slider,36,Scenario,3
ID,26,Time,934.9315,DronePosition,-219.1384,45,-107.379,11.1,CameraPosition,-103.1668,1.794726,-107.4742,CameraRotation,341.1365,268.496,357.1995,CurrentState,MoveToInitial,Slider,36,Scenario,3
ID,26,Time,934.9454,DronePosition,-218.9841,45,-107.379,11.1,CameraPosition,-103.167,1.794888,-107.4744,CameraRotation,341.0423,268.4633,357.2625,CurrentState,MoveToInitial,Slider,36,Scenario,3
ID,26,Time,934.9608,DronePosition,-218.8139,45,-107.379,11.1,CameraPosition,-103.1672,1.795065,-107.4747,CameraRotation,340.9363,268.4135,357.3126,CurrentState,MoveToInitial,Slider,36,Scenario,3
ID,26,Time,934.9735,DronePosition,-218.6722,45,-107.379,11.1,CameraPosition,-103.1674,1.795262,-107.475,CameraRotation,340.8477,268.3584,357.3461,CurrentState,MoveToInitial,Slider,36,Scenario,3
ID,26,Time,934.9869,DronePosition,-218.5234,45,-107.379,11.1,CameraPosition,-103.1677,1.795481,-107.4753,CameraRotation,340.776,268.2913,357.3663,CurrentState,MoveToInitial,Slider,36,Scenario,3
ID,26,Time,935.001,DronePosition,-218.3665,45,-107.379,11.1,CameraPosition,-103.1679,1.795696,-107.4756,CameraRotation,340.6987,268.232,357.3854,CurrentState,MoveToInitial,Slider,36,Scenario,3
ID,26,Time,935.0147,DronePosition,-218.2151,45,-107.379,11.1,CameraPosition,-103.1683,1.795858,-107.4759,CameraRotation,340.625,268.1715,357.416,CurrentState,MoveToInitial,Slider,36,Scenario,3
ID,26,Time,935.0289,DronePosition,-218.0578,45,-107.379,11.1,CameraPosition,-103.1687,1.795972,-107.4762,CameraRotation,340.537,268.1087,357.468,CurrentState,MoveToInitial,Slider,36,Scenario,3
ID,26,Time,935.0427,DronePosition,-217.9043,45,-107.379,11.1,CameraPosition,-103.1691,1.796096,-107.4765,CameraRotation,340.471,268.0576,357.4914,CurrentState,MoveToInitial,Slider,36,Scenario,3
ID,26,Time,935.0566,DronePosition,-217.7499,45,-107.379,11.1,CameraPosition,-103.1696,1.796152,-107.4767,CameraRotation,340.3955,268.0026,357.5352,CurrentState,MoveToInitial,Slider,36,Scenario,3
ID,26,Time,935.0709,DronePosition,-217.5911,45,-107.379,11.1,CameraPosition,-103.1701,1.796201,-107.477,CameraRotation,340.335,267.9376,357.5889,CurrentState,MoveToInitial,Slider,36,Scenario,3
ID,26,Time,935.0845,DronePosition,-217.4399,45,-107.379,11.1,CameraPosition,-103.1706,1.796263,-107.4773,CameraRotation,340.2762,267.8622,357.6573,CurrentState,MoveToInitial,Slider,36,Scenario,3
ID,26,Time,935.0986,DronePosition,-217.2842,45,-107.379,11.1,CameraPosition,-103.1713,1.796372,-107.4776,CameraRotation,340.2127,267.7791,357.7258,CurrentState,MoveToInitial,Slider,36,Scenario,3
ID,26,Time,935.1125,DronePosition,-217.1289,45,-107.379,11.1,CameraPosition,-103.172,1.796477,-107.4779,CameraRotation,340.1372,267.6914,357.7703,CurrentState,MoveToInitial,Slider,36,Scenario,3
ID,26,Time,935.1264,DronePosition,-216.975,45,-107.379,11.1,CameraPosition,-103.1727,1.796578,-107.4782,CameraRotation,340.0982,267.6172,357.8031,CurrentState,MoveToInitial,Slider,36,Scenario,3
ID,26,Time,935.1404,DronePosition,-216.8194,45,-107.379,11.1,CameraPosition,-103.1735,1.796643,-107.4784,CameraRotation,340.0614,267.5675,357.8286,CurrentState,MoveToInitial,Slider,36,Scenario,3
ID,26,Time,935.1543,DronePosition,-216.6655,45,-107.379,11.1,CameraPosition,-103.1743,1.796651,-107.4786,CameraRotation,340.0281,267.527,357.8486,CurrentState,MoveToInitial,Slider,36,Scenario,3
ID,26,Time,935.1681,DronePosition,-216.5123,45,-107.379,11.1,CameraPosition,-103.175,1.796601,-107.4788,CameraRotation,340.0271,267.501,357.863,CurrentState,MoveToInitial,Slider,36,Scenario,3
ID,26,Time,935.1821,DronePosition,-216.3568,45,-107.379,11.1,CameraPosition,-103.1756,1.79641,-107.4789,CameraRotation,340.1129,267.5063,357.854,CurrentState,MoveToInitial,Slider,36,Scenario,3
ID,26,Time,935.1968,DronePosition,-216.1941,45,-107.379,11.1,CameraPosition,-103.1761,1.796203,-107.479,CameraRotation,340.1752,267.5221,357.8434,CurrentState,MoveToInitial,Slider,36,Scenario,3
ID,26,Time,935.2098,DronePosition,-216.0486,45,-107.379,11.1,CameraPosition,-103.1766,1.796108,-107.4792,CameraRotation,340.1937,267.5127,357.8446,CurrentState,MoveToInitial,Slider,36,Scenario,3
ID,26,Time,935.2239,DronePosition,-215.8926,45,-107.379,11.1,CameraPosition,-103.1769,1.796129,-107.4793,CameraRotation,340.1322,267.4931,357.8439,CurrentState,MoveToInitial,Slider,36,Scenario,3
ID,26,Time,935.2378,DronePosition,-215.7386,45,-107.379,11.1,CameraPosition,-103.1773,1.79618,-107.4794,CameraRotation,340.0179,267.455,357.8634,CurrentState,MoveToInitial,Slider,36,Scenario,3
ID,26,Time,935.2517,DronePosition,-215.5843,45,-107.379,11.1,CameraPosition,-103.1776,1.796267,-107.4796,CameraRotation,339.9227,267.4092,357.8725,CurrentState,MoveToInitial,Slider,36,Scenario,3
ID,26,Time,935.2656,DronePosition,-215.4297,45,-107.379,11.1,CameraPosition,-103.1779,1.796359,-107.4798,CameraRotation,339.825,267.3584,357.8629,CurrentState,MoveToInitial,Slider,36,Scenario,3
ID,26,Time,935.2798,DronePosition,-215.2715,45,-107.379,11.1,CameraPosition,-103.1781,1.796468,-107.48,CameraRotation,339.7096,267.3177,357.8633,CurrentState,MoveToInitial,Slider,36,Scenario,3
ID,26,Time,935.2935,DronePosition,-215.1207,45,-107.379,11.1,CameraPosition,-103.1784,1.796564,-107.4801,CameraRotation,339.5754,267.2707,357.8708,CurrentState,MoveToInitial,Slider,36,Scenario,3
ID,26,Time,935.3073,DronePosition,-214.9668,45,-107.379,11.1,CameraPosition,-103.1786,1.796636,-107.4803,CameraRotation,339.4628,267.2141,357.8708,CurrentState,MoveToInitial,Slider,36,Scenario,3
ID,26,Time,935.3214,DronePosition,-214.8107,45,-107.379,11.1,CameraPosition,-103.1787,1.796659,-107.4804,CameraRotation,339.3682,267.1746,357.8733,CurrentState,MoveToInitial,Slider,36,Scenario,3
ID,26,Time,935.3353,DronePosition,-214.6566,45,-107.379,11.1,CameraPosition,-103.1789,1.796628,-107.4805,CameraRotation,339.2915,267.1248,357.902,CurrentState,MoveToInitial,Slider,36,Scenario,3
ID,26,Time,935.3491,DronePosition,-214.5031,45,-107.379,11.1,CameraPosition,-103.1789,1.796571,-107.4806,CameraRotation,339.2153,267.0887,357.9266,CurrentState,MoveToInitial,Slider,36,Scenario,3
ID,26,Time,935.363,DronePosition,-214.3483,45,-107.379,11.1,CameraPosition,-103.179,1.796531,-107.4807,CameraRotation,339.1252,267.0509,357.9449,CurrentState,MoveToInitial,Slider,36,Scenario,3
ID,26,Time,935.3771,DronePosition,-214.192,45,-107.379,11.1,CameraPosition,-103.1791,1.79653,-107.4808,CameraRotation,339.0133,267.0131,357.9908,CurrentState,MoveToInitial,Slider,36,Scenario,3
ID,26,Time,935.3911,DronePosition,-214.0374,45,-107.379,11.1,CameraPosition,-103.1791,1.796578,-107.4808,CameraRotation,338.8857,266.9754,358.0542,CurrentState,MoveToInitial,Slider,36,Scenario,3
ID,26,Time,935.4049,DronePosition,-213.8834,45,-107.379,11.1,CameraPosition,-103.179,1.796695,-107.4808,CameraRotation,338.7734,266.9237,358.1198,CurrentState,MoveToInitial,Slider,36,Scenario,3
ID,26,Time,935.4186,DronePosition,-213.7311,45,-107.379,11.1,CameraPosition,-103.1789,1.796921,-107.4807,CameraRotation,338.6158,266.8882,358.167,CurrentState,MoveToInitial,Slider,36,Scenario,3
ID,26,Time,935.4327,DronePosition,-213.5747,45,-107.379,11.1,CameraPosition,-103.1786,1.797119,-107.4807,CameraRotation,338.4504,266.8623,358.1884,CurrentState,MoveToInitial,Slider,36,Scenario,3
ID,26,Time,935.4466,DronePosition,-213.4212,45,-107.379,11.1,CameraPosition,-103.1784,1.79719,-107.4806,CameraRotation,338.3391,266.8309,358.2085,CurrentState,MoveToInitial,Slider,36,Scenario,3
ID,26,Time,935.4606,DronePosition,-213.2653,45,-107.379,11.1,CameraPosition,-103.1781,1.797163,-107.4804,CameraRotation,338.2883,266.8084,358.224,CurrentState,MoveToInitial,Slider,36,Scenario,3
ID,26,Time,935.4745,DronePosition,-213.1111,45,-107.379,11.1,CameraPosition,-103.1778,1.797092,-107.4801,CameraRotation,338.2977,266.7793,358.2422,CurrentState,MoveToInitial,Slider,36,Scenario,3
ID,26,Time,935.4888,DronePosition,-212.9525,45,-107.379,11.1,CameraPosition,-103.1775,1.797051,-107.4799,CameraRotation,338.2516,266.7453,358.2702,CurrentState,MoveToInitial,Slider,36,Scenario,3
ID,26,Time,935.5023,DronePosition,-212.803,45,-107.379,11.1,CameraPosition,-103.1772,1.797031,-107.4796,CameraRotation,338.1516,266.7022,358.3116,CurrentState,MoveToInitial,Slider,36,Scenario,3
ID,26,Time,935.5175,DronePosition,-212.6341,45,-107.379,11.1,CameraPosition,-103.1768,1.797039,-107.4792,CameraRotation,338.0084,266.6728,358.3383,CurrentState,MoveToInitial,Slider,36,Scenario,3
ID,26,Time,935.5304,DronePosition,-212.4908,45,-107.379,11.1,CameraPosition,-103.1766,1.797077,-107.4788,CameraRotation,337.8788,266.6403,358.3272,CurrentState,MoveToInitial,Slider,36,Scenario,3
ID,26,Time,935.5442,DronePosition,-212.3376,45,-107.379,11.1,CameraPosition,-103.1763,1.797121,-107.4784,CameraRotation,337.7789,266.618,358.3031,CurrentState,MoveToInitial,Slider,36,Scenario,3
ID,26,Time,935.5579,DronePosition,-212.185,45,-107.379,11.1,CameraPosition,-103.1761,1.797143,-107.478,CameraRotation,337.6751,266.6081,358.2658,CurrentState,MoveToInitial,Slider,36,Scenario,3
ID,26,Time,935.5717,DronePosition,-212.0318,45,-107.379,11.1,CameraPosition,-103.1758,1.797127,-107.4774,CameraRotation,337.5845,266.6266,358.194,CurrentState,MoveToInitial,Slider,36,Scenario,3
ID,26,Time,935.5857,DronePosition,-211.8769,45,-107.379,11.1,CameraPosition,-103.1757,1.797089,-107.4769,CameraRotation,337.5269,266.6681,358.0999,CurrentState,MoveToInitial,Slider,36,Scenario,3
ID,26,Time,935.5996,DronePosition,-211.7224,45,-107.379,11.1,CameraPosition,-103.1756,1.797032,-107.4764,CameraRotation,337.4798,266.7454,358.021,CurrentState,MoveToInitial,Slider,36,Scenario,3
ID,26,Time,935.6138,DronePosition,-211.5655,45,-107.379,11.1,CameraPosition,-103.1754,1.796969,-107.4758,CameraRotation,337.4208,266.8658,357.9505,CurrentState,MoveToInitial,Slider,36,Scenario,3
ID,26,Time,935.6276,DronePosition,-211.4114,45,-107.379,11.1,CameraPosition,-103.1754,1.796914,-107.4751,CameraRotation,337.3449,267.0079,357.8745,CurrentState,MoveToInitial,Slider,36,Scenario,3
ID,26,Time,935.6415,DronePosition,-211.2569,45,-107.379,11.1,CameraPosition,-103.1753,1.796855,-107.4744,CameraRotation,337.2568,267.1981,357.7749,CurrentState,MoveToInitial,Slider,36,Scenario,3
ID,26,Time,935.6556,DronePosition,-211.1014,45,-107.379,11.1,CameraPosition,-103.1752,1.796777,-107.4737,CameraRotation,337.1932,267.4033,357.6651,CurrentState,MoveToInitial,Slider,36,Scenario,3
ID,26,Time,935.6692,DronePosition,-210.9497,45,-107.379,11.1,CameraPosition,-103.175,1.796619,-107.473,CameraRotation,337.17,267.6176,357.5642,CurrentState,MoveToInitial,Slider,36,Scenario,3
ID,26,Time,935.6834,DronePosition,-210.792,45,-107.379,11.1,CameraPosition,-103.175,1.796457,-107.4723,CameraRotation,337.1604,267.8193,357.4554,CurrentState,MoveToInitial,Slider,36,Scenario,3
ID,26,Time,935.6975,DronePosition,-210.636,45,-107.379,11.1,CameraPosition,-103.175,1.79635,-107.4716,CameraRotation,337.1393,268.0293,357.3456,CurrentState,MoveToInitial,Slider,36,Scenario,3
ID,26,Time,935.7114,DronePosition,-210.4815,45,-107.379,11.1,CameraPosition,-103.175,1.796295,-107.4709,CameraRotation,337.0874,268.2267,357.225,CurrentState,MoveToInitial,Slider,36,Scenario,3
ID,26,Time,935.7252,DronePosition,-210.328,45,-107.379,11.1,CameraPosition,-103.175,1.796286,-107.4702,CameraRotation,337.0215,268.428,357.0922,CurrentState,MoveToInitial,Slider,36,Scenario,3
ID,26,Time,935.7391,DronePosition,-210.1742,45,-107.379,11.1,CameraPosition,-103.1751,1.796325,-107.4696,CameraRotation,336.9375,268.6162,356.9694,CurrentState,MoveToInitial,Slider,36,Scenario,3
ID,26,Time,935.7529,DronePosition,-210.0206,45,-107.379,11.1,CameraPosition,-103.1752,1.796359,-107.469,CameraRotation,336.8507,268.7818,356.8684,CurrentState,MoveToInitial,Slider,36,Scenario,3
ID,26,Time,935.7668,DronePosition,-209.8659,45,-107.379,11.1,CameraPosition,-103.1753,1.796388,-107.4685,CameraRotation,336.7961,268.9418,356.7808,CurrentState,MoveToInitial,Slider,36,Scenario,3
ID,26,Time,935.7813,DronePosition,-209.7056,45,-107.379,11.1,CameraPosition,-103.1755,1.796403,-107.468,CameraRotation,336.755,269.0781,356.6919,CurrentState,MoveToInitial,Slider,36,Scenario,3
ID,26,Time,935.7949,DronePosition,-209.555,45,-107.379,11.1,CameraPosition,-103.1756,1.796414,-107.4675,CameraRotation,336.7191,269.2128,356.5997,CurrentState,MoveToInitial,Slider,36,Scenario,3
ID,26,Time,935.8088,DronePosition,-209.4003,45,-107.379,11.1,CameraPosition,-103.1758,1.796458,-107.467,CameraRotation,336.6812,269.343,356.4855,CurrentState,MoveToInitial,Slider,36,Scenario,3
ID,26,Time,935.8226,DronePosition,-209.2468,45,-107.379,11.1,CameraPosition,-103.176,1.79652,-107.4665,CameraRotation,336.6412,269.4869,356.3634,CurrentState,MoveToInitial,Slider,36,Scenario,3
ID,26,Time,935.8368,DronePosition,-209.0898,45,-107.379,11.1,CameraPosition,-103.1761,1.796577,-107.4661,CameraRotation,336.6117,269.6157,356.2675,CurrentState,MoveToInitial,Slider,36,Scenario,3
ID,26,Time,935.8505,DronePosition,-208.9375,45,-107.379,11.1,CameraPosition,-103.1763,1.796593,-107.4657,CameraRotation,336.586,269.7449,356.1877,CurrentState,MoveToInitial,Slider,36,Scenario,3
ID,26,Time,935.8644,DronePosition,-208.7837,45,-107.379,11.1,CameraPosition,-103.1765,1.796578,-107.4653,CameraRotation,336.619,269.8698,356.1253,CurrentState,MoveToInitial,Slider,36,Scenario,3
ID,26,Time,935.8784,DronePosition,-208.6277,45,-107.379,11.1,CameraPosition,-103.1768,1.79653,-107.465,CameraRotation,336.6476,269.999,356.0505,CurrentState,MoveToInitial,Slider,36,Scenario,3
ID,26,Time,935.8922,DronePosition,-208.4751,45,-107.379,11.1,CameraPosition,-103.177,1.796486,-107.4646,CameraRotation,336.697,270.1308,355.9858,CurrentState,MoveToInitial,Slider,36,Scenario,3
ID,26,Time,935.9064,DronePosition,-208.3173,45,-107.379,11.1,CameraPosition,-103.1773,1.796478,-107.4644,CameraRotation,336.7299,270.2719,355.9313,CurrentState,MoveToInitial,Slider,36,Scenario,3
ID,26,Time,935.9199,DronePosition,-208.1673,45,-107.379,11.1,CameraPosition,-103.1775,1.796491,-107.4642,CameraRotation,336.7514,270.4068,355.8921,CurrentState,MoveToInitial,Slider,36,Scenario,3
ID,26,Time,935.9338,DronePosition,-208.0123,45,-107.379,11.1,CameraPosition,-103.1777,1.796484,-107.464,CameraRotation,336.7806,270.5483,355.8519,CurrentState,MoveToInitial,Slider,36,Scenario,3
ID,26,Time,935.9478,DronePosition,-207.8573,45,-107.379,11.1,CameraPosition,-103.1779,1.796464,-107.4638,CameraRotation,336.8353,270.6942,355.7992,CurrentState,MoveToInitial,Slider,36,Scenario,3
ID,26,Time,935.965,DronePosition,-207.666,45,-107.379,11.1,CameraPosition,-103.1781,1.796425,-107.4637,CameraRotation,336.8854,270.8122,355.7633,CurrentState,MoveToInitial,Slider,36,Scenario,3
ID,26,Time,935.9755,DronePosition,-207.5502,45,-107.379,11.1,CameraPosition,-103.1782,1.79639,-107.4637,CameraRotation,336.9373,270.925,355.7448,CurrentState,MoveToInitial,Slider,36,Scenario,3
ID,26,Time,935.9912,DronePosition,-207.3754,45,-107.379,11.1,CameraPosition,-103.1783,1.796326,-107.4638,CameraRotation,336.9624,270.9919,355.7418,CurrentState,MoveToInitial,Slider,36,Scenario,3
ID,26,Time,936.0051,DronePosition,-207.2212,45,-107.379,11.1,CameraPosition,-103.1784,1.796287,-107.4639,CameraRotation,336.9924,271.0377,355.7523,CurrentState,MoveToInitial,Slider,36,Scenario,3
ID,26,Time,936.0187,DronePosition,-207.0704,45,-107.379,11.1,CameraPosition,-103.1785,1.796278,-107.464,CameraRotation,337.0147,271.0692,355.7766,CurrentState,MoveToInitial,Slider,36,Scenario,3
ID,26,Time,936.0326,DronePosition,-206.9165,45,-107.379,11.1,CameraPosition,-103.1785,1.796252,-107.4642,CameraRotation,337.0201,271.0983,355.8058,CurrentState,MoveToInitial,Slider,36,Scenario,3
ID,26,Time,936.046,DronePosition,-206.7682,45,-107.379,11.1,CameraPosition,-103.1786,1.796244,-107.4644,CameraRotation,337.033,271.1063,355.8484,CurrentState,MoveToInitial,Slider,36,Scenario,3
ID,26,Time,936.0596,DronePosition,-206.6159,45,-107.379,11.1,CameraPosition,-103.1787,1.796255,-107.4647,CameraRotation,337.0215,271.0841,355.9043,CurrentState,MoveToInitial,Slider,36,Scenario,3
ID,26,Time,936.0737,DronePosition,-206.4603,45,-107.379,11.1,CameraPosition,-103.1788,1.796287,-107.4651,CameraRotation,336.9728,271.0113,355.9943,CurrentState,MoveToInitial,Slider,36,Scenario,3
ID,26,Time,936.0872,DronePosition,-206.3097,45,-107.379,11.1,CameraPosition,-103.1789,1.796327,-107.4655,CameraRotation,336.9326,270.9018,356.088,CurrentState,MoveToInitial,Slider,36,Scenario,3
ID,26,Time,936.1011,DronePosition,-206.1557,45,-107.379,11.1,CameraPosition,-103.1789,1.796341,-107.466,CameraRotation,336.903,270.7408,356.1937,CurrentState,MoveToInitial,Slider,36,Scenario,3
ID,26,Time,936.1153,DronePosition,-205.9983,45,-107.379,11.1,CameraPosition,-103.179,1.796319,-107.4665,CameraRotation,336.8979,270.5462,356.3129,CurrentState,MoveToInitial,Slider,36,Scenario,3
ID,26,Time,936.1287,DronePosition,-205.8493,45,-107.379,11.1,CameraPosition,-103.179,1.796293,-107.467,CameraRotation,336.8972,270.3529,356.4464,CurrentState,MoveToInitial,Slider,36,Scenario,3
ID,26,Time,936.1427,DronePosition,-205.6943,45,-107.379,11.1,CameraPosition,-103.179,1.796232,-107.4675,CameraRotation,336.886,270.1207,356.609,CurrentState,MoveToInitial,Slider,36,Scenario,3
ID,26,Time,936.1565,DronePosition,-205.5406,45,-107.379,11.1,CameraPosition,-103.179,1.796199,-107.468,CameraRotation,336.8578,269.8779,356.7666,CurrentState,MoveToInitial,Slider,36,Scenario,3
ID,26,Time,936.1702,DronePosition,-205.3893,45,-107.379,11.1,CameraPosition,-103.179,1.796238,-107.4686,CameraRotation,336.7913,269.6339,356.9275,CurrentState,MoveToInitial,Slider,36,Scenario,3
ID,26,Time,936.1843,DronePosition,-205.2318,45,-107.379,11.1,CameraPosition,-103.179,1.796367,-107.4691,CameraRotation,336.6896,269.4004,357.0748,CurrentState,MoveToInitial,Slider,36,Scenario,3
ID,26,Time,936.1982,DronePosition,-205.0781,45,-107.379,11.1,CameraPosition,-103.179,1.796541,-107.4696,CameraRotation,336.58,269.181,357.2137,CurrentState,MoveToInitial,Slider,36,Scenario,3
ID,26,Time,936.2121,DronePosition,-204.924,45,-107.379,11.1,CameraPosition,-103.1789,1.796709,-107.47,CameraRotation,336.4455,268.9704,357.3524,CurrentState,MoveToInitial,Slider,36,Scenario,3
ID,26,Time,936.226,DronePosition,-204.77,45,-107.379,11.1,CameraPosition,-103.179,1.796849,-107.4705,CameraRotation,336.3325,268.7672,357.4673,CurrentState,MoveToInitial,Slider,36,Scenario,3
ID,26,Time,936.2399,DronePosition,-204.6148,45,-107.379,11.1,CameraPosition,-103.179,1.796965,-107.471,CameraRotation,336.2518,268.5739,357.5666,CurrentState,MoveToInitial,Slider,36,Scenario,3
ID,26,Time,936.2536,DronePosition,-204.4632,45,-107.379,11.1,CameraPosition,-103.1791,1.797104,-107.4714,CameraRotation,336.1636,268.4082,357.6587,CurrentState,MoveToInitial,Slider,36,Scenario,3
ID,26,Time,936.2677,DronePosition,-204.3065,45,-107.379,11.1,CameraPosition,-103.1791,1.797272,-107.4717,CameraRotation,336.0554,268.2662,357.7305,CurrentState,MoveToInitial,Slider,36,Scenario,3
ID,26,Time,936.2818,DronePosition,-204.1498,45,-107.379,11.1,CameraPosition,-103.1792,1.797453,-107.472,CameraRotation,335.9527,268.1216,357.786,CurrentState,MoveToInitial,Slider,36,Scenario,3
ID,26,Time,936.2956,DronePosition,-203.9972,45,-107.379,11.1,CameraPosition,-103.1793,1.797628,-107.4723,CameraRotation,335.869,268.0037,357.8334,CurrentState,MoveToInitial,Slider,36,Scenario,3
ID,26,Time,936.3096,DronePosition,-203.842,45,-107.379,11.1,CameraPosition,-103.1794,1.797779,-107.4726,CameraRotation,335.821,267.8857,357.8644,CurrentState,MoveToInitial,Slider,36,Scenario,3
ID,26,Time,936.3239,DronePosition,-203.6834,45,-107.379,11.1,CameraPosition,-103.1794,1.797883,-107.4729,CameraRotation,335.7826,267.7817,357.8878,CurrentState,MoveToInitial,Slider,36,Scenario,3
ID,26,Time,936.3372,DronePosition,-203.5353,45,-107.379,11.1,CameraPosition,-103.1795,1.797967,-107.4731,CameraRotation,335.7823,267.6723,357.9012,CurrentState,MoveToInitial,Slider,36,Scenario,3
ID,26,Time,936.3514,DronePosition,-203.377,45,-107.379,11.1,CameraPosition,-103.1796,1.798015,-107.4734,CameraRotation,335.7877,267.5666,357.9232,CurrentState,MoveToInitial,Slider,36,Scenario,3
ID,26,Time,936.3652,DronePosition,-203.2236,45,-107.379,11.1,CameraPosition,-103.1797,1.798037,-107.4737,CameraRotation,335.821,267.4668,357.9525,CurrentState,MoveToInitial,Slider,36,Scenario,3
ID,26,Time,936.3793,DronePosition,-203.0673,45,-107.379,11.1,CameraPosition,-103.1798,1.798072,-107.474,CameraRotation,335.8531,267.3779,357.9907,CurrentState,MoveToInitial,Slider,36,Scenario,3
ID,26,Time,936.3934,DronePosition,-202.9112,45,-107.379,11.1,CameraPosition,-103.1798,1.798137,-107.4743,CameraRotation,335.8605,267.2889,358.0239,CurrentState,MoveToInitial,Slider,36,Scenario,3
ID,26,Time,936.4072,DronePosition,-202.7581,45,-107.379,11.1,CameraPosition,-103.1798,1.798205,-107.4746,CameraRotation,335.8521,267.2011,358.0688,CurrentState,MoveToInitial,Slider,36,Scenario,3
ID,26,Time,936.4212,DronePosition,-202.6028,45,-107.379,11.1,CameraPosition,-103.1798,1.798299,-107.4749,CameraRotation,335.8321,267.1228,358.1051,CurrentState,MoveToInitial,Slider,36,Scenario,3
ID,26,Time,936.4349,DronePosition,-202.4502,45,-107.379,11.1,CameraPosition,-103.1798,1.798403,-107.4752,CameraRotation,335.8051,267.0504,358.1371,CurrentState,MoveToInitial,Slider,36,Scenario,3
ID,26,Time,936.4489,DronePosition,-202.2958,45,-107.379,11.1,CameraPosition,-103.1797,1.798488,-107.4755,CameraRotation,335.7728,266.9795,358.1811,CurrentState,MoveToInitial,Slider,36,Scenario,3
ID,26,Time,936.4634,DronePosition,-202.1345,45,-107.379,11.1,CameraPosition,-103.1797,1.798517,-107.4758,CameraRotation,335.7549,266.9001,358.2384,CurrentState,MoveToInitial,Slider,36,Scenario,3
ID,26,Time,936.4769,DronePosition,-201.985,45,-107.379,11.1,CameraPosition,-103.1796,1.798527,-107.476,CameraRotation,335.7482,266.8104,358.3057,CurrentState,MoveToInitial,Slider,36,Scenario,3
ID,26,Time,936.4912,DronePosition,-201.8259,45,-107.379,11.1,CameraPosition,-103.1795,1.798561,-107.4763,CameraRotation,335.7255,266.7245,358.3694,CurrentState,MoveToInitial,Slider,36,Scenario,3
ID,26,Time,936.5047,DronePosition,-201.6761,45,-107.379,11.1,CameraPosition,-103.1794,1.798595,-107.4765,CameraRotation,335.6909,266.6496,358.4066,CurrentState,MoveToInitial,Slider,36,Scenario,3
ID,26,Time,936.519,DronePosition,-201.5165,45,-107.379,11.1,CameraPosition,-103.1793,1.798658,-107.4767,CameraRotation,335.6491,266.5855,358.4146,CurrentState,MoveToInitial,Slider,36,Scenario,3
ID,26,Time,936.533,DronePosition,-201.3616,45,-107.379,11.1,CameraPosition,-103.1792,1.798723,-107.4769,CameraRotation,335.577,266.5128,358.4252,CurrentState,MoveToInitial,Slider,36,Scenario,3
ID,26,Time,936.5462,DronePosition,-201.2149,45,-107.379,11.1,CameraPosition,-103.179,1.798796,-107.4771,CameraRotation,335.5086,266.4407,358.448,CurrentState,MoveToInitial,Slider,36,Scenario,3
ID,26,Time,936.5601,DronePosition,-201.0614,45,-107.379,11.1,CameraPosition,-103.1789,1.798844,-107.4773,CameraRotation,335.4426,266.3455,358.4865,CurrentState,MoveToInitial,Slider,36,Scenario,3
ID,26,Time,936.5742,DronePosition,-200.9044,45,-107.379,11.1,CameraPosition,-103.1787,1.798883,-107.4775,CameraRotation,335.4083,266.2395,358.5559,CurrentState,MoveToInitial,Slider,36,Scenario,3
ID,26,Time,936.5881,DronePosition,-200.7504,45,-107.379,11.1,CameraPosition,-103.1785,1.798903,-107.4777,CameraRotation,335.3941,266.1406,358.6214,CurrentState,MoveToInitial,Slider,36,Scenario,3
ID,26,Time,936.6018,DronePosition,-200.5982,45,-107.379,11.1,CameraPosition,-103.1782,1.798928,-107.4778,CameraRotation,335.3747,266.0621,358.6606,CurrentState,MoveToInitial,Slider,36,Scenario,3
ID,26,Time,936.6158,DronePosition,-200.4424,45,-107.379,11.1,CameraPosition,-103.178,1.798968,-107.4779,CameraRotation,335.3442,265.9915,358.6729,CurrentState,MoveToInitial,Slider,36,Scenario,3
ID,26,Time,936.6301,DronePosition,-200.2846,45,-107.379,11.1,CameraPosition,-103.1777,1.799013,-107.478,CameraRotation,335.2939,265.9373,358.6834,CurrentState,MoveToInitial,Slider,36,Scenario,3
ID,26,Time,936.6437,DronePosition,-200.1334,45,-107.379,11.1,CameraPosition,-103.1774,1.79906,-107.4781,CameraRotation,335.2315,265.9015,358.7077,CurrentState,MoveToInitial,Slider,36,Scenario,3
ID,26,Time,936.6575,DronePosition,-199.9792,45,-107.379,11.1,CameraPosition,-103.1772,1.799135,-107.4781,CameraRotation,335.1719,265.873,358.7351,CurrentState,MoveToInitial,Slider,36,Scenario,3
ID,26,Time,936.6716,DronePosition,-199.8235,45,-107.379,11.1,CameraPosition,-103.177,1.79921,-107.4781,CameraRotation,335.0967,265.8628,358.737,CurrentState,MoveToInitial,Slider,36,Scenario,3
ID,26,Time,936.6855,DronePosition,-199.6691,45,-107.379,11.1,CameraPosition,-103.1768,1.79929,-107.4782,CameraRotation,335.0258,265.8504,358.7415,CurrentState,MoveToInitial,Slider,34,Scenario,3
ID,26,Time,936.6994,DronePosition,-199.5144,45,-107.379,11.1,CameraPosition,-103.1766,1.799379,-107.4782,CameraRotation,334.9531,265.8391,358.7553,CurrentState,MoveToInitial,Slider,34,Scenario,3
ID,26,Time,936.7132,DronePosition,-199.3617,45,-107.379,11.1,CameraPosition,-103.1764,1.799465,-107.4782,CameraRotation,334.8912,265.8227,358.774,CurrentState,MoveToInitial,Slider,34,Scenario,3
ID,26,Time,936.7272,DronePosition,-199.2056,45,-107.379,11.1,CameraPosition,-103.1763,1.799535,-107.4782,CameraRotation,334.8633,265.8103,358.7926,CurrentState,MoveToInitial,Slider,34,Scenario,3
ID,26,Time,936.7415,DronePosition,-199.048,45,-107.379,11.1,CameraPosition,-103.1761,1.799573,-107.4782,CameraRotation,334.8483,265.8048,358.7802,CurrentState,MoveToInitial,Slider,34,Scenario,3
ID,26,Time,936.7549,DronePosition,-198.899,45,-107.379,11.1,CameraPosition,-103.176,1.799607,-107.4781,CameraRotation,334.834,265.8015,358.7634,CurrentState,MoveToInitial,Slider,34,Scenario,3
ID,26,Time,936.7689,DronePosition,-198.7438,45,-107.379,11.1,CameraPosition,-103.1759,1.799622,-107.4781,CameraRotation,334.8369,265.8262,358.7337,CurrentState,MoveToInitial,Slider,34,Scenario,3
ID,26,Time,936.783,DronePosition,-198.5862,45,-107.379,11.1,CameraPosition,-103.1758,1.799606,-107.478,CameraRotation,334.8425,265.8513,358.7029,CurrentState,MoveToInitial,Slider,32,Scenario,3
ID,26,Time,936.797,DronePosition,-198.4316,45,-107.379,11.1,CameraPosition,-103.1757,1.799588,-107.478,CameraRotation,334.8628,265.8766,358.6819,CurrentState,MoveToInitial,Slider,32,Scenario,3
ID,26,Time,936.8106,DronePosition,-198.2805,45,-107.379,11.1,CameraPosition,-103.1757,1.799558,-107.4779,CameraRotation,334.8851,265.9031,358.6723,CurrentState,MoveToInitial,Slider,32,Scenario,3
ID,26,Time,936.8246,DronePosition,-198.1247,45,-107.379,11.1,CameraPosition,-103.1756,1.799525,-107.4778,CameraRotation,334.9186,265.9255,358.6672,CurrentState,MoveToInitial,Slider,32,Scenario,3
ID,26,Time,936.8386,DronePosition,-197.9692,45,-107.379,11.1,CameraPosition,-103.1756,1.799501,-107.4778,CameraRotation,334.9785,265.9384,358.6538,CurrentState,MoveToInitial,Slider,32,Scenario,3
ID,26,Time,936.8525,DronePosition,-197.815,45,-107.379,11.1,CameraPosition,-103.1756,1.799477,-107.4777,CameraRotation,335.0326,265.96,358.6299,CurrentState,MoveToInitial,Slider,32,Scenario,3
ID,26,Time,936.8664,DronePosition,-197.6614,45,-107.379,11.1,CameraPosition,-103.1756,1.799468,-107.4777,CameraRotation,335.0848,265.9786,358.6195,CurrentState,MoveToInitial,Slider,32,Scenario,3
ID,26,Time,936.8802,DronePosition,-197.5074,45,-107.379,11.1,CameraPosition,-103.1756,1.799453,-107.4776,CameraRotation,335.1392,265.997,358.6057,CurrentState,MoveToInitial,Slider,30,Scenario,3
ID,26,Time,936.8942,DronePosition,-197.3531,45,-107.379,11.1,CameraPosition,-103.1757,1.799401,-107.4775,CameraRotation,335.2013,266.0021,358.5794,CurrentState,MoveToInitial,Slider,30,Scenario,3
ID,26,Time,936.9081,DronePosition,-197.1974,45,-107.379,11.1,CameraPosition,-103.1757,1.799343,-107.4775,CameraRotation,335.2744,266.0087,358.5519,CurrentState,MoveToInitial,Slider,30,Scenario,3
ID,26,Time,936.9221,DronePosition,-197.0432,45,-107.379,11.1,CameraPosition,-103.1758,1.799279,-107.4774,CameraRotation,335.3405,266.0247,358.5238,CurrentState,MoveToInitial,Slider,30,Scenario,3
ID,26,Time,936.9359,DronePosition,-196.8901,45,-107.379,11.1,CameraPosition,-103.1758,1.799197,-107.4773,CameraRotation,335.4127,266.0289,358.507,CurrentState,MoveToInitial,Slider,30,Scenario,3
ID,26,Time,936.9503,DronePosition,-196.7302,45,-107.379,11.1,CameraPosition,-103.1759,1.799087,-107.4772,CameraRotation,335.4701,266.0402,358.4941,CurrentState,MoveToInitial,Slider,30,Scenario,3
ID,26,Time,936.9641,DronePosition,-196.5771,45,-107.379,11.1,CameraPosition,-103.176,1.798993,-107.477,CameraRotation,335.5544,266.0521,358.482,CurrentState,MoveToInitial,Slider,30,Scenario,3
ID,26,Time,936.9778,DronePosition,-196.4243,45,-107.379,11.1,CameraPosition,-103.1761,1.798927,-107.4769,CameraRotation,335.6001,266.0763,358.4608,CurrentState,MoveToInitial,Slider,30,Scenario,3
ID,26,Time,936.9918,DronePosition,-196.2688,45,-107.379,11.1,CameraPosition,-103.1762,1.798905,-107.4768,CameraRotation,335.6511,266.109,358.4054,CurrentState,MoveToInitial,Slider,29,Scenario,3
ID,26,Time,937.0056,DronePosition,-196.1163,45,-107.379,11.1,CameraPosition,-103.1763,1.798877,-107.4766,CameraRotation,335.6798,266.1413,358.3509,CurrentState,MoveToInitial,Slider,29,Scenario,3
ID,26,Time,937.0195,DronePosition,-195.961,45,-107.379,11.1,CameraPosition,-103.1764,1.798843,-107.4765,CameraRotation,335.7328,266.1762,358.3124,CurrentState,MoveToInitial,Slider,29,Scenario,3
ID,26,Time,937.0335,DronePosition,-195.8064,45,-107.379,11.1,CameraPosition,-103.1765,1.798782,-107.4765,CameraRotation,335.7827,266.2086,358.3042,CurrentState,MoveToInitial,Slider,29,Scenario,3
ID,26,Time,937.0474,DronePosition,-195.6523,45,-107.379,11.1,CameraPosition,-103.1766,1.798679,-107.4764,CameraRotation,335.8669,266.2296,358.3084,CurrentState,MoveToInitial,Slider,29,Scenario,3
ID,26,Time,937.0612,DronePosition,-195.4987,45,-107.379,11.1,CameraPosition,-103.1767,1.798604,-107.4763,CameraRotation,335.9651,266.2455,358.3065,CurrentState,MoveToInitial,Slider,29,Scenario,3
ID,26,Time,937.0752,DronePosition,-195.3434,45,-107.379,11.1,CameraPosition,-103.1768,1.79853,-107.4762,CameraRotation,336.0099,266.268,358.3074,CurrentState,MoveToInitial,Slider,29,Scenario,3
ID,26,Time,937.0892,DronePosition,-195.1878,45,-107.379,11.1,CameraPosition,-103.1769,1.798505,-107.4762,CameraRotation,336.0561,266.2918,358.2832,CurrentState,MoveToInitial,Slider,29,Scenario,3
ID,26,Time,937.1029,DronePosition,-195.0355,45,-107.379,11.1,CameraPosition,-103.1769,1.798438,-107.4761,CameraRotation,336.0857,266.3131,358.2576,CurrentState,MoveToInitial,Slider,29,Scenario,3
ID,26,Time,937.1169,DronePosition,-194.881,45,-107.379,11.1,CameraPosition,-103.177,1.79835,-107.4761,CameraRotation,336.1228,266.3141,358.2305,CurrentState,MoveToInitial,Slider,29,Scenario,3
ID,26,Time,937.1309,DronePosition,-194.7248,45,-107.379,11.1,CameraPosition,-103.177,1.798268,-107.476,CameraRotation,336.1932,266.319,358.2046,CurrentState,MoveToInitial,Slider,29,Scenario,3
ID,26,Time,937.145,DronePosition,-194.5693,45,-107.379,11.1,CameraPosition,-103.1771,1.798183,-107.476,CameraRotation,336.2597,266.3214,358.1849,CurrentState,MoveToInitial,Slider,29,Scenario,3
ID,26,Time,937.1591,DronePosition,-194.412,45,-107.379,11.1,CameraPosition,-103.1771,1.79812,-107.4759,CameraRotation,336.3156,266.313,358.1651,CurrentState,MoveToInitial,Slider,29,Scenario,3
ID,26,Time,937.1727,DronePosition,-194.2613,45,-107.379,11.1,CameraPosition,-103.1772,1.798075,-107.4759,CameraRotation,336.3608,266.312,358.1599,CurrentState,MoveToInitial,Slider,29,Scenario,3
ID,26,Time,937.1866,DronePosition,-194.1072,45,-107.379,11.1,CameraPosition,-103.1773,1.79808,-107.4759,CameraRotation,336.3791,266.314,358.1547,CurrentState,MoveToInitial,Slider,29,Scenario,3
ID,26,Time,937.2004,DronePosition,-193.9529,45,-107.379,11.1,CameraPosition,-103.1774,1.798104,-107.4759,CameraRotation,336.3574,266.3036,358.1613,CurrentState,MoveToInitial,Slider,29,Scenario,3
ID,26,Time,937.2144,DronePosition,-193.7981,45,-107.379,11.1,CameraPosition,-103.1774,1.79817,-107.4759,CameraRotation,336.3451,266.2886,358.158,CurrentState,MoveToInitial,Slider,29,Scenario,3
ID,26,Time,937.2283,DronePosition,-193.6442,45,-107.379,11.1,CameraPosition,-103.1775,1.798184,-107.4759,CameraRotation,336.3436,266.2871,358.1128,CurrentState,MoveToInitial,Slider,29,Scenario,3
ID,26,Time,937.2422,DronePosition,-193.4896,45,-107.379,11.1,CameraPosition,-103.1775,1.798173,-107.4759,CameraRotation,336.3894,266.2879,358.0912,CurrentState,MoveToInitial,Slider,29,Scenario,3
ID,26,Time,937.2561,DronePosition,-193.3354,45,-107.379,11.1,CameraPosition,-103.1775,1.798163,-107.4758,CameraRotation,336.4282,266.2818,358.0817,CurrentState,MoveToInitial,Slider,29,Scenario,3
ID,26,Time,937.27,DronePosition,-193.1806,45,-107.379,11.1,CameraPosition,-103.1774,1.798175,-107.4758,CameraRotation,336.4426,266.2754,358.0917,CurrentState,MoveToInitial,Slider,29,Scenario,3
ID,26,Time,937.284,DronePosition,-193.0256,45,-107.379,11.1,CameraPosition,-103.1773,1.798205,-107.4758,CameraRotation,336.447,266.2827,358.0807,CurrentState,MoveToInitial,Slider,29,Scenario,3
ID,26,Time,937.2981,DronePosition,-192.8689,45,-107.379,11.1,CameraPosition,-103.1773,1.798221,-107.4758,CameraRotation,336.4403,266.2855,358.0691,CurrentState,MoveToInitial,Slider,29,Scenario,3
ID,26,Time,937.3118,DronePosition,-192.7164,45,-107.379,11.1,CameraPosition,-103.1773,1.798236,-107.4758,CameraRotation,336.4465,266.2896,358.0714,CurrentState,MoveToInitial,Slider,29,Scenario,3
ID,26,Time,937.326,DronePosition,-192.5597,45,-107.379,11.1,CameraPosition,-103.1772,1.798255,-107.4758,CameraRotation,336.4366,266.291,358.078,CurrentState,MoveToInitial,Slider,29,Scenario,3
ID,26,Time,937.3398,DronePosition,-192.4061,45,-107.379,11.1,CameraPosition,-103.1771,1.798278,-107.4759,CameraRotation,336.4284,266.2886,358.0903,CurrentState,MoveToInitial,Slider,29,Scenario,3
ID,26,Time,937.3536,DronePosition,-192.2532,45,-107.379,11.1,CameraPosition,-103.177,1.79829,-107.476,CameraRotation,336.4165,266.2825,358.0924,CurrentState,MoveToInitial,Slider,29,Scenario,3
ID,26,Time,937.3677,DronePosition,-192.0963,45,-107.379,11.1,CameraPosition,-103.1769,1.798321,-107.4761,CameraRotation,336.4088,266.2741,358.0879,CurrentState,MoveToInitial,Slider,29,Scenario,3
ID,26,Time,937.3817,DronePosition,-191.9419,45,-107.379,11.1,CameraPosition,-103.1768,1.798344,-107.4761,CameraRotation,336.3779,266.2564,358.1105,CurrentState,MoveToInitial,Slider,29,Scenario,3
ID,26,Time,937.3956,DronePosition,-191.7872,45,-107.379,11.1,CameraPosition,-103.1767,1.798383,-107.4762,CameraRotation,336.3539,266.2373,358.1311,CurrentState,MoveToInitial,Slider,29,Scenario,3
ID,26,Time,937.4094,DronePosition,-191.6343,45,-107.379,11.1,CameraPosition,-103.1766,1.798422,-107.4762,CameraRotation,336.3122,266.2206,358.1383,CurrentState,MoveToInitial,Slider,29,Scenario,3
ID,26,Time,937.4232,DronePosition,-191.4807,45,-107.379,11.1,CameraPosition,-103.1765,1.798457,-107.4763,CameraRotation,336.2819,266.2052,358.1436,CurrentState,MoveToInitial,Slider,29,Scenario,3
ID,26,Time,937.4373,DronePosition,-191.3235,45,-107.379,11.1,CameraPosition,-103.1764,1.798477,-107.4764,CameraRotation,336.2587,266.1805,358.1665,CurrentState,MoveToInitial,Slider,29,Scenario,3
ID,26,Time,937.4512,DronePosition,-191.1698,45,-107.379,11.1,CameraPosition,-103.1763,1.798483,-107.4764,CameraRotation,336.2525,266.15,358.1869,CurrentState,MoveToInitial,Slider,29,Scenario,3
ID,26,Time,937.4651,DronePosition,-191.0155,45,-107.379,11.1,CameraPosition,-103.1762,1.798478,-107.4765,CameraRotation,336.2658,266.1256,358.1926,CurrentState,MoveToInitial,Slider,29,Scenario,3
ID,26,Time,937.4789,DronePosition,-190.8621,45,-107.379,11.1,CameraPosition,-103.1761,1.798462,-107.4766,CameraRotation,336.2918,266.0853,358.2093,CurrentState,MoveToInitial,Slider,29,Scenario,3
ID,26,Time,937.4929,DronePosition,-190.7074,45,-107.379,11.1,CameraPosition,-103.1761,1.798448,-107.4767,CameraRotation,336.3185,266.0571,358.2203,CurrentState,MoveToInitial,Slider,29,Scenario,3
ID,26,Time,937.5069,DronePosition,-190.5515,45,-107.379,11.1,CameraPosition,-103.176,1.798451,-107.4768,CameraRotation,336.345,266.0284,358.2306,CurrentState,MoveToInitial,Slider,29,Scenario,3
ID,26,Time,937.5206,DronePosition,-190.3988,45,-107.379,11.1,CameraPosition,-103.176,1.798464,-107.4769,CameraRotation,336.3512,266.0058,358.2381,CurrentState,MoveToInitial,Slider,29,Scenario,3
ID,26,Time,937.535,DronePosition,-190.2402,45,-107.379,11.1,CameraPosition,-103.176,1.798492,-107.477,CameraRotation,336.3456,265.9802,358.2603,CurrentState,MoveToInitial,Slider,29,Scenario,3
ID,26,Time,937.5488,DronePosition,-190.0869,45,-107.379,11.1,CameraPosition,-103.1759,1.798516,-107.477,CameraRotation,336.3293,265.9542,358.2916,CurrentState,MoveToInitial,Slider,29,Scenario,3
ID,26,Time,937.5625,DronePosition,-189.9344,45,-107.379,11.1,CameraPosition,-103.1759,1.798546,-107.4771,CameraRotation,336.3156,265.9281,358.3208,CurrentState,MoveToInitial,Slider,29,Scenario,3
ID,26,Time,937.5768,DronePosition,-189.7761,45,-107.379,11.1,CameraPosition,-103.1758,1.798554,-107.4771,CameraRotation,336.3014,265.8988,358.3529,CurrentState,MoveToInitial,Slider,29,Scenario,3
ID,26,Time,937.5904,DronePosition,-189.6244,45,-107.379,11.1,CameraPosition,-103.1757,1.798558,-107.4771,CameraRotation,336.3,265.8688,358.3707,CurrentState,MoveToInitial,Slider,29,Scenario,3
ID,26,Time,937.6042,DronePosition,-189.4715,45,-107.379,11.1,CameraPosition,-103.1756,1.798556,-107.4771,CameraRotation,336.3096,265.842,358.3923,CurrentState,MoveToInitial,Slider,29,Scenario,3
ID,26,Time,937.6181,DronePosition,-189.317,45,-107.379,11.1,CameraPosition,-103.1756,1.798569,-107.4772,CameraRotation,336.3053,265.8187,358.3871,CurrentState,MoveToInitial,Slider,29,Scenario,3
ID,26,Time,937.6321,DronePosition,-189.1621,45,-107.379,11.1,CameraPosition,-103.1755,1.79861,-107.4772,CameraRotation,336.2894,265.7806,358.3927,CurrentState,MoveToInitial,Slider,29,Scenario,3
ID,26,Time,937.6463,DronePosition,-189.0044,45,-107.379,11.1,CameraPosition,-103.1755,1.798682,-107.4772,CameraRotation,336.2521,265.7483,358.4141,CurrentState,MoveToInitial,Slider,29,Scenario,3
ID,26,Time,937.6599,DronePosition,-188.8528,45,-107.379,11.1,CameraPosition,-103.1755,1.798708,-107.4772,CameraRotation,336.2067,265.7101,358.4475,CurrentState,MoveToInitial,Slider,29,Scenario,3
ID,26,Time,937.6738,DronePosition,-188.6987,45,-107.379,11.1,CameraPosition,-103.1755,1.798698,-107.4772,CameraRotation,336.2074,265.6663,358.4727,CurrentState,MoveToInitial,Slider,29,Scenario,3
ID,26,Time,937.6877,DronePosition,-188.5447,45,-107.379,11.1,CameraPosition,-103.1756,1.798643,-107.4772,CameraRotation,336.2399,265.6428,358.496,CurrentState,MoveToInitial,Slider,29,Scenario,3
ID,26,Time,937.7017,DronePosition,-188.3889,45,-107.379,11.1,CameraPosition,-103.1756,1.798622,-107.4771,CameraRotation,336.2752,265.63,358.4849,CurrentState,MoveToInitial,Slider,29,Scenario,3
ID,26,Time,937.7155,DronePosition,-188.236,45,-107.379,11.1,CameraPosition,-103.1757,1.798609,-107.477,CameraRotation,336.2875,265.6317,358.4533,CurrentState,MoveToInitial,Slider,29,Scenario,3
ID,26,Time,937.7297,DronePosition,-188.0785,45,-107.379,11.1,CameraPosition,-103.1757,1.798627,-107.4769,CameraRotation,336.3032,265.6461,358.4054,CurrentState,MoveToInitial,Slider,29,Scenario,3
ID,26,Time,937.7435,DronePosition,-187.9257,45,-107.379,11.1,CameraPosition,-103.1758,1.798646,-107.4768,CameraRotation,336.3222,265.6579,358.3719,CurrentState,MoveToInitial,Slider,29,Scenario,3
ID,26,Time,937.7574,DronePosition,-187.7701,45,-107.379,11.1,CameraPosition,-103.1758,1.798652,-107.4767,CameraRotation,336.3233,265.6833,358.362,CurrentState,MoveToInitial,Slider,29,Scenario,3
ID,26,Time,937.7715,DronePosition,-187.6144,45,-107.379,11.1,CameraPosition,-103.1759,1.798648,-107.4766,CameraRotation,336.3511,265.7076,358.3582,CurrentState,MoveToInitial,Slider,29,Scenario,3
ID,26,Time,937.7856,DronePosition,-187.4572,45,-107.379,11.1,CameraPosition,-103.176,1.798617,-107.4765,CameraRotation,336.4079,265.7241,358.3436,CurrentState,MoveToInitial,Slider,29,Scenario,3
ID,26,Time,937.7991,DronePosition,-187.3078,45,-107.379,11.1,CameraPosition,-103.1762,1.798567,-107.4763,CameraRotation,336.4608,265.7399,358.333,CurrentState,MoveToInitial,Slider,29,Scenario,3
ID,26,Time,937.813,DronePosition,-187.1535,45,-107.379,11.1,CameraPosition,-103.1763,1.798495,-107.4762,CameraRotation,336.4992,265.7689,358.321,CurrentState,MoveToInitial,Slider,29,Scenario,3
ID,26,Time,937.827,DronePosition,-186.9978,45,-107.379,11.1,CameraPosition,-103.1765,1.798435,-107.4761,CameraRotation,336.5284,265.7908,358.296,CurrentState,MoveToInitial,Slider,29,Scenario,3
ID,26,Time,937.841,DronePosition,-186.8431,45,-107.379,11.1,CameraPosition,-103.1766,1.798377,-107.476,CameraRotation,336.5408,265.8073,358.278,CurrentState,MoveToInitial,Slider,29,Scenario,3
ID,26,Time,937.8549,DronePosition,-186.6885,45,-107.379,11.1,CameraPosition,-103.1768,1.798345,-107.4758,CameraRotation,336.5534,265.8245,358.2503,CurrentState,MoveToInitial,Slider,29,Scenario,3
ID,26,Time,937.8688,DronePosition,-186.5338,45,-107.379,11.1,CameraPosition,-103.1769,1.798329,-107.4757,CameraRotation,336.588,265.8453,358.2122,CurrentState,MoveToInitial,Slider,29,Scenario,3
ID,26,Time,937.8826,DronePosition,-186.381,45,-107.379,11.1,CameraPosition,-103.1771,1.798265,-107.4755,CameraRotation,336.617,265.8634,358.1936,CurrentState,MoveToInitial,Slider,29,Scenario,3
ID,26,Time,937.8968,DronePosition,-186.2237,45,-107.379,11.1,CameraPosition,-103.1772,1.798198,-107.4754,CameraRotation,336.6751,265.885,358.1725,CurrentState,MoveToInitial,Slider,29,Scenario,3
ID,26,Time,937.9106,DronePosition,-186.0703,45,-107.379,11.1,CameraPosition,-103.1773,1.798152,-107.4752,CameraRotation,336.7257,265.8985,358.1796,CurrentState,MoveToInitial,Slider,29,Scenario,3
ID,26,Time,937.9244,DronePosition,-185.9168,45,-107.379,11.1,CameraPosition,-103.1773,1.798144,-107.475,CameraRotation,336.7264,265.9081,358.1895,CurrentState,MoveToInitial,Slider,29,Scenario,3
ID,26,Time,937.9385,DronePosition,-185.7609,45,-107.379,11.1,CameraPosition,-103.1774,1.79815,-107.4749,CameraRotation,336.7056,265.9246,358.1824,CurrentState,MoveToInitial,Slider,29,Scenario,3
ID,26,Time,937.9523,DronePosition,-185.6075,45,-107.379,11.1,CameraPosition,-103.1775,1.798147,-107.4747,CameraRotation,336.7025,265.9515,358.1494,CurrentState,MoveToInitial,Slider,29,Scenario,3
ID,26,Time,937.9663,DronePosition,-185.4522,45,-107.379,11.1,CameraPosition,-103.1776,1.798131,-107.4746,CameraRotation,336.7157,265.9825,358.1126,CurrentState,MoveToInitial,Slider,29,Scenario,3
ID,26,Time,937.9802,DronePosition,-185.2972,45,-107.379,11.1,CameraPosition,-103.1777,1.798096,-107.4744,CameraRotation,336.7359,266.0007,358.1017,CurrentState,MoveToInitial,Slider,29,Scenario,3
ID,26,Time,937.9943,DronePosition,-185.1408,45,-107.379,11.1,CameraPosition,-103.1779,1.798082,-107.4743,CameraRotation,336.7651,266.0176,358.0894,CurrentState,MoveToInitial,Slider,29,Scenario,3
ID,26,Time,938.0082,DronePosition,-184.9865,45,-107.379,11.1,CameraPosition,-103.178,1.798073,-107.4742,CameraRotation,336.7926,266.0322,358.0721,CurrentState,MoveToInitial,Slider,29,Scenario,3
ID,26,Time,938.022,DronePosition,-184.8335,45,-107.379,11.1,CameraPosition,-103.1781,1.798063,-107.474,CameraRotation,336.8051,266.0519,358.0485,CurrentState,MoveToInitial,Slider,29,Scenario,3
ID,26,Time,938.0357,DronePosition,-184.682,45,-107.379,11.1,CameraPosition,-103.1782,1.798065,-107.4739,CameraRotation,336.7935,266.0956,358.0347,CurrentState,MoveToInitial,Slider,29,Scenario,3
ID,26,Time,938.0496,DronePosition,-184.5269,45,-107.379,11.1,CameraPosition,-103.1782,1.798091,-107.4738,CameraRotation,336.7764,266.1208,358.0201,CurrentState,MoveToInitial,Slider,29,Scenario,3
ID,26,Time,938.064,DronePosition,-184.368,45,-107.379,11.1,CameraPosition,-103.1782,1.798064,-107.4736,CameraRotation,336.7424,266.1469,358.0235,CurrentState,MoveToInitial,Slider,29,Scenario,3
ID,26,Time,938.0775,DronePosition,-184.2176,45,-107.379,11.1,CameraPosition,-103.1782,1.79805,-107.4734,CameraRotation,336.7264,266.1716,358.0149,CurrentState,MoveToInitial,Slider,29,Scenario,3
ID,26,Time,938.0916,DronePosition,-184.062,45,-107.379,11.1,CameraPosition,-103.1782,1.79803,-107.4733,CameraRotation,336.7046,266.1822,358.0055,CurrentState,MoveToInitial,Slider,29,Scenario,3
ID,26,Time,938.1055,DronePosition,-183.9073,45,-107.379,11.1,CameraPosition,-103.1783,1.798017,-107.4732,CameraRotation,336.7079,266.1915,358.0035,CurrentState,MoveToInitial,Slider,29,Scenario,3
ID,26,Time,938.1191,DronePosition,-183.7555,45,-107.379,11.1,CameraPosition,-103.1783,1.798008,-107.4731,CameraRotation,336.7072,266.205,358.008,CurrentState,MoveToInitial,Slider,29,Scenario,3
ID,26,Time,938.1332,DronePosition,-183.5998,45,-107.379,11.1,CameraPosition,-103.1784,1.798004,-107.4731,CameraRotation,336.6868,266.203,358.0132,CurrentState,MoveToInitial,Slider,29,Scenario,3
ID,26,Time,938.1473,DronePosition,-183.4433,45,-107.379,11.1,CameraPosition,-103.1785,1.798006,-107.4731,CameraRotation,336.6633,266.201,358.0086,CurrentState,MoveToInitial,Slider,29,Scenario,3
ID,26,Time,938.1611,DronePosition,-183.2893,45,-107.379,11.1,CameraPosition,-103.1786,1.798006,-107.4731,CameraRotation,336.6401,266.2102,357.9979,CurrentState,MoveToInitial,Slider,29,Scenario,3
ID,26,Time,938.1749,DronePosition,-183.1363,45,-107.379,11.1,CameraPosition,-103.1786,1.79802,-107.473,CameraRotation,336.6169,266.2055,357.9949,CurrentState,MoveToInitial,Slider,29,Scenario,3
ID,26,Time,938.1888,DronePosition,-182.982,45,-107.379,11.1,CameraPosition,-103.1787,1.798011,-107.473,CameraRotation,336.597,266.2035,358.0046,CurrentState,MoveToInitial,Slider,29,Scenario,3
ID,26,Time,938.2032,DronePosition,-182.8224,45,-107.379,11.1,CameraPosition,-103.1788,1.797997,-107.473,CameraRotation,336.5906,266.203,358.0157,CurrentState,MoveToInitial,Slider,29,Scenario,3
ID,26,Time,938.2169,DronePosition,-182.6701,45,-107.379,11.1,CameraPosition,-103.1788,1.797992,-107.473,CameraRotation,336.5895,266.1933,358.022,CurrentState,MoveToInitial,Slider,29,Scenario,3
ID,26,Time,938.2307,DronePosition,-182.5171,45,-107.379,11.1,CameraPosition,-103.1787,1.797992,-107.473,CameraRotation,336.5555,266.1903,358.0291,CurrentState,MoveToInitial,Slider,29,Scenario,3
ID,26,Time,938.2446,DronePosition,-182.3628,45,-107.379,11.1,CameraPosition,-103.1787,1.798028,-107.473,CameraRotation,336.5105,266.1976,358.0297,CurrentState,MoveToInitial,Slider,29,Scenario,3
ID,26,Time,938.2587,DronePosition,-182.2064,45,-107.379,11.1,CameraPosition,-103.1787,1.798065,-107.473,CameraRotation,336.48,266.1987,358.0363,CurrentState,MoveToInitial,Slider,29,Scenario,3
ID,26,Time,938.2726,DronePosition,-182.0523,45,-107.379,11.1,CameraPosition,-103.1787,1.798095,-107.473,CameraRotation,336.4507,266.1971,358.0378,CurrentState,MoveToInitial,Slider,29,Scenario,3
ID,26,Time,938.2864,DronePosition,-181.8988,45,-107.379,11.1,CameraPosition,-103.1788,1.798122,-107.4731,CameraRotation,336.4178,266.2128,358.0378,CurrentState,MoveToInitial,Slider,29,Scenario,3
ID,26,Time,938.3004,DronePosition,-181.744,45,-107.379,11.1,CameraPosition,-103.1787,1.798151,-107.4731,CameraRotation,336.3971,266.2159,358.0382,CurrentState,MoveToInitial,Slider,29,Scenario,3
ID,26,Time,938.3142,DronePosition,-181.5906,45,-107.379,11.1,CameraPosition,-103.1787,1.798168,-107.4732,CameraRotation,336.3811,266.2191,358.0479,CurrentState,MoveToInitial,Slider,29,Scenario,3
ID,26,Time,938.3282,DronePosition,-181.4344,45,-107.379,11.1,CameraPosition,-103.1787,1.798185,-107.4733,CameraRotation,336.3645,266.2256,358.0551,CurrentState,MoveToInitial,Slider,29,Scenario,3
ID,26,Time,938.342,DronePosition,-181.2812,45,-107.379,11.1,CameraPosition,-103.1787,1.798206,-107.4734,CameraRotation,336.3564,266.2218,358.0673,CurrentState,MoveToInitial,Slider,29,Scenario,3
ID,26,Time,938.356,DronePosition,-181.1268,45,-107.379,11.1,CameraPosition,-103.1786,1.798216,-107.4735,CameraRotation,336.3513,266.2122,358.09,CurrentState,MoveToInitial,Slider,29,Scenario,3
ID,26,Time,938.3698,DronePosition,-180.973,45,-107.379,11.1,CameraPosition,-103.1786,1.798223,-107.4736,CameraRotation,336.3817,266.2117,358.0894,CurrentState,MoveToInitial,Slider,29,Scenario,3
ID,26,Time,938.3839,DronePosition,-180.8169,45,-107.379,11.1,CameraPosition,-103.1784,1.798214,-107.4737,CameraRotation,336.4341,266.2024,358.0895,CurrentState,MoveToInitial,Slider,29,Scenario,3
ID,26,Time,938.3978,DronePosition,-180.662,45,-107.379,11.1,CameraPosition,-103.1783,1.798192,-107.4738,CameraRotation,336.4731,266.1917,358.1027,CurrentState,MoveToInitial,Slider,29,Scenario,3
ID,26,Time,938.4119,DronePosition,-180.5061,45,-107.379,11.1,CameraPosition,-103.1781,1.798159,-107.4739,CameraRotation,336.5201,266.1667,358.137,CurrentState,MoveToInitial,Slider,29,Scenario,3
ID,26,Time,938.4257,DronePosition,-180.3524,45,-107.379,11.1,CameraPosition,-103.178,1.79813,-107.4741,CameraRotation,336.5433,266.1297,358.1799,CurrentState,MoveToInitial,Slider,29,Scenario,3
ID,26,Time,938.4395,DronePosition,-180.1996,45,-107.379,11.1,CameraPosition,-103.1778,1.798141,-107.4742,CameraRotation,336.5367,266.0947,358.2191,CurrentState,MoveToInitial,Slider,29,Scenario,3
ID,26,Time,938.4533,DronePosition,-180.0462,45,-107.379,11.1,CameraPosition,-103.1775,1.798199,-107.4744,CameraRotation,336.4768,266.0724,358.2369,CurrentState,MoveToInitial,Slider,29,Scenario,3
ID,26,Time,938.4673,DronePosition,-179.8905,45,-107.379,11.1,CameraPosition,-103.1773,1.798298,-107.4745,CameraRotation,336.4168,266.0612,358.2346,CurrentState,MoveToInitial,Slider,29,Scenario,3
ID,26,Time,938.4817,DronePosition,-179.7314,45,-107.379,11.1,CameraPosition,-103.1771,1.798402,-107.4747,CameraRotation,336.3372,266.0553,358.2317,CurrentState,MoveToInitial,Slider,29,Scenario,3
ID,26,Time,938.4952,DronePosition,-179.5814,45,-107.379,11.1,CameraPosition,-103.1768,1.798499,-107.4748,CameraRotation,336.2584,266.0284,358.258,CurrentState,MoveToInitial,Slider,29,Scenario,3
ID,26,Time,938.5092,DronePosition,-179.4261,45,-107.379,11.1,CameraPosition,-103.1764,1.798601,-107.475,CameraRotation,336.1697,265.9957,358.3045,CurrentState,MoveToInitial,Slider,29,Scenario,3
ID,26,Time,938.5231,DronePosition,-179.2715,45,-107.379,11.1,CameraPosition,-103.1761,1.79869,-107.4751,CameraRotation,336.0799,265.9708,358.3407,CurrentState,MoveToInitial,Slider,29,Scenario,3
ID,26,Time,938.537,DronePosition,-179.1169,45,-107.379,11.1,CameraPosition,-103.1757,1.798722,-107.4753,CameraRotation,335.9882,265.9605,358.3576,CurrentState,MoveToInitial,Slider,29,Scenario,3
ID,26,Time,938.5508,DronePosition,-178.9638,45,-107.379,11.1,CameraPosition,-103.1753,1.798738,-107.4753,CameraRotation,335.9247,265.936,358.3785,CurrentState,MoveToInitial,Slider,29,Scenario,3
ID,26,Time,938.565,DronePosition,-178.8062,45,-107.379,11.1,CameraPosition,-103.1748,1.798736,-107.4754,CameraRotation,335.8373,265.9394,358.3885,CurrentState,MoveToInitial,Slider,29,Scenario,3
ID,26,Time,938.5788,DronePosition,-178.6537,45,-107.379,11.1,CameraPosition,-103.1744,1.798758,-107.4755,CameraRotation,335.7552,265.9409,358.3847,CurrentState,MoveToInitial,Slider,29,Scenario,3
ID,26,Time,938.5928,DronePosition,-178.4981,45,-107.379,11.1,CameraPosition,-103.1741,1.798789,-107.4756,CameraRotation,335.664,265.942,358.3796,CurrentState,MoveToInitial,Slider,27,Scenario,3
ID,26,Time,938.6068,DronePosition,-178.3424,45,-107.379,11.1,CameraPosition,-103.1737,1.79887,-107.4757,CameraRotation,335.5753,265.9218,358.3823,CurrentState,MoveToInitial,Slider,27,Scenario,3
ID,26,Time,938.6211,DronePosition,-178.1837,45,-107.379,11.1,CameraPosition,-103.1733,1.798972,-107.4758,CameraRotation,335.4229,265.9316,358.4061,CurrentState,MoveToInitial,Slider,27,Scenario,3
ID,26,Time,938.6347,DronePosition,-178.0328,45,-107.379,11.1,CameraPosition,-103.173,1.799089,-107.4759,CameraRotation,335.3,265.9429,358.3961,CurrentState,MoveToInitial,Slider,27,Scenario,3
ID,26,Time,938.6487,DronePosition,-177.8777,45,-107.379,11.1,CameraPosition,-103.1726,1.799195,-107.476,CameraRotation,335.1927,265.9521,358.3952,CurrentState,MoveToInitial,Slider,27,Scenario,3
ID,26,Time,938.6625,DronePosition,-177.7241,45,-107.379,11.1,CameraPosition,-103.1722,1.799304,-107.476,CameraRotation,335.0991,265.9236,358.4077,CurrentState,MoveToInitial,Slider,27,Scenario,3
ID,26,Time,938.6763,DronePosition,-177.5706,45,-107.379,11.1,CameraPosition,-103.1719,1.79942,-107.4761,CameraRotation,334.9444,265.9276,358.4221,CurrentState,MoveToInitial,Slider,27,Scenario,3
ID,26,Time,938.6902,DronePosition,-177.4172,45,-107.379,11.1,CameraPosition,-103.1715,1.799549,-107.4761,CameraRotation,334.8101,265.941,358.415,CurrentState,MoveToInitial,Slider,27,Scenario,3
ID,26,Time,938.7041,DronePosition,-177.2626,45,-107.379,11.1,CameraPosition,-103.1712,1.799677,-107.4761,CameraRotation,334.6676,265.966,358.3839,CurrentState,MoveToInitial,Slider,27,Scenario,3
ID,26,Time,938.7182,DronePosition,-177.1062,45,-107.379,11.1,CameraPosition,-103.1708,1.799807,-107.4761,CameraRotation,334.5434,265.9762,358.3674,CurrentState,MoveToInitial,Slider,27,Scenario,3
ID,26,Time,938.7322,DronePosition,-176.951,45,-107.379,11.1,CameraPosition,-103.1705,1.799941,-107.4762,CameraRotation,334.4252,265.9792,358.3624,CurrentState,MoveToInitial,Slider,27,Scenario,3
ID,26,Time,938.7459,DronePosition,-176.7985,45,-107.379,11.1,CameraPosition,-103.1703,1.800072,-107.4762,CameraRotation,334.3165,265.9919,358.3715,CurrentState,MoveToInitial,Slider,27,Scenario,3
ID,26,Time,938.7599,DronePosition,-176.6432,45,-107.379,11.1,CameraPosition,-103.17,1.800196,-107.4762,CameraRotation,334.2041,266.0026,358.371,CurrentState,MoveToInitial,Slider,27,Scenario,3
ID,26,Time,938.7739,DronePosition,-176.488,45,-107.379,11.1,CameraPosition,-103.1698,1.800311,-107.4763,CameraRotation,334.1008,266.0146,358.36,CurrentState,MoveToInitial,Slider,27,Scenario,3
ID,26,Time,938.7878,DronePosition,-176.3329,45,-107.379,11.1,CameraPosition,-103.1695,1.800411,-107.4763,CameraRotation,334.0004,266.013,358.3577,CurrentState,MoveToInitial,Slider,27,Scenario,3
ID,26,Time,938.8015,DronePosition,-176.1817,45,-107.379,11.1,CameraPosition,-103.1693,1.800509,-107.4763,CameraRotation,333.9088,266.0194,358.3646,CurrentState,MoveToInitial,Slider,27,Scenario,3
ID,26,Time,938.8154,DronePosition,-176.0269,45,-107.379,11.1,CameraPosition,-103.1691,1.800592,-107.4764,CameraRotation,333.8382,266.0132,358.3734,CurrentState,MoveToInitial,Slider,27,Scenario,3
ID,26,Time,938.8301,DronePosition,-175.8639,45,-107.379,11.1,CameraPosition,-103.169,1.800643,-107.4764,CameraRotation,333.7857,266.0117,358.3805,CurrentState,MoveToInitial,Slider,27,Scenario,3
ID,26,Time,938.8437,DronePosition,-175.7132,45,-107.379,11.1,CameraPosition,-103.1688,1.800675,-107.4765,CameraRotation,333.7557,266.0095,358.3825,CurrentState,MoveToInitial,Slider,27,Scenario,3
ID,26,Time,938.8574,DronePosition,-175.561,45,-107.379,11.1,CameraPosition,-103.1687,1.800673,-107.4765,CameraRotation,333.761,266.025,358.3833,CurrentState,MoveToInitial,Slider,27,Scenario,3
ID,26,Time,938.8713,DronePosition,-175.4062,45,-107.379,11.1,CameraPosition,-103.1686,1.800645,-107.4765,CameraRotation,333.7885,266.0351,358.3724,CurrentState,MoveToInitial,Slider,27,Scenario,3
ID,26,Time,938.8853,DronePosition,-175.2521,45,-107.379,11.1,CameraPosition,-103.1685,1.800604,-107.4765,CameraRotation,333.8368,266.0392,358.3614,CurrentState,MoveToInitial,Slider,27,Scenario,3
ID,26,Time,938.8989,DronePosition,-175.0999,45,-107.379,11.1,CameraPosition,-103.1684,1.800572,-107.4766,CameraRotation,333.8741,266.0434,358.3564,CurrentState,MoveToInitial,Slider,26,Scenario,3
ID,26,Time,938.913,DronePosition,-174.9439,45,-107.379,11.1,CameraPosition,-103.1683,1.800545,-107.4766,CameraRotation,333.8925,266.0452,358.365,CurrentState,MoveToInitial,Slider,26,Scenario,3
ID,26,Time,938.9285,DronePosition,-174.7713,45,-107.379,11.1,CameraPosition,-103.1683,1.800536,-107.4766,CameraRotation,333.9019,266.054,358.355,CurrentState,MoveToInitial,Slider,26,Scenario,3
ID,26,Time,938.9409,DronePosition,-174.6336,45,-107.379,11.1,CameraPosition,-103.1683,1.80054,-107.4767,CameraRotation,333.9125,266.0518,358.3453,CurrentState,MoveToInitial,Slider,26,Scenario,3
ID,26,Time,938.9548,DronePosition,-174.4804,45,-107.379,11.1,CameraPosition,-103.1682,1.800537,-107.4767,CameraRotation,333.9392,266.0396,358.3376,CurrentState,MoveToInitial,Slider,26,Scenario,3
ID,26,Time,938.9695,DronePosition,-174.3159,45,-107.379,11.1,CameraPosition,-103.1682,1.800519,-107.4767,CameraRotation,333.9794,266.0474,358.3142,CurrentState,MoveToInitial,Slider,26,Scenario,3
ID,26,Time,938.9825,DronePosition,-174.1716,45,-107.379,11.1,CameraPosition,-103.1681,1.800482,-107.4768,CameraRotation,334.019,266.043,358.3009,CurrentState,MoveToInitial,Slider,26,Scenario,3
ID,26,Time,938.9964,DronePosition,-174.0183,45,-107.379,11.1,CameraPosition,-103.1681,1.800438,-107.4768,CameraRotation,334.0438,266.0384,358.2853,CurrentState,MoveToInitial,Slider,26,Scenario,3
ID,26,Time,939.0105,DronePosition,-173.8615,45,-107.379,11.1,CameraPosition,-103.168,1.800379,-107.4768,CameraRotation,334.081,266.0248,358.2831,CurrentState,MoveToInitial,Slider,26,Scenario,3
ID,26,Time,939.0242,DronePosition,-173.709,45,-107.379,11.1,CameraPosition,-103.1679,1.800317,-107.4769,CameraRotation,334.125,266.0139,358.2884,CurrentState,MoveToInitial,Slider,26,Scenario,3
ID,26,Time,939.0385,DronePosition,-173.551,45,-107.379,11.1,CameraPosition,-103.1678,1.800249,-107.4769,CameraRotation,334.1489,266.0013,358.3001,CurrentState,MoveToInitial,Slider,26,Scenario,3
ID,26,Time,939.0522,DronePosition,-173.3985,45,-107.379,11.1,CameraPosition,-103.1677,1.800229,-107.477,CameraRotation,334.1711,266.0018,358.2878,CurrentState,MoveToInitial,Slider,26,Scenario,3
ID,26,Time,939.0662,DronePosition,-173.2437,45,-107.379,11.1,CameraPosition,-103.1675,1.800197,-107.477,CameraRotation,334.162,266.0133,358.276,CurrentState,MoveToInitial,Slider,26,Scenario,3
ID,26,Time,939.0801,DronePosition,-173.0884,45,-107.379,11.1,CameraPosition,-103.1673,1.800179,-107.477,CameraRotation,334.1585,266.0122,358.2809,CurrentState,MoveToInitial,Slider,26,Scenario,3
ID,26,Time,939.0939,DronePosition,-172.9362,45,-107.379,11.1,CameraPosition,-103.1672,1.800187,-107.4771,CameraRotation,334.1392,266.0211,358.2759,CurrentState,MoveToInitial,Slider,26,Scenario,3
ID,26,Time,939.1079,DronePosition,-172.78,45,-107.379,11.1,CameraPosition,-103.167,1.800207,-107.4772,CameraRotation,334.1024,266.0187,358.2767,CurrentState,MoveToInitial,Slider,26,Scenario,3
ID,26,Time,939.1219,DronePosition,-172.625,45,-107.379,11.1,CameraPosition,-103.1668,1.800253,-107.4773,CameraRotation,334.0499,265.9873,358.3088,CurrentState,MoveToInitial,Slider,26,Scenario,3
ID,26,Time,939.1357,DronePosition,-172.4719,45,-107.379,11.1,CameraPosition,-103.1666,1.80027,-107.4774,CameraRotation,333.9979,265.9536,358.3541,CurrentState,MoveToInitial,Slider,26,Scenario,3
ID,26,Time,939.1496,DronePosition,-172.3177,45,-107.379,11.1,CameraPosition,-103.1664,1.800255,-107.4774,CameraRotation,333.9806,265.9177,358.3898,CurrentState,MoveToInitial,Slider,26,Scenario,3
ID,26,Time,939.1636,DronePosition,-172.1621,45,-107.379,11.1,CameraPosition,-103.1662,1.800237,-107.4775,CameraRotation,333.9758,265.8752,358.4012,CurrentState,MoveToInitial,Slider,26,Scenario,3
ID,26,Time,939.1776,DronePosition,-172.0073,45,-107.379,11.1,CameraPosition,-103.166,1.800217,-107.4776,CameraRotation,333.9474,265.8403,358.3883,CurrentState,MoveToInitial,Slider,26,Scenario,3
ID,26,Time,939.1914,DronePosition,-171.8533,45,-107.379,11.1,CameraPosition,-103.1658,1.800219,-107.4776,CameraRotation,333.9278,265.818,358.3716,CurrentState,MoveToInitial,Slider,26,Scenario,3
ID,26,Time,939.2053,DronePosition,-171.6991,45,-107.379,11.1,CameraPosition,-103.1657,1.800237,-107.4776,CameraRotation,333.9076,265.7914,358.3719,CurrentState,MoveToInitial,Slider,26,Scenario,3
ID,26,Time,939.2194,DronePosition,-171.5434,45,-107.379,11.1,CameraPosition,-103.1656,1.800259,-107.4777,CameraRotation,333.8752,265.7484,358.4003,CurrentState,MoveToInitial,Slider,26,Scenario,3
ID,26,Time,939.2332,DronePosition,-171.3893,45,-107.379,11.1,CameraPosition,-103.1654,1.800279,-107.4778,CameraRotation,333.8516,265.6973,358.4478,CurrentState,MoveToInitial,Slider,26,Scenario,3
ID,26,Time,939.2476,DronePosition,-171.2305,45,-107.379,11.1,CameraPosition,-103.1653,1.800277,-107.4779,CameraRotation,333.8458,265.6438,358.5071,CurrentState,MoveToInitial,Slider,26,Scenario,3
ID,26,Time,939.261,DronePosition,-171.0805,45,-107.379,11.1,CameraPosition,-103.1653,1.800272,-107.478,CameraRotation,333.8488,265.5953,358.5571,CurrentState,MoveToInitial,Slider,26,Scenario,3
ID,26,Time,939.2748,DronePosition,-170.9278,45,-107.379,11.1,CameraPosition,-103.1653,1.800256,-107.4781,CameraRotation,333.868,265.5369,358.6052,CurrentState,MoveToInitial,Slider,26,Scenario,3
ID,26,Time,939.2888,DronePosition,-170.772,45,-107.379,11.1,CameraPosition,-103.1653,1.800224,-107.4782,CameraRotation,333.89,265.4846,358.6421,CurrentState,MoveToInitial,Slider,26,Scenario,3
ID,26,Time,939.3026,DronePosition,-170.6188,45,-107.379,11.1,CameraPosition,-103.1653,1.800177,-107.4782,CameraRotation,333.9163,265.4324,358.6699,CurrentState,MoveToInitial,Slider,26,Scenario,3
ID,26,Time,939.3167,DronePosition,-170.4624,45,-107.379,11.1,CameraPosition,-103.1653,1.80015,-107.4783,CameraRotation,333.9521,265.3802,358.6811,CurrentState,MoveToInitial,Slider,26,Scenario,3
ID,26,Time,939.3307,DronePosition,-170.3069,45,-107.379,11.1,CameraPosition,-103.1653,1.800141,-107.4783,CameraRotation,333.983,265.3358,358.6913,CurrentState,MoveToInitial,Slider,26,Scenario,3
ID,26,Time,939.3446,DronePosition,-170.1533,45,-107.379,11.1,CameraPosition,-103.1653,1.800133,-107.4782,CameraRotation,334.0118,265.3,358.6892,CurrentState,MoveToInitial,Slider,26,Scenario,3
ID,26,Time,939.3583,DronePosition,-170.0013,45,-107.379,11.1,CameraPosition,-103.1653,1.80011,-107.4781,CameraRotation,334.0349,265.2629,358.6891,CurrentState,MoveToInitial,Slider,26,Scenario,3
ID,26,Time,939.3724,DronePosition,-169.8443,45,-107.379,11.1,CameraPosition,-103.1653,1.800123,-107.4781,CameraRotation,334.0751,265.236,358.6996,CurrentState,MoveToInitial,Slider,26,Scenario,3
ID,26,Time,939.3864,DronePosition,-169.6897,45,-107.379,11.1,CameraPosition,-103.1654,1.800151,-107.478,CameraRotation,334.075,265.2222,358.7077,CurrentState,MoveToInitial,Slider,26,Scenario,3
ID,26,Time,939.4003,DronePosition,-169.535,45,-107.379,11.1,CameraPosition,-103.1654,1.800187,-107.4779,CameraRotation,334.0735,265.2169,358.7084,CurrentState,MoveToInitial,Slider,26,Scenario,3
ID,26,Time,939.4143,DronePosition,-169.3792,45,-107.379,11.1,CameraPosition,-103.1655,1.800219,-107.4778,CameraRotation,334.0629,265.2377,358.6821,CurrentState,MoveToInitial,Slider,26,Scenario,3
ID,26,Time,939.428,DronePosition,-169.227,45,-107.379,11.1,CameraPosition,-103.1656,1.800261,-107.4777,CameraRotation,334.0468,265.262,358.6588,CurrentState,MoveToInitial,Slider,26,Scenario,3
ID,26,Time,939.4421,DronePosition,-169.0704,45,-107.379,11.1,CameraPosition,-103.1657,1.800326,-107.4776,CameraRotation,334.0179,265.2933,358.6411,CurrentState,MoveToInitial,Slider,26,Scenario,3
ID,26,Time,939.4564,DronePosition,-168.9127,45,-107.379,11.1,CameraPosition,-103.1658,1.800391,-107.4774,CameraRotation,333.9877,265.3,358.6518,CurrentState,MoveToInitial,Slider,26,Scenario,3
ID,26,Time,939.4697,DronePosition,-168.7644,45,-107.379,11.1,CameraPosition,-103.1659,1.80045,-107.4773,CameraRotation,333.9372,265.3045,358.6435,CurrentState,MoveToInitial,Slider,26,Scenario,3
ID,26,Time,939.4839,DronePosition,-168.607,45,-107.379,11.1,CameraPosition,-103.166,1.800541,-107.4772,CameraRotation,333.8701,265.3256,358.6267,CurrentState,MoveToInitial,Slider,26,Scenario,3
ID,26,Time,939.4978,DronePosition,-168.4527,45,-107.379,11.1,CameraPosition,-103.1662,1.800651,-107.477,CameraRotation,333.78,265.3416,358.6286,CurrentState,MoveToInitial,Slider,26,Scenario,3
ID,26,Time,939.5116,DronePosition,-168.299,45,-107.379,11.1,CameraPosition,-103.1663,1.800771,-107.4768,CameraRotation,333.6692,265.3459,358.6347,CurrentState,MoveToInitial,Slider,26,Scenario,3
ID,26,Time,939.5255,DronePosition,-168.1459,45,-107.379,11.1,CameraPosition,-103.1664,1.800899,-107.4767,CameraRotation,333.5334,265.3472,358.6443,CurrentState,MoveToInitial,Slider,26,Scenario,3
ID,26,Time,939.5394,DronePosition,-167.9909,45,-107.379,11.1,CameraPosition,-103.1665,1.801009,-107.4766,CameraRotation,333.4105,265.3498,358.6712,CurrentState,MoveToInitial,Slider,26,Scenario,3
ID,26,Time,939.5534,DronePosition,-167.8351,45,-107.379,11.1,CameraPosition,-103.1666,1.801137,-107.4764,CameraRotation,333.2829,265.3441,358.7191,CurrentState,MoveToInitial,Slider,26,Scenario,3
ID,26,Time,939.5673,DronePosition,-167.6812,45,-107.379,11.1,CameraPosition,-103.1667,1.801296,-107.4763,CameraRotation,333.1387,265.3464,358.7819,CurrentState,MoveToInitial,Slider,26,Scenario,3
ID,26,Time,939.5812,DronePosition,-167.5264,45,-107.379,11.1,CameraPosition,-103.1668,1.801455,-107.4762,CameraRotation,333.0072,265.3585,358.8159,CurrentState,MoveToInitial,Slider,26,Scenario,3
ID,26,Time,939.5952,DronePosition,-167.372,45,-107.379,11.1,CameraPosition,-103.167,1.801597,-107.4761,CameraRotation,332.9221,265.3802,358.8239,CurrentState,MoveToInitial,Slider,26,Scenario,3
ID,26,Time,939.609,DronePosition,-167.218,45,-107.379,11.1,CameraPosition,-103.1671,1.801689,-107.4759,CameraRotation,332.882,265.3899,358.82,CurrentState,MoveToInitial,Slider,26,Scenario,3
ID,26,Time,939.623,DronePosition,-167.062,45,-107.379,11.1,CameraPosition,-103.1672,1.801746,-107.4757,CameraRotation,332.8697,265.4023,358.8192,CurrentState,MoveToInitial,Slider,26,Scenario,3
ID,26,Time,939.6368,DronePosition,-166.91,45,-107.379,11.1,CameraPosition,-103.1673,1.801758,-107.4756,CameraRotation,332.8833,265.3995,358.8171,CurrentState,MoveToInitial,Slider,26,Scenario,3
ID,26,Time,939.6507,DronePosition,-166.7552,45,-107.379,11.1,CameraPosition,-103.1675,1.801728,-107.4754,CameraRotation,332.9299,265.3896,358.8178,CurrentState,MoveToInitial,Slider,26,Scenario,3
ID,26,Time,939.6652,DronePosition,-166.5945,45,-107.379,11.1,CameraPosition,-103.1677,1.801685,-107.4752,CameraRotation,332.9866,265.3838,358.8205,CurrentState,MoveToInitial,Slider,26,Scenario,3
ID,26,Time,939.6788,DronePosition,-166.4431,45,-107.379,11.1,CameraPosition,-103.1679,1.801633,-107.475,CameraRotation,333.0483,265.3797,358.8229,CurrentState,MoveToInitial,Slider,26,Scenario,3
ID,26,Time,939.6925,DronePosition,-166.2911,45,-107.379,11.1,CameraPosition,-103.168,1.801613,-107.4748,CameraRotation,333.0802,265.3796,358.8167,CurrentState,MoveToInitial,Slider,26,Scenario,3
ID,26,Time,939.7067,DronePosition,-166.1337,45,-107.379,11.1,CameraPosition,-103.1682,1.801616,-107.4746,CameraRotation,333.0876,265.3955,358.8084,CurrentState,MoveToInitial,Slider,26,Scenario,3
ID,26,Time,939.7205,DronePosition,-165.9813,45,-107.379,11.1,CameraPosition,-103.1683,1.801615,-107.4744,CameraRotation,333.0955,265.4183,358.7966,CurrentState,MoveToInitial,Slider,26,Scenario,3
ID,26,Time,939.7341,DronePosition,-165.829,45,-107.379,11.1,CameraPosition,-103.1685,1.801601,-107.4742,CameraRotation,333.1169,265.4294,358.7926,CurrentState,MoveToInitial,Slider,26,Scenario,3
ID,26,Time,939.7485,DronePosition,-165.6696,45,-107.379,11.1,CameraPosition,-103.1686,1.801585,-107.4739,CameraRotation,333.1308,265.4506,358.7839,CurrentState,MoveToInitial,Slider,26,Scenario,3
ID,26,Time,939.7622,DronePosition,-165.5176,45,-107.379,11.1,CameraPosition,-103.1688,1.801594,-107.4737,CameraRotation,333.1267,265.4805,358.7703,CurrentState,MoveToInitial,Slider,26,Scenario,3
ID,26,Time,939.7764,DronePosition,-165.3601,45,-107.379,11.1,CameraPosition,-103.1689,1.801603,-107.4735,CameraRotation,333.1139,265.522,358.7545,CurrentState,MoveToInitial,Slider,26,Scenario,3
ID,26,Time,939.7902,DronePosition,-165.2065,45,-107.379,11.1,CameraPosition,-103.1691,1.801608,-107.4732,CameraRotation,333.1108,265.5603,358.7275,CurrentState,MoveToInitial,Slider,26,Scenario,3
ID,26,Time,939.804,DronePosition,-165.0543,45,-107.379,11.1,CameraPosition,-103.1692,1.8016,-107.4729,CameraRotation,333.1356,265.5935,358.6824,CurrentState,MoveToInitial,Slider,26,Scenario,3
ID,26,Time,939.8178,DronePosition,-164.9003,45,-107.379,11.1,CameraPosition,-103.1693,1.801595,-107.4727,CameraRotation,333.1574,265.6374,358.6483,CurrentState,MoveToInitial,Slider,26,Scenario,3
ID,26,Time,939.8318,DronePosition,-164.7447,45,-107.379,11.1,CameraPosition,-103.1695,1.801574,-107.4724,CameraRotation,333.1643,265.6888,358.6261,CurrentState,MoveToInitial,Slider,26,Scenario,3
ID,26,Time,939.8458,DronePosition,-164.5892,45,-107.379,11.1,CameraPosition,-103.1696,1.801522,-107.4721,CameraRotation,333.1784,265.7358,358.6039,CurrentState,MoveToInitial,Slider,26,Scenario,3
ID,26,Time,939.8597,DronePosition,-164.4351,45,-107.379,11.1,CameraPosition,-103.1697,1.801459,-107.4719,CameraRotation,333.2331,265.7818,358.589,CurrentState,MoveToInitial,Slider,26,Scenario,3
ID,26,Time,939.877,DronePosition,-164.2439,45,-107.379,11.1,CameraPosition,-103.1698,1.801394,-107.4716,CameraRotation,333.2988,265.8333,358.5789,CurrentState,MoveToInitial,Slider,26,Scenario,3
ID,26,Time,939.8906,DronePosition,-164.0929,45,-107.379,11.1,CameraPosition,-103.1699,1.801337,-107.4714,CameraRotation,333.3049,265.8848,358.5819,CurrentState,MoveToInitial,Slider,26,Scenario,3
ID,26,Time,939.9048,DronePosition,-163.934,45,-107.379,11.1,CameraPosition,-103.17,1.801311,-107.4712,CameraRotation,333.3055,265.9227,358.5608,CurrentState,MoveToInitial,Slider,26,Scenario,3
ID,26,Time,939.9183,DronePosition,-163.7846,45,-107.379,11.1,CameraPosition,-103.1701,1.80131,-107.4711,CameraRotation,333.2936,265.9467,358.5353,CurrentState,MoveToInitial,Slider,26,Scenario,3
ID,26,Time,939.9328,DronePosition,-163.6237,45,-107.379,11.1,CameraPosition,-103.1702,1.801313,-107.471,CameraRotation,333.2978,265.938,358.528,CurrentState,MoveToInitial,Slider,26,Scenario,3
ID,26,Time,939.9462,DronePosition,-163.4752,45,-107.379,11.1,CameraPosition,-103.1703,1.801297,-107.4709,CameraRotation,333.3289,265.929,358.5329,CurrentState,MoveToInitial,Slider,26,Scenario,3
ID,26,Time,939.9602,DronePosition,-163.3196,45,-107.379,11.1,CameraPosition,-103.1704,1.801245,-107.4707,CameraRotation,333.3935,265.914,358.5396,CurrentState,MoveToInitial,Slider,26,Scenario,3
ID,26,Time,939.9742,DronePosition,-163.1645,45,-107.379,11.1,CameraPosition,-103.1705,1.801199,-107.4706,CameraRotation,333.4523,265.9111,358.5433,CurrentState,MoveToInitial,Slider,26,Scenario,3
ID,26,Time,939.9966,DronePosition,-162.9154,45,-107.379,11.1,CameraPosition,-103.1706,1.801274,-107.4704,CameraRotation,333.4616,265.932,358.5258,CurrentState,MoveToInitial,Slider,26,Scenario,3
ID,26,Time,940.013,DronePosition,-162.7337,45,-107.379,11.1,CameraPosition,-103.1708,1.801199,-107.4701,CameraRotation,333.502,265.9662,358.502,CurrentState,MoveToInitial,Slider,26,Scenario,3
ID,26,Time,940.0286,DronePosition,-162.5603,45,-107.379,11.1,CameraPosition,-103.1708,1.801152,-107.4699,CameraRotation,333.5399,265.9871,358.4901,CurrentState,MoveToInitial,Slider,26,Scenario,3
ID,26,Time,940.0423,DronePosition,-162.4083,45,-107.379,11.1,CameraPosition,-103.1709,1.801107,-107.4697,CameraRotation,333.5876,266.0103,358.4658,CurrentState,MoveToInitial,Slider,26,Scenario,3
ID,26,Time,940.0561,DronePosition,-162.2557,45,-107.379,11.1,CameraPosition,-103.1709,1.801094,-107.4696,CameraRotation,333.6197,266.0525,358.4335,CurrentState,MoveToInitial,Slider,26,Scenario,3
ID,26,Time,940.0698,DronePosition,-162.1039,45,-107.379,11.1,CameraPosition,-103.1709,1.801101,-107.4694,CameraRotation,333.6192,266.0916,358.4038,CurrentState,MoveToInitial,Slider,26,Scenario,3
ID,26,Time,940.0839,DronePosition,-161.9469,45,-107.379,11.1,CameraPosition,-103.1709,1.801122,-107.4693,CameraRotation,333.6305,266.1352,358.3928,CurrentState,MoveToInitial,Slider,26,Scenario,3
ID,26,Time,940.0974,DronePosition,-161.7968,45,-107.379,11.1,CameraPosition,-103.1708,1.801148,-107.4691,CameraRotation,333.6028,266.1818,358.3775,CurrentState,MoveToInitial,Slider,26,Scenario,3
ID,26,Time,940.1109,DronePosition,-161.6471,45,-107.379,11.1,CameraPosition,-103.1708,1.801176,-107.469,CameraRotation,333.5614,266.2177,358.3769,CurrentState,MoveToInitial,Slider,26,Scenario,3
ID,26,Time,940.1249,DronePosition,-161.4922,45,-107.379,11.1,CameraPosition,-103.1707,1.801215,-107.4689,CameraRotation,333.5156,266.2583,358.3526,CurrentState,MoveToInitial,Slider,26,Scenario,3
ID,26,Time,940.1388,DronePosition,-161.3372,45,-107.379,11.1,CameraPosition,-103.1706,1.801242,-107.4688,CameraRotation,333.4769,266.3035,358.3254,CurrentState,MoveToInitial,Slider,26,Scenario,3
ID,26,Time,940.1524,DronePosition,-161.1865,45,-107.379,11.1,CameraPosition,-103.1705,1.801266,-107.4686,CameraRotation,333.4397,266.3337,358.3065,CurrentState,MoveToInitial,Slider,26,Scenario,3
ID,26,Time,940.1663,DronePosition,-161.0316,45,-107.379,11.1,CameraPosition,-103.1704,1.801308,-107.4685,CameraRotation,333.3918,266.3416,358.3074,CurrentState,MoveToInitial,Slider,26,Scenario,3
ID,26,Time,940.1804,DronePosition,-160.8758,45,-107.379,11.1,CameraPosition,-103.1703,1.801361,-107.4685,CameraRotation,333.3444,266.3484,358.3153,CurrentState,MoveToInitial,Slider,26,Scenario,3
ID,26,Time,940.1942,DronePosition,-160.7226,45,-107.379,11.1,CameraPosition,-103.1702,1.80139,-107.4685,CameraRotation,333.3082,266.3492,358.3164,CurrentState,MoveToInitial,Slider,26,Scenario,3
ID,26,Time,940.208,DronePosition,-160.5693,45,-107.379,11.1,CameraPosition,-103.1701,1.801407,-107.4686,CameraRotation,333.288,266.3535,358.3132,CurrentState,MoveToInitial,Slider,26,Scenario,3
ID,26,Time,940.2218,DronePosition,-160.4157,45,-107.379,11.1,CameraPosition,-103.17,1.801413,-107.4686,CameraRotation,333.2681,266.364,358.3197,CurrentState,MoveToInitial,Slider,26,Scenario,3
ID,26,Time,940.2356,DronePosition,-160.2627,45,-107.379,11.1,CameraPosition,-103.1699,1.80142,-107.4687,CameraRotation,333.2609,266.3535,358.3348,CurrentState,MoveToInitial,Slider,26,Scenario,3
ID,26,Time,940.2495,DronePosition,-160.1084,45,-107.379,11.1,CameraPosition,-103.1698,1.801419,-107.4687,CameraRotation,333.2587,266.3415,358.3538,CurrentState,MoveToInitial,Slider,26,Scenario,3
ID,26,Time,940.2634,DronePosition,-159.955,45,-107.379,11.1,CameraPosition,-103.1697,1.801428,-107.4688,CameraRotation,333.255,266.3245,358.3687,CurrentState,MoveToInitial,Slider,26,Scenario,3
ID,26,Time,940.2773,DronePosition,-159.7995,45,-107.379,11.1,CameraPosition,-103.1696,1.801461,-107.469,CameraRotation,333.2259,266.306,358.388,CurrentState,MoveToInitial,Slider,26,Scenario,3
ID,26,Time,940.2914,DronePosition,-159.6431,45,-107.379,11.1,CameraPosition,-103.1695,1.801503,-107.4691,CameraRotation,333.1827,266.2726,358.4185,CurrentState,MoveToInitial,Slider,26,Scenario,3
ID,26,Time,940.3053,DronePosition,-159.489,45,-107.379,11.1,CameraPosition,-103.1694,1.801554,-107.4692,CameraRotation,333.1543,266.2368,358.4407,CurrentState,MoveToInitial,Slider,27,Scenario,3
ID,26,Time,940.3189,DronePosition,-159.3382,45,-107.379,11.1,CameraPosition,-103.1693,1.801582,-107.4693,CameraRotation,333.1358,266.2067,358.4712,CurrentState,MoveToInitial,Slider,27,Scenario,3
ID,26,Time,940.3328,DronePosition,-159.184,45,-107.379,11.1,CameraPosition,-103.1692,1.801585,-107.4694,CameraRotation,333.1238,266.1688,358.5061,CurrentState,MoveToInitial,Slider,27,Scenario,3
ID,26,Time,940.3466,DronePosition,-159.0315,45,-107.379,11.1,CameraPosition,-103.1691,1.801592,-107.4696,CameraRotation,333.1252,266.142,358.523,CurrentState,MoveToInitial,Slider,27,Scenario,3
ID,26,Time,940.3605,DronePosition,-158.8764,45,-107.379,11.1,CameraPosition,-103.1689,1.801607,-107.4697,CameraRotation,333.1137,266.1251,358.5341,CurrentState,MoveToInitial,Slider,27,Scenario,3
ID,26,Time,940.3745,DronePosition,-158.7219,45,-107.379,11.1,CameraPosition,-103.1688,1.801631,-107.4699,CameraRotation,333.1,266.1177,358.5533,CurrentState,MoveToInitial,Slider,27,Scenario,3
ID,26,Time,940.3884,DronePosition,-158.5667,45,-107.379,11.1,CameraPosition,-103.1687,1.801662,-107.4701,CameraRotation,333.0598,266.1147,358.5683,CurrentState,MoveToInitial,Slider,27,Scenario,3
ID,26,Time,940.4022,DronePosition,-158.4132,45,-107.379,11.1,CameraPosition,-103.1687,1.801711,-107.4703,CameraRotation,333.0035,266.1116,358.5903,CurrentState,MoveToInitial,Slider,26,Scenario,3
ID,26,Time,940.4162,DronePosition,-158.258,45,-107.379,11.1,CameraPosition,-103.1686,1.80178,-107.4705,CameraRotation,332.9203,266.1113,358.6145,CurrentState,MoveToInitial,Slider,26,Scenario,3
ID,26,Time,940.4301,DronePosition,-158.1044,45,-107.379,11.1,CameraPosition,-103.1685,1.801825,-107.4706,CameraRotation,332.8598,266.1009,358.6388,CurrentState,MoveToInitial,Slider,26,Scenario,3
ID,26,Time,940.444,DronePosition,-157.9503,45,-107.379,11.1,CameraPosition,-103.1684,1.801846,-107.4707,CameraRotation,332.8245,266.0994,358.6534,CurrentState,MoveToInitial,Slider,26,Scenario,3
ID,26,Time,940.458,DronePosition,-157.7943,45,-107.379,11.1,CameraPosition,-103.1683,1.801851,-107.4709,CameraRotation,332.7964,266.0951,358.6678,CurrentState,MoveToInitial,Slider,26,Scenario,3
ID,26,Time,940.472,DronePosition,-157.6389,45,-107.379,11.1,CameraPosition,-103.1682,1.801899,-107.471,CameraRotation,332.7423,266.0766,358.7134,CurrentState,MoveToInitial,Slider,26,Scenario,3
ID,26,Time,940.4857,DronePosition,-157.4866,45,-107.379,11.1,CameraPosition,-103.1681,1.80201,-107.4712,CameraRotation,332.6544,266.0513,358.7769,CurrentState,MoveToInitial,Slider,26,Scenario,3
ID,26,Time,940.5001,DronePosition,-157.3272,45,-107.379,11.1,CameraPosition,-103.168,1.802235,-107.4713,CameraRotation,332.5124,266.0176,358.8913,CurrentState,MoveToInitial,Slider,27,Scenario,3
ID,26,Time,940.5138,DronePosition,-157.1752,45,-107.379,11.1,CameraPosition,-103.1679,1.802434,-107.4715,CameraRotation,332.3672,265.9879,358.9929,CurrentState,MoveToInitial,Slider,27,Scenario,3
ID,26,Time,940.5277,DronePosition,-157.0207,45,-107.379,11.1,CameraPosition,-103.1677,1.802561,-107.4717,CameraRotation,332.2692,265.9747,359.0428,CurrentState,MoveToInitial,Slider,27,Scenario,3
ID,26,Time,940.5416,DronePosition,-156.8658,45,-107.379,11.1,CameraPosition,-103.1676,1.802611,-107.4719,CameraRotation,332.2326,265.9753,359.0864,CurrentState,MoveToInitial,Slider,27,Scenario,3
ID,26,Time,940.5553,DronePosition,-156.7141,45,-107.379,11.1,CameraPosition,-103.1675,1.802633,-107.4721,CameraRotation,332.2144,265.9675,359.1156,CurrentState,MoveToInitial,Slider,27,Scenario,3
ID,26,Time,940.5692,DronePosition,-156.5596,45,-107.379,11.1,CameraPosition,-103.1673,1.802664,-107.4723,CameraRotation,332.1718,265.9536,359.1597,CurrentState,MoveToInitial,Slider,27,Scenario,3
ID,26,Time,940.5834,DronePosition,-156.4025,45,-107.379,11.1,CameraPosition,-103.1672,1.802743,-107.4725,CameraRotation,332.0983,265.9188,359.2044,CurrentState,MoveToInitial,Slider,27,Scenario,3
ID,26,Time,940.5974,DronePosition,-156.2477,45,-107.379,11.1,CameraPosition,-103.167,1.802864,-107.4726,CameraRotation,331.9988,265.8893,359.221,CurrentState,MoveToInitial,Slider,26,Scenario,3
ID,26,Time,940.6112,DronePosition,-156.0939,45,-107.379,11.1,CameraPosition,-103.1669,1.802994,-107.4727,CameraRotation,331.8956,265.8607,359.2138,CurrentState,MoveToInitial,Slider,26,Scenario,3
ID,26,Time,940.6254,DronePosition,-155.9367,45,-107.379,11.1,CameraPosition,-103.1668,1.803106,-107.4728,CameraRotation,331.8214,265.8224,359.214,CurrentState,MoveToInitial,Slider,26,Scenario,3
ID,26,Time,940.6393,DronePosition,-155.7814,45,-107.379,11.1,CameraPosition,-103.1666,1.803169,-107.4729,CameraRotation,331.7933,265.7885,359.2197,CurrentState,MoveToInitial,Slider,26,Scenario,3
ID,26,Time,940.6528,DronePosition,-155.6317,45,-107.379,11.1,CameraPosition,-103.1665,1.803183,-107.4731,CameraRotation,331.7961,265.7465,359.2429,CurrentState,MoveToInitial,Slider,26,Scenario,3
ID,26,Time,940.6669,DronePosition,-155.4751,45,-107.379,11.1,CameraPosition,-103.1664,1.803173,-107.4732,CameraRotation,331.8076,265.7109,359.2685,CurrentState,MoveToInitial,Slider,26,Scenario,3
ID,26,Time,940.6808,DronePosition,-155.3207,45,-107.379,11.1,CameraPosition,-103.1663,1.803174,-107.4733,CameraRotation,331.7841,265.7135,359.2809,CurrentState,MoveToInitial,Slider,26,Scenario,3
ID,26,Time,940.6947,DronePosition,-155.1666,45,-107.379,11.1,CameraPosition,-103.1662,1.803213,-107.4735,CameraRotation,331.7441,265.7057,359.2953,CurrentState,MoveToInitial,Slider,26,Scenario,3
ID,26,Time,940.709,DronePosition,-155.008,45,-107.379,11.1,CameraPosition,-103.1661,1.803277,-107.4736,CameraRotation,331.6695,265.7152,359.2997,CurrentState,MoveToInitial,Slider,26,Scenario,3
ID,26,Time,940.7228,DronePosition,-154.8546,45,-107.379,11.1,CameraPosition,-103.166,1.803345,-107.4737,CameraRotation,331.6044,265.7302,359.3004,CurrentState,MoveToInitial,Slider,26,Scenario,3
ID,26,Time,940.7365,DronePosition,-154.7034,45,-107.379,11.1,CameraPosition,-103.1658,1.803381,-107.4738,CameraRotation,331.5554,265.7355,359.2923,CurrentState,MoveToInitial,Slider,26,Scenario,3
ID,26,Time,940.7504,DronePosition,-154.5482,45,-107.379,11.1,CameraPosition,-103.1657,1.8034,-107.4739,CameraRotation,331.5537,265.7314,359.2889,CurrentState,MoveToInitial,Slider,26,Scenario,3
ID,26,Time,940.7643,DronePosition,-154.3941,45,-107.379,11.1,CameraPosition,-103.1656,1.803374,-107.474,CameraRotation,331.5398,265.7279,359.2827,CurrentState,MoveToInitial,Slider,26,Scenario,3
ID,26,Time,940.7785,DronePosition,-154.2368,45,-107.379,11.1,CameraPosition,-103.1655,1.80337,-107.4741,CameraRotation,331.54,265.7179,359.2841,CurrentState,MoveToInitial,Slider,26,Scenario,3
ID,26,Time,940.7922,DronePosition,-154.0844,45,-107.379,11.1,CameraPosition,-103.1654,1.803407,-107.4742,CameraRotation,331.5135,265.713,359.3006,CurrentState,MoveToInitial,Slider,26,Scenario,3
ID,26,Time,940.8062,DronePosition,-153.9297,45,-107.379,11.1,CameraPosition,-103.1652,1.803488,-107.4743,CameraRotation,331.4196,265.6955,359.332,CurrentState,MoveToInitial,Slider,26,Scenario,3
ID,26,Time,940.8201,DronePosition,-153.7745,45,-107.379,11.1,CameraPosition,-103.165,1.803569,-107.4744,CameraRotation,331.3101,265.6709,359.3579,CurrentState,MoveToInitial,Slider,26,Scenario,3
ID,26,Time,940.834,DronePosition,-153.6208,45,-107.379,11.1,CameraPosition,-103.1649,1.803612,-107.4745,CameraRotation,331.2275,265.6588,359.3611,CurrentState,MoveToInitial,Slider,26,Scenario,3
ID,26,Time,940.8479,DronePosition,-153.4664,45,-107.379,11.1,CameraPosition,-103.1648,1.803631,-107.4746,CameraRotation,331.1712,265.6387,359.3653,CurrentState,MoveToInitial,Slider,26,Scenario,3
ID,26,Time,940.8619,DronePosition,-153.3106,45,-107.379,11.1,CameraPosition,-103.1646,1.803657,-107.4748,CameraRotation,331.1161,265.6091,359.3982,CurrentState,MoveToInitial,Slider,26,Scenario,3
ID,26,Time,940.8759,DronePosition,-153.1563,45,-107.379,11.1,CameraPosition,-103.1645,1.803722,-107.4749,CameraRotation,331.0265,265.5746,359.4429,CurrentState,MoveToInitial,Slider,26,Scenario,3
ID,26,Time,940.8896,DronePosition,-153.0037,45,-107.379,11.1,CameraPosition,-103.1644,1.803798,-107.475,CameraRotation,330.9236,265.5405,359.4857,CurrentState,MoveToInitial,Slider,26,Scenario,3
ID,26,Time,940.9036,DronePosition,-152.8476,45,-107.379,11.1,CameraPosition,-103.1642,1.803882,-107.4751,CameraRotation,330.8412,265.5117,359.5153,CurrentState,MoveToInitial,Slider,27,Scenario,3
ID,26,Time,940.9182,DronePosition,-152.6867,45,-107.379,11.1,CameraPosition,-103.1641,1.803945,-107.4751,CameraRotation,330.7718,265.5062,359.5442,CurrentState,MoveToInitial,Slider,27,Scenario,3
ID,26,Time,940.9323,DronePosition,-152.5292,45,-107.379,11.1,CameraPosition,-103.164,1.803999,-107.4752,CameraRotation,330.6894,265.485,359.5731,CurrentState,MoveToInitial,Slider,27,Scenario,3
ID,26,Time,940.9455,DronePosition,-152.3829,45,-107.379,11.1,CameraPosition,-103.1638,1.804102,-107.4753,CameraRotation,330.6049,265.4742,359.5966,CurrentState,MoveToInitial,Slider,27,Scenario,3
ID,26,Time,940.9594,DronePosition,-152.2294,45,-107.379,11.1,CameraPosition,-103.1637,1.804213,-107.4753,CameraRotation,330.5083,265.4628,359.6131,CurrentState,MoveToInitial,Slider,27,Scenario,3
ID,26,Time,940.9734,DronePosition,-152.0733,45,-107.379,11.1,CameraPosition,-103.1636,1.804288,-107.4753,CameraRotation,330.4138,265.4533,359.6362,CurrentState,MoveToInitial,Slider,27,Scenario,3
ID,26,Time,940.9874,DronePosition,-151.918,45,-107.379,11.1,CameraPosition,-103.1634,1.804361,-107.4753,CameraRotation,330.3282,265.4584,359.6291,CurrentState,MoveToInitial,Slider,27,Scenario,3
ID,26,Time,941.0012,DronePosition,-151.7655,45,-107.379,11.1,CameraPosition,-103.1633,1.804432,-107.4753,CameraRotation,330.2434,265.4648,359.6233,CurrentState,MoveToInitial,Slider,26,Scenario,3
ID,26,Time,941.0151,DronePosition,-151.6103,45,-107.379,11.1,CameraPosition,-103.1632,1.8045,-107.4753,CameraRotation,330.146,265.4826,359.6153,CurrentState,MoveToInitial,Slider,26,Scenario,3
ID,26,Time,941.0289,DronePosition,-151.4568,45,-107.379,11.1,CameraPosition,-103.1631,1.80457,-107.4753,CameraRotation,330.0466,265.4936,359.6133,CurrentState,MoveToInitial,Slider,26,Scenario,3
ID,26,Time,941.0428,DronePosition,-151.3022,45,-107.379,11.1,CameraPosition,-103.1629,1.804629,-107.4753,CameraRotation,329.9418,265.4991,359.6126,CurrentState,MoveToInitial,Slider,26,Scenario,3
ID,26,Time,941.0569,DronePosition,-151.1467,45,-107.379,11.1,CameraPosition,-103.1628,1.804695,-107.4753,CameraRotation,329.8309,265.5057,359.607,CurrentState,MoveToInitial,Slider,26,Scenario,3
ID,26,Time,941.0708,DronePosition,-150.992,45,-107.379,11.1,CameraPosition,-103.1627,1.804782,-107.4753,CameraRotation,329.7077,265.523,359.5865,CurrentState,MoveToInitial,Slider,26,Scenario,3
ID,26,Time,941.0846,DronePosition,-150.8394,45,-107.379,11.1,CameraPosition,-103.1626,1.804862,-107.4752,CameraRotation,329.5888,265.5524,359.5536,CurrentState,MoveToInitial,Slider,26,Scenario,3
ID,26,Time,941.0986,DronePosition,-150.684,45,-107.379,11.1,CameraPosition,-103.1624,1.804945,-107.4752,CameraRotation,329.4993,265.5771,359.5331,CurrentState,MoveToInitial,Slider,26,Scenario,3
ID,26,Time,941.1124,DronePosition,-150.5307,45,-107.379,11.1,CameraPosition,-103.1623,1.805018,-107.4751,CameraRotation,329.4204,265.6019,359.5058,CurrentState,MoveToInitial,Slider,26,Scenario,3
ID,26,Time,941.1268,DronePosition,-150.3707,45,-107.379,11.1,CameraPosition,-103.1622,1.805057,-107.4751,CameraRotation,329.3587,265.6205,359.4895,CurrentState,MoveToInitial,Slider,26,Scenario,3
ID,26,Time,941.1404,DronePosition,-150.2194,45,-107.379,11.1,CameraPosition,-103.1622,1.805064,-107.4751,CameraRotation,329.3052,265.6432,359.4679,CurrentState,MoveToInitial,Slider,26,Scenario,3
ID,26,Time,941.1543,DronePosition,-150.0656,45,-107.379,11.1,CameraPosition,-103.1621,1.805081,-107.475,CameraRotation,329.236,265.6746,359.451,CurrentState,MoveToInitial,Slider,26,Scenario,3
ID,26,Time,941.1681,DronePosition,-149.9121,45,-107.379,11.1,CameraPosition,-103.162,1.805125,-107.475,CameraRotation,329.1547,265.6959,359.4323,CurrentState,MoveToInitial,Slider,26,Scenario,3
ID,26,Time,941.1821,DronePosition,-149.757,45,-107.379,11.1,CameraPosition,-103.1619,1.805249,-107.4751,CameraRotation,329.0587,265.7272,359.406,CurrentState,MoveToInitial,Slider,26,Scenario,3
ID,26,Time,941.196,DronePosition,-149.6022,45,-107.379,11.1,CameraPosition,-103.1618,1.80538,-107.4751,CameraRotation,328.9688,265.7592,359.3713,CurrentState,MoveToInitial,Slider,26,Scenario,3
ID,26,Time,941.21,DronePosition,-149.4478,45,-107.379,11.1,CameraPosition,-103.1617,1.805506,-107.4751,CameraRotation,328.8663,265.7776,359.3231,CurrentState,MoveToInitial,Slider,26,Scenario,3
ID,26,Time,941.2239,DronePosition,-149.2932,45,-107.379,11.1,CameraPosition,-103.1616,1.805678,-107.4751,CameraRotation,328.7133,265.7769,359.274,CurrentState,MoveToInitial,Slider,26,Scenario,3
ID,26,Time,941.2377,DronePosition,-149.1393,45,-107.379,11.1,CameraPosition,-103.1615,1.805907,-107.4751,CameraRotation,328.4895,265.743,359.1986,CurrentState,MoveToInitial,Slider,26,Scenario,3
ID,26,Time,941.2518,DronePosition,-148.9837,45,-107.379,11.1,CameraPosition,-103.1613,1.806107,-107.4751,CameraRotation,328.2951,265.6826,359.1374,CurrentState,MoveToInitial,Slider,26,Scenario,3
ID,26,Time,941.2656,DronePosition,-148.8299,45,-107.379,11.1,CameraPosition,-103.1612,1.806302,-107.4752,CameraRotation,328.1661,265.5942,359.1021,CurrentState,MoveToInitial,Slider,26,Scenario,3
ID,26,Time,941.2796,DronePosition,-148.6743,45,-107.379,11.1,CameraPosition,-103.1611,1.80639,-107.4752,CameraRotation,328.0846,265.5184,359.0976,CurrentState,MoveToInitial,Slider,26,Scenario,3
ID,26,Time,941.2935,DronePosition,-148.5202,45,-107.379,11.1,CameraPosition,-103.161,1.806359,-107.4753,CameraRotation,328.0757,265.4691,359.1094,CurrentState,MoveToInitial,Slider,26,Scenario,3
ID,26,Time,941.3074,DronePosition,-148.3656,45,-107.379,11.1,CameraPosition,-103.1609,1.806264,-107.4753,CameraRotation,328.0983,265.4847,359.0949,CurrentState,MoveToInitial,Slider,27,Scenario,3
ID,26,Time,941.3218,DronePosition,-148.2067,45,-107.379,11.1,CameraPosition,-103.1609,1.806221,-107.4753,CameraRotation,328.1286,265.5489,359.0616,CurrentState,MoveToInitial,Slider,27,Scenario,3
ID,26,Time,941.3355,DronePosition,-148.0548,45,-107.379,11.03116,CameraPosition,-103.1608,1.806221,-107.4753,CameraRotation,328.1352,265.6468,359.0509,CurrentState,Approach1,Slider,27,Scenario,3
ID,26,Time,941.3492,DronePosition,-147.9034,45,-107.379,11.03116,CameraPosition,-103.1607,1.806267,-107.4754,CameraRotation,328.086,265.7348,359.085,CurrentState,Approach1,Slider,27,Scenario,3
ID,26,Time,941.3633,DronePosition,-147.7486,45,-107.379,11.03116,CameraPosition,-103.1606,1.806334,-107.4754,CameraRotation,328.0116,265.7976,359.1465,CurrentState,Approach1,Slider,27,Scenario,3
ID,26,Time,941.3768,DronePosition,-147.5989,45,-107.379,11.03116,CameraPosition,-103.1605,1.806403,-107.4755,CameraRotation,327.9389,265.8568,359.1788,CurrentState,Approach1,Slider,27,Scenario,3
ID,26,Time,941.3911,DronePosition,-147.4424,45,-107.379,11.03116,CameraPosition,-103.1604,1.806447,-107.4756,CameraRotation,327.8643,265.898,359.1991,CurrentState,Approach1,Slider,27,Scenario,3
ID,26,Time,941.405,DronePosition,-147.2888,45,-107.379,11.03116,CameraPosition,-103.1603,1.806481,-107.4756,CameraRotation,327.7994,265.9088,359.1996,CurrentState,Approach1,Slider,26,Scenario,3
ID,26,Time,941.4187,DronePosition,-147.1371,45,-107.379,11.03116,CameraPosition,-103.1602,1.806523,-107.4757,CameraRotation,327.7513,265.8915,359.205,CurrentState,Approach1,Slider,26,Scenario,3
ID,26,Time,941.4328,DronePosition,-146.9815,45,-107.379,11.03116,CameraPosition,-103.1601,1.80657,-107.4759,CameraRotation,327.7158,265.8532,359.2047,CurrentState,Approach1,Slider,26,Scenario,3
ID,26,Time,941.4468,DronePosition,-146.8275,45,-107.379,11.03116,CameraPosition,-103.1601,1.80662,-107.476,CameraRotation,327.6873,265.8018,359.2005,CurrentState,Approach1,Slider,26,Scenario,3
ID,26,Time,941.4605,DronePosition,-146.6761,45,-107.379,11.03116,CameraPosition,-103.16,1.806638,-107.4761,CameraRotation,327.6526,265.7377,359.1936,CurrentState,Approach1,Slider,26,Scenario,3
ID,26,Time,941.4745,DronePosition,-146.521,45,-107.379,11.03116,CameraPosition,-103.1599,1.806643,-107.4762,CameraRotation,327.6258,265.6906,359.1999,CurrentState,Approach1,Slider,26,Scenario,3
ID,26,Time,941.4885,DronePosition,-146.3672,45,-107.379,11.03116,CameraPosition,-103.1598,1.806669,-107.4763,CameraRotation,327.6088,265.6473,359.2122,CurrentState,Approach1,Slider,26,Scenario,3
ID,26,Time,941.5023,DronePosition,-146.2152,45,-107.379,11.03116,CameraPosition,-103.1598,1.80666,-107.4765,CameraRotation,327.5839,265.6036,359.2434,CurrentState,Approach1,Slider,26,Scenario,3
ID,26,Time,941.5162,DronePosition,-146.062,45,-107.379,11.03116,CameraPosition,-103.1597,1.806634,-107.4766,CameraRotation,327.5514,265.5687,359.2566,CurrentState,Approach1,Slider,26,Scenario,3
ID,26,Time,941.5303,DronePosition,-145.9065,45,-107.379,11.03116,CameraPosition,-103.1596,1.806625,-107.4767,CameraRotation,327.516,265.5473,359.2622,CurrentState,Approach1,Slider,26,Scenario,3
ID,26,Time,941.5446,DronePosition,-145.7491,45,-107.379,11.03116,CameraPosition,-103.1596,1.806667,-107.4768,CameraRotation,327.4731,265.5343,359.2526,CurrentState,Approach1,Slider,26,Scenario,3
ID,26,Time,941.5584,DronePosition,-145.5959,45,-107.379,11.03116,CameraPosition,-103.1596,1.806733,-107.4769,CameraRotation,327.4087,265.5159,359.2465,CurrentState,Approach1,Slider,26,Scenario,3
ID,26,Time,941.5722,DronePosition,-145.4442,45,-107.379,11.03116,CameraPosition,-103.1596,1.806794,-107.4769,CameraRotation,327.3442,265.4833,359.2502,CurrentState,Approach1,Slider,26,Scenario,3
ID,26,Time,941.5859,DronePosition,-145.2923,45,-107.379,11.03116,CameraPosition,-103.1596,1.806853,-107.477,CameraRotation,327.2825,265.455,359.2252,CurrentState,Approach1,Slider,26,Scenario,3
ID,26,Time,941.6,DronePosition,-145.1376,45,-107.379,11.03116,CameraPosition,-103.1596,1.806884,-107.477,CameraRotation,327.2372,265.4125,359.191,CurrentState,Approach1,Slider,26,Scenario,3
ID,26,Time,941.6139,DronePosition,-144.9838,45,-107.379,11.03116,CameraPosition,-103.1597,1.806903,-107.4771,CameraRotation,327.1977,265.3739,359.1271,CurrentState,Approach1,Slider,26,Scenario,3
ID,26,Time,941.6279,DronePosition,-144.8292,45,-107.379,11.03116,CameraPosition,-103.1598,1.806898,-107.4771,CameraRotation,327.2014,265.3279,359.0862,CurrentState,Approach1,Slider,26,Scenario,3
ID,26,Time,941.6417,DronePosition,-144.677,45,-107.379,11.03116,CameraPosition,-103.1599,1.806863,-107.4772,CameraRotation,327.2227,265.2827,359.0887,CurrentState,Approach1,Slider,26,Scenario,3
ID,26,Time,941.6555,DronePosition,-144.5252,45,-107.379,11.03116,CameraPosition,-103.16,1.806833,-107.4772,CameraRotation,327.2411,265.2574,359.0909,CurrentState,Approach1,Slider,26,Scenario,3
ID,26,Time,941.6694,DronePosition,-144.3721,45,-107.379,11.03116,CameraPosition,-103.1601,1.806775,-107.4773,CameraRotation,327.278,265.2421,359.117,CurrentState,Approach1,Slider,26,Scenario,3
ID,26,Time,941.6834,DronePosition,-144.2169,45,-107.379,11.03116,CameraPosition,-103.1603,1.806723,-107.4773,CameraRotation,327.2957,265.2566,359.1273,CurrentState,Approach1,Slider,26,Scenario,3
ID,26,Time,941.6974,DronePosition,-144.063,45,-107.379,11.03116,CameraPosition,-103.1604,1.806696,-107.4773,CameraRotation,327.3136,265.27,359.1255,CurrentState,Approach1,Slider,26,Scenario,3
ID,26,Time,941.7111,DronePosition,-143.9114,45,-107.379,11.03116,CameraPosition,-103.1606,1.806681,-107.4772,CameraRotation,327.3309,265.3101,359.1139,CurrentState,Approach1,Slider,26,Scenario,3
ID,26,Time,941.7252,DronePosition,-143.7563,45,-107.379,11.03116,CameraPosition,-103.1608,1.806667,-107.4772,CameraRotation,327.3554,265.3447,359.1066,CurrentState,Approach1,Slider,26,Scenario,3
ID,26,Time,941.7393,DronePosition,-143.6002,45,-107.379,11.03116,CameraPosition,-103.161,1.80666,-107.4772,CameraRotation,327.3864,265.3631,359.1004,CurrentState,Approach1,Slider,26,Scenario,3
ID,26,Time,941.7535,DronePosition,-143.4435,45,-107.379,11.03116,CameraPosition,-103.1612,1.806653,-107.4771,CameraRotation,327.4201,265.3827,359.0834,CurrentState,Approach1,Slider,26,Scenario,3
ID,26,Time,941.7671,DronePosition,-143.2941,45,-107.379,11.03116,CameraPosition,-103.1615,1.806623,-107.477,CameraRotation,327.4526,265.379,359.0694,CurrentState,Approach1,Slider,26,Scenario,3
ID,26,Time,941.7813,DronePosition,-143.1369,45,-107.379,11.03116,CameraPosition,-103.1617,1.806581,-107.477,CameraRotation,327.5024,265.3806,359.0504,CurrentState,Approach1,Slider,26,Scenario,3
ID,26,Time,941.795,DronePosition,-142.9863,45,-107.379,11.03116,CameraPosition,-103.1619,1.806545,-107.477,CameraRotation,327.5363,265.3868,359.0432,CurrentState,Approach1,Slider,26,Scenario,3
ID,26,Time,941.8089,DronePosition,-142.8329,45,-107.379,11.03116,CameraPosition,-103.1621,1.806532,-107.477,CameraRotation,327.5562,265.3929,359.0367,CurrentState,Approach1,Slider,26,Scenario,3
ID,26,Time,941.8227,DronePosition,-142.6808,45,-107.379,11.03116,CameraPosition,-103.1623,1.806521,-107.477,CameraRotation,327.5425,265.4081,359.0329,CurrentState,Approach1,Slider,26,Scenario,3
ID,26,Time,941.8367,DronePosition,-142.5265,45,-107.379,11.03116,CameraPosition,-103.1625,1.80651,-107.477,CameraRotation,327.5403,265.4199,359.0297,CurrentState,Approach1,Slider,26,Scenario,3
ID,26,Time,941.8505,DronePosition,-142.3744,45,-107.379,11.03116,CameraPosition,-103.1626,1.806473,-107.477,CameraRotation,327.5531,265.4074,359.0449,CurrentState,Approach1,Slider,26,Scenario,3
ID,26,Time,941.8643,DronePosition,-142.2212,45,-107.379,11.03116,CameraPosition,-103.1628,1.80643,-107.4769,CameraRotation,327.5739,265.3904,359.0658,CurrentState,Approach1,Slider,26,Scenario,3
ID,26,Time,941.8782,DronePosition,-142.0686,45,-107.379,11.03116,CameraPosition,-103.163,1.806391,-107.4769,CameraRotation,327.5896,265.394,359.0605,CurrentState,Approach1,Slider,26,Scenario,3
ID,26,Time,941.8923,DronePosition,-141.9133,45,-107.379,11.03116,CameraPosition,-103.1631,1.80637,-107.4769,CameraRotation,327.6055,265.3852,359.0417,CurrentState,Approach1,Slider,26,Scenario,3
ID,26,Time,941.9063,DronePosition,-141.7583,45,-107.379,11.03116,CameraPosition,-103.1632,1.806382,-107.4769,CameraRotation,327.5988,265.3886,359.0246,CurrentState,Approach1,Slider,26,Scenario,3
ID,26,Time,941.92,DronePosition,-141.6076,45,-107.379,11.03116,CameraPosition,-103.1633,1.806401,-107.4769,CameraRotation,327.5586,265.3723,359.0217,CurrentState,Approach1,Slider,26,Scenario,3
ID,26,Time,941.9343,DronePosition,-141.4492,45,-107.379,11.03116,CameraPosition,-103.1634,1.806421,-107.4769,CameraRotation,327.5165,265.338,359.0249,CurrentState,Approach1,Slider,26,Scenario,3
ID,26,Time,941.9479,DronePosition,-141.299,45,-107.379,11.03116,CameraPosition,-103.1635,1.806423,-107.4768,CameraRotation,327.4795,265.2852,359.0003,CurrentState,Approach1,Slider,26,Scenario,3
ID,26,Time,941.9623,DronePosition,-141.1402,45,-107.379,11.03116,CameraPosition,-103.1636,1.806424,-107.4768,CameraRotation,327.4449,265.2342,358.9568,CurrentState,Approach1,Slider,26,Scenario,3
ID,26,Time,941.9759,DronePosition,-140.9905,45,-107.379,11.03116,CameraPosition,-103.1637,1.806424,-107.4768,CameraRotation,327.4149,265.1585,358.9249,CurrentState,Approach1,Slider,26,Scenario,3
ID,26,Time,941.9896,DronePosition,-140.839,45,-107.379,11.03116,CameraPosition,-103.1638,1.806413,-107.4768,CameraRotation,327.3846,265.0934,358.8719,CurrentState,Approach1,Slider,26,Scenario,3
ID,26,Time,942.0036,DronePosition,-140.685,45,-107.379,11.03116,CameraPosition,-103.1638,1.806405,-107.4767,CameraRotation,327.4053,265.0479,358.8198,CurrentState,Approach1,Slider,26,Scenario,3
ID,26,Time,942.0176,DronePosition,-140.5306,45,-107.379,11.03116,CameraPosition,-103.1639,1.806364,-107.4767,CameraRotation,327.438,265.0497,358.7758,CurrentState,Approach1,Slider,26,Scenario,3
ID,26,Time,942.0316,DronePosition,-140.3763,45,-107.379,11.03116,CameraPosition,-103.164,1.806344,-107.4766,CameraRotation,327.4846,265.0736,358.7729,CurrentState,Approach1,Slider,26,Scenario,3
ID,26,Time,942.0456,DronePosition,-140.2219,45,-107.379,11.03116,CameraPosition,-103.1641,1.806332,-107.4766,CameraRotation,327.4966,265.1155,358.7966,CurrentState,Approach1,Slider,26,Scenario,3
ID,26,Time,942.0592,DronePosition,-140.0716,45,-107.379,11.03116,CameraPosition,-103.1642,1.806336,-107.4766,CameraRotation,327.4926,265.1551,358.8128,CurrentState,Approach1,Slider,26,Scenario,3
ID,26,Time,942.0732,DronePosition,-139.9172,45,-107.379,11.03116,CameraPosition,-103.1642,1.806337,-107.4765,CameraRotation,327.4837,265.2205,358.8248,CurrentState,Approach1,Slider,26,Scenario,3
ID,26,Time,942.0873,DronePosition,-139.7619,45,-107.379,11.03116,CameraPosition,-103.1642,1.806321,-107.4765,CameraRotation,327.4826,265.281,358.8309,CurrentState,Approach1,Slider,26,Scenario,3
ID,26,Time,942.1011,DronePosition,-139.61,45,-107.379,11.03116,CameraPosition,-103.1642,1.806285,-107.4765,CameraRotation,327.4869,265.3194,358.8284,CurrentState,Approach1,Slider,26,Scenario,3
ID,26,Time,942.1149,DronePosition,-139.4568,45,-107.379,11.03116,CameraPosition,-103.1641,1.806251,-107.4765,CameraRotation,327.494,265.3353,358.8134,CurrentState,Approach1,Slider,26,Scenario,3
ID,26,Time,942.1289,DronePosition,-139.3031,45,-107.379,11.03116,CameraPosition,-103.1641,1.806247,-107.4765,CameraRotation,327.4977,265.3292,358.7825,CurrentState,Approach1,Slider,26,Scenario,3
ID,26,Time,942.1428,DronePosition,-139.149,45,-107.379,11.03116,CameraPosition,-103.164,1.806272,-107.4765,CameraRotation,327.4657,265.2986,358.7596,CurrentState,Approach1,Slider,26,Scenario,3
ID,26,Time,942.1567,DronePosition,-138.9967,45,-107.379,11.03116,CameraPosition,-103.1639,1.806314,-107.4765,CameraRotation,327.4091,265.2548,358.7537,CurrentState,Approach1,Slider,26,Scenario,3
ID,26,Time,942.1711,DronePosition,-138.8373,45,-107.379,11.03116,CameraPosition,-103.1638,1.80636,-107.4765,CameraRotation,327.3696,265.2169,358.7448,CurrentState,Approach1,Slider,26,Scenario,3
ID,26,Time,942.1846,DronePosition,-138.6889,45,-107.379,11.03116,CameraPosition,-103.1636,1.806384,-107.4766,CameraRotation,327.3258,265.167,358.7535,CurrentState,Approach1,Slider,26,Scenario,3
ID,26,Time,942.1987,DronePosition,-138.5331,45,-107.379,11.03116,CameraPosition,-103.1635,1.806385,-107.4766,CameraRotation,327.2689,265.1295,358.7664,CurrentState,Approach1,Slider,26,Scenario,3
ID,26,Time,942.2123,DronePosition,-138.3826,45,-107.379,11.03116,CameraPosition,-103.1633,1.806404,-107.4766,CameraRotation,327.2247,265.11,358.7543,CurrentState,Approach1,Slider,27,Scenario,3
ID,26,Time,942.2263,DronePosition,-138.2281,45,-107.379,11.03116,CameraPosition,-103.1631,1.806417,-107.4766,CameraRotation,327.1675,265.1093,358.7262,CurrentState,Approach1,Slider,27,Scenario,3
ID,26,Time,942.2404,DronePosition,-138.0736,45,-107.379,11.03116,CameraPosition,-103.163,1.806464,-107.4766,CameraRotation,327.1021,265.1078,358.7033,CurrentState,Approach1,Slider,27,Scenario,3
ID,26,Time,942.2543,DronePosition,-137.9197,45,-107.379,11.03116,CameraPosition,-103.1628,1.806499,-107.4767,CameraRotation,327.0266,265.0799,358.7052,CurrentState,Approach1,Slider,27,Scenario,3
ID,26,Time,942.2681,DronePosition,-137.7677,45,-107.379,11.03116,CameraPosition,-103.1626,1.806514,-107.4768,CameraRotation,326.9619,265.0503,358.7101,CurrentState,Approach1,Slider,27,Scenario,3
ID,26,Time,942.282,DronePosition,-137.6136,45,-107.379,11.03116,CameraPosition,-103.1624,1.806516,-107.4768,CameraRotation,326.8919,265.0147,358.7095,CurrentState,Approach1,Slider,27,Scenario,3
ID,26,Time,942.296,DronePosition,-137.4598,45,-107.379,11.03116,CameraPosition,-103.1622,1.806562,-107.4769,CameraRotation,326.8249,264.9862,358.6846,CurrentState,Approach1,Slider,27,Scenario,3
ID,26,Time,942.3101,DronePosition,-137.3041,45,-107.379,11.03116,CameraPosition,-103.1619,1.806603,-107.477,CameraRotation,326.7601,264.9601,358.6658,CurrentState,Approach1,Slider,26,Scenario,3
ID,26,Time,942.3237,DronePosition,-137.1536,45,-107.379,11.03116,CameraPosition,-103.1617,1.806636,-107.477,CameraRotation,326.7077,264.934,358.6722,CurrentState,Approach1,Slider,26,Scenario,3
ID,26,Time,942.3378,DronePosition,-136.9978,45,-107.379,11.03116,CameraPosition,-103.1614,1.806691,-107.4771,CameraRotation,326.6555,264.9295,358.6635,CurrentState,Approach1,Slider,26,Scenario,3
ID,26,Time,942.3517,DronePosition,-136.8454,45,-107.379,11.03116,CameraPosition,-103.1611,1.80676,-107.4771,CameraRotation,326.6029,264.9266,358.6518,CurrentState,Approach1,Slider,26,Scenario,3
ID,26,Time,942.3657,DronePosition,-136.6908,45,-107.379,11.03116,CameraPosition,-103.1609,1.806843,-107.4772,CameraRotation,326.5468,264.9312,358.6458,CurrentState,Approach1,Slider,26,Scenario,3
ID,26,Time,942.3798,DronePosition,-136.5352,45,-107.379,11.03116,CameraPosition,-103.1607,1.806882,-107.4772,CameraRotation,326.5126,264.9232,358.655,CurrentState,Approach1,Slider,26,Scenario,3
ID,26,Time,942.3936,DronePosition,-136.3829,45,-107.379,11.03116,CameraPosition,-103.1605,1.806894,-107.4773,CameraRotation,326.5078,264.9258,358.6514,CurrentState,Approach1,Slider,26,Scenario,3
ID,26,Time,942.4075,DronePosition,-136.2301,45,-107.379,11.03116,CameraPosition,-103.1603,1.806879,-107.4774,CameraRotation,326.5314,264.9171,358.6488,CurrentState,Approach1,Slider,26,Scenario,3
ID,26,Time,942.4214,DronePosition,-136.0761,45,-107.379,11.03116,CameraPosition,-103.1601,1.806865,-107.4775,CameraRotation,326.5315,264.9099,358.6458,CurrentState,Approach1,Slider,26,Scenario,3
ID,26,Time,942.4351,DronePosition,-135.9248,45,-107.379,11.03116,CameraPosition,-103.16,1.806883,-107.4777,CameraRotation,326.5057,264.8977,358.6533,CurrentState,Approach1,Slider,26,Scenario,3
ID,26,Time,942.449,DronePosition,-135.7713,45,-107.379,11.03116,CameraPosition,-103.1598,1.80692,-107.4778,CameraRotation,326.4622,264.8802,358.6679,CurrentState,Approach1,Slider,26,Scenario,3
ID,26,Time,942.4631,DronePosition,-135.6163,45,-107.379,11.03116,CameraPosition,-103.1596,1.806983,-107.4779,CameraRotation,326.4112,264.864,358.6576,CurrentState,Approach1,Slider,26,Scenario,3
ID,26,Time,942.4771,DronePosition,-135.4621,45,-107.379,11.03116,CameraPosition,-103.1594,1.80704,-107.478,CameraRotation,326.3827,264.8398,358.6538,CurrentState,Approach1,Slider,26,Scenario,3
ID,26,Time,942.4909,DronePosition,-135.3096,45,-107.379,11.03116,CameraPosition,-103.1592,1.807092,-107.4781,CameraRotation,326.3364,264.8176,358.6447,CurrentState,Approach1,Slider,26,Scenario,3
ID,26,Time,942.5049,DronePosition,-135.1557,45,-107.379,11.03116,CameraPosition,-103.159,1.807152,-107.4783,CameraRotation,326.294,264.7779,358.6482,CurrentState,Approach1,Slider,26,Scenario,3
ID,26,Time,942.5185,DronePosition,-135.005,45,-107.379,11.03116,CameraPosition,-103.1587,1.807266,-107.4783,CameraRotation,326.2292,264.719,358.6708,CurrentState,Approach1,Slider,26,Scenario,3
ID,26,Time,942.5328,DronePosition,-134.8478,45,-107.379,11.03116,CameraPosition,-103.1583,1.807463,-107.4785,CameraRotation,326.165,264.6743,358.6975,CurrentState,Approach1,Slider,26,Scenario,3
ID,26,Time,942.5468,DronePosition,-134.6938,45,-107.379,11.03116,CameraPosition,-103.158,1.80771,-107.4786,CameraRotation,326.0459,264.6195,358.7346,CurrentState,Approach1,Slider,26,Scenario,3
ID,26,Time,942.5605,DronePosition,-134.5421,45,-107.379,11.03116,CameraPosition,-103.1577,1.807938,-107.4787,CameraRotation,325.9242,264.5693,358.7488,CurrentState,Approach1,Slider,26,Scenario,3
ID,26,Time,942.5746,DronePosition,-134.3863,45,-107.379,11.03116,CameraPosition,-103.1574,1.808147,-107.4789,CameraRotation,325.8572,264.5266,358.7516,CurrentState,Approach1,Slider,26,Scenario,3
ID,26,Time,942.5886,DronePosition,-134.2313,45,-107.379,11.03116,CameraPosition,-103.1571,1.808374,-107.4791,CameraRotation,325.7283,264.4768,358.7612,CurrentState,Approach1,Slider,26,Scenario,3
ID,26,Time,942.6024,DronePosition,-134.0797,45,-107.379,11.03116,CameraPosition,-103.1568,1.808658,-107.4792,CameraRotation,325.5558,264.4254,358.7625,CurrentState,Approach1,Slider,26,Scenario,3
ID,26,Time,942.6163,DronePosition,-133.9265,45,-107.379,11.03116,CameraPosition,-103.1563,1.808984,-107.4793,CameraRotation,325.3931,264.3673,358.7751,CurrentState,Approach1,Slider,26,Scenario,3
ID,26,Time,942.6306,DronePosition,-133.7681,45,-107.379,11.03116,CameraPosition,-103.156,1.809323,-107.4794,CameraRotation,325.1883,264.3177,358.7895,CurrentState,Approach1,Slider,26,Scenario,3
ID,26,Time,942.6442,DronePosition,-133.6187,45,-107.379,11.03116,CameraPosition,-103.1556,1.809647,-107.4794,CameraRotation,325.0294,264.2922,358.786,CurrentState,Approach1,Slider,26,Scenario,3
ID,26,Time,942.658,DronePosition,-133.4662,45,-107.379,11.03116,CameraPosition,-103.1552,1.809928,-107.4795,CameraRotation,324.8705,264.294,358.7392,CurrentState,Approach1,Slider,26,Scenario,3
ID,26,Time,942.6719,DronePosition,-133.3123,45,-107.379,11.03116,CameraPosition,-103.1549,1.810054,-107.4795,CameraRotation,324.7307,264.2968,358.6742,CurrentState,Approach1,Slider,26,Scenario,3
ID,26,Time,942.6857,DronePosition,-133.1606,45,-107.379,11.03116,CameraPosition,-103.1545,1.810055,-107.4796,CameraRotation,324.7135,264.2721,358.6179,CurrentState,Approach1,Slider,26,Scenario,3
ID,26,Time,942.7,DronePosition,-133.0035,45,-107.379,11.03116,CameraPosition,-103.1542,1.810077,-107.4796,CameraRotation,324.7167,264.2457,358.5818,CurrentState,Approach1,Slider,26,Scenario,3
ID,26,Time,942.7139,DronePosition,-132.85,45,-107.379,11.03116,CameraPosition,-103.1539,1.81014,-107.4797,CameraRotation,324.6638,264.2069,358.5778,CurrentState,Approach1,Slider,27,Scenario,3
ID,26,Time,942.7275,DronePosition,-132.6992,45,-107.379,11.03116,CameraPosition,-103.1535,1.810242,-107.4797,CameraRotation,324.5568,264.1519,358.6228,CurrentState,Approach1,Slider,27,Scenario,3
ID,26,Time,942.7416,DronePosition,-132.5446,45,-107.379,11.03116,CameraPosition,-103.1532,1.810282,-107.4799,CameraRotation,324.4592,264.089,358.6689,CurrentState,Approach1,Slider,27,Scenario,3
ID,26,Time,942.7556,DronePosition,-132.3903,45,-107.379,11.03116,CameraPosition,-103.1528,1.810313,-107.48,CameraRotation,324.3817,264.0255,358.7049,CurrentState,Approach1,Slider,27,Scenario,3
ID,26,Time,942.7695,DronePosition,-132.2362,45,-107.379,11.03116,CameraPosition,-103.1525,1.810381,-107.4801,CameraRotation,324.2782,263.9696,358.7259,CurrentState,Approach1,Slider,27,Scenario,3
ID,26,Time,942.7836,DronePosition,-132.0807,45,-107.379,11.03116,CameraPosition,-103.1522,1.810408,-107.4802,CameraRotation,324.186,263.9111,358.7682,CurrentState,Approach1,Slider,27,Scenario,3
ID,26,Time,942.7979,DronePosition,-131.9235,45,-107.379,11.03116,CameraPosition,-103.1519,1.810408,-107.4802,CameraRotation,324.1502,263.8494,358.8217,CurrentState,Approach1,Slider,27,Scenario,3
ID,26,Time,942.8112,DronePosition,-131.7758,45,-107.379,11.03116,CameraPosition,-103.1516,1.810394,-107.4803,CameraRotation,324.1153,263.8181,358.8434,CurrentState,Approach1,Slider,27,Scenario,3
ID,26,Time,942.8252,DronePosition,-131.6221,45,-107.379,11.03116,CameraPosition,-103.1513,1.810432,-107.4803,CameraRotation,324.09,263.764,358.8528,CurrentState,Approach1,Slider,27,Scenario,3
ID,26,Time,942.8391,DronePosition,-131.4693,45,-107.379,11.03116,CameraPosition,-103.1509,1.810494,-107.4803,CameraRotation,324.0326,263.7119,358.8506,CurrentState,Approach1,Slider,27,Scenario,3
ID,26,Time,942.8529,DronePosition,-131.3161,45,-107.379,11.03116,CameraPosition,-103.1507,1.81051,-107.4803,CameraRotation,323.9825,263.6875,358.8528,CurrentState,Approach1,Slider,27,Scenario,3
ID,26,Time,942.8669,DronePosition,-131.1618,45,-107.379,11.03116,CameraPosition,-103.1505,1.810485,-107.4802,CameraRotation,323.983,263.652,358.8656,CurrentState,Approach1,Slider,27,Scenario,3
ID,26,Time,942.8807,DronePosition,-131.0092,45,-107.379,11.03116,CameraPosition,-103.1503,1.810417,-107.4802,CameraRotation,323.9728,263.6091,358.8805,CurrentState,Approach1,Slider,27,Scenario,3
ID,26,Time,942.8947,DronePosition,-130.8558,45,-107.379,11.03116,CameraPosition,-103.15,1.810392,-107.4802,CameraRotation,323.969,263.5566,358.8824,CurrentState,Approach1,Slider,27,Scenario,3
ID,26,Time,942.909,DronePosition,-130.6972,45,-107.379,11.03116,CameraPosition,-103.1499,1.810384,-107.4802,CameraRotation,323.9116,263.522,358.8544,CurrentState,Approach1,Slider,27,Scenario,3
ID,26,Time,942.9227,DronePosition,-130.5463,45,-107.379,11.03116,CameraPosition,-103.1497,1.810398,-107.4802,CameraRotation,323.8781,263.4921,358.8414,CurrentState,Approach1,Slider,27,Scenario,3
ID,26,Time,942.9367,DronePosition,-130.392,45,-107.379,11.03116,CameraPosition,-103.1495,1.810431,-107.4801,CameraRotation,323.8466,263.4655,358.8362,CurrentState,Approach1,Slider,27,Scenario,3
ID,26,Time,942.9507,DronePosition,-130.2371,45,-107.379,11.03116,CameraPosition,-103.1493,1.810485,-107.48,CameraRotation,323.8136,263.4471,358.8132,CurrentState,Approach1,Slider,27,Scenario,3
ID,26,Time,942.9655,DronePosition,-130.075,45,-107.379,11.03116,CameraPosition,-103.1491,1.810567,-107.4799,CameraRotation,323.7311,263.4409,358.8123,CurrentState,Approach1,Slider,27,Scenario,3
ID,26,Time,942.9785,DronePosition,-129.9314,45,-107.379,11.03116,CameraPosition,-103.1489,1.810655,-107.4797,CameraRotation,323.6533,263.4604,358.7868,CurrentState,Approach1,Slider,27,Scenario,3
ID,26,Time,942.9924,DronePosition,-129.7778,45,-107.379,11.03116,CameraPosition,-103.1487,1.810681,-107.4796,CameraRotation,323.6042,263.4861,358.7629,CurrentState,Approach1,Slider,27,Scenario,3
ID,26,Time,943.0067,DronePosition,-129.6204,45,-107.379,11.03116,CameraPosition,-103.1485,1.810649,-107.4794,CameraRotation,323.5942,263.5149,358.7327,CurrentState,Approach1,Slider,27,Scenario,3
ID,26,Time,943.0202,DronePosition,-129.4707,45,-107.379,11.03116,CameraPosition,-103.1484,1.810592,-107.4793,CameraRotation,323.5941,263.5249,358.721,CurrentState,Approach1,Slider,27,Scenario,3
ID,26,Time,943.0339,DronePosition,-129.3195,45,-107.379,11.03116,CameraPosition,-103.1483,1.810585,-107.4791,CameraRotation,323.5618,263.5473,358.7019,CurrentState,Approach1,Slider,27,Scenario,3
ID,26,Time,943.048,DronePosition,-129.1643,45,-107.379,11.03116,CameraPosition,-103.1481,1.810603,-107.4789,CameraRotation,323.5196,263.5736,358.6821,CurrentState,Approach1,Slider,27,Scenario,3
ID,26,Time,943.0617,DronePosition,-129.0127,45,-107.379,11.03116,CameraPosition,-103.148,1.810615,-107.4787,CameraRotation,323.4588,263.6057,358.6534,CurrentState,Approach1,Slider,27,Scenario,3
ID,26,Time,943.0758,DronePosition,-128.8573,45,-107.379,11.03116,CameraPosition,-103.1478,1.810622,-107.4786,CameraRotation,323.3982,263.6323,358.624,CurrentState,Approach1,Slider,27,Scenario,3
ID,26,Time,943.0899,DronePosition,-128.702,45,-107.379,11.03116,CameraPosition,-103.1477,1.810625,-107.4784,CameraRotation,323.3556,263.6567,358.5959,CurrentState,Approach1,Slider,27,Scenario,3
ID,26,Time,943.1038,DronePosition,-128.5493,45,-107.379,11.03116,CameraPosition,-103.1476,1.810623,-107.4781,CameraRotation,323.3227,263.6898,358.5681,CurrentState,Approach1,Slider,27,Scenario,3
ID,26,Time,943.1176,DronePosition,-128.3961,45,-107.379,11.03116,CameraPosition,-103.1475,1.810629,-107.4779,CameraRotation,323.291,263.7237,358.5187,CurrentState,Approach1,Slider,27,Scenario,3
ID,26,Time,943.1315,DronePosition,-128.2437,45,-107.379,11.03116,CameraPosition,-103.1474,1.810639,-107.4777,CameraRotation,323.2702,263.772,358.4825,CurrentState,Approach1,Slider,27,Scenario,3
ID,26,Time,943.1455,DronePosition,-128.0885,45,-107.379,11.03116,CameraPosition,-103.1473,1.810689,-107.4774,CameraRotation,323.2467,263.8284,358.4383,CurrentState,Approach1,Slider,27,Scenario,3
ID,26,Time,943.1593,DronePosition,-127.9365,45,-107.379,11.03116,CameraPosition,-103.1472,1.810772,-107.4772,CameraRotation,323.2231,263.8964,358.3811,CurrentState,Approach1,Slider,27,Scenario,3
ID,26,Time,943.1733,DronePosition,-127.7822,45,-107.379,11.03116,CameraPosition,-103.1471,1.810807,-107.4769,CameraRotation,323.2005,263.9683,358.3352,CurrentState,Approach1,Slider,27,Scenario,3
ID,26,Time,943.1871,DronePosition,-127.6292,45,-107.379,11.03116,CameraPosition,-103.1471,1.810815,-107.4767,CameraRotation,323.2046,264.0349,358.2884,CurrentState,Approach1,Slider,27,Scenario,3
ID,26,Time,943.201,DronePosition,-127.4767,45,-107.379,11.03116,CameraPosition,-103.1471,1.810793,-107.4765,CameraRotation,323.2242,264.0915,358.2497,CurrentState,Approach1,Slider,27,Scenario,3
ID,26,Time,943.2155,DronePosition,-127.316,45,-107.379,11.03116,CameraPosition,-103.1471,1.810763,-107.4763,CameraRotation,323.2443,264.1411,358.2187,CurrentState,Approach1,Slider,28,Scenario,3
ID,26,Time,943.2292,DronePosition,-127.1653,45,-107.379,11.03116,CameraPosition,-103.1471,1.810745,-107.4761,CameraRotation,323.2449,264.1939,358.1942,CurrentState,Approach1,Slider,28,Scenario,3
ID,26,Time,943.243,DronePosition,-127.0127,45,-107.379,11.03116,CameraPosition,-103.147,1.810742,-107.4759,CameraRotation,323.2271,264.2446,358.1553,CurrentState,Approach1,Slider,28,Scenario,3
ID,26,Time,943.2567,DronePosition,-126.8617,45,-107.379,11.03116,CameraPosition,-103.147,1.810758,-107.4758,CameraRotation,323.2172,264.3057,358.0996,CurrentState,Approach1,Slider,28,Scenario,3
ID,26,Time,943.2708,DronePosition,-126.7064,45,-107.379,11.03116,CameraPosition,-103.147,1.810742,-107.4756,CameraRotation,323.2172,264.3422,358.0743,CurrentState,Approach1,Slider,28,Scenario,3
ID,26,Time,943.2845,DronePosition,-126.5552,45,-107.379,11.03116,CameraPosition,-103.1469,1.810719,-107.4755,CameraRotation,323.2155,264.3756,358.0648,CurrentState,Approach1,Slider,28,Scenario,3
ID,26,Time,943.2985,DronePosition,-126.4007,45,-107.379,11.03116,CameraPosition,-103.1468,1.810744,-107.4754,CameraRotation,323.2072,264.4037,358.0596,CurrentState,Approach1,Slider,28,Scenario,3
ID,26,Time,943.3127,DronePosition,-126.2442,45,-107.379,11.03116,CameraPosition,-103.1466,1.810833,-107.4753,CameraRotation,323.1727,264.4158,358.073,CurrentState,Approach1,Slider,28,Scenario,3
ID,26,Time,943.3266,DronePosition,-126.0909,45,-107.379,11.03116,CameraPosition,-103.1465,1.810916,-107.4752,CameraRotation,323.1334,264.4199,358.0973,CurrentState,Approach1,Slider,28,Scenario,3
ID,26,Time,943.3405,DronePosition,-125.9381,45,-107.379,11.03116,CameraPosition,-103.1463,1.810938,-107.4751,CameraRotation,323.1111,264.4206,358.124,CurrentState,Approach1,Slider,28,Scenario,3
ID,26,Time,943.3546,DronePosition,-125.7827,45,-107.379,11.03116,CameraPosition,-103.1461,1.810996,-107.475,CameraRotation,323.0471,264.4349,358.1488,CurrentState,Approach1,Slider,28,Scenario,3
ID,26,Time,943.3683,DronePosition,-125.6311,45,-107.379,11.03116,CameraPosition,-103.1459,1.811056,-107.4749,CameraRotation,322.9611,264.4655,358.1483,CurrentState,Approach1,Slider,28,Scenario,3
ID,26,Time,943.3821,DronePosition,-125.4788,45,-107.379,11.03116,CameraPosition,-103.1457,1.811111,-107.4748,CameraRotation,322.8943,264.503,358.1288,CurrentState,Approach1,Slider,28,Scenario,3
ID,26,Time,943.396,DronePosition,-125.3254,45,-107.379,11.03116,CameraPosition,-103.1454,1.811194,-107.4748,CameraRotation,322.8229,264.5342,358.1256,CurrentState,Approach1,Slider,28,Scenario,3
ID,26,Time,943.4099,DronePosition,-125.1716,45,-107.379,11.03116,CameraPosition,-103.1452,1.811258,-107.4747,CameraRotation,322.7515,264.5663,358.1468,CurrentState,Approach1,Slider,30,Scenario,3
ID,26,Time,943.4243,DronePosition,-125.0136,45,-107.379,11.03116,CameraPosition,-103.1449,1.81132,-107.4746,CameraRotation,322.6861,264.601,358.1675,CurrentState,Approach1,Slider,30,Scenario,3
ID,26,Time,943.4378,DronePosition,-124.8644,45,-107.379,11.03116,CameraPosition,-103.1446,1.811357,-107.4745,CameraRotation,322.6276,264.6482,358.1761,CurrentState,Approach1,Slider,30,Scenario,3
ID,26,Time,943.4516,DronePosition,-124.712,45,-107.379,11.03116,CameraPosition,-103.1443,1.811405,-107.4744,CameraRotation,322.5727,264.7183,358.17,CurrentState,Approach1,Slider,30,Scenario,3
ID,26,Time,943.4657,DronePosition,-124.5566,45,-107.379,11.03116,CameraPosition,-103.144,1.811504,-107.4743,CameraRotation,322.5273,264.7957,358.1849,CurrentState,Approach1,Slider,30,Scenario,3
ID,26,Time,943.4797,DronePosition,-124.4025,45,-107.379,11.03116,CameraPosition,-103.1437,1.811627,-107.4741,CameraRotation,322.4763,264.8992,358.1844,CurrentState,Approach1,Slider,30,Scenario,3
ID,26,Time,943.4935,DronePosition,-124.2495,45,-107.379,11.03116,CameraPosition,-103.1434,1.811687,-107.474,CameraRotation,322.4109,265.0165,358.1887,CurrentState,Approach1,Slider,30,Scenario,3
ID,26,Time,943.5074,DronePosition,-124.0969,45,-107.379,11.03116,CameraPosition,-103.143,1.811755,-107.4738,CameraRotation,322.3303,265.1542,358.1996,CurrentState,Approach1,Slider,33,Scenario,3
ID,26,Time,943.5214,DronePosition,-123.9422,45,-107.379,11.03116,CameraPosition,-103.1426,1.811872,-107.4736,CameraRotation,322.2083,265.309,358.1976,CurrentState,Approach1,Slider,33,Scenario,3
ID,26,Time,943.5351,DronePosition,-123.7907,45,-107.379,11.03116,CameraPosition,-103.1421,1.812059,-107.4735,CameraRotation,321.9731,265.4622,358.2213,CurrentState,Approach1,Slider,33,Scenario,3
ID,26,Time,943.5492,DronePosition,-123.6354,45,-107.379,11.03116,CameraPosition,-103.1415,1.812308,-107.4734,CameraRotation,321.6942,265.6407,358.261,CurrentState,Approach1,Slider,33,Scenario,3
ID,26,Time,943.563,DronePosition,-123.4829,45,-107.379,11.03116,CameraPosition,-103.1408,1.812628,-107.4733,CameraRotation,321.3576,265.7855,358.3612,CurrentState,Approach1,Slider,33,Scenario,3
ID,26,Time,943.5769,DronePosition,-123.3295,45,-107.379,11.03116,CameraPosition,-103.1399,1.812911,-107.4731,CameraRotation,320.9427,265.8917,358.5243,CurrentState,Approach1,Slider,33,Scenario,3
ID,26,Time,943.591,DronePosition,-123.1744,45,-107.379,11.03116,CameraPosition,-103.1389,1.813208,-107.4731,CameraRotation,320.5046,266.0282,358.6597,CurrentState,Approach1,Slider,33,Scenario,3
ID,26,Time,943.6048,DronePosition,-123.0218,45,-107.379,11.03116,CameraPosition,-103.1378,1.813463,-107.473,CameraRotation,320.0465,266.1602,358.7898,CurrentState,Approach1,Slider,33,Scenario,3
ID,26,Time,943.6187,DronePosition,-122.8684,45,-107.379,11.03116,CameraPosition,-103.1367,1.813725,-107.4728,CameraRotation,319.5994,266.2943,358.8983,CurrentState,Approach1,Slider,34,Scenario,3
ID,26,Time,943.6331,DronePosition,-122.7099,45,-107.379,11.03116,CameraPosition,-103.1354,1.814021,-107.4727,CameraRotation,319.171,266.4067,359.024,CurrentState,Approach1,Slider,34,Scenario,3
ID,26,Time,943.6468,DronePosition,-122.5591,45,-107.379,11.03116,CameraPosition,-103.1341,1.814361,-107.4726,CameraRotation,318.6346,266.5177,359.1761,CurrentState,Approach1,Slider,34,Scenario,3
ID,26,Time,943.6606,DronePosition,-122.406,45,-107.379,11.03116,CameraPosition,-103.1327,1.814654,-107.4725,CameraRotation,318.1118,266.6333,359.3152,CurrentState,Approach1,Slider,34,Scenario,3
ID,26,Time,943.6744,DronePosition,-122.2555,45,-107.379,10.96251,CameraPosition,-103.1313,1.814898,-107.4724,CameraRotation,317.6323,266.7789,359.4279,CurrentState,Approach1,Slider,34,Scenario,3
ID,26,Time,943.6885,DronePosition,-122.1013,45,-107.379,10.89175,CameraPosition,-103.1298,1.815153,-107.4722,CameraRotation,317.1519,266.9412,359.5029,CurrentState,Approach1,Slider,34,Scenario,3
ID,26,Time,943.7021,DronePosition,-121.9539,45,-107.379,10.82364,CameraPosition,-103.1283,1.815352,-107.4722,CameraRotation,316.5876,267.0876,359.5805,CurrentState,Approach1,Slider,34,Scenario,3
ID,26,Time,943.7162,DronePosition,-121.8031,45,-107.379,10.7535,CameraPosition,-103.1268,1.81548,-107.4721,CameraRotation,316.1003,267.2239,359.6371,CurrentState,Approach1,Slider,34,Scenario,3
ID,26,Time,943.7302,DronePosition,-121.6527,45,-107.379,10.68314,CameraPosition,-103.1253,1.815585,-107.4721,CameraRotation,315.6574,267.3182,359.7304,CurrentState,Approach1,Slider,34,Scenario,3
ID,26,Time,943.7442,DronePosition,-121.5046,45,-107.379,10.61338,CameraPosition,-103.1236,1.815699,-107.472,CameraRotation,315.1662,267.4026,359.8354,CurrentState,Approach1,Slider,34,Scenario,3
ID,26,Time,943.7581,DronePosition,-121.358,45,-107.379,10.54386,CameraPosition,-103.122,1.815855,-107.472,CameraRotation,314.6156,267.5013,359.9072,CurrentState,Approach1,Slider,34,Scenario,3
ID,26,Time,943.7721,DronePosition,-121.2113,45,-107.379,10.47382,CameraPosition,-103.1204,1.81599,-107.472,CameraRotation,314.0615,267.5508,359.9886,CurrentState,Approach1,Slider,34,Scenario,3
ID,26,Time,943.7859,DronePosition,-121.0671,45,-107.379,10.40453,CameraPosition,-103.1188,1.816144,-107.472,CameraRotation,313.5503,267.5409,0.09348509,CurrentState,Approach1,Slider,34,Scenario,3
ID,26,Time,943.7997,DronePosition,-120.9249,45,-107.379,10.33571,CameraPosition,-103.1172,1.816264,-107.472,CameraRotation,313.0408,267.4878,0.2242674,CurrentState,Approach1,Slider,34,Scenario,3
ID,26,Time,943.8138,DronePosition,-120.7801,45,-107.379,10.26516,CameraPosition,-103.1157,1.816355,-107.472,CameraRotation,312.5974,267.4191,0.3407882,CurrentState,Approach1,Slider,34,Scenario,3
ID,26,Time,943.8276,DronePosition,-120.6397,45,-107.379,10.19632,CameraPosition,-103.1142,1.816413,-107.4721,CameraRotation,312.1902,267.3221,0.4591956,CurrentState,Approach1,Slider,34,Scenario,3
ID,26,Time,943.842,DronePosition,-120.4943,45,-107.379,10.12453,CameraPosition,-103.1128,1.816431,-107.4722,CameraRotation,311.793,267.2255,0.5705802,CurrentState,Approach1,Slider,34,Scenario,3
ID,26,Time,943.8557,DronePosition,-120.356,45,-107.379,10.05575,CameraPosition,-103.1115,1.816431,-107.4723,CameraRotation,311.4571,267.1306,0.6656178,CurrentState,Approach1,Slider,34,Scenario,3
ID,26,Time,943.8693,DronePosition,-120.2207,45,-107.379,9.988057,CameraPosition,-103.1103,1.816424,-107.4724,CameraRotation,311.1326,267.0548,0.7417241,CurrentState,Approach1,Slider,34,Scenario,3
ID,26,Time,943.8835,DronePosition,-120.0794,45,-107.379,9.9168,CameraPosition,-103.1092,1.816384,-107.4725,CameraRotation,310.8231,266.9551,0.8542134,CurrentState,Approach1,Slider,34,Scenario,3
ID,26,Time,943.8974,DronePosition,-119.9429,45,-107.379,9.847501,CameraPosition,-103.108,1.816334,-107.4727,CameraRotation,310.5653,266.8531,0.9868782,CurrentState,Approach1,Slider,34,Scenario,3
ID,26,Time,943.9114,DronePosition,-119.806,45,-107.379,9.777458,CameraPosition,-103.1069,1.816284,-107.4728,CameraRotation,310.3502,266.7521,1.112303,CurrentState,Approach1,Slider,34,Scenario,3
ID,26,Time,943.9262,DronePosition,-119.6621,45,-107.379,9.703342,CameraPosition,-103.1059,1.816238,-107.4728,CameraRotation,310.1212,266.6647,1.244201,CurrentState,Approach1,Slider,34,Scenario,3
ID,26,Time,943.9392,DronePosition,-119.5368,45,-107.379,9.638312,CameraPosition,-103.105,1.816197,-107.4729,CameraRotation,309.8855,266.5754,1.366198,CurrentState,Approach1,Slider,34,Scenario,3
ID,26,Time,943.9531,DronePosition,-119.404,45,-107.379,9.568918,CameraPosition,-103.104,1.81613,-107.473,CameraRotation,309.6791,266.4682,1.486398,CurrentState,Approach1,Slider,34,Scenario,3
ID,26,Time,943.968,DronePosition,-119.2629,45,-107.379,9.494658,CameraPosition,-103.1032,1.816036,-107.4731,CameraRotation,309.517,266.3394,1.608742,CurrentState,Approach1,Slider,34,Scenario,3
ID,26,Time,943.9807,DronePosition,-119.1429,45,-107.379,9.430996,CameraPosition,-103.1024,1.815896,-107.4732,CameraRotation,309.4308,266.2009,1.721942,CurrentState,Approach1,Slider,34,Scenario,3
ID,26,Time,943.9948,DronePosition,-119.011,45,-107.379,9.360569,CameraPosition,-103.1018,1.815715,-107.4732,CameraRotation,309.4036,266.0625,1.813939,CurrentState,Approach1,Slider,34,Scenario,3
ID,26,Time,944.0089,DronePosition,-118.8801,45,-107.379,9.290124,CameraPosition,-103.1012,1.81558,-107.4733,CameraRotation,309.321,265.9417,1.89732,CurrentState,Approach1,Slider,34,Scenario,3
ID,26,Time,944.0228,DronePosition,-118.752,45,-107.379,9.220618,CameraPosition,-103.1006,1.815465,-107.4734,CameraRotation,309.2054,265.7952,2.001125,CurrentState,Approach1,Slider,34,Scenario,3
ID,26,Time,944.0368,DronePosition,-118.6231,45,-107.379,9.150226,CameraPosition,-103.1001,1.81538,-107.4734,CameraRotation,309.1348,265.6673,2.082359,CurrentState,Approach1,Slider,34,Scenario,3
ID,26,Time,944.0507,DronePosition,-118.4973,45,-107.379,9.080945,CameraPosition,-103.0996,1.81534,-107.4734,CameraRotation,309.0477,265.5528,2.145517,CurrentState,Approach1,Slider,34,Scenario,3
ID,26,Time,944.0645,DronePosition,-118.3727,45,-107.379,9.011813,CameraPosition,-103.0991,1.815361,-107.4733,CameraRotation,308.9258,265.4861,2.153974,CurrentState,Approach1,Slider,34,Scenario,3
ID,26,Time,944.0784,DronePosition,-118.249,45,-107.379,8.942646,CameraPosition,-103.0986,1.815393,-107.4732,CameraRotation,308.8133,265.4554,2.119414,CurrentState,Approach1,Slider,34,Scenario,3
ID,26,Time,944.0923,DronePosition,-118.1247,45,-107.379,8.872603,CameraPosition,-103.098,1.815432,-107.473,CameraRotation,308.7321,265.4466,2.074961,CurrentState,Approach1,Slider,34,Scenario,3
ID,26,Time,944.1062,DronePosition,-118.0029,45,-107.379,8.803391,CameraPosition,-103.0975,1.815485,-107.4729,CameraRotation,308.6654,265.4221,2.05677,CurrentState,Approach1,Slider,34,Scenario,3
ID,26,Time,944.1202,DronePosition,-117.8804,45,-107.379,8.733313,CameraPosition,-103.097,1.815518,-107.4727,CameraRotation,308.6082,265.3813,2.063151,CurrentState,Approach1,Slider,34,Scenario,3
ID,26,Time,944.134,DronePosition,-117.7606,45,-107.379,8.664149,CameraPosition,-103.0965,1.815479,-107.4726,CameraRotation,308.5698,265.3742,2.046242,CurrentState,Approach1,Slider,34,Scenario,3
ID,26,Time,944.1481,DronePosition,-117.6403,45,-107.379,8.594175,CameraPosition,-103.0962,1.81541,-107.4725,CameraRotation,308.5408,265.337,2.058114,CurrentState,Approach1,Slider,34,Scenario,3
ID,26,Time,944.1619,DronePosition,-117.5223,45,-107.379,8.524921,CameraPosition,-103.0958,1.81537,-107.4724,CameraRotation,308.4738,265.3123,2.066492,CurrentState,Approach1,Slider,34,Scenario,3
ID,26,Time,944.176,DronePosition,-117.4035,45,-107.379,8.454687,CameraPosition,-103.0955,1.815364,-107.4723,CameraRotation,308.3628,265.2812,2.074032,CurrentState,Approach1,Slider,34,Scenario,3
ID,26,Time,944.1898,DronePosition,-117.2873,45,-107.379,8.385385,CameraPosition,-103.0952,1.815369,-107.4723,CameraRotation,308.2478,265.2396,2.106163,CurrentState,Approach1,Slider,34,Scenario,3
ID,26,Time,944.2037,DronePosition,-117.1717,45,-107.379,8.315886,CameraPosition,-103.0949,1.815374,-107.4722,CameraRotation,308.1761,265.2034,2.115834,CurrentState,Approach1,Slider,34,Scenario,3
ID,26,Time,944.2175,DronePosition,-117.0575,45,-107.379,8.246636,CameraPosition,-103.0946,1.815367,-107.4721,CameraRotation,308.1335,265.1742,2.119383,CurrentState,Approach1,Slider,34,Scenario,3
ID,26,Time,944.2316,DronePosition,-116.9431,45,-107.379,8.176685,CameraPosition,-103.0943,1.81534,-107.4719,CameraRotation,308.0927,265.1639,2.082305,CurrentState,Approach1,Slider,34,Scenario,3
ID,26,Time,944.2455,DronePosition,-116.8297,45,-107.379,8.106767,CameraPosition,-103.094,1.815308,-107.4718,CameraRotation,308.0581,265.1656,2.060147,CurrentState,Approach1,Slider,34,Scenario,3
ID,26,Time,944.2599,DronePosition,-116.7145,45,-107.379,8.035105,CameraPosition,-103.0937,1.815307,-107.4717,CameraRotation,308.0033,265.1621,2.050868,CurrentState,Approach1,Slider,34,Scenario,3
ID,26,Time,944.2735,DronePosition,-116.6058,45,-107.379,7.966839,CameraPosition,-103.0934,1.815312,-107.4715,CameraRotation,307.9456,265.1436,2.055348,CurrentState,Approach1,Slider,34,Scenario,3
ID,26,Time,944.2872,DronePosition,-116.498,45,-107.379,7.898643,CameraPosition,-103.0931,1.815284,-107.4714,CameraRotation,307.8948,265.1392,2.012323,CurrentState,Approach1,Slider,34,Scenario,3
ID,26,Time,944.301,DronePosition,-116.3899,45,-107.379,7.82961,CameraPosition,-103.0929,1.815251,-107.4712,CameraRotation,307.8468,265.1549,1.960778,CurrentState,Approach1,Slider,34,Scenario,3
ID,26,Time,944.315,DronePosition,-116.2808,45,-107.379,7.759303,CameraPosition,-103.0926,1.815242,-107.4711,CameraRotation,307.7614,265.1437,1.943636,CurrentState,Approach1,Slider,34,Scenario,3
ID,26,Time,944.329,DronePosition,-116.1734,45,-107.379,7.689471,CameraPosition,-103.0923,1.815262,-107.471,CameraRotation,307.6794,265.11,1.94936,CurrentState,Approach1,Slider,34,Scenario,3
ID,26,Time,944.343,DronePosition,-116.0669,45,-107.379,7.619542,CameraPosition,-103.0921,1.815229,-107.4709,CameraRotation,307.6029,265.0758,1.949607,CurrentState,Approach1,Slider,34,Scenario,3
ID,26,Time,944.3569,DronePosition,-115.9619,45,-107.379,7.550054,CameraPosition,-103.0918,1.815142,-107.4708,CameraRotation,307.5902,265.0894,1.895742,CurrentState,Approach1,Slider,34,Scenario,3
ID,26,Time,944.3707,DronePosition,-115.8587,45,-107.379,7.481035,CameraPosition,-103.0917,1.815029,-107.4707,CameraRotation,307.6018,265.1284,1.842199,CurrentState,Approach1,Slider,34,Scenario,3
ID,26,Time,944.3845,DronePosition,-115.7566,45,-107.379,7.412159,CameraPosition,-103.0915,1.814945,-107.4706,CameraRotation,307.6125,265.1678,1.793598,CurrentState,Approach1,Slider,34,Scenario,3
ID,26,Time,944.3986,DronePosition,-115.6529,45,-107.379,7.341544,CameraPosition,-103.0912,1.814905,-107.4705,CameraRotation,307.5858,265.2075,1.744683,CurrentState,Approach1,Slider,34,Scenario,3
ID,26,Time,944.4127,DronePosition,-115.5507,45,-107.379,7.271243,CameraPosition,-103.091,1.814915,-107.4703,CameraRotation,307.5184,265.2451,1.708743,CurrentState,Approach1,Slider,34,Scenario,3
ID,26,Time,944.4264,DronePosition,-115.4517,45,-107.379,7.202569,CameraPosition,-103.0906,1.814943,-107.4702,CameraRotation,307.4701,265.2546,1.685451,CurrentState,Approach1,Slider,34,Scenario,3
ID,26,Time,944.4404,DronePosition,-115.3516,45,-107.379,7.132349,CameraPosition,-103.0904,1.814948,-107.4701,CameraRotation,307.4432,265.2523,1.679417,CurrentState,Approach1,Slider,34,Scenario,3
ID,26,Time,944.4543,DronePosition,-115.2533,45,-107.379,7.062817,CameraPosition,-103.0901,1.814906,-107.4701,CameraRotation,307.4425,265.2561,1.661069,CurrentState,Approach1,Slider,34,Scenario,3
ID,26,Time,944.4683,DronePosition,-115.156,45,-107.379,6.99321,CameraPosition,-103.0899,1.814864,-107.47,CameraRotation,307.433,265.2517,1.663103,CurrentState,Approach1,Slider,34,Scenario,3
ID,26,Time,944.4822,DronePosition,-115.0592,45,-107.379,6.923351,CameraPosition,-103.0897,1.81485,-107.4699,CameraRotation,307.4023,265.2706,1.631747,CurrentState,Approach1,Slider,34,Scenario,3
ID,26,Time,944.4963,DronePosition,-114.963,45,-107.379,6.8531,CameraPosition,-103.0895,1.814827,-107.4699,CameraRotation,307.3919,265.3071,1.585302,CurrentState,Approach1,Slider,34,Scenario,3
ID,26,Time,944.5099,DronePosition,-114.8705,45,-107.379,6.784986,CameraPosition,-103.0894,1.814789,-107.4698,CameraRotation,307.3846,265.3544,1.54799,CurrentState,Approach1,Slider,34,Scenario,3
ID,26,Time,944.5237,DronePosition,-114.7775,45,-107.379,6.715703,CameraPosition,-103.0892,1.814754,-107.4698,CameraRotation,307.3896,265.3976,1.506263,CurrentState,Approach1,Slider,36,Scenario,3
ID,26,Time,944.5379,DronePosition,-114.6834,45,-107.379,6.644887,CameraPosition,-103.0889,1.814754,-107.4698,CameraRotation,307.3861,265.4269,1.473663,CurrentState,Approach1,Slider,36,Scenario,3
ID,26,Time,944.5516,DronePosition,-114.5929,45,-107.379,6.576114,CameraPosition,-103.0887,1.814762,-107.4697,CameraRotation,307.3503,265.4485,1.449766,CurrentState,Approach1,Slider,36,Scenario,3
ID,26,Time,944.5657,DronePosition,-114.5017,45,-107.379,6.506013,CameraPosition,-103.0884,1.814763,-107.4697,CameraRotation,307.2947,265.4613,1.439552,CurrentState,Approach1,Slider,36,Scenario,3
ID,26,Time,944.5795,DronePosition,-114.4124,45,-107.379,6.436653,CameraPosition,-103.0881,1.814754,-107.4697,CameraRotation,307.2399,265.4528,1.443032,CurrentState,Approach1,Slider,36,Scenario,3
ID,26,Time,944.5934,DronePosition,-114.3243,45,-107.379,6.367467,CameraPosition,-103.0877,1.814755,-107.4697,CameraRotation,307.1939,265.4346,1.444133,CurrentState,Approach1,Slider,36,Scenario,3
ID,26,Time,944.6074,DronePosition,-114.2364,45,-107.379,6.297643,CameraPosition,-103.0874,1.814763,-107.4698,CameraRotation,307.1365,265.4367,1.433806,CurrentState,Approach1,Slider,36,Scenario,3
ID,26,Time,944.6216,DronePosition,-114.1478,45,-107.379,6.226563,CameraPosition,-103.0871,1.814731,-107.4698,CameraRotation,307.0715,265.4151,1.446002,CurrentState,Approach1,Slider,36,Scenario,3
ID,26,Time,944.6356,DronePosition,-114.0617,45,-107.379,6.15658,CameraPosition,-103.0868,1.814682,-107.4699,CameraRotation,307.0229,265.3793,1.474661,CurrentState,Approach1,Slider,36,Scenario,3
ID,26,Time,944.6492,DronePosition,-113.9783,45,-107.379,6.0881,CameraPosition,-103.0865,1.814628,-107.4699,CameraRotation,307.0085,265.3433,1.509323,CurrentState,Approach1,Slider,36,Scenario,3
ID,26,Time,944.6631,DronePosition,-113.8951,45,-107.379,6.019041,CameraPosition,-103.0864,1.814547,-107.47,CameraRotation,306.9942,265.3387,1.500569,CurrentState,Approach1,Slider,36,Scenario,3
ID,26,Time,944.6773,DronePosition,-113.8103,45,-107.379,5.947734,CameraPosition,-103.0862,1.814487,-107.4702,CameraRotation,306.9652,265.3269,1.484302,CurrentState,Approach1,Slider,36,Scenario,3
ID,26,Time,944.6911,DronePosition,-113.7292,45,-107.379,5.878746,CameraPosition,-103.086,1.814468,-107.4702,CameraRotation,306.9425,265.3086,1.48588,CurrentState,Approach1,Slider,36,Scenario,3
ID,26,Time,944.7048,DronePosition,-113.6497,45,-107.379,5.810346,CameraPosition,-103.0858,1.814455,-107.4703,CameraRotation,306.9337,265.2878,1.496807,CurrentState,Approach1,Slider,36,Scenario,3
ID,26,Time,944.7188,DronePosition,-113.5698,45,-107.379,5.740749,CameraPosition,-103.0857,1.814432,-107.4703,CameraRotation,306.9606,265.2734,1.517304,CurrentState,Approach1,Slider,36,Scenario,3
ID,26,Time,944.7327,DronePosition,-113.4906,45,-107.379,5.67087,CameraPosition,-103.0855,1.814431,-107.4704,CameraRotation,306.979,265.2775,1.519411,CurrentState,Approach1,Slider,36,Scenario,3
ID,26,Time,944.7466,DronePosition,-113.4126,45,-107.379,5.601259,CameraPosition,-103.0853,1.814488,-107.4704,CameraRotation,306.9604,265.2942,1.521297,CurrentState,Approach1,Slider,36,Scenario,3
ID,26,Time,944.7605,DronePosition,-113.3359,45,-107.379,5.531966,CameraPosition,-103.0851,1.814576,-107.4704,CameraRotation,306.935,265.3182,1.478575,CurrentState,Approach1,Slider,36,Scenario,3
ID,26,Time,944.7747,DronePosition,-113.2581,45,-107.379,5.460698,CameraPosition,-103.085,1.814601,-107.4705,CameraRotation,306.8964,265.3338,1.439301,CurrentState,Approach1,Slider,36,Scenario,3
ID,26,Time,944.7886,DronePosition,-113.1831,45,-107.379,5.391186,CameraPosition,-103.0849,1.814642,-107.4705,CameraRotation,306.8853,265.348,1.410406,CurrentState,Approach1,Slider,36,Scenario,3
ID,26,Time,944.8024,DronePosition,-113.1097,45,-107.379,5.322176,CameraPosition,-103.0848,1.81467,-107.4706,CameraRotation,306.9007,265.3347,1.41389,CurrentState,Approach1,Slider,36,Scenario,3
ID,26,Time,944.8163,DronePosition,-113.0371,45,-107.379,5.253112,CameraPosition,-103.0847,1.814656,-107.4708,CameraRotation,306.9357,265.2864,1.442238,CurrentState,Approach1,Slider,36,Scenario,3
ID,26,Time,944.8303,DronePosition,-112.9641,45,-107.379,5.182666,CameraPosition,-103.0847,1.814618,-107.471,CameraRotation,306.9639,265.2485,1.479553,CurrentState,Approach1,Slider,36,Scenario,3
ID,26,Time,944.8441,DronePosition,-112.894,45,-107.379,5.114119,CameraPosition,-103.0847,1.814602,-107.4712,CameraRotation,306.9808,265.2206,1.512749,CurrentState,Approach1,Slider,36,Scenario,3
ID,26,Time,944.8581,DronePosition,-112.8231,45,-107.379,5.043816,CameraPosition,-103.0846,1.814606,-107.4713,CameraRotation,306.9729,265.1823,1.544128,CurrentState,Approach1,Slider,36,Scenario,3
ID,26,Time,944.8719,DronePosition,-112.7545,45,-107.379,4.974919,CameraPosition,-103.0845,1.814597,-107.4714,CameraRotation,306.9539,265.1381,1.563383,CurrentState,Approach1,Slider,36,Scenario,3
ID,26,Time,944.8859,DronePosition,-112.6856,45,-107.379,4.904639,CameraPosition,-103.0845,1.81458,-107.4716,CameraRotation,306.9635,265.1053,1.582297,CurrentState,Approach1,Slider,36,Scenario,3
ID,26,Time,944.8997,DronePosition,-112.6189,45,-107.379,4.835743,CameraPosition,-103.0844,1.814579,-107.4717,CameraRotation,306.9861,265.0652,1.595984,CurrentState,Approach1,Slider,36,Scenario,3
ID,26,Time,944.9136,DronePosition,-112.553,45,-107.379,4.766582,CameraPosition,-103.0844,1.814614,-107.4718,CameraRotation,306.9972,265.0294,1.598621,CurrentState,Approach1,Slider,33,Scenario,3
ID,26,Time,944.929,DronePosition,-112.4808,45,-107.379,4.689641,CameraPosition,-103.0843,1.814644,-107.472,CameraRotation,306.9979,264.9842,1.611203,CurrentState,Approach1,Slider,33,Scenario,3
ID,26,Time,944.9415,DronePosition,-112.4227,45,-107.379,4.626827,CameraPosition,-103.0842,1.814635,-107.4721,CameraRotation,307.022,264.9186,1.651146,CurrentState,Approach1,Slider,33,Scenario,3
ID,26,Time,944.9556,DronePosition,-112.3585,45,-107.379,4.556361,CameraPosition,-103.0842,1.814645,-107.4723,CameraRotation,307.0401,264.8652,1.704111,CurrentState,Approach1,Slider,33,Scenario,3
ID,26,Time,944.9708,DronePosition,-112.2902,45,-107.379,4.480126,CameraPosition,-103.0842,1.814674,-107.4725,CameraRotation,307.0375,264.8297,1.730418,CurrentState,Approach1,Slider,33,Scenario,3
ID,26,Time,944.9833,DronePosition,-112.2349,45,-107.379,4.41761,CameraPosition,-103.0842,1.814684,-107.4727,CameraRotation,306.9993,264.8307,1.721867,CurrentState,Approach1,Slider,33,Scenario,3
ID,26,Time,944.9971,DronePosition,-112.1751,45,-107.379,4.348831,CameraPosition,-103.0843,1.814689,-107.4729,CameraRotation,306.9923,264.8503,1.709971,CurrentState,Approach1,Slider,33,Scenario,3
ID,26,Time,945.0109,DronePosition,-112.1161,45,-107.379,4.27986,CameraPosition,-103.0843,1.8147,-107.473,CameraRotation,306.994,264.878,1.703827,CurrentState,Approach1,Slider,33,Scenario,3
ID,26,Time,945.0248,DronePosition,-112.0574,45,-107.379,4.210102,CameraPosition,-103.0843,1.814712,-107.4732,CameraRotation,306.9987,264.8805,1.723968,CurrentState,Approach1,Slider,30,Scenario,3
ID,26,Time,945.0388,DronePosition,-111.9995,45,-107.379,4.140287,CameraPosition,-103.0844,1.814729,-107.4733,CameraRotation,307.0124,264.8866,1.725714,CurrentState,Approach1,Slider,30,Scenario,3
ID,26,Time,945.0527,DronePosition,-111.9429,45,-107.379,4.070733,CameraPosition,-103.0844,1.814765,-107.4735,CameraRotation,306.9976,264.9063,1.694883,CurrentState,Approach1,Slider,30,Scenario,3
ID,26,Time,945.0667,DronePosition,-111.8873,45,-107.379,4.001193,CameraPosition,-103.0843,1.814799,-107.4736,CameraRotation,306.9995,264.8932,1.695444,CurrentState,Approach1,Slider,30,Scenario,3
ID,26,Time,945.0807,DronePosition,-111.8319,45,-107.379,3.930789,CameraPosition,-103.0844,1.814821,-107.4737,CameraRotation,306.9945,264.8815,1.706321,CurrentState,Approach1,Slider,30,Scenario,3
ID,26,Time,945.0947,DronePosition,-111.7779,45,-107.379,3.860829,CameraPosition,-103.0844,1.814802,-107.4739,CameraRotation,306.9914,264.8469,1.733537,CurrentState,Approach1,Slider,30,Scenario,3
ID,26,Time,945.1086,DronePosition,-111.7251,45,-107.379,3.791169,CameraPosition,-103.0844,1.814799,-107.4741,CameraRotation,306.9867,264.8241,1.750306,CurrentState,Approach1,Slider,30,Scenario,3
ID,26,Time,945.1223,DronePosition,-111.6743,45,-107.379,3.722961,CameraPosition,-103.0845,1.814812,-107.4742,CameraRotation,306.9833,264.8208,1.761915,CurrentState,Approach1,Slider,27,Scenario,3
ID,26,Time,945.1363,DronePosition,-111.6231,45,-107.379,3.652835,CameraPosition,-103.0846,1.814787,-107.4744,CameraRotation,306.9763,264.8196,1.771519,CurrentState,Approach1,Slider,27,Scenario,3
ID,26,Time,945.1501,DronePosition,-111.5735,45,-107.379,3.583693,CameraPosition,-103.0848,1.814745,-107.4746,CameraRotation,306.9684,264.8214,1.773056,CurrentState,Approach1,Slider,27,Scenario,3
ID,26,Time,945.1643,DronePosition,-111.5237,45,-107.379,3.512862,CameraPosition,-103.085,1.814712,-107.4748,CameraRotation,306.9628,264.8145,1.78156,CurrentState,Approach1,Slider,27,Scenario,3
ID,26,Time,945.178,DronePosition,-111.4766,45,-107.379,3.444401,CameraPosition,-103.0851,1.814726,-107.475,CameraRotation,306.9832,264.7979,1.798123,CurrentState,Approach1,Slider,27,Scenario,3
ID,26,Time,945.192,DronePosition,-111.4293,45,-107.379,3.37431,CameraPosition,-103.0853,1.81473,-107.4752,CameraRotation,306.9922,264.7612,1.827047,CurrentState,Approach1,Slider,27,Scenario,3
ID,26,Time,945.2061,DronePosition,-111.3826,45,-107.379,3.303698,CameraPosition,-103.0855,1.814739,-107.4753,CameraRotation,307.0089,264.7469,1.833636,CurrentState,Approach1,Slider,27,Scenario,3
ID,26,Time,945.2202,DronePosition,-111.3372,45,-107.379,3.233502,CameraPosition,-103.0856,1.814758,-107.4754,CameraRotation,307.0395,264.7461,1.828534,CurrentState,Approach1,Slider,25,Scenario,3
ID,26,Time,945.2339,DronePosition,-111.2939,45,-107.379,3.165007,CameraPosition,-103.0858,1.81479,-107.4755,CameraRotation,307.0617,264.7692,1.805446,CurrentState,Approach1,Slider,25,Scenario,3
ID,26,Time,945.2478,DronePosition,-111.2508,45,-107.379,3.095523,CameraPosition,-103.086,1.814806,-107.4756,CameraRotation,307.0818,264.7732,1.804264,CurrentState,Approach1,Slider,25,Scenario,3
ID,26,Time,945.262,DronePosition,-111.2079,45,-107.379,3.024598,CameraPosition,-103.0862,1.814817,-107.4757,CameraRotation,307.1039,264.7965,1.792261,CurrentState,Approach1,Slider,25,Scenario,3
ID,26,Time,945.2757,DronePosition,-111.1673,45,-107.379,2.955862,CameraPosition,-103.0864,1.814821,-107.4758,CameraRotation,307.143,264.8134,1.777075,CurrentState,Approach1,Slider,25,Scenario,3
ID,26,Time,945.2896,DronePosition,-111.1271,45,-107.379,2.88631,CameraPosition,-103.0866,1.814826,-107.4759,CameraRotation,307.1729,264.8439,1.757053,CurrentState,Approach1,Slider,25,Scenario,3
ID,26,Time,945.3038,DronePosition,-111.0873,45,-107.379,2.815523,CameraPosition,-103.0868,1.814734,-107.4761,CameraRotation,307.1798,264.8486,1.767928,CurrentState,Approach1,Slider,25,Scenario,3
ID,26,Time,945.3176,DronePosition,-111.0493,45,-107.379,2.746301,CameraPosition,-103.0871,1.81463,-107.4763,CameraRotation,307.1835,264.8528,1.780012,CurrentState,Approach1,Slider,23,Scenario,3
ID,26,Time,945.3314,DronePosition,-111.0123,45,-107.379,2.677274,CameraPosition,-103.0873,1.814603,-107.4764,CameraRotation,307.1962,264.8548,1.788416,CurrentState,Approach1,Slider,23,Scenario,3
ID,26,Time,945.3453,DronePosition,-110.9762,45,-107.379,2.608089,CameraPosition,-103.0875,1.814575,-107.4765,CameraRotation,307.2374,264.863,1.789846,CurrentState,Approach1,Slider,23,Scenario,3
ID,26,Time,945.3592,DronePosition,-110.9408,45,-107.379,2.538411,CameraPosition,-103.0877,1.814574,-107.4766,CameraRotation,307.2639,264.8946,1.751632,CurrentState,Approach1,Slider,23,Scenario,3
ID,26,Time,945.373,DronePosition,-110.9066,45,-107.379,2.469107,CameraPosition,-103.0878,1.814597,-107.4767,CameraRotation,307.2589,264.9191,1.735013,CurrentState,Approach1,Slider,23,Scenario,3
ID,26,Time,945.387,DronePosition,-110.873,45,-107.379,2.399144,CameraPosition,-103.0879,1.814621,-107.4766,CameraRotation,307.2549,264.9291,1.749367,CurrentState,Approach1,Slider,23,Scenario,3
ID,26,Time,945.4009,DronePosition,-110.8407,45,-107.379,2.329776,CameraPosition,-103.0881,1.814615,-107.4766,CameraRotation,307.2785,264.9276,1.769619,CurrentState,Approach1,Slider,23,Scenario,3
ID,26,Time,945.415,DronePosition,-110.8089,45,-107.379,2.259332,CameraPosition,-103.0883,1.814586,-107.4767,CameraRotation,307.3306,264.9523,1.771504,CurrentState,Approach1,Slider,23,Scenario,3
ID,26,Time,945.4288,DronePosition,-110.7788,45,-107.379,2.190577,CameraPosition,-103.0885,1.814566,-107.4767,CameraRotation,307.3459,265.0161,1.733777,CurrentState,Approach1,Slider,22,Scenario,3
ID,26,Time,945.4427,DronePosition,-110.749,45,-107.379,2.120497,CameraPosition,-103.0886,1.814566,-107.4767,CameraRotation,307.3425,265.0918,1.675915,CurrentState,Approach1,Slider,22,Scenario,3
ID,26,Time,945.4571,DronePosition,-110.7197,45,-107.379,2.048943,CameraPosition,-103.0889,1.814551,-107.4768,CameraRotation,307.3274,265.215,1.583086,CurrentState,Approach1,Slider,22,Scenario,3
ID,26,Time,945.4706,DronePosition,-110.693,45,-107.379,1.981482,CameraPosition,-103.0891,1.81452,-107.4768,CameraRotation,307.313,265.3411,1.498021,CurrentState,Approach1,Slider,22,Scenario,3
ID,26,Time,945.4845,DronePosition,-110.6664,45,-107.379,1.911848,CameraPosition,-103.0893,1.814491,-107.4769,CameraRotation,307.3078,265.4279,1.465143,CurrentState,Approach1,Slider,22,Scenario,3
ID,26,Time,945.4983,DronePosition,-110.6409,45,-107.379,1.842837,CameraPosition,-103.0895,1.814483,-107.4769,CameraRotation,307.3206,265.483,1.455896,CurrentState,Approach1,Slider,22,Scenario,3
ID,26,Time,945.5127,DronePosition,-110.6155,45,-107.379,1.77103,CameraPosition,-103.0897,1.814453,-107.477,CameraRotation,307.3535,265.4635,1.474603,CurrentState,Approach1,Slider,22,Scenario,3
ID,26,Time,945.5264,DronePosition,-110.5921,45,-107.379,1.702264,CameraPosition,-103.0899,1.814434,-107.4771,CameraRotation,307.3788,265.375,1.5154,CurrentState,Approach1,Slider,20,Scenario,3
ID,26,Time,945.5402,DronePosition,-110.5695,45,-107.379,1.633203,CameraPosition,-103.09,1.814471,-107.4772,CameraRotation,307.3895,265.2297,1.597197,CurrentState,Approach1,Slider,20,Scenario,3
ID,26,Time,945.5542,DronePosition,-110.5477,45,-107.379,1.563292,CameraPosition,-103.09,1.814554,-107.4773,CameraRotation,307.3629,265.1147,1.660534,CurrentState,Approach1,Slider,20,Scenario,3
ID,26,Time,945.5681,DronePosition,-110.5269,45,-107.379,1.493958,CameraPosition,-103.09,1.814597,-107.4773,CameraRotation,307.3456,265.068,1.676599,CurrentState,Approach1,Slider,20,Scenario,3
ID,26,Time,945.582,DronePosition,-110.5072,45,-107.379,1.424614,CameraPosition,-103.0902,1.814619,-107.4773,CameraRotation,307.3423,265.0688,1.667174,CurrentState,Approach1,Slider,20,Scenario,3
ID,26,Time,945.5959,DronePosition,-110.4883,45,-107.379,1.355104,CameraPosition,-103.0903,1.814614,-107.4773,CameraRotation,307.3322,265.084,1.656986,CurrentState,Approach1,Slider,20,Scenario,3
ID,26,Time,945.6097,DronePosition,-110.4705,45,-107.379,1.2856,CameraPosition,-103.0904,1.814589,-107.4774,CameraRotation,307.3371,265.1378,1.626339,CurrentState,Approach1,Slider,20,Scenario,3
ID,26,Time,945.6238,DronePosition,-110.4534,45,-107.379,1.215247,CameraPosition,-103.0905,1.814509,-107.4774,CameraRotation,307.3339,265.2155,1.586529,CurrentState,Approach1,Slider,18,Scenario,3
ID,26,Time,945.6381,DronePosition,-110.4371,45,-107.379,1.144135,CameraPosition,-103.0907,1.814442,-107.4774,CameraRotation,307.3477,265.3214,1.53025,CurrentState,Approach1,Slider,18,Scenario,3
ID,26,Time,945.6514,DronePosition,-110.4227,45,-107.379,1.077197,CameraPosition,-103.0908,1.814454,-107.4774,CameraRotation,307.3416,265.3864,1.512398,CurrentState,Approach1,Slider,18,Scenario,3
ID,26,Time,945.6655,DronePosition,-110.4085,45,-107.379,1.006864,CameraPosition,-103.0909,1.814509,-107.4774,CameraRotation,307.3092,265.4326,1.526781,CurrentState,Approach1,Slider,18,Scenario,3
ID,26,Time,945.6797,DronePosition,-110.3953,45,-107.379,0.9360619,CameraPosition,-103.091,1.81454,-107.4774,CameraRotation,307.2697,265.4624,1.516517,CurrentState,Approach1,Slider,18,Scenario,3
ID,26,Time,945.6934,DronePosition,-110.3834,45,-107.379,0.8677214,CameraPosition,-103.0912,1.814569,-107.4774,CameraRotation,307.2756,265.4988,1.477833,CurrentState,Approach1,Slider,18,Scenario,3
ID,26,Time,945.7072,DronePosition,-110.3723,45,-107.379,0.7982579,CameraPosition,-103.0913,1.814597,-107.4773,CameraRotation,307.2972,265.5066,1.460948,CurrentState,Approach1,Slider,18,Scenario,3
ID,26,Time,945.7216,DronePosition,-110.3619,45,-107.379,0.7263439,CameraPosition,-103.0915,1.814613,-107.4772,CameraRotation,307.3165,265.5016,1.462469,CurrentState,Approach1,Slider,17,Scenario,3
ID,26,Time,945.735,DronePosition,-110.353,45,-107.379,0.6594189,CameraPosition,-103.0916,1.814622,-107.4772,CameraRotation,307.3237,265.4957,1.467875,CurrentState,Approach1,Slider,17,Scenario,3
ID,26,Time,945.749,DronePosition,-110.3448,45,-107.379,0.5896444,CameraPosition,-103.0918,1.814657,-107.4772,CameraRotation,307.3161,265.5048,1.456567,CurrentState,Approach1,Slider,17,Scenario,3
ID,26,Time,945.7632,DronePosition,-110.3374,45,-107.379,0.5185904,CameraPosition,-103.092,1.814689,-107.4772,CameraRotation,307.3092,265.5361,1.443663,CurrentState,Approach1,Slider,17,Scenario,3
ID,26,Time,945.7773,DronePosition,-110.3301,45,-107.379,0.5185904,CameraPosition,-103.0922,1.81469,-107.4772,CameraRotation,307.3192,265.5737,1.415448,CurrentState,Hover1,Slider,17,Scenario,3
ID,26,Time,945.7908,DronePosition,-110.3301,45,-107.379,0,CameraPosition,-103.0924,1.814675,-107.4774,CameraRotation,307.3467,265.6042,1.38818,CurrentState,Hover1,Slider,17,Scenario,3
ID,26,Time,945.805,DronePosition,-110.3301,45,-107.379,0,CameraPosition,-103.0927,1.814675,-107.4774,CameraRotation,307.3484,265.6175,1.373464,CurrentState,Hover1,Slider,17,Scenario,3
ID,26,Time,945.8187,DronePosition,-110.3301,45,-107.379,0,CameraPosition,-103.0929,1.814708,-107.4774,CameraRotation,307.3297,265.6261,1.378153,CurrentState,Hover1,Slider,16,Scenario,3
ID,26,Time,945.8328,DronePosition,-110.3301,45,-107.379,0,CameraPosition,-103.0931,1.814742,-107.4774,CameraRotation,307.2977,265.6189,1.401119,CurrentState,Hover1,Slider,16,Scenario,3
ID,26,Time,945.8464,DronePosition,-110.3301,45,-107.379,0,CameraPosition,-103.0933,1.81476,-107.4775,CameraRotation,307.3116,265.603,1.431401,CurrentState,Hover1,Slider,16,Scenario,3
ID,26,Time,945.8608,DronePosition,-110.3301,45,-107.379,0,CameraPosition,-103.0935,1.814777,-107.4774,CameraRotation,307.3349,265.5996,1.432506,CurrentState,Hover1,Slider,16,Scenario,3
ID,26,Time,945.8745,DronePosition,-110.3301,45,-107.379,0,CameraPosition,-103.0938,1.814814,-107.4774,CameraRotation,307.367,265.6281,1.412438,CurrentState,Hover1,Slider,16,Scenario,3
ID,26,Time,945.8883,DronePosition,-110.3301,45,-107.379,0,CameraPosition,-103.0939,1.814851,-107.4773,CameraRotation,307.3992,265.6556,1.396486,CurrentState,Hover1,Slider,16,Scenario,3
ID,26,Time,945.902,DronePosition,-110.3301,45,-107.379,0,CameraPosition,-103.0942,1.814884,-107.4773,CameraRotation,307.4119,265.6852,1.375566,CurrentState,Hover1,Slider,16,Scenario,3
ID,26,Time,945.9163,DronePosition,-110.3301,45,-107.379,0,CameraPosition,-103.0945,1.814924,-107.4773,CameraRotation,307.4051,265.7134,1.360752,CurrentState,Hover1,Slider,15,Scenario,3
ID,26,Time,945.9303,DronePosition,-110.3301,45,-107.379,0,CameraPosition,-103.0947,1.814951,-107.4773,CameraRotation,307.3982,265.7285,1.34421,CurrentState,Hover1,Slider,15,Scenario,3
ID,26,Time,945.9445,DronePosition,-110.3301,45,-107.379,0,CameraPosition,-103.095,1.814916,-107.4773,CameraRotation,307.4142,265.7532,1.32761,CurrentState,Hover1,Slider,15,Scenario,3
ID,26,Time,945.9583,DronePosition,-110.3301,45,-107.379,0,CameraPosition,-103.0953,1.814854,-107.4773,CameraRotation,307.4412,265.7681,1.307564,CurrentState,Hover1,Slider,15,Scenario,3
ID,26,Time,945.9741,DronePosition,-110.3301,45,-107.379,0,CameraPosition,-103.0956,1.814824,-107.4773,CameraRotation,307.4607,265.7753,1.281747,CurrentState,Hover1,Slider,15,Scenario,3
ID,26,Time,945.9857,DronePosition,-110.3301,45,-107.379,0,CameraPosition,-103.0959,1.81485,-107.4773,CameraRotation,307.4598,265.8032,1.251759,CurrentState,Hover1,Slider,15,Scenario,3
ID,26,Time,945.9994,DronePosition,-110.3301,45,-107.379,0,CameraPosition,-103.0962,1.814874,-107.4773,CameraRotation,307.4628,265.8124,1.231963,CurrentState,Hover1,Slider,15,Scenario,3
ID,26,Time,946.0134,DronePosition,-110.3301,45,-107.379,0,CameraPosition,-103.0965,1.814882,-107.4772,CameraRotation,307.4857,265.8307,1.214157,CurrentState,Hover1,Slider,15,Scenario,3
ID,26,Time,946.0273,DronePosition,-110.3301,45,-107.379,0,CameraPosition,-103.0967,1.814882,-107.4771,CameraRotation,307.5167,265.8467,1.202629,CurrentState,Hover1,Slider,14,Scenario,3
ID,26,Time,946.0411,DronePosition,-110.3301,45,-107.379,0,CameraPosition,-103.097,1.814872,-107.4771,CameraRotation,307.5373,265.8623,1.203742,CurrentState,Hover1,Slider,14,Scenario,3
ID,26,Time,946.0554,DronePosition,-110.3301,45,-107.379,0,CameraPosition,-103.0973,1.814864,-107.477,CameraRotation,307.5615,265.8763,1.188178,CurrentState,Hover1,Slider,14,Scenario,3
ID,26,Time,946.069,DronePosition,-110.3301,45,-107.379,0,CameraPosition,-103.0976,1.814868,-107.477,CameraRotation,307.5704,265.8857,1.182866,CurrentState,Hover1,Slider,14,Scenario,3
ID,26,Time,946.083,DronePosition,-110.3301,45,-107.379,0,CameraPosition,-103.098,1.814889,-107.4771,CameraRotation,307.5734,265.8651,1.199397,CurrentState,Hover1,Slider,14,Scenario,3
ID,26,Time,946.0971,DronePosition,-110.3301,45,-107.379,0,CameraPosition,-103.0984,1.814878,-107.4771,CameraRotation,307.6084,265.8241,1.233132,CurrentState,Hover1,Slider,14,Scenario,3
ID,26,Time,946.111,DronePosition,-110.3301,45,-107.379,0,CameraPosition,-103.0988,1.814862,-107.4772,CameraRotation,307.6676,265.7808,1.260833,CurrentState,Hover1,Slider,14,Scenario,3
ID,26,Time,946.1249,DronePosition,-110.3301,45,-107.379,0,CameraPosition,-103.0992,1.814867,-107.4772,CameraRotation,307.6879,265.7904,1.220511,CurrentState,Hover1,Slider,14,Scenario,3
ID,26,Time,946.1391,DronePosition,-110.3301,45,-107.379,0,CameraPosition,-103.0996,1.814877,-107.4772,CameraRotation,307.7146,265.8157,1.173946,CurrentState,Hover1,Slider,14,Scenario,3
ID,26,Time,946.1526,DronePosition,-110.3301,45,-107.379,0,CameraPosition,-103.1,1.8149,-107.4771,CameraRotation,307.7407,265.8562,1.099208,CurrentState,Hover1,Slider,14,Scenario,3
ID,26,Time,946.1666,DronePosition,-110.3301,45,-107.379,0,CameraPosition,-103.1004,1.814932,-107.4771,CameraRotation,307.7505,265.8692,1.057674,CurrentState,Hover1,Slider,14,Scenario,3
ID,26,Time,946.1806,DronePosition,-110.3301,45,-107.379,0,CameraPosition,-103.1008,1.814994,-107.477,CameraRotation,307.7842,265.8455,1.077488,CurrentState,Hover1,Slider,14,Scenario,3
ID,26,Time,946.1945,DronePosition,-110.3301,45,-107.379,0,CameraPosition,-103.1012,1.81504,-107.4769,CameraRotation,307.856,265.8442,1.068763,CurrentState,Hover1,Slider,14,Scenario,3
ID,26,Time,946.2082,DronePosition,-110.3301,45,-107.379,0,CameraPosition,-103.1017,1.815044,-107.4769,CameraRotation,307.9458,265.8356,1.072388,CurrentState,Hover1,Slider,14,Scenario,3
ID,26,Time,946.2223,DronePosition,-110.3301,45,-107.379,0,CameraPosition,-103.1021,1.815037,-107.4769,CameraRotation,308.0306,265.8497,1.03891,CurrentState,Hover1,Slider,14,Scenario,3
ID,26,Time,946.2365,DronePosition,-110.3301,45,-107.379,0,CameraPosition,-103.1026,1.815033,-107.4768,CameraRotation,308.1242,265.8703,1.001971,CurrentState,Hover1,Slider,14,Scenario,3
ID,26,Time,946.2502,DronePosition,-110.3301,45,-107.379,0,CameraPosition,-103.1031,1.815018,-107.4768,CameraRotation,308.219,265.8682,0.9670595,CurrentState,Hover1,Slider,14,Scenario,3
ID,26,Time,946.2642,DronePosition,-110.3301,45,-107.379,0,CameraPosition,-103.1036,1.81493,-107.4769,CameraRotation,308.303,265.8638,0.9395198,CurrentState,Hover1,Slider,14,Scenario,3
ID,26,Time,946.278,DronePosition,-110.3301,45,-107.379,0,CameraPosition,-103.1041,1.814852,-107.4769,CameraRotation,308.3826,265.8554,0.9042898,CurrentState,Hover1,Slider,14,Scenario,3
ID,26,Time,946.292,DronePosition,-110.3301,45,-107.379,0,CameraPosition,-103.1046,1.81482,-107.4769,CameraRotation,308.4462,265.8391,0.8606704,CurrentState,Hover1,Slider,14,Scenario,3
ID,26,Time,946.3058,DronePosition,-110.3301,45,-107.379,0,CameraPosition,-103.105,1.814803,-107.4769,CameraRotation,308.5155,265.8341,0.8225255,CurrentState,Hover1,Slider,14,Scenario,3
ID,26,Time,946.3201,DronePosition,-110.3301,45,-107.379,0,CameraPosition,-103.1054,1.814762,-107.4769,CameraRotation,308.5666,265.844,0.7855952,CurrentState,Hover1,Slider,14,Scenario,3
ID,26,Time,946.3339,DronePosition,-110.3301,45,-107.379,0,CameraPosition,-103.1057,1.814749,-107.4769,CameraRotation,308.6296,265.8581,0.7739925,CurrentState,Hover1,Slider,14,Scenario,3
ID,26,Time,946.348,DronePosition,-110.3301,45,-107.379,0,CameraPosition,-103.106,1.814768,-107.4768,CameraRotation,308.6618,265.8701,0.7688535,CurrentState,Hover1,Slider,14,Scenario,3
ID,26,Time,946.3618,DronePosition,-110.3301,45,-107.379,0,CameraPosition,-103.1062,1.814818,-107.4768,CameraRotation,308.691,265.8875,0.7568582,CurrentState,Hover1,Slider,14,Scenario,3
ID,26,Time,946.3757,DronePosition,-110.3301,45,-107.379,0,CameraPosition,-103.1065,1.814784,-107.4768,CameraRotation,308.7212,265.8972,0.7452961,CurrentState,Hover1,Slider,14,Scenario,3
ID,26,Time,946.3897,DronePosition,-110.3301,45,-107.379,0,CameraPosition,-103.1067,1.814746,-107.4769,CameraRotation,308.7714,265.9183,0.7200739,CurrentState,Hover1,Slider,14,Scenario,3
ID,26,Time,946.4032,DronePosition,-110.3301,45,-107.379,0,CameraPosition,-103.107,1.81471,-107.477,CameraRotation,308.811,265.9302,0.7113882,CurrentState,Hover1,Slider,14,Scenario,3
ID,26,Time,946.4173,DronePosition,-110.3301,45,-107.379,0,CameraPosition,-103.1072,1.814655,-107.4771,CameraRotation,308.8496,265.9066,0.7334595,CurrentState,Hover1,Slider,14,Scenario,3
ID,26,Time,946.4312,DronePosition,-110.3301,45,-107.379,0,CameraPosition,-103.1074,1.814611,-107.4772,CameraRotation,308.8784,265.885,0.7518796,CurrentState,Hover1,Slider,14,Scenario,3
ID,26,Time,946.4451,DronePosition,-110.3301,45,-107.379,0,CameraPosition,-103.1076,1.814578,-107.4774,CameraRotation,308.9013,265.8575,0.7504931,CurrentState,Hover1,Slider,14,Scenario,3
ID,26,Time,946.4592,DronePosition,-110.3301,45,-107.379,0,CameraPosition,-103.1078,1.814552,-107.4775,CameraRotation,308.9311,265.8268,0.7516368,CurrentState,Hover1,Slider,14,Scenario,3
ID,26,Time,946.4733,DronePosition,-110.3301,45,-107.379,0,CameraPosition,-103.1079,1.814523,-107.4776,CameraRotation,308.9914,265.7929,0.752252,CurrentState,Hover1,Slider,14,Scenario,3
ID,26,Time,946.487,DronePosition,-110.3301,45,-107.379,0,CameraPosition,-103.108,1.814501,-107.4778,CameraRotation,309.0604,265.7365,0.776921,CurrentState,Hover1,Slider,14,Scenario,3
ID,26,Time,946.5009,DronePosition,-110.3301,45,-107.379,0,CameraPosition,-103.1081,1.814577,-107.4778,CameraRotation,309.0809,265.6958,0.8126799,CurrentState,Hover1,Slider,14,Scenario,3
ID,26,Time,946.5148,DronePosition,-110.3301,45,-107.379,0,CameraPosition,-103.1082,1.814702,-107.4778,CameraRotation,309.0542,265.6556,0.873051,CurrentState,Hover1,Slider,14,Scenario,3
ID,26,Time,946.5289,DronePosition,-110.3301,45,-107.379,0,CameraPosition,-103.1082,1.814784,-107.4779,CameraRotation,309.0151,265.6409,0.9036766,CurrentState,Hover1,Slider,14,Scenario,3
ID,26,Time,946.5428,DronePosition,-110.3301,45,-107.379,0,CameraPosition,-103.1083,1.814791,-107.478,CameraRotation,308.9992,265.6222,0.9359428,CurrentState,Hover1,Slider,14,Scenario,3
ID,26,Time,946.5568,DronePosition,-110.3301,45,-107.379,0,CameraPosition,-103.1084,1.814773,-107.4781,CameraRotation,309.0161,265.6245,0.9277619,CurrentState,Hover1,Slider,14,Scenario,3
ID,26,Time,946.5706,DronePosition,-110.3301,45,-107.379,0,CameraPosition,-103.1085,1.814743,-107.4782,CameraRotation,309.039,265.6623,0.8957867,CurrentState,Hover1,Slider,14,Scenario,3
ID,26,Time,946.5844,DronePosition,-110.3301,45,-107.379,0,CameraPosition,-103.1086,1.814717,-107.4783,CameraRotation,309.042,265.679,0.8813717,CurrentState,Hover1,Slider,14,Scenario,3
ID,26,Time,946.5982,DronePosition,-110.3301,45,-107.379,0,CameraPosition,-103.1087,1.814737,-107.4784,CameraRotation,309.0214,265.7058,0.8756773,CurrentState,Hover1,Slider,14,Scenario,3
ID,26,Time,946.6122,DronePosition,-110.3301,45,-107.379,0,CameraPosition,-103.1087,1.814796,-107.4785,CameraRotation,308.9776,265.7162,0.869532,CurrentState,Hover1,Slider,14,Scenario,3
ID,26,Time,946.6265,DronePosition,-110.3301,45,-107.379,0,CameraPosition,-103.1087,1.814847,-107.4786,CameraRotation,308.9752,265.7123,0.8699555,CurrentState,Hover1,Slider,14,Scenario,3
ID,26,Time,946.6404,DronePosition,-110.3301,45,-107.379,0,CameraPosition,-103.1088,1.814877,-107.4788,CameraRotation,308.9827,265.7002,0.864034,CurrentState,Hover1,Slider,14,Scenario,3
ID,26,Time,946.6541,DronePosition,-110.3301,45,-107.379,0,CameraPosition,-103.1088,1.814916,-107.4789,CameraRotation,309.0281,265.6629,0.8703054,CurrentState,Hover1,Slider,14,Scenario,3
ID,26,Time,946.668,DronePosition,-110.3301,45,-107.379,0,CameraPosition,-103.1089,1.814967,-107.479,CameraRotation,309.0521,265.6154,0.892852,CurrentState,Hover1,Slider,14,Scenario,3
ID,26,Time,946.6818,DronePosition,-110.3301,45,-107.379,0,CameraPosition,-103.109,1.815023,-107.479,CameraRotation,309.0817,265.5886,0.9013168,CurrentState,Hover1,Slider,14,Scenario,3
ID,26,Time,946.6958,DronePosition,-110.3301,45,-107.379,0,CameraPosition,-103.1089,1.81502,-107.4792,CameraRotation,309.1007,265.5564,0.9169506,CurrentState,Hover1,Slider,14,Scenario,3
ID,26,Time,946.7098,DronePosition,-110.3301,45,-107.379,0,CameraPosition,-103.1089,1.815023,-107.4793,CameraRotation,309.1075,265.5275,0.9377578,CurrentState,Hover1,Slider,14,Scenario,3
ID,26,Time,946.7236,DronePosition,-110.3301,45,-107.379,0,CameraPosition,-103.1088,1.815034,-107.4795,CameraRotation,309.1014,265.498,0.970429,CurrentState,Hover1,Slider,14,Scenario,3
ID,26,Time,946.7375,DronePosition,-110.3301,45,-107.379,0,CameraPosition,-103.1087,1.815035,-107.4797,CameraRotation,309.076,265.4598,1.010312,CurrentState,Hover1,Slider,14,Scenario,3
ID,26,Time,946.7515,DronePosition,-110.3301,45,-107.379,0,CameraPosition,-103.1087,1.815026,-107.4799,CameraRotation,309.042,265.4234,1.044929,CurrentState,Hover1,Slider,14,Scenario,3
ID,26,Time,946.7659,DronePosition,-110.3301,45,-107.379,0,CameraPosition,-103.1085,1.81502,-107.48,CameraRotation,309.0048,265.3914,1.063182,CurrentState,Hover1,Slider,14,Scenario,3
ID,26,Time,946.7797,DronePosition,-110.3301,45,-107.379,0,CameraPosition,-103.1084,1.815026,-107.4801,CameraRotation,308.9799,265.3482,1.085417,CurrentState,Hover1,Slider,14,Scenario,3
ID,26,Time,946.7932,DronePosition,-110.3301,45,-107.379,0,CameraPosition,-103.1082,1.815022,-107.4803,CameraRotation,308.9708,265.304,1.120852,CurrentState,Hover1,Slider,14,Scenario,3
ID,26,Time,946.8072,DronePosition,-110.3301,45,-107.379,0,CameraPosition,-103.108,1.815021,-107.4804,CameraRotation,308.98,265.285,1.143913,CurrentState,Hover1,Slider,14,Scenario,3
ID,26,Time,946.8212,DronePosition,-110.3301,45,-107.379,0,CameraPosition,-103.1079,1.815036,-107.4804,CameraRotation,308.9498,265.2632,1.153868,CurrentState,Hover1,Slider,14,Scenario,3
ID,26,Time,946.835,DronePosition,-110.3301,45,-107.379,0,CameraPosition,-103.1077,1.815079,-107.4803,CameraRotation,308.9243,265.2851,1.125566,CurrentState,Hover1,Slider,14,Scenario,3
ID,26,Time,946.8489,DronePosition,-110.3301,45,-107.379,0,CameraPosition,-103.1076,1.81512,-107.4803,CameraRotation,308.8691,265.3121,1.092383,CurrentState,Hover1,Slider,14,Scenario,3
ID,26,Time,946.8629,DronePosition,-110.3301,45,-107.379,0,CameraPosition,-103.1074,1.815138,-107.4804,CameraRotation,308.8283,265.3121,1.085916,CurrentState,Hover1,Slider,14,Scenario,3
ID,26,Time,946.8768,DronePosition,-110.3301,45,-107.379,0,CameraPosition,-103.1072,1.815138,-107.4805,CameraRotation,308.838,265.2846,1.113036,CurrentState,Hover1,Slider,14,Scenario,3
ID,26,Time,946.8907,DronePosition,-110.3301,45,-107.379,0,CameraPosition,-103.107,1.815094,-107.4806,CameraRotation,308.8545,265.229,1.157571,CurrentState,Hover1,Slider,14,Scenario,3
ID,26,Time,946.9046,DronePosition,-110.3301,45,-107.379,0,CameraPosition,-103.1069,1.815021,-107.4807,CameraRotation,308.8651,265.1914,1.181489,CurrentState,Hover1,Slider,14,Scenario,3
ID,26,Time,946.9183,DronePosition,-110.3301,45,-107.379,0,CameraPosition,-103.1067,1.814963,-107.4809,CameraRotation,308.8408,265.167,1.201541,CurrentState,Hover1,Slider,14,Scenario,3
ID,26,Time,946.9323,DronePosition,-110.3301,45,-107.379,0,CameraPosition,-103.1065,1.814991,-107.481,CameraRotation,308.8128,265.1349,1.234555,CurrentState,Hover1,Slider,14,Scenario,3
ID,26,Time,946.9464,DronePosition,-110.3301,45,-107.379,0,CameraPosition,-103.1062,1.815019,-107.481,CameraRotation,308.7946,265.1011,1.258085,CurrentState,Hover1,Slider,14,Scenario,3
ID,26,Time,946.9603,DronePosition,-110.3301,45,-107.379,0,CameraPosition,-103.106,1.815025,-107.481,CameraRotation,308.7905,265.0675,1.274245,CurrentState,Hover1,Slider,14,Scenario,3
ID,26,Time,946.9752,DronePosition,-110.3301,45,-107.379,0,CameraPosition,-103.1058,1.815014,-107.481,CameraRotation,308.8018,265.0565,1.25602,CurrentState,Hover1,Slider,14,Scenario,3
ID,26,Time,946.9883,DronePosition,-110.3301,45,-107.379,0,CameraPosition,-103.1056,1.815013,-107.4809,CameraRotation,308.8008,265.0653,1.22726,CurrentState,Hover1,Slider,14,Scenario,3
ID,26,Time,947.0019,DronePosition,-110.3301,45,-107.379,0,CameraPosition,-103.1053,1.815034,-107.4809,CameraRotation,308.7877,265.0636,1.202341,CurrentState,Hover1,Slider,14,Scenario,3
ID,26,Time,947.0162,DronePosition,-110.3301,45,-107.379,0,CameraPosition,-103.1051,1.81502,-107.4808,CameraRotation,308.7514,265.0657,1.184642,CurrentState,Hover1,Slider,14,Scenario,3
ID,26,Time,947.0305,DronePosition,-110.3301,45,-107.379,0,CameraPosition,-103.1049,1.815,-107.4807,CameraRotation,308.7473,265.0779,1.174243,CurrentState,Hover1,Slider,14,Scenario,3
ID,26,Time,947.0438,DronePosition,-110.3301,45,-107.379,0,CameraPosition,-103.1046,1.814949,-107.4806,CameraRotation,308.7392,265.0843,1.170858,CurrentState,Hover1,Slider,14,Scenario,3
ID,26,Time,947.0577,DronePosition,-110.3301,45,-107.379,0,CameraPosition,-103.1044,1.814877,-107.4805,CameraRotation,308.7398,265.1097,1.138209,CurrentState,Hover1,Slider,14,Scenario,3
ID,26,Time,947.0719,DronePosition,-110.3301,45,-107.379,0,CameraPosition,-103.1043,1.814789,-107.4805,CameraRotation,308.7217,265.1378,1.10223,CurrentState,Hover1,Slider,14,Scenario,3
ID,26,Time,947.0856,DronePosition,-110.3301,45,-107.379,0,CameraPosition,-103.1041,1.814713,-107.4804,CameraRotation,308.6852,265.188,1.055907,CurrentState,Hover1,Slider,14,Scenario,3
ID,26,Time,947.0999,DronePosition,-110.3301,45,-107.379,0,CameraPosition,-103.1039,1.814648,-107.4803,CameraRotation,308.6475,265.2238,1.018232,CurrentState,Hover1,Slider,14,Scenario,3
ID,26,Time,947.1133,DronePosition,-110.3301,45,-107.379,0,CameraPosition,-103.1037,1.81457,-107.4802,CameraRotation,308.633,265.2487,0.9816209,CurrentState,Hover1,Slider,14,Scenario,3
ID,26,Time,947.1272,DronePosition,-110.3301,45,-107.379,0,CameraPosition,-103.1035,1.814508,-107.4802,CameraRotation,308.6097,265.2497,0.9869565,CurrentState,Hover1,Slider,14,Scenario,3
ID,26,Time,947.1414,DronePosition,-110.3301,45,-107.379,0,CameraPosition,-103.1033,1.81446,-107.4801,CameraRotation,308.5682,265.2004,1.038836,CurrentState,Hover1,Slider,14,Scenario,3
ID,26,Time,947.1552,DronePosition,-110.3301,45,-107.379,0,CameraPosition,-103.1032,1.814372,-107.4801,CameraRotation,308.5353,265.1216,1.115433,CurrentState,Hover1,Slider,14,Scenario,3
ID,26,Time,947.1692,DronePosition,-110.3301,45,-107.379,0,CameraPosition,-103.1031,1.814242,-107.48,CameraRotation,308.5692,265.0558,1.188403,CurrentState,Hover1,Slider,14,Scenario,3
ID,26,Time,947.1835,DronePosition,-110.3301,45,-107.379,0,CameraPosition,-103.1031,1.814117,-107.4799,CameraRotation,308.6226,265.046,1.192417,CurrentState,Hover1,Slider,14,Scenario,3
ID,26,Time,947.197,DronePosition,-110.3301,45,-107.379,0,CameraPosition,-103.1031,1.814059,-107.4798,CameraRotation,308.6761,265.0469,1.164856,CurrentState,Hover1,Slider,14,Scenario,3
ID,26,Time,947.2108,DronePosition,-110.3301,45,-107.379,0,CameraPosition,-103.103,1.814059,-107.4797,CameraRotation,308.6837,265.0685,1.120215,CurrentState,Hover1,Slider,14,Scenario,3
ID,26,Time,947.2247,DronePosition,-110.3301,45,-107.379,0,CameraPosition,-103.103,1.814099,-107.4797,CameraRotation,308.6857,265.1011,1.076405,CurrentState,Hover1,Slider,14,Scenario,3
ID,26,Time,947.2386,DronePosition,-110.3301,45,-107.379,0,CameraPosition,-103.103,1.81414,-107.4797,CameraRotation,308.6757,265.123,1.054502,CurrentState,Hover1,Slider,14,Scenario,3
ID,26,Time,947.2527,DronePosition,-110.3301,45,-107.379,0,CameraPosition,-103.103,1.814211,-107.4796,CameraRotation,308.6748,265.1467,1.032447,CurrentState,Hover1,Slider,14,Scenario,3
ID,26,Time,947.2664,DronePosition,-110.3301,45,-107.379,0,CameraPosition,-103.103,1.814262,-107.4794,CameraRotation,308.6713,265.1969,0.9876438,CurrentState,Hover1,Slider,14,Scenario,3
ID,26,Time,947.2806,DronePosition,-110.3301,45,-107.379,0,CameraPosition,-103.103,1.814305,-107.4793,CameraRotation,308.6705,265.2512,0.9406849,CurrentState,Hover1,Slider,14,Scenario,3
ID,26,Time,947.2944,DronePosition,-110.3301,45,-107.379,0,CameraPosition,-103.103,1.814353,-107.4792,CameraRotation,308.668,265.3019,0.8903179,CurrentState,Hover1,Slider,14,Scenario,3
ID,26,Time,947.3083,DronePosition,-110.3301,45,-107.379,0,CameraPosition,-103.1031,1.814399,-107.479,CameraRotation,308.675,265.3165,0.881231,CurrentState,Hover1,Slider,14,Scenario,3
ID,26,Time,947.3229,DronePosition,-110.3301,45,-107.379,0,CameraPosition,-103.1031,1.814439,-107.4789,CameraRotation,308.7021,265.3298,0.8547748,CurrentState,Hover1,Slider,14,Scenario,3
ID,26,Time,947.3362,DronePosition,-110.3301,45,-107.379,0,CameraPosition,-103.1032,1.814444,-107.4788,CameraRotation,308.7422,265.3286,0.8309252,CurrentState,Hover1,Slider,14,Scenario,3
ID,26,Time,947.3501,DronePosition,-110.3301,45,-107.379,0,CameraPosition,-103.1033,1.814441,-107.4787,CameraRotation,308.7799,265.3087,0.8174232,CurrentState,Hover1,Slider,14,Scenario,3
ID,26,Time,947.364,DronePosition,-110.3301,45,-107.379,0,CameraPosition,-103.1035,1.814431,-107.4787,CameraRotation,308.7939,265.3011,0.7896764,CurrentState,Hover1,Slider,14,Scenario,3
ID,26,Time,947.3782,DronePosition,-110.3301,45,-107.379,0,CameraPosition,-103.1036,1.814379,-107.4786,CameraRotation,308.8056,265.2775,0.7653159,CurrentState,Hover1,Slider,14,Scenario,3
ID,26,Time,947.3921,DronePosition,-110.3301,45,-107.379,0,CameraPosition,-103.1037,1.814298,-107.4787,CameraRotation,308.8022,265.258,0.7589836,CurrentState,Hover1,Slider,14,Scenario,3
ID,26,Time,947.4063,DronePosition,-110.3301,45,-107.379,0,CameraPosition,-103.1037,1.814226,-107.4787,CameraRotation,308.7969,265.2228,0.76846,CurrentState,Hover1,Slider,14,Scenario,3
ID,26,Time,947.4199,DronePosition,-110.3301,45,-107.379,0,CameraPosition,-103.1038,1.814195,-107.4786,CameraRotation,308.7877,265.1867,0.7806386,CurrentState,Hover1,Slider,14,Scenario,3
ID,26,Time,947.4335,DronePosition,-110.3301,45,-107.379,0,CameraPosition,-103.1039,1.814145,-107.4786,CameraRotation,308.7708,265.1284,0.8110481,CurrentState,Hover1,Slider,14,Scenario,3
ID,26,Time,947.4474,DronePosition,-110.3301,45,-107.379,0,CameraPosition,-103.1039,1.814097,-107.4786,CameraRotation,308.7528,265.084,0.8326296,CurrentState,Hover1,Slider,14,Scenario,3
ID,26,Time,947.4614,DronePosition,-110.3301,45,-107.379,0,CameraPosition,-103.104,1.814077,-107.4786,CameraRotation,308.7365,265.0474,0.836535,CurrentState,Hover1,Slider,14,Scenario,3
ID,26,Time,947.4753,DronePosition,-110.3301,45,-107.379,0,CameraPosition,-103.104,1.814077,-107.4785,CameraRotation,308.7079,265.0066,0.8472952,CurrentState,Hover1,Slider,14,Scenario,3
ID,26,Time,947.4894,DronePosition,-110.3301,45,-107.379,0,CameraPosition,-103.104,1.814082,-107.4784,CameraRotation,308.681,264.9592,0.8603793,CurrentState,Hover1,Slider,14,Scenario,3
ID,26,Time,947.5032,DronePosition,-110.3301,45,-107.379,0,CameraPosition,-103.1041,1.81405,-107.4785,CameraRotation,308.6655,264.875,0.9193886,CurrentState,Hover1,Slider,14,Scenario,3
ID,26,Time,947.5172,DronePosition,-110.3301,45,-107.379,0,CameraPosition,-103.1042,1.81401,-107.4785,CameraRotation,308.6673,264.7991,0.9786309,CurrentState,Hover1,Slider,14,Scenario,3
ID,26,Time,947.5311,DronePosition,-110.3301,45,-107.379,0,CameraPosition,-103.1043,1.813986,-107.4785,CameraRotation,308.6632,264.7285,1.027816,CurrentState,Hover1,Slider,14,Scenario,3
ID,26,Time,947.5452,DronePosition,-110.3301,45,-107.379,0,CameraPosition,-103.1045,1.813948,-107.4786,CameraRotation,308.6349,264.7024,1.030159,CurrentState,Hover1,Slider,14,Scenario,3
ID,26,Time,947.559,DronePosition,-110.3301,45,-107.379,0,CameraPosition,-103.1046,1.813933,-107.4786,CameraRotation,308.6023,264.7234,0.966503,CurrentState,Hover1,Slider,14,Scenario,3
ID,26,Time,947.573,DronePosition,-110.3301,45,-107.379,0,CameraPosition,-103.1048,1.813974,-107.4785,CameraRotation,308.5858,264.7933,0.8687956,CurrentState,Hover1,Slider,14,Scenario,3
ID,26,Time,947.5869,DronePosition,-110.3301,45,-107.379,0,CameraPosition,-103.105,1.814015,-107.4784,CameraRotation,308.6071,264.8754,0.7886738,CurrentState,Hover1,Slider,14,Scenario,3
ID,26,Time,947.601,DronePosition,-110.3301,45,-107.379,0,CameraPosition,-103.1052,1.814027,-107.4784,CameraRotation,308.6492,264.9022,0.7599606,CurrentState,Hover1,Slider,14,Scenario,3
ID,26,Time,947.6147,DronePosition,-110.3301,45,-107.379,0,CameraPosition,-103.1054,1.814017,-107.4784,CameraRotation,308.7293,264.9258,0.725768,CurrentState,Hover1,Slider,14,Scenario,3
ID,26,Time,947.6286,DronePosition,-110.3301,45,-107.379,0,CameraPosition,-103.1057,1.814015,-107.4783,CameraRotation,308.7946,264.9503,0.6919607,CurrentState,Hover1,Slider,14,Scenario,3
ID,26,Time,947.6424,DronePosition,-110.3301,45,-107.379,0,CameraPosition,-103.1059,1.814015,-107.4782,CameraRotation,308.8306,264.9529,0.6861459,CurrentState,Hover1,Slider,14,Scenario,3
ID,26,Time,947.6564,DronePosition,-110.3301,45,-107.379,0,CameraPosition,-103.1061,1.813997,-107.4783,CameraRotation,308.8354,264.9344,0.6922927,CurrentState,Hover1,Slider,14,Scenario,3
ID,26,Time,947.6706,DronePosition,-110.3301,45,-107.379,0,CameraPosition,-103.1062,1.813976,-107.4783,CameraRotation,308.8524,264.8907,0.7127768,CurrentState,Hover1,Slider,14,Scenario,3
ID,26,Time,947.6844,DronePosition,-110.3301,45,-107.379,0,CameraPosition,-103.1064,1.81396,-107.4784,CameraRotation,308.8589,264.8733,0.7128389,CurrentState,Hover1,Slider,14,Scenario,3
ID,26,Time,947.6982,DronePosition,-110.3301,45,-107.379,0,CameraPosition,-103.1066,1.813926,-107.4785,CameraRotation,308.8791,264.8428,0.7193638,CurrentState,Hover1,Slider,14,Scenario,3
ID,26,Time,947.7123,DronePosition,-110.3301,45,-107.379,0,CameraPosition,-103.1067,1.813893,-107.4786,CameraRotation,308.9081,264.8258,0.7323259,CurrentState,Hover1,Slider,14,Scenario,3
ID,26,Time,947.726,DronePosition,-110.3301,45,-107.379,0,CameraPosition,-103.1068,1.813869,-107.4787,CameraRotation,308.9187,264.8049,0.7382357,CurrentState,Hover1,Slider,14,Scenario,3
ID,26,Time,947.74,DronePosition,-110.3301,45,-107.379,0,CameraPosition,-103.1069,1.813839,-107.4788,CameraRotation,308.9229,264.789,0.7568454,CurrentState,Hover1,Slider,14,Scenario,3
ID,26,Time,947.7542,DronePosition,-110.3301,45,-107.379,0,CameraPosition,-103.107,1.813804,-107.4789,CameraRotation,308.9382,264.789,0.7787371,CurrentState,Hover1,Slider,14,Scenario,3
ID,26,Time,947.7679,DronePosition,-110.3301,45,-107.379,0,CameraPosition,-103.1071,1.813726,-107.479,CameraRotation,308.9179,264.7847,0.7990694,CurrentState,Hover1,Slider,14,Scenario,3
ID,26,Time,947.7823,DronePosition,-110.3301,45,-107.379,0,CameraPosition,-103.1071,1.813654,-107.479,CameraRotation,308.9035,264.756,0.8400279,CurrentState,Approach2,Slider,14,Scenario,3
ID,26,Time,947.796,DronePosition,-110.3301,44.99906,-107.379,0.06857899,CameraPosition,-103.1071,1.813558,-107.4791,CameraRotation,308.8867,264.7565,0.8599896,CurrentState,Approach2,Slider,14,Scenario,3
ID,26,Time,947.8099,DronePosition,-110.3301,44.99714,-107.379,0.1382025,CameraPosition,-103.1071,1.813472,-107.4792,CameraRotation,308.859,264.7507,0.8849301,CurrentState,Approach2,Slider,14,Scenario,3
ID,26,Time,947.8238,DronePosition,-110.3301,44.99427,-107.379,0.2073995,CameraPosition,-103.1071,1.813422,-107.4793,CameraRotation,308.8188,264.745,0.9130154,CurrentState,Approach2,Slider,14,Scenario,3
ID,26,Time,947.8378,DronePosition,-110.3301,44.99039,-107.379,0.277337,CameraPosition,-103.1071,1.813427,-107.4793,CameraRotation,308.7716,264.7404,0.9280587,CurrentState,Approach2,Slider,14,Scenario,3
ID,26,Time,947.8513,DronePosition,-110.3301,44.98571,-107.379,0.345063,CameraPosition,-103.1071,1.813477,-107.4794,CameraRotation,308.6964,264.7557,0.9229286,CurrentState,Approach2,Slider,14,Scenario,3
ID,26,Time,947.8652,DronePosition,-110.33,44.97997,-107.379,0.4143965,CameraPosition,-103.1071,1.813458,-107.4795,CameraRotation,308.6279,264.7964,0.914214,CurrentState,Approach2,Slider,14,Scenario,3
ID,26,Time,947.8793,DronePosition,-110.33,44.9731,-107.379,0.4852085,CameraPosition,-103.1072,1.813404,-107.4796,CameraRotation,308.5809,264.8214,0.9133242,CurrentState,Approach2,Slider,14,Scenario,3
ID,26,Time,947.893,DronePosition,-110.33,44.96553,-107.379,0.5536025,CameraPosition,-103.1072,1.813388,-107.4797,CameraRotation,308.5756,264.855,0.9072269,CurrentState,Approach2,Slider,14,Scenario,3
ID,26,Time,947.9069,DronePosition,-110.33,44.95687,-107.379,0.623076,CameraPosition,-103.1073,1.813377,-107.4798,CameraRotation,308.5503,264.8948,0.9007338,CurrentState,Approach2,Slider,14,Scenario,3
ID,26,Time,947.921,DronePosition,-110.33,44.94713,-107.379,0.6933034,CameraPosition,-103.1074,1.813372,-107.4799,CameraRotation,308.5316,264.9174,0.9130338,CurrentState,Approach2,Slider,14,Scenario,3
ID,26,Time,947.9348,DronePosition,-110.3299,44.93653,-107.379,0.7627705,CameraPosition,-103.1076,1.813376,-107.48,CameraRotation,308.5023,264.912,0.9451376,CurrentState,Approach2,Slider,14,Scenario,3
ID,26,Time,947.9487,DronePosition,-110.3299,44.92496,-107.379,0.8322734,CameraPosition,-103.1077,1.813417,-107.4801,CameraRotation,308.4797,264.8941,0.9755024,CurrentState,Approach2,Slider,14,Scenario,3
ID,26,Time,947.9626,DronePosition,-110.3299,44.91244,-107.379,0.9017219,CameraPosition,-103.1078,1.813485,-107.4802,CameraRotation,308.4599,264.8696,1.005611,CurrentState,Approach2,Slider,14,Scenario,3
ID,26,Time,947.9774,DronePosition,-110.3298,44.89808,-107.379,0.9753389,CameraPosition,-103.108,1.813519,-107.4803,CameraRotation,308.4482,264.8348,1.043926,CurrentState,Approach2,Slider,14,Scenario,3
ID,26,Time,947.9906,DronePosition,-110.3298,44.88428,-107.379,1.041589,CameraPosition,-103.1083,1.81354,-107.4804,CameraRotation,308.4622,264.7946,1.071119,CurrentState,Approach2,Slider,14,Scenario,3
ID,26,Time,948.0045,DronePosition,-110.3298,44.8689,-107.379,1.110819,CameraPosition,-103.1086,1.813547,-107.4806,CameraRotation,308.5125,264.7704,1.085654,CurrentState,Approach2,Slider,14,Scenario,3
ID,26,Time,948.0188,DronePosition,-110.3297,44.85196,-107.379,1.182454,CameraPosition,-103.1089,1.813502,-107.4807,CameraRotation,308.5688,264.7319,1.116302,CurrentState,Approach2,Slider,14,Scenario,3
ID,26,Time,948.0325,DronePosition,-110.3297,44.83486,-107.379,1.250817,CameraPosition,-103.1093,1.813447,-107.4809,CameraRotation,308.6056,264.7041,1.152791,CurrentState,Approach2,Slider,14,Scenario,3
ID,26,Time,948.0463,DronePosition,-110.3297,44.81655,-107.379,1.32016,CameraPosition,-103.1097,1.813386,-107.481,CameraRotation,308.6568,264.7089,1.164728,CurrentState,Approach2,Slider,14,Scenario,3
ID,26,Time,948.0601,DronePosition,-110.3296,44.79747,-107.379,1.388859,CameraPosition,-103.1101,1.813335,-107.4811,CameraRotation,308.7109,264.7433,1.130826,CurrentState,Approach2,Slider,14,Scenario,3
ID,26,Time,948.0739,DronePosition,-110.3296,44.77736,-107.379,1.457817,CameraPosition,-103.1105,1.813288,-107.4812,CameraRotation,308.7617,264.7745,1.11384,CurrentState,Approach2,Slider,14,Scenario,3
ID,26,Time,948.088,DronePosition,-110.3295,44.75569,-107.379,1.528699,CameraPosition,-103.1109,1.813253,-107.4813,CameraRotation,308.7885,264.8065,1.104285,CurrentState,Approach2,Slider,14,Scenario,3
ID,26,Time,948.1019,DronePosition,-110.3295,44.7335,-107.379,1.598125,CameraPosition,-103.1112,1.813263,-107.4813,CameraRotation,308.821,264.8334,1.081434,CurrentState,Approach2,Slider,14,Scenario,3
ID,26,Time,948.1157,DronePosition,-110.3294,44.71051,-107.379,1.667085,CameraPosition,-103.1116,1.813242,-107.4813,CameraRotation,308.8591,264.8305,1.082066,CurrentState,Approach2,Slider,14,Scenario,3
ID,26,Time,948.1298,DronePosition,-110.3293,44.68595,-107.379,1.737756,CameraPosition,-103.112,1.813201,-107.4814,CameraRotation,308.9281,264.8425,1.05257,CurrentState,Approach2,Slider,14,Scenario,3
ID,26,Time,948.1437,DronePosition,-110.3293,44.66078,-107.379,1.807386,CameraPosition,-103.1124,1.813158,-107.4814,CameraRotation,308.9896,264.848,1.037233,CurrentState,Approach2,Slider,14,Scenario,3
ID,26,Time,948.1577,DronePosition,-110.3292,44.63457,-107.379,1.877176,CameraPosition,-103.1127,1.813134,-107.4815,CameraRotation,309.0272,264.8345,1.030308,CurrentState,Approach2,Slider,14,Scenario,3
ID,26,Time,948.1719,DronePosition,-110.3291,44.60703,-107.379,1.947891,CameraPosition,-103.1131,1.813108,-107.4817,CameraRotation,309.0518,264.8086,1.043846,CurrentState,Approach2,Slider,14,Scenario,3
ID,26,Time,948.1855,DronePosition,-110.3291,44.57943,-107.379,2.016333,CameraPosition,-103.1134,1.813062,-107.4818,CameraRotation,309.07,264.7773,1.050052,CurrentState,Approach2,Slider,14,Scenario,3
ID,26,Time,948.1995,DronePosition,-110.329,44.55045,-107.379,2.085795,CameraPosition,-103.1138,1.813029,-107.482,CameraRotation,309.0981,264.7643,1.032591,CurrentState,Approach2,Slider,14,Scenario,3
ID,26,Time,948.2134,DronePosition,-110.3289,44.52049,-107.379,2.155303,CameraPosition,-103.1141,1.813016,-107.4821,CameraRotation,309.1377,264.7581,1.039152,CurrentState,Approach2,Slider,14,Scenario,3
ID,26,Time,948.2274,DronePosition,-110.3289,44.48912,-107.379,2.22576,CameraPosition,-103.1144,1.813005,-107.4822,CameraRotation,309.1903,264.7368,1.048623,CurrentState,Approach2,Slider,14,Scenario,3
ID,26,Time,948.2413,DronePosition,-110.3288,44.45736,-107.379,2.294959,CameraPosition,-103.1146,1.812978,-107.4823,CameraRotation,309.2305,264.6972,1.065598,CurrentState,Approach2,Slider,14,Scenario,3
ID,26,Time,948.2552,DronePosition,-110.3287,44.42451,-107.379,2.364422,CameraPosition,-103.1148,1.813022,-107.4825,CameraRotation,309.2774,264.6579,1.099335,CurrentState,Approach2,Slider,14,Scenario,3
ID,26,Time,948.2689,DronePosition,-110.3286,44.39102,-107.379,2.43325,CameraPosition,-103.115,1.813105,-107.4825,CameraRotation,309.2928,264.6212,1.137665,CurrentState,Approach2,Slider,14,Scenario,3
ID,26,Time,948.2833,DronePosition,-110.3285,44.35509,-107.379,2.504968,CameraPosition,-103.1151,1.813157,-107.4827,CameraRotation,309.2791,264.5694,1.16295,CurrentState,Approach2,Slider,14,Scenario,3
ID,26,Time,948.2968,DronePosition,-110.3285,44.32021,-107.379,2.572757,CameraPosition,-103.1152,1.813164,-107.4828,CameraRotation,309.2695,264.5316,1.164209,CurrentState,Approach2,Slider,14,Scenario,3
ID,26,Time,948.3108,DronePosition,-110.3284,44.28326,-107.379,2.642657,CameraPosition,-103.1153,1.813182,-107.483,CameraRotation,309.2781,264.4904,1.177418,CurrentState,Approach2,Slider,14,Scenario,3
ID,26,Time,948.3247,DronePosition,-110.3283,44.24551,-107.379,2.712244,CameraPosition,-103.1154,1.813213,-107.4831,CameraRotation,309.278,264.4035,1.256567,CurrentState,Approach2,Slider,14,Scenario,3
ID,26,Time,948.3386,DronePosition,-110.3282,44.20687,-107.379,2.781705,CameraPosition,-103.1155,1.813251,-107.4834,CameraRotation,309.2576,264.3142,1.321582,CurrentState,Approach2,Slider,14,Scenario,3
ID,26,Time,948.3528,DronePosition,-110.3281,44.16656,-107.379,2.852362,CameraPosition,-103.1157,1.813275,-107.4836,CameraRotation,309.2318,264.248,1.381002,CurrentState,Approach2,Slider,14,Scenario,3
ID,26,Time,948.3666,DronePosition,-110.328,44.1261,-107.379,2.92161,CameraPosition,-103.1158,1.813299,-107.4838,CameraRotation,309.2275,264.2262,1.387926,CurrentState,Approach2,Slider,14,Scenario,3
ID,26,Time,948.3804,DronePosition,-110.3279,44.08473,-107.379,2.990777,CameraPosition,-103.1159,1.813288,-107.4839,CameraRotation,309.2415,264.1986,1.39765,CurrentState,Approach2,Slider,14,Scenario,3
ID,26,Time,948.3944,DronePosition,-110.3278,44.04192,-107.379,3.060714,CameraPosition,-103.1159,1.813281,-107.484,CameraRotation,309.2776,264.1764,1.408876,CurrentState,Approach2,Slider,14,Scenario,3
ID,26,Time,948.4083,DronePosition,-110.3277,43.99844,-107.379,3.130158,CameraPosition,-103.116,1.813295,-107.4841,CameraRotation,309.3036,264.161,1.421741,CurrentState,Approach2,Slider,14,Scenario,3
ID,26,Time,948.4222,DronePosition,-110.3276,43.9541,-107.379,3.199459,CameraPosition,-103.116,1.813358,-107.4842,CameraRotation,309.3237,264.1619,1.410284,CurrentState,Approach2,Slider,14,Scenario,3
ID,26,Time,948.4363,DronePosition,-110.3275,43.90775,-107.379,3.270315,CameraPosition,-103.116,1.813414,-107.4843,CameraRotation,309.3631,264.1655,1.40123,CurrentState,Approach2,Slider,14,Scenario,3
ID,26,Time,948.4499,DronePosition,-110.3274,43.86255,-107.379,3.338034,CameraPosition,-103.1161,1.813426,-107.4844,CameraRotation,309.408,264.1543,1.411065,CurrentState,Approach2,Slider,14,Scenario,3
ID,26,Time,948.4639,DronePosition,-110.3272,43.81469,-107.379,3.408231,CameraPosition,-103.1161,1.813407,-107.4845,CameraRotation,309.4369,264.1389,1.411003,CurrentState,Approach2,Slider,14,Scenario,3
ID,26,Time,948.4779,DronePosition,-110.3271,43.766,-107.379,3.478237,CameraPosition,-103.1161,1.813411,-107.4846,CameraRotation,309.4963,264.1169,1.42613,CurrentState,Approach2,Slider,14,Scenario,3
ID,26,Time,948.4919,DronePosition,-110.327,43.71654,-107.379,3.547937,CameraPosition,-103.1161,1.81341,-107.4848,CameraRotation,309.494,264.0931,1.453444,CurrentState,Approach2,Slider,14,Scenario,3
ID,26,Time,948.5059,DronePosition,-110.3269,43.66582,-107.379,3.618022,CameraPosition,-103.1161,1.813422,-107.4849,CameraRotation,309.4771,264.0993,1.43996,CurrentState,Approach2,Slider,14,Scenario,3
ID,26,Time,948.5198,DronePosition,-110.3268,43.6145,-107.379,3.687611,CameraPosition,-103.1161,1.813386,-107.485,CameraRotation,309.4783,264.107,1.409464,CurrentState,Approach2,Slider,14,Scenario,3
ID,26,Time,948.5336,DronePosition,-110.3266,43.5627,-107.379,3.756556,CameraPosition,-103.116,1.813331,-107.4851,CameraRotation,309.5154,264.1239,1.365933,CurrentState,Approach2,Slider,14,Scenario,3
ID,26,Time,948.5476,DronePosition,-110.3265,43.50902,-107.379,3.826696,CameraPosition,-103.1159,1.813309,-107.4852,CameraRotation,309.5538,264.1387,1.341206,CurrentState,Approach2,Slider,14,Scenario,3
ID,26,Time,948.5616,DronePosition,-110.3264,43.4543,-107.379,3.896914,CameraPosition,-103.1158,1.81331,-107.4853,CameraRotation,309.5631,264.1026,1.36269,CurrentState,Approach2,Slider,14,Scenario,3
ID,26,Time,948.5753,DronePosition,-110.3262,43.40016,-107.379,3.965177,CameraPosition,-103.1156,1.813388,-107.4853,CameraRotation,309.5627,264.0665,1.388381,CurrentState,Approach2,Slider,14,Scenario,3
ID,26,Time,948.5895,DronePosition,-110.3261,43.34301,-107.379,4.035983,CameraPosition,-103.1154,1.813458,-107.4854,CameraRotation,309.5634,264.0278,1.418611,CurrentState,Approach2,Slider,14,Scenario,3
ID,26,Time,948.6031,DronePosition,-110.326,43.28713,-107.379,4.104059,CameraPosition,-103.1152,1.81347,-107.4854,CameraRotation,309.5619,263.9789,1.445415,CurrentState,Approach2,Slider,14,Scenario,3
ID,26,Time,948.6171,DronePosition,-110.3258,43.22856,-107.379,4.174215,CameraPosition,-103.115,1.813424,-107.4854,CameraRotation,309.5676,263.9705,1.446889,CurrentState,Approach2,Slider,14,Scenario,3
ID,26,Time,948.6317,DronePosition,-110.3257,43.16675,-107.379,4.246984,CameraPosition,-103.1149,1.813376,-107.4854,CameraRotation,309.5566,263.9849,1.417528,CurrentState,Approach2,Slider,14,Scenario,3
ID,26,Time,948.6451,DronePosition,-110.3256,43.1086,-107.379,4.314376,CameraPosition,-103.1147,1.81334,-107.4854,CameraRotation,309.5103,263.99,1.406853,CurrentState,Approach2,Slider,14,Scenario,3
ID,26,Time,948.659,DronePosition,-110.3254,43.04789,-107.379,4.383623,CameraPosition,-103.1145,1.813275,-107.4854,CameraRotation,309.4359,264.0061,1.384106,CurrentState,Approach2,Slider,14,Scenario,3
ID,26,Time,948.6728,DronePosition,-110.3253,42.98664,-107.379,4.452406,CameraPosition,-103.1144,1.813224,-107.4854,CameraRotation,309.3797,264.0341,1.352795,CurrentState,Approach2,Slider,14,Scenario,3
ID,26,Time,948.6873,DronePosition,-110.3251,42.92122,-107.379,4.524701,CameraPosition,-103.1142,1.813194,-107.4853,CameraRotation,309.3613,264.0334,1.352735,CurrentState,Approach2,Slider,14,Scenario,3
ID,26,Time,948.7006,DronePosition,-110.325,42.86009,-107.379,4.591267,CameraPosition,-103.1141,1.813175,-107.4852,CameraRotation,309.3707,264.0221,1.37454,CurrentState,Approach2,Slider,14,Scenario,3
ID,26,Time,948.7144,DronePosition,-110.3248,42.79531,-107.379,4.660766,CameraPosition,-103.114,1.8132,-107.4851,CameraRotation,309.3685,264.0188,1.377292,CurrentState,Approach2,Slider,14,Scenario,3
ID,26,Time,948.7288,DronePosition,-110.3246,42.72748,-107.379,4.732435,CameraPosition,-103.1138,1.813268,-107.485,CameraRotation,309.3318,264.0437,1.37409,CurrentState,Approach2,Slider,14,Scenario,3
ID,26,Time,948.7424,DronePosition,-110.3245,42.66198,-107.379,4.800658,CameraPosition,-103.1137,1.813401,-107.4847,CameraRotation,309.2816,264.0576,1.375429,CurrentState,Approach2,Slider,14,Scenario,3
ID,26,Time,948.7562,DronePosition,-110.3243,42.59464,-107.379,4.86979,CameraPosition,-103.1135,1.813531,-107.4845,CameraRotation,309.2513,264.0825,1.35407,CurrentState,Approach2,Slider,14,Scenario,3
ID,26,Time,948.7705,DronePosition,-110.3242,42.5243,-107.379,4.940975,CameraPosition,-103.1135,1.813586,-107.4843,CameraRotation,309.2707,264.113,1.337943,CurrentState,Approach2,Slider,14,Scenario,3
ID,26,Time,948.7844,DronePosition,-110.324,42.45454,-107.379,5.010589,CameraPosition,-103.1134,1.813611,-107.4841,CameraRotation,309.2978,264.1641,1.296673,CurrentState,Approach2,Slider,14,Scenario,3
ID,26,Time,948.7983,DronePosition,-110.3238,42.38406,-107.379,5.079954,CameraPosition,-103.1134,1.813631,-107.4839,CameraRotation,309.3027,264.1956,1.278696,CurrentState,Approach2,Slider,14,Scenario,3
ID,26,Time,948.8121,DronePosition,-110.3237,42.31281,-107.379,5.149141,CameraPosition,-103.1134,1.813651,-107.4837,CameraRotation,309.3015,264.2444,1.240853,CurrentState,Approach2,Slider,14,Scenario,3
ID,26,Time,948.8258,DronePosition,-110.3235,42.24131,-107.379,5.217662,CameraPosition,-103.1135,1.813663,-107.4835,CameraRotation,309.3066,264.2996,1.190315,CurrentState,Approach2,Slider,14,Scenario,3
ID,26,Time,948.8399,DronePosition,-110.3233,42.16698,-107.379,5.287947,CameraPosition,-103.1135,1.813677,-107.4834,CameraRotation,309.3228,264.3489,1.152089,CurrentState,Approach2,Slider,14,Scenario,3
ID,26,Time,948.8541,DronePosition,-110.3231,42.09106,-107.379,5.358778,CameraPosition,-103.1136,1.813712,-107.4831,CameraRotation,309.3434,264.4116,1.093939,CurrentState,Approach2,Slider,14,Scenario,3
ID,26,Time,948.8677,DronePosition,-110.323,42.01719,-107.379,5.426842,CameraPosition,-103.1136,1.813733,-107.4829,CameraRotation,309.3721,264.4418,1.054974,CurrentState,Approach2,Slider,14,Scenario,3
ID,26,Time,948.8817,DronePosition,-110.3228,41.9402,-107.379,5.49687,CameraPosition,-103.1136,1.813748,-107.4827,CameraRotation,309.3929,264.4576,1.019679,CurrentState,Approach2,Slider,14,Scenario,3
ID,26,Time,948.8954,DronePosition,-110.3226,41.86335,-107.379,5.56591,CameraPosition,-103.1137,1.813783,-107.4825,CameraRotation,309.4171,264.4724,0.9998016,CurrentState,Approach2,Slider,14,Scenario,3
ID,26,Time,948.9094,DronePosition,-110.3224,41.78514,-107.379,5.6353,CameraPosition,-103.1137,1.813809,-107.4823,CameraRotation,309.439,264.4769,0.9721384,CurrentState,Approach2,Slider,14,Scenario,3
ID,26,Time,948.9233,DronePosition,-110.3222,41.7054,-107.379,5.705185,CameraPosition,-103.1137,1.813816,-107.482,CameraRotation,309.465,264.4895,0.9384111,CurrentState,Approach2,Slider,14,Scenario,3
ID,26,Time,948.9373,DronePosition,-110.322,41.62453,-107.379,5.775202,CameraPosition,-103.1138,1.813797,-107.4819,CameraRotation,309.4957,264.4893,0.9017268,CurrentState,Approach2,Slider,14,Scenario,3
ID,26,Time,948.9512,DronePosition,-110.3218,41.5435,-107.379,5.844522,CameraPosition,-103.1138,1.813776,-107.4817,CameraRotation,309.5025,264.4829,0.8835292,CurrentState,Approach2,Slider,14,Scenario,3
ID,26,Time,948.9651,DronePosition,-110.3216,41.46077,-107.379,5.914456,CameraPosition,-103.1139,1.813756,-107.4815,CameraRotation,309.5148,264.4696,0.8833851,CurrentState,Approach2,Slider,14,Scenario,3
ID,26,Time,948.9792,DronePosition,-110.3214,41.37656,-107.379,5.98481,CameraPosition,-103.114,1.813731,-107.4813,CameraRotation,309.5327,264.4848,0.8811713,CurrentState,Approach2,Slider,14,Scenario,3
ID,26,Time,948.9935,DronePosition,-110.3212,41.2904,-107.379,6.055949,CameraPosition,-103.1141,1.813703,-107.4811,CameraRotation,309.543,264.5344,0.8306682,CurrentState,Approach2,Slider,14,Scenario,3
ID,26,Time,949.007,DronePosition,-110.321,41.20802,-107.379,6.123217,CameraPosition,-103.1142,1.813709,-107.4809,CameraRotation,309.5588,264.6076,0.7483753,CurrentState,Approach2,Slider,14,Scenario,3
ID,26,Time,949.0211,DronePosition,-110.3208,41.12055,-107.379,6.193828,CameraPosition,-103.1143,1.81373,-107.4807,CameraRotation,309.5634,264.6774,0.6615337,CurrentState,Approach2,Slider,14,Scenario,3
ID,26,Time,949.0351,DronePosition,-110.3206,41.03264,-107.379,6.264001,CameraPosition,-103.1143,1.813773,-107.4804,CameraRotation,309.5835,264.751,0.6068452,CurrentState,Approach2,Slider,14,Scenario,3
ID,26,Time,949.0488,DronePosition,-110.3204,40.94603,-107.379,6.332386,CameraPosition,-103.1144,1.813842,-107.4803,CameraRotation,309.5896,264.7767,0.5974524,CurrentState,Approach2,Slider,14,Scenario,3
ID,26,Time,949.063,DronePosition,-110.3202,40.85506,-107.379,6.403421,CameraPosition,-103.1143,1.813937,-107.4801,CameraRotation,309.6008,264.781,0.6062893,CurrentState,Approach2,Slider,14,Scenario,3
ID,26,Time,949.0768,DronePosition,-110.32,40.76573,-107.379,6.47243,CameraPosition,-103.1143,1.813996,-107.4799,CameraRotation,309.621,264.796,0.6204212,CurrentState,Approach2,Slider,14,Scenario,3
ID,26,Time,949.0904,DronePosition,-110.3197,40.67659,-107.379,6.540568,CameraPosition,-103.1144,1.814003,-107.4797,CameraRotation,309.6421,264.799,0.6239057,CurrentState,Approach2,Slider,14,Scenario,3
ID,26,Time,949.1044,DronePosition,-110.3195,40.58413,-107.379,6.610508,CameraPosition,-103.1144,1.814011,-107.4796,CameraRotation,309.6586,264.7949,0.6213346,CurrentState,Approach2,Slider,14,Scenario,3
ID,26,Time,949.118,DronePosition,-110.3193,40.49274,-107.379,6.678919,CameraPosition,-103.1144,1.81401,-107.4795,CameraRotation,309.6612,264.7608,0.645857,CurrentState,Approach2,Slider,14,Scenario,3
ID,26,Time,949.1321,DronePosition,-110.3191,40.39824,-107.379,6.748938,CameraPosition,-103.1145,1.813994,-107.4794,CameraRotation,309.6669,264.7323,0.6435686,CurrentState,Approach2,Slider,14,Scenario,3
ID,26,Time,949.1462,DronePosition,-110.3188,40.30208,-107.379,6.81944,CameraPosition,-103.1146,1.813959,-107.4794,CameraRotation,309.6855,264.7062,0.636892,CurrentState,Approach2,Slider,14,Scenario,3
ID,26,Time,949.16,DronePosition,-110.3186,40.20661,-107.379,6.888736,CameraPosition,-103.1146,1.813943,-107.4793,CameraRotation,309.6921,264.6699,0.6359495,CurrentState,Approach2,Slider,14,Scenario,3
ID,26,Time,949.1739,DronePosition,-110.3184,40.11024,-107.379,6.957986,CameraPosition,-103.1147,1.813984,-107.4792,CameraRotation,309.7184,264.6487,0.630794,CurrentState,Approach2,Slider,14,Scenario,3
ID,26,Time,949.1879,DronePosition,-110.3182,40.01191,-107.379,7.027945,CameraPosition,-103.1147,1.814008,-107.479,CameraRotation,309.7322,264.643,0.6083536,CurrentState,Approach2,Slider,14,Scenario,3
ID,26,Time,949.2018,DronePosition,-110.3179,39.91343,-107.379,7.097326,CameraPosition,-103.1148,1.814032,-107.4789,CameraRotation,309.7741,264.6419,0.6081931,CurrentState,Approach2,Slider,14,Scenario,3
ID,26,Time,949.2157,DronePosition,-110.3177,39.81336,-107.379,7.167136,CameraPosition,-103.1149,1.814071,-107.4787,CameraRotation,309.7943,264.6414,0.61129,CurrentState,Approach2,Slider,14,Scenario,3
ID,26,Time,949.2297,DronePosition,-110.3174,39.71222,-107.379,7.237012,CameraPosition,-103.1149,1.814111,-107.4786,CameraRotation,309.804,264.6593,0.5980676,CurrentState,Approach2,Slider,14,Scenario,3
ID,26,Time,949.2437,DronePosition,-110.3172,39.60986,-107.379,7.307055,CameraPosition,-103.1149,1.814121,-107.4784,CameraRotation,309.8293,264.6836,0.5744739,CurrentState,Approach2,Slider,14,Scenario,3
ID,26,Time,949.2576,DronePosition,-110.3169,39.50774,-107.379,7.376275,CameraPosition,-103.115,1.814113,-107.4783,CameraRotation,309.8628,264.6817,0.5722279,CurrentState,Approach2,Slider,14,Scenario,3
ID,26,Time,949.2719,DronePosition,-110.3167,39.40117,-107.379,7.447821,CameraPosition,-103.1151,1.814125,-107.4782,CameraRotation,309.8995,264.6859,0.5742413,CurrentState,Approach2,Slider,14,Scenario,3
ID,26,Time,949.2855,DronePosition,-110.3165,39.29829,-107.379,7.516256,CameraPosition,-103.1152,1.814154,-107.4781,CameraRotation,309.9182,264.7046,0.5565008,CurrentState,Approach2,Slider,14,Scenario,3
ID,26,Time,949.2992,DronePosition,-110.3162,39.19449,-107.379,7.584683,CameraPosition,-103.1153,1.814166,-107.4781,CameraRotation,309.9259,264.7308,0.5175846,CurrentState,Approach2,Slider,14,Scenario,3
ID,26,Time,949.3132,DronePosition,-110.3159,39.08789,-107.379,7.65432,CameraPosition,-103.1154,1.814144,-107.478,CameraRotation,309.9465,264.7479,0.5003044,CurrentState,Approach2,Slider,14,Scenario,3
ID,26,Time,949.3271,DronePosition,-110.3157,38.98012,-107.379,7.724083,CameraPosition,-103.1155,1.814135,-107.4779,CameraRotation,309.9739,264.7666,0.4830706,CurrentState,Approach2,Slider,14,Scenario,3
ID,26,Time,949.3409,DronePosition,-110.3154,38.87271,-107.379,7.792992,CameraPosition,-103.1156,1.814125,-107.4778,CameraRotation,310.0241,264.7712,0.4670785,CurrentState,Approach2,Slider,14,Scenario,3
ID,26,Time,949.355,DronePosition,-110.3152,38.76152,-107.379,7.863697,CameraPosition,-103.1157,1.814118,-107.4777,CameraRotation,310.0565,264.7907,0.4418941,CurrentState,Approach2,Slider,14,Scenario,3
ID,26,Time,949.3693,DronePosition,-110.3149,38.64851,-107.379,7.934903,CameraPosition,-103.1157,1.814141,-107.4777,CameraRotation,310.0826,264.827,0.4067629,CurrentState,Approach2,Slider,14,Scenario,3
ID,26,Time,949.3828,DronePosition,-110.3146,38.54019,-107.379,8.002585,CameraPosition,-103.1157,1.814202,-107.4776,CameraRotation,310.079,264.8378,0.3907788,CurrentState,Approach2,Slider,14,Scenario,3
ID,26,Time,949.3969,DronePosition,-110.3144,38.42672,-107.379,8.072865,CameraPosition,-103.1158,1.814252,-107.4774,CameraRotation,310.0798,264.8369,0.4041026,CurrentState,Approach2,Slider,14,Scenario,3
ID,26,Time,949.4106,DronePosition,-110.3141,38.3148,-107.379,8.141595,CameraPosition,-103.1158,1.814263,-107.4774,CameraRotation,310.0993,264.8241,0.4142356,CurrentState,Approach2,Slider,14,Scenario,3
ID,26,Time,949.4246,DronePosition,-110.3138,38.19959,-107.379,8.211748,CameraPosition,-103.1159,1.814277,-107.4774,CameraRotation,310.1195,264.8092,0.4200883,CurrentState,Approach2,Slider,14,Scenario,3
ID,26,Time,949.4386,DronePosition,-110.3135,38.08377,-107.379,8.281675,CameraPosition,-103.1159,1.814305,-107.4774,CameraRotation,310.1334,264.8105,0.413578,CurrentState,Approach2,Slider,14,Scenario,3
ID,26,Time,949.4528,DronePosition,-110.3133,37.96575,-107.379,8.352324,CameraPosition,-103.116,1.814297,-107.4774,CameraRotation,310.1367,264.7795,0.4344346,CurrentState,Approach2,Slider,14,Scenario,3
ID,26,Time,949.4664,DronePosition,-110.313,37.85092,-107.379,8.420507,CameraPosition,-103.1161,1.814253,-107.4774,CameraRotation,310.1539,264.7581,0.444395,CurrentState,Approach2,Slider,14,Scenario,3
ID,26,Time,949.4808,DronePosition,-110.3127,37.72902,-107.379,8.492283,CameraPosition,-103.1162,1.814206,-107.4774,CameraRotation,310.1802,264.7541,0.449735,CurrentState,Approach2,Slider,14,Scenario,3
ID,26,Time,949.4949,DronePosition,-110.3124,37.60801,-107.379,8.562937,CameraPosition,-103.1163,1.814222,-107.4774,CameraRotation,310.1987,264.7496,0.4460603,CurrentState,Approach2,Slider,14,Scenario,3
ID,26,Time,949.5082,DronePosition,-110.3121,37.49286,-107.379,8.629656,CameraPosition,-103.1163,1.814245,-107.4774,CameraRotation,310.21,264.7356,0.450958,CurrentState,Approach2,Slider,14,Scenario,3
ID,26,Time,949.5221,DronePosition,-110.3118,37.37224,-107.379,8.698987,CameraPosition,-103.1163,1.814257,-107.4773,CameraRotation,310.2252,264.7268,0.4568694,CurrentState,Approach2,Slider,14,Scenario,3
ID,26,Time,949.536,DronePosition,-110.3115,37.25002,-107.379,8.768679,CameraPosition,-103.1163,1.814267,-107.4773,CameraRotation,310.2319,264.7162,0.4616103,CurrentState,Approach2,Slider,14,Scenario,3
ID,26,Time,949.5499,DronePosition,-110.3112,37.12721,-107.379,8.83816,CameraPosition,-103.1163,1.814283,-107.4772,CameraRotation,310.242,264.7066,0.4653964,CurrentState,Approach2,Slider,14,Scenario,3
ID,26,Time,949.564,DronePosition,-110.311,37.00188,-107.379,8.908499,CameraPosition,-103.1163,1.814296,-107.4771,CameraRotation,310.2382,264.7013,0.4724969,CurrentState,Approach2,Slider,14,Scenario,3
ID,26,Time,949.5776,DronePosition,-110.3107,36.87937,-107.379,8.976737,CameraPosition,-103.1163,1.814312,-107.4771,CameraRotation,310.243,264.6873,0.4809324,CurrentState,Approach2,Slider,14,Scenario,3
ID,26,Time,949.5917,DronePosition,-110.3104,36.75171,-107.379,9.04729,CameraPosition,-103.1163,1.81433,-107.4772,CameraRotation,310.2612,264.6772,0.4795571,CurrentState,Approach2,Slider,14,Scenario,3
ID,26,Time,949.6057,DronePosition,-110.3101,36.62463,-107.379,9.116982,CameraPosition,-103.1162,1.814349,-107.4772,CameraRotation,310.2833,264.6606,0.49251,CurrentState,Approach2,Slider,14,Scenario,3
ID,26,Time,949.6198,DronePosition,-110.3097,36.49486,-107.379,9.187605,CameraPosition,-103.1162,1.814302,-107.4772,CameraRotation,310.2899,264.6324,0.5148525,CurrentState,Approach2,Slider,14,Scenario,3
ID,26,Time,949.6335,DronePosition,-110.3094,36.3676,-107.379,9.25635,CameraPosition,-103.1162,1.814253,-107.4773,CameraRotation,310.2841,264.6118,0.5357252,CurrentState,Approach2,Slider,14,Scenario,3
ID,26,Time,949.6474,DronePosition,-110.3091,36.23845,-107.379,9.325593,CameraPosition,-103.1162,1.814237,-107.4773,CameraRotation,310.2841,264.5953,0.5525025,CurrentState,Approach2,Slider,14,Scenario,3
ID,26,Time,949.6613,DronePosition,-110.3088,36.10765,-107.379,9.395201,CameraPosition,-103.1161,1.814224,-107.4773,CameraRotation,310.2891,264.5971,0.5457359,CurrentState,Approach2,Slider,14,Scenario,3
ID,26,Time,949.6752,DronePosition,-110.3085,35.97579,-107.379,9.464864,CameraPosition,-103.116,1.814213,-107.4773,CameraRotation,310.2874,264.5864,0.5461544,CurrentState,Approach2,Slider,14,Scenario,3
ID,26,Time,949.6895,DronePosition,-110.3082,35.83961,-107.379,9.536263,CameraPosition,-103.1158,1.814207,-107.4773,CameraRotation,310.2526,264.5737,0.5703587,CurrentState,Approach2,Slider,14,Scenario,3
ID,26,Time,949.7034,DronePosition,-110.3078,35.70662,-107.379,9.605492,CameraPosition,-103.1156,1.814223,-107.4773,CameraRotation,310.2354,264.5717,0.5837478,CurrentState,Approach2,Slider,14,Scenario,3
ID,26,Time,949.7172,DronePosition,-110.3075,35.57262,-107.379,9.674745,CameraPosition,-103.1154,1.81424,-107.4772,CameraRotation,310.2217,264.5876,0.576067,CurrentState,Approach2,Slider,14,Scenario,3
ID,26,Time,949.7308,DronePosition,-110.3072,35.4404,-107.379,9.742602,CameraPosition,-103.1152,1.814237,-107.4772,CameraRotation,310.1914,264.5885,0.5864777,CurrentState,Approach2,Slider,14,Scenario,3
ID,26,Time,949.7448,DronePosition,-110.3069,35.3037,-107.379,9.812261,CameraPosition,-103.1151,1.814252,-107.4772,CameraRotation,310.1466,264.6015,0.5645698,CurrentState,Approach2,Slider,14,Scenario,3
ID,26,Time,949.7587,DronePosition,-110.3065,35.16556,-107.379,9.882154,CameraPosition,-103.1149,1.814264,-107.4772,CameraRotation,310.1071,264.608,0.5497523,CurrentState,Approach2,Slider,14,Scenario,3
ID,26,Time,949.7726,DronePosition,-110.3062,35.0271,-107.379,9.95172,CameraPosition,-103.1148,1.814244,-107.4774,CameraRotation,310.0788,264.5685,0.5847878,CurrentState,Approach2,Slider,14,Scenario,3
ID,26,Time,949.7869,DronePosition,-110.3059,34.88417,-107.379,10.02302,CameraPosition,-103.1146,1.814217,-107.4775,CameraRotation,310.0666,264.5117,0.6430673,CurrentState,Approach2,Slider,14,Scenario,3
ID,26,Time,949.8006,DronePosition,-110.3055,34.74605,-107.379,10.09145,CameraPosition,-103.1145,1.814172,-107.4777,CameraRotation,310.0504,264.4324,0.7248083,CurrentState,Approach2,Slider,14,Scenario,3
ID,26,Time,949.8146,DronePosition,-110.3052,34.60382,-107.379,10.16144,CameraPosition,-103.1144,1.814159,-107.4778,CameraRotation,310.0468,264.373,0.7713809,CurrentState,Approach2,Slider,14,Scenario,3
ID,26,Time,949.8284,DronePosition,-110.3049,34.46277,-107.379,10.23038,CameraPosition,-103.1143,1.814133,-107.4779,CameraRotation,310.041,264.345,0.7811847,CurrentState,Approach2,Slider,14,Scenario,3
ID,26,Time,949.8422,DronePosition,-110.3045,34.32065,-107.379,10.29937,CameraPosition,-103.1142,1.814108,-107.478,CameraRotation,310.0515,264.2965,0.8143287,CurrentState,Approach2,Slider,14,Scenario,3
ID,26,Time,949.8564,DronePosition,-110.3042,34.17299,-107.379,10.37056,CameraPosition,-103.1141,1.814136,-107.478,CameraRotation,310.0497,264.2404,0.8502603,CurrentState,Approach2,Slider,14,Scenario,3
ID,26,Time,949.8702,DronePosition,-110.3038,34.02939,-107.379,10.43934,CameraPosition,-103.1139,1.81419,-107.478,CameraRotation,310.0614,264.2071,0.849841,CurrentState,Approach2,Slider,14,Scenario,3
ID,26,Time,949.884,DronePosition,-110.3035,33.88355,-107.379,10.50873,CameraPosition,-103.1138,1.814218,-107.4779,CameraRotation,310.0692,264.1815,0.8516665,CurrentState,Approach2,Slider,14,Scenario,3
ID,26,Time,949.8987,DronePosition,-110.3031,33.72874,-107.379,10.58188,CameraPosition,-103.1137,1.814225,-107.478,CameraRotation,310.0835,264.1613,0.8580317,CurrentState,Approach2,Slider,14,Scenario,3
ID,26,Time,949.9119,DronePosition,-110.3028,33.58774,-107.379,10.64809,CameraPosition,-103.1136,1.814238,-107.478,CameraRotation,310.0838,264.1726,0.8404448,CurrentState,Approach2,Slider,14,Scenario,3
ID,26,Time,949.9266,DronePosition,-110.3024,33.43036,-107.379,10.72148,CameraPosition,-103.1135,1.814228,-107.478,CameraRotation,310.0816,264.1746,0.836923,CurrentState,Approach2,Slider,14,Scenario,3
ID,26,Time,949.9398,DronePosition,-110.302,33.28825,-107.379,10.78735,CameraPosition,-103.1134,1.814181,-107.4781,CameraRotation,310.1073,264.1698,0.84701,CurrentState,Approach2,Slider,14,Scenario,3
ID,26,Time,949.9536,DronePosition,-110.3017,33.13847,-107.379,10.85634,CameraPosition,-103.1134,1.814134,-107.4781,CameraRotation,310.1289,264.1691,0.8569108,CurrentState,Approach2,Slider,14,Scenario,3
ID,26,Time,949.9674,DronePosition,-110.3013,32.98746,-107.379,10.92544,CameraPosition,-103.1133,1.814124,-107.4781,CameraRotation,310.1393,264.1751,0.8442947,CurrentState,Approach2,Slider,14,Scenario,3
ID,26,Time,949.9816,DronePosition,-110.301,32.83082,-107.379,10.99667,CameraPosition,-103.1132,1.814107,-107.4781,CameraRotation,310.15,264.1962,0.79773,CurrentState,Approach2,Slider,14,Scenario,3
ID,26,Time,949.9953,DronePosition,-110.3006,32.67924,-107.379,11.06516,CameraPosition,-103.1131,1.814088,-107.4781,CameraRotation,310.1535,264.2128,0.7648305,CurrentState,Approach2,Slider,14,Scenario,3
ID,26,Time,950.0096,DronePosition,-110.3002,32.52009,-107.379,11.1,CameraPosition,-103.113,1.814094,-107.478,CameraRotation,310.145,264.2056,0.7602457,CurrentState,Approach2,Slider,14,Scenario,3
ID,26,Time,950.0232,DronePosition,-110.2999,32.36954,-107.379,11.1,CameraPosition,-103.1128,1.814156,-107.4779,CameraRotation,310.1288,264.1843,0.7714148,CurrentState,Approach2,Slider,14,Scenario,3
ID,26,Time,950.0373,DronePosition,-110.2995,32.21317,-107.379,11.1,CameraPosition,-103.1127,1.814205,-107.4778,CameraRotation,310.1248,264.1905,0.7542257,CurrentState,Approach2,Slider,14,Scenario,3
ID,26,Time,950.0513,DronePosition,-110.2991,32.05743,-107.379,11.1,CameraPosition,-103.1126,1.814206,-107.4778,CameraRotation,310.1237,264.1877,0.7567987,CurrentState,Approach2,Slider,14,Scenario,3
ID,26,Time,950.0649,DronePosition,-110.2987,31.90739,-107.379,11.1,CameraPosition,-103.1125,1.814209,-107.4778,CameraRotation,310.1369,264.1862,0.7647021,CurrentState,Approach2,Slider,14,Scenario,3
ID,26,Time,950.0789,DronePosition,-110.2984,31.75201,-107.379,11.1,CameraPosition,-103.1124,1.814204,-107.4778,CameraRotation,310.1428,264.1683,0.7809252,CurrentState,Approach2,Slider,14,Scenario,3
ID,26,Time,950.0929,DronePosition,-110.298,31.59627,-107.379,11.1,CameraPosition,-103.1123,1.814188,-107.4779,CameraRotation,310.1358,264.1624,0.7893939,CurrentState,Approach2,Slider,14,Scenario,3
ID,26,Time,950.107,DronePosition,-110.2976,31.43961,-107.379,11.1,CameraPosition,-103.1122,1.814159,-107.4779,CameraRotation,310.1214,264.1658,0.7782957,CurrentState,Approach2,Slider,14,Scenario,3
ID,26,Time,950.1208,DronePosition,-110.2973,31.28613,-107.379,11.1,CameraPosition,-103.1121,1.814134,-107.4779,CameraRotation,310.1072,264.1613,0.7744685,CurrentState,Approach2,Slider,14,Scenario,3
ID,26,Time,950.1345,DronePosition,-110.2969,31.13451,-107.379,11.1,CameraPosition,-103.112,1.814136,-107.4779,CameraRotation,310.0905,264.1471,0.7772487,CurrentState,Approach2,Slider,14,Scenario,3
ID,26,Time,950.1483,DronePosition,-110.2965,30.98162,-107.379,11.1,CameraPosition,-103.112,1.81414,-107.4779,CameraRotation,310.0718,264.1192,0.796853,CurrentState,Approach2,Slider,14,Scenario,3
ID,26,Time,950.1624,DronePosition,-110.2962,30.82467,-107.379,11.1,CameraPosition,-103.1119,1.814147,-107.4779,CameraRotation,310.0582,264.1071,0.7986018,CurrentState,Approach2,Slider,14,Scenario,3
ID,26,Time,950.1762,DronePosition,-110.2958,30.67139,-107.379,11.1,CameraPosition,-103.1118,1.81416,-107.4778,CameraRotation,310.0672,264.1078,0.7894356,CurrentState,Approach2,Slider,14,Scenario,3
ID,26,Time,950.1904,DronePosition,-110.2954,30.51385,-107.379,11.1,CameraPosition,-103.1117,1.81419,-107.4777,CameraRotation,310.0978,264.1445,0.7422842,CurrentState,Approach2,Slider,14,Scenario,3
ID,26,Time,950.2042,DronePosition,-110.295,30.36113,-107.379,11.1,CameraPosition,-103.1116,1.814186,-107.4777,CameraRotation,310.1137,264.1582,0.7337384,CurrentState,Approach2,Slider,14,Scenario,3
ID,26,Time,950.2181,DronePosition,-110.2947,30.20682,-107.379,11.1,CameraPosition,-103.1116,1.814184,-107.4776,CameraRotation,310.1344,264.1808,0.7142802,CurrentState,Approach2,Slider,14,Scenario,3
ID,26,Time,950.2321,DronePosition,-110.2943,30.05108,-107.379,11.1,CameraPosition,-103.1116,1.814177,-107.4776,CameraRotation,310.1483,264.201,0.6892954,CurrentState,Approach2,Slider,14,Scenario,3
ID,26,Time,950.246,DronePosition,-110.2939,29.89725,-107.379,11.1,CameraPosition,-103.1116,1.81418,-107.4776,CameraRotation,310.1736,264.2157,0.675575,CurrentState,Approach2,Slider,14,Scenario,3
ID,26,Time,950.2601,DronePosition,-110.2936,29.74011,-107.379,11.1,CameraPosition,-103.1116,1.814131,-107.4777,CameraRotation,310.1977,264.2331,0.6610364,CurrentState,Approach2,Slider,14,Scenario,3
ID,26,Time,950.2739,DronePosition,-110.2932,29.5876,-107.379,11.1,CameraPosition,-103.1117,1.814071,-107.4777,CameraRotation,310.2068,264.2513,0.6425076,CurrentState,Approach2,Slider,14,Scenario,3
ID,26,Time,950.2877,DronePosition,-110.2928,29.43349,-107.379,11.1,CameraPosition,-103.1117,1.814049,-107.4777,CameraRotation,310.2314,264.2608,0.6423693,CurrentState,Approach2,Slider,14,Scenario,3
ID,26,Time,950.302,DronePosition,-110.2924,29.27537,-107.379,11.1,CameraPosition,-103.1117,1.814023,-107.4777,CameraRotation,310.2589,264.2741,0.6437438,CurrentState,Approach2,Slider,14,Scenario,3
ID,26,Time,950.3162,DronePosition,-110.2921,29.11824,-107.379,11.1,CameraPosition,-103.1118,1.814001,-107.4777,CameraRotation,310.2961,264.2729,0.635174,CurrentState,Approach2,Slider,14,Scenario,3
ID,26,Time,950.33,DronePosition,-110.2917,28.96495,-107.379,11.1,CameraPosition,-103.1118,1.814008,-107.4778,CameraRotation,310.3277,264.2717,0.6171534,CurrentState,Approach2,Slider,14,Scenario,3
ID,26,Time,950.3436,DronePosition,-110.2913,28.81366,-107.379,11.1,CameraPosition,-103.1118,1.814048,-107.4777,CameraRotation,310.3612,264.2574,0.6233259,CurrentState,Approach2,Slider,14,Scenario,3
ID,26,Time,950.3574,DronePosition,-110.291,28.66057,-107.379,11.1,CameraPosition,-103.1118,1.81408,-107.4777,CameraRotation,310.3989,264.2387,0.6369588,CurrentState,Approach2,Slider,14,Scenario,3
ID,26,Time,950.3715,DronePosition,-110.2906,28.50429,-107.379,11.1,CameraPosition,-103.1118,1.814088,-107.4777,CameraRotation,310.4248,264.2242,0.650857,CurrentState,Approach2,Slider,14,Scenario,3
ID,26,Time,950.3853,DronePosition,-110.2902,28.35133,-107.379,11.1,CameraPosition,-103.1119,1.814069,-107.4777,CameraRotation,310.4536,264.2132,0.6606851,CurrentState,Approach2,Slider,14,Scenario,3
ID,26,Time,950.3992,DronePosition,-110.2899,28.19635,-107.379,11.1,CameraPosition,-103.112,1.814028,-107.4777,CameraRotation,310.5017,264.2,0.6689222,CurrentState,Approach2,Slider,14,Scenario,3
ID,26,Time,950.4132,DronePosition,-110.2895,28.04089,-107.379,11.1,CameraPosition,-103.1121,1.813939,-107.4778,CameraRotation,310.5599,264.2093,0.6456611,CurrentState,Approach2,Slider,14,Scenario,3
ID,26,Time,950.4272,DronePosition,-110.2891,27.88537,-107.379,11.1,CameraPosition,-103.1123,1.813864,-107.4779,CameraRotation,310.5963,264.2164,0.6277509,CurrentState,Approach2,Slider,14,Scenario,3
ID,26,Time,950.441,DronePosition,-110.2887,27.73182,-107.379,11.1,CameraPosition,-103.1124,1.813832,-107.4779,CameraRotation,310.6085,264.2188,0.6188102,CurrentState,Approach2,Slider,14,Scenario,3
ID,26,Time,950.4549,DronePosition,-110.2884,27.57772,-107.379,11.1,CameraPosition,-103.1125,1.813834,-107.4779,CameraRotation,310.6331,264.2171,0.6243247,CurrentState,Approach2,Slider,14,Scenario,3
ID,26,Time,950.469,DronePosition,-110.288,27.42159,-107.379,11.1,CameraPosition,-103.1127,1.81381,-107.4779,CameraRotation,310.7109,264.2226,0.6171152,CurrentState,Approach2,Slider,14,Scenario,3
ID,26,Time,950.4828,DronePosition,-110.2876,27.2681,-107.379,11.1,CameraPosition,-103.1129,1.81377,-107.4779,CameraRotation,310.8058,264.2365,0.6065805,CurrentState,Approach2,Slider,14,Scenario,3
ID,26,Time,950.4966,DronePosition,-110.2873,27.11428,-107.379,11.1,CameraPosition,-103.113,1.813759,-107.4778,CameraRotation,310.881,264.2672,0.5784146,CurrentState,Approach2,Slider,14,Scenario,3
ID,26,Time,950.5107,DronePosition,-110.2869,26.95886,-107.379,11.1,CameraPosition,-103.1131,1.813772,-107.4777,CameraRotation,310.9291,264.3215,0.5017813,CurrentState,Approach2,Slider,14,Scenario,3
ID,26,Time,950.525,DronePosition,-110.2865,26.79971,-107.379,11.1,CameraPosition,-103.1133,1.813786,-107.4777,CameraRotation,310.9713,264.3795,0.4137773,CurrentState,Approach2,Slider,14,Scenario,3
ID,26,Time,950.5387,DronePosition,-110.2861,26.64761,-107.379,11.1,CameraPosition,-103.1135,1.813792,-107.4777,CameraRotation,311.0394,264.3814,0.4081587,CurrentState,Approach2,Slider,14,Scenario,3
ID,26,Time,950.5527,DronePosition,-110.2858,26.49268,-107.379,11.1,CameraPosition,-103.1137,1.813773,-107.4777,CameraRotation,311.1244,264.3633,0.4350484,CurrentState,Approach2,Slider,14,Scenario,3
ID,26,Time,950.566,DronePosition,-110.2854,26.34406,-107.379,11.1,CameraPosition,-103.1139,1.813739,-107.4778,CameraRotation,311.2122,264.3594,0.4376897,CurrentState,Approach2,Slider,14,Scenario,3
ID,26,Time,950.5801,DronePosition,-110.285,26.18777,-107.379,11.1,CameraPosition,-103.1141,1.813665,-107.4779,CameraRotation,311.2989,264.373,0.42886,CurrentState,Approach2,Slider,14,Scenario,3
ID,26,Time,950.5942,DronePosition,-110.2847,26.03207,-107.379,11.1,CameraPosition,-103.1143,1.813605,-107.478,CameraRotation,311.3593,264.3725,0.4236607,CurrentState,Approach2,Slider,14,Scenario,3
ID,26,Time,950.6082,DronePosition,-110.2843,25.87702,-107.379,11.1,CameraPosition,-103.1145,1.813601,-107.478,CameraRotation,311.4196,264.3686,0.4282245,CurrentState,Approach2,Slider,14,Scenario,3
ID,26,Time,950.6224,DronePosition,-110.2839,25.71832,-107.379,11.1,CameraPosition,-103.1147,1.813596,-107.4781,CameraRotation,311.4847,264.3581,0.4323657,CurrentState,Approach2,Slider,14,Scenario,3
ID,26,Time,950.6363,DronePosition,-110.2835,25.56421,-107.379,11.1,CameraPosition,-103.1149,1.813555,-107.4782,CameraRotation,311.5594,264.3336,0.4227155,CurrentState,Approach2,Slider,14,Scenario,3
ID,26,Time,950.65,DronePosition,-110.2832,25.4128,-107.379,11.1,CameraPosition,-103.1151,1.813516,-107.4782,CameraRotation,311.6508,264.2979,0.4295523,CurrentState,Approach2,Slider,14,Scenario,3
ID,26,Time,950.6638,DronePosition,-110.2828,25.25921,-107.379,11.1,CameraPosition,-103.1153,1.813502,-107.4783,CameraRotation,311.7395,264.2646,0.442839,CurrentState,Approach2,Slider,14,Scenario,3
ID,26,Time,950.6777,DronePosition,-110.2824,25.10428,-107.379,11.1,CameraPosition,-103.1155,1.813491,-107.4783,CameraRotation,311.8352,264.2322,0.4448897,CurrentState,Approach2,Slider,14,Scenario,3
ID,26,Time,950.6922,DronePosition,-110.2821,24.94374,-107.379,11.1,CameraPosition,-103.1157,1.813462,-107.4784,CameraRotation,311.9285,264.2046,0.4650096,CurrentState,Approach2,Slider,14,Scenario,3
ID,26,Time,950.706,DronePosition,-110.2817,24.79049,-107.379,11.1,CameraPosition,-103.116,1.813458,-107.4785,CameraRotation,311.9943,264.1436,0.5248763,CurrentState,Approach2,Slider,14,Scenario,3
ID,26,Time,950.7196,DronePosition,-110.2813,24.63984,-107.379,11.1,CameraPosition,-103.1162,1.813453,-107.4786,CameraRotation,312.0748,264.1059,0.571914,CurrentState,Approach2,Slider,14,Scenario,3
ID,26,Time,950.7336,DronePosition,-110.281,24.4843,-107.379,11.1,CameraPosition,-103.1165,1.813409,-107.4787,CameraRotation,312.1689,264.118,0.54215,CurrentState,Approach2,Slider,14,Scenario,3
ID,26,Time,950.7474,DronePosition,-110.2806,24.3312,-107.379,11.1,CameraPosition,-103.1168,1.813346,-107.4787,CameraRotation,312.2841,264.1654,0.4601184,CurrentState,Approach2,Slider,14,Scenario,3
ID,26,Time,950.7614,DronePosition,-110.2802,24.17595,-107.379,11.1,CameraPosition,-103.1172,1.813309,-107.4788,CameraRotation,312.3966,264.1957,0.4124584,CurrentState,Approach2,Slider,14,Scenario,3
ID,26,Time,950.7754,DronePosition,-110.2798,24.02058,-107.379,11.1,CameraPosition,-103.1175,1.81331,-107.4788,CameraRotation,312.5032,264.1991,0.4037781,CurrentState,Approach2,Slider,14,Scenario,3
ID,26,Time,950.7891,DronePosition,-110.2795,23.8678,-107.379,11.1,CameraPosition,-103.1179,1.81332,-107.4789,CameraRotation,312.6122,264.1908,0.413702,CurrentState,Approach2,Slider,14,Scenario,3
ID,26,Time,950.8034,DronePosition,-110.2791,23.70948,-107.379,11.1,CameraPosition,-103.1183,1.813307,-107.4789,CameraRotation,312.73,264.212,0.3680488,CurrentState,Approach2,Slider,14,Scenario,3
ID,26,Time,950.817,DronePosition,-110.2787,23.55919,-107.379,11.1,CameraPosition,-103.1187,1.813257,-107.479,CameraRotation,312.8706,264.2304,0.3294538,CurrentState,Approach2,Slider,14,Scenario,3
ID,26,Time,950.8309,DronePosition,-110.2784,23.40396,-107.379,11.1,CameraPosition,-103.1192,1.813171,-107.479,CameraRotation,313.0381,264.2426,0.2967962,CurrentState,Approach2,Slider,14,Scenario,3
ID,26,Time,950.845,DronePosition,-110.278,23.24847,-107.379,11.1,CameraPosition,-103.1198,1.813064,-107.479,CameraRotation,313.2511,264.2652,0.2664115,CurrentState,Approach2,Slider,14,Scenario,3
ID,26,Time,950.8589,DronePosition,-110.2776,23.09376,-107.379,11.1,CameraPosition,-103.1204,1.812961,-107.4791,CameraRotation,313.48,264.2782,0.244308,CurrentState,Approach2,Slider,14,Scenario,3
ID,26,Time,950.8728,DronePosition,-110.2772,22.93934,-107.379,11.1,CameraPosition,-103.1211,1.812879,-107.4791,CameraRotation,313.7304,264.3075,0.1894529,CurrentState,Approach2,Slider,14,Scenario,3
ID,26,Time,950.8867,DronePosition,-110.2769,22.78507,-107.379,11.1,CameraPosition,-103.1218,1.81284,-107.4791,CameraRotation,313.9896,264.3456,0.1132493,CurrentState,Approach2,Slider,14,Scenario,3
ID,26,Time,950.9005,DronePosition,-110.2765,22.63227,-107.379,11.1,CameraPosition,-103.1225,1.812763,-107.4792,CameraRotation,314.2441,264.3766,0.02227809,CurrentState,Approach2,Slider,14,Scenario,3
ID,26,Time,950.9145,DronePosition,-110.2761,22.47659,-107.379,11.1,CameraPosition,-103.1232,1.812703,-107.4792,CameraRotation,314.4883,264.4308,359.9353,CurrentState,Approach2,Slider,14,Scenario,3
ID,26,Time,950.9294,DronePosition,-110.2757,22.31098,-107.379,11.1,CameraPosition,-103.1239,1.812713,-107.4792,CameraRotation,314.7218,264.4797,359.867,CurrentState,Approach2,Slider,14,Scenario,3
ID,26,Time,950.9426,DronePosition,-110.2754,22.16436,-107.379,11.1,CameraPosition,-103.1247,1.81272,-107.4792,CameraRotation,314.9585,264.519,359.8007,CurrentState,Approach2,Slider,14,Scenario,3
ID,26,Time,950.9563,DronePosition,-110.275,22.01245,-107.379,11.1,CameraPosition,-103.1254,1.812708,-107.4792,CameraRotation,315.2097,264.5585,359.7,CurrentState,Approach2,Slider,14,Scenario,3
ID,26,Time,950.9702,DronePosition,-110.2747,21.85833,-107.379,11.1,CameraPosition,-103.1261,1.812671,-107.4792,CameraRotation,315.4688,264.5751,359.6382,CurrentState,Approach2,Slider,14,Scenario,3
ID,26,Time,950.9838,DronePosition,-110.2743,21.70741,-107.379,11.1,CameraPosition,-103.1268,1.812643,-107.4792,CameraRotation,315.7204,264.582,359.5987,CurrentState,Approach2,Slider,14,Scenario,3
ID,26,Time,950.9976,DronePosition,-110.2739,21.55468,-107.379,11.1,CameraPosition,-103.1275,1.812623,-107.4793,CameraRotation,315.928,264.5586,359.5818,CurrentState,Approach2,Slider,14,Scenario,3
ID,26,Time,951.0115,DronePosition,-110.2736,21.39938,-107.379,11.1,CameraPosition,-103.1281,1.812618,-107.4793,CameraRotation,316.1255,264.553,359.5614,CurrentState,Approach2,Slider,14,Scenario,3
ID,26,Time,951.0259,DronePosition,-110.2732,21.24007,-107.379,11.1,CameraPosition,-103.1288,1.812623,-107.4793,CameraRotation,316.2781,264.5608,359.5489,CurrentState,Approach2,Slider,14,Scenario,3
ID,26,Time,951.0394,DronePosition,-110.2728,21.08997,-107.379,11.1,CameraPosition,-103.1294,1.812629,-107.4794,CameraRotation,316.4477,264.5825,359.5063,CurrentState,Approach2,Slider,14,Scenario,3
ID,26,Time,951.0536,DronePosition,-110.2724,20.93235,-107.379,11.1,CameraPosition,-103.13,1.812582,-107.4794,CameraRotation,316.6275,264.594,359.483,CurrentState,Approach2,Slider,14,Scenario,3
ID,26,Time,951.0674,DronePosition,-110.2721,20.77906,-107.379,11.1,CameraPosition,-103.1306,1.812496,-107.4795,CameraRotation,316.815,264.6152,359.4716,CurrentState,Approach2,Slider,14,Scenario,3
ID,26,Time,951.0812,DronePosition,-110.2717,20.6258,-107.379,11.1,CameraPosition,-103.1313,1.812379,-107.4796,CameraRotation,316.9857,264.6342,359.4684,CurrentState,Approach2,Slider,14,Scenario,3
ID,26,Time,951.0949,DronePosition,-110.2713,20.47352,-107.379,11.1,CameraPosition,-103.1318,1.812304,-107.4796,CameraRotation,317.1343,264.6527,359.4677,CurrentState,Approach2,Slider,14,Scenario,3
ID,26,Time,951.1091,DronePosition,-110.271,20.31618,-107.379,11.1,CameraPosition,-103.1323,1.812289,-107.4796,CameraRotation,317.2163,264.6787,359.4626,CurrentState,Approach2,Slider,14,Scenario,3
ID,26,Time,951.1228,DronePosition,-110.2706,20.16403,-107.379,11.1,CameraPosition,-103.1328,1.812299,-107.4796,CameraRotation,317.2691,264.7159,359.4362,CurrentState,Approach2,Slider,14,Scenario,3
ID,26,Time,951.1368,DronePosition,-110.2702,20.00822,-107.379,11.1,CameraPosition,-103.1332,1.812302,-107.4795,CameraRotation,317.3671,264.7534,359.4004,CurrentState,Approach2,Slider,14,Scenario,3
ID,26,Time,951.1509,DronePosition,-110.2699,19.85213,-107.379,11.1,CameraPosition,-103.1336,1.812268,-107.4794,CameraRotation,317.4861,264.7986,359.3595,CurrentState,Approach2,Slider,14,Scenario,3
ID,26,Time,951.1645,DronePosition,-110.2695,19.70136,-107.379,11.1,CameraPosition,-103.134,1.812231,-107.4793,CameraRotation,317.5897,264.8379,359.3119,CurrentState,Approach2,Slider,14,Scenario,3
ID,26,Time,951.1786,DronePosition,-110.2691,19.54526,-107.379,11.1,CameraPosition,-103.1344,1.812224,-107.4793,CameraRotation,317.6393,264.8786,359.2744,CurrentState,Approach2,Slider,14,Scenario,3
ID,26,Time,951.1924,DronePosition,-110.2688,19.39197,-107.379,11.1,CameraPosition,-103.1348,1.812252,-107.4793,CameraRotation,317.6404,264.8979,359.2729,CurrentState,Approach2,Slider,14,Scenario,3
ID,26,Time,951.2062,DronePosition,-110.2684,19.23838,-107.379,11.1,CameraPosition,-103.1351,1.81229,-107.4792,CameraRotation,317.637,264.9189,359.2746,CurrentState,Approach2,Slider,14,Scenario,3
ID,26,Time,951.2205,DronePosition,-110.268,19.07981,-107.379,11.1,CameraPosition,-103.1355,1.81227,-107.4792,CameraRotation,317.6756,264.9458,359.2533,CurrentState,Approach2,Slider,14,Scenario,3
ID,26,Time,951.2342,DronePosition,-110.2676,18.92762,-107.379,11.1,CameraPosition,-103.136,1.812217,-107.4792,CameraRotation,317.7405,264.9825,359.2218,CurrentState,Approach2,Slider,14,Scenario,3
ID,26,Time,951.248,DronePosition,-110.2673,18.77482,-107.379,11.03074,CameraPosition,-103.1364,1.812207,-107.4792,CameraRotation,317.7969,265.0279,359.1749,CurrentState,Approach2,Slider,14,Scenario,3
ID,26,Time,951.262,DronePosition,-110.2669,18.62203,-107.379,10.96104,CameraPosition,-103.1369,1.812207,-107.4791,CameraRotation,317.8523,265.0623,359.1242,CurrentState,Approach2,Slider,14,Scenario,3
ID,26,Time,951.2758,DronePosition,-110.2665,18.47134,-107.379,10.89187,CameraPosition,-103.1373,1.812217,-107.4791,CameraRotation,317.923,265.072,359.1177,CurrentState,Approach2,Slider,14,Scenario,3
ID,26,Time,951.2899,DronePosition,-110.2662,18.31872,-107.379,10.82135,CameraPosition,-103.1378,1.812248,-107.4791,CameraRotation,317.9818,265.0802,359.1144,CurrentState,Approach2,Slider,14,Scenario,3
ID,26,Time,951.3041,DronePosition,-110.2658,18.16692,-107.379,10.75075,CameraPosition,-103.1383,1.812252,-107.479,CameraRotation,318.056,265.0876,359.1124,CurrentState,Approach2,Slider,14,Scenario,3
ID,26,Time,951.318,DronePosition,-110.2655,18.01781,-107.379,10.68094,CameraPosition,-103.1388,1.812208,-107.4788,CameraRotation,318.1592,265.1157,359.0907,CurrentState,Approach2,Slider,14,Scenario,3
ID,26,Time,951.3317,DronePosition,-110.2651,17.87249,-107.379,10.61248,CameraPosition,-103.1394,1.812092,-107.4788,CameraRotation,318.3088,265.1682,359.0504,CurrentState,Approach2,Slider,14,Scenario,3
ID,26,Time,951.3455,DronePosition,-110.2648,17.72711,-107.379,10.54353,CameraPosition,-103.1401,1.811952,-107.4787,CameraRotation,318.4609,265.2244,359.0092,CurrentState,Approach2,Slider,14,Scenario,3
ID,26,Time,951.3595,DronePosition,-110.2644,17.58047,-107.379,10.47353,CameraPosition,-103.1407,1.811852,-107.4786,CameraRotation,318.6247,265.2621,358.9883,CurrentState,Approach2,Slider,14,Scenario,3
ID,26,Time,951.3735,DronePosition,-110.2641,17.43499,-107.379,10.40361,CameraPosition,-103.1414,1.811798,-107.4785,CameraRotation,318.7718,265.308,358.9456,CurrentState,Approach2,Slider,14,Scenario,3
ID,26,Time,951.3875,DronePosition,-110.2637,17.29091,-107.379,10.3339,CameraPosition,-103.1421,1.811763,-107.4784,CameraRotation,318.916,265.3686,358.8872,CurrentState,Approach2,Slider,14,Scenario,3
ID,26,Time,951.4011,DronePosition,-110.2634,17.15048,-107.379,10.2655,CameraPosition,-103.1428,1.81173,-107.4783,CameraRotation,319.1056,265.434,358.8159,CurrentState,Approach2,Slider,14,Scenario,3
ID,26,Time,951.4155,DronePosition,-110.263,17.00391,-107.379,10.19361,CameraPosition,-103.1435,1.811674,-107.4781,CameraRotation,319.3015,265.5054,358.7457,CurrentState,Approach2,Slider,14,Scenario,3
ID,26,Time,951.4293,DronePosition,-110.2627,16.86475,-107.379,10.12488,CameraPosition,-103.1443,1.811588,-107.478,CameraRotation,319.5115,265.6045,358.6703,CurrentState,Approach2,Slider,14,Scenario,3
ID,26,Time,951.443,DronePosition,-110.2624,16.72651,-107.379,10.05615,CameraPosition,-103.1451,1.811501,-107.4778,CameraRotation,319.7394,265.6856,358.6161,CurrentState,Approach2,Slider,14,Scenario,3
ID,26,Time,951.457,DronePosition,-110.262,16.58702,-107.379,9.986309,CameraPosition,-103.1457,1.811458,-107.4775,CameraRotation,319.9441,265.7714,358.5718,CurrentState,Approach2,Slider,14,Scenario,3
ID,26,Time,951.4709,DronePosition,-110.2617,16.44899,-107.379,9.916712,CameraPosition,-103.1464,1.811415,-107.4772,CameraRotation,320.139,265.8778,358.526,CurrentState,Approach2,Slider,14,Scenario,3
ID,26,Time,951.4846,DronePosition,-110.2614,16.31339,-107.379,9.847865,CameraPosition,-103.1472,1.81133,-107.4769,CameraRotation,320.373,266.012,358.4265,CurrentState,Approach2,Slider,14,Scenario,3
ID,26,Time,951.4985,DronePosition,-110.261,16.17828,-107.379,9.778781,CameraPosition,-103.148,1.811216,-107.4766,CameraRotation,320.64,266.1819,358.2911,CurrentState,Approach2,Slider,14,Scenario,3
ID,26,Time,951.5127,DronePosition,-110.2607,16.04005,-107.379,9.707586,CameraPosition,-103.1488,1.811106,-107.4763,CameraRotation,320.915,266.3595,358.1641,CurrentState,Approach2,Slider,14,Scenario,3
ID,26,Time,951.5266,DronePosition,-110.2604,15.90585,-107.379,9.637963,CameraPosition,-103.1496,1.811007,-107.476,CameraRotation,321.1794,266.5104,358.0451,CurrentState,Approach2,Slider,14,Scenario,3
ID,26,Time,951.5405,DronePosition,-110.2601,15.77281,-107.379,9.568442,CameraPosition,-103.1505,1.810856,-107.4758,CameraRotation,321.4434,266.6586,357.9225,CurrentState,Approach2,Slider,14,Scenario,3
ID,26,Time,951.5543,DronePosition,-110.2598,15.64144,-107.379,9.499298,CameraPosition,-103.1513,1.810685,-107.4755,CameraRotation,321.691,266.8055,357.7939,CurrentState,Approach2,Slider,14,Scenario,3
ID,26,Time,951.5686,DronePosition,-110.2594,15.50722,-107.379,9.428112,CameraPosition,-103.1521,1.810533,-107.4752,CameraRotation,321.938,266.9361,357.6663,CurrentState,Approach2,Slider,14,Scenario,3
ID,26,Time,951.582,DronePosition,-110.2591,15.3812,-107.379,9.360804,CameraPosition,-103.1529,1.810387,-107.475,CameraRotation,322.2284,267.0589,357.5385,CurrentState,Approach2,Slider,14,Scenario,3
ID,26,Time,951.5962,DronePosition,-110.2588,15.24989,-107.379,9.290131,CameraPosition,-103.1536,1.810218,-107.4748,CameraRotation,322.5263,267.1557,357.4398,CurrentState,Approach2,Slider,14,Scenario,3
ID,26,Time,951.6098,DronePosition,-110.2585,15.12426,-107.379,9.222018,CameraPosition,-103.1543,1.810065,-107.4745,CameraRotation,322.7922,267.2444,357.3541,CurrentState,Approach2,Slider,14,Scenario,3
ID,26,Time,951.6238,DronePosition,-110.2582,14.99653,-107.379,9.152236,CameraPosition,-103.1549,1.80998,-107.4743,CameraRotation,323.0124,267.3106,357.2814,CurrentState,Approach2,Slider,14,Scenario,3
ID,26,Time,951.6379,DronePosition,-110.2579,14.86802,-107.379,9.081478,CameraPosition,-103.1555,1.809932,-107.474,CameraRotation,323.192,267.3511,357.2102,CurrentState,Approach2,Slider,14,Scenario,3
ID,26,Time,951.6519,DronePosition,-110.2576,14.74257,-107.379,9.01188,CameraPosition,-103.1561,1.809847,-107.4739,CameraRotation,323.3594,267.3906,357.152,CurrentState,Approach2,Slider,14,Scenario,3
ID,26,Time,951.6656,DronePosition,-110.2573,14.61932,-107.379,8.942968,CameraPosition,-103.1567,1.809769,-107.4738,CameraRotation,323.54,267.4176,357.1034,CurrentState,Approach2,Slider,14,Scenario,3
ID,26,Time,951.6796,DronePosition,-110.257,14.49486,-107.379,8.872835,CameraPosition,-103.1573,1.809622,-107.4737,CameraRotation,323.7539,267.4406,357.0692,CurrentState,Approach2,Slider,14,Scenario,3
ID,26,Time,951.6938,DronePosition,-110.2567,14.37013,-107.379,8.801978,CameraPosition,-103.1579,1.80942,-107.4737,CameraRotation,324.0124,267.4611,357.0295,CurrentState,Approach2,Slider,14,Scenario,3
ID,26,Time,951.7073,DronePosition,-110.2564,14.25195,-107.379,8.734328,CameraPosition,-103.1585,1.80922,-107.4736,CameraRotation,324.2446,267.4829,357.0147,CurrentState,Approach2,Slider,14,Scenario,3
ID,26,Time,951.7216,DronePosition,-110.2561,14.12816,-107.379,8.662881,CameraPosition,-103.1591,1.809083,-107.4736,CameraRotation,324.4027,267.4774,357.0036,CurrentState,Approach2,Slider,14,Scenario,3
ID,26,Time,951.7353,DronePosition,-110.2559,14.01079,-107.379,8.5946,CameraPosition,-103.1595,1.809025,-107.4736,CameraRotation,324.5312,267.4575,357.0064,CurrentState,Approach2,Slider,14,Scenario,3
ID,26,Time,951.7491,DronePosition,-110.2556,13.89323,-107.379,8.52565,CameraPosition,-103.16,1.808979,-107.4736,CameraRotation,324.6583,267.4348,357.0063,CurrentState,Approach2,Slider,14,Scenario,3
ID,26,Time,951.7631,DronePosition,-110.2553,13.77427,-107.379,8.455307,CameraPosition,-103.1604,1.808876,-107.4736,CameraRotation,324.8242,267.4152,356.9935,CurrentState,Approach2,Slider,14,Scenario,3
ID,26,Time,951.7776,DronePosition,-110.255,13.65328,-107.379,8.38314,CameraPosition,-103.1608,1.80874,-107.4736,CameraRotation,325.043,267.3768,356.9997,CurrentState,Approach2,Slider,14,Scenario,3
ID,26,Time,951.7911,DronePosition,-110.2547,13.54062,-107.379,8.315398,CameraPosition,-103.1612,1.808628,-107.4736,CameraRotation,325.2776,267.3268,357.0247,CurrentState,Approach2,Slider,14,Scenario,3
ID,26,Time,951.8049,DronePosition,-110.2545,13.42736,-107.379,8.246733,CameraPosition,-103.1616,1.808552,-107.4736,CameraRotation,325.4371,267.2795,357.0648,CurrentState,Approach2,Slider,14,Scenario,3
ID,26,Time,951.819,DronePosition,-110.2542,13.31172,-107.379,8.176014,CameraPosition,-103.162,1.808516,-107.4737,CameraRotation,325.5267,267.2432,357.0941,CurrentState,Approach2,Slider,14,Scenario,3
ID,26,Time,951.8328,DronePosition,-110.2539,13.20036,-107.379,8.107329,CameraPosition,-103.1623,1.8085,-107.4737,CameraRotation,325.5709,267.2226,357.1078,CurrentState,Approach2,Slider,14,Scenario,3
ID,26,Time,951.8466,DronePosition,-110.2537,13.08924,-107.379,8.038209,CameraPosition,-103.1627,1.808451,-107.4738,CameraRotation,325.6743,267.2032,357.12,CurrentState,Approach2,Slider,14,Scenario,3
ID,26,Time,951.8604,DronePosition,-110.2534,12.97879,-107.379,7.968909,CameraPosition,-103.1631,1.808304,-107.4738,CameraRotation,325.8494,267.1849,357.1183,CurrentState,Approach2,Slider,14,Scenario,3
ID,26,Time,951.8745,DronePosition,-110.2531,12.86821,-107.379,7.898912,CameraPosition,-103.1636,1.808115,-107.4739,CameraRotation,326.0664,267.1707,357.1092,CurrentState,Approach2,Slider,14,Scenario,3
ID,26,Time,951.8884,DronePosition,-110.2529,12.75905,-107.379,7.829199,CameraPosition,-103.164,1.807988,-107.4739,CameraRotation,326.2543,267.1569,357.1023,CurrentState,Approach2,Slider,14,Scenario,3
ID,26,Time,951.9024,DronePosition,-110.2526,12.65009,-107.379,7.758984,CameraPosition,-103.1644,1.807928,-107.4739,CameraRotation,326.3712,267.1493,357.0941,CurrentState,Approach2,Slider,14,Scenario,3
ID,26,Time,951.9166,DronePosition,-110.2523,12.54141,-107.379,7.688308,CameraPosition,-103.1648,1.80789,-107.474,CameraRotation,326.446,267.1374,357.0865,CurrentState,Approach2,Slider,14,Scenario,3
ID,26,Time,951.9304,DronePosition,-110.2521,12.43593,-107.379,7.619083,CameraPosition,-103.1652,1.807834,-107.474,CameraRotation,326.5729,267.0928,357.0739,CurrentState,Approach2,Slider,14,Scenario,3
ID,26,Time,951.9442,DronePosition,-110.2518,12.332,-107.379,7.550261,CameraPosition,-103.1656,1.807763,-107.4741,CameraRotation,326.7489,267.0692,357.041,CurrentState,Approach2,Slider,14,Scenario,3
ID,26,Time,951.958,DronePosition,-110.2516,12.22825,-107.379,7.480916,CameraPosition,-103.166,1.807637,-107.4741,CameraRotation,326.955,267.0342,357.0262,CurrentState,Approach2,Slider,14,Scenario,3
ID,26,Time,951.9749,DronePosition,-110.2513,12.10397,-107.379,7.396905,CameraPosition,-103.1665,1.807495,-107.4742,CameraRotation,327.1655,267.0117,356.9796,CurrentState,Approach2,Slider,14,Scenario,3
ID,26,Time,951.9862,DronePosition,-110.2511,12.02028,-107.379,7.339897,CameraPosition,-103.167,1.807381,-107.4743,CameraRotation,327.3322,266.9885,356.9403,CurrentState,Approach2,Slider,14,Scenario,3
ID,26,Time,951.9998,DronePosition,-110.2509,11.92205,-107.379,7.272359,CameraPosition,-103.1675,1.807311,-107.4745,CameraRotation,327.4549,266.9661,356.8886,CurrentState,Approach2,Slider,14,Scenario,3
ID,26,Time,952.0137,DronePosition,-110.2506,11.82114,-107.379,7.202308,CameraPosition,-103.1679,1.807209,-107.4746,CameraRotation,327.6046,266.912,356.87,CurrentState,Approach2,Slider,14,Scenario,3
ID,26,Time,952.0281,DronePosition,-110.2504,11.7189,-107.379,7.130613,CameraPosition,-103.1684,1.807034,-107.4748,CameraRotation,327.8015,266.8368,356.8691,CurrentState,Approach2,Slider,14,Scenario,3
ID,26,Time,952.0419,DronePosition,-110.2501,11.62095,-107.379,7.061255,CameraPosition,-103.1689,1.806844,-107.475,CameraRotation,328.0376,266.7704,356.8965,CurrentState,Approach2,Slider,14,Scenario,3
ID,26,Time,952.0555,DronePosition,-110.2499,11.52654,-107.379,6.993763,CameraPosition,-103.1694,1.806664,-107.4752,CameraRotation,328.2564,266.7462,356.9439,CurrentState,Approach2,Slider,14,Scenario,3
ID,26,Time,952.0693,DronePosition,-110.2497,11.43062,-107.379,6.9245,CameraPosition,-103.1699,1.806518,-107.4753,CameraRotation,328.4673,266.7681,356.9929,CurrentState,Approach2,Slider,14,Scenario,3
ID,26,Time,952.083,DronePosition,-110.2495,11.33674,-107.379,6.856033,CameraPosition,-103.1704,1.8064,-107.4754,CameraRotation,328.6725,266.8183,357.0172,CurrentState,Approach2,Slider,14,Scenario,3
ID,26,Time,952.0972,DronePosition,-110.2492,11.24015,-107.379,6.784855,CameraPosition,-103.1708,1.806321,-107.4755,CameraRotation,328.8731,266.8903,357.0315,CurrentState,Approach2,Slider,14,Scenario,3
ID,26,Time,952.1111,DronePosition,-110.249,11.14662,-107.379,6.71521,CameraPosition,-103.1713,1.806252,-107.4756,CameraRotation,329.0574,266.918,357.0567,CurrentState,Approach2,Slider,14,Scenario,3
ID,26,Time,952.1252,DronePosition,-110.2488,11.05303,-107.379,6.644791,CameraPosition,-103.1718,1.806126,-107.4758,CameraRotation,329.2585,266.9156,357.0979,CurrentState,Approach2,Slider,14,Scenario,3
ID,26,Time,952.1388,DronePosition,-110.2486,10.96386,-107.379,6.576997,CameraPosition,-103.1723,1.805938,-107.476,CameraRotation,329.4933,266.8834,357.1263,CurrentState,Approach2,Slider,14,Scenario,3
ID,26,Time,952.1529,DronePosition,-110.2484,10.87225,-107.379,6.506604,CameraPosition,-103.1729,1.805662,-107.4762,CameraRotation,329.7929,266.8433,357.1444,CurrentState,Approach2,Slider,14,Scenario,3
ID,26,Time,952.1667,DronePosition,-110.2481,10.78353,-107.379,6.437691,CameraPosition,-103.1734,1.805379,-107.4765,CameraRotation,330.1427,266.7921,357.1903,CurrentState,Approach2,Slider,14,Scenario,3
ID,26,Time,952.1807,DronePosition,-110.2479,10.69392,-107.379,6.367326,CameraPosition,-103.174,1.805059,-107.4768,CameraRotation,330.4728,266.7293,357.2668,CurrentState,Approach2,Slider,14,Scenario,3
ID,26,Time,952.1948,DronePosition,-110.2477,10.60516,-107.379,6.296848,CameraPosition,-103.1747,1.804783,-107.4771,CameraRotation,330.7543,266.647,357.3328,CurrentState,Approach2,Slider,14,Scenario,3
ID,26,Time,952.2086,DronePosition,-110.2475,10.51956,-107.379,6.228124,CameraPosition,-103.1752,1.804555,-107.4774,CameraRotation,331.0109,266.5776,357.3842,CurrentState,Approach2,Slider,14,Scenario,3
ID,26,Time,952.2225,DronePosition,-110.2473,10.4338,-107.379,6.158494,CameraPosition,-103.1758,1.804342,-107.4777,CameraRotation,331.2647,266.5224,357.4156,CurrentState,Approach2,Slider,14,Scenario,3
ID,26,Time,952.2365,DronePosition,-110.2471,10.34898,-107.379,6.088846,CameraPosition,-103.1763,1.804121,-107.4779,CameraRotation,331.5324,266.4779,357.4485,CurrentState,Approach2,Slider,14,Scenario,3
ID,26,Time,952.2502,DronePosition,-110.2469,10.26625,-107.379,6.020132,CameraPosition,-103.1768,1.803939,-107.4782,CameraRotation,331.7963,266.4507,357.4966,CurrentState,Approach2,Slider,14,Scenario,3
ID,26,Time,952.2642,DronePosition,-110.2467,10.18259,-107.379,5.94983,CameraPosition,-103.1773,1.803808,-107.4785,CameraRotation,332.0345,266.417,357.5665,CurrentState,Approach2,Slider,14,Scenario,3
ID,26,Time,952.2781,DronePosition,-110.2465,10.10122,-107.379,5.880641,CameraPosition,-103.1777,1.80369,-107.4787,CameraRotation,332.2313,266.391,357.6289,CurrentState,Approach2,Slider,14,Scenario,3
ID,26,Time,952.292,DronePosition,-110.2463,10.02038,-107.379,5.811091,CameraPosition,-103.1782,1.803538,-107.4789,CameraRotation,332.4021,266.3694,357.6816,CurrentState,Approach2,Slider,14,Scenario,3
ID,26,Time,952.3059,DronePosition,-110.2461,9.940416,-107.379,5.741451,CameraPosition,-103.1786,1.803378,-107.4791,CameraRotation,332.5837,266.36,357.7069,CurrentState,Approach2,Slider,14,Scenario,3
ID,26,Time,952.3203,DronePosition,-110.2459,9.858638,-107.379,5.669327,CameraPosition,-103.179,1.803172,-107.4793,CameraRotation,332.7829,266.3466,357.7193,CurrentState,Approach2,Slider,14,Scenario,3
ID,26,Time,952.3339,DronePosition,-110.2457,9.782695,-107.379,5.601539,CameraPosition,-103.1795,1.802963,-107.4795,CameraRotation,333.0441,266.3256,357.727,CurrentState,Approach2,Slider,14,Scenario,3
ID,26,Time,952.3476,DronePosition,-110.2456,9.707066,-107.379,5.533198,CameraPosition,-103.1799,1.802736,-107.4797,CameraRotation,333.3299,266.3119,357.7253,CurrentState,Approach2,Slider,14,Scenario,3
ID,26,Time,952.3615,DronePosition,-110.2454,9.631111,-107.379,5.463689,CameraPosition,-103.1804,1.802482,-107.4799,CameraRotation,333.6199,266.2811,357.7318,CurrentState,Approach2,Slider,14,Scenario,3
ID,26,Time,952.3755,DronePosition,-110.2452,9.555079,-107.379,5.3932,CameraPosition,-103.1809,1.802238,-107.48,CameraRotation,333.8926,266.252,357.7342,CurrentState,Approach2,Slider,14,Scenario,3
ID,26,Time,952.3896,DronePosition,-110.245,9.480506,-107.379,5.323153,CameraPosition,-103.1813,1.80209,-107.4802,CameraRotation,334.1048,266.2374,357.7398,CurrentState,Approach2,Slider,14,Scenario,3
ID,26,Time,952.4037,DronePosition,-110.2448,9.406018,-107.379,5.252242,CameraPosition,-103.1818,1.802009,-107.4803,CameraRotation,334.2148,266.2331,357.7791,CurrentState,Approach2,Slider,14,Scenario,3
ID,26,Time,952.4173,DronePosition,-110.2447,9.335853,-107.379,5.184574,CameraPosition,-103.1821,1.801934,-107.4805,CameraRotation,334.3145,266.2384,357.8084,CurrentState,Approach2,Slider,14,Scenario,3
ID,26,Time,952.4315,DronePosition,-110.2445,9.263258,-107.379,5.113592,CameraPosition,-103.1824,1.801755,-107.4806,CameraRotation,334.4536,266.2515,357.8473,CurrentState,Approach2,Slider,14,Scenario,3
ID,26,Time,952.4452,DronePosition,-110.2443,9.194076,-107.379,5.045026,CameraPosition,-103.1827,1.801459,-107.4808,CameraRotation,334.6978,266.2792,357.8694,CurrentState,Approach2,Slider,14,Scenario,3
ID,26,Time,952.4592,DronePosition,-110.2442,9.124491,-107.379,4.975093,CameraPosition,-103.1831,1.801167,-107.4809,CameraRotation,335.0119,266.2938,357.9121,CurrentState,Approach2,Slider,14,Scenario,3
ID,26,Time,952.473,DronePosition,-110.244,9.056994,-107.379,4.906308,CameraPosition,-103.1833,1.800956,-107.4811,CameraRotation,335.2244,266.2783,357.9767,CurrentState,Approach2,Slider,14,Scenario,3
ID,26,Time,952.4871,DronePosition,-110.2438,8.988544,-107.379,4.83553,CameraPosition,-103.1836,1.800845,-107.4814,CameraRotation,335.3253,266.2427,358.057,CurrentState,Approach2,Slider,14,Scenario,3
ID,26,Time,952.5007,DronePosition,-110.2437,8.923779,-107.379,4.767606,CameraPosition,-103.1838,1.800749,-107.4816,CameraRotation,335.3827,266.2159,358.1439,CurrentState,Approach2,Slider,14,Scenario,3
ID,26,Time,952.5146,DronePosition,-110.2435,8.858215,-107.379,4.697825,CameraPosition,-103.184,1.800557,-107.4817,CameraRotation,335.4735,266.2206,358.2256,CurrentState,Approach2,Slider,14,Scenario,3
ID,26,Time,952.5287,DronePosition,-110.2434,8.793195,-107.379,4.627571,CameraPosition,-103.1842,1.800267,-107.4819,CameraRotation,335.7027,266.2582,358.2661,CurrentState,Approach2,Slider,14,Scenario,3
ID,26,Time,952.5426,DronePosition,-110.2432,8.729829,-107.379,4.558061,CameraPosition,-103.1843,1.799902,-107.482,CameraRotation,336.0251,266.3051,358.3075,CurrentState,Approach2,Slider,14,Scenario,3
ID,26,Time,952.5564,DronePosition,-110.2431,8.667873,-107.379,4.489054,CameraPosition,-103.1844,1.799579,-107.4821,CameraRotation,336.3335,266.3442,358.3528,CurrentState,Approach2,Slider,14,Scenario,3
ID,26,Time,952.5706,DronePosition,-110.2429,8.605185,-107.379,4.418108,CameraPosition,-103.1846,1.799399,-107.4821,CameraRotation,336.4948,266.3689,358.4156,CurrentState,Approach2,Slider,14,Scenario,3
ID,26,Time,952.5844,DronePosition,-110.2428,8.545114,-107.379,4.349046,CameraPosition,-103.1846,1.799301,-107.4821,CameraRotation,336.5803,266.4092,358.4418,CurrentState,Approach2,Slider,14,Scenario,3
ID,26,Time,952.5983,DronePosition,-110.2427,8.485817,-107.379,4.279769,CameraPosition,-103.1847,1.799167,-107.4821,CameraRotation,336.713,266.4638,358.412,CurrentState,Approach2,Slider,14,Scenario,3
ID,26,Time,952.6127,DronePosition,-110.2425,8.425165,-107.379,4.207697,CameraPosition,-103.1847,1.798791,-107.4822,CameraRotation,336.9688,266.5168,358.3814,CurrentState,Approach2,Slider,14,Scenario,3
ID,26,Time,952.6265,DronePosition,-110.2424,8.367855,-107.379,4.138456,CameraPosition,-103.1849,1.798313,-107.4822,CameraRotation,337.3256,266.5474,358.3918,CurrentState,Approach2,Slider,14,Scenario,3
ID,26,Time,952.6403,DronePosition,-110.2422,8.31178,-107.379,4.069561,CameraPosition,-103.185,1.797823,-107.4823,CameraRotation,337.7158,266.5824,358.3721,CurrentState,Approach2,Slider,14,Scenario,3
ID,26,Time,952.654,DronePosition,-110.2421,8.256891,-107.379,4.000965,CameraPosition,-103.1851,1.797542,-107.4823,CameraRotation,337.9637,266.623,358.3532,CurrentState,Approach2,Slider,14,Scenario,3
ID,26,Time,952.6679,DronePosition,-110.242,8.202353,-107.379,3.931606,CameraPosition,-103.1852,1.797503,-107.4823,CameraRotation,338.0389,266.6554,358.3454,CurrentState,Approach2,Slider,14,Scenario,3
ID,26,Time,952.6818,DronePosition,-110.2419,8.148828,-107.379,3.862314,CameraPosition,-103.1852,1.797578,-107.4822,CameraRotation,337.9662,266.6974,358.3024,CurrentState,Approach2,Slider,14,Scenario,3
ID,26,Time,952.6957,DronePosition,-110.2417,8.095755,-107.379,3.79234,CameraPosition,-103.1853,1.797533,-107.4821,CameraRotation,337.9831,266.7754,358.2022,CurrentState,Approach2,Slider,14,Scenario,3
ID,26,Time,952.7096,DronePosition,-110.2416,8.044197,-107.379,3.7231,CameraPosition,-103.1853,1.797302,-107.482,CameraRotation,338.1702,266.8437,358.119,CurrentState,Approach2,Slider,14,Scenario,3
ID,26,Time,952.7239,DronePosition,-110.2415,7.992117,-107.379,3.651793,CameraPosition,-103.1854,1.797006,-107.482,CameraRotation,338.4298,266.9282,358.015,CurrentState,Approach2,Slider,14,Scenario,3
ID,26,Time,952.7375,DronePosition,-110.2414,7.94305,-107.379,3.583327,CameraPosition,-103.1855,1.79685,-107.482,CameraRotation,338.5873,266.976,357.9368,CurrentState,Approach2,Slider,14,Scenario,3
ID,26,Time,952.7513,DronePosition,-110.2413,7.894672,-107.379,3.514501,CameraPosition,-103.1855,1.79683,-107.482,CameraRotation,338.6107,267.013,357.9084,CurrentState,Approach2,Slider,14,Scenario,3
ID,26,Time,952.7654,DronePosition,-110.2411,7.846304,-107.379,3.444285,CameraPosition,-103.1855,1.796848,-107.482,CameraRotation,338.5886,267.0382,357.8939,CurrentState,Approach2,Slider,14,Scenario,3
ID,26,Time,952.7795,DronePosition,-110.241,7.798584,-107.379,3.373558,CameraPosition,-103.1855,1.796777,-107.4819,CameraRotation,338.6312,267.0841,357.8695,CurrentState,Approach2,Slider,14,Scenario,3
ID,26,Time,952.7933,DronePosition,-110.2409,7.753053,-107.379,3.30467,CameraPosition,-103.1856,1.796686,-107.4819,CameraRotation,338.7032,267.1288,357.8258,CurrentState,Approach2,Slider,14,Scenario,3
ID,26,Time,952.8071,DronePosition,-110.2408,7.708409,-107.379,3.235683,CameraPosition,-103.1857,1.796634,-107.4819,CameraRotation,338.7102,267.1614,357.7659,CurrentState,Approach2,Slider,14,Scenario,3
ID,26,Time,952.8216,DronePosition,-110.2407,7.662392,-107.379,3.162938,CameraPosition,-103.1858,1.796555,-107.4819,CameraRotation,338.6783,267.1541,357.7467,CurrentState,Approach2,Slider,14,Scenario,3
ID,26,Time,952.8349,DronePosition,-110.2406,7.621305,-107.379,3.096597,CameraPosition,-103.1858,1.796455,-107.4819,CameraRotation,338.7004,267.1204,357.7455,CurrentState,Approach2,Slider,14,Scenario,3
ID,26,Time,952.8489,DronePosition,-110.2405,7.578816,-107.379,3.026399,CameraPosition,-103.1859,1.796308,-107.482,CameraRotation,338.7926,267.0918,357.723,CurrentState,Approach2,Slider,14,Scenario,3
ID,26,Time,952.8628,DronePosition,-110.2404,7.53781,-107.379,2.957063,CameraPosition,-103.1859,1.796064,-107.482,CameraRotation,338.9442,267.0812,357.6795,CurrentState,Approach2,Slider,14,Scenario,3
ID,26,Time,952.8768,DronePosition,-110.2403,7.497468,-107.379,2.887199,CameraPosition,-103.186,1.795803,-107.482,CameraRotation,339.1434,267.0922,357.6385,CurrentState,Approach2,Slider,14,Scenario,3
ID,26,Time,952.8907,DronePosition,-110.2402,7.458075,-107.379,2.817285,CameraPosition,-103.1861,1.795525,-107.4819,CameraRotation,339.3339,267.1147,357.624,CurrentState,Approach2,Slider,14,Scenario,3
ID,26,Time,952.9044,DronePosition,-110.2402,7.420643,-107.379,2.749207,CameraPosition,-103.1861,1.795317,-107.4818,CameraRotation,339.5041,267.137,357.6154,CurrentState,Approach2,Slider,14,Scenario,3
ID,26,Time,952.9186,DronePosition,-110.2401,7.382388,-107.379,2.677776,CameraPosition,-103.1862,1.795164,-107.4818,CameraRotation,339.6223,267.1523,357.5789,CurrentState,Approach2,Slider,14,Scenario,3
ID,26,Time,952.9324,DronePosition,-110.24,7.346454,-107.379,2.608909,CameraPosition,-103.1863,1.795063,-107.4817,CameraRotation,339.7002,267.1695,357.5416,CurrentState,Approach2,Slider,14,Scenario,3
ID,26,Time,952.9463,DronePosition,-110.2399,7.311288,-107.379,2.539675,CameraPosition,-103.1864,1.794945,-107.4817,CameraRotation,339.7527,267.1947,357.5071,CurrentState,Approach2,Slider,14,Scenario,3
ID,26,Time,952.9602,DronePosition,-110.2398,7.27681,-107.379,2.469877,CameraPosition,-103.1864,1.794787,-107.4816,CameraRotation,339.8528,267.2147,357.4567,CurrentState,Approach2,Slider,14,Scenario,3
ID,26,Time,952.9743,DronePosition,-110.2398,7.243091,-107.379,2.399618,CameraPosition,-103.1865,1.794541,-107.4816,CameraRotation,340.019,267.2339,357.4069,CurrentState,Approach2,Slider,14,Scenario,3
ID,26,Time,952.9882,DronePosition,-110.2397,7.210654,-107.379,2.330013,CameraPosition,-103.1865,1.794267,-107.4815,CameraRotation,340.213,267.257,357.3525,CurrentState,Approach2,Slider,14,Scenario,3
ID,26,Time,953.002,DronePosition,-110.2396,7.179455,-107.379,2.26102,CameraPosition,-103.1866,1.794013,-107.4815,CameraRotation,340.3889,267.2784,357.3094,CurrentState,Approach2,Slider,14,Scenario,3
ID,26,Time,953.0159,DronePosition,-110.2396,7.148931,-107.379,2.191372,CameraPosition,-103.1867,1.793843,-107.4815,CameraRotation,340.526,267.2969,357.2813,CurrentState,Approach2,Slider,14,Scenario,3
ID,26,Time,953.0302,DronePosition,-110.2395,7.118599,-107.379,2.11983,CameraPosition,-103.1867,1.79369,-107.4814,CameraRotation,340.6259,267.3137,357.2428,CurrentState,Approach2,Slider,14,Scenario,3
ID,26,Time,953.0442,DronePosition,-110.2394,7.090019,-107.379,2.050125,CameraPosition,-103.1867,1.793533,-107.4814,CameraRotation,340.7421,267.3515,357.1722,CurrentState,Approach2,Slider,14,Scenario,3
ID,26,Time,953.0576,DronePosition,-110.2394,7.06249,-107.379,2.050125,CameraPosition,-103.1867,1.793316,-107.4813,CameraRotation,340.8929,267.3808,357.1176,CurrentState,Hover2,Slider,14,Scenario,3
ID,26,Time,953.0716,DronePosition,-110.2394,7.06249,-107.379,0,CameraPosition,-103.1866,1.793043,-107.4813,CameraRotation,341.0928,267.4265,357.0699,CurrentState,Hover2,Slider,14,Scenario,3
ID,26,Time,953.0854,DronePosition,-110.2394,7.06249,-107.379,0,CameraPosition,-103.1866,1.792787,-107.4813,CameraRotation,341.2897,267.4619,357.0177,CurrentState,Hover2,Slider,14,Scenario,3
ID,26,Time,953.0995,DronePosition,-110.2394,7.06249,-107.379,0,CameraPosition,-103.1866,1.792606,-107.4813,CameraRotation,341.3976,267.4721,356.9634,CurrentState,Hover2,Slider,14,Scenario,3
ID,26,Time,953.1134,DronePosition,-110.2394,7.06249,-107.379,0,CameraPosition,-103.1866,1.792491,-107.4814,CameraRotation,341.4575,267.4619,356.9411,CurrentState,Hover2,Slider,14,Scenario,3
ID,26,Time,953.1274,DronePosition,-110.2394,7.06249,-107.379,0,CameraPosition,-103.1866,1.792455,-107.4814,CameraRotation,341.4487,267.4277,356.9373,CurrentState,Hover2,Slider,14,Scenario,3
ID,26,Time,953.1412,DronePosition,-110.2394,7.06249,-107.379,0,CameraPosition,-103.1867,1.792455,-107.4815,CameraRotation,341.4558,267.3977,356.9068,CurrentState,Hover2,Slider,14,Scenario,3
ID,26,Time,953.1554,DronePosition,-110.2394,7.06249,-107.379,0,CameraPosition,-103.1867,1.792504,-107.4816,CameraRotation,341.4251,267.3503,356.8538,CurrentState,Hover2,Slider,14,Scenario,3
ID,26,Time,953.1692,DronePosition,-110.2394,7.06249,-107.379,0,CameraPosition,-103.1867,1.792571,-107.4818,CameraRotation,341.3396,267.2983,356.7935,CurrentState,Hover2,Slider,14,Scenario,3
ID,26,Time,953.1829,DronePosition,-110.2394,7.06249,-107.379,0,CameraPosition,-103.1865,1.792661,-107.4819,CameraRotation,341.231,267.2382,356.7605,CurrentState,Hover2,Slider,14,Scenario,3
ID,26,Time,953.1968,DronePosition,-110.2394,7.06249,-107.379,0,CameraPosition,-103.1863,1.792739,-107.482,CameraRotation,341.1188,267.1665,356.7644,CurrentState,Hover2,Slider,14,Scenario,3
ID,26,Time,953.2108,DronePosition,-110.2394,7.06249,-107.379,0,CameraPosition,-103.1862,1.792797,-107.4821,CameraRotation,341.08,267.1309,356.7579,CurrentState,Hover2,Slider,14,Scenario,3
ID,26,Time,953.225,DronePosition,-110.2394,7.06249,-107.379,0,CameraPosition,-103.1861,1.792829,-107.4822,CameraRotation,341.0824,267.112,356.7337,CurrentState,Hover2,Slider,14,Scenario,3
ID,26,Time,953.2391,DronePosition,-110.2394,7.06249,-107.379,0,CameraPosition,-103.186,1.792822,-107.4822,CameraRotation,341.1181,267.1357,356.7145,CurrentState,Hover2,Slider,14,Scenario,3
ID,26,Time,953.2527,DronePosition,-110.2394,7.06249,-107.379,0,CameraPosition,-103.1859,1.792756,-107.4823,CameraRotation,341.1393,267.176,356.6899,CurrentState,Hover2,Slider,14,Scenario,3
ID,26,Time,953.2662,DronePosition,-110.2394,7.06249,-107.379,0,CameraPosition,-103.1858,1.792736,-107.4824,CameraRotation,341.1321,267.1922,356.6804,CurrentState,Hover2,Slider,14,Scenario,3
ID,26,Time,953.2803,DronePosition,-110.2394,7.06249,-107.379,0,CameraPosition,-103.1858,1.792775,-107.4825,CameraRotation,341.0993,267.2218,356.6858,CurrentState,Hover2,Slider,14,Scenario,3
ID,26,Time,953.2944,DronePosition,-110.2394,7.06249,-107.379,0,CameraPosition,-103.1858,1.792773,-107.4827,CameraRotation,341.0642,267.2244,356.6926,CurrentState,Hover2,Slider,14,Scenario,3
ID,26,Time,953.3082,DronePosition,-110.2394,7.06249,-107.379,0,CameraPosition,-103.1858,1.792718,-107.4828,CameraRotation,341.0665,267.2172,356.7243,CurrentState,Hover2,Slider,14,Scenario,3
ID,26,Time,953.323,DronePosition,-110.2394,7.06249,-107.379,0,CameraPosition,-103.1859,1.792627,-107.483,CameraRotation,341.0894,267.2089,356.7667,CurrentState,Hover2,Slider,14,Scenario,3
ID,26,Time,953.3362,DronePosition,-110.2394,7.06249,-107.379,0,CameraPosition,-103.186,1.792534,-107.4832,CameraRotation,341.1421,267.1988,356.7858,CurrentState,Hover2,Slider,14,Scenario,3
ID,26,Time,953.35,DronePosition,-110.2394,7.06249,-107.379,0,CameraPosition,-103.1861,1.792445,-107.4834,CameraRotation,341.2263,267.1924,356.7811,CurrentState,Hover2,Slider,14,Scenario,3
ID,26,Time,953.3641,DronePosition,-110.2394,7.06249,-107.379,0,CameraPosition,-103.1862,1.792383,-107.4836,CameraRotation,341.2844,267.1675,356.7776,CurrentState,Hover2,Slider,14,Scenario,3
ID,26,Time,953.3778,DronePosition,-110.2394,7.06249,-107.379,0,CameraPosition,-103.1864,1.792398,-107.4837,CameraRotation,341.2915,267.1418,356.7813,CurrentState,Hover2,Slider,14,Scenario,3
ID,26,Time,953.3918,DronePosition,-110.2394,7.06249,-107.379,0,CameraPosition,-103.1866,1.792423,-107.4839,CameraRotation,341.3199,267.1252,356.7772,CurrentState,Hover2,Slider,14,Scenario,3
ID,26,Time,953.4058,DronePosition,-110.2394,7.06249,-107.379,0,CameraPosition,-103.1868,1.792362,-107.484,CameraRotation,341.3723,267.1183,356.7855,CurrentState,Hover2,Slider,14,Scenario,3
ID,26,Time,953.4197,DronePosition,-110.2394,7.06249,-107.379,0,CameraPosition,-103.187,1.792235,-107.4842,CameraRotation,341.481,267.1174,356.7903,CurrentState,Hover2,Slider,14,Scenario,3
ID,26,Time,953.4335,DronePosition,-110.2394,7.06249,-107.379,0,CameraPosition,-103.1872,1.792089,-107.4843,CameraRotation,341.5955,267.1162,356.7931,CurrentState,Hover2,Slider,14,Scenario,3
ID,26,Time,953.4478,DronePosition,-110.2394,7.06249,-107.379,0,CameraPosition,-103.1874,1.791956,-107.4845,CameraRotation,341.6961,267.1265,356.7851,CurrentState,Hover2,Slider,14,Scenario,3
ID,26,Time,953.4614,DronePosition,-110.2394,7.06249,-107.379,0,CameraPosition,-103.1875,1.79187,-107.4846,CameraRotation,341.7815,267.1313,356.7946,CurrentState,Hover2,Slider,14,Scenario,3
ID,26,Time,953.4753,DronePosition,-110.2394,7.06249,-107.379,0,CameraPosition,-103.1876,1.791773,-107.4847,CameraRotation,341.8266,267.132,356.8209,CurrentState,Hover2,Slider,14,Scenario,3
ID,26,Time,953.4893,DronePosition,-110.2394,7.06249,-107.379,0,CameraPosition,-103.1877,1.791696,-107.4849,CameraRotation,341.882,267.1277,356.845,CurrentState,Hover2,Slider,14,Scenario,3
ID,26,Time,953.5031,DronePosition,-110.2394,7.06249,-107.379,0,CameraPosition,-103.1878,1.791616,-107.485,CameraRotation,341.9159,267.1306,356.8774,CurrentState,Hover2,Slider,14,Scenario,3
ID,26,Time,953.5168,DronePosition,-110.2394,7.06249,-107.379,0,CameraPosition,-103.1879,1.791572,-107.4852,CameraRotation,341.9522,267.1189,356.9158,CurrentState,Hover2,Slider,14,Scenario,3
ID,26,Time,953.5313,DronePosition,-110.2394,7.06249,-107.379,0,CameraPosition,-103.188,1.791618,-107.4853,CameraRotation,341.9549,267.1065,356.9532,CurrentState,Hover2,Slider,14,Scenario,3
ID,26,Time,953.5449,DronePosition,-110.2394,7.06249,-107.379,0,CameraPosition,-103.188,1.791733,-107.4854,CameraRotation,341.9335,267.0889,356.9782,CurrentState,Hover2,Slider,14,Scenario,3
ID,26,Time,953.5588,DronePosition,-110.2394,7.06249,-107.379,0,CameraPosition,-103.188,1.791857,-107.4854,CameraRotation,341.8911,267.0734,356.9877,CurrentState,Hover2,Slider,14,Scenario,3
ID,26,Time,953.5727,DronePosition,-110.2394,7.06249,-107.379,0,CameraPosition,-103.188,1.791897,-107.4855,CameraRotation,341.8863,267.0569,357.0005,CurrentState,Hover2,Slider,14,Scenario,3
ID,26,Time,953.5867,DronePosition,-110.2394,7.06249,-107.379,0,CameraPosition,-103.1879,1.791909,-107.4856,CameraRotation,341.8769,267.0349,357.0195,CurrentState,Hover2,Slider,14,Scenario,3
ID,26,Time,953.6005,DronePosition,-110.2394,7.06249,-107.379,0,CameraPosition,-103.1879,1.791917,-107.4857,CameraRotation,341.861,267.0145,357.0365,CurrentState,Hover2,Slider,14,Scenario,3
ID,26,Time,953.6144,DronePosition,-110.2394,7.06249,-107.379,0,CameraPosition,-103.1879,1.791907,-107.4857,CameraRotation,341.8298,267.0042,357.0332,CurrentState,Hover2,Slider,14,Scenario,3
ID,26,Time,953.6285,DronePosition,-110.2394,7.06249,-107.379,0,CameraPosition,-103.1878,1.791905,-107.4857,CameraRotation,341.8149,267.0062,357.0281,CurrentState,Hover2,Slider,14,Scenario,3
ID,26,Time,953.6423,DronePosition,-110.2394,7.06249,-107.379,0,CameraPosition,-103.1877,1.791917,-107.4856,CameraRotation,341.7982,267.0157,357.0354,CurrentState,Hover2,Slider,14,Scenario,3
ID,26,Time,953.6566,DronePosition,-110.2394,7.06249,-107.379,0,CameraPosition,-103.1877,1.791956,-107.4856,CameraRotation,341.7741,267.0405,357.0242,CurrentState,Hover2,Slider,14,Scenario,3
ID,26,Time,953.6704,DronePosition,-110.2394,7.06249,-107.379,0,CameraPosition,-103.1876,1.791981,-107.4856,CameraRotation,341.739,267.0584,357.0228,CurrentState,Hover2,Slider,14,Scenario,3
ID,26,Time,953.6841,DronePosition,-110.2394,7.06249,-107.379,0,CameraPosition,-103.1875,1.791999,-107.4855,CameraRotation,341.7095,267.0946,357.0198,CurrentState,Hover2,Slider,14,Scenario,3
ID,26,Time,953.6979,DronePosition,-110.2394,7.06249,-107.379,0,CameraPosition,-103.1874,1.792068,-107.4854,CameraRotation,341.6927,267.1373,357.0166,CurrentState,Hover2,Slider,14,Scenario,3
ID,26,Time,953.712,DronePosition,-110.2394,7.06249,-107.379,0,CameraPosition,-103.1874,1.792112,-107.4853,CameraRotation,341.6768,267.1808,357.0095,CurrentState,Hover2,Slider,14,Scenario,3
ID,26,Time,953.726,DronePosition,-110.2394,7.06249,-107.379,0,CameraPosition,-103.1873,1.792138,-107.4852,CameraRotation,341.6615,267.2285,356.9904,CurrentState,Hover2,Slider,14,Scenario,3
ID,26,Time,953.7399,DronePosition,-110.2394,7.06249,-107.379,0,CameraPosition,-103.1872,1.792144,-107.4851,CameraRotation,341.6182,267.2683,356.9699,CurrentState,Hover2,Slider,14,Scenario,3
ID,26,Time,953.7538,DronePosition,-110.2394,7.06249,-107.379,0,CameraPosition,-103.1871,1.792179,-107.4851,CameraRotation,341.5795,267.2985,356.9471,CurrentState,Hover2,Slider,14,Scenario,3
ID,26,Time,953.7676,DronePosition,-110.2394,7.06249,-107.379,0,CameraPosition,-103.187,1.792197,-107.485,CameraRotation,341.5392,267.3122,356.936,CurrentState,Hover2,Slider,14,Scenario,3
ID,26,Time,953.7817,DronePosition,-110.2394,7.06249,-107.379,0,CameraPosition,-103.1869,1.792168,-107.4849,CameraRotation,341.5218,267.3162,356.9168,CurrentState,Hover2,Slider,14,Scenario,3
ID,26,Time,953.7957,DronePosition,-110.2394,7.06249,-107.379,0,CameraPosition,-103.1868,1.792109,-107.4849,CameraRotation,341.5261,267.3141,356.8891,CurrentState,Hover2,Slider,14,Scenario,3
ID,26,Time,953.8096,DronePosition,-110.2394,7.06249,-107.379,0,CameraPosition,-103.1867,1.792055,-107.4848,CameraRotation,341.5535,267.3166,356.8669,CurrentState,Hover2,Slider,14,Scenario,3
ID,26,Time,953.8235,DronePosition,-110.2394,7.06249,-107.379,0,CameraPosition,-103.1866,1.791984,-107.4847,CameraRotation,341.588,267.3284,356.8354,CurrentState,Hover2,Slider,14,Scenario,3
ID,26,Time,953.8377,DronePosition,-110.2394,7.06249,-107.379,0,CameraPosition,-103.1865,1.791927,-107.4847,CameraRotation,341.6321,267.3351,356.8133,CurrentState,Hover2,Slider,14,Scenario,3
ID,26,Time,953.8512,DronePosition,-110.2394,7.06249,-107.379,0,CameraPosition,-103.1864,1.791903,-107.4846,CameraRotation,341.6621,267.3442,356.8047,CurrentState,Hover2,Slider,14,Scenario,3
ID,26,Time,953.8655,DronePosition,-110.2394,7.06249,-107.379,0,CameraPosition,-103.1863,1.791919,-107.4845,CameraRotation,341.6592,267.3369,356.8194,CurrentState,Hover2,Slider,14,Scenario,3
ID,26,Time,953.8793,DronePosition,-110.2394,7.06249,-107.379,0,CameraPosition,-103.1863,1.791984,-107.4843,CameraRotation,341.6376,267.3375,356.8102,CurrentState,Hover2,Slider,14,Scenario,3
ID,26,Time,953.8929,DronePosition,-110.2394,7.06249,-107.379,0,CameraPosition,-103.1862,1.791962,-107.4843,CameraRotation,341.6158,267.3352,356.8098,CurrentState,Hover2,Slider,14,Scenario,3
ID,26,Time,953.9069,DronePosition,-110.2394,7.06249,-107.379,0,CameraPosition,-103.1861,1.791921,-107.4842,CameraRotation,341.6466,267.345,356.7963,CurrentState,Hover2,Slider,14,Scenario,3
ID,26,Time,953.9207,DronePosition,-110.2394,7.06249,-107.379,0,CameraPosition,-103.186,1.791859,-107.4841,CameraRotation,341.6636,267.3611,356.7761,CurrentState,Hover2,Slider,14,Scenario,3
ID,26,Time,953.9349,DronePosition,-110.2394,7.06249,-107.379,0,CameraPosition,-103.1859,1.791801,-107.484,CameraRotation,341.6876,267.364,356.7618,CurrentState,Hover2,Slider,14,Scenario,3
ID,26,Time,953.9488,DronePosition,-110.2394,7.06249,-107.379,0,CameraPosition,-103.1858,1.791751,-107.4839,CameraRotation,341.6949,267.3597,356.7607,CurrentState,Hover2,Slider,14,Scenario,3
ID,26,Time,953.9625,DronePosition,-110.2394,7.06249,-107.379,0,CameraPosition,-103.1858,1.791731,-107.4838,CameraRotation,341.7025,267.3677,356.7563,CurrentState,Hover2,Slider,14,Scenario,3
ID,26,Time,953.9775,DronePosition,-110.2394,7.06249,-107.379,0,CameraPosition,-103.1857,1.791764,-107.4837,CameraRotation,341.6813,267.3807,356.7545,CurrentState,Hover2,Slider,14,Scenario,3
ID,26,Time,953.9905,DronePosition,-110.2394,7.06249,-107.379,0,CameraPosition,-103.1857,1.791811,-107.4835,CameraRotation,341.6503,267.4039,356.7562,CurrentState,Hover2,Slider,14,Scenario,3
ID,26,Time,954.0043,DronePosition,-110.2394,7.06249,-107.379,0,CameraPosition,-103.1856,1.79187,-107.4834,CameraRotation,341.5777,267.4306,356.7388,CurrentState,Hover2,Slider,14,Scenario,3
ID,26,Time,954.0183,DronePosition,-110.2394,7.06249,-107.379,0,CameraPosition,-103.1856,1.791986,-107.4832,CameraRotation,341.5113,267.4543,356.6988,CurrentState,Hover2,Slider,14,Scenario,3
ID,26,Time,954.0322,DronePosition,-110.2394,7.06249,-107.379,0,CameraPosition,-103.1856,1.792078,-107.4831,CameraRotation,341.4831,267.4436,356.6809,CurrentState,Hover2,Slider,14,Scenario,3
ID,26,Time,954.046,DronePosition,-110.2394,7.06249,-107.379,0,CameraPosition,-103.1856,1.792157,-107.483,CameraRotation,341.4373,267.4119,356.6853,CurrentState,Hover2,Slider,14,Scenario,3
ID,26,Time,954.0602,DronePosition,-110.2394,7.06249,-107.379,0,CameraPosition,-103.1856,1.792238,-107.483,CameraRotation,341.3615,267.3809,356.683,CurrentState,Hover2,Slider,14,Scenario,3
ID,26,Time,954.0743,DronePosition,-110.2394,7.06249,-107.379,0,CameraPosition,-103.1856,1.792311,-107.4829,CameraRotation,341.2625,267.3694,356.6603,CurrentState,Hover2,Slider,14,Scenario,3
ID,26,Time,954.0879,DronePosition,-110.2394,7.06249,-107.379,0,CameraPosition,-103.1856,1.792398,-107.4829,CameraRotation,341.2337,267.3415,356.6362,CurrentState,Hover2,Slider,14,Scenario,3
ID,26,Time,954.1021,DronePosition,-110.2394,7.06249,-107.379,0,CameraPosition,-103.1856,1.792488,-107.4829,CameraRotation,341.1894,267.3251,356.6579,CurrentState,Hover2,Slider,14,Scenario,3
ID,26,Time,954.1157,DronePosition,-110.2394,7.06249,-107.379,0,CameraPosition,-103.1856,1.792607,-107.4829,CameraRotation,341.0817,267.3256,356.6829,CurrentState,Hover2,Slider,14,Scenario,3
ID,26,Time,954.1299,DronePosition,-110.2394,7.06249,-107.379,0,CameraPosition,-103.1857,1.792739,-107.4828,CameraRotation,340.9647,267.3434,356.703,CurrentState,Hover2,Slider,14,Scenario,3
ID,26,Time,954.1436,DronePosition,-110.2394,7.06249,-107.379,0,CameraPosition,-103.1857,1.792823,-107.4828,CameraRotation,340.893,267.3557,356.686,CurrentState,Hover2,Slider,14,Scenario,3
ID,26,Time,954.1576,DronePosition,-110.2394,7.06249,-107.379,0,CameraPosition,-103.1858,1.792849,-107.4828,CameraRotation,340.8615,267.3611,356.6925,CurrentState,Hover2,Slider,14,Scenario,3
ID,26,Time,954.1715,DronePosition,-110.2394,7.06249,-107.379,0,CameraPosition,-103.1858,1.792912,-107.4828,CameraRotation,340.8097,267.3613,356.7052,CurrentState,Hover2,Slider,14,Scenario,3
ID,26,Time,954.1854,DronePosition,-110.2394,7.06249,-107.379,0,CameraPosition,-103.1859,1.793005,-107.4827,CameraRotation,340.7448,267.3397,356.7202,CurrentState,Hover2,Slider,14,Scenario,3
ID,26,Time,954.1991,DronePosition,-110.2394,7.06249,-107.379,0,CameraPosition,-103.186,1.793161,-107.4827,CameraRotation,340.6988,267.3235,356.7162,CurrentState,Hover2,Slider,14,Scenario,3
ID,26,Time,954.213,DronePosition,-110.2394,7.06249,-107.379,0,CameraPosition,-103.186,1.7933,-107.4827,CameraRotation,340.6257,267.2964,356.705,CurrentState,Hover2,Slider,14,Scenario,3
ID,26,Time,954.2272,DronePosition,-110.2394,7.06249,-107.379,0,CameraPosition,-103.1861,1.79342,-107.4828,CameraRotation,340.5456,267.2891,356.686,CurrentState,Hover2,Slider,14,Scenario,3
ID,26,Time,954.241,DronePosition,-110.2394,7.06249,-107.379,0,CameraPosition,-103.1862,1.79347,-107.4828,CameraRotation,340.5172,267.2599,356.7004,CurrentState,Hover2,Slider,14,Scenario,3
ID,26,Time,954.2549,DronePosition,-110.2394,7.06249,-107.379,0,CameraPosition,-103.1863,1.793439,-107.4828,CameraRotation,340.541,267.2329,356.7135,CurrentState,Hover2,Slider,14,Scenario,3
ID,26,Time,954.269,DronePosition,-110.2394,7.06249,-107.379,0,CameraPosition,-103.1865,1.79341,-107.4829,CameraRotation,340.561,267.2016,356.7336,CurrentState,Hover2,Slider,14,Scenario,3
ID,26,Time,954.283,DronePosition,-110.2394,7.06249,-107.379,0,CameraPosition,-103.1866,1.793339,-107.483,CameraRotation,340.5893,267.1688,356.7559,CurrentState,Hover2,Slider,14,Scenario,3
ID,26,Time,954.2966,DronePosition,-110.2394,7.06249,-107.379,0,CameraPosition,-103.1868,1.793261,-107.483,CameraRotation,340.6411,267.1488,356.7589,CurrentState,Hover2,Slider,14,Scenario,3
ID,26,Time,954.3109,DronePosition,-110.2394,7.06249,-107.379,0,CameraPosition,-103.1869,1.793178,-107.4831,CameraRotation,340.7265,267.1251,356.7584,CurrentState,Hover2,Slider,14,Scenario,3
ID,26,Time,954.3245,DronePosition,-110.2394,7.06249,-107.379,0,CameraPosition,-103.187,1.793106,-107.4832,CameraRotation,340.7852,267.1045,356.7607,CurrentState,Hover2,Slider,14,Scenario,3
ID,26,Time,954.3387,DronePosition,-110.2394,7.06249,-107.379,0,CameraPosition,-103.1872,1.793061,-107.4832,CameraRotation,340.8431,267.0734,356.7802,CurrentState,Hover2,Slider,14,Scenario,3
ID,26,Time,954.3525,DronePosition,-110.2394,7.06249,-107.379,0,CameraPosition,-103.1873,1.793034,-107.4832,CameraRotation,340.8918,267.0521,356.8064,CurrentState,Hover2,Slider,14,Scenario,3
ID,26,Time,954.3662,DronePosition,-110.2394,7.06249,-107.379,0,CameraPosition,-103.1874,1.792992,-107.4833,CameraRotation,340.9344,267.0126,356.8431,CurrentState,Hover2,Slider,14,Scenario,3
ID,26,Time,954.3802,DronePosition,-110.2394,7.06249,-107.379,0,CameraPosition,-103.1874,1.792957,-107.4834,CameraRotation,340.9777,266.9822,356.8624,CurrentState,Hover2,Slider,14,Scenario,3
ID,26,Time,954.394,DronePosition,-110.2394,7.06249,-107.379,0,CameraPosition,-103.1875,1.792922,-107.4835,CameraRotation,341.0045,266.9507,356.8834,CurrentState,Hover2,Slider,14,Scenario,3
ID,26,Time,954.408,DronePosition,-110.2394,7.06249,-107.379,0,CameraPosition,-103.1875,1.792919,-107.4836,CameraRotation,341.0121,266.9078,356.9027,CurrentState,Hover2,Slider,14,Scenario,3
ID,26,Time,954.422,DronePosition,-110.2394,7.06249,-107.379,0,CameraPosition,-103.1875,1.792952,-107.4837,CameraRotation,340.9998,266.8666,356.9159,CurrentState,Hover2,Slider,14,Scenario,3
ID,26,Time,954.4361,DronePosition,-110.2394,7.06249,-107.379,0,CameraPosition,-103.1874,1.793009,-107.4837,CameraRotation,340.9597,266.8347,356.9467,CurrentState,Hover2,Slider,14,Scenario,3
ID,26,Time,954.4498,DronePosition,-110.2394,7.06249,-107.379,0,CameraPosition,-103.1873,1.793042,-107.4837,CameraRotation,340.9245,266.8254,356.9411,CurrentState,Hover2,Slider,14,Scenario,3
ID,26,Time,954.4637,DronePosition,-110.2394,7.06249,-107.379,0,CameraPosition,-103.1873,1.793047,-107.4838,CameraRotation,340.9262,266.8178,356.8988,CurrentState,Hover2,Slider,14,Scenario,3
ID,26,Time,954.4778,DronePosition,-110.2394,7.06249,-107.379,0,CameraPosition,-103.1872,1.79299,-107.4838,CameraRotation,340.9456,266.8081,356.8887,CurrentState,Hover2,Slider,14,Scenario,3
ID,26,Time,954.4921,DronePosition,-110.2394,7.06249,-107.379,0,CameraPosition,-103.1871,1.792972,-107.4838,CameraRotation,340.9604,266.7979,356.8946,CurrentState,Hover2,Slider,14,Scenario,3
ID,26,Time,954.5057,DronePosition,-110.2394,7.06249,-107.379,0,CameraPosition,-103.187,1.793009,-107.4837,CameraRotation,340.9341,266.8037,356.89,CurrentState,Hover2,Slider,14,Scenario,3
ID,26,Time,954.5195,DronePosition,-110.2394,7.06249,-107.379,0,CameraPosition,-103.1869,1.793077,-107.4837,CameraRotation,340.8937,266.8201,356.8763,CurrentState,Hover2,Slider,14,Scenario,3
ID,26,Time,954.5335,DronePosition,-110.2394,7.06249,-107.379,0,CameraPosition,-103.1867,1.793123,-107.4837,CameraRotation,340.8329,266.8563,356.8797,CurrentState,Hover2,Slider,14,Scenario,3
ID,26,Time,954.5474,DronePosition,-110.2394,7.06249,-107.379,0,CameraPosition,-103.1866,1.793184,-107.4837,CameraRotation,340.7966,266.8911,356.8784,CurrentState,Hover2,Slider,14,Scenario,3
ID,26,Time,954.5611,DronePosition,-110.2394,7.06249,-107.379,0,CameraPosition,-103.1864,1.793214,-107.4837,CameraRotation,340.7611,266.9149,356.8799,CurrentState,Hover2,Slider,12,Scenario,3
ID,26,Time,954.5752,DronePosition,-110.2394,7.06249,-107.379,0,CameraPosition,-103.1863,1.793217,-107.4838,CameraRotation,340.7398,266.9225,356.8988,CurrentState,Hover2,Slider,12,Scenario,3
ID,26,Time,954.5892,DronePosition,-110.2394,7.06249,-107.379,0,CameraPosition,-103.1862,1.793211,-107.4838,CameraRotation,340.7354,266.9274,356.9165,CurrentState,Hover2,Slider,12,Scenario,3
ID,26,Time,954.6033,DronePosition,-110.2394,7.06249,-107.379,0,CameraPosition,-103.1861,1.793201,-107.4839,CameraRotation,340.7349,266.9228,356.9326,CurrentState,Hover2,Slider,12,Scenario,3
ID,26,Time,954.6171,DronePosition,-110.2394,7.06249,-107.379,0,CameraPosition,-103.1859,1.793203,-107.484,CameraRotation,340.7382,266.9121,356.9409,CurrentState,Hover2,Slider,12,Scenario,3
ID,26,Time,954.631,DronePosition,-110.2394,7.06249,-107.379,0,CameraPosition,-103.1858,1.79324,-107.4841,CameraRotation,340.7189,266.8889,356.9396,CurrentState,Hover2,Slider,12,Scenario,3
ID,26,Time,954.6448,DronePosition,-110.2394,7.06249,-107.379,0,CameraPosition,-103.1856,1.793282,-107.4842,CameraRotation,340.6651,266.8607,356.9529,CurrentState,Hover2,Slider,12,Scenario,3
ID,26,Time,954.6588,DronePosition,-110.2394,7.06249,-107.379,0,CameraPosition,-103.1854,1.793347,-107.4842,CameraRotation,340.635,266.8179,356.9825,CurrentState,Hover2,Slider,11,Scenario,3
ID,26,Time,954.6727,DronePosition,-110.2394,7.06249,-107.379,0,CameraPosition,-103.1852,1.793365,-107.4843,CameraRotation,340.6089,266.7784,357.0038,CurrentState,Hover2,Slider,11,Scenario,3
ID,26,Time,954.6866,DronePosition,-110.2394,7.06249,-107.379,0,CameraPosition,-103.1851,1.793367,-107.4844,CameraRotation,340.6081,266.7357,357.0222,CurrentState,Hover2,Slider,11,Scenario,3
ID,26,Time,954.7007,DronePosition,-110.2394,7.06249,-107.379,0,CameraPosition,-103.1849,1.793363,-107.4845,CameraRotation,340.6024,266.7044,357.0294,CurrentState,Hover2,Slider,11,Scenario,3
ID,26,Time,954.7144,DronePosition,-110.2394,7.06249,-107.379,0,CameraPosition,-103.1848,1.793382,-107.4845,CameraRotation,340.5836,266.6762,357.0222,CurrentState,Hover2,Slider,11,Scenario,3
ID,26,Time,954.7283,DronePosition,-110.2394,7.06249,-107.379,0,CameraPosition,-103.1847,1.793417,-107.4846,CameraRotation,340.5633,266.6567,357.0106,CurrentState,Hover2,Slider,11,Scenario,3
ID,26,Time,954.7426,DronePosition,-110.2394,7.06249,-107.379,0,CameraPosition,-103.1846,1.793426,-107.4847,CameraRotation,340.5503,266.6499,357.0154,CurrentState,Hover2,Slider,11,Scenario,3
ID,26,Time,954.7561,DronePosition,-110.2394,7.06249,-107.379,0,CameraPosition,-103.1845,1.793424,-107.4848,CameraRotation,340.5383,266.6436,357.033,CurrentState,Hover2,Slider,11,Scenario,3
ID,26,Time,954.7702,DronePosition,-110.2394,7.06249,-107.379,0,CameraPosition,-103.1844,1.793437,-107.4849,CameraRotation,340.5396,266.6352,357.0548,CurrentState,Hover2,Slider,11,Scenario,3
ID,26,Time,954.7842,DronePosition,-110.2394,7.06249,-107.379,0,CameraPosition,-103.1843,1.793434,-107.485,CameraRotation,340.5322,266.6334,357.0754,CurrentState,Hover2,Slider,11,Scenario,3
ID,26,Time,954.7978,DronePosition,-110.2394,7.06249,-107.379,0,CameraPosition,-103.1842,1.793414,-107.485,CameraRotation,340.5366,266.6242,357.0876,CurrentState,Hover2,Slider,11,Scenario,3
ID,26,Time,954.812,DronePosition,-110.2394,7.06249,-107.379,0,CameraPosition,-103.1842,1.793383,-107.4851,CameraRotation,340.5548,266.6205,357.1021,CurrentState,Hover2,Slider,11,Scenario,3
ID,26,Time,954.8257,DronePosition,-110.2394,7.06249,-107.379,0,CameraPosition,-103.1841,1.793352,-107.4851,CameraRotation,340.568,266.6188,357.1119,CurrentState,Hover2,Slider,11,Scenario,3
ID,26,Time,954.8399,DronePosition,-110.2394,7.06249,-107.379,0,CameraPosition,-103.1841,1.79334,-107.4851,CameraRotation,340.5931,266.6138,357.1084,CurrentState,Hover2,Slider,11,Scenario,3
ID,26,Time,954.8536,DronePosition,-110.2394,7.06249,-107.379,0,CameraPosition,-103.184,1.793313,-107.4851,CameraRotation,340.6118,266.6046,357.1065,CurrentState,Hover2,Slider,10,Scenario,3
ID,26,Time,954.8674,DronePosition,-110.2394,7.06249,-107.379,0,CameraPosition,-103.1839,1.79334,-107.4852,CameraRotation,340.6164,266.6005,357.1042,CurrentState,Hover2,Slider,10,Scenario,3
ID,26,Time,954.8814,DronePosition,-110.2394,7.06249,-107.379,0,CameraPosition,-103.1839,1.793393,-107.4852,CameraRotation,340.5969,266.6069,357.093,CurrentState,Hover2,Slider,10,Scenario,3
ID,26,Time,954.8953,DronePosition,-110.2394,7.06249,-107.379,0,CameraPosition,-103.1838,1.793429,-107.4852,CameraRotation,340.5629,266.6238,357.0752,CurrentState,Hover2,Slider,10,Scenario,3
ID,26,Time,954.9095,DronePosition,-110.2394,7.06249,-107.379,0,CameraPosition,-103.1837,1.793434,-107.4852,CameraRotation,340.5704,266.6357,357.0683,CurrentState,Hover2,Slider,10,Scenario,3
ID,26,Time,954.9233,DronePosition,-110.2394,7.06249,-107.379,0,CameraPosition,-103.1837,1.793422,-107.4852,CameraRotation,340.5719,266.6538,357.0628,CurrentState,Hover2,Slider,10,Scenario,3
ID,26,Time,954.9373,DronePosition,-110.2394,7.06249,-107.379,0,CameraPosition,-103.1836,1.793413,-107.4852,CameraRotation,340.5878,266.6594,357.0606,CurrentState,Hover2,Slider,10,Scenario,3
ID,26,Time,954.951,DronePosition,-110.2394,7.06249,-107.379,0,CameraPosition,-103.1835,1.793403,-107.4851,CameraRotation,340.5967,266.6653,357.0532,CurrentState,Hover2,Slider,10,Scenario,3
ID,26,Time,954.965,DronePosition,-110.2394,7.06249,-107.379,0,CameraPosition,-103.1834,1.793416,-107.4851,CameraRotation,340.5971,266.6689,357.0522,CurrentState,Hover2,Slider,10,Scenario,3
ID,26,Time,954.9794,DronePosition,-110.2394,7.06249,-107.379,0,CameraPosition,-103.1833,1.793451,-107.4851,CameraRotation,340.5904,266.6765,357.0402,CurrentState,Hover2,Slider,10,Scenario,3
ID,26,Time,954.9927,DronePosition,-110.2394,7.06249,-107.379,0,CameraPosition,-103.1832,1.793503,-107.485,CameraRotation,340.5722,266.6721,357.0345,CurrentState,Hover2,Slider,10,Scenario,3
ID,26,Time,955.0069,DronePosition,-110.2394,7.06249,-107.379,0,CameraPosition,-103.1832,1.793543,-107.4849,CameraRotation,340.5385,266.6615,357.0474,CurrentState,Hover2,Slider,10,Scenario,3
ID,26,Time,955.0207,DronePosition,-110.2394,7.06249,-107.379,0,CameraPosition,-103.1831,1.793575,-107.4849,CameraRotation,340.5162,266.6532,357.0451,CurrentState,Hover2,Slider,10,Scenario,3
ID,26,Time,955.0344,DronePosition,-110.2394,7.06249,-107.379,0,CameraPosition,-103.183,1.793586,-107.4849,CameraRotation,340.5339,266.6372,357.0422,CurrentState,Hover2,Slider,10,Scenario,3
ID,26,Time,955.0486,DronePosition,-110.2394,7.06249,-107.379,0,CameraPosition,-103.183,1.793552,-107.4849,CameraRotation,340.5562,266.623,357.0401,CurrentState,Hover2,Slider,10,Scenario,3
ID,26,Time,955.0627,DronePosition,-110.2394,7.06249,-107.379,0,CameraPosition,-103.1829,1.793454,-107.4849,CameraRotation,340.5992,266.6072,357.0443,CurrentState,Hover2,Slider,10,Scenario,3
ID,26,Time,955.0764,DronePosition,-110.2394,7.06249,-107.379,0,CameraPosition,-103.1829,1.79337,-107.4849,CameraRotation,340.6363,266.6016,357.0431,CurrentState,Hover2,Slider,10,Scenario,3
ID,26,Time,955.0908,DronePosition,-110.2394,7.06249,-107.379,0,CameraPosition,-103.1828,1.793337,-107.4848,CameraRotation,340.6604,266.5966,357.0483,CurrentState,Hover2,Slider,10,Scenario,3
ID,26,Time,955.104,DronePosition,-110.2394,7.06249,-107.379,0,CameraPosition,-103.1827,1.793322,-107.4848,CameraRotation,340.6727,266.6006,357.0514,CurrentState,Hover2,Slider,10,Scenario,3
ID,26,Time,955.1184,DronePosition,-110.2394,7.06249,-107.379,0,CameraPosition,-103.1827,1.793316,-107.4848,CameraRotation,340.6721,266.6042,357.0524,CurrentState,Hover2,Slider,10,Scenario,3
ID,26,Time,955.132,DronePosition,-110.2394,7.06249,-107.379,0,CameraPosition,-103.1825,1.79333,-107.4847,CameraRotation,340.6777,266.6057,357.0562,CurrentState,Hover2,Slider,10,Scenario,3
ID,26,Time,955.1464,DronePosition,-110.2394,7.06249,-107.379,0,CameraPosition,-103.1824,1.793337,-107.4845,CameraRotation,340.6808,266.6075,357.0677,CurrentState,Hover2,Slider,10,Scenario,3
ID,26,Time,955.1599,DronePosition,-110.2394,7.06249,-107.379,0,CameraPosition,-103.1822,1.793338,-107.4844,CameraRotation,340.6787,266.6041,357.0655,CurrentState,Hover2,Slider,10,Scenario,3
ID,26,Time,955.1743,DronePosition,-110.2394,7.06249,-107.379,0,CameraPosition,-103.1821,1.793339,-107.4844,CameraRotation,340.6786,266.6149,357.0495,CurrentState,Hover2,Slider,10,Scenario,3
ID,26,Time,955.1877,DronePosition,-110.2394,7.06249,-107.379,0,CameraPosition,-103.182,1.793333,-107.4843,CameraRotation,340.683,266.6161,357.0453,CurrentState,Hover2,Slider,10,Scenario,3
ID,26,Time,955.2017,DronePosition,-110.2394,7.06249,-107.379,0,CameraPosition,-103.1819,1.793312,-107.4842,CameraRotation,340.6919,266.6175,357.0469,CurrentState,Hover2,Slider,10,Scenario,3
ID,26,Time,955.2156,DronePosition,-110.2394,7.06249,-107.379,0,CameraPosition,-103.1817,1.793291,-107.4841,CameraRotation,340.7087,266.6149,357.0384,CurrentState,Hover2,Slider,10,Scenario,3
ID,26,Time,955.2296,DronePosition,-110.2394,7.06249,-107.379,0,CameraPosition,-103.1815,1.793255,-107.4841,CameraRotation,340.7318,266.6153,357.0204,CurrentState,Hover2,Slider,10,Scenario,3
ID,26,Time,955.2435,DronePosition,-110.2394,7.06249,-107.379,0,CameraPosition,-103.1814,1.793207,-107.484,CameraRotation,340.7631,266.6181,357.0137,CurrentState,Hover2,Slider,10,Scenario,3
ID,26,Time,955.2576,DronePosition,-110.2394,7.06249,-107.379,0,CameraPosition,-103.1812,1.793149,-107.4839,CameraRotation,340.7905,266.6102,357.0178,CurrentState,Hover2,Slider,10,Scenario,3
ID,26,Time,955.2714,DronePosition,-110.2394,7.06249,-107.379,0,CameraPosition,-103.181,1.793103,-107.4838,CameraRotation,340.8062,266.6139,357.0155,CurrentState,Hover2,Slider,10,Scenario,3
ID,26,Time,955.2852,DronePosition,-110.2394,7.06249,-107.379,0,CameraPosition,-103.1808,1.793098,-107.4837,CameraRotation,340.8044,266.6298,356.9995,CurrentState,Hover2,Slider,10,Scenario,3
ID,26,Time,955.2989,DronePosition,-110.2394,7.06249,-107.379,0,CameraPosition,-103.1805,1.793144,-107.4836,CameraRotation,340.794,266.6457,357.0055,CurrentState,Hover2,Slider,10,Scenario,3
ID,26,Time,955.313,DronePosition,-110.2394,7.06249,-107.379,0,CameraPosition,-103.1803,1.793217,-107.4835,CameraRotation,340.7771,266.6606,357.0203,CurrentState,Hover2,Slider,10,Scenario,3
ID,26,Time,955.3275,DronePosition,-110.2394,7.06249,-107.379,0,CameraPosition,-103.18,1.793264,-107.4834,CameraRotation,340.7399,266.678,357.0183,CurrentState,Hover2,Slider,10,Scenario,3
ID,26,Time,955.3411,DronePosition,-110.2394,7.06249,-107.379,0,CameraPosition,-103.1798,1.793292,-107.4833,CameraRotation,340.7289,266.6923,357.0105,CurrentState,Hover2,Slider,10,Scenario,3
ID,26,Time,955.3549,DronePosition,-110.2394,7.06249,-107.379,0,CameraPosition,-103.1796,1.793325,-107.4832,CameraRotation,340.7097,266.7051,356.9973,CurrentState,Hover2,Slider,10,Scenario,3
ID,26,Time,955.3689,DronePosition,-110.2394,7.06249,-107.379,0,CameraPosition,-103.1794,1.793348,-107.4831,CameraRotation,340.6873,266.7221,356.9852,CurrentState,Hover2,Slider,10,Scenario,3
ID,26,Time,955.3825,DronePosition,-110.2394,7.06249,-107.379,0,CameraPosition,-103.1792,1.793378,-107.483,CameraRotation,340.6524,266.7362,356.9557,CurrentState,Hover2,Slider,10,Scenario,3
ID,26,Time,955.3967,DronePosition,-110.2394,7.06249,-107.379,0,CameraPosition,-103.1789,1.793442,-107.483,CameraRotation,340.5976,266.7391,356.9317,CurrentState,Hover2,Slider,10,Scenario,3
ID,26,Time,955.4104,DronePosition,-110.2394,7.06249,-107.379,0,CameraPosition,-103.1787,1.793521,-107.4829,CameraRotation,340.5373,266.7398,356.9316,CurrentState,Hover2,Slider,10,Scenario,3
ID,26,Time,955.4245,DronePosition,-110.2394,7.06249,-107.379,0,CameraPosition,-103.1785,1.793571,-107.4828,CameraRotation,340.4942,266.74,356.9448,CurrentState,Hover2,Slider,10,Scenario,3
ID,26,Time,955.4382,DronePosition,-110.2394,7.06249,-107.379,0,CameraPosition,-103.1783,1.79358,-107.4828,CameraRotation,340.4852,266.7368,356.9639,CurrentState,Hover2,Slider,10,Scenario,3
ID,26,Time,955.4523,DronePosition,-110.2394,7.06249,-107.379,0,CameraPosition,-103.1782,1.793583,-107.4827,CameraRotation,340.4905,266.7469,356.9636,CurrentState,Hover2,Slider,10,Scenario,3
ID,26,Time,955.4662,DronePosition,-110.2394,7.06249,-107.379,0,CameraPosition,-103.178,1.793595,-107.4827,CameraRotation,340.4866,266.7515,356.9675,CurrentState,Hover2,Slider,10,Scenario,3
ID,26,Time,955.48,DronePosition,-110.2394,7.06249,-107.379,0,CameraPosition,-103.1778,1.793625,-107.4826,CameraRotation,340.468,266.7549,356.9689,CurrentState,Hover2,Slider,10,Scenario,3
ID,26,Time,955.494,DronePosition,-110.2394,7.06249,-107.379,0,CameraPosition,-103.1777,1.793637,-107.4825,CameraRotation,340.4501,266.7572,356.9745,CurrentState,Hover2,Slider,10,Scenario,3
ID,26,Time,955.508,DronePosition,-110.2394,7.06249,-107.379,0,CameraPosition,-103.1775,1.79364,-107.4825,CameraRotation,340.449,266.7531,356.976,CurrentState,Hover2,Slider,10,Scenario,3
ID,26,Time,955.522,DronePosition,-110.2394,7.06249,-107.379,0,CameraPosition,-103.1774,1.793609,-107.4825,CameraRotation,340.4599,266.7464,356.9702,CurrentState,Hover2,Slider,10,Scenario,3
ID,26,Time,955.5361,DronePosition,-110.2394,7.06249,-107.379,0,CameraPosition,-103.1773,1.793552,-107.4824,CameraRotation,340.4918,266.7417,356.9542,CurrentState,Hover2,Slider,10,Scenario,3
ID,26,Time,955.5499,DronePosition,-110.2394,7.06249,-107.379,0,CameraPosition,-103.1772,1.793487,-107.4824,CameraRotation,340.4977,266.7448,356.9493,CurrentState,Hover2,Slider,10,Scenario,3
ID,26,Time,955.5635,DronePosition,-110.2394,7.06249,-107.379,0,CameraPosition,-103.1771,1.79346,-107.4823,CameraRotation,340.526,266.7516,356.9544,CurrentState,Hover2,Slider,10,Scenario,3
ID,26,Time,955.5775,DronePosition,-110.2394,7.06249,-107.379,0,CameraPosition,-103.177,1.79346,-107.4822,CameraRotation,340.5245,266.7683,356.9625,CurrentState,Hover2,Slider,10,Scenario,3
ID,26,Time,955.5916,DronePosition,-110.2394,7.06249,-107.379,0,CameraPosition,-103.1768,1.79347,-107.4821,CameraRotation,340.5196,266.7728,356.9739,CurrentState,Hover2,Slider,10,Scenario,3
ID,26,Time,955.6054,DronePosition,-110.2394,7.06249,-107.379,0,CameraPosition,-103.1768,1.793461,-107.482,CameraRotation,340.5063,266.7982,356.9555,CurrentState,Hover2,Slider,10,Scenario,3
ID,26,Time,955.6194,DronePosition,-110.2394,7.06249,-107.379,0,CameraPosition,-103.1766,1.79344,-107.4819,CameraRotation,340.5135,266.8231,356.9426,CurrentState,Hover2,Slider,10,Scenario,3
ID,26,Time,955.6332,DronePosition,-110.2394,7.06249,-107.379,0,CameraPosition,-103.1765,1.79342,-107.4818,CameraRotation,340.53,266.8401,356.931,CurrentState,Hover2,Slider,10,Scenario,3
ID,26,Time,955.6473,DronePosition,-110.2394,7.06249,-107.379,0,CameraPosition,-103.1764,1.793404,-107.4817,CameraRotation,340.5275,266.8435,356.9282,CurrentState,Hover2,Slider,10,Scenario,3
ID,26,Time,955.6613,DronePosition,-110.2394,7.06249,-107.379,0,CameraPosition,-103.1763,1.793423,-107.4816,CameraRotation,340.4893,266.8566,356.9176,CurrentState,Hover2,Slider,10,Scenario,3
ID,26,Time,955.6753,DronePosition,-110.2394,7.06249,-107.379,0,CameraPosition,-103.1762,1.793459,-107.4815,CameraRotation,340.4389,266.8629,356.9044,CurrentState,Hover2,Slider,10,Scenario,3
ID,26,Time,955.689,DronePosition,-110.2394,7.06249,-107.379,0,CameraPosition,-103.1761,1.793492,-107.4814,CameraRotation,340.3846,266.8718,356.8923,CurrentState,Hover2,Slider,10,Scenario,3
ID,26,Time,955.7032,DronePosition,-110.2394,7.06249,-107.379,0,CameraPosition,-103.1761,1.793507,-107.4813,CameraRotation,340.3445,266.8834,356.8826,CurrentState,Hover2,Slider,10,Scenario,3
ID,26,Time,955.7167,DronePosition,-110.2394,7.06249,-107.379,0,CameraPosition,-103.1761,1.793505,-107.4811,CameraRotation,340.3155,266.8944,356.8828,CurrentState,Hover2,Slider,10,Scenario,3
ID,26,Time,955.7308,DronePosition,-110.2394,7.06249,-107.379,0,CameraPosition,-103.176,1.793509,-107.481,CameraRotation,340.3011,266.9082,356.8716,CurrentState,Hover2,Slider,10,Scenario,3
ID,26,Time,955.7453,DronePosition,-110.2394,7.06249,-107.379,0,CameraPosition,-103.176,1.793497,-107.4809,CameraRotation,340.3015,266.9254,356.8622,CurrentState,Hover2,Slider,10,Scenario,3
ID,26,Time,955.7587,DronePosition,-110.2394,7.06249,-107.379,0,CameraPosition,-103.176,1.793463,-107.4808,CameraRotation,340.3099,266.9419,356.8455,CurrentState,Hover2,Slider,10,Scenario,3
ID,26,Time,955.7726,DronePosition,-110.2394,7.06249,-107.379,0,CameraPosition,-103.176,1.793435,-107.4807,CameraRotation,340.3297,266.9573,356.8454,CurrentState,Hover2,Slider,10,Scenario,3
ID,26,Time,955.7867,DronePosition,-110.2394,7.06249,-107.379,0,CameraPosition,-103.176,1.793426,-107.4806,CameraRotation,340.3246,266.9599,356.845,CurrentState,Hover2,Slider,10,Scenario,3
ID,26,Time,955.8002,DronePosition,-110.2394,7.06249,-107.379,0,CameraPosition,-103.1761,1.793435,-107.4804,CameraRotation,340.2979,266.9609,356.8422,CurrentState,Hover2,Slider,10,Scenario,3
ID,26,Time,955.8143,DronePosition,-110.2394,7.06249,-107.379,0,CameraPosition,-103.1761,1.793456,-107.4803,CameraRotation,340.2589,266.974,356.8282,CurrentState,Hover2,Slider,10,Scenario,3
ID,26,Time,955.8283,DronePosition,-110.2394,7.06249,-107.379,0,CameraPosition,-103.1761,1.79348,-107.4802,CameraRotation,340.2168,266.9734,356.813,CurrentState,Hover2,Slider,10,Scenario,3
ID,26,Time,955.8421,DronePosition,-110.2394,7.06249,-107.379,0,CameraPosition,-103.1762,1.793499,-107.4801,CameraRotation,340.1932,266.985,356.7916,CurrentState,Hover2,Slider,10,Scenario,3
ID,26,Time,955.8562,DronePosition,-110.2394,7.06249,-107.379,0,CameraPosition,-103.1763,1.793509,-107.48,CameraRotation,340.2026,266.9961,356.7684,CurrentState,Hover2,Slider,10,Scenario,3
ID,26,Time,955.87,DronePosition,-110.2394,7.06249,-107.379,0,CameraPosition,-103.1764,1.793482,-107.48,CameraRotation,340.222,266.9993,356.7531,CurrentState,Hover2,Slider,10,Scenario,3
ID,26,Time,955.8839,DronePosition,-110.2394,7.06249,-107.379,0,CameraPosition,-103.1765,1.79343,-107.4799,CameraRotation,340.255,267.0155,356.7459,CurrentState,Hover2,Slider,10,Scenario,3
ID,26,Time,955.8979,DronePosition,-110.2394,7.06249,-107.379,0,CameraPosition,-103.1766,1.793392,-107.4798,CameraRotation,340.2942,267.0307,356.7317,CurrentState,Hover2,Slider,10,Scenario,3
ID,26,Time,955.9117,DronePosition,-110.2394,7.06249,-107.379,0,CameraPosition,-103.1767,1.79333,-107.4797,CameraRotation,340.3113,267.0539,356.7247,CurrentState,Hover2,Slider,10,Scenario,3
ID,26,Time,955.9266,DronePosition,-110.2394,7.06249,-107.379,0,CameraPosition,-103.1768,1.793294,-107.4797,CameraRotation,340.3253,267.0789,356.7092,CurrentState,Hover2,Slider,10,Scenario,3
ID,26,Time,955.9397,DronePosition,-110.2394,7.06249,-107.379,0,CameraPosition,-103.1769,1.793306,-107.4796,CameraRotation,340.3451,267.0987,356.6878,CurrentState,Hover2,Slider,10,Scenario,3
ID,26,Time,955.954,DronePosition,-110.2394,7.06249,-107.379,0,CameraPosition,-103.1771,1.793318,-107.4795,CameraRotation,340.3512,267.1086,356.6755,CurrentState,Hover2,Slider,10,Scenario,3
ID,26,Time,955.9674,DronePosition,-110.2394,7.06249,-107.379,0,CameraPosition,-103.1772,1.793317,-107.4794,CameraRotation,340.3621,267.1204,356.6812,CurrentState,Hover2,Slider,10,Scenario,3
ID,26,Time,955.9827,DronePosition,-110.2394,7.06249,-107.379,0,CameraPosition,-103.1774,1.793261,-107.4794,CameraRotation,340.3701,267.1233,356.6785,CurrentState,Hover2,Slider,10,Scenario,3
ID,26,Time,955.9954,DronePosition,-110.2394,7.06249,-107.379,0,CameraPosition,-103.1775,1.793169,-107.4794,CameraRotation,340.4312,267.1178,356.6801,CurrentState,Hover2,Slider,10,Scenario,3
ID,26,Time,956.009,DronePosition,-110.2394,7.06249,-107.379,0,CameraPosition,-103.1777,1.793076,-107.4794,CameraRotation,340.4956,267.1188,356.6703,CurrentState,Hover2,Slider,10,Scenario,3
ID,26,Time,956.023,DronePosition,-110.2394,7.06249,-107.379,0,CameraPosition,-103.1779,1.792977,-107.4794,CameraRotation,340.5506,267.1135,356.654,CurrentState,Hover2,Slider,10,Scenario,3
ID,26,Time,956.0371,DronePosition,-110.2394,7.06249,-107.379,0,CameraPosition,-103.1781,1.792916,-107.4794,CameraRotation,340.5795,267.13,356.6069,CurrentState,Hover2,Slider,10,Scenario,3
ID,26,Time,956.0512,DronePosition,-110.2394,7.06249,-107.379,0,CameraPosition,-103.1783,1.792902,-107.4794,CameraRotation,340.6079,267.1331,356.5832,CurrentState,Hover2,Slider,10,Scenario,3
ID,26,Time,956.0649,DronePosition,-110.2394,7.06249,-107.379,0,CameraPosition,-103.1785,1.792897,-107.4794,CameraRotation,340.631,267.1349,356.5849,CurrentState,Hover2,Slider,10,Scenario,3
ID,26,Time,956.0789,DronePosition,-110.2394,7.06249,-107.379,0,CameraPosition,-103.1787,1.79287,-107.4795,CameraRotation,340.6695,267.1262,356.609,CurrentState,Hover2,Slider,10,Scenario,3
ID,26,Time,956.0927,DronePosition,-110.2394,7.06249,-107.379,0,CameraPosition,-103.1789,1.792814,-107.4795,CameraRotation,340.7184,267.1076,356.6214,CurrentState,Hover2,Slider,10,Scenario,3
ID,26,Time,956.1071,DronePosition,-110.2394,7.06249,-107.379,0,CameraPosition,-103.1791,1.792743,-107.4796,CameraRotation,340.7689,267.104,356.6285,CurrentState,Hover2,Slider,10,Scenario,3
ID,26,Time,956.1207,DronePosition,-110.2394,7.06249,-107.379,0,CameraPosition,-103.1793,1.792656,-107.4796,CameraRotation,340.8122,267.1043,356.6353,CurrentState,Hover2,Slider,10,Scenario,3
ID,26,Time,956.1345,DronePosition,-110.2394,7.06249,-107.379,0,CameraPosition,-103.1795,1.792565,-107.4797,CameraRotation,340.8534,267.0982,356.6197,CurrentState,Hover2,Slider,10,Scenario,3
ID,26,Time,956.1483,DronePosition,-110.2394,7.06249,-107.379,0,CameraPosition,-103.1797,1.792502,-107.4797,CameraRotation,340.8946,267.0874,356.6203,CurrentState,Hover2,Slider,10,Scenario,3
ID,26,Time,956.163,DronePosition,-110.2394,7.06249,-107.379,0,CameraPosition,-103.1799,1.79246,-107.4798,CameraRotation,340.9229,267.0714,356.6293,CurrentState,Hover2,Slider,10,Scenario,3
ID,26,Time,956.1764,DronePosition,-110.2394,7.06249,-107.379,0,CameraPosition,-103.1802,1.792433,-107.4799,CameraRotation,340.9522,267.053,356.6223,CurrentState,Hover2,Slider,10,Scenario,3
ID,26,Time,956.1902,DronePosition,-110.2394,7.06249,-107.379,0,CameraPosition,-103.1804,1.792392,-107.48,CameraRotation,340.9874,267.0317,356.6183,CurrentState,Hover2,Slider,10,Scenario,3
ID,26,Time,956.2041,DronePosition,-110.2394,7.06249,-107.379,0,CameraPosition,-103.1806,1.792322,-107.4801,CameraRotation,341.0201,267.0128,356.6108,CurrentState,Hover2,Slider,10,Scenario,3
ID,26,Time,956.218,DronePosition,-110.2394,7.06249,-107.379,0,CameraPosition,-103.1808,1.79227,-107.4802,CameraRotation,341.0774,267.0094,356.6151,CurrentState,Hover2,Slider,10,Scenario,3
ID,26,Time,956.2319,DronePosition,-110.2394,7.06249,-107.379,0,CameraPosition,-103.1811,1.792224,-107.4803,CameraRotation,341.1029,266.9947,356.6322,CurrentState,Hover2,Slider,10,Scenario,3
ID,26,Time,956.2459,DronePosition,-110.2394,7.06249,-107.379,0,CameraPosition,-103.1813,1.792208,-107.4804,CameraRotation,341.1288,266.9829,356.653,CurrentState,Hover2,Slider,10,Scenario,3
ID,26,Time,956.2599,DronePosition,-110.2394,7.06249,-107.379,0,CameraPosition,-103.1815,1.792205,-107.4804,CameraRotation,341.1332,266.9797,356.6526,CurrentState,Hover2,Slider,10,Scenario,3
ID,26,Time,956.2739,DronePosition,-110.2394,7.06249,-107.379,0,CameraPosition,-103.1817,1.792222,-107.4805,CameraRotation,341.1556,266.9893,356.6403,CurrentState,Hover2,Slider,10,Scenario,3
ID,26,Time,956.2876,DronePosition,-110.2394,7.06249,-107.379,0,CameraPosition,-103.1819,1.792231,-107.4806,CameraRotation,341.1814,266.9983,356.6478,CurrentState,Hover2,Slider,10,Scenario,3
ID,26,Time,956.3016,DronePosition,-110.2394,7.06249,-107.379,0,CameraPosition,-103.1821,1.792209,-107.4807,CameraRotation,341.2006,266.9998,356.657,CurrentState,Hover2,Slider,10,Scenario,3
ID,26,Time,956.3154,DronePosition,-110.2394,7.06249,-107.379,0,CameraPosition,-103.1823,1.792192,-107.4808,CameraRotation,341.2361,266.9904,356.6611,CurrentState,Hover2,Slider,10,Scenario,3
ID,26,Time,956.3293,DronePosition,-110.2394,7.06249,-107.379,0,CameraPosition,-103.1826,1.792146,-107.481,CameraRotation,341.2664,266.9867,356.6696,CurrentState,Hover2,Slider,10,Scenario,3
ID,26,Time,956.3433,DronePosition,-110.2394,7.06249,-107.379,0,CameraPosition,-103.1829,1.792063,-107.4811,CameraRotation,341.3059,266.9821,356.6797,CurrentState,Hover2,Slider,10,Scenario,3
ID,26,Time,956.3572,DronePosition,-110.2394,7.06249,-107.379,0,CameraPosition,-103.1831,1.791979,-107.4813,CameraRotation,341.3434,266.9631,356.6909,CurrentState,Hover2,Slider,10,Scenario,3
ID,26,Time,956.3715,DronePosition,-110.2394,7.06249,-107.379,0,CameraPosition,-103.1834,1.79195,-107.4814,CameraRotation,341.368,266.9561,356.7089,CurrentState,Hover2,Slider,10,Scenario,3
ID,26,Time,956.3853,DronePosition,-110.2394,7.06249,-107.379,0,CameraPosition,-103.1836,1.791941,-107.4815,CameraRotation,341.3834,266.9504,356.7253,CurrentState,Hover2,Slider,10,Scenario,3
ID,26,Time,956.3998,DronePosition,-110.2394,7.06249,-107.379,0,CameraPosition,-103.1839,1.791947,-107.4816,CameraRotation,341.3921,266.948,356.7318,CurrentState,Hover2,Slider,10,Scenario,3
ID,26,Time,956.413,DronePosition,-110.2394,7.06249,-107.379,0,CameraPosition,-103.1842,1.791963,-107.4817,CameraRotation,341.3956,266.9384,356.7393,CurrentState,Hover2,Slider,10,Scenario,3
ID,26,Time,956.4269,DronePosition,-110.2394,7.06249,-107.379,0,CameraPosition,-103.1844,1.791978,-107.4818,CameraRotation,341.3963,266.9164,356.7599,CurrentState,Hover2,Slider,10,Scenario,3
ID,26,Time,956.4408,DronePosition,-110.2394,7.06249,-107.379,0,CameraPosition,-103.1847,1.791989,-107.4818,CameraRotation,341.4184,266.9126,356.774,CurrentState,Hover2,Slider,10,Scenario,3
ID,26,Time,956.4548,DronePosition,-110.2394,7.06249,-107.379,0,CameraPosition,-103.185,1.791972,-107.4819,CameraRotation,341.4356,266.9196,356.7636,CurrentState,Hover2,Slider,10,Scenario,3
ID,26,Time,956.4686,DronePosition,-110.2394,7.06249,-107.379,0,CameraPosition,-103.1853,1.791957,-107.482,CameraRotation,341.4522,266.9308,356.7505,CurrentState,Hover2,Slider,10,Scenario,3
ID,26,Time,956.4827,DronePosition,-110.2394,7.06249,-107.379,0,CameraPosition,-103.1855,1.791956,-107.4821,CameraRotation,341.4551,266.9381,356.7427,CurrentState,Hover2,Slider,10,Scenario,3
ID,26,Time,956.4965,DronePosition,-110.2394,7.06249,-107.379,0,CameraPosition,-103.1858,1.791941,-107.4822,CameraRotation,341.4575,266.946,356.752,CurrentState,Hover2,Slider,10,Scenario,3
ID,26,Time,956.5103,DronePosition,-110.2394,7.06249,-107.379,0,CameraPosition,-103.1861,1.791917,-107.4823,CameraRotation,341.4567,266.9383,356.7762,CurrentState,Hover2,Slider,10,Scenario,3
ID,26,Time,956.5243,DronePosition,-110.2394,7.06249,-107.379,0,CameraPosition,-103.1864,1.791905,-107.4824,CameraRotation,341.4536,266.9512,356.7864,CurrentState,Hover2,Slider,10,Scenario,3
ID,26,Time,956.5385,DronePosition,-110.2394,7.06249,-107.379,0,CameraPosition,-103.1867,1.791899,-107.4825,CameraRotation,341.4511,266.9598,356.7932,CurrentState,Hover2,Slider,10,Scenario,3
ID,26,Time,956.5523,DronePosition,-110.2394,7.06249,-107.379,0,CameraPosition,-103.187,1.791878,-107.4826,CameraRotation,341.4583,266.9715,356.7957,CurrentState,Hover2,Slider,10,Scenario,3
ID,26,Time,956.566,DronePosition,-110.2394,7.06249,-107.379,0,CameraPosition,-103.1873,1.791849,-107.4827,CameraRotation,341.4807,266.9649,356.8103,CurrentState,Hover2,Slider,10,Scenario,3
ID,26,Time,956.5803,DronePosition,-110.2394,7.06249,-107.379,0,CameraPosition,-103.1876,1.791858,-107.4827,CameraRotation,341.493,266.9604,356.8143,CurrentState,Hover2,Slider,10,Scenario,3
ID,26,Time,956.5941,DronePosition,-110.2394,7.06249,-107.379,0,CameraPosition,-103.1879,1.791883,-107.4827,CameraRotation,341.5142,266.9649,356.817,CurrentState,Hover2,Slider,10,Scenario,3
ID,26,Time,956.6078,DronePosition,-110.2394,7.06249,-107.379,0,CameraPosition,-103.1882,1.791894,-107.4828,CameraRotation,341.5232,266.9703,356.8173,CurrentState,Hover2,Slider,10,Scenario,3
ID,26,Time,956.6219,DronePosition,-110.2394,7.06249,-107.379,0,CameraPosition,-103.1885,1.79188,-107.4828,CameraRotation,341.5186,266.9657,356.8277,CurrentState,Hover2,Slider,10,Scenario,3
ID,26,Time,956.636,DronePosition,-110.2394,7.06249,-107.379,0,CameraPosition,-103.1888,1.791847,-107.4829,CameraRotation,341.5327,266.9589,356.8398,CurrentState,Hover2,Slider,10,Scenario,3
ID,26,Time,956.6495,DronePosition,-110.2394,7.06249,-107.379,0,CameraPosition,-103.1891,1.791829,-107.4829,CameraRotation,341.5687,266.9571,356.8411,CurrentState,Hover2,Slider,10,Scenario,3
ID,26,Time,956.6636,DronePosition,-110.2394,7.06249,-107.379,0,CameraPosition,-103.1894,1.791841,-107.483,CameraRotation,341.5667,266.9681,356.8404,CurrentState,Hover2,Slider,10,Scenario,3
ID,26,Time,956.6775,DronePosition,-110.2394,7.06249,-107.379,0,CameraPosition,-103.1897,1.791867,-107.483,CameraRotation,341.5385,266.9801,356.8307,CurrentState,Hover2,Slider,10,Scenario,3
ID,26,Time,956.6916,DronePosition,-110.2394,7.06249,-107.379,0,CameraPosition,-103.1899,1.791888,-107.483,CameraRotation,341.5195,267.004,356.8027,CurrentState,Hover2,Slider,10,Scenario,3
ID,26,Time,956.7051,DronePosition,-110.2394,7.06249,-107.379,0,CameraPosition,-103.1902,1.791899,-107.483,CameraRotation,341.5342,267.016,356.7882,CurrentState,Hover2,Slider,10,Scenario,3
ID,26,Time,956.7191,DronePosition,-110.2394,7.06249,-107.379,0,CameraPosition,-103.1905,1.791896,-107.483,CameraRotation,341.5569,267.0252,356.7846,CurrentState,Hover2,Slider,10,Scenario,3
ID,26,Time,956.733,DronePosition,-110.2394,7.06249,-107.379,0,CameraPosition,-103.1908,1.791911,-107.483,CameraRotation,341.5624,267.0197,356.801,CurrentState,Hover2,Slider,10,Scenario,3
ID,26,Time,956.7471,DronePosition,-110.2394,7.06249,-107.379,0,CameraPosition,-103.1911,1.791936,-107.4831,CameraRotation,341.5744,267.0217,356.8091,CurrentState,Hover2,Slider,10,Scenario,3
ID,26,Time,956.7612,DronePosition,-110.2394,7.06249,-107.379,0,CameraPosition,-103.1914,1.791935,-107.483,CameraRotation,341.5892,267.026,356.7992,CurrentState,Hover2,Slider,10,Scenario,3
ID,26,Time,956.775,DronePosition,-110.2394,7.06249,-107.379,0,CameraPosition,-103.1916,1.791911,-107.4831,CameraRotation,341.6036,267.0449,356.7754,CurrentState,Hover2,Slider,10,Scenario,3
ID,26,Time,956.7891,DronePosition,-110.2394,7.06249,-107.379,0,CameraPosition,-103.1918,1.791891,-107.483,CameraRotation,341.6142,267.0447,356.7679,CurrentState,Hover2,Slider,10,Scenario,3
ID,26,Time,956.8029,DronePosition,-110.2394,7.06249,-107.379,0,CameraPosition,-103.1921,1.791876,-107.483,CameraRotation,341.6274,267.0395,356.7644,CurrentState,Hover2,Slider,10,Scenario,3
ID,26,Time,956.8167,DronePosition,-110.2394,7.06249,-107.379,0,CameraPosition,-103.1923,1.791868,-107.483,CameraRotation,341.6373,267.0246,356.7604,CurrentState,Hover2,Slider,10,Scenario,3
ID,26,Time,956.8304,DronePosition,-110.2394,7.06249,-107.379,0,CameraPosition,-103.1925,1.791883,-107.483,CameraRotation,341.6411,267.0059,356.76,CurrentState,Hover2,Slider,10,Scenario,3
ID,26,Time,956.8445,DronePosition,-110.2394,7.06249,-107.379,0,CameraPosition,-103.1926,1.791907,-107.483,CameraRotation,341.6394,266.9912,356.7579,CurrentState,Hover2,Slider,10,Scenario,3
ID,26,Time,956.8585,DronePosition,-110.2394,7.06249,-107.379,0,CameraPosition,-103.1927,1.79191,-107.483,CameraRotation,341.6277,266.9893,356.7514,CurrentState,Hover2,Slider,10,Scenario,3
ID,26,Time,956.8722,DronePosition,-110.2394,7.06249,-107.379,0,CameraPosition,-103.1929,1.791924,-107.4829,CameraRotation,341.6445,266.9853,356.7648,CurrentState,Hover2,Slider,10,Scenario,3
ID,26,Time,956.8864,DronePosition,-110.2394,7.06249,-107.379,0,CameraPosition,-103.193,1.791935,-107.4829,CameraRotation,341.6398,266.983,356.774,CurrentState,Hover2,Slider,10,Scenario,3
ID,26,Time,956.9002,DronePosition,-110.2394,7.06249,-107.379,0,CameraPosition,-103.193,1.791941,-107.4827,CameraRotation,341.6208,266.9787,356.7731,CurrentState,Hover2,Slider,10,Scenario,3
ID,26,Time,956.9142,DronePosition,-110.2394,7.06249,-107.379,0,CameraPosition,-103.1931,1.791929,-107.4826,CameraRotation,341.602,266.993,356.7438,CurrentState,Hover2,Slider,10,Scenario,3
ID,26,Time,956.9292,DronePosition,-110.2394,7.06249,-107.379,0,CameraPosition,-103.1931,1.791924,-107.4825,CameraRotation,341.6077,267.0038,356.7233,CurrentState,Hover2,Slider,10,Scenario,3
ID,26,Time,956.9419,DronePosition,-110.2394,7.06249,-107.379,0,CameraPosition,-103.1932,1.791921,-107.4824,CameraRotation,341.6275,267.0099,356.6945,CurrentState,Hover2,Slider,10,Scenario,3
ID,26,Time,956.9562,DronePosition,-110.2394,7.06249,-107.379,0,CameraPosition,-103.1932,1.79192,-107.4823,CameraRotation,341.6417,267.016,356.6651,CurrentState,Hover2,Slider,10,Scenario,3
ID,26,Time,956.9697,DronePosition,-110.2394,7.06249,-107.379,0,CameraPosition,-103.1933,1.791934,-107.4822,CameraRotation,341.6435,267.0167,356.631,CurrentState,Hover2,Slider,10,Scenario,3
ID,26,Time,956.9838,DronePosition,-110.2394,7.06249,-107.379,0,CameraPosition,-103.1933,1.79196,-107.482,CameraRotation,341.6272,267.0359,356.5855,CurrentState,Hover2,Slider,10,Scenario,3
ID,26,Time,956.998,DronePosition,-110.2394,7.06249,-107.379,0,CameraPosition,-103.1934,1.791979,-107.4819,CameraRotation,341.608,267.0485,356.5495,CurrentState,Hover2,Slider,10,Scenario,3
ID,26,Time,957.0116,DronePosition,-110.2394,7.06249,-107.379,0,CameraPosition,-103.1934,1.79198,-107.4818,CameraRotation,341.5821,267.0807,356.5153,CurrentState,Hover2,Slider,10,Scenario,3
ID,26,Time,957.0254,DronePosition,-110.2394,7.06249,-107.379,0,CameraPosition,-103.1934,1.791982,-107.4816,CameraRotation,341.5703,267.1135,356.485,CurrentState,Hover2,Slider,10,Scenario,3
ID,26,Time,957.0393,DronePosition,-110.2394,7.06249,-107.379,0,CameraPosition,-103.1935,1.791971,-107.4815,CameraRotation,341.5604,267.152,356.4556,CurrentState,Hover2,Slider,10,Scenario,3
ID,26,Time,957.0535,DronePosition,-110.2394,7.06249,-107.379,0,CameraPosition,-103.1935,1.791951,-107.4813,CameraRotation,341.5583,267.1976,356.4155,CurrentState,Hover2,Slider,10,Scenario,3
ID,26,Time,957.0671,DronePosition,-110.2394,7.06249,-107.379,0,CameraPosition,-103.1935,1.79194,-107.4812,CameraRotation,341.5564,267.2365,356.3871,CurrentState,Hover2,Slider,10,Scenario,3
ID,26,Time,957.0811,DronePosition,-110.2394,7.06249,-107.379,0,CameraPosition,-103.1935,1.791944,-107.481,CameraRotation,341.5498,267.2751,356.3491,CurrentState,Hover2,Slider,10,Scenario,3
ID,26,Time,957.095,DronePosition,-110.2394,7.06249,-107.379,0,CameraPosition,-103.1935,1.791964,-107.4809,CameraRotation,341.5511,267.3074,356.3167,CurrentState,Hover2,Slider,10,Scenario,3
ID,26,Time,957.1088,DronePosition,-110.2394,7.06249,-107.379,0,CameraPosition,-103.1936,1.791978,-107.4808,CameraRotation,341.5524,267.3385,356.2849,CurrentState,Hover2,Slider,10,Scenario,3
ID,26,Time,957.1233,DronePosition,-110.2394,7.06249,-107.379,0,CameraPosition,-103.1936,1.791977,-107.4808,CameraRotation,341.5526,267.3713,356.2562,CurrentState,Hover2,Slider,10,Scenario,3
ID,26,Time,957.1372,DronePosition,-110.2394,7.06249,-107.379,0,CameraPosition,-103.1937,1.791923,-107.4807,CameraRotation,341.564,267.3993,356.2391,CurrentState,Hover2,Slider,10,Scenario,3
ID,26,Time,957.1508,DronePosition,-110.2394,7.06249,-107.379,0,CameraPosition,-103.1937,1.791876,-107.4807,CameraRotation,341.5757,267.4161,356.2198,CurrentState,Hover2,Slider,10,Scenario,3
ID,26,Time,957.1649,DronePosition,-110.2394,7.06249,-107.379,0,CameraPosition,-103.1937,1.791838,-107.4807,CameraRotation,341.5821,267.4367,356.2174,CurrentState,Hover2,Slider,10,Scenario,3
ID,26,Time,957.1791,DronePosition,-110.2394,7.06249,-107.379,0,CameraPosition,-103.1937,1.791839,-107.4806,CameraRotation,341.5785,267.451,356.2149,CurrentState,Hover2,Slider,10,Scenario,3
ID,26,Time,957.1924,DronePosition,-110.2394,7.06249,-107.379,0,CameraPosition,-103.1937,1.791847,-107.4807,CameraRotation,341.5585,267.4665,356.2117,CurrentState,Hover2,Slider,10,Scenario,3
ID,26,Time,957.2068,DronePosition,-110.2394,7.06249,-107.379,0,CameraPosition,-103.1937,1.791865,-107.4807,CameraRotation,341.5444,267.4691,356.212,CurrentState,Hover2,Slider,10,Scenario,3
ID,26,Time,957.2206,DronePosition,-110.2394,7.06249,-107.379,0,CameraPosition,-103.1937,1.791836,-107.4807,CameraRotation,341.5367,267.4715,356.2279,CurrentState,Hover2,Slider,10,Scenario,3
ID,26,Time,957.2344,DronePosition,-110.2394,7.06249,-107.379,0,CameraPosition,-103.1937,1.791797,-107.4807,CameraRotation,341.529,267.4735,356.2423,CurrentState,Hover2,Slider,10,Scenario,3
ID,26,Time,957.2483,DronePosition,-110.2394,7.06249,-107.379,0,CameraPosition,-103.1937,1.791782,-107.4807,CameraRotation,341.5369,267.4714,356.2625,CurrentState,Hover2,Slider,10,Scenario,3
ID,26,Time,957.2625,DronePosition,-110.2394,7.06249,-107.379,0,CameraPosition,-103.1936,1.791791,-107.4808,CameraRotation,341.5263,267.4648,356.2606,CurrentState,Hover2,Slider,10,Scenario,3
ID,26,Time,957.276,DronePosition,-110.2394,7.06249,-107.379,0,CameraPosition,-103.1936,1.791823,-107.4809,CameraRotation,341.5059,267.4552,356.2783,CurrentState,Hover2,Slider,10,Scenario,3
ID,26,Time,957.29,DronePosition,-110.2394,7.06249,-107.379,0,CameraPosition,-103.1936,1.791832,-107.481,CameraRotation,341.4874,267.4409,356.3113,CurrentState,Hover2,Slider,10,Scenario,3
ID,26,Time,957.304,DronePosition,-110.2394,7.06249,-107.379,0,CameraPosition,-103.1935,1.791818,-107.481,CameraRotation,341.468,267.4166,356.3344,CurrentState,Hover2,Slider,10,Scenario,3
ID,26,Time,957.3184,DronePosition,-110.2394,7.06249,-107.379,0,CameraPosition,-103.1934,1.791809,-107.4811,CameraRotation,341.4374,267.4181,356.3474,CurrentState,Hover2,Slider,10,Scenario,3
ID,26,Time,957.3318,DronePosition,-110.2394,7.06249,-107.379,0,CameraPosition,-103.1934,1.791847,-107.4811,CameraRotation,341.4027,267.4181,356.3391,CurrentState,Hover2,Slider,10,Scenario,3
ID,26,Time,957.3458,DronePosition,-110.2394,7.06249,-107.379,0,CameraPosition,-103.1933,1.791888,-107.4812,CameraRotation,341.3795,267.4297,356.3181,CurrentState,Hover2,Slider,10,Scenario,3
ID,26,Time,957.3598,DronePosition,-110.2394,7.06249,-107.379,0,CameraPosition,-103.1933,1.791921,-107.4813,CameraRotation,341.3652,267.4359,356.3066,CurrentState,Hover2,Slider,10,Scenario,3
ID,26,Time,957.3737,DronePosition,-110.2394,7.06249,-107.379,0,CameraPosition,-103.1932,1.791945,-107.4814,CameraRotation,341.3493,267.4353,356.3276,CurrentState,Hover2,Slider,10,Scenario,3
ID,26,Time,957.3876,DronePosition,-110.2394,7.06249,-107.379,0,CameraPosition,-103.1932,1.791959,-107.4814,CameraRotation,341.3307,267.4317,356.3516,CurrentState,Hover2,Slider,10,Scenario,3
ID,26,Time,957.4016,DronePosition,-110.2394,7.06249,-107.379,0,CameraPosition,-103.1931,1.791973,-107.4815,CameraRotation,341.3228,267.4306,356.3707,CurrentState,Hover2,Slider,10,Scenario,3
ID,26,Time,957.4156,DronePosition,-110.2394,7.06249,-107.379,0,CameraPosition,-103.1931,1.791975,-107.4816,CameraRotation,341.3067,267.4301,356.3786,CurrentState,Hover2,Slider,10,Scenario,3
ID,26,Time,957.4294,DronePosition,-110.2394,7.06249,-107.379,0,CameraPosition,-103.193,1.791992,-107.4817,CameraRotation,341.3007,267.4261,356.3832,CurrentState,Hover2,Slider,10,Scenario,3
ID,26,Time,957.4434,DronePosition,-110.2394,7.06249,-107.379,0,CameraPosition,-103.193,1.791998,-107.4818,CameraRotation,341.2745,267.4113,356.3928,CurrentState,Hover2,Slider,10,Scenario,3
ID,26,Time,957.4572,DronePosition,-110.2394,7.06249,-107.379,0,CameraPosition,-103.193,1.792007,-107.4819,CameraRotation,341.2505,267.4005,356.4005,CurrentState,Hover2,Slider,10,Scenario,3
ID,26,Time,957.4711,DronePosition,-110.2394,7.06249,-107.379,0,CameraPosition,-103.193,1.792017,-107.482,CameraRotation,341.2294,267.3827,356.41,CurrentState,Hover2,Slider,10,Scenario,3
ID,26,Time,957.485,DronePosition,-110.2394,7.06249,-107.379,0,CameraPosition,-103.1929,1.792049,-107.4821,CameraRotation,341.225,267.3692,356.4131,CurrentState,Hover2,Slider,10,Scenario,3
ID,26,Time,957.4988,DronePosition,-110.2394,7.06249,-107.379,0,CameraPosition,-103.1929,1.792055,-107.4822,CameraRotation,341.2057,267.3587,356.4133,CurrentState,Hover2,Slider,10,Scenario,3
ID,26,Time,957.5129,DronePosition,-110.2394,7.06249,-107.379,0,CameraPosition,-103.1929,1.792051,-107.4823,CameraRotation,341.2033,267.3477,356.4202,CurrentState,Hover2,Slider,10,Scenario,3
ID,26,Time,957.5267,DronePosition,-110.2394,7.06249,-107.379,0,CameraPosition,-103.1929,1.792061,-107.4823,CameraRotation,341.213,267.3395,356.4404,CurrentState,Hover2,Slider,10,Scenario,3
ID,26,Time,957.5407,DronePosition,-110.2394,7.06249,-107.379,0,CameraPosition,-103.1929,1.79206,-107.4824,CameraRotation,341.1968,267.3301,356.4679,CurrentState,Hover2,Slider,10,Scenario,3
ID,26,Time,957.5547,DronePosition,-110.2394,7.06249,-107.379,0,CameraPosition,-103.1929,1.792049,-107.4825,CameraRotation,341.1906,267.3349,356.4673,CurrentState,Hover2,Slider,10,Scenario,3
ID,26,Time,957.5687,DronePosition,-110.2394,7.06249,-107.379,0,CameraPosition,-103.1929,1.792039,-107.4826,CameraRotation,341.1996,267.3426,356.4555,CurrentState,Hover2,Slider,10,Scenario,3
ID,26,Time,957.5824,DronePosition,-110.2394,7.06249,-107.379,0,CameraPosition,-103.1929,1.792029,-107.4827,CameraRotation,341.2095,267.3387,356.4637,CurrentState,Hover2,Slider,10,Scenario,3
ID,26,Time,957.5964,DronePosition,-110.2394,7.06249,-107.379,0,CameraPosition,-103.1929,1.79203,-107.4827,CameraRotation,341.2222,267.3234,356.4871,CurrentState,Hover2,Slider,10,Scenario,3
ID,26,Time,957.6104,DronePosition,-110.2394,7.06249,-107.379,0,CameraPosition,-103.1929,1.792034,-107.4828,CameraRotation,341.22,267.3065,356.4934,CurrentState,Hover2,Slider,10,Scenario,3
ID,26,Time,957.6245,DronePosition,-110.2394,7.06249,-107.379,0,CameraPosition,-103.1929,1.792039,-107.4829,CameraRotation,341.2209,267.3018,356.4903,CurrentState,Hover2,Slider,10,Scenario,3
ID,26,Time,957.6383,DronePosition,-110.2394,7.06249,-107.379,0,CameraPosition,-103.1929,1.792034,-107.483,CameraRotation,341.2222,267.3015,356.4864,CurrentState,Hover2,Slider,10,Scenario,3
ID,26,Time,957.6521,DronePosition,-110.2394,7.06249,-107.379,0,CameraPosition,-103.1929,1.792036,-107.483,CameraRotation,341.2237,267.3069,356.4796,CurrentState,Hover2,Slider,10,Scenario,3
ID,26,Time,957.6664,DronePosition,-110.2394,7.06249,-107.379,0,CameraPosition,-103.1929,1.792031,-107.4831,CameraRotation,341.2297,267.3038,356.4775,CurrentState,Hover2,Slider,10,Scenario,3
ID,26,Time,957.68,DronePosition,-110.2394,7.06249,-107.379,0,CameraPosition,-103.1929,1.792026,-107.4831,CameraRotation,341.24,267.3078,356.4826,CurrentState,Hover2,Slider,10,Scenario,3
ID,26,Time,957.6939,DronePosition,-110.2394,7.06249,-107.379,0,CameraPosition,-103.1929,1.792008,-107.4831,CameraRotation,341.2538,267.3026,356.4817,CurrentState,Hover2,Slider,10,Scenario,3
ID,26,Time,957.7078,DronePosition,-110.2394,7.06249,-107.379,0,CameraPosition,-103.1929,1.791989,-107.4831,CameraRotation,341.2561,267.3159,356.4703,CurrentState,Hover2,Slider,10,Scenario,3
ID,26,Time,957.7217,DronePosition,-110.2394,7.06249,-107.379,0,CameraPosition,-103.1929,1.791999,-107.4832,CameraRotation,341.2562,267.317,356.4648,CurrentState,Hover2,Slider,10,Scenario,3
ID,26,Time,957.7355,DronePosition,-110.2394,7.06249,-107.379,0,CameraPosition,-103.1929,1.791998,-107.4832,CameraRotation,341.2419,267.3117,356.4682,CurrentState,Hover2,Slider,10,Scenario,3
ID,26,Time,957.7496,DronePosition,-110.2394,7.06249,-107.379,0,CameraPosition,-103.1929,1.792002,-107.4833,CameraRotation,341.2599,267.3037,356.4662,CurrentState,Hover2,Slider,10,Scenario,3
ID,26,Time,957.7637,DronePosition,-110.2394,7.06249,-107.379,0,CameraPosition,-103.1929,1.791988,-107.4833,CameraRotation,341.2727,267.3049,356.4718,CurrentState,Hover2,Slider,10,Scenario,3
ID,26,Time,957.7777,DronePosition,-110.2394,7.06249,-107.379,0,CameraPosition,-103.1929,1.791951,-107.4834,CameraRotation,341.2767,267.3,356.4759,CurrentState,Hover2,Slider,10,Scenario,3
ID,26,Time,957.7913,DronePosition,-110.2394,7.06249,-107.379,0,CameraPosition,-103.1929,1.791917,-107.4835,CameraRotation,341.2724,267.3137,356.4751,CurrentState,Hover2,Slider,10,Scenario,3
ID,26,Time,957.8052,DronePosition,-110.2394,7.06249,-107.379,0,CameraPosition,-103.1929,1.79189,-107.4835,CameraRotation,341.2768,267.3147,356.4792,CurrentState,Hover2,Slider,10,Scenario,3
ID,26,Time,957.8195,DronePosition,-110.2394,7.06249,-107.379,0,CameraPosition,-103.1929,1.791887,-107.4836,CameraRotation,341.2922,267.3156,356.4882,CurrentState,Hover2,Slider,10,Scenario,3
ID,26,Time,957.8333,DronePosition,-110.2394,7.06249,-107.379,0,CameraPosition,-103.1928,1.791887,-107.4836,CameraRotation,341.3023,267.3252,356.4958,CurrentState,Hover2,Slider,10,Scenario,3
ID,26,Time,957.8469,DronePosition,-110.2394,7.06249,-107.379,0,CameraPosition,-103.1928,1.791902,-107.4837,CameraRotation,341.306,267.3333,356.4875,CurrentState,Hover2,Slider,10,Scenario,3
ID,26,Time,957.861,DronePosition,-110.2394,7.06249,-107.379,0,CameraPosition,-103.1928,1.79191,-107.4837,CameraRotation,341.3084,267.3344,356.4938,CurrentState,Hover2,Slider,10,Scenario,3
ID,26,Time,957.8749,DronePosition,-110.2394,7.06249,-107.379,0,CameraPosition,-103.1927,1.791904,-107.4838,CameraRotation,341.3165,267.3334,356.5161,CurrentState,Hover2,Slider,10,Scenario,3
ID,26,Time,957.8888,DronePosition,-110.2394,7.06249,-107.379,0,CameraPosition,-103.1927,1.791889,-107.4838,CameraRotation,341.3252,267.3127,356.5312,CurrentState,Hover2,Slider,10,Scenario,3
ID,26,Time,957.9026,DronePosition,-110.2394,7.06249,-107.379,0,CameraPosition,-103.1926,1.791887,-107.4839,CameraRotation,341.3497,267.3047,356.5462,CurrentState,Hover2,Slider,10,Scenario,3
ID,26,Time,957.9165,DronePosition,-110.2394,7.06249,-107.379,0,CameraPosition,-103.1926,1.79188,-107.484,CameraRotation,341.3601,267.2996,356.565,CurrentState,Hover2,Slider,10,Scenario,3
ID,26,Time,957.9307,DronePosition,-110.2394,7.06249,-107.379,0,CameraPosition,-103.1925,1.791874,-107.484,CameraRotation,341.3635,267.2955,356.5983,CurrentState,Hover2,Slider,10,Scenario,3
ID,26,Time,957.9445,DronePosition,-110.2394,7.06249,-107.379,0,CameraPosition,-103.1924,1.791868,-107.4841,CameraRotation,341.368,267.3031,356.6148,CurrentState,Hover2,Slider,10,Scenario,3
ID,26,Time,957.9584,DronePosition,-110.2394,7.06249,-107.379,0,CameraPosition,-103.1922,1.791864,-107.4842,CameraRotation,341.3749,267.2864,356.6256,CurrentState,Hover2,Slider,10,Scenario,3
ID,26,Time,957.9725,DronePosition,-110.2394,7.06249,-107.379,0,CameraPosition,-103.1921,1.791885,-107.4842,CameraRotation,341.3609,267.2718,356.6436,CurrentState,Hover2,Slider,10,Scenario,3
ID,26,Time,957.9864,DronePosition,-110.2394,7.06249,-107.379,0,CameraPosition,-103.192,1.791916,-107.4843,CameraRotation,341.3391,267.2687,356.6402,CurrentState,Hover2,Slider,10,Scenario,3
ID,26,Time,957.9999,DronePosition,-110.2394,7.06249,-107.379,0,CameraPosition,-103.1918,1.791952,-107.4843,CameraRotation,341.318,267.2708,356.6092,CurrentState,Hover2,Slider,10,Scenario,3
ID,26,Time,958.0141,DronePosition,-110.2394,7.06249,-107.379,0,CameraPosition,-103.1916,1.791985,-107.4844,CameraRotation,341.3077,267.2787,356.5958,CurrentState,Hover2,Slider,10,Scenario,3
ID,26,Time,958.028,DronePosition,-110.2394,7.06249,-107.379,0,CameraPosition,-103.1914,1.792006,-107.4845,CameraRotation,341.2957,267.2778,356.6196,CurrentState,Hover2,Slider,10,Scenario,3
ID,26,Time,958.0422,DronePosition,-110.2394,7.06249,-107.379,0,CameraPosition,-103.1912,1.792026,-107.4846,CameraRotation,341.2714,267.277,356.6609,CurrentState,Hover2,Slider,10,Scenario,3
ID,26,Time,958.0561,DronePosition,-110.2394,7.06249,-107.379,0,CameraPosition,-103.191,1.792063,-107.4847,CameraRotation,341.2373,267.2797,356.6866,CurrentState,Hover2,Slider,10,Scenario,3
ID,26,Time,958.0698,DronePosition,-110.2394,7.06249,-107.379,0,CameraPosition,-103.1908,1.792093,-107.4847,CameraRotation,341.2094,267.2785,356.7053,CurrentState,Land,Slider,10,Scenario,3
ID,26,Time,958.0837,DronePosition,-110.2394,7.06249,-107.379,0,CameraPosition,-103.1906,1.792128,-107.4848,CameraRotation,341.1758,267.2715,356.7271,CurrentState,Land,Slider,10,Scenario,3
ID,26,Time,958.0975,DronePosition,-110.2394,7.06249,-107.379,0,CameraPosition,-103.1903,1.792138,-107.4849,CameraRotation,341.1319,267.2523,356.7526,CurrentState,Land,Slider,10,Scenario,3
ID,26,Time,958.1116,DronePosition,-110.2394,7.06249,-107.379,0,CameraPosition,-103.1901,1.792157,-107.4849,CameraRotation,341.0863,267.2282,356.7666,CurrentState,Land,Slider,10,Scenario,3
ID,26,Time,958.1255,DronePosition,-110.2394,7.06249,-107.379,0,CameraPosition,-103.1899,1.792196,-107.485,CameraRotation,341.0489,267.2037,356.7782,CurrentState,Land,Slider,10,Scenario,3
ID,26,Time,958.1404,DronePosition,-110.2394,7.06249,-107.379,0,CameraPosition,-103.1896,1.792248,-107.4851,CameraRotation,340.9963,267.1795,356.7863,CurrentState,Land,Slider,10,Scenario,3
ID,26,Time,958.1541,DronePosition,-110.2394,7.06249,-107.379,0,CameraPosition,-103.1894,1.792307,-107.4851,CameraRotation,340.9508,267.1592,356.8011,CurrentState,Land,Slider,10,Scenario,3
ID,26,Time,958.1745,DronePosition,-110.2394,7.06249,-107.379,0,CameraPosition,-103.1891,1.792336,-107.4852,CameraRotation,340.9128,267.1419,356.8135,CurrentState,Land,Slider,10,Scenario,3
ID,26,Time,958.1965,DronePosition,-110.2394,7.06249,-107.379,0,CameraPosition,-103.1886,1.792439,-107.4852,CameraRotation,340.8621,267.1189,356.8664,CurrentState,Land,Slider,10,Scenario,3
ID,26,Time,958.2103,DronePosition,-110.2394,7.06249,-107.379,0,CameraPosition,-103.1884,1.792509,-107.4852,CameraRotation,340.7899,267.1089,356.8842,CurrentState,Land,Slider,10,Scenario,3
ID,26,Time,958.2238,DronePosition,-110.2394,7.06249,-107.379,0,CameraPosition,-103.1873,1.792794,-107.4853,CameraRotation,340.5566,267.0723,356.9261,CurrentState,Land,Slider,10,Scenario,3
ID,26,Time,958.2376,DronePosition,-110.2394,7.06249,-107.379,0,CameraPosition,-103.188,1.792633,-107.4852,CameraRotation,340.6961,267.1158,356.8877,CurrentState,Land,Slider,10,Scenario,3
ID,26,Time,958.252,DronePosition,-110.2394,7.06249,-107.379,0,CameraPosition,-103.1877,1.792653,-107.4852,CameraRotation,340.6374,267.1105,356.8949,CurrentState,Land,Slider,10,Scenario,3
ID,26,Time,958.2649,DronePosition,-110.2394,7.06249,-107.379,0,CameraPosition,-103.1875,1.792656,-107.4852,CameraRotation,340.6011,267.1078,356.901,CurrentState,Land,Slider,10,Scenario,3
ID,26,Time,958.279,DronePosition,-110.2394,7.06249,-107.379,0,CameraPosition,-103.1873,1.792649,-107.4852,CameraRotation,340.585,267.1049,356.8927,CurrentState,Land,Slider,10,Scenario,3
ID,26,Time,958.2927,DronePosition,-110.2394,7.06249,-107.379,0,CameraPosition,-103.1871,1.792665,-107.4851,CameraRotation,340.5558,267.1155,356.8899,CurrentState,Land,Slider,10,Scenario,3
ID,26,Time,958.3065,DronePosition,-110.2394,7.06249,-107.379,0,CameraPosition,-103.187,1.792688,-107.485,CameraRotation,340.5344,267.1332,356.8806,CurrentState,Land,Slider,10,Scenario,3
ID,26,Time,958.3204,DronePosition,-110.2394,7.06249,-107.379,0,CameraPosition,-103.1868,1.792713,-107.485,CameraRotation,340.5135,267.1563,356.8571,CurrentState,Land,Slider,10,Scenario,3
ID,26,Time,958.3342,DronePosition,-110.2394,7.06249,-107.379,0,CameraPosition,-103.1866,1.792748,-107.4849,CameraRotation,340.4947,267.1671,356.8509,CurrentState,Land,Slider,10,Scenario,3
ID,26,Time,958.3478,DronePosition,-110.2394,7.06249,-107.379,0,CameraPosition,-103.1865,1.792767,-107.4848,CameraRotation,340.4785,267.1906,356.8521,CurrentState,Land,Slider,10,Scenario,3
ID,26,Time,958.3621,DronePosition,-110.2394,7.06249,-107.379,0,CameraPosition,-103.1864,1.792745,-107.4847,CameraRotation,340.497,267.2124,356.8423,CurrentState,Land,Slider,10,Scenario,3
ID,26,Time,958.3759,DronePosition,-110.2394,7.06249,-107.379,0,CameraPosition,-103.1862,1.792703,-107.4846,CameraRotation,340.5409,267.2387,356.83,CurrentState,Land,Slider,10,Scenario,3
ID,26,Time,958.3896,DronePosition,-110.2394,7.06249,-107.379,0,CameraPosition,-103.1861,1.792665,-107.4845,CameraRotation,340.5578,267.2552,356.8203,CurrentState,Land,Slider,10,Scenario,3
ID,26,Time,958.4035,DronePosition,-110.2394,7.06249,-107.379,0,CameraPosition,-103.186,1.792659,-107.4844,CameraRotation,340.5793,267.26,356.8101,CurrentState,Land,Slider,10,Scenario,3
ID,26,Time,958.4174,DronePosition,-110.2394,7.06249,-107.379,0,CameraPosition,-103.1859,1.79264,-107.4843,CameraRotation,340.6007,267.2631,356.8068,CurrentState,Land,Slider,10,Scenario,3
ID,26,Time,958.4313,DronePosition,-110.2394,7.06249,-107.379,0,CameraPosition,-103.1858,1.7926,-107.4842,CameraRotation,340.6335,267.266,356.7993,CurrentState,Land,Slider,10,Scenario,3
ID,26,Time,958.4452,DronePosition,-110.2394,7.06249,-107.379,0,CameraPosition,-103.1857,1.792547,-107.4841,CameraRotation,340.6715,267.2701,356.7759,CurrentState,Land,Slider,10,Scenario,3
ID,26,Time,958.4598,DronePosition,-110.2394,7.06249,-107.379,0,CameraPosition,-103.1856,1.792485,-107.484,CameraRotation,340.7207,267.2574,356.7571,CurrentState,Land,Slider,10,Scenario,3
ID,26,Time,958.4733,DronePosition,-110.2394,7.06249,-107.379,0,CameraPosition,-103.1855,1.792433,-107.4839,CameraRotation,340.763,267.2524,356.751,CurrentState,Land,Slider,10,Scenario,3
ID,26,Time,958.4869,DronePosition,-110.2394,7.06249,-107.379,0,CameraPosition,-103.1854,1.792403,-107.4838,CameraRotation,340.7948,267.2496,356.7377,CurrentState,Land,Slider,10,Scenario,3
ID,26,Time,958.5009,DronePosition,-110.2394,7.06249,-107.379,0,CameraPosition,-103.1853,1.792395,-107.4837,CameraRotation,340.8144,267.2505,356.7221,CurrentState,Land,Slider,10,Scenario,3
ID,26,Time,958.5151,DronePosition,-110.2394,7.06249,-107.379,0,CameraPosition,-103.1852,1.792385,-107.4837,CameraRotation,340.8278,267.2551,356.718,CurrentState,Land,Slider,10,Scenario,3
ID,26,Time,958.5286,DronePosition,-110.2394,7.06249,-107.379,0,CameraPosition,-103.185,1.792359,-107.4836,CameraRotation,340.8425,267.2635,356.7192,CurrentState,Land,Slider,10,Scenario,3
ID,26,Time,958.5426,DronePosition,-110.2394,7.06249,-107.379,0,CameraPosition,-103.1849,1.792322,-107.4835,CameraRotation,340.8598,267.2614,356.7277,CurrentState,Land,Slider,10,Scenario,3
ID,26,Time,958.5566,DronePosition,-110.2394,7.06249,-107.379,0,CameraPosition,-103.1847,1.792297,-107.4834,CameraRotation,340.8635,267.2724,356.7213,CurrentState,Land,Slider,10,Scenario,3
ID,26,Time,958.5707,DronePosition,-110.2394,7.06249,-107.379,0,CameraPosition,-103.1845,1.792316,-107.4833,CameraRotation,340.8491,267.2902,356.7014,CurrentState,Land,Slider,10,Scenario,3
ID,26,Time,958.5847,DronePosition,-110.2394,7.06249,-107.379,0,CameraPosition,-103.1843,1.792392,-107.4833,CameraRotation,340.8155,267.3086,356.6779,CurrentState,Land,Slider,10,Scenario,3
ID,26,Time,958.5983,DronePosition,-110.2394,7.06249,-107.379,0,CameraPosition,-103.1841,1.792449,-107.4832,CameraRotation,340.7819,267.316,356.6839,CurrentState,Land,Slider,10,Scenario,3
ID,26,Time,958.6122,DronePosition,-110.2394,7.06249,-107.379,0,CameraPosition,-103.1839,1.792478,-107.4831,CameraRotation,340.758,267.2991,356.7058,CurrentState,Land,Slider,10,Scenario,3
ID,26,Time,958.6265,DronePosition,-110.2394,7.06249,-107.379,0,CameraPosition,-103.1837,1.792469,-107.4831,CameraRotation,340.7628,267.2861,356.7179,CurrentState,Land,Slider,10,Scenario,3
ID,26,Time,958.6402,DronePosition,-110.2394,7.06249,-107.379,0,CameraPosition,-103.1835,1.792472,-107.483,CameraRotation,340.777,267.2802,356.7261,CurrentState,Land,Slider,10,Scenario,3
ID,26,Time,958.6542,DronePosition,-110.2394,7.06249,-107.379,0,CameraPosition,-103.1833,1.792514,-107.483,CameraRotation,340.7597,267.2749,356.7236,CurrentState,Land,Slider,10,Scenario,3
ID,26,Time,958.6683,DronePosition,-110.2394,7.06249,-107.379,0,CameraPosition,-103.1831,1.792586,-107.4829,CameraRotation,340.7497,267.2694,356.7051,CurrentState,Land,Slider,10,Scenario,3
ID,26,Time,958.6819,DronePosition,-110.2394,7.06249,-107.379,0,CameraPosition,-103.1829,1.792643,-107.4828,CameraRotation,340.739,267.2637,356.6875,CurrentState,Land,Slider,10,Scenario,3
ID,26,Time,958.6959,DronePosition,-110.2394,7.06249,-107.379,0,CameraPosition,-103.1827,1.792706,-107.4828,CameraRotation,340.7217,267.2648,356.6824,CurrentState,Land,Slider,10,Scenario,3
ID,26,Time,958.7097,DronePosition,-110.2394,7.06249,-107.379,0,CameraPosition,-103.1825,1.792761,-107.4828,CameraRotation,340.6926,267.2468,356.7167,CurrentState,Land,Slider,10,Scenario,3
ID,26,Time,958.7236,DronePosition,-110.2394,7.06249,-107.379,0,CameraPosition,-103.1823,1.792797,-107.4827,CameraRotation,340.6703,267.2329,356.7452,CurrentState,Land,Slider,10,Scenario,3
ID,26,Time,958.7377,DronePosition,-110.2394,7.06249,-107.379,0,CameraPosition,-103.1822,1.792784,-107.4827,CameraRotation,340.6825,267.2227,356.7556,CurrentState,Land,Slider,10,Scenario,3
ID,26,Time,958.7516,DronePosition,-110.2394,7.06249,-107.379,0,CameraPosition,-103.182,1.792731,-107.4827,CameraRotation,340.7084,267.2116,356.7629,CurrentState,Land,Slider,10,Scenario,3
ID,26,Time,958.7653,DronePosition,-110.2394,7.06249,-107.379,0,CameraPosition,-103.1818,1.792706,-107.4827,CameraRotation,340.7434,267.1892,356.7622,CurrentState,Land,Slider,10,Scenario,3
ID,26,Time,958.7797,DronePosition,-110.2394,7.06249,-107.379,0,CameraPosition,-103.1817,1.792709,-107.4827,CameraRotation,340.7473,267.1575,356.7685,CurrentState,Land,Slider,10,Scenario,3
ID,26,Time,958.7936,DronePosition,-110.2394,7.06249,-107.379,0,CameraPosition,-103.1815,1.792758,-107.4827,CameraRotation,340.7275,267.1269,356.7762,CurrentState,Land,Slider,10,Scenario,3
ID,26,Time,958.8072,DronePosition,-110.2394,7.06249,-107.379,0,CameraPosition,-103.1814,1.792802,-107.4826,CameraRotation,340.6939,267.1021,356.7768,CurrentState,Land,Slider,10,Scenario,3
ID,26,Time,958.8212,DronePosition,-110.2394,7.06249,-107.379,0,CameraPosition,-103.1812,1.792828,-107.4826,CameraRotation,340.6757,267.0891,356.7619,CurrentState,Land,Slider,10,Scenario,3
ID,26,Time,958.835,DronePosition,-110.2394,7.06249,-107.379,0,CameraPosition,-103.1811,1.792806,-107.4826,CameraRotation,340.6511,267.0791,356.7522,CurrentState,Land,Slider,10,Scenario,3
ID,26,Time,958.849,DronePosition,-110.2394,7.06249,-107.379,0,CameraPosition,-103.181,1.792791,-107.4825,CameraRotation,340.6674,267.0689,356.7591,CurrentState,Land,Slider,10,Scenario,3
ID,26,Time,958.8629,DronePosition,-110.2394,7.06249,-107.379,0,CameraPosition,-103.1808,1.792792,-107.4825,CameraRotation,340.6593,267.0757,356.7517,CurrentState,Land,Slider,10,Scenario,3
ID,26,Time,958.8774,DronePosition,-110.2394,7.06249,-107.379,0,CameraPosition,-103.1807,1.792815,-107.4824,CameraRotation,340.6346,267.0739,356.7614,CurrentState,Land,Slider,10,Scenario,3
ID,26,Time,958.8908,DronePosition,-110.2394,7.06249,-107.379,0,CameraPosition,-103.1806,1.792812,-107.4824,CameraRotation,340.5948,267.087,356.7374,CurrentState,Land,Slider,10,Scenario,3
ID,26,Time,958.9048,DronePosition,-110.2394,7.06249,-107.379,0,CameraPosition,-103.1806,1.792768,-107.4823,CameraRotation,340.589,267.0954,356.7107,CurrentState,Land,Slider,10,Scenario,3
ID,26,Time,958.9186,DronePosition,-110.2394,7.06249,-107.379,0,CameraPosition,-103.1805,1.7927,-107.4823,CameraRotation,340.5899,267.1098,356.6847,CurrentState,Land,Slider,10,Scenario,3
ID,26,Time,958.9324,DronePosition,-110.2394,7.06249,-107.379,0,CameraPosition,-103.1805,1.792686,-107.4822,CameraRotation,340.593,267.1072,356.6664,CurrentState,Land,Slider,10,Scenario,3
ID,26,Time,958.9464,DronePosition,-110.2394,7.06249,-107.379,0,CameraPosition,-103.1804,1.792692,-107.4822,CameraRotation,340.5987,267.1001,356.658,CurrentState,Land,Slider,10,Scenario,3
ID,26,Time,958.9604,DronePosition,-110.2394,7.06249,-107.379,0,CameraPosition,-103.1804,1.792701,-107.4822,CameraRotation,340.5938,267.106,356.6527,CurrentState,Land,Slider,10,Scenario,3
ID,26,Time,958.9748,DronePosition,-110.2394,7.06249,-107.379,0,CameraPosition,-103.1803,1.792709,-107.4821,CameraRotation,340.5958,267.1066,356.6493,CurrentState,Land,Slider,10,Scenario,3
ID,26,Time,958.9882,DronePosition,-110.2394,7.06249,-107.379,0,CameraPosition,-103.1803,1.792709,-107.4821,CameraRotation,340.6147,267.1219,356.6502,CurrentState,Land,Slider,10,Scenario,3
ID,26,Time,959.0021,DronePosition,-110.2394,7.06249,-107.379,0,CameraPosition,-103.1802,1.792711,-107.482,CameraRotation,340.6537,267.1249,356.6437,CurrentState,Land,Slider,10,Scenario,3
ID,26,Time,959.0159,DronePosition,-110.2394,7.06249,-107.379,0,CameraPosition,-103.1803,1.792703,-107.482,CameraRotation,340.6788,267.136,356.6382,CurrentState,Land,Slider,10,Scenario,3
ID,26,Time,959.03,DronePosition,-110.2394,7.06249,-107.379,0,CameraPosition,-103.1803,1.792704,-107.482,CameraRotation,340.7081,267.1408,356.636,CurrentState,Land,Slider,10,Scenario,3
ID,26,Time,959.0441,DronePosition,-110.2394,7.06249,-107.379,0,CameraPosition,-103.1804,1.792694,-107.4821,CameraRotation,340.7437,267.1454,356.6313,CurrentState,Land,Slider,10,Scenario,3
ID,26,Time,959.0577,DronePosition,-110.2394,7.06249,-107.379,0,CameraPosition,-103.1804,1.792635,-107.4821,CameraRotation,340.7946,267.1376,356.6383,CurrentState,Land,Slider,10,Scenario,3
ID,26,Time,959.0717,DronePosition,-110.2394,7.06249,-107.379,0,CameraPosition,-103.1806,1.79254,-107.4821,CameraRotation,340.8681,267.1209,356.6499,CurrentState,Land,Slider,10,Scenario,3
ID,26,Time,959.0861,DronePosition,-110.2394,7.06249,-107.379,0,CameraPosition,-103.1807,1.792443,-107.4821,CameraRotation,340.9526,267.1012,356.6643,CurrentState,Land,Slider,10,Scenario,3
ID,26,Time,959.0995,DronePosition,-110.2394,7.06249,-107.379,0,CameraPosition,-103.1809,1.79234,-107.4822,CameraRotation,341.0611,267.0918,356.6622,CurrentState,Land,Slider,10,Scenario,3
ID,26,Time,959.1136,DronePosition,-110.2394,7.06249,-107.379,0,CameraPosition,-103.1811,1.792204,-107.4822,CameraRotation,341.1948,267.0814,356.6661,CurrentState,Land,Slider,10,Scenario,3
ID,26,Time,959.1274,DronePosition,-110.2394,7.06249,-107.379,0,CameraPosition,-103.1814,1.792049,-107.4823,CameraRotation,341.3456,267.075,356.6703,CurrentState,Land,Slider,10,Scenario,3
ID,26,Time,959.1413,DronePosition,-110.2394,7.06249,-107.379,0,CameraPosition,-103.1816,1.791863,-107.4823,CameraRotation,341.5002,267.0722,356.677,CurrentState,Land,Slider,10,Scenario,3
ID,26,Time,959.1557,DronePosition,-110.2394,7.06249,-107.379,0,CameraPosition,-103.1819,1.791635,-107.4824,CameraRotation,341.6643,267.0586,356.6798,CurrentState,Land,Slider,10,Scenario,3
ID,26,Time,959.1696,DronePosition,-110.2394,7.06249,-107.379,0,CameraPosition,-103.1821,1.79142,-107.4825,CameraRotation,341.8523,267.0579,356.6964,CurrentState,Land,Slider,10,Scenario,3
ID,26,Time,959.1833,DronePosition,-110.2394,7.06249,-107.379,0,CameraPosition,-103.1824,1.791222,-107.4825,CameraRotation,342.0209,267.0578,356.7203,CurrentState,Land,Slider,10,Scenario,3
ID,26,Time,959.1972,DronePosition,-110.2394,7.06249,-107.379,0,CameraPosition,-103.1827,1.791042,-107.4826,CameraRotation,342.1839,267.0597,356.7372,CurrentState,Land,Slider,10,Scenario,3
ID,26,Time,959.2117,DronePosition,-110.2394,7.06249,-107.379,0,CameraPosition,-103.1829,1.790892,-107.4826,CameraRotation,342.3063,267.05,356.754,CurrentState,Land,Slider,10,Scenario,3
ID,26,Time,959.2252,DronePosition,-110.2394,7.06249,-107.379,0,CameraPosition,-103.1832,1.790743,-107.4827,CameraRotation,342.3984,267.0335,356.7628,CurrentState,Land,Slider,10,Scenario,3
ID,26,Time,959.2391,DronePosition,-110.2394,7.06249,-107.379,0,CameraPosition,-103.1834,1.790602,-107.4827,CameraRotation,342.4834,267.0173,356.7451,CurrentState,Land,Slider,10,Scenario,3
ID,26,Time,959.2531,DronePosition,-110.2394,7.06249,-107.379,0,CameraPosition,-103.1836,1.790437,-107.4828,CameraRotation,342.571,267.0012,356.7266,CurrentState,Land,Slider,10,Scenario,3
ID,26,Time,959.2668,DronePosition,-110.2394,7.06249,-107.379,0,CameraPosition,-103.1838,1.790282,-107.4828,CameraRotation,342.6794,266.9948,356.7054,CurrentState,Land,Slider,10,Scenario,3
ID,26,Time,959.2807,DronePosition,-110.2394,7.06249,-107.379,0,CameraPosition,-103.1839,1.79012,-107.4828,CameraRotation,342.7938,266.9932,356.6873,CurrentState,Land,Slider,10,Scenario,3
ID,26,Time,959.295,DronePosition,-110.2394,7.06249,-107.379,0,CameraPosition,-103.1841,1.789975,-107.4829,CameraRotation,342.9094,266.9964,356.6899,CurrentState,Land,Slider,10,Scenario,3
ID,26,Time,959.3087,DronePosition,-110.2394,7.06249,-107.379,0,CameraPosition,-103.1842,1.789849,-107.4829,CameraRotation,343.0378,267.0002,356.6996,CurrentState,Land,Slider,10,Scenario,3
ID,26,Time,959.3229,DronePosition,-110.2394,7.06249,-107.379,0,CameraPosition,-103.1843,1.789693,-107.4829,CameraRotation,343.1687,267.0186,356.7138,CurrentState,Land,Slider,10,Scenario,3
ID,26,Time,959.3365,DronePosition,-110.2394,7.06249,-107.379,0,CameraPosition,-103.1844,1.789541,-107.483,CameraRotation,343.2934,267.0543,356.7202,CurrentState,Land,Slider,10,Scenario,3
ID,26,Time,959.3505,DronePosition,-110.2394,7.06249,-107.379,0,CameraPosition,-103.1846,1.789407,-107.483,CameraRotation,343.392,267.0919,356.7255,CurrentState,Land,Slider,10,Scenario,3
ID,26,Time,959.3641,DronePosition,-110.2394,7.06249,-107.379,0,CameraPosition,-103.1848,1.789311,-107.4831,CameraRotation,343.451,267.1465,356.7021,CurrentState,Land,Slider,10,Scenario,3
ID,26,Time,959.3785,DronePosition,-110.2394,7.06249,-107.379,0,CameraPosition,-103.1849,1.789213,-107.4831,CameraRotation,343.5038,267.2002,356.6794,CurrentState,Land,Slider,10,Scenario,3
ID,26,Time,959.392,DronePosition,-110.2394,7.06249,-107.379,0,CameraPosition,-103.1851,1.789111,-107.4832,CameraRotation,343.5769,267.2409,356.6574,CurrentState,Land,Slider,10,Scenario,3
ID,26,Time,959.406,DronePosition,-110.2394,7.06249,-107.379,0,CameraPosition,-103.1852,1.78902,-107.4833,CameraRotation,343.6557,267.2522,356.6645,CurrentState,Land,Slider,10,Scenario,3
ID,26,Time,959.4199,DronePosition,-110.2394,7.06249,-107.379,0,CameraPosition,-103.1854,1.788933,-107.4834,CameraRotation,343.7054,267.2521,356.7059,CurrentState,Land,Slider,10,Scenario,3
ID,26,Time,959.4339,DronePosition,-110.2394,7.06249,-107.379,0,CameraPosition,-103.1855,1.788834,-107.4835,CameraRotation,343.752,267.2528,356.7487,CurrentState,Land,Slider,10,Scenario,3
ID,26,Time,959.4477,DronePosition,-110.2394,7.06249,-107.379,0,CameraPosition,-103.1856,1.788758,-107.4837,CameraRotation,343.8387,267.2201,356.7686,CurrentState,Land,Slider,10,Scenario,3
ID,26,Time,959.4619,DronePosition,-110.2394,7.06249,-107.379,0,CameraPosition,-103.1857,1.788698,-107.4838,CameraRotation,343.8622,267.2074,356.7961,CurrentState,Land,Slider,10,Scenario,3
ID,26,Time,959.4756,DronePosition,-110.2394,7.06249,-107.379,0,CameraPosition,-103.1857,1.788628,-107.4839,CameraRotation,343.8929,267.192,356.8085,CurrentState,Land,Slider,10,Scenario,3
ID,26,Time,959.4896,DronePosition,-110.2394,7.06249,-107.379,0,CameraPosition,-103.1858,1.788476,-107.4841,CameraRotation,343.9781,267.1504,356.8257,CurrentState,Land,Slider,10,Scenario,3
ID,26,Time,959.5042,DronePosition,-110.2394,7.06249,-107.379,0,CameraPosition,-103.1859,1.788296,-107.4843,CameraRotation,344.0746,267.1061,356.852,CurrentState,Land,Slider,10,Scenario,3
ID,26,Time,959.5174,DronePosition,-110.2394,7.06249,-107.379,0,CameraPosition,-103.1859,1.788151,-107.4845,CameraRotation,344.1848,267.0658,356.8659,CurrentState,Land,Slider,10,Scenario,3
ID,26,Time,959.5313,DronePosition,-110.2394,7.06249,-107.379,0,CameraPosition,-103.186,1.788057,-107.4846,CameraRotation,344.2244,267.0247,356.8858,CurrentState,Land,Slider,10,Scenario,3
ID,26,Time,959.5452,DronePosition,-110.2394,7.06249,-107.379,0,CameraPosition,-103.186,1.788022,-107.4848,CameraRotation,344.2504,266.9957,356.9108,CurrentState,Land,Slider,10,Scenario,3
ID,26,Time,959.559,DronePosition,-110.2394,7.06249,-107.379,0,CameraPosition,-103.1861,1.788008,-107.4849,CameraRotation,344.2636,266.9807,356.948,CurrentState,Land,Slider,10,Scenario,3
ID,26,Time,959.573,DronePosition,-110.2394,7.06249,-107.379,0,CameraPosition,-103.186,1.787938,-107.485,CameraRotation,344.2762,266.9595,356.9785,CurrentState,Land,Slider,10,Scenario,3
ID,26,Time,959.5871,DronePosition,-110.2394,7.06249,-107.379,0,CameraPosition,-103.186,1.787806,-107.4851,CameraRotation,344.3278,266.9464,357.0016,CurrentState,Land,Slider,10,Scenario,3
ID,26,Time,959.601,DronePosition,-110.2394,7.06249,-107.379,0,CameraPosition,-103.186,1.787666,-107.4852,CameraRotation,344.4187,266.9492,357.0017,CurrentState,Land,Slider,10,Scenario,3
ID,26,Time,959.6147,DronePosition,-110.2394,7.06249,-107.379,0,CameraPosition,-103.186,1.787613,-107.4853,CameraRotation,344.4521,266.9563,357.0105,CurrentState,Land,Slider,10,Scenario,3
ID,26,Time,959.6286,DronePosition,-110.2394,7.06249,-107.379,0,CameraPosition,-103.186,1.787661,-107.4854,CameraRotation,344.4216,266.9631,357.036,CurrentState,Land,Slider,10,Scenario,3
ID,26,Time,959.6426,DronePosition,-110.2394,7.06249,-107.379,0,CameraPosition,-103.186,1.78777,-107.4854,CameraRotation,344.3522,266.9576,357.056,CurrentState,Land,Slider,10,Scenario,3
ID,26,Time,959.6565,DronePosition,-110.2394,7.06249,-107.379,0,CameraPosition,-103.186,1.787821,-107.4855,CameraRotation,344.3152,266.9542,357.0704,CurrentState,Land,Slider,10,Scenario,3
ID,26,Time,959.6705,DronePosition,-110.2394,7.06249,-107.379,0,CameraPosition,-103.186,1.787815,-107.4855,CameraRotation,344.33,266.97,357.0797,CurrentState,Land,Slider,10,Scenario,3
ID,26,Time,959.6847,DronePosition,-110.2394,7.06249,-107.379,0,CameraPosition,-103.1861,1.787766,-107.4856,CameraRotation,344.3571,266.9831,357.0889,CurrentState,Land,Slider,10,Scenario,3
ID,26,Time,959.6981,DronePosition,-110.2394,7.06249,-107.379,0,CameraPosition,-103.1861,1.787742,-107.4855,CameraRotation,344.3691,267.0094,357.1004,CurrentState,Land,Slider,10,Scenario,3
ID,26,Time,959.7127,DronePosition,-110.2394,7.06249,-107.379,0,CameraPosition,-103.1861,1.787776,-107.4855,CameraRotation,344.3358,267.0374,357.1155,CurrentState,Land,Slider,10,Scenario,3
ID,26,Time,959.7264,DronePosition,-110.2394,7.06249,-107.379,0,CameraPosition,-103.1862,1.787842,-107.4855,CameraRotation,344.2837,267.0721,357.1299,CurrentState,Land,Slider,10,Scenario,3
ID,26,Time,959.7402,DronePosition,-110.2394,7.06249,-107.379,0,CameraPosition,-103.1862,1.787919,-107.4855,CameraRotation,344.2204,267.1035,357.1324,CurrentState,Land,Slider,10,Scenario,3
ID,26,Time,959.754,DronePosition,-110.2394,7.06249,-107.379,0,CameraPosition,-103.1862,1.787998,-107.4855,CameraRotation,344.1497,267.1425,357.1278,CurrentState,Land,Slider,10,Scenario,3
ID,26,Time,959.7679,DronePosition,-110.2394,7.06249,-107.379,0,CameraPosition,-103.1862,1.78809,-107.4854,CameraRotation,344.0595,267.1824,357.1204,CurrentState,Land,Slider,10,Scenario,3
ID,26,Time,959.7823,DronePosition,-110.2394,7.06249,-107.379,0,CameraPosition,-103.1863,1.788176,-107.4854,CameraRotation,343.9849,267.2245,357.1199,CurrentState,Land,Slider,10,Scenario,3
ID,26,Time,959.7958,DronePosition,-110.2394,7.06249,-107.379,0,CameraPosition,-103.1863,1.788255,-107.4853,CameraRotation,343.9421,267.2773,357.1141,CurrentState,Land,Slider,10,Scenario,3
ID,26,Time,959.8098,DronePosition,-110.2394,7.06249,-107.379,0,CameraPosition,-103.1864,1.788286,-107.4852,CameraRotation,343.9077,267.3201,357.1129,CurrentState,Land,Slider,10,Scenario,3
ID,26,Time,959.8237,DronePosition,-110.2394,7.06249,-107.379,0,CameraPosition,-103.1865,1.788332,-107.4852,CameraRotation,343.8928,267.3721,357.0926,CurrentState,Land,Slider,10,Scenario,3
ID,26,Time,959.8376,DronePosition,-110.2394,7.06249,-107.379,0,CameraPosition,-103.1866,1.78835,-107.4851,CameraRotation,343.8676,267.4165,357.0872,CurrentState,Land,Slider,10,Scenario,3
ID,26,Time,959.8517,DronePosition,-110.2394,7.06249,-107.379,0,CameraPosition,-103.1867,1.788374,-107.4851,CameraRotation,343.8535,267.4702,357.0715,CurrentState,Land,Slider,10,Scenario,3
ID,26,Time,959.8656,DronePosition,-110.2394,7.06249,-107.379,0,CameraPosition,-103.1869,1.788393,-107.485,CameraRotation,343.8444,267.5267,357.053,CurrentState,Land,Slider,10,Scenario,3
ID,26,Time,959.8798,DronePosition,-110.2394,7.06249,-107.379,0,CameraPosition,-103.1871,1.788395,-107.4849,CameraRotation,343.834,267.5812,357.0447,CurrentState,Land,Slider,10,Scenario,3
ID,26,Time,959.8935,DronePosition,-110.2394,7.06249,-107.379,0,CameraPosition,-103.1873,1.788401,-107.4849,CameraRotation,343.8216,267.6288,357.0442,CurrentState,Land,Slider,10,Scenario,3
ID,26,Time,959.9073,DronePosition,-110.2394,7.06249,-107.379,0,CameraPosition,-103.1874,1.788395,-107.4848,CameraRotation,343.819,267.6828,357.0467,CurrentState,Land,Slider,10,Scenario,3
ID,26,Time,959.9216,DronePosition,-110.2394,7.06249,-107.379,0,CameraPosition,-103.1876,1.788388,-107.4848,CameraRotation,343.8184,267.7198,357.0446,CurrentState,Land,Slider,10,Scenario,3
ID,26,Time,959.9351,DronePosition,-110.2394,7.06249,-107.379,0,CameraPosition,-103.1879,1.788411,-107.4847,CameraRotation,343.8196,267.7517,357.0416,CurrentState,Land,Slider,10,Scenario,3
ID,26,Time,959.9489,DronePosition,-110.2394,7.06249,-107.379,0,CameraPosition,-103.1881,1.78844,-107.4847,CameraRotation,343.8082,267.7874,357.0435,CurrentState,Land,Slider,10,Scenario,3
ID,26,Time,959.9631,DronePosition,-110.2394,7.06249,-107.379,0,CameraPosition,-103.1884,1.788483,-107.4846,CameraRotation,343.8086,267.8136,357.0381,CurrentState,Land,Slider,10,Scenario,3
ID,26,Time,959.9773,DronePosition,-110.2394,7.06249,-107.379,0,CameraPosition,-103.1886,1.788486,-107.4846,CameraRotation,343.8006,267.8301,357.023,CurrentState,Land,Slider,10,Scenario,3
ID,26,Time,959.9908,DronePosition,-110.2394,7.06249,-107.379,0,CameraPosition,-103.1889,1.788475,-107.4845,CameraRotation,343.803,267.8473,357.0286,CurrentState,Land,Slider,10,Scenario,3
ID,26,Time,960.0045,DronePosition,-110.2394,7.06249,-107.379,0,CameraPosition,-103.1891,1.788457,-107.4845,CameraRotation,343.7996,267.8615,357.0313,CurrentState,Land,Slider,10,Scenario,3
ID,26,Time,960.0187,DronePosition,-110.2394,7.06249,-107.379,0,CameraPosition,-103.1895,1.788423,-107.4844,CameraRotation,343.8018,267.8794,357.0429,CurrentState,Land,Slider,10,Scenario,3
ID,26,Time,960.0327,DronePosition,-110.2394,7.06249,-107.379,0,CameraPosition,-103.1898,1.788403,-107.4843,CameraRotation,343.8022,267.9001,357.0428,CurrentState,Land,Slider,10,Scenario,3
ID,26,Time,960.0464,DronePosition,-110.2394,7.06249,-107.379,0,CameraPosition,-103.1901,1.788395,-107.4842,CameraRotation,343.7753,267.9358,357.037,CurrentState,Land,Slider,10,Scenario,3
ID,26,Time,960.0603,DronePosition,-110.2394,7.06249,-107.379,0,CameraPosition,-103.1905,1.78842,-107.4841,CameraRotation,343.7569,267.9703,357.0077,CurrentState,Land,Slider,10,Scenario,3
ID,26,Time,960.0742,DronePosition,-110.2394,7.06249,-107.379,0,CameraPosition,-103.1908,1.788454,-107.484,CameraRotation,343.7368,268.0135,356.977,CurrentState,Land,Slider,10,Scenario,3
ID,26,Time,960.0881,DronePosition,-110.2394,7.06249,-107.379,0,CameraPosition,-103.1911,1.788499,-107.4839,CameraRotation,343.7242,268.0489,356.9582,CurrentState,Land,Slider,10,Scenario,3
ID,26,Time,960.1022,DronePosition,-110.2394,7.06249,-107.379,0,CameraPosition,-103.1914,1.788568,-107.4838,CameraRotation,343.7393,268.0684,356.9637,CurrentState,Land,Slider,10,Scenario,3
ID,26,Time,960.1162,DronePosition,-110.2394,7.06249,-107.379,0,CameraPosition,-103.1917,1.788617,-107.4837,CameraRotation,343.7646,268.091,356.964,CurrentState,Land,Slider,10,Scenario,3
ID,26,Time,960.1305,DronePosition,-110.2394,7.06249,-107.379,0,CameraPosition,-103.192,1.788606,-107.4837,CameraRotation,343.7934,268.0943,356.9791,CurrentState,Land,Slider,10,Scenario,3
ID,26,Time,960.1441,DronePosition,-110.2394,7.06249,-107.379,0,CameraPosition,-103.1923,1.788578,-107.4836,CameraRotation,343.8041,268.0968,356.9797,CurrentState,Land,Slider,10,Scenario,3
ID,26,Time,960.1578,DronePosition,-110.2394,7.06249,-107.379,0,CameraPosition,-103.1926,1.788577,-107.4835,CameraRotation,343.816,268.0787,356.9751,CurrentState,Land,Slider,10,Scenario,3
ID,26,Time,960.1722,DronePosition,-110.2394,7.06249,-107.379,0,CameraPosition,-103.1929,1.788573,-107.4835,CameraRotation,343.8067,268.0706,356.9734,CurrentState,Land,Slider,10,Scenario,3
ID,26,Time,960.1864,DronePosition,-110.2394,7.06249,-107.379,0,CameraPosition,-103.1933,1.788599,-107.4834,CameraRotation,343.7928,268.0396,356.9725,CurrentState,Land,Slider,10,Scenario,3
ID,26,Time,960.1997,DronePosition,-110.2394,7.06249,-107.379,0,CameraPosition,-103.1936,1.788632,-107.4833,CameraRotation,343.7704,268.0116,356.9619,CurrentState,Land,Slider,10,Scenario,3
ID,26,Time,960.2134,DronePosition,-110.2394,7.06249,-107.379,0,CameraPosition,-103.1939,1.788687,-107.4833,CameraRotation,343.7567,267.9803,356.9519,CurrentState,Land,Slider,10,Scenario,3
ID,26,Time,960.2283,DronePosition,-110.2394,7.06249,-107.379,0,CameraPosition,-103.1942,1.788719,-107.4832,CameraRotation,343.7276,267.9511,356.9356,CurrentState,Land,Slider,10,Scenario,3
ID,26,Time,960.2414,DronePosition,-110.2394,7.06249,-107.379,0,CameraPosition,-103.1945,1.788749,-107.4832,CameraRotation,343.7181,267.915,356.9543,CurrentState,Land,Slider,10,Scenario,3
ID,26,Time,960.2553,DronePosition,-110.2394,7.06249,-107.379,0,CameraPosition,-103.1948,1.788785,-107.4831,CameraRotation,343.6987,267.8964,356.9702,CurrentState,Land,Slider,10,Scenario,3
ID,26,Time,960.2695,DronePosition,-110.2394,7.06249,-107.379,0,CameraPosition,-103.1951,1.788817,-107.483,CameraRotation,343.6552,267.8664,356.9872,CurrentState,Land,Slider,10,Scenario,3
ID,26,Time,960.2831,DronePosition,-110.2394,7.06249,-107.379,0,CameraPosition,-103.1954,1.788846,-107.4829,CameraRotation,343.6212,267.855,356.9719,CurrentState,Land,Slider,10,Scenario,3
ID,26,Time,960.2972,DronePosition,-110.2394,7.06249,-107.379,0,CameraPosition,-103.1957,1.788881,-107.4828,CameraRotation,343.5912,267.8421,356.9598,CurrentState,Land,Slider,10,Scenario,3
ID,26,Time,960.3111,DronePosition,-110.2394,7.06249,-107.379,0,CameraPosition,-103.196,1.788919,-107.4827,CameraRotation,343.5515,267.8321,356.9586,CurrentState,Land,Slider,10,Scenario,3
ID,26,Time,960.3251,DronePosition,-110.2394,7.06249,-107.379,0,CameraPosition,-103.1963,1.788942,-107.4826,CameraRotation,343.5135,267.8273,356.9599,CurrentState,Land,Slider,10,Scenario,3
ID,26,Time,960.3391,DronePosition,-110.2394,7.06249,-107.379,0,CameraPosition,-103.1967,1.78896,-107.4825,CameraRotation,343.5047,267.8057,356.9565,CurrentState,Land,Slider,10,Scenario,3
ID,26,Time,960.3529,DronePosition,-110.2394,7.06249,-107.379,0,CameraPosition,-103.197,1.788934,-107.4824,CameraRotation,343.5112,267.8074,356.9499,CurrentState,Land,Slider,10,Scenario,3
ID,26,Time,960.3667,DronePosition,-110.2394,7.06249,-107.379,0,CameraPosition,-103.1973,1.78889,-107.4823,CameraRotation,343.5255,267.7996,356.9359,CurrentState,Land,Slider,10,Scenario,3
ID,26,Time,960.3804,DronePosition,-110.2394,7.06249,-107.379,0,CameraPosition,-103.1976,1.788858,-107.4822,CameraRotation,343.5409,267.8027,356.9168,CurrentState,Land,Slider,10,Scenario,3
ID,26,Time,960.3947,DronePosition,-110.2394,7.06249,-107.379,0,CameraPosition,-103.1979,1.788831,-107.482,CameraRotation,343.5524,267.7975,356.9084,CurrentState,Land,Slider,10,Scenario,3
ID,26,Time,960.4084,DronePosition,-110.2394,7.06249,-107.379,0,CameraPosition,-103.1981,1.788819,-107.4819,CameraRotation,343.556,267.7945,356.8943,CurrentState,Land,Slider,10,Scenario,3
ID,26,Time,960.4226,DronePosition,-110.2394,7.06249,-107.379,0,CameraPosition,-103.1983,1.788806,-107.4819,CameraRotation,343.5666,267.7921,356.8756,CurrentState,Land,Slider,10,Scenario,3
ID,26,Time,960.4365,DronePosition,-110.2394,7.06249,-107.379,0,CameraPosition,-103.1985,1.788787,-107.4818,CameraRotation,343.5934,267.7892,356.8746,CurrentState,Land,Slider,10,Scenario,3
ID,26,Time,960.4504,DronePosition,-110.2394,7.06249,-107.379,0,CameraPosition,-103.1987,1.788776,-107.4817,CameraRotation,343.6197,267.7867,356.8869,CurrentState,Land,Slider,10,Scenario,3
ID,26,Time,960.4643,DronePosition,-110.2394,7.06249,-107.379,0,CameraPosition,-103.1988,1.788769,-107.4816,CameraRotation,343.6347,267.779,356.9017,CurrentState,Land,Slider,10,Scenario,3
ID,26,Time,960.4781,DronePosition,-110.2394,7.06249,-107.379,0,CameraPosition,-103.1989,1.788761,-107.4815,CameraRotation,343.6584,267.7787,356.9192,CurrentState,Land,Slider,10,Scenario,3
ID,26,Time,960.492,DronePosition,-110.2394,7.06249,-107.379,0,CameraPosition,-103.199,1.788724,-107.4814,CameraRotation,343.702,267.7765,356.9303,CurrentState,Land,Slider,10,Scenario,3
ID,26,Time,960.5059,DronePosition,-110.2394,7.06249,-107.379,0,CameraPosition,-103.1992,1.78868,-107.4813,CameraRotation,343.7362,267.7715,356.9448,CurrentState,Land,Slider,10,Scenario,3
ID,26,Time,960.52,DronePosition,-110.2394,7.06249,-107.379,0,CameraPosition,-103.1992,1.788651,-107.4812,CameraRotation,343.7506,267.7568,356.9731,CurrentState,Land,Slider,10,Scenario,3
ID,26,Time,960.5338,DronePosition,-110.2394,7.06249,-107.379,0,CameraPosition,-103.1993,1.788688,-107.4811,CameraRotation,343.734,267.7488,357.0037,CurrentState,Land,Slider,10,Scenario,3
ID,26,Time,960.548,DronePosition,-110.2394,7.06249,-107.379,0,CameraPosition,-103.1993,1.788739,-107.481,CameraRotation,343.7032,267.7249,357.0247,CurrentState,Land,Slider,10,Scenario,3
ID,26,Time,960.5618,DronePosition,-110.2394,7.06249,-107.379,0,CameraPosition,-103.1993,1.788795,-107.4809,CameraRotation,343.6815,267.7047,357.0421,CurrentState,Land,Slider,10,Scenario,3
ID,26,Time,960.5757,DronePosition,-110.2394,7.06249,-107.379,0,CameraPosition,-103.1993,1.78876,-107.4808,CameraRotation,343.6807,267.6766,357.0654,CurrentState,Land,Slider,10,Scenario,3
ID,26,Time,960.5895,DronePosition,-110.2394,7.06249,-107.379,0,CameraPosition,-103.1993,1.7887,-107.4807,CameraRotation,343.6925,267.6705,357.0703,CurrentState,Land,Slider,10,Scenario,3
ID,26,Time,960.6033,DronePosition,-110.2394,7.06249,-107.379,0,CameraPosition,-103.1992,1.788646,-107.4806,CameraRotation,343.7127,267.6627,357.0705,CurrentState,Land,Slider,10,Scenario,3
ID,26,Time,960.6176,DronePosition,-110.2394,7.06249,-107.379,0,CameraPosition,-103.1992,1.788657,-107.4805,CameraRotation,343.6975,267.6693,357.0797,CurrentState,Land,Slider,10,Scenario,3
ID,26,Time,960.6316,DronePosition,-110.2394,7.06249,-107.379,0,CameraPosition,-103.1991,1.788695,-107.4803,CameraRotation,343.648,267.6898,357.094,CurrentState,Land,Slider,10,Scenario,3
ID,26,Time,960.6451,DronePosition,-110.2394,7.06249,-107.379,0,CameraPosition,-103.199,1.788774,-107.4802,CameraRotation,343.6014,267.7203,357.0928,CurrentState,Land,Slider,10,Scenario,3
ID,26,Time,960.659,DronePosition,-110.2394,7.06249,-107.379,0,CameraPosition,-103.199,1.788849,-107.48,CameraRotation,343.5574,267.7502,357.1009,CurrentState,Land,Slider,10,Scenario,3
ID,26,Time,960.6731,DronePosition,-110.2394,7.06249,-107.379,0,CameraPosition,-103.1989,1.788903,-107.4798,CameraRotation,343.5188,267.7813,357.1188,CurrentState,Land,Slider,10,Scenario,3
ID,26,Time,960.6871,DronePosition,-110.2394,7.06249,-107.379,0,CameraPosition,-103.1988,1.788925,-107.4797,CameraRotation,343.5121,267.8003,357.129,CurrentState,Land,Slider,10,Scenario,3
ID,26,Time,960.701,DronePosition,-110.2394,7.06249,-107.379,0,CameraPosition,-103.1986,1.788944,-107.4795,CameraRotation,343.5279,267.791,357.1478,CurrentState,Land,Slider,10,Scenario,3
ID,26,Time,960.7147,DronePosition,-110.2394,7.06249,-107.379,0,CameraPosition,-103.1985,1.788986,-107.4794,CameraRotation,343.5099,267.7904,357.1559,CurrentState,Land,Slider,10,Scenario,3
ID,26,Time,960.7288,DronePosition,-110.2394,7.06249,-107.379,0,CameraPosition,-103.1983,1.789031,-107.4793,CameraRotation,343.4716,267.7616,357.1292,CurrentState,Land,Slider,10,Scenario,3
ID,26,Time,960.7426,DronePosition,-110.2394,7.06249,-107.379,0,CameraPosition,-103.1982,1.789069,-107.4792,CameraRotation,343.4474,267.7236,357.0991,CurrentState,Land,Slider,10,Scenario,3
ID,26,Time,960.7568,DronePosition,-110.2394,7.06249,-107.379,0,CameraPosition,-103.198,1.789096,-107.4791,CameraRotation,343.4293,267.6848,357.0984,CurrentState,Land,Slider,10,Scenario,3
ID,26,Time,960.7706,DronePosition,-110.2394,7.06249,-107.379,0,CameraPosition,-103.1979,1.789146,-107.479,CameraRotation,343.4252,267.6334,357.1127,CurrentState,Land,Slider,10,Scenario,3
ID,26,Time,960.7845,DronePosition,-110.2394,7.06249,-107.379,0,CameraPosition,-103.1977,1.789189,-107.479,CameraRotation,343.4211,267.5735,357.1628,CurrentState,Land,Slider,10,Scenario,3
ID,26,Time,960.7983,DronePosition,-110.2394,7.06249,-107.379,0,CameraPosition,-103.1975,1.789235,-107.4789,CameraRotation,343.4205,267.508,357.1983,CurrentState,Land,Slider,10,Scenario,3
ID,26,Time,960.8123,DronePosition,-110.2394,7.06249,-107.379,0,CameraPosition,-103.1974,1.789267,-107.4788,CameraRotation,343.412,267.4452,357.2295,CurrentState,Land,Slider,10,Scenario,3
ID,26,Time,960.8262,DronePosition,-110.2394,7.06249,-107.379,0,CameraPosition,-103.1973,1.789277,-107.4788,CameraRotation,343.405,267.3921,357.2528,CurrentState,Land,Slider,10,Scenario,3
ID,26,Time,960.8401,DronePosition,-110.2394,7.06249,-107.379,0,CameraPosition,-103.1972,1.789273,-107.4787,CameraRotation,343.421,267.3254,357.275,CurrentState,Land,Slider,10,Scenario,3
ID,26,Time,960.8542,DronePosition,-110.2394,7.06249,-107.379,0,CameraPosition,-103.197,1.789246,-107.4786,CameraRotation,343.442,267.2502,357.3042,CurrentState,Land,Slider,10,Scenario,3
ID,26,Time,960.8679,DronePosition,-110.2394,7.06249,-107.379,0,CameraPosition,-103.1968,1.789242,-107.4786,CameraRotation,343.4546,267.1707,357.3238,CurrentState,Land,Slider,10,Scenario,3
ID,26,Time,960.8818,DronePosition,-110.2394,7.06249,-107.379,0,CameraPosition,-103.1966,1.789262,-107.4785,CameraRotation,343.4444,267.101,357.3338,CurrentState,Land,Slider,10,Scenario,3
ID,26,Time,960.8962,DronePosition,-110.2394,7.06249,-107.379,0,CameraPosition,-103.1964,1.789279,-107.4784,CameraRotation,343.4273,267.0406,357.3377,CurrentState,Land,Slider,10,Scenario,3
ID,26,Time,960.91,DronePosition,-110.2394,7.06249,-107.379,0,CameraPosition,-103.1961,1.789279,-107.4783,CameraRotation,343.4309,266.9765,357.3539,CurrentState,Land,Slider,10,Scenario,3
ID,26,Time,960.9236,DronePosition,-110.2394,7.06249,-107.379,0,CameraPosition,-103.1959,1.789282,-107.4781,CameraRotation,343.4473,266.9279,357.3626,CurrentState,Land,Slider,10,Scenario,3
ID,26,Time,960.9376,DronePosition,-110.2394,7.06249,-107.379,0,CameraPosition,-103.1956,1.789286,-107.478,CameraRotation,343.4324,266.8873,357.3752,CurrentState,Land,Slider,10,Scenario,3
ID,26,Time,960.9515,DronePosition,-110.2394,7.06249,-107.379,0,CameraPosition,-103.1954,1.789309,-107.4779,CameraRotation,343.4037,266.8625,357.3806,CurrentState,Land,Slider,10,Scenario,3
ID,26,Time,960.9658,DronePosition,-110.2394,7.06249,-107.379,0,CameraPosition,-103.1952,1.789329,-107.4777,CameraRotation,343.3719,266.853,357.3611,CurrentState,Land,Slider,10,Scenario,3
ID,26,Time,960.9822,DronePosition,-110.2394,7.06249,-107.379,0,CameraPosition,-103.1949,1.789323,-107.4775,CameraRotation,343.344,266.8555,357.3383,CurrentState,Land,Slider,10,Scenario,3
ID,26,Time,960.9934,DronePosition,-110.2394,7.06249,-107.379,0,CameraPosition,-103.1946,1.789317,-107.4773,CameraRotation,343.3366,266.8493,357.3298,CurrentState,Land,Slider,10,Scenario,3
ID,26,Time,961.0069,DronePosition,-110.2394,7.06249,-107.379,0,CameraPosition,-103.1944,1.789315,-107.4771,CameraRotation,343.3301,266.8517,357.33,CurrentState,Land,Slider,10,Scenario,3
ID,26,Time,961.0208,DronePosition,-110.2394,7.06249,-107.379,0,CameraPosition,-103.1941,1.789319,-107.477,CameraRotation,343.3173,266.8522,357.333,CurrentState,Land,Slider,10,Scenario,3
ID,26,Time,961.0348,DronePosition,-110.2394,7.06249,-107.379,0,CameraPosition,-103.1939,1.78933,-107.4768,CameraRotation,343.2869,266.8615,357.3182,CurrentState,Land,Slider,10,Scenario,3
ID,26,Time,961.0488,DronePosition,-110.2394,7.06249,-107.379,0,CameraPosition,-103.1936,1.789376,-107.4766,CameraRotation,343.2465,266.8809,357.2951,CurrentState,Land,Slider,10,Scenario,3
ID,26,Time,961.0627,DronePosition,-110.2394,7.06249,-107.379,0,CameraPosition,-103.1934,1.789458,-107.4764,CameraRotation,343.2033,266.8922,357.279,CurrentState,Land,Slider,10,Scenario,3
ID,26,Time,961.0766,DronePosition,-110.2394,7.06249,-107.379,0,CameraPosition,-103.1932,1.789539,-107.4763,CameraRotation,343.1472,266.903,357.2762,CurrentState,Land,Slider,10,Scenario,3
ID,26,Time,961.0906,DronePosition,-110.2394,7.06249,-107.379,0,CameraPosition,-103.193,1.789585,-107.4761,CameraRotation,343.1099,266.9103,357.2623,CurrentState,Land,Slider,10,Scenario,3
ID,26,Time,961.1045,DronePosition,-110.2394,7.06249,-107.379,0,CameraPosition,-103.1927,1.789589,-107.476,CameraRotation,343.094,266.9208,357.2505,CurrentState,Land,Slider,10,Scenario,3
ID,26,Time,961.1183,DronePosition,-110.2394,7.06249,-107.379,0,CameraPosition,-103.1926,1.789587,-107.4758,CameraRotation,343.089,266.9286,357.2433,CurrentState,Land,Slider,10,Scenario,3
ID,26,Time,961.1321,DronePosition,-110.2394,7.06249,-107.379,0,CameraPosition,-103.1924,1.789611,-107.4757,CameraRotation,343.061,266.9377,357.239,CurrentState,Land,Slider,10,Scenario,3
ID,26,Time,961.1462,DronePosition,-110.2394,7.06249,-107.379,0,CameraPosition,-103.1922,1.789653,-107.4755,CameraRotation,343.0195,266.93,357.2458,CurrentState,Land,Slider,10,Scenario,3
ID,26,Time,961.1602,DronePosition,-110.2394,7.06249,-107.379,0,CameraPosition,-103.192,1.789689,-107.4754,CameraRotation,342.9711,266.9247,357.2469,CurrentState,Land,Slider,10,Scenario,3
ID,26,Time,961.1744,DronePosition,-110.2394,7.06249,-107.379,0,CameraPosition,-103.1919,1.789722,-107.4753,CameraRotation,342.9334,266.9231,357.2446,CurrentState,Land,Slider,10,Scenario,3
ID,26,Time,961.1887,DronePosition,-110.2394,7.06249,-107.379,0,CameraPosition,-103.1918,1.789751,-107.4752,CameraRotation,342.9093,266.9237,357.2419,CurrentState,Land,Slider,8,Scenario,3
ID,26,Time,961.2022,DronePosition,-110.2394,7.06249,-107.379,0,CameraPosition,-103.1917,1.789746,-107.4751,CameraRotation,342.8976,266.9196,357.2373,CurrentState,Land,Slider,8,Scenario,3
ID,26,Time,961.2158,DronePosition,-110.2394,7.06249,-107.379,0,CameraPosition,-103.1916,1.789719,-107.475,CameraRotation,342.9085,266.9099,357.2262,CurrentState,Land,Slider,8,Scenario,3
ID,26,Time,961.2299,DronePosition,-110.2394,7.06249,-107.379,0,CameraPosition,-103.1914,1.789672,-107.4749,CameraRotation,342.9254,266.8986,357.2231,CurrentState,Land,Slider,8,Scenario,3
ID,26,Time,961.2441,DronePosition,-110.2394,7.06249,-107.379,0,CameraPosition,-103.1914,1.789606,-107.4748,CameraRotation,342.9511,266.8926,357.2335,CurrentState,Land,Slider,8,Scenario,3
ID,26,Time,961.2577,DronePosition,-110.2394,7.06249,-107.379,0,CameraPosition,-103.1913,1.78954,-107.4748,CameraRotation,342.9611,266.887,357.2512,CurrentState,Land,Slider,8,Scenario,3
ID,26,Time,961.2717,DronePosition,-110.2394,7.06249,-107.379,0,CameraPosition,-103.1912,1.789494,-107.4747,CameraRotation,342.9631,266.8782,357.2633,CurrentState,Land,Slider,8,Scenario,3
ID,26,Time,961.2857,DronePosition,-110.2394,7.06249,-107.379,0,CameraPosition,-103.1912,1.789455,-107.4747,CameraRotation,342.9622,266.8839,357.2662,CurrentState,Land,Slider,5,Scenario,3
ID,26,Time,961.2996,DronePosition,-110.2394,7.06249,-107.379,0,CameraPosition,-103.1911,1.789439,-107.4746,CameraRotation,342.9635,266.8846,357.2672,CurrentState,Land,Slider,5,Scenario,3
ID,26,Time,961.3134,DronePosition,-110.2394,7.06249,-107.379,0,CameraPosition,-103.1911,1.789407,-107.4745,CameraRotation,342.9684,266.8748,357.2626,CurrentState,Land,Slider,5,Scenario,3
ID,26,Time,961.3275,DronePosition,-110.2394,7.06249,-107.379,0,CameraPosition,-103.1911,1.789364,-107.4745,CameraRotation,342.9986,266.8472,357.2572,CurrentState,Land,Slider,5,Scenario,3
ID,26,Time,961.3413,DronePosition,-110.2394,7.06249,-107.379,0,CameraPosition,-103.191,1.789295,-107.4744,CameraRotation,343.0283,266.8283,357.2612,CurrentState,Land,Slider,5,Scenario,3
ID,26,Time,961.3552,DronePosition,-110.2394,7.06249,-107.379,0,CameraPosition,-103.191,1.789204,-107.4744,CameraRotation,343.0599,266.8073,357.2612,CurrentState,Land,Slider,5,Scenario,3
ID,26,Time,961.3691,DronePosition,-110.2394,7.06249,-107.379,0,CameraPosition,-103.191,1.789125,-107.4743,CameraRotation,343.1189,266.7911,357.2586,CurrentState,Land,Slider,5,Scenario,3
ID,26,Time,961.3835,DronePosition,-110.2394,7.06249,-107.379,0,CameraPosition,-103.1909,1.789119,-107.4742,CameraRotation,343.1576,266.7951,357.2315,CurrentState,Land,Slider,1,Scenario,3
ID,26,Time,961.397,DronePosition,-110.2394,7.06249,-107.379,0,CameraPosition,-103.1908,1.789147,-107.4741,CameraRotation,343.1666,266.8052,357.1939,CurrentState,Land,Slider,1,Scenario,3
ID,26,Time,961.4109,DronePosition,-110.2394,7.06249,-107.379,0,CameraPosition,-103.1908,1.789172,-107.474,CameraRotation,343.1588,266.8436,357.1527,CurrentState,Land,Slider,1,Scenario,3
ID,26,Time,961.4247,DronePosition,-110.2394,7.06249,-107.379,0,CameraPosition,-103.1908,1.78921,-107.4739,CameraRotation,343.158,266.8753,357.1356,CurrentState,Land,Slider,1,Scenario,3
ID,26,Time,961.4387,DronePosition,-110.2394,7.06249,-107.379,0,CameraPosition,-103.1907,1.789202,-107.4738,CameraRotation,343.1457,266.9091,357.1272,CurrentState,Land,Slider,1,Scenario,3
ID,26,Time,961.4527,DronePosition,-110.2394,7.06249,-107.379,0,CameraPosition,-103.1907,1.789169,-107.4737,CameraRotation,343.171,266.9287,357.1352,CurrentState,Land,Slider,1,Scenario,3
ID,26,Time,961.4666,DronePosition,-110.2394,7.06249,-107.379,0,CameraPosition,-103.1906,1.789117,-107.4736,CameraRotation,343.1829,266.9606,357.1305,CurrentState,Land,Slider,1,Scenario,3
ID,26,Time,961.4805,DronePosition,-110.2394,7.06249,-107.379,0,CameraPosition,-103.1906,1.789089,-107.4735,CameraRotation,343.1946,266.981,357.1247,CurrentState,Land,Slider,1,Scenario,3
ID,26,Time,961.4944,DronePosition,-110.2394,7.06249,-107.379,0,CameraPosition,-103.1905,1.789093,-107.4734,CameraRotation,343.1842,267.0021,357.1114,CurrentState,Land,Slider,1,Scenario,3
ID,26,Time,961.5083,DronePosition,-110.2394,7.06249,-107.379,0,CameraPosition,-103.1904,1.789106,-107.4734,CameraRotation,343.1693,267.0134,357.1042,CurrentState,Land,Slider,1,Scenario,3
ID,26,Time,961.5222,DronePosition,-110.2394,7.06249,-107.379,0,CameraPosition,-103.1904,1.789104,-107.4733,CameraRotation,343.1553,267.0287,357.0956,CurrentState,Land,Slider,1,Scenario,3
ID,26,Time,961.5361,DronePosition,-110.2394,7.06249,-107.379,0,CameraPosition,-103.1903,1.78912,-107.4732,CameraRotation,343.1559,267.0431,357.0799,CurrentState,Land,Slider,1,Scenario,3
ID,26,Time,961.5502,DronePosition,-110.2394,7.06249,-107.379,0,CameraPosition,-103.1903,1.789162,-107.473,CameraRotation,343.1618,267.0647,357.0497,CurrentState,Land,Slider,1,Scenario,3
ID,26,Time,961.564,DronePosition,-110.2394,7.06249,-107.379,0,CameraPosition,-103.1902,1.78921,-107.4729,CameraRotation,343.1441,267.095,357.0195,CurrentState,Land,Slider,1,Scenario,3
ID,26,Time,961.5779,DronePosition,-110.2394,7.06249,-107.379,0,CameraPosition,-103.1901,1.789266,-107.4728,CameraRotation,343.1221,267.1321,356.9951,CurrentState,Land,Slider,1,Scenario,3
ID,26,Time,961.5921,DronePosition,-110.2394,7.06249,-107.379,0,CameraPosition,-103.1901,1.789328,-107.4727,CameraRotation,343.0905,267.1811,356.968,CurrentState,Land,Slider,1,Scenario,3
ID,26,Time,961.6059,DronePosition,-110.2394,7.06249,-107.379,0,CameraPosition,-103.19,1.789364,-107.4726,CameraRotation,343.0735,267.2339,356.9525,CurrentState,Land,Slider,1,Scenario,3
ID,26,Time,961.6198,DronePosition,-110.2394,7.06249,-107.379,0,CameraPosition,-103.19,1.789339,-107.4725,CameraRotation,343.0821,267.2908,356.9227,CurrentState,Land,Slider,1,Scenario,3
ID,26,Time,961.6337,DronePosition,-110.2394,7.06249,-107.379,0,CameraPosition,-103.1899,1.789303,-107.4724,CameraRotation,343.1146,267.345,356.8854,CurrentState,Land,Slider,1,Scenario,3
ID,26,Time,961.6475,DronePosition,-110.2394,7.06249,-107.379,0,CameraPosition,-103.1899,1.789298,-107.4723,CameraRotation,343.1335,267.4002,356.8569,CurrentState,Land,Slider,1,Scenario,3
ID,26,Time,961.6615,DronePosition,-110.2394,7.06249,-107.379,0,CameraPosition,-103.1899,1.789342,-107.4723,CameraRotation,343.1097,267.4432,356.8413,CurrentState,Land,Slider,1,Scenario,3
ID,26,Time,961.6755,DronePosition,-110.2394,7.06249,-107.379,0,CameraPosition,-103.1898,1.78943,-107.4722,CameraRotation,343.054,267.4796,356.8155,CurrentState,Land,Slider,1,Scenario,3
ID,26,Time,961.6896,DronePosition,-110.2394,7.06249,-107.379,0,CameraPosition,-103.1898,1.7895,-107.4722,CameraRotation,342.9995,267.5097,356.7906,CurrentState,Land,Slider,1,Scenario,3
ID,26,Time,961.7034,DronePosition,-110.2394,7.06249,-107.379,0,CameraPosition,-103.1897,1.789564,-107.4721,CameraRotation,342.99,267.5352,356.7637,CurrentState,Land,Slider,1,Scenario,3
ID,26,Time,961.7173,DronePosition,-110.2394,7.06249,-107.379,0,CameraPosition,-103.1897,1.789576,-107.4721,CameraRotation,343.0205,267.5661,356.753,CurrentState,Land,Slider,1,Scenario,3
ID,26,Time,961.7311,DronePosition,-110.2394,7.06249,-107.379,0,CameraPosition,-103.1897,1.78957,-107.4721,CameraRotation,343.047,267.5799,356.7255,CurrentState,Land,Slider,1,Scenario,3
ID,26,Time,961.7449,DronePosition,-110.2394,7.06249,-107.379,0,CameraPosition,-103.1896,1.78961,-107.4721,CameraRotation,343.0382,267.5919,356.6977,CurrentState,Land,Slider,1,Scenario,3
ID,26,Time,961.759,DronePosition,-110.2394,7.06249,-107.379,0,CameraPosition,-103.1895,1.789682,-107.4721,CameraRotation,342.9895,267.6158,356.6773,CurrentState,Land,Slider,1,Scenario,3
ID,26,Time,961.7728,DronePosition,-110.2394,7.06249,-107.379,0,CameraPosition,-103.1895,1.789769,-107.4721,CameraRotation,342.9306,267.6363,356.6585,CurrentState,Land,Slider,1,Scenario,3
ID,26,Time,961.7869,DronePosition,-110.2394,7.06249,-107.379,0,CameraPosition,-103.1894,1.789841,-107.4722,CameraRotation,342.8734,267.643,356.658,CurrentState,Land,Slider,1,Scenario,3
ID,26,Time,961.8015,DronePosition,-110.2394,7.06249,-107.379,0,CameraPosition,-103.1893,1.789891,-107.4722,CameraRotation,342.8223,267.6461,356.6601,CurrentState,Land,Slider,1,Scenario,3
ID,26,Time,961.8146,DronePosition,-110.2394,7.06249,-107.379,0,CameraPosition,-103.1892,1.789919,-107.4722,CameraRotation,342.7711,267.6483,356.6765,CurrentState,Land,Slider,1,Scenario,3
ID,26,Time,961.8286,DronePosition,-110.2394,7.06249,-107.379,0,CameraPosition,-103.1891,1.789944,-107.4723,CameraRotation,342.7218,267.6426,356.6827,CurrentState,Land,Slider,1,Scenario,3
ID,26,Time,961.8425,DronePosition,-110.2394,7.06249,-107.379,0,CameraPosition,-103.189,1.789966,-107.4724,CameraRotation,342.6892,267.6348,356.6812,CurrentState,Land,Slider,1,Scenario,3
ID,26,Time,961.8563,DronePosition,-110.2394,7.06249,-107.379,0,CameraPosition,-103.1889,1.789996,-107.4725,CameraRotation,342.6767,267.6151,356.68,CurrentState,Land,Slider,1,Scenario,3
ID,26,Time,961.8705,DronePosition,-110.2394,7.06249,-107.379,0,CameraPosition,-103.1887,1.790039,-107.4726,CameraRotation,342.6637,267.5961,356.6732,CurrentState,Land,Slider,1,Scenario,3
ID,26,Time,961.8842,DronePosition,-110.2394,7.06249,-107.379,0,CameraPosition,-103.1886,1.790091,-107.4728,CameraRotation,342.6485,267.572,356.6762,CurrentState,Land,Slider,1,Scenario,3
ID,26,Time,961.8981,DronePosition,-110.2394,7.06249,-107.379,0,CameraPosition,-103.1884,1.790132,-107.4729,CameraRotation,342.6259,267.5459,356.6904,CurrentState,Land,Slider,1,Scenario,3
ID,26,Time,961.9122,DronePosition,-110.2394,7.06249,-107.379,0,CameraPosition,-103.1883,1.790166,-107.473,CameraRotation,342.6124,267.5315,356.6925,CurrentState,Land,Slider,1,Scenario,3
ID,26,Time,961.9274,DronePosition,-110.2394,7.06249,-107.379,0,CameraPosition,-103.1882,1.790181,-107.473,CameraRotation,342.5983,267.5185,356.6966,CurrentState,Land,Slider,1,Scenario,3
ID,26,Time,961.94,DronePosition,-110.2394,7.06249,-107.379,0,CameraPosition,-103.188,1.790171,-107.4731,CameraRotation,342.5839,267.5244,356.6926,CurrentState,Land,Slider,1,Scenario,3
ID,26,Time,961.9538,DronePosition,-110.2394,7.06249,-107.379,0,CameraPosition,-103.1879,1.790155,-107.4732,CameraRotation,342.5771,267.5257,356.6971,CurrentState,Land,Slider,1,Scenario,3
ID,26,Time,961.9678,DronePosition,-110.2394,7.06249,-107.379,0,CameraPosition,-103.1877,1.79016,-107.4733,CameraRotation,342.5652,267.5264,356.6967,CurrentState,Land,Slider,1,Scenario,3
ID,26,Time,961.9823,DronePosition,-110.2394,7.06249,-107.379,0,CameraPosition,-103.1876,1.790179,-107.4734,CameraRotation,342.5579,267.5392,356.697,CurrentState,Land,Slider,1,Scenario,3
ID,26,Time,961.9957,DronePosition,-110.2394,7.06249,-107.379,0,CameraPosition,-103.1874,1.790173,-107.4734,CameraRotation,342.5595,267.5361,356.7138,CurrentState,Land,Slider,1,Scenario,3
ID,26,Time,962.0101,DronePosition,-110.2394,7.06249,-107.379,0,CameraPosition,-103.1872,1.790157,-107.4735,CameraRotation,342.5716,267.5263,356.7214,CurrentState,Land,Slider,1,Scenario,3
ID,26,Time,962.0237,DronePosition,-110.2394,7.06249,-107.379,0,CameraPosition,-103.1871,1.790143,-107.4736,CameraRotation,342.5956,267.5187,356.7323,CurrentState,Land,Slider,1,Scenario,3
ID,26,Time,962.0374,DronePosition,-110.2394,7.06249,-107.379,0,CameraPosition,-103.1869,1.790141,-107.4737,CameraRotation,342.6131,267.5179,356.735,CurrentState,Land,Slider,1,Scenario,3
ID,26,Time,962.0516,DronePosition,-110.2394,7.06249,-107.379,0,CameraPosition,-103.1867,1.790145,-107.4737,CameraRotation,342.6226,267.5261,356.7088,CurrentState,Land,Slider,1,Scenario,3
ID,26,Time,962.0653,DronePosition,-110.2394,7.06249,-107.379,0,CameraPosition,-103.1865,1.79016,-107.4738,CameraRotation,342.6131,267.5576,356.6562,CurrentState,Land,Slider,1,Scenario,3
ID,26,Time,962.0792,DronePosition,-110.2394,7.06249,-107.379,0,CameraPosition,-103.1863,1.790193,-107.4738,CameraRotation,342.609,267.5803,356.6333,CurrentState,Land,Slider,1,Scenario,3
ID,26,Time,962.0931,DronePosition,-110.2394,7.06249,-107.379,0,CameraPosition,-103.1861,1.790221,-107.4739,CameraRotation,342.6104,267.613,356.6402,CurrentState,Land,Slider,1,Scenario,3
ID,26,Time,962.1074,DronePosition,-110.2394,7.06249,-107.379,0,CameraPosition,-103.1859,1.790231,-107.474,CameraRotation,342.6251,267.6196,356.6618,CurrentState,Land,Slider,1,Scenario,3
ID,26,Time,962.121,DronePosition,-110.2394,7.06249,-107.379,0,CameraPosition,-103.1856,1.790252,-107.4741,CameraRotation,342.649,267.6394,356.6689,CurrentState,Land,Slider,1,Scenario,3
ID,26,Time,962.1348,DronePosition,-110.2394,7.06249,-107.379,0,CameraPosition,-103.1853,1.790249,-107.4742,CameraRotation,342.65,267.6465,356.6895,CurrentState,Land,Slider,1,Scenario,3
ID,26,Time,962.1489,DronePosition,-110.2394,7.06249,-107.379,0,CameraPosition,-103.185,1.790267,-107.4744,CameraRotation,342.6621,267.6337,356.708,CurrentState,Land,Slider,1,Scenario,3
ID,26,Time,962.1627,DronePosition,-110.2394,7.06249,-107.379,0,CameraPosition,-103.1847,1.790289,-107.4745,CameraRotation,342.6603,267.6035,356.7196,CurrentState,Land,Slider,1,Scenario,3
ID,26,Time,962.1765,DronePosition,-110.2394,7.06249,-107.379,0,CameraPosition,-103.1843,1.790321,-107.4747,CameraRotation,342.6495,267.557,356.7304,CurrentState,Land,Slider,1,Scenario,3
ID,26,Time,962.1911,DronePosition,-110.2394,7.06249,-107.379,0,CameraPosition,-103.184,1.790378,-107.4748,CameraRotation,342.6378,267.4952,356.7318,CurrentState,Land,Slider,1,Scenario,3
ID,26,Time,962.2056,DronePosition,-110.2394,7.06249,-107.379,0,CameraPosition,-103.1836,1.790416,-107.475,CameraRotation,342.6308,267.4235,356.7436,CurrentState,Land,Slider,1,Scenario,3
ID,26,Time,962.2188,DronePosition,-110.2394,7.06249,-107.379,0,CameraPosition,-103.1832,1.790457,-107.4751,CameraRotation,342.6133,267.3779,356.748,CurrentState,Land,Slider,1,Scenario,3
ID,26,Time,962.2323,DronePosition,-110.2394,7.06249,-107.379,0,CameraPosition,-103.1829,1.790489,-107.4753,CameraRotation,342.5765,267.3259,356.7667,CurrentState,Land,Slider,1,Scenario,3
ID,26,Time,962.2464,DronePosition,-110.2394,7.06249,-107.379,0,CameraPosition,-103.1825,1.790529,-107.4754,CameraRotation,342.5529,267.2927,356.7997,CurrentState,Land,Slider,1,Scenario,3
ID,26,Time,962.2604,DronePosition,-110.2394,7.06249,-107.379,0,CameraPosition,-103.1822,1.790539,-107.4756,CameraRotation,342.5022,267.258,356.8349,CurrentState,Land,Slider,1,Scenario,3
ID,26,Time,962.2741,DronePosition,-110.2394,7.06249,-107.379,0,CameraPosition,-103.1819,1.790558,-107.4757,CameraRotation,342.4727,267.2309,356.8731,CurrentState,Land,Slider,1,Scenario,3
ID,26,Time,962.2881,DronePosition,-110.2394,7.06249,-107.379,0,CameraPosition,-103.1816,1.790575,-107.4758,CameraRotation,342.4551,267.2023,356.902,CurrentState,Land,Slider,1,Scenario,3
ID,26,Time,962.3021,DronePosition,-110.2394,7.06249,-107.379,0,CameraPosition,-103.1814,1.790602,-107.476,CameraRotation,342.4505,267.1797,356.9393,CurrentState,Land,Slider,1,Scenario,3
ID,26,Time,962.316,DronePosition,-110.2394,7.06249,-107.379,0,CameraPosition,-103.1811,1.790606,-107.4761,CameraRotation,342.4633,267.1617,356.9854,CurrentState,Land,Slider,1,Scenario,3
ID,26,Time,962.3298,DronePosition,-110.2394,7.06249,-107.379,0,CameraPosition,-103.1809,1.790536,-107.4763,CameraRotation,342.5187,267.1307,357.0447,CurrentState,Land,Slider,1,Scenario,3
ID,26,Time,962.3438,DronePosition,-110.2394,7.06249,-107.379,0,CameraPosition,-103.1808,1.790358,-107.4765,CameraRotation,342.6667,267.0952,357.1567,CurrentState,Land,Slider,1,Scenario,3
ID,26,Time,962.3577,DronePosition,-110.2394,7.06249,-107.379,0,CameraPosition,-103.1807,1.789977,-107.4768,CameraRotation,342.9157,267.0322,357.3146,CurrentState,Land,Slider,1,Scenario,3
ID,26,Time,962.3718,DronePosition,-110.2394,7.06249,-107.379,0,CameraPosition,-103.1806,1.789372,-107.4771,CameraRotation,343.2928,266.981,357.4379,CurrentState,Land,Slider,1,Scenario,3
ID,26,Time,962.3855,DronePosition,-110.2394,7.06249,-107.379,0,CameraPosition,-103.1805,1.788386,-107.4773,CameraRotation,343.9281,266.9297,357.5451,CurrentState,Land,Slider,1,Scenario,3
ID,26,Time,962.3994,DronePosition,-110.2394,7.06249,-107.379,0,CameraPosition,-103.1806,1.787005,-107.4776,CameraRotation,344.8732,266.9304,357.6215,CurrentState,Land,Slider,1,Scenario,3
ID,26,Time,962.4135,DronePosition,-110.2394,7.06249,-107.379,0,CameraPosition,-103.1807,1.785527,-107.4779,CameraRotation,345.9175,266.9508,357.6201,CurrentState,Land,Slider,1,Scenario,3
ID,26,Time,962.4277,DronePosition,-110.2394,7.06249,-107.379,0,CameraPosition,-103.1809,1.784362,-107.4781,CameraRotation,346.7528,266.9606,357.5875,CurrentState,Land,Slider,1,Scenario,3
ID,26,Time,962.4413,DronePosition,-110.2394,7.06249,-107.379,0,CameraPosition,-103.1812,1.783612,-107.4783,CameraRotation,347.2534,266.9541,357.5548,CurrentState,Land,Slider,1,Scenario,3
ID,26,Time,962.4552,DronePosition,-110.2394,7.06249,-107.379,0,CameraPosition,-103.1813,1.783265,-107.4785,CameraRotation,347.4709,266.9172,357.5704,CurrentState,Land,Slider,1,Scenario,3
ID,26,Time,962.4689,DronePosition,-110.2394,7.06249,-107.379,0,CameraPosition,-103.1815,1.782876,-107.4786,CameraRotation,347.6635,266.8627,357.5943,CurrentState,Land,Slider,1,Scenario,3
ID,26,Time,962.4828,DronePosition,-110.2394,7.06249,-107.379,0,CameraPosition,-103.1816,1.782287,-107.4788,CameraRotation,347.9906,266.7999,357.5994,CurrentState,Land,Slider,1,Scenario,3
ID,26,Time,962.4968,DronePosition,-110.2394,7.06249,-107.379,0,CameraPosition,-103.1817,1.781494,-107.479,CameraRotation,348.4915,266.7863,357.5707,CurrentState,Land,Slider,1,Scenario,3
ID,26,Time,962.5107,DronePosition,-110.2394,7.06249,-107.379,0,CameraPosition,-103.1818,1.780823,-107.4791,CameraRotation,349.0134,266.8033,357.4931,CurrentState,Land,Slider,1,Scenario,3
ID,26,Time,962.5247,DronePosition,-110.2394,7.06249,-107.379,0,CameraPosition,-103.182,1.780604,-107.4792,CameraRotation,349.1745,266.8461,357.4063,CurrentState,Land,Slider,1,Scenario,3
ID,26,Time,962.5386,DronePosition,-110.2394,7.06249,-107.379,0,CameraPosition,-103.1821,1.780702,-107.4793,CameraRotation,349.1017,266.8803,357.3542,CurrentState,Land,Slider,1,Scenario,3
ID,26,Time,962.5524,DronePosition,-110.2394,7.06249,-107.379,0,CameraPosition,-103.1821,1.781004,-107.4795,CameraRotation,348.8978,266.9196,357.3388,CurrentState,Land,Slider,1,Scenario,3
ID,26,Time,962.5663,DronePosition,-110.2394,7.06249,-107.379,0,CameraPosition,-103.1821,1.781208,-107.4796,CameraRotation,348.7761,266.9601,357.3497,CurrentState,Land,Slider,1,Scenario,3
ID,26,Time,962.5805,DronePosition,-110.2394,7.06249,-107.379,0,CameraPosition,-103.1822,1.78117,-107.4798,CameraRotation,348.8545,267.0019,357.3711,CurrentState,Land,Slider,1,Scenario,3
ID,26,Time,962.5944,DronePosition,-110.2394,7.06249,-107.379,0,CameraPosition,-103.1822,1.78095,-107.48,CameraRotation,349.0493,267.052,357.4097,CurrentState,Land,Slider,1,Scenario,3
ID,26,Time,962.6085,DronePosition,-110.2394,7.06249,-107.379,0,CameraPosition,-103.1822,1.780688,-107.4803,CameraRotation,349.2407,267.0898,357.4429,CurrentState,Land,Slider,1,Scenario,3
ID,26,Time,962.6224,DronePosition,-110.2394,7.06249,-107.379,0,CameraPosition,-103.1822,1.780497,-107.4805,CameraRotation,349.3773,267.1131,357.4874,CurrentState,Land,Slider,1,Scenario,3
ID,26,Time,962.6368,DronePosition,-110.2394,7.06249,-107.379,0,CameraPosition,-103.1822,1.780452,-107.4808,CameraRotation,349.4514,267.1057,357.5399,CurrentState,Land,Slider,1,Scenario,3
ID,26,Time,962.6501,DronePosition,-110.2394,7.06249,-107.379,0,CameraPosition,-103.1821,1.780514,-107.4811,CameraRotation,349.4527,267.0986,357.5796,CurrentState,Land,Slider,1,Scenario,3
ID,26,Time,962.6637,DronePosition,-110.2394,7.06249,-107.379,0,CameraPosition,-103.1821,1.780598,-107.4814,CameraRotation,349.4518,267.0665,357.6269,CurrentState,Land,Slider,1,Scenario,3
ID,26,Time,962.6778,DronePosition,-110.2394,7.06249,-107.379,0,CameraPosition,-103.182,1.780644,-107.4817,CameraRotation,349.4467,267.0166,357.6832,CurrentState,Land,Slider,1,Scenario,3
ID,26,Time,962.6916,DronePosition,-110.2394,7.06249,-107.379,0,CameraPosition,-103.182,1.780635,-107.482,CameraRotation,349.4846,266.9577,357.7244,CurrentState,Land,Slider,1,Scenario,3
ID,26,Time,962.7058,DronePosition,-110.2394,7.06249,-107.379,0,CameraPosition,-103.1819,1.780586,-107.4824,CameraRotation,349.5221,266.9076,357.7582,CurrentState,Land,Slider,1,Scenario,3
ID,26,Time,962.7198,DronePosition,-110.2394,7.06249,-107.379,0,CameraPosition,-103.1818,1.780539,-107.4827,CameraRotation,349.5549,266.8623,357.7448,CurrentState,Land,Slider,1,Scenario,3
ID,26,Time,962.7334,DronePosition,-110.2394,7.06249,-107.379,0,CameraPosition,-103.1818,1.780522,-107.483,CameraRotation,349.5881,266.8265,357.7389,CurrentState,Land,Slider,1,Scenario,3
ID,26,Time,962.7474,DronePosition,-110.2394,7.06249,-107.379,0,CameraPosition,-103.1817,1.780536,-107.4833,CameraRotation,349.5999,266.8093,357.7647,CurrentState,Land,Slider,1,Scenario,3
ID,26,Time,962.7614,DronePosition,-110.2394,7.06249,-107.379,0,CameraPosition,-103.1817,1.780602,-107.4836,CameraRotation,349.5805,266.8001,357.8018,CurrentState,Land,Slider,1,Scenario,3
ID,26,Time,962.7754,DronePosition,-110.2394,7.06249,-107.379,0,CameraPosition,-103.1816,1.780662,-107.4839,CameraRotation,349.5478,266.7997,357.8381,CurrentState,Land,Slider,1,Scenario,3
ID,26,Time,962.7894,DronePosition,-110.2394,7.06249,-107.379,0,CameraPosition,-103.1816,1.780684,-107.4842,CameraRotation,349.5429,266.7988,357.8615,CurrentState,Land,Slider,1,Scenario,3
ID,26,Time,962.8032,DronePosition,-110.2394,7.06249,-107.379,0,CameraPosition,-103.1815,1.780659,-107.4844,CameraRotation,349.5498,266.8126,357.8871,CurrentState,Land,Slider,1,Scenario,3
ID,26,Time,962.8173,DronePosition,-110.2394,7.06249,-107.379,0,CameraPosition,-103.1814,1.780622,-107.4847,CameraRotation,349.5612,266.8373,357.8937,CurrentState,Land,Slider,1,Scenario,3
ID,26,Time,962.8311,DronePosition,-110.2394,7.06249,-107.379,0,CameraPosition,-103.1813,1.780607,-107.4849,CameraRotation,349.5617,266.8606,357.8855,CurrentState,Land,Slider,1,Scenario,3
ID,26,Time,962.8452,DronePosition,-110.2394,7.06249,-107.379,0,CameraPosition,-103.1812,1.780607,-107.4851,CameraRotation,349.5426,266.8878,357.8812,CurrentState,Land,Slider,1,Scenario,3
ID,26,Time,962.8591,DronePosition,-110.2394,7.06249,-107.379,0,CameraPosition,-103.1811,1.780633,-107.4853,CameraRotation,349.5287,266.909,357.8746,CurrentState,Land,Slider,1,Scenario,3
ID,26,Time,962.8728,DronePosition,-110.2394,7.06249,-107.379,0,CameraPosition,-103.1811,1.780653,-107.4855,CameraRotation,349.518,266.933,357.8642,CurrentState,Land,Slider,1,Scenario,3
ID,26,Time,962.8867,DronePosition,-110.2394,7.06249,-107.379,0,CameraPosition,-103.181,1.780655,-107.4857,CameraRotation,349.5135,266.9597,357.8499,CurrentState,Land,Slider,1,Scenario,3
ID,26,Time,962.9006,DronePosition,-110.2394,7.06249,-107.379,0,CameraPosition,-103.1809,1.780612,-107.4859,CameraRotation,349.5282,266.9996,357.8463,CurrentState,Land,Slider,1,Scenario,3
ID,26,Time,962.9145,DronePosition,-110.2394,7.06249,-107.379,0,CameraPosition,-103.1808,1.780563,-107.4862,CameraRotation,349.5454,267.0155,357.8599,CurrentState,Land,Slider,1,Scenario,3
ID,26,Time,962.9294,DronePosition,-110.2394,7.06249,-107.379,0,CameraPosition,-103.1806,1.78052,-107.4864,CameraRotation,349.5426,267.0273,357.864,CurrentState,Land,Slider,1,Scenario,3
ID,26,Time,962.9421,DronePosition,-110.2394,7.06249,-107.379,0,CameraPosition,-103.1805,1.780471,-107.4866,CameraRotation,349.5271,267.0391,357.8527,CurrentState,Land,Slider,1,Scenario,3
ID,26,Time,962.9563,DronePosition,-110.2394,7.06249,-107.379,0,CameraPosition,-103.1804,1.780436,-107.4868,CameraRotation,349.5182,267.0485,357.8201,CurrentState,Land,Slider,1,Scenario,3
ID,26,Time,962.9701,DronePosition,-110.2394,7.06249,-107.379,0,CameraPosition,-103.1803,1.780419,-107.487,CameraRotation,349.5179,267.0527,357.7891,CurrentState,Land,Slider,1,Scenario,3
ID,26,Time,962.9845,DronePosition,-110.2394,7.06249,-107.379,0,CameraPosition,-103.1801,1.780408,-107.4872,CameraRotation,349.5116,267.0593,357.7659,CurrentState,Land,Slider,1,Scenario,3
ID,26,Time,962.998,DronePosition,-110.2394,7.06249,-107.379,0,CameraPosition,-103.1798,1.780407,-107.4874,CameraRotation,349.5299,267.0698,357.7466,CurrentState,Land,Slider,1,Scenario,3
ID,26,Time,963.0124,DronePosition,-110.2394,7.06249,-107.379,0,CameraPosition,-103.1796,1.780395,-107.4876,CameraRotation,349.5641,267.0825,357.7194,CurrentState,Land,Slider,1,Scenario,3
ID,26,Time,963.0258,DronePosition,-110.2394,7.06249,-107.379,0,CameraPosition,-103.1794,1.780344,-107.4878,CameraRotation,349.6087,267.1087,357.6905,CurrentState,Land,Slider,1,Scenario,3
ID,26,Time,963.0399,DronePosition,-110.2394,7.06249,-107.379,0,CameraPosition,-103.1792,1.780253,-107.488,CameraRotation,349.6668,267.1478,357.676,CurrentState,Land,Slider,1,Scenario,3
ID,26,Time,963.054,DronePosition,-110.2394,7.06249,-107.379,0,CameraPosition,-103.1789,1.780148,-107.4883,CameraRotation,349.7204,267.1997,357.6688,CurrentState,Land,Slider,1,Scenario,3
ID,26,Time,963.0676,DronePosition,-110.2394,7.06249,-107.379,0,CameraPosition,-103.1787,1.780054,-107.4885,CameraRotation,349.7421,267.2306,357.6696,CurrentState,Land,Slider,1,Scenario,3
ID,26,Time,963.0816,DronePosition,-110.2394,7.06249,-107.379,0,CameraPosition,-103.1785,1.780011,-107.4888,CameraRotation,349.7185,267.2686,357.6685,CurrentState,Hover3,Slider,1,Scenario,3
ID,26,Time,963.0953,DronePosition,-110.2394,7.06249,-107.379,0,CameraPosition,-103.1782,1.780064,-107.489,CameraRotation,349.67,267.2979,357.6697,CurrentState,Hover3,Slider,1,Scenario,3
ID,26,Time,963.1101,DronePosition,-110.2394,7.06249,-107.379,0,CameraPosition,-103.1779,1.780125,-107.4892,CameraRotation,349.6392,267.3223,357.6807,CurrentState,Hover3,Slider,1,Scenario,3
ID,26,Time,963.1232,DronePosition,-110.2394,7.06249,-107.379,0,CameraPosition,-103.1776,1.780161,-107.4894,CameraRotation,349.6212,267.3373,357.6783,CurrentState,Hover3,Slider,1,Scenario,3
ID,26,Time,963.1373,DronePosition,-110.2394,7.06249,-107.379,0,CameraPosition,-103.1773,1.780168,-107.4895,CameraRotation,349.6296,267.3492,357.6809,CurrentState,Hover3,Slider,1,Scenario,3
ID,26,Time,963.1513,DronePosition,-110.2394,7.06249,-107.379,0,CameraPosition,-103.1769,1.780142,-107.4896,CameraRotation,349.6534,267.3574,357.6891,CurrentState,Hover3,Slider,1,Scenario,3
ID,26,Time,963.165,DronePosition,-110.2394,7.06249,-107.379,0,CameraPosition,-103.1766,1.780117,-107.4898,CameraRotation,349.677,267.3581,357.6892,CurrentState,Hover3,Slider,1,Scenario,3
ID,26,Time,963.179,DronePosition,-110.2394,7.06249,-107.379,0,CameraPosition,-103.1763,1.78011,-107.49,CameraRotation,349.682,267.365,357.6907,CurrentState,Hover3,Slider,1,Scenario,3
ID,26,Time,963.1929,DronePosition,-110.2394,7.06249,-107.379,0,CameraPosition,-103.176,1.780137,-107.4902,CameraRotation,349.6602,267.374,357.685,CurrentState,Hover3,Slider,1,Scenario,3
ID,26,Time,963.2076,DronePosition,-110.2394,7.06249,-107.379,0,CameraPosition,-103.1757,1.780172,-107.4903,CameraRotation,349.6237,267.3824,357.6956,CurrentState,Hover3,Slider,1,Scenario,3
ID,26,Time,963.2209,DronePosition,-110.2394,7.06249,-107.379,0,CameraPosition,-103.1755,1.780192,-107.4905,CameraRotation,349.5885,267.3903,357.7095,CurrentState,Hover3,Slider,1,Scenario,3
ID,26,Time,963.2347,DronePosition,-110.2394,7.06249,-107.379,0,CameraPosition,-103.1753,1.780188,-107.4906,CameraRotation,349.5545,267.398,357.7254,CurrentState,Hover3,Slider,1,Scenario,3
ID,26,Time,963.2485,DronePosition,-110.2394,7.06249,-107.379,0,CameraPosition,-103.1751,1.780175,-107.4908,CameraRotation,349.5456,267.3974,357.7381,CurrentState,Hover3,Slider,1,Scenario,3
ID,26,Time,963.263,DronePosition,-110.2394,7.06249,-107.379,0,CameraPosition,-103.1748,1.780156,-107.4909,CameraRotation,349.5472,267.4125,357.7491,CurrentState,Hover3,Slider,1,Scenario,3
ID,26,Time,963.2766,DronePosition,-110.2394,7.06249,-107.379,0,CameraPosition,-103.1745,1.780129,-107.491,CameraRotation,349.5553,267.4138,357.7538,CurrentState,Hover3,Slider,1,Scenario,3
ID,26,Time,963.2904,DronePosition,-110.2394,7.06249,-107.379,0,CameraPosition,-103.1743,1.780108,-107.4911,CameraRotation,349.5589,267.4217,357.7445,CurrentState,Hover3,Slider,1,Scenario,3
ID,26,Time,963.3044,DronePosition,-110.2394,7.06249,-107.379,0,CameraPosition,-103.1741,1.780116,-107.4911,CameraRotation,349.5691,267.4251,357.7388,CurrentState,Hover3,Slider,1,Scenario,3
ID,26,Time,963.3186,DronePosition,-110.2394,7.06249,-107.379,0,CameraPosition,-103.1738,1.780126,-107.4911,CameraRotation,349.5701,267.425,357.7499,CurrentState,Hover3,Slider,1,Scenario,3
ID,26,Time,963.3323,DronePosition,-110.2394,7.06249,-107.379,0,CameraPosition,-103.1736,1.78011,-107.4912,CameraRotation,349.5619,267.4265,357.7545,CurrentState,Hover3,Slider,1,Scenario,3
ID,26,Time,963.346,DronePosition,-110.2394,7.06249,-107.379,0,CameraPosition,-103.1734,1.780113,-107.4913,CameraRotation,349.5631,267.4306,357.7295,CurrentState,Hover3,Slider,1,Scenario,3
ID,26,Time,963.3601,DronePosition,-110.2394,7.06249,-107.379,0,CameraPosition,-103.1732,1.780091,-107.4913,CameraRotation,349.5519,267.4488,357.7144,CurrentState,Hover3,Slider,1,Scenario,3
ID,26,Time,963.3739,DronePosition,-110.2394,7.06249,-107.379,0,CameraPosition,-103.1731,1.780065,-107.4913,CameraRotation,349.5414,267.4715,357.6909,CurrentState,Hover3,Slider,1,Scenario,3
ID,26,Time,963.3879,DronePosition,-110.2394,7.06249,-107.379,0,CameraPosition,-103.1729,1.780051,-107.4913,CameraRotation,349.5478,267.5062,357.639,CurrentState,Hover3,Slider,1,Scenario,3
ID,26,Time,963.402,DronePosition,-110.2394,7.06249,-107.379,0,CameraPosition,-103.1728,1.780041,-107.4913,CameraRotation,349.5564,267.5512,357.6102,CurrentState,Hover3,Slider,1,Scenario,3
ID,26,Time,963.4157,DronePosition,-110.2394,7.06249,-107.379,0,CameraPosition,-103.1726,1.78004,-107.4913,CameraRotation,349.5674,267.5962,357.5961,CurrentState,Hover3,Slider,1,Scenario,3
ID,26,Time,963.4297,DronePosition,-110.2394,7.06249,-107.379,0,CameraPosition,-103.1725,1.780031,-107.4913,CameraRotation,349.5628,267.6383,357.5852,CurrentState,Hover3,Slider,1,Scenario,3
ID,26,Time,963.4437,DronePosition,-110.2394,7.06249,-107.379,0,CameraPosition,-103.1723,1.779996,-107.4913,CameraRotation,349.5499,267.6762,357.5835,CurrentState,Hover3,Slider,1,Scenario,3
ID,26,Time,963.4575,DronePosition,-110.2394,7.06249,-107.379,0,CameraPosition,-103.1721,1.77998,-107.4914,CameraRotation,349.5444,267.713,357.5764,CurrentState,Hover3,Slider,1,Scenario,3
ID,26,Time,963.4719,DronePosition,-110.2394,7.06249,-107.379,0,CameraPosition,-103.1719,1.779936,-107.4914,CameraRotation,349.5373,267.729,357.564,CurrentState,Hover3,Slider,1,Scenario,3
ID,26,Time,963.4855,DronePosition,-110.2394,7.06249,-107.379,0,CameraPosition,-103.1718,1.779896,-107.4915,CameraRotation,349.5406,267.723,357.5657,CurrentState,Hover3,Slider,1,Scenario,3
ID,26,Time,963.4993,DronePosition,-110.2394,7.06249,-107.379,0,CameraPosition,-103.1717,1.779872,-107.4916,CameraRotation,349.5237,267.7121,357.5726,CurrentState,Hover3,Slider,1,Scenario,3
ID,26,Time,963.5132,DronePosition,-110.2394,7.06249,-107.379,0,CameraPosition,-103.1716,1.779862,-107.4917,CameraRotation,349.4796,267.6887,357.5687,CurrentState,Hover3,Slider,1,Scenario,3
ID,26,Time,963.527,DronePosition,-110.2394,7.06249,-107.379,0,CameraPosition,-103.1715,1.779869,-107.4918,CameraRotation,349.4454,267.6616,357.5755,CurrentState,Hover3,Slider,1,Scenario,3
ID,26,Time,963.541,DronePosition,-110.2394,7.06249,-107.379,0,CameraPosition,-103.1713,1.779871,-107.4919,CameraRotation,349.4102,267.644,357.5799,CurrentState,Hover3,Slider,1,Scenario,3
ID,26,Time,963.555,DronePosition,-110.2394,7.06249,-107.379,0,CameraPosition,-103.1712,1.77984,-107.4921,CameraRotation,349.3684,267.6277,357.5963,CurrentState,Hover3,Slider,1,Scenario,3
ID,26,Time,963.5689,DronePosition,-110.2394,7.06249,-107.379,0,CameraPosition,-103.1711,1.779837,-107.4922,CameraRotation,349.3512,267.6173,357.6256,CurrentState,Hover3,Slider,1,Scenario,3
ID,26,Time,963.5828,DronePosition,-110.2394,7.06249,-107.379,0,CameraPosition,-103.171,1.779857,-107.4923,CameraRotation,349.3078,267.6085,357.6594,CurrentState,Hover3,Slider,1,Scenario,3
ID,26,Time,963.5967,DronePosition,-110.2394,7.06249,-107.379,0,CameraPosition,-103.1708,1.779888,-107.4923,CameraRotation,349.2533,267.6128,357.6798,CurrentState,Hover3,Slider,1,Scenario,3
ID,26,Time,963.6107,DronePosition,-110.2394,7.06249,-107.379,0,CameraPosition,-103.1706,1.77995,-107.4924,CameraRotation,349.1974,267.6406,357.6637,CurrentState,Hover3,Slider,1,Scenario,3
ID,26,Time,963.6246,DronePosition,-110.2394,7.06249,-107.379,0,CameraPosition,-103.1704,1.780069,-107.4924,CameraRotation,349.1469,267.6538,357.6554,CurrentState,Hover3,Slider,1,Scenario,3
ID,26,Time,963.6385,DronePosition,-110.2394,7.06249,-107.379,0,CameraPosition,-103.1701,1.780249,-107.4924,CameraRotation,349.0589,267.6722,357.6498,CurrentState,Hover3,Slider,1,Scenario,3
ID,26,Time,963.6522,DronePosition,-110.2394,7.06249,-107.379,0,CameraPosition,-103.1699,1.78051,-107.4924,CameraRotation,348.9347,267.6787,357.6619,CurrentState,Hover3,Slider,1,Scenario,3
ID,26,Time,963.6664,DronePosition,-110.2394,7.06249,-107.379,0,CameraPosition,-103.1696,1.780837,-107.4925,CameraRotation,348.7554,267.6823,357.6834,CurrentState,Hover3,Slider,1,Scenario,3
ID,26,Time,963.6806,DronePosition,-110.2394,7.06249,-107.379,0,CameraPosition,-103.1694,1.781249,-107.4926,CameraRotation,348.497,267.6901,357.707,CurrentState,Hover3,Slider,1,Scenario,3
ID,26,Time,963.6943,DronePosition,-110.2394,7.06249,-107.379,0,CameraPosition,-103.1691,1.781671,-107.4926,CameraRotation,348.2203,267.6937,357.7285,CurrentState,Hover3,Slider,1,Scenario,3
ID,26,Time,963.7081,DronePosition,-110.2394,7.06249,-107.379,0,CameraPosition,-103.1689,1.782017,-107.4927,CameraRotation,347.9652,267.7091,357.7504,CurrentState,Hover3,Slider,1,Scenario,3
ID,26,Time,963.722,DronePosition,-110.2394,7.06249,-107.379,0,CameraPosition,-103.1685,1.78231,-107.4928,CameraRotation,347.7327,267.7223,357.7542,CurrentState,Hover3,Slider,1,Scenario,3
ID,26,Time,963.7361,DronePosition,-110.2394,7.06249,-107.379,0,CameraPosition,-103.1682,1.782554,-107.4929,CameraRotation,347.5409,267.7362,357.7594,CurrentState,Hover3,Slider,1,Scenario,3
ID,26,Time,963.7501,DronePosition,-110.2394,7.06249,-107.379,0,CameraPosition,-103.1679,1.782772,-107.4929,CameraRotation,347.3762,267.7522,357.7744,CurrentState,Hover3,Slider,1,Scenario,3
ID,26,Time,963.7636,DronePosition,-110.2394,7.06249,-107.379,0,CameraPosition,-103.1675,1.782921,-107.4929,CameraRotation,347.2189,267.763,357.7868,CurrentState,Hover3,Slider,1,Scenario,3
ID,26,Time,963.7778,DronePosition,-110.2394,7.06249,-107.379,0,CameraPosition,-103.1672,1.783091,-107.493,CameraRotation,347.1008,267.7654,357.7837,CurrentState,Hover3,Slider,1,Scenario,3
ID,26,Time,963.7916,DronePosition,-110.2394,7.06249,-107.379,0,CameraPosition,-103.1669,1.783241,-107.493,CameraRotation,346.9997,267.7681,357.7797,CurrentState,Hover3,Slider,1,Scenario,3
ID,26,Time,963.8055,DronePosition,-110.2394,7.06249,-107.379,0,CameraPosition,-103.1666,1.783344,-107.493,CameraRotation,346.9211,267.7545,357.7688,CurrentState,Hover3,Slider,1,Scenario,3
ID,26,Time,963.8195,DronePosition,-110.2394,7.06249,-107.379,0,CameraPosition,-103.1663,1.783432,-107.4931,CameraRotation,346.8368,267.7343,357.7768,CurrentState,Hover3,Slider,1,Scenario,3
ID,26,Time,963.8334,DronePosition,-110.2394,7.06249,-107.379,0,CameraPosition,-103.166,1.783539,-107.4931,CameraRotation,346.7394,267.7049,357.7892,CurrentState,Hover3,Slider,1,Scenario,3
ID,26,Time,963.8474,DronePosition,-110.2394,7.06249,-107.379,0,CameraPosition,-103.1658,1.783654,-107.4932,CameraRotation,346.6149,267.6697,357.8193,CurrentState,Hover3,Slider,1,Scenario,3
ID,26,Time,963.8614,DronePosition,-110.2394,7.06249,-107.379,0,CameraPosition,-103.1656,1.783709,-107.4933,CameraRotation,346.473,267.6403,357.8454,CurrentState,Hover3,Slider,1,Scenario,3
ID,26,Time,963.8752,DronePosition,-110.2394,7.06249,-107.379,0,CameraPosition,-103.1654,1.783738,-107.4934,CameraRotation,346.3517,267.6009,357.8762,CurrentState,Hover3,Slider,1,Scenario,3
ID,26,Time,963.8893,DronePosition,-110.2394,7.06249,-107.379,0,CameraPosition,-103.1652,1.783733,-107.4935,CameraRotation,346.2567,267.5765,357.9062,CurrentState,Hover3,Slider,1,Scenario,3
ID,26,Time,963.9032,DronePosition,-110.2394,7.06249,-107.379,0,CameraPosition,-103.165,1.783656,-107.4936,CameraRotation,346.1891,267.5406,357.9269,CurrentState,Hover3,Slider,1,Scenario,3
ID,26,Time,963.9171,DronePosition,-110.2394,7.06249,-107.379,0,CameraPosition,-103.1648,1.78361,-107.4936,CameraRotation,346.1675,267.5037,357.9629,CurrentState,Hover3,Slider,1,Scenario,3
ID,26,Time,963.9309,DronePosition,-110.2394,7.06249,-107.379,0,CameraPosition,-103.1646,1.783644,-107.4937,CameraRotation,346.149,267.4611,358.0004,CurrentState,Hover3,Slider,1,Scenario,3
ID,26,Time,963.9449,DronePosition,-110.2394,7.06249,-107.379,0,CameraPosition,-103.1645,1.783732,-107.4938,CameraRotation,346.0726,267.4066,358.0117,CurrentState,Hover3,Slider,1,Scenario,3
ID,26,Time,963.9587,DronePosition,-110.2394,7.06249,-107.379,0,CameraPosition,-103.1643,1.783783,-107.4938,CameraRotation,345.9972,267.3555,358.0315,CurrentState,Hover3,Slider,1,Scenario,3
ID,26,Time,963.9727,DronePosition,-110.2394,7.06249,-107.379,0,CameraPosition,-103.1642,1.78373,-107.4939,CameraRotation,345.9777,267.3018,358.0729,CurrentState,Hover3,Slider,1,Scenario,3
ID,26,Time,963.9866,DronePosition,-110.2394,7.06249,-107.379,0,CameraPosition,-103.164,1.783657,-107.4939,CameraRotation,345.9778,267.2437,358.1113,CurrentState,Hover3,Slider,1,Scenario,3
ID,26,Time,964.0006,DronePosition,-110.2394,7.06249,-107.379,0,CameraPosition,-103.1639,1.783606,-107.494,CameraRotation,345.9509,267.185,358.1404,CurrentState,Hover3,Slider,1,Scenario,3
ID,26,Time,964.0143,DronePosition,-110.2394,7.06249,-107.379,0,CameraPosition,-103.1637,1.783547,-107.4939,CameraRotation,345.8802,267.1473,358.1552,CurrentState,Hover3,Slider,1,Scenario,3
ID,26,Time,964.0284,DronePosition,-110.2394,7.06249,-107.379,0,CameraPosition,-103.1636,1.783482,-107.4939,CameraRotation,345.8322,267.1232,358.139,CurrentState,Hover3,Slider,1,Scenario,3
ID,26,Time,964.0422,DronePosition,-110.2394,7.06249,-107.379,0,CameraPosition,-103.1635,1.783401,-107.4939,CameraRotation,345.8369,267.1025,358.1109,CurrentState,Hover3,Slider,1,Scenario,3
ID,26,Time,964.0563,DronePosition,-110.2394,7.06249,-107.379,0,CameraPosition,-103.1634,1.783359,-107.4938,CameraRotation,345.8432,267.0944,358.0965,CurrentState,Hover3,Slider,1,Scenario,3
ID,26,Time,964.0701,DronePosition,-110.2394,7.06249,-107.379,0,CameraPosition,-103.1633,1.783366,-107.4938,CameraRotation,345.7953,267.0755,358.0945,CurrentState,Hover3,Slider,1,Scenario,3
ID,26,Time,964.0841,DronePosition,-110.2394,7.06249,-107.379,0,CameraPosition,-103.1632,1.78337,-107.4937,CameraRotation,345.7306,267.0641,358.0983,CurrentState,Hover3,Slider,1,Scenario,3
ID,26,Time,964.0981,DronePosition,-110.2394,7.06249,-107.379,0,CameraPosition,-103.1631,1.783332,-107.4936,CameraRotation,345.6836,267.0451,358.1134,CurrentState,Hover3,Slider,1,Scenario,3
ID,26,Time,964.1119,DronePosition,-110.2394,7.06249,-107.379,0,CameraPosition,-103.163,1.783256,-107.4936,CameraRotation,345.6571,267.0342,358.119,CurrentState,Hover3,Slider,1,Scenario,3
ID,26,Time,964.126,DronePosition,-110.2394,7.06249,-107.379,0,CameraPosition,-103.1629,1.783185,-107.4935,CameraRotation,345.6267,267.0078,358.1294,CurrentState,Hover3,Slider,1,Scenario,3
ID,26,Time,964.1398,DronePosition,-110.2394,7.06249,-107.379,0,CameraPosition,-103.1628,1.783136,-107.4935,CameraRotation,345.5872,266.9691,358.1363,CurrentState,Hover3,Slider,1,Scenario,3
ID,26,Time,964.1536,DronePosition,-110.2394,7.06249,-107.379,0,CameraPosition,-103.1627,1.783119,-107.4935,CameraRotation,345.5549,266.9213,358.1314,CurrentState,Hover3,Slider,1,Scenario,3
ID,26,Time,964.1675,DronePosition,-110.2394,7.06249,-107.379,0,CameraPosition,-103.1627,1.783085,-107.4935,CameraRotation,345.5157,266.8716,358.139,CurrentState,Hover3,Slider,1,Scenario,3
ID,26,Time,964.1813,DronePosition,-110.2394,7.06249,-107.379,0,CameraPosition,-103.1627,1.783102,-107.4935,CameraRotation,345.491,266.8173,358.1446,CurrentState,Hover3,Slider,1,Scenario,3
ID,26,Time,964.1952,DronePosition,-110.2394,7.06249,-107.379,0,CameraPosition,-103.1627,1.783138,-107.4934,CameraRotation,345.447,266.747,358.1572,CurrentState,Hover3,Slider,1,Scenario,3
ID,26,Time,964.2094,DronePosition,-110.2394,7.06249,-107.379,0,CameraPosition,-103.1628,1.783199,-107.4934,CameraRotation,345.4024,266.6622,358.1807,CurrentState,Hover3,Slider,1,Scenario,3
ID,26,Time,964.2233,DronePosition,-110.2394,7.06249,-107.379,0,CameraPosition,-103.1628,1.783263,-107.4935,CameraRotation,345.3633,266.5888,358.2135,CurrentState,Hover3,Slider,1,Scenario,3
ID,26,Time,964.2372,DronePosition,-110.2394,7.06249,-107.379,0,CameraPosition,-103.1629,1.783319,-107.4935,CameraRotation,345.3096,266.5139,358.2436,CurrentState,Hover3,Slider,1,Scenario,3
ID,26,Time,964.2512,DronePosition,-110.2394,7.06249,-107.379,0,CameraPosition,-103.1631,1.783376,-107.4935,CameraRotation,345.2485,266.4496,358.2775,CurrentState,Hover3,Slider,1,Scenario,3
ID,26,Time,964.2649,DronePosition,-110.2394,7.06249,-107.379,0,CameraPosition,-103.1632,1.78344,-107.4935,CameraRotation,345.1985,266.386,358.2965,CurrentState,Hover3,Slider,1,Scenario,3
ID,26,Time,964.2789,DronePosition,-110.2394,7.06249,-107.379,0,CameraPosition,-103.1633,1.783517,-107.4935,CameraRotation,345.1658,266.3339,358.3194,CurrentState,Hover3,Slider,1,Scenario,3
ID,26,Time,964.293,DronePosition,-110.2394,7.06249,-107.379,0,CameraPosition,-103.1635,1.783574,-107.4935,CameraRotation,345.133,266.2992,358.3278,CurrentState,Hover3,Slider,1,Scenario,3
ID,26,Time,964.3072,DronePosition,-110.2394,7.06249,-107.379,0,CameraPosition,-103.1637,1.783612,-107.4934,CameraRotation,345.1171,266.2659,358.3406,CurrentState,Hover3,Slider,1,Scenario,3
ID,26,Time,964.3209,DronePosition,-110.2394,7.06249,-107.379,0,CameraPosition,-103.164,1.78363,-107.4934,CameraRotation,345.1034,266.2411,358.3524,CurrentState,Hover3,Slider,1,Scenario,3
ID,26,Time,964.3347,DronePosition,-110.2394,7.06249,-107.379,0,CameraPosition,-103.1642,1.783618,-107.4933,CameraRotation,345.0886,266.2196,358.3706,CurrentState,Hover3,Slider,1,Scenario,3
ID,26,Time,964.3486,DronePosition,-110.2394,7.06249,-107.379,0,CameraPosition,-103.1645,1.783641,-107.4932,CameraRotation,345.068,266.222,358.3767,CurrentState,Hover3,Slider,1,Scenario,3
ID,26,Time,964.3624,DronePosition,-110.2394,7.06249,-107.379,0,CameraPosition,-103.1648,1.783689,-107.4931,CameraRotation,345.0287,266.2194,358.3837,CurrentState,Hover3,Slider,1,Scenario,3
ID,26,Time,964.3762,DronePosition,-110.2394,7.06249,-107.379,0,CameraPosition,-103.1651,1.783762,-107.493,CameraRotation,344.9757,266.2107,358.3864,CurrentState,Hover3,Slider,1,Scenario,3
ID,26,Time,964.3902,DronePosition,-110.2394,7.06249,-107.379,0,CameraPosition,-103.1654,1.783833,-107.4929,CameraRotation,344.9278,266.2138,358.3975,CurrentState,Hover3,Slider,1,Scenario,3
ID,26,Time,964.4042,DronePosition,-110.2394,7.06249,-107.379,0,CameraPosition,-103.1657,1.783902,-107.4927,CameraRotation,344.8759,266.2148,358.4069,CurrentState,Hover3,Slider,1,Scenario,3
ID,26,Time,964.4183,DronePosition,-110.2394,7.06249,-107.379,0,CameraPosition,-103.166,1.784025,-107.4926,CameraRotation,344.8179,266.2198,358.4056,CurrentState,Hover3,Slider,1,Scenario,3
ID,26,Time,964.4321,DronePosition,-110.2394,7.06249,-107.379,0,CameraPosition,-103.1664,1.784156,-107.4924,CameraRotation,344.7514,266.2216,358.414,CurrentState,Hover3,Slider,1,Scenario,3
ID,26,Time,964.4459,DronePosition,-110.2394,7.06249,-107.379,0,CameraPosition,-103.1667,1.784275,-107.4923,CameraRotation,344.694,266.2322,358.4061,CurrentState,Hover3,Slider,1,Scenario,3
ID,26,Time,964.4598,DronePosition,-110.2394,7.06249,-107.379,0,CameraPosition,-103.1671,1.784361,-107.4921,CameraRotation,344.6534,266.2493,358.3943,CurrentState,Hover3,Slider,1,Scenario,3
ID,26,Time,964.4738,DronePosition,-110.2394,7.06249,-107.379,0,CameraPosition,-103.1675,1.784417,-107.492,CameraRotation,344.6224,266.2673,358.3801,CurrentState,Hover3,Slider,1,Scenario,3
ID,26,Time,964.4876,DronePosition,-110.2394,7.06249,-107.379,0,CameraPosition,-103.1679,1.784468,-107.4919,CameraRotation,344.6149,266.2958,358.3725,CurrentState,Hover3,Slider,1,Scenario,3
ID,26,Time,964.5017,DronePosition,-110.2394,7.06249,-107.379,0,CameraPosition,-103.1683,1.784528,-107.4918,CameraRotation,344.6106,266.3179,358.3725,CurrentState,Hover3,Slider,1,Scenario,3
ID,26,Time,964.5157,DronePosition,-110.2394,7.06249,-107.379,0,CameraPosition,-103.1688,1.784607,-107.4917,CameraRotation,344.5897,266.3423,358.3743,CurrentState,Hover3,Slider,1,Scenario,3
ID,26,Time,964.5295,DronePosition,-110.2394,7.06249,-107.379,0,CameraPosition,-103.1693,1.784682,-107.4916,CameraRotation,344.5596,266.3619,358.3758,CurrentState,Hover3,Slider,1,Scenario,3
ID,26,Time,964.5433,DronePosition,-110.2394,7.06249,-107.379,0,CameraPosition,-103.1697,1.784736,-107.4914,CameraRotation,344.5326,266.3791,358.3856,CurrentState,Hover3,Slider,1,Scenario,3
ID,26,Time,964.5573,DronePosition,-110.2394,7.06249,-107.379,0,CameraPosition,-103.1702,1.784776,-107.4913,CameraRotation,344.5192,266.3954,358.3882,CurrentState,Hover3,Slider,1,Scenario,3
ID,26,Time,964.5712,DronePosition,-110.2394,7.06249,-107.379,0,CameraPosition,-103.1707,1.784803,-107.4913,CameraRotation,344.508,266.4045,358.3927,CurrentState,Hover3,Slider,1,Scenario,3
ID,26,Time,964.5853,DronePosition,-110.2394,7.06249,-107.379,0,CameraPosition,-103.1712,1.784817,-107.4912,CameraRotation,344.4965,266.3974,358.419,CurrentState,Hover3,Slider,1,Scenario,3
ID,26,Time,964.599,DronePosition,-110.2394,7.06249,-107.379,0,CameraPosition,-103.1717,1.784863,-107.4911,CameraRotation,344.4849,266.3965,358.4297,CurrentState,Hover3,Slider,1,Scenario,3
ID,26,Time,964.613,DronePosition,-110.2394,7.06249,-107.379,0,CameraPosition,-103.1722,1.784933,-107.4911,CameraRotation,344.4644,266.3857,358.4534,CurrentState,Hover3,Slider,1,Scenario,3
ID,26,Time,964.6273,DronePosition,-110.2394,7.06249,-107.379,0,CameraPosition,-103.1727,1.785011,-107.491,CameraRotation,344.4355,266.3696,358.4801,CurrentState,Hover3,Slider,1,Scenario,3
ID,26,Time,964.641,DronePosition,-110.2394,7.06249,-107.379,0,CameraPosition,-103.1733,1.785094,-107.491,CameraRotation,344.4246,266.3273,358.5134,CurrentState,Hover3,Slider,1,Scenario,3
ID,26,Time,964.6548,DronePosition,-110.2394,7.06249,-107.379,0,CameraPosition,-103.1739,1.785162,-107.4909,CameraRotation,344.4349,266.2933,358.5393,CurrentState,Hover3,Slider,1,Scenario,3
ID,26,Time,964.6687,DronePosition,-110.2394,7.06249,-107.379,0,CameraPosition,-103.1745,1.785232,-107.4909,CameraRotation,344.4434,266.2545,358.5527,CurrentState,Hover3,Slider,1,Scenario,3
ID,26,Time,964.6826,DronePosition,-110.2394,7.06249,-107.379,0,CameraPosition,-103.1751,1.785311,-107.4908,CameraRotation,344.4365,266.2257,358.5531,CurrentState,Hover3,Slider,1,Scenario,3
ID,26,Time,964.6965,DronePosition,-110.2394,7.06249,-107.379,0,CameraPosition,-103.1757,1.785405,-107.4907,CameraRotation,344.4221,266.2021,358.5443,CurrentState,Hover3,Slider,1,Scenario,3
ID,26,Time,964.7105,DronePosition,-110.2394,7.06249,-107.379,0,CameraPosition,-103.1764,1.785486,-107.4907,CameraRotation,344.4095,266.1898,358.5577,CurrentState,Hover3,Slider,1,Scenario,3
ID,26,Time,964.7249,DronePosition,-110.2394,7.06249,-107.379,0,CameraPosition,-103.177,1.785547,-107.4906,CameraRotation,344.3996,266.1789,358.5794,CurrentState,Hover3,Slider,1,Scenario,3
ID,26,Time,964.7383,DronePosition,-110.2394,7.06249,-107.379,0,CameraPosition,-103.1777,1.78558,-107.4905,CameraRotation,344.3993,266.1636,358.6133,CurrentState,Hover3,Slider,1,Scenario,3
ID,26,Time,964.7525,DronePosition,-110.2394,7.06249,-107.379,0,CameraPosition,-103.1784,1.78557,-107.4905,CameraRotation,344.4167,266.1599,358.6417,CurrentState,Hover3,Slider,1,Scenario,3
ID,26,Time,964.7661,DronePosition,-110.2394,7.06249,-107.379,0,CameraPosition,-103.1791,1.785518,-107.4904,CameraRotation,344.4442,266.1501,358.6505,CurrentState,Hover3,Slider,1,Scenario,3
ID,26,Time,964.7803,DronePosition,-110.2394,7.06249,-107.379,0,CameraPosition,-103.1798,1.785403,-107.4903,CameraRotation,344.5,266.1519,358.6392,CurrentState,Hover3,Slider,1,Scenario,3
ID,26,Time,964.7941,DronePosition,-110.2394,7.06249,-107.379,0,CameraPosition,-103.1805,1.785283,-107.4902,CameraRotation,344.5634,266.1416,358.6225,CurrentState,Hover3,Slider,1,Scenario,3
ID,26,Time,964.8079,DronePosition,-110.2394,7.06249,-107.379,0,CameraPosition,-103.1812,1.785186,-107.4901,CameraRotation,344.6385,266.1232,358.6111,CurrentState,Hover3,Slider,1,Scenario,3
ID,26,Time,964.8219,DronePosition,-110.2394,7.06249,-107.379,0,CameraPosition,-103.1819,1.78511,-107.49,CameraRotation,344.7182,266.0924,358.592,CurrentState,Hover3,Slider,1,Scenario,3
ID,26,Time,964.8364,DronePosition,-110.2394,7.06249,-107.379,0,CameraPosition,-103.1826,1.785048,-107.4899,CameraRotation,344.807,266.0687,358.5726,CurrentState,Hover3,Slider,1,Scenario,3
ID,26,Time,964.8506,DronePosition,-110.2394,7.06249,-107.379,0,CameraPosition,-103.1833,1.784969,-107.4898,CameraRotation,344.895,266.0432,358.5559,CurrentState,Hover3,Slider,1,Scenario,3
ID,26,Time,964.8638,DronePosition,-110.2394,7.06249,-107.379,0,CameraPosition,-103.1839,1.784862,-107.4898,CameraRotation,345.004,266.0218,358.5355,CurrentState,Hover3,Slider,1,Scenario,3
ID,26,Time,964.8775,DronePosition,-110.2394,7.06249,-107.379,0,CameraPosition,-103.1845,1.78471,-107.4897,CameraRotation,345.1469,265.9997,358.5536,CurrentState,Hover3,Slider,1,Scenario,3
ID,26,Time,964.8915,DronePosition,-110.2394,7.06249,-107.379,0,CameraPosition,-103.1851,1.784582,-107.4896,CameraRotation,345.2894,265.9744,358.5761,CurrentState,Hover3,Slider,1,Scenario,3
ID,26,Time,964.9055,DronePosition,-110.2394,7.06249,-107.379,0,CameraPosition,-103.1857,1.78447,-107.4895,CameraRotation,345.3956,265.9458,358.5799,CurrentState,Hover3,Slider,1,Scenario,3
ID,26,Time,964.9193,DronePosition,-110.2394,7.06249,-107.379,0,CameraPosition,-103.1862,1.784397,-107.4894,CameraRotation,345.4814,265.913,358.5627,CurrentState,Hover3,Slider,1,Scenario,3
ID,26,Time,964.9337,DronePosition,-110.2394,7.06249,-107.379,0,CameraPosition,-103.1868,1.784333,-107.4893,CameraRotation,345.5521,265.8767,358.5623,CurrentState,Hover3,Slider,1,Scenario,3
ID,26,Time,964.9471,DronePosition,-110.2394,7.06249,-107.379,0,CameraPosition,-103.1873,1.784304,-107.4892,CameraRotation,345.6242,265.8268,358.555,CurrentState,Hover3,Slider,1,Scenario,3
ID,26,Time,964.9611,DronePosition,-110.2394,7.06249,-107.379,0,CameraPosition,-103.1877,1.784293,-107.4891,CameraRotation,345.6737,265.7661,358.5537,CurrentState,Hover3,Slider,1,Scenario,3
ID,26,Time,964.975,DronePosition,-110.2394,7.06249,-107.379,0,CameraPosition,-103.1881,1.784304,-107.489,CameraRotation,345.7102,265.7119,358.5536,CurrentState,Hover3,Slider,1,Scenario,3
ID,26,Time,964.989,DronePosition,-110.2394,7.06249,-107.379,0,CameraPosition,-103.1885,1.784334,-107.4889,CameraRotation,345.728,265.6686,358.544,CurrentState,Hover3,Slider,1,Scenario,3
ID,26,Time,965.0029,DronePosition,-110.2394,7.06249,-107.379,0,CameraPosition,-103.1889,1.784356,-107.4888,CameraRotation,345.7373,265.6367,358.5404,CurrentState,Hover3,Slider,1,Scenario,3
ID,26,Time,965.0169,DronePosition,-110.2394,7.06249,-107.379,0,CameraPosition,-103.1892,1.784379,-107.4887,CameraRotation,345.7355,265.6114,358.5349,CurrentState,Hover3,Slider,1,Scenario,3
ID,26,Time,965.0307,DronePosition,-110.2394,7.06249,-107.379,0,CameraPosition,-103.1896,1.784381,-107.4886,CameraRotation,345.7344,265.5974,358.5353,CurrentState,Hover3,Slider,1,Scenario,3
ID,26,Time,965.0444,DronePosition,-110.2394,7.06249,-107.379,0,CameraPosition,-103.1899,1.784367,-107.4884,CameraRotation,345.7529,265.5883,358.5372,CurrentState,Hover3,Slider,1,Scenario,3
ID,26,Time,965.0585,DronePosition,-110.2394,7.06249,-107.379,0,CameraPosition,-103.1902,1.784309,-107.4883,CameraRotation,345.767,265.5781,358.5343,CurrentState,Hover3,Slider,1,Scenario,3
ID,26,Time,965.0724,DronePosition,-110.2394,7.06249,-107.379,0,CameraPosition,-103.1904,1.784256,-107.4882,CameraRotation,345.7828,265.567,358.5247,CurrentState,Hover3,Slider,1,Scenario,3
ID,26,Time,965.0864,DronePosition,-110.2394,7.06249,-107.379,0,CameraPosition,-103.1907,1.784216,-107.4881,CameraRotation,345.7825,265.5515,358.5045,CurrentState,Return,Slider,1,Scenario,3
ID,26,Time,965.1004,DronePosition,-110.2394,7.06249,-107.379,0,CameraPosition,-103.1909,1.784206,-107.4879,CameraRotation,345.7834,265.5341,358.4826,CurrentState,Return,Slider,1,Scenario,3
ID,26,Time,965.1143,DronePosition,-110.2394,7.06249,-107.379,0,CameraPosition,-103.1912,1.784194,-107.4878,CameraRotation,345.7778,265.5266,358.4619,CurrentState,Return,Slider,1,Scenario,3
ID,26,Time,965.1283,DronePosition,-110.2394,7.06249,-107.379,0,CameraPosition,-103.1914,1.784184,-107.4876,CameraRotation,345.7823,265.5098,358.4445,CurrentState,Return,Slider,1,Scenario,3
ID,26,Time,965.1423,DronePosition,-110.2394,7.06249,-107.379,0,CameraPosition,-103.1916,1.784171,-107.4875,CameraRotation,345.8,265.5042,358.4269,CurrentState,Return,Slider,1,Scenario,3
ID,26,Time,965.1562,DronePosition,-110.2394,7.06249,-107.379,0,CameraPosition,-103.1918,1.784143,-107.4874,CameraRotation,345.834,265.4978,358.4169,CurrentState,Return,Slider,1,Scenario,3
ID,26,Time,965.1699,DronePosition,-110.2394,7.06249,-107.379,0,CameraPosition,-103.192,1.784118,-107.4872,CameraRotation,345.8677,265.4929,358.3984,CurrentState,Return,Slider,1,Scenario,3
ID,26,Time,965.1837,DronePosition,-110.2394,7.06249,-107.379,0,CameraPosition,-103.1921,1.784094,-107.4871,CameraRotation,345.8907,265.5015,358.3904,CurrentState,Return,Slider,1,Scenario,3
ID,26,Time,965.1977,DronePosition,-110.2394,7.06249,-107.379,0,CameraPosition,-103.1922,1.784099,-107.487,CameraRotation,345.9048,265.5056,358.3815,CurrentState,Return,Slider,1,Scenario,3
ID,26,Time,965.2117,DronePosition,-110.2394,7.06249,-107.379,0,CameraPosition,-103.1923,1.78409,-107.4869,CameraRotation,345.9084,265.505,358.3726,CurrentState,Return,Slider,1,Scenario,3
ID,26,Time,965.2255,DronePosition,-110.2394,7.06249,-107.379,0,CameraPosition,-103.1924,1.784059,-107.4868,CameraRotation,345.9022,265.509,358.3665,CurrentState,Return,Slider,1,Scenario,3
ID,26,Time,965.2399,DronePosition,-110.2394,7.06249,-107.379,0,CameraPosition,-103.1924,1.784021,-107.4867,CameraRotation,345.9077,265.511,358.3662,CurrentState,Return,Slider,1,Scenario,3
ID,26,Time,965.2542,DronePosition,-110.2394,7.06249,-107.379,0,CameraPosition,-103.1925,1.784006,-107.4866,CameraRotation,345.9209,265.5115,358.3683,CurrentState,Return,Slider,1,Scenario,3
ID,26,Time,965.2674,DronePosition,-110.2394,7.06249,-107.379,0,CameraPosition,-103.1925,1.784007,-107.4865,CameraRotation,345.9311,265.5153,358.3625,CurrentState,Return,Slider,1,Scenario,3
ID,26,Time,965.2811,DronePosition,-110.2394,7.06249,-107.379,0,CameraPosition,-103.1926,1.783999,-107.4864,CameraRotation,345.9262,265.5198,358.36,CurrentState,Return,Slider,1,Scenario,3
ID,26,Time,965.2951,DronePosition,-110.2394,7.06249,-107.379,0,CameraPosition,-103.1926,1.784,-107.4863,CameraRotation,345.9266,265.5208,358.3583,CurrentState,Return,Slider,1,Scenario,3
ID,26,Time,965.3092,DronePosition,-110.2394,7.06249,-107.379,0,CameraPosition,-103.1926,1.784,-107.4863,CameraRotation,345.914,265.5191,358.3654,CurrentState,Return,Slider,1,Scenario,3
ID,26,Time,965.3232,DronePosition,-110.2394,7.06249,-107.379,0,CameraPosition,-103.1926,1.783995,-107.4862,CameraRotation,345.8904,265.506,358.3742,CurrentState,Return,Slider,1,Scenario,3
ID,26,Time,965.3372,DronePosition,-110.2394,7.06249,-107.379,0,CameraPosition,-103.1926,1.783993,-107.4861,CameraRotation,345.875,265.4965,358.3806,CurrentState,Return,Slider,1,Scenario,3
ID,26,Time,965.3513,DronePosition,-110.2394,7.06249,-107.379,0,CameraPosition,-103.1926,1.784005,-107.4861,CameraRotation,345.851,265.4816,358.3778,CurrentState,Return,Slider,1,Scenario,3
ID,26,Time,965.3647,DronePosition,-110.2394,7.06249,-107.379,0,CameraPosition,-103.1926,1.784033,-107.486,CameraRotation,345.8252,265.4758,358.3505,CurrentState,Return,Slider,1,Scenario,3
ID,26,Time,965.3788,DronePosition,-110.2394,7.06249,-107.379,0,CameraPosition,-103.1926,1.78403,-107.4859,CameraRotation,345.8057,265.4798,358.32,CurrentState,Return,Slider,1,Scenario,3
ID,26,Time,965.3925,DronePosition,-110.2394,7.06249,-107.379,0,CameraPosition,-103.1925,1.784022,-107.4859,CameraRotation,345.7885,265.4904,358.2973,CurrentState,Return,Slider,1,Scenario,3
ID,26,Time,965.4065,DronePosition,-110.2394,7.06249,-107.379,0,CameraPosition,-103.1925,1.784032,-107.4858,CameraRotation,345.7795,265.5049,358.301,CurrentState,Return,Slider,1,Scenario,3
ID,26,Time,965.4207,DronePosition,-110.2394,7.06249,-107.379,0,CameraPosition,-103.1925,1.78404,-107.4857,CameraRotation,345.7792,265.5293,358.3109,CurrentState,Return,Slider,1,Scenario,3
ID,26,Time,965.4344,DronePosition,-110.2394,7.06249,-107.379,0,CameraPosition,-103.1925,1.784032,-107.4857,CameraRotation,345.7938,265.559,358.3153,CurrentState,Return,Slider,1,Scenario,3
ID,26,Time,965.4483,DronePosition,-110.2394,7.06249,-107.379,0,CameraPosition,-103.1925,1.783985,-107.4856,CameraRotation,345.8041,265.5796,358.3142,CurrentState,Return,Slider,1,Scenario,3
ID,26,Time,965.4622,DronePosition,-110.2394,7.06249,-107.379,0,CameraPosition,-103.1925,1.783943,-107.4855,CameraRotation,345.8398,265.6027,358.2988,CurrentState,Return,Slider,1,Scenario,3
ID,26,Time,965.4763,DronePosition,-110.2394,7.06249,-107.379,0,CameraPosition,-103.1925,1.78389,-107.4855,CameraRotation,345.8797,265.6264,358.2705,CurrentState,Return,Slider,1,Scenario,3
ID,26,Time,965.4901,DronePosition,-110.2394,7.06249,-107.379,0,CameraPosition,-103.1924,1.783827,-107.4855,CameraRotation,345.9187,265.6149,358.2532,CurrentState,Return,Slider,1,Scenario,3
ID,26,Time,965.5038,DronePosition,-110.2394,7.06249,-107.379,0,CameraPosition,-103.1924,1.783795,-107.4854,CameraRotation,345.9431,265.6228,358.2274,CurrentState,Return,Slider,1,Scenario,3
ID,26,Time,965.5182,DronePosition,-110.2394,7.06249,-107.379,0,CameraPosition,-103.1923,1.783778,-107.4854,CameraRotation,345.9615,265.6227,358.2039,CurrentState,Return,Slider,1,Scenario,3
ID,26,Time,965.5319,DronePosition,-110.2394,7.06249,-107.379,0,CameraPosition,-103.1922,1.78376,-107.4853,CameraRotation,345.9726,265.6273,358.1867,CurrentState,Return,Slider,1,Scenario,3
ID,26,Time,965.5457,DronePosition,-110.2394,7.06249,-107.379,0,CameraPosition,-103.1921,1.783741,-107.4853,CameraRotation,345.9811,265.6531,358.1644,CurrentState,Return,Slider,1,Scenario,3
ID,26,Time,965.5601,DronePosition,-110.2394,7.06249,-107.379,0,CameraPosition,-103.192,1.783725,-107.4853,CameraRotation,345.986,265.672,358.1655,CurrentState,Return,Slider,1,Scenario,3
ID,26,Time,965.5737,DronePosition,-110.2394,7.06249,-107.379,0,CameraPosition,-103.1919,1.783749,-107.4853,CameraRotation,345.9771,265.6969,358.1672,CurrentState,Return,Slider,1,Scenario,3
ID,26,Time,965.5876,DronePosition,-110.2394,7.06249,-107.379,0,CameraPosition,-103.1918,1.783765,-107.4853,CameraRotation,345.9501,265.7242,358.1682,CurrentState,Return,Slider,1,Scenario,3
ID,26,Time,965.6015,DronePosition,-110.2394,7.06249,-107.379,0,CameraPosition,-103.1917,1.783771,-107.4853,CameraRotation,345.9429,265.7423,358.1535,CurrentState,Return,Slider,1,Scenario,3
ID,26,Time,965.6154,DronePosition,-110.2394,7.06249,-107.379,0,CameraPosition,-103.1915,1.783782,-107.4853,CameraRotation,345.9339,265.7542,358.1375,CurrentState,Return,Slider,1,Scenario,3
ID,26,Time,965.6295,DronePosition,-110.2394,7.06249,-107.379,0,CameraPosition,-103.1914,1.783818,-107.4853,CameraRotation,345.9122,265.7688,358.1306,CurrentState,Return,Slider,1,Scenario,3
ID,26,Time,965.6431,DronePosition,-110.2394,7.06249,-107.379,0,CameraPosition,-103.1913,1.783849,-107.4853,CameraRotation,345.8815,265.7583,358.135,CurrentState,Return,Slider,1,Scenario,3
ID,26,Time,965.657,DronePosition,-110.2394,7.06249,-107.379,0,CameraPosition,-103.1911,1.783879,-107.4854,CameraRotation,345.8606,265.7469,358.1441,CurrentState,Return,Slider,1,Scenario,3
ID,26,Time,965.6711,DronePosition,-110.2394,7.06249,-107.379,0,CameraPosition,-103.191,1.783894,-107.4854,CameraRotation,345.841,265.7336,358.1628,CurrentState,Return,Slider,1,Scenario,3
ID,26,Time,965.6851,DronePosition,-110.2394,7.06249,-107.379,0,CameraPosition,-103.1908,1.783915,-107.4855,CameraRotation,345.8238,265.7236,358.1778,CurrentState,Return,Slider,1,Scenario,3
ID,26,Time,965.6989,DronePosition,-110.2394,7.06249,-107.379,0,CameraPosition,-103.1907,1.783926,-107.4856,CameraRotation,345.8035,265.7142,358.1996,CurrentState,Return,Slider,1,Scenario,3
ID,26,Time,965.7129,DronePosition,-110.2394,7.06249,-107.379,0,CameraPosition,-103.1905,1.783946,-107.4857,CameraRotation,345.7822,265.7075,358.2279,CurrentState,Return,Slider,1,Scenario,3
ID,26,Time,965.7268,DronePosition,-110.2394,7.06249,-107.379,0,CameraPosition,-103.1904,1.783964,-107.4857,CameraRotation,345.7604,265.7024,358.2528,CurrentState,Return,Slider,1,Scenario,3
ID,26,Time,965.7408,DronePosition,-110.2394,7.06249,-107.379,0,CameraPosition,-103.1903,1.78399,-107.4858,CameraRotation,345.7387,265.6974,358.258,CurrentState,Return,Slider,1,Scenario,3
ID,26,Time,965.7545,DronePosition,-110.2394,7.06249,-107.379,0,CameraPosition,-103.1902,1.784019,-107.4859,CameraRotation,345.7333,265.6808,358.2643,CurrentState,Return,Slider,1,Scenario,3
ID,26,Time,965.7688,DronePosition,-110.2394,7.06249,-107.379,0,CameraPosition,-103.1901,1.784003,-107.486,CameraRotation,345.7343,265.6694,358.2848,CurrentState,Return,Slider,1,Scenario,3
ID,26,Time,965.7826,DronePosition,-110.2394,7.06249,-107.379,0,CameraPosition,-103.19,1.783983,-107.486,CameraRotation,345.7468,265.6604,358.295,CurrentState,Return,Slider,1,Scenario,3
ID,26,Time,965.7964,DronePosition,-110.2394,7.06249,-107.379,0,CameraPosition,-103.1899,1.783955,-107.486,CameraRotation,345.7657,265.6626,358.2949,CurrentState,Return,Slider,1,Scenario,3
ID,26,Time,965.8104,DronePosition,-110.2394,7.06249,-107.379,0,CameraPosition,-103.1898,1.783936,-107.4861,CameraRotation,345.7875,265.6783,358.2967,CurrentState,Return,Slider,1,Scenario,3
ID,26,Time,965.8243,DronePosition,-110.2394,7.06249,-107.379,0,CameraPosition,-103.1898,1.783912,-107.4861,CameraRotation,345.8069,265.6924,358.3045,CurrentState,Return,Slider,1,Scenario,3
ID,26,Time,965.8381,DronePosition,-110.2394,7.06249,-107.379,0,CameraPosition,-103.1897,1.783891,-107.4861,CameraRotation,345.8267,265.7139,358.3076,CurrentState,Return,Slider,1,Scenario,3
ID,26,Time,965.853,DronePosition,-110.2394,7.06249,-107.379,0,CameraPosition,-103.1896,1.783867,-107.4862,CameraRotation,345.8569,265.7469,358.3234,CurrentState,Return,Slider,1,Scenario,3
ID,26,Time,965.8668,DronePosition,-110.2394,7.06249,-107.379,0,CameraPosition,-103.1895,1.783846,-107.4862,CameraRotation,345.8765,265.7671,358.3383,CurrentState,Return,Slider,1,Scenario,3
ID,26,Time,965.8799,DronePosition,-110.2394,7.06249,-107.379,0,CameraPosition,-103.1895,1.783836,-107.4862,CameraRotation,345.8961,265.7929,358.3495,CurrentState,Return,Slider,1,Scenario,3
ID,26,Time,965.8939,DronePosition,-110.2394,7.06249,-107.379,0,CameraPosition,-103.1894,1.783805,-107.4862,CameraRotation,345.9104,265.803,358.3508,CurrentState,Return,Slider,1,Scenario,3
ID,26,Time,965.9078,DronePosition,-110.2394,7.06249,-107.379,0,CameraPosition,-103.1893,1.783791,-107.4862,CameraRotation,345.9214,265.8153,358.3385,CurrentState,Return,Slider,1,Scenario,3
ID,26,Time,965.9219,DronePosition,-110.2394,7.06249,-107.379,0,CameraPosition,-103.1893,1.783787,-107.4862,CameraRotation,345.9291,265.8188,358.3311,CurrentState,Return,Slider,1,Scenario,3
ID,26,Time,965.9357,DronePosition,-110.2394,7.06249,-107.379,0,CameraPosition,-103.1892,1.783754,-107.4861,CameraRotation,345.9385,265.8315,358.3242,CurrentState,Return,Slider,1,Scenario,3
ID,26,Time,965.9496,DronePosition,-110.2394,7.06249,-107.379,0,CameraPosition,-103.1892,1.783691,-107.4861,CameraRotation,345.9589,265.8552,358.2996,CurrentState,Return,Slider,1,Scenario,3
ID,26,Time,965.9634,DronePosition,-110.2394,7.06249,-107.379,0,CameraPosition,-103.1892,1.783638,-107.486,CameraRotation,345.9777,265.8994,358.2713,CurrentState,Return,Slider,1,Scenario,3
ID,26,Time,965.978,DronePosition,-110.2394,7.06249,-107.379,0,CameraPosition,-103.1891,1.783599,-107.486,CameraRotation,346.0019,265.9395,358.2588,CurrentState,Return,Slider,1,Scenario,3
ID,26,Time,965.9915,DronePosition,-110.2394,7.06249,-107.379,0,CameraPosition,-103.189,1.78356,-107.4859,CameraRotation,346.0235,265.9828,358.2612,CurrentState,Return,Slider,1,Scenario,3
ID,26,Time,966.0052,DronePosition,-110.2394,7.06249,-107.379,0,CameraPosition,-103.189,1.783517,-107.4859,CameraRotation,346.0386,266.0311,358.2558,CurrentState,Return,Slider,1,Scenario,3
ID,26,Time,966.0193,DronePosition,-110.2394,7.06249,-107.379,0,CameraPosition,-103.1889,1.783487,-107.4858,CameraRotation,346.059,266.0687,358.248,CurrentState,Return,Slider,1,Scenario,3
ID,26,Time,966.0331,DronePosition,-110.2394,7.06249,-107.379,0,CameraPosition,-103.1889,1.783435,-107.4858,CameraRotation,346.0734,266.092,358.2545,CurrentState,Return,Slider,1,Scenario,3
ID,26,Time,966.0469,DronePosition,-110.2394,7.06249,-107.379,0,CameraPosition,-103.1889,1.783384,-107.4857,CameraRotation,346.1004,266.1022,358.2588,CurrentState,Return,Slider,1,Scenario,3
ID,26,Time,966.061,DronePosition,-110.2394,7.06249,-107.379,0,CameraPosition,-103.1888,1.783337,-107.4857,CameraRotation,346.1302,266.1,358.2593,CurrentState,Return,Slider,1,Scenario,3
ID,26,Time,966.0748,DronePosition,-110.2394,7.06249,-107.379,0,CameraPosition,-103.1888,1.783321,-107.4857,CameraRotation,346.1525,266.0917,358.2327,CurrentState,Return,Slider,1,Scenario,3
ID,26,Time,966.0889,DronePosition,-110.2394,7.06249,-107.379,0,CameraPosition,-103.1887,1.783305,-107.4857,CameraRotation,346.1594,266.1031,358.1694,CurrentState,Return,Slider,1,Scenario,3
ID,26,Time,966.1027,DronePosition,-110.2394,7.06249,-107.379,0,CameraPosition,-103.1887,1.78328,-107.4857,CameraRotation,346.1738,266.1089,358.1317,CurrentState,Return,Slider,1,Scenario,3
ID,26,Time,966.1167,DronePosition,-110.2394,7.06249,-107.379,0,CameraPosition,-103.1886,1.783278,-107.4857,CameraRotation,346.1691,266.1168,358.1166,CurrentState,Return,Slider,1,Scenario,3
ID,26,Time,966.1304,DronePosition,-110.2394,7.06249,-107.379,0,CameraPosition,-103.1885,1.783318,-107.4857,CameraRotation,346.1771,266.1186,358.1467,CurrentState,Return,Slider,1,Scenario,3
ID,26,Time,966.1447,DronePosition,-110.2394,7.06249,-107.379,0,CameraPosition,-103.1884,1.783307,-107.4857,CameraRotation,346.1801,266.1083,358.1834,CurrentState,Return,Slider,1,Scenario,3
ID,26,Time,966.1583,DronePosition,-110.2394,7.06249,-107.379,0,CameraPosition,-103.1883,1.78327,-107.4857,CameraRotation,346.2189,266.1218,358.2162,CurrentState,Return,Slider,1,Scenario,3
ID,26,Time,966.1722,DronePosition,-110.2394,7.06249,-107.379,0,CameraPosition,-103.1882,1.783238,-107.4857,CameraRotation,346.2434,266.1397,358.215,CurrentState,Return,Slider,1,Scenario,3
ID,26,Time,966.1866,DronePosition,-110.2394,7.06249,-107.379,0,CameraPosition,-103.1881,1.783245,-107.4858,CameraRotation,346.2437,266.1387,358.206,CurrentState,Return,Slider,1,Scenario,3
ID,26,Time,966.2004,DronePosition,-110.2394,7.06249,-107.379,0,CameraPosition,-103.188,1.78325,-107.4858,CameraRotation,346.231,266.1021,358.2186,CurrentState,Return,Slider,1,Scenario,3
ID,26,Time,966.2141,DronePosition,-110.2394,7.06249,-107.379,0,CameraPosition,-103.1879,1.783252,-107.4859,CameraRotation,346.228,266.0725,358.2333,CurrentState,Return,Slider,1,Scenario,3
ID,26,Time,966.228,DronePosition,-110.2394,7.06249,-107.379,0,CameraPosition,-103.1877,1.783235,-107.4859,CameraRotation,346.2329,266.0479,358.2229,CurrentState,Return,Slider,1,Scenario,3
ID,26,Time,966.242,DronePosition,-110.2394,7.06249,-107.379,0,CameraPosition,-103.1876,1.783211,-107.4858,CameraRotation,346.2535,266.0272,358.1907,CurrentState,Return,Slider,1,Scenario,3
ID,26,Time,966.2557,DronePosition,-110.2394,7.06249,-107.379,0,CameraPosition,-103.1874,1.783174,-107.4859,CameraRotation,346.277,266.0239,358.1646,CurrentState,Return,Slider,1,Scenario,3
ID,26,Time,966.2698,DronePosition,-110.2394,7.06249,-107.379,0,CameraPosition,-103.1873,1.783155,-107.4858,CameraRotation,346.2992,266.0173,358.1683,CurrentState,Return,Slider,1,Scenario,3
ID,26,Time,966.2838,DronePosition,-110.2394,7.06249,-107.379,0,CameraPosition,-103.1872,1.783159,-107.4858,CameraRotation,346.3179,266.0209,358.1805,CurrentState,Return,Slider,1,Scenario,3
ID,26,Time,966.2975,DronePosition,-110.2394,7.06249,-107.379,0,CameraPosition,-103.187,1.783159,-107.4857,CameraRotation,346.309,266.0395,358.182,CurrentState,Return,Slider,1,Scenario,3
ID,26,Time,966.3115,DronePosition,-110.2394,7.06249,-107.379,0,CameraPosition,-103.1869,1.783164,-107.4857,CameraRotation,346.3013,266.0731,358.1577,CurrentState,Return,Slider,1,Scenario,3
ID,26,Time,966.3257,DronePosition,-110.2394,7.06249,-107.379,0,CameraPosition,-103.1867,1.78316,-107.4856,CameraRotation,346.3028,266.1033,358.1293,CurrentState,Return,Slider,1,Scenario,3
ID,26,Time,966.3394,DronePosition,-110.2394,7.06249,-107.379,0,CameraPosition,-103.1865,1.783196,-107.4856,CameraRotation,346.3065,266.1265,358.1113,CurrentState,Return,Slider,1,Scenario,3
ID,26,Time,966.3533,DronePosition,-110.2394,7.06249,-107.379,0,CameraPosition,-103.1863,1.783218,-107.4855,CameraRotation,346.3067,266.1374,358.0959,CurrentState,Return,Slider,1,Scenario,3
ID,26,Time,966.3673,DronePosition,-110.2394,7.06249,-107.379,0,CameraPosition,-103.1861,1.783216,-107.4855,CameraRotation,346.3142,266.1328,358.0974,CurrentState,Return,Slider,1,Scenario,3
ID,26,Time,966.3812,DronePosition,-110.2394,7.06249,-107.379,0,CameraPosition,-103.1859,1.783208,-107.4855,CameraRotation,346.3297,266.1342,358.0999,CurrentState,Return,Slider,1,Scenario,3
ID,26,Time,966.3953,DronePosition,-110.2394,7.06249,-107.379,0,CameraPosition,-103.1857,1.783212,-107.4855,CameraRotation,346.3366,266.1268,358.0891,CurrentState,Return,Slider,1,Scenario,3
ID,26,Time,966.4089,DronePosition,-110.2394,7.06249,-107.379,0,CameraPosition,-103.1855,1.783246,-107.4855,CameraRotation,346.3327,266.1283,358.0774,CurrentState,Return,Slider,1,Scenario,3
ID,26,Time,966.4229,DronePosition,-110.2394,7.06249,-107.379,0,CameraPosition,-103.1853,1.783276,-107.4855,CameraRotation,346.2934,266.1221,358.0808,CurrentState,Return,Slider,1,Scenario,3
ID,26,Time,966.4368,DronePosition,-110.2394,7.06249,-107.379,0,CameraPosition,-103.185,1.783316,-107.4856,CameraRotation,346.2662,266.1161,358.0791,CurrentState,Return,Slider,1,Scenario,3
ID,26,Time,966.4508,DronePosition,-110.2394,7.06249,-107.379,0,CameraPosition,-103.1848,1.783344,-107.4856,CameraRotation,346.2468,266.101,358.0818,CurrentState,Return,Slider,1,Scenario,3
ID,26,Time,966.4646,DronePosition,-110.2394,7.06249,-107.379,0,CameraPosition,-103.1846,1.78337,-107.4857,CameraRotation,346.2269,266.0893,358.0878,CurrentState,Return,Slider,1,Scenario,3
ID,26,Time,966.4785,DronePosition,-110.2394,7.06249,-107.379,0,CameraPosition,-103.1843,1.783411,-107.4857,CameraRotation,346.208,266.0682,358.0863,CurrentState,Return,Slider,1,Scenario,3
ID,26,Time,966.4926,DronePosition,-110.2394,7.06249,-107.379,0,CameraPosition,-103.1841,1.783465,-107.4858,CameraRotation,346.1706,266.0449,358.0997,CurrentState,Return,Slider,1,Scenario,3
ID,26,Time,966.5063,DronePosition,-110.2394,7.06249,-107.379,0,CameraPosition,-103.1839,1.783525,-107.4858,CameraRotation,346.1325,266.0364,358.1075,CurrentState,Return,Slider,1,Scenario,3
ID,26,Time,966.5203,DronePosition,-110.2394,7.06249,-107.379,0,CameraPosition,-103.1837,1.783577,-107.4859,CameraRotation,346.1038,266.0368,358.1039,CurrentState,Return,Slider,1,Scenario,3
ID,26,Time,966.5343,DronePosition,-110.2394,7.06249,-107.379,0,CameraPosition,-103.1835,1.78362,-107.486,CameraRotation,346.0894,266.0313,358.1056,CurrentState,Return,Slider,1,Scenario,3
ID,26,Time,966.5482,DronePosition,-110.2394,7.06249,-107.379,0,CameraPosition,-103.1833,1.783652,-107.486,CameraRotation,346.0672,266.0379,358.1149,CurrentState,Return,Slider,1,Scenario,3
ID,26,Time,966.562,DronePosition,-110.2394,7.06249,-107.379,0,CameraPosition,-103.1831,1.783688,-107.4861,CameraRotation,346.0504,266.0405,358.1308,CurrentState,Return,Slider,1,Scenario,3
ID,26,Time,966.576,DronePosition,-110.2394,7.06249,-107.379,0,CameraPosition,-103.183,1.783696,-107.4861,CameraRotation,346.0459,266.0518,358.141,CurrentState,Return,Slider,1,Scenario,3
ID,26,Time,966.59,DronePosition,-110.2394,7.06249,-107.379,0,CameraPosition,-103.1829,1.783696,-107.4862,CameraRotation,346.0468,266.0515,358.1491,CurrentState,Return,Slider,1,Scenario,3
ID,26,Time,966.6042,DronePosition,-110.2394,7.06249,-107.379,0,CameraPosition,-103.1827,1.783704,-107.4863,CameraRotation,346.0491,266.0633,358.1539,CurrentState,Return,Slider,1,Scenario,3
ID,26,Time,966.6179,DronePosition,-110.2394,7.06249,-107.379,0,CameraPosition,-103.1826,1.783723,-107.4863,CameraRotation,346.0509,266.0695,358.1567,CurrentState,Return,Slider,1,Scenario,3
ID,26,Time,966.632,DronePosition,-110.2394,7.06249,-107.379,0,CameraPosition,-103.1824,1.783746,-107.4864,CameraRotation,346.0502,266.0655,358.1725,CurrentState,Return,Slider,1,Scenario,3
ID,26,Time,966.6458,DronePosition,-110.2394,7.06249,-107.379,0,CameraPosition,-103.1823,1.783764,-107.4865,CameraRotation,346.0401,266.0561,358.2016,CurrentState,Return,Slider,1,Scenario,3
ID,26,Time,966.6594,DronePosition,-110.2394,7.06249,-107.379,0,CameraPosition,-103.1821,1.783774,-107.4866,CameraRotation,346.0327,266.0411,358.2223,CurrentState,Return,Slider,1,Scenario,3
ID,26,Time,966.6734,DronePosition,-110.2394,7.06249,-107.379,0,CameraPosition,-103.182,1.783778,-107.4868,CameraRotation,346.0331,266.0262,358.2332,CurrentState,Return,Slider,1,Scenario,3
ID,26,Time,966.6874,DronePosition,-110.2394,7.06249,-107.379,0,CameraPosition,-103.1819,1.783785,-107.4869,CameraRotation,346.0403,266.0187,358.2627,CurrentState,Return,Slider,1,Scenario,3
ID,26,Time,966.7014,DronePosition,-110.2394,7.06249,-107.379,0,CameraPosition,-103.1817,1.783796,-107.4869,CameraRotation,346.0412,266.0082,358.2874,CurrentState,Return,Slider,1,Scenario,3
ID,26,Time,966.7155,DronePosition,-110.2394,7.06249,-107.379,0,CameraPosition,-103.1816,1.783805,-107.487,CameraRotation,346.0334,266.0119,358.3005,CurrentState,Return,Slider,1,Scenario,3
ID,26,Time,966.7291,DronePosition,-110.2394,7.06249,-107.379,0,CameraPosition,-103.1815,1.783802,-107.4871,CameraRotation,346.0414,266.0107,358.2958,CurrentState,Return,Slider,1,Scenario,3
ID,26,Time,966.7431,DronePosition,-110.2394,7.06249,-107.379,0,CameraPosition,-103.1814,1.783774,-107.4871,CameraRotation,346.0527,266.0134,358.3133,CurrentState,Return,Slider,1,Scenario,3
ID,26,Time,966.7571,DronePosition,-110.2394,7.06249,-107.379,0,CameraPosition,-103.1812,1.783743,-107.4872,CameraRotation,346.0517,266.0071,358.3455,CurrentState,Return,Slider,1,Scenario,3
ID,26,Time,966.7709,DronePosition,-110.2394,7.06249,-107.379,0,CameraPosition,-103.1811,1.783738,-107.4873,CameraRotation,346.0457,266.0002,358.3712,CurrentState,Return,Slider,1,Scenario,3
ID,26,Time,966.785,DronePosition,-110.2394,7.06249,-107.379,0,CameraPosition,-103.181,1.783751,-107.4873,CameraRotation,346.0562,265.9963,358.3941,CurrentState,Return,Slider,1,Scenario,3
ID,26,Time,966.7988,DronePosition,-110.2394,7.06249,-107.379,0,CameraPosition,-103.1808,1.78379,-107.4874,CameraRotation,346.0347,265.9999,358.3993,CurrentState,Return,Slider,1,Scenario,3
ID,26,Time,966.813,DronePosition,-110.2394,7.06249,-107.379,0,CameraPosition,-103.1807,1.783848,-107.4874,CameraRotation,345.9819,266.0086,358.3819,CurrentState,Return,Slider,1,Scenario,3
ID,26,Time,966.8265,DronePosition,-110.2394,7.06249,-107.379,0,CameraPosition,-103.1806,1.783908,-107.4874,CameraRotation,345.9355,266.0248,358.3682,CurrentState,Return,Slider,1,Scenario,3
ID,26,Time,966.8408,DronePosition,-110.2394,7.06249,-107.379,0,CameraPosition,-103.1805,1.783966,-107.4874,CameraRotation,345.9023,266.0479,358.3743,CurrentState,Return,Slider,1,Scenario,3
ID,26,Time,966.8544,DronePosition,-110.2394,7.06249,-107.379,0,CameraPosition,-103.1803,1.784002,-107.4874,CameraRotation,345.8798,266.0559,358.3961,CurrentState,Return,Slider,1,Scenario,3
ID,26,Time,966.8684,DronePosition,-110.2394,7.06249,-107.379,0,CameraPosition,-103.1802,1.784011,-107.4874,CameraRotation,345.8734,266.0677,358.4154,CurrentState,Return,Slider,1,Scenario,3
ID,26,Time,966.8824,DronePosition,-110.2394,7.06249,-107.379,0,CameraPosition,-103.1801,1.783981,-107.4874,CameraRotation,345.8785,266.0865,358.4321,CurrentState,Return,Slider,1,Scenario,3
ID,26,Time,966.8961,DronePosition,-110.2394,7.06249,-107.379,0,CameraPosition,-103.18,1.783939,-107.4874,CameraRotation,345.8832,266.1081,358.4414,CurrentState,Return,Slider,1,Scenario,3
ID,26,Time,966.91,DronePosition,-110.2394,7.06249,-107.379,0,CameraPosition,-103.1799,1.783913,-107.4874,CameraRotation,345.8804,266.1113,358.451,CurrentState,Return,Slider,1,Scenario,3
ID,26,Time,966.9241,DronePosition,-110.2394,7.06249,-107.379,0,CameraPosition,-103.1798,1.783901,-107.4874,CameraRotation,345.861,266.1058,358.454,CurrentState,Return,Slider,1,Scenario,3
ID,26,Time,966.9379,DronePosition,-110.2394,7.06249,-107.379,0,CameraPosition,-103.1797,1.7839,-107.4874,CameraRotation,345.8428,266.0879,358.4548,CurrentState,Return,Slider,1,Scenario,3
ID,26,Time,966.9519,DronePosition,-110.2394,7.06249,-107.379,0,CameraPosition,-103.1796,1.7839,-107.4874,CameraRotation,345.8446,266.0628,358.444,CurrentState,Return,Slider,1,Scenario,3
ID,26,Time,966.9658,DronePosition,-110.2394,7.06249,-107.379,0,CameraPosition,-103.1795,1.783892,-107.4874,CameraRotation,345.8712,266.0446,358.4394,CurrentState,Return,Slider,1,Scenario,3
ID,26,Time,966.9799,DronePosition,-110.2394,7.06249,-107.379,0,CameraPosition,-103.1794,1.783864,-107.4874,CameraRotation,345.8749,266.0334,358.4237,CurrentState,Return,Slider,1,Scenario,3
ID,26,Time,966.9938,DronePosition,-110.2394,7.06249,-107.379,0,CameraPosition,-103.1793,1.783838,-107.4874,CameraRotation,345.8896,266.0363,358.4215,CurrentState,Return,Slider,1,Scenario,3
ID,26,Time,967.0076,DronePosition,-110.2394,7.06249,-107.379,0,CameraPosition,-103.1792,1.783834,-107.4873,CameraRotation,345.9287,266.0481,358.4366,CurrentState,Return,Slider,1,Scenario,3
ID,26,Time,967.0219,DronePosition,-110.2394,7.06249,-107.379,0,CameraPosition,-103.1791,1.783837,-107.4872,CameraRotation,345.9338,266.0646,358.459,CurrentState,Return,Slider,1,Scenario,3
ID,26,Time,967.0355,DronePosition,-110.2394,7.06249,-107.379,0,CameraPosition,-103.179,1.78384,-107.4871,CameraRotation,345.9235,266.0901,358.4534,CurrentState,Return,Slider,1,Scenario,3
ID,26,Time,967.0495,DronePosition,-110.2394,7.06249,-107.379,0,CameraPosition,-103.1789,1.783826,-107.487,CameraRotation,345.9189,266.1096,358.4326,CurrentState,Return,Slider,1,Scenario,3
ID,26,Time,967.0632,DronePosition,-110.2394,7.06249,-107.379,0,CameraPosition,-103.1787,1.783807,-107.4869,CameraRotation,345.9292,266.1103,358.425,CurrentState,Return,Slider,1,Scenario,3
ID,26,Time,967.0771,DronePosition,-110.2394,7.06249,-107.379,0,CameraPosition,-103.1786,1.783794,-107.4868,CameraRotation,345.9308,266.1119,358.4333,CurrentState,Return,Slider,1,Scenario,3
ID,26,Time,967.0911,DronePosition,-110.2394,7.06249,-107.379,0,CameraPosition,-103.1785,1.783817,-107.4867,CameraRotation,345.9318,266.0992,358.4301,CurrentState,Return,Slider,1,Scenario,3
ID,26,Time,967.105,DronePosition,-110.2394,7.06249,-107.379,0,CameraPosition,-103.1783,1.783826,-107.4866,CameraRotation,345.9206,266.082,358.4136,CurrentState,Return,Slider,1,Scenario,3
ID,26,Time,967.1189,DronePosition,-110.2394,7.06249,-107.379,0,CameraPosition,-103.1782,1.783833,-107.4865,CameraRotation,345.9269,266.0717,358.407,CurrentState,Return,Slider,1,Scenario,3
ID,26,Time,967.1329,DronePosition,-110.2394,7.06249,-107.379,0,CameraPosition,-103.178,1.783844,-107.4863,CameraRotation,345.9213,266.0792,358.3983,CurrentState,Return,Slider,1,Scenario,3
ID,26,Time,967.1468,DronePosition,-110.2394,7.06249,-107.379,0,CameraPosition,-103.1779,1.783888,-107.4862,CameraRotation,345.9179,266.0853,358.3871,CurrentState,Return,Slider,1,Scenario,3
ID,26,Time,967.1608,DronePosition,-110.2394,7.06249,-107.379,0,CameraPosition,-103.1777,1.783927,-107.4861,CameraRotation,345.884,266.0928,358.3885,CurrentState,Return,Slider,1,Scenario,3
ID,26,Time,967.1747,DronePosition,-110.2394,7.06249,-107.379,0,CameraPosition,-103.1776,1.783969,-107.4859,CameraRotation,345.8535,266.0986,358.3852,CurrentState,Return,Slider,1,Scenario,3
ID,26,Time,967.1885,DronePosition,-110.2394,7.06249,-107.379,0,CameraPosition,-103.1774,1.784015,-107.4858,CameraRotation,345.8093,266.0956,358.3679,CurrentState,Return,Slider,1,Scenario,3
ID,26,Time,967.2025,DronePosition,-110.2394,7.06249,-107.379,0,CameraPosition,-103.1773,1.784045,-107.4856,CameraRotation,345.7672,266.1017,358.3587,CurrentState,Return,Slider,1,Scenario,3
ID,26,Time,967.2166,DronePosition,-110.2394,7.06249,-107.379,0,CameraPosition,-103.1771,1.784079,-107.4855,CameraRotation,345.7412,266.1008,358.3366,CurrentState,Return,Slider,1,Scenario,3
ID,26,Time,967.2305,DronePosition,-110.2394,7.06249,-107.379,0,CameraPosition,-103.177,1.784088,-107.4854,CameraRotation,345.7047,266.0987,358.3266,CurrentState,Return,Slider,1,Scenario,3
ID,26,Time,967.2445,DronePosition,-110.2394,7.06249,-107.379,0,CameraPosition,-103.1769,1.784107,-107.4852,CameraRotation,345.6831,266.0955,358.317,CurrentState,Return,Slider,1,Scenario,3
ID,26,Time,967.2583,DronePosition,-110.2394,7.06249,-107.379,0,CameraPosition,-103.1767,1.784113,-107.4851,CameraRotation,345.6544,266.1028,358.3005,CurrentState,Return,Slider,1,Scenario,3
ID,26,Time,967.2723,DronePosition,-110.2394,7.06249,-107.379,0,CameraPosition,-103.1766,1.784131,-107.4849,CameraRotation,345.646,266.1113,358.291,CurrentState,Return,Slider,1,Scenario,3
ID,26,Time,967.286,DronePosition,-110.2394,7.06249,-107.379,0,CameraPosition,-103.1765,1.784161,-107.4847,CameraRotation,345.6162,266.1293,358.2715,CurrentState,Return,Slider,1,Scenario,3
ID,26,Time,967.3001,DronePosition,-110.2394,7.06249,-107.379,0,CameraPosition,-103.1763,1.784239,-107.4846,CameraRotation,345.5676,266.1362,358.2435,CurrentState,Return,Slider,1,Scenario,3
ID,26,Time,967.314,DronePosition,-110.2394,7.06249,-107.379,0,CameraPosition,-103.1762,1.784318,-107.4844,CameraRotation,345.5233,266.1245,358.2349,CurrentState,Return,Slider,1,Scenario,3
ID,26,Time,967.3279,DronePosition,-110.2394,7.06249,-107.379,0,CameraPosition,-103.1761,1.784377,-107.4842,CameraRotation,345.4767,266.11,358.2411,CurrentState,Return,Slider,1,Scenario,3
ID,26,Time,967.3419,DronePosition,-110.2394,7.06249,-107.379,0,CameraPosition,-103.176,1.78443,-107.4841,CameraRotation,345.4368,266.1093,358.2239,CurrentState,Return,Slider,1,Scenario,3
ID,26,Time,967.3558,DronePosition,-110.2394,7.06249,-107.379,0,CameraPosition,-103.1759,1.784468,-107.4839,CameraRotation,345.3971,266.1269,358.1902,CurrentState,Return,Slider,1,Scenario,3
ID,26,Time,967.3697,DronePosition,-110.2394,7.06249,-107.379,0,CameraPosition,-103.1759,1.784496,-107.4837,CameraRotation,345.391,266.1407,358.1642,CurrentState,Return,Slider,1,Scenario,3
ID,26,Time,967.3835,DronePosition,-110.2394,7.06249,-107.379,0,CameraPosition,-103.1758,1.784499,-107.4835,CameraRotation,345.3681,266.1614,358.1332,CurrentState,Return,Slider,1,Scenario,3
ID,26,Time,967.3973,DronePosition,-110.2394,7.06249,-107.379,0,CameraPosition,-103.1758,1.784497,-107.4834,CameraRotation,345.3805,266.1696,358.1006,CurrentState,Return,Slider,1,Scenario,3
ID,26,Time,967.4114,DronePosition,-110.2394,7.06249,-107.379,0,CameraPosition,-103.1758,1.78448,-107.4832,CameraRotation,345.4013,266.1804,358.0983,CurrentState,Return,Slider,1,Scenario,3
ID,26,Time,967.4256,DronePosition,-110.2394,7.06249,-107.379,0,CameraPosition,-103.1757,1.784472,-107.4831,CameraRotation,345.4059,266.2041,358.0866,CurrentState,Return,Slider,1,Scenario,3
ID,26,Time,967.4395,DronePosition,-110.2394,7.06249,-107.379,0,CameraPosition,-103.1757,1.784449,-107.4829,CameraRotation,345.4114,266.2347,358.0717,CurrentState,Return,Slider,1,Scenario,3
ID,26,Time,967.4533,DronePosition,-110.2394,7.06249,-107.379,0,CameraPosition,-103.1757,1.784457,-107.4827,CameraRotation,345.4449,266.2608,358.0531,CurrentState,Return,Slider,1,Scenario,3
ID,26,Time,967.4673,DronePosition,-110.2394,7.06249,-107.379,0,CameraPosition,-103.1757,1.78447,-107.4826,CameraRotation,345.4683,266.2798,358.0396,CurrentState,Return,Slider,1,Scenario,3
ID,26,Time,967.4814,DronePosition,-110.2394,7.06249,-107.379,0,CameraPosition,-103.1756,1.784487,-107.4825,CameraRotation,345.4949,266.2876,358.0453,CurrentState,Return,Slider,1,Scenario,3
ID,26,Time,967.4949,DronePosition,-110.2394,7.06249,-107.379,0,CameraPosition,-103.1756,1.784493,-107.4823,CameraRotation,345.5247,266.2845,358.0573,CurrentState,Return,Slider,1,Scenario,3
ID,26,Time,967.5089,DronePosition,-110.2394,7.06249,-107.379,0,CameraPosition,-103.1757,1.784473,-107.4822,CameraRotation,345.5298,266.2761,358.0594,CurrentState,Return,Slider,1,Scenario,3
ID,26,Time,967.5228,DronePosition,-110.2394,7.06249,-107.379,0,CameraPosition,-103.1757,1.784425,-107.4821,CameraRotation,345.5337,266.269,358.0449,CurrentState,Return,Slider,1,Scenario,3
ID,26,Time,967.5368,DronePosition,-110.2394,7.06249,-107.379,0,CameraPosition,-103.1757,1.784318,-107.482,CameraRotation,345.5569,266.2766,357.9939,CurrentState,Return,Slider,1,Scenario,3
ID,26,Time,967.5507,DronePosition,-110.2394,7.06249,-107.379,0,CameraPosition,-103.1757,1.784229,-107.4819,CameraRotation,345.6131,266.2771,357.9496,CurrentState,Return,Slider,1,Scenario,3
ID,26,Time,967.5645,DronePosition,-110.2394,7.06249,-107.379,0,CameraPosition,-103.1757,1.784171,-107.4818,CameraRotation,345.6601,266.2907,357.9315,CurrentState,Return,Slider,1,Scenario,3
ID,26,Time,967.5784,DronePosition,-110.2394,7.06249,-107.379,0,CameraPosition,-103.1757,1.784139,-107.4817,CameraRotation,345.6819,266.3109,357.9271,CurrentState,Return,Slider,1,Scenario,3
ID,26,Time,967.5922,DronePosition,-110.2394,7.06249,-107.379,0,CameraPosition,-103.1757,1.784106,-107.4815,CameraRotation,345.7132,266.3209,357.931,CurrentState,Return,Slider,1,Scenario,3
ID,26,Time,967.6062,DronePosition,-110.2394,7.06249,-107.379,0,CameraPosition,-103.1757,1.784057,-107.4814,CameraRotation,345.7651,266.363,357.9285,CurrentState,Return,Slider,1,Scenario,3
ID,26,Time,967.6202,DronePosition,-110.2394,7.06249,-107.379,0,CameraPosition,-103.1756,1.784006,-107.4813,CameraRotation,345.8139,266.3905,357.9126,CurrentState,Return,Slider,1,Scenario,3
ID,26,Time,967.6343,DronePosition,-110.2394,7.06249,-107.379,0,CameraPosition,-103.1756,1.783957,-107.4812,CameraRotation,345.8431,266.4218,357.9018,CurrentState,Return,Slider,1,Scenario,3
ID,26,Time,967.6485,DronePosition,-110.2394,7.06249,-107.379,0,CameraPosition,-103.1755,1.783949,-107.4811,CameraRotation,345.8485,266.4449,357.8794,CurrentState,Return,Slider,1,Scenario,3
ID,26,Time,967.6619,DronePosition,-110.2394,7.06249,-107.379,0,CameraPosition,-103.1755,1.783965,-107.481,CameraRotation,345.8372,266.4534,357.8719,CurrentState,Return,Slider,1,Scenario,3
ID,26,Time,967.6763,DronePosition,-110.2394,7.06249,-107.379,0,CameraPosition,-103.1754,1.784011,-107.4809,CameraRotation,345.8277,266.4664,357.8454,CurrentState,Return,Slider,1,Scenario,3
ID,26,Time,967.6899,DronePosition,-110.2394,7.06249,-107.379,0,CameraPosition,-103.1753,1.784063,-107.4808,CameraRotation,345.8006,266.4852,357.8098,CurrentState,Return,Slider,1,Scenario,3
ID,26,Time,967.7038,DronePosition,-110.2394,7.06249,-107.379,0,CameraPosition,-103.1752,1.784125,-107.4807,CameraRotation,345.758,266.5082,357.7906,CurrentState,Return,Slider,1,Scenario,3
ID,26,Time,967.7177,DronePosition,-110.2394,7.06249,-107.379,0,CameraPosition,-103.1752,1.78417,-107.4806,CameraRotation,345.7142,266.5438,357.7878,CurrentState,Return,Slider,1,Scenario,3
ID,26,Time,967.7317,DronePosition,-110.2394,7.06249,-107.379,0,CameraPosition,-103.1751,1.784213,-107.4805,CameraRotation,345.6821,266.5851,357.7966,CurrentState,Return,Slider,1,Scenario,3
ID,26,Time,967.7454,DronePosition,-110.2394,7.06249,-107.379,0,CameraPosition,-103.175,1.784234,-107.4804,CameraRotation,345.6374,266.6258,357.8004,CurrentState,Return,Slider,1,Scenario,3
ID,26,Time,967.7595,DronePosition,-110.2394,7.06249,-107.379,0,CameraPosition,-103.1749,1.784251,-107.4803,CameraRotation,345.609,266.6641,357.7734,CurrentState,Return,Slider,1,Scenario,3
ID,26,Time,967.7735,DronePosition,-110.2394,7.06249,-107.379,0,CameraPosition,-103.1748,1.784283,-107.4802,CameraRotation,345.5857,266.7047,357.7275,CurrentState,Return,Slider,1,Scenario,3
ID,26,Time,967.7875,DronePosition,-110.2394,7.06249,-107.379,0,CameraPosition,-103.1746,1.784331,-107.4801,CameraRotation,345.539,266.736,357.7017,CurrentState,Return,Slider,1,Scenario,3
ID,26,Time,967.8013,DronePosition,-110.2394,7.06249,-107.379,0,CameraPosition,-103.1745,1.784399,-107.48,CameraRotation,345.489,266.7543,357.6994,CurrentState,Return,Slider,1,Scenario,3
ID,26,Time,967.8152,DronePosition,-110.2394,7.06249,-107.379,0,CameraPosition,-103.1745,1.784482,-107.4799,CameraRotation,345.4349,266.767,357.6895,CurrentState,Return,Slider,1,Scenario,3
ID,26,Time,967.829,DronePosition,-110.2394,7.06249,-107.379,0,CameraPosition,-103.1744,1.784576,-107.4799,CameraRotation,345.3833,266.7864,357.6728,CurrentState,Return,Slider,1,Scenario,3
ID,26,Time,967.843,DronePosition,-110.2394,7.06249,-107.379,0,CameraPosition,-103.1743,1.784632,-107.4798,CameraRotation,345.3411,266.8188,357.6592,CurrentState,Return,Slider,1,Scenario,3
ID,26,Time,967.8573,DronePosition,-110.2394,7.06249,-107.379,0,CameraPosition,-103.1743,1.784663,-107.4797,CameraRotation,345.3145,266.856,357.6364,CurrentState,Return,Slider,1,Scenario,3
ID,26,Time,967.8708,DronePosition,-110.2394,7.06249,-107.379,0,CameraPosition,-103.1743,1.784691,-107.4797,CameraRotation,345.2682,266.8848,357.6305,CurrentState,Return,Slider,1,Scenario,3
ID,26,Time,967.8848,DronePosition,-110.2394,7.06249,-107.379,0,CameraPosition,-103.1743,1.784748,-107.4797,CameraRotation,345.2056,266.8952,357.6209,CurrentState,Return,Slider,1,Scenario,3
ID,26,Time,967.8989,DronePosition,-110.2394,7.06249,-107.379,0,CameraPosition,-103.1743,1.784804,-107.4796,CameraRotation,345.162,266.9012,357.6241,CurrentState,Return,Slider,1,Scenario,3
ID,26,Time,967.9124,DronePosition,-110.2394,7.06249,-107.379,0,CameraPosition,-103.1743,1.784846,-107.4796,CameraRotation,345.1245,266.9028,357.6004,CurrentState,Return,Slider,1,Scenario,3
ID,26,Time,967.9278,DronePosition,-110.2394,7.06249,-107.379,0,CameraPosition,-103.1744,1.784894,-107.4796,CameraRotation,345.0981,266.8924,357.561,CurrentState,Return,Slider,1,Scenario,3
ID,26,Time,967.9405,DronePosition,-110.2394,7.06249,-107.379,0,CameraPosition,-103.1744,1.784908,-107.4796,CameraRotation,345.0673,266.868,357.5449,CurrentState,Return,Slider,1,Scenario,3
ID,26,Time,967.9545,DronePosition,-110.2394,7.06249,-107.379,0,CameraPosition,-103.1744,1.784908,-107.4796,CameraRotation,345.0509,266.8564,357.5382,CurrentState,Return,Slider,1,Scenario,3
ID,26,Time,967.9681,DronePosition,-110.2394,7.06249,-107.379,0,CameraPosition,-103.1744,1.784879,-107.4797,CameraRotation,345.0595,266.8501,357.5302,CurrentState,Return,Slider,1,Scenario,3
ID,26,Time,967.9829,DronePosition,-110.2394,7.06249,-107.379,0,CameraPosition,-103.1745,1.784861,-107.4797,CameraRotation,345.0698,266.8513,357.5192,CurrentState,Return,Slider,1,Scenario,3
ID,26,Time,967.996,DronePosition,-110.2394,7.06249,-107.379,0,CameraPosition,-103.1746,1.784822,-107.4798,CameraRotation,345.0866,266.8665,357.5205,CurrentState,Return,Slider,1,Scenario,3
ID,26,Time,968.0099,DronePosition,-110.2394,7.06249,-107.379,0,CameraPosition,-103.1748,1.784765,-107.4798,CameraRotation,345.1219,266.8855,357.533,CurrentState,Return,Slider,1,Scenario,3
ID,26,Time,968.0239,DronePosition,-110.2394,7.06249,-107.379,0,CameraPosition,-103.1749,1.784694,-107.4799,CameraRotation,345.1492,266.8951,357.5384,CurrentState,Return,Slider,1,Scenario,3
ID,26,Time,968.0378,DronePosition,-110.2394,7.06249,-107.379,0,CameraPosition,-103.1751,1.784638,-107.48,CameraRotation,345.1696,266.9094,357.5426,CurrentState,Return,Slider,1,Scenario,3
ID,26,Time,968.0521,DronePosition,-110.2394,7.06249,-107.379,0,CameraPosition,-103.1752,1.78463,-107.4801,CameraRotation,345.1807,266.903,357.5533,CurrentState,Return,Slider,1,Scenario,3
ID,26,Time,968.0663,DronePosition,-110.2394,7.06249,-107.379,0,CameraPosition,-103.1754,1.784647,-107.4802,CameraRotation,345.1594,266.8795,357.5551,CurrentState,Return,Slider,1,Scenario,3
ID,26,Time,968.0799,DronePosition,-110.2394,7.06249,-107.379,0,CameraPosition,-103.1756,1.784672,-107.4803,CameraRotation,345.154,266.8408,357.5656,CurrentState,Return,Slider,1,Scenario,3
ID,26,Time,968.0934,DronePosition,-110.2394,7.06249,-107.379,0,CameraPosition,-103.1758,1.784668,-107.4805,CameraRotation,345.1496,266.7931,357.5717,CurrentState,Return,Slider,1,Scenario,3
ID,26,Time,968.1074,DronePosition,-110.2394,7.06249,-107.379,0,CameraPosition,-103.1759,1.784646,-107.4806,CameraRotation,345.1561,266.7363,357.5859,CurrentState,Return,Slider,1,Scenario,3
ID,26,Time,968.1215,DronePosition,-110.2394,7.06249,-107.379,0,CameraPosition,-103.1761,1.784619,-107.4807,CameraRotation,345.1757,266.6974,357.6135,CurrentState,Return,Slider,1,Scenario,3
ID,26,Time,968.1354,DronePosition,-110.2394,7.06249,-107.379,0,CameraPosition,-103.1763,1.784592,-107.4809,CameraRotation,345.1985,266.6547,357.6398,CurrentState,Return,Slider,1,Scenario,3
ID,26,Time,968.1492,DronePosition,-110.2394,7.06249,-107.379,0,CameraPosition,-103.1765,1.784572,-107.4811,CameraRotation,345.2149,266.6206,357.6697,CurrentState,Return,Slider,1,Scenario,3
ID,26,Time,968.1632,DronePosition,-110.2394,7.06249,-107.379,0,CameraPosition,-103.1767,1.784569,-107.4812,CameraRotation,345.227,266.5938,357.6974,CurrentState,Return,Slider,1,Scenario,3
ID,26,Time,968.1771,DronePosition,-110.2394,7.06249,-107.379,0,CameraPosition,-103.1769,1.784538,-107.4814,CameraRotation,345.2271,266.5613,357.7203,CurrentState,Return,Slider,1,Scenario,3
ID,26,Time,968.1911,DronePosition,-110.2394,7.06249,-107.379,0,CameraPosition,-103.1772,1.784503,-107.4816,CameraRotation,345.2474,266.5257,357.75,CurrentState,Return,Slider,1,Scenario,3
ID,26,Time,968.2049,DronePosition,-110.2394,7.06249,-107.379,0,CameraPosition,-103.1774,1.784485,-107.4817,CameraRotation,345.2477,266.4893,357.7804,CurrentState,Return,Slider,1,Scenario,3
ID,26,Time,968.2188,DronePosition,-110.2394,7.06249,-107.379,0,CameraPosition,-103.1777,1.784472,-107.4819,CameraRotation,345.2454,266.4432,357.8085,CurrentState,Return,Slider,1,Scenario,3
ID,26,Time,968.233,DronePosition,-110.2394,7.06249,-107.379,0,CameraPosition,-103.1779,1.784462,-107.482,CameraRotation,345.2756,266.3838,357.8549,CurrentState,Return,Slider,1,Scenario,3
ID,26,Time,968.2466,DronePosition,-110.2394,7.06249,-107.379,0,CameraPosition,-103.1782,1.784454,-107.4822,CameraRotation,345.2815,266.3618,357.87,CurrentState,Return,Slider,1,Scenario,3
ID,26,Time,968.2606,DronePosition,-110.2394,7.06249,-107.379,0,CameraPosition,-103.1785,1.784496,-107.4823,CameraRotation,345.2831,266.3459,357.8622,CurrentState,Return,Slider,1,Scenario,3
ID,26,Time,968.2747,DronePosition,-110.2394,7.06249,-107.379,0,CameraPosition,-103.1788,1.784559,-107.4824,CameraRotation,345.2875,266.3433,357.8451,CurrentState,Return,Slider,1,Scenario,3
ID,26,Time,968.2888,DronePosition,-110.2394,7.06249,-107.379,0,CameraPosition,-103.1791,1.784589,-107.4825,CameraRotation,345.2997,266.3372,357.851,CurrentState,Return,Slider,1,Scenario,3
ID,26,Time,968.3025,DronePosition,-110.2394,7.06249,-107.379,0,CameraPosition,-103.1794,1.784591,-107.4826,CameraRotation,345.296,266.3429,357.8892,CurrentState,Return,Slider,1,Scenario,3
ID,26,Time,968.3165,DronePosition,-110.2394,7.06249,-107.379,0,CameraPosition,-103.1797,1.784568,-107.4827,CameraRotation,345.3068,266.3394,357.9176,CurrentState,Return,Slider,1,Scenario,3
ID,26,Time,968.3303,DronePosition,-110.2394,7.06249,-107.379,0,CameraPosition,-103.18,1.784535,-107.4828,CameraRotation,345.3432,266.3341,357.9428,CurrentState,Return,Slider,1,Scenario,3
ID,26,Time,968.3441,DronePosition,-110.2394,7.06249,-107.379,0,CameraPosition,-103.1803,1.784485,-107.4829,CameraRotation,345.3823,266.3415,357.9698,CurrentState,Return,Slider,1,Scenario,3
ID,26,Time,968.3585,DronePosition,-110.2394,7.06249,-107.379,0,CameraPosition,-103.1807,1.784452,-107.4831,CameraRotation,345.4167,266.3426,357.9787,CurrentState,Return,Slider,1,Scenario,3
ID,26,Time,968.3721,DronePosition,-110.2394,7.06249,-107.379,0,CameraPosition,-103.181,1.784425,-107.4832,CameraRotation,345.4406,266.3313,357.9885,CurrentState,Return,Slider,1,Scenario,3
ID,26,Time,968.386,DronePosition,-110.2394,7.06249,-107.379,0,CameraPosition,-103.1812,1.784405,-107.4833,CameraRotation,345.4597,266.3078,358.0033,CurrentState,Return,Slider,1,Scenario,3
ID,26,Time,968.3999,DronePosition,-110.2394,7.06249,-107.379,0,CameraPosition,-103.1815,1.784378,-107.4834,CameraRotation,345.4792,266.2941,358.0126,CurrentState,Return,Slider,1,Scenario,3
ID,26,Time,968.4137,DronePosition,-110.2394,7.06249,-107.379,0,CameraPosition,-103.1818,1.784383,-107.4835,CameraRotation,345.5158,266.2715,358.0158,CurrentState,Return,Slider,1,Scenario,3
ID,26,Time,968.4276,DronePosition,-110.2394,7.06249,-107.379,0,CameraPosition,-103.1821,1.784418,-107.4836,CameraRotation,345.5313,266.2666,358.0107,CurrentState,Return,Slider,1,Scenario,3
ID,26,Time,968.4417,DronePosition,-110.2394,7.06249,-107.379,0,CameraPosition,-103.1824,1.784446,-107.4837,CameraRotation,345.5291,266.2742,358.0239,CurrentState,Return,Slider,1,Scenario,3
ID,26,Time,968.4555,DronePosition,-110.2394,7.06249,-107.379,0,CameraPosition,-103.1826,1.784444,-107.4838,CameraRotation,345.5313,266.2847,358.0642,CurrentState,Return,Slider,1,Scenario,3
ID,26,Time,968.4695,DronePosition,-110.2394,7.06249,-107.379,0,CameraPosition,-103.1829,1.784442,-107.4838,CameraRotation,345.5118,266.3002,358.0976,CurrentState,Return,Slider,1,Scenario,3
ID,26,Time,968.4838,DronePosition,-110.2394,7.06249,-107.379,0,CameraPosition,-103.1832,1.784422,-107.4839,CameraRotation,345.5102,266.3166,358.1142,CurrentState,Return,Slider,1,Scenario,3
ID,26,Time,968.4974,DronePosition,-110.2394,7.06249,-107.379,0,CameraPosition,-103.1834,1.784399,-107.4839,CameraRotation,345.5187,266.3446,358.1057,CurrentState,Return,Slider,1,Scenario,3
ID,26,Time,968.5114,DronePosition,-110.2394,7.06249,-107.379,0,CameraPosition,-103.1837,1.784404,-107.484,CameraRotation,345.5473,266.3757,358.0998,CurrentState,Return,Slider,1,Scenario,3
ID,26,Time,968.5256,DronePosition,-110.2394,7.06249,-107.379,0,CameraPosition,-103.184,1.784405,-107.484,CameraRotation,345.5501,266.3757,358.1159,CurrentState,Return,Slider,1,Scenario,3
ID,26,Time,968.5392,DronePosition,-110.2394,7.06249,-107.379,0,CameraPosition,-103.1842,1.784439,-107.4841,CameraRotation,345.5383,266.3779,358.1246,CurrentState,Return,Slider,1,Scenario,3
ID,26,Time,968.553,DronePosition,-110.2394,7.06249,-107.379,0,CameraPosition,-103.1845,1.784457,-107.4842,CameraRotation,345.5127,266.3805,358.1362,CurrentState,Return,Slider,1,Scenario,3
ID,26,Time,968.5672,DronePosition,-110.2394,7.06249,-107.379,0,CameraPosition,-103.1847,1.784459,-107.4842,CameraRotation,345.5059,266.3893,358.1464,CurrentState,Return,Slider,1,Scenario,3
ID,26,Time,968.5809,DronePosition,-110.2394,7.06249,-107.379,0,CameraPosition,-103.185,1.78447,-107.4843,CameraRotation,345.5091,266.402,358.1488,CurrentState,Return,Slider,1,Scenario,3
ID,26,Time,968.5948,DronePosition,-110.2394,7.06249,-107.379,0,CameraPosition,-103.1853,1.78447,-107.4845,CameraRotation,345.5067,266.411,358.1689,CurrentState,Return,Slider,1,Scenario,3
ID,26,Time,968.6088,DronePosition,-110.2394,7.06249,-107.379,0,CameraPosition,-103.1856,1.78448,-107.4845,CameraRotation,345.5074,266.4162,358.1883,CurrentState,Return,Slider,1,Scenario,3
ID,26,Time,968.623,DronePosition,-110.2394,7.06249,-107.379,0,CameraPosition,-103.1858,1.784478,-107.4846,CameraRotation,345.5021,266.4317,358.2023,CurrentState,Return,Slider,1,Scenario,3
ID,26,Time,968.6366,DronePosition,-110.2394,7.06249,-107.379,0,CameraPosition,-103.1861,1.784478,-107.4846,CameraRotation,345.5,266.441,358.2077,CurrentState,Return,Slider,1,Scenario,3
ID,26,Time,968.6507,DronePosition,-110.2394,7.06249,-107.379,0,CameraPosition,-103.1864,1.784468,-107.4847,CameraRotation,345.5014,266.4476,358.2161,CurrentState,Return,Slider,1,Scenario,3
ID,26,Time,968.6645,DronePosition,-110.2394,7.06249,-107.379,0,CameraPosition,-103.1868,1.784444,-107.4848,CameraRotation,345.5116,266.4686,358.2201,CurrentState,Return,Slider,1,Scenario,3
ID,26,Time,968.6783,DronePosition,-110.2394,7.06249,-107.379,0,CameraPosition,-103.1871,1.784402,-107.4849,CameraRotation,345.5208,266.4803,358.2298,CurrentState,Return,Slider,1,Scenario,3
ID,26,Time,968.6927,DronePosition,-110.2394,7.06249,-107.379,0,CameraPosition,-103.1874,1.784372,-107.4849,CameraRotation,345.5416,266.4839,358.2341,CurrentState,Return,Slider,1,Scenario,3
ID,26,Time,968.7064,DronePosition,-110.2394,7.06249,-107.379,0,CameraPosition,-103.1877,1.784347,-107.4849,CameraRotation,345.5629,266.4931,358.2283,CurrentState,Return,Slider,1,Scenario,3
ID,26,Time,968.72,DronePosition,-110.2394,7.06249,-107.379,0,CameraPosition,-103.1879,1.784322,-107.485,CameraRotation,345.5806,266.5031,358.2298,CurrentState,Return,Slider,1,Scenario,3
ID,26,Time,968.7341,DronePosition,-110.2394,7.06249,-107.379,0,CameraPosition,-103.1882,1.784314,-107.485,CameraRotation,345.5922,266.5128,358.2233,CurrentState,Return,Slider,1,Scenario,3
ID,26,Time,968.7478,DronePosition,-110.2394,7.06249,-107.379,0,CameraPosition,-103.1885,1.784299,-107.4851,CameraRotation,345.5966,266.5221,358.2216,CurrentState,Return,Slider,1,Scenario,3
ID,26,Time,968.7621,DronePosition,-110.2394,7.06249,-107.379,0,CameraPosition,-103.1888,1.784266,-107.4851,CameraRotation,345.6027,266.5246,358.2277,CurrentState,Return,Slider,1,Scenario,3
ID,26,Time,968.7759,DronePosition,-110.2394,7.06249,-107.379,0,CameraPosition,-103.1891,1.784238,-107.4852,CameraRotation,345.6096,266.533,358.2255,CurrentState,Return,Slider,1,Scenario,3
ID,26,Time,968.7897,DronePosition,-110.2394,7.06249,-107.379,0,CameraPosition,-103.1894,1.784234,-107.4853,CameraRotation,345.6185,266.5368,358.2272,CurrentState,Return,Slider,1,Scenario,3
ID,26,Time,968.8034,DronePosition,-110.2394,7.06249,-107.379,0,CameraPosition,-103.1896,1.78423,-107.4853,CameraRotation,345.6227,266.5323,358.2279,CurrentState,Return,Slider,1,Scenario,3
ID,26,Time,968.8174,DronePosition,-110.2394,7.06249,-107.379,0,CameraPosition,-103.1899,1.784229,-107.4854,CameraRotation,345.6118,266.5303,358.2194,CurrentState,Return,Slider,1,Scenario,3
ID,26,Time,968.8315,DronePosition,-110.2394,7.06249,-107.379,0,CameraPosition,-103.1902,1.784227,-107.4855,CameraRotation,345.6148,266.5225,358.2183,CurrentState,Return,Slider,1,Scenario,3
ID,26,Time,968.8455,DronePosition,-110.2394,7.06249,-107.379,0,CameraPosition,-103.1905,1.784209,-107.4855,CameraRotation,345.6248,266.5189,358.2222,CurrentState,Return,Slider,1,Scenario,3
ID,26,Time,968.8593,DronePosition,-110.2394,7.06249,-107.379,0,CameraPosition,-103.1908,1.784166,-107.4856,CameraRotation,345.6482,266.5028,358.2363,CurrentState,Return,Slider,1,Scenario,3
ID,26,Time,968.8734,DronePosition,-110.2394,7.06249,-107.379,0,CameraPosition,-103.191,1.78412,-107.4857,CameraRotation,345.6796,266.5018,358.2423,CurrentState,Return,Slider,1,Scenario,3
ID,26,Time,968.8873,DronePosition,-110.2394,7.06249,-107.379,0,CameraPosition,-103.1912,1.784065,-107.4858,CameraRotation,345.7133,266.4952,358.2435,CurrentState,Return,Slider,1,Scenario,3
ID,26,Time,968.9015,DronePosition,-110.2394,7.06249,-107.379,0,CameraPosition,-103.1914,1.784008,-107.486,CameraRotation,345.742,266.5055,358.2508,CurrentState,Return,Slider,1,Scenario,3
ID,26,Time,968.9149,DronePosition,-110.2394,7.06249,-107.379,0,CameraPosition,-103.1916,1.783955,-107.4861,CameraRotation,345.7625,266.5078,358.2693,CurrentState,Return,Slider,1,Scenario,3
ID,26,Time,968.9311,DronePosition,-110.2394,7.06249,-107.379,0,CameraPosition,-103.1918,1.783902,-107.4862,CameraRotation,345.7685,266.4963,358.2946,CurrentState,Return,Slider,1,Scenario,3
ID,26,Time,968.9426,DronePosition,-110.2394,7.06249,-107.379,0,CameraPosition,-103.192,1.783881,-107.4863,CameraRotation,345.7985,266.5077,358.3033,CurrentState,Return,Slider,1,Scenario,3
ID,26,Time,968.9566,DronePosition,-110.2394,7.06249,-107.379,0,CameraPosition,-103.1922,1.783841,-107.4863,CameraRotation,345.819,266.5162,358.3166,CurrentState,Return,Slider,1,Scenario,3
ID,26,Time,968.9706,DronePosition,-110.2394,7.06249,-107.379,0,CameraPosition,-103.1924,1.783783,-107.4864,CameraRotation,345.8356,266.5377,358.2938,CurrentState,Return,Slider,1,Scenario,3
ID,26,Time,968.9866,DronePosition,-110.2394,7.06249,-107.379,0,CameraPosition,-103.1925,1.783734,-107.4864,CameraRotation,345.871,266.5405,358.2512,CurrentState,Return,Slider,1,Scenario,3
ID,26,Time,968.9984,DronePosition,-110.2394,7.06249,-107.379,0,CameraPosition,-103.1926,1.7837,-107.4865,CameraRotation,345.8982,266.5392,358.2415,CurrentState,Return,Slider,1,Scenario,3
ID,26,Time,969.012,DronePosition,-110.2394,7.06249,-107.379,0,CameraPosition,-103.1927,1.783682,-107.4865,CameraRotation,345.9072,266.5328,358.256,CurrentState,Return,Slider,1,Scenario,3
ID,26,Time,969.0261,DronePosition,-110.2394,7.06249,-107.379,0,CameraPosition,-103.1928,1.783656,-107.4866,CameraRotation,345.9046,266.5165,358.2866,CurrentState,Return,Slider,1,Scenario,3
ID,26,Time,969.04,DronePosition,-110.2394,7.06249,-107.379,0,CameraPosition,-103.1929,1.783628,-107.4867,CameraRotation,345.9149,266.5031,358.3103,CurrentState,Return,Slider,1,Scenario,3
ID,26,Time,969.054,DronePosition,-110.2394,7.06249,-107.379,0,CameraPosition,-103.193,1.783603,-107.4868,CameraRotation,345.9294,266.4889,358.3289,CurrentState,Return,Slider,1,Scenario,3
ID,26,Time,969.0679,DronePosition,-110.2394,7.06249,-107.379,0,CameraPosition,-103.193,1.783601,-107.4869,CameraRotation,345.9681,266.466,358.3341,CurrentState,Return,Slider,1,Scenario,3
ID,26,Time,969.0819,DronePosition,-110.2394,7.06249,-107.379,0,CameraPosition,-103.193,1.78356,-107.487,CameraRotation,345.9839,266.43,358.3433,CurrentState,Return,Slider,1,Scenario,3
ID,26,Time,969.0957,DronePosition,-110.2394,7.06249,-107.379,0,CameraPosition,-103.193,1.783518,-107.4871,CameraRotation,346.0029,266.3908,358.3506,CurrentState,Return,Slider,1,Scenario,3
ID,26,Time,969.11,DronePosition,-110.2394,7.06249,-107.379,0,CameraPosition,-103.193,1.783489,-107.4872,CameraRotation,346.0114,266.3502,358.3576,CurrentState,Return,Slider,1,Scenario,3
ID,26,Time,969.1238,DronePosition,-110.2394,7.06249,-107.379,0,CameraPosition,-103.193,1.783468,-107.4873,CameraRotation,346.0128,266.3096,358.3651,CurrentState,Return,Slider,1,Scenario,3
ID,26,Time,969.1376,DronePosition,-110.2394,7.06249,-107.379,0,CameraPosition,-103.1929,1.783508,-107.4873,CameraRotation,346.0078,266.2925,358.3452,CurrentState,Return,Slider,1,Scenario,3
ID,26,Time,969.1517,DronePosition,-110.2394,7.06249,-107.379,0,CameraPosition,-103.1929,1.783521,-107.4873,CameraRotation,345.9843,266.2859,358.3482,CurrentState,Return,Slider,1,Scenario,3
ID,26,Time,969.1655,DronePosition,-110.2394,7.06249,-107.379,0,CameraPosition,-103.1928,1.783541,-107.4874,CameraRotation,345.9866,266.2878,358.3629,CurrentState,Return,Slider,1,Scenario,3
ID,26,Time,969.1793,DronePosition,-110.2394,7.06249,-107.379,0,CameraPosition,-103.1927,1.78356,-107.4874,CameraRotation,345.9814,266.288,358.3926,CurrentState,Return,Slider,1,Scenario,3
ID,26,Time,969.1937,DronePosition,-110.2394,7.06249,-107.379,0,CameraPosition,-103.1925,1.783572,-107.4874,CameraRotation,345.949,266.2978,358.4129,CurrentState,Return,Slider,1,Scenario,3
ID,26,Time,969.2072,DronePosition,-110.2394,7.06249,-107.379,0,CameraPosition,-103.1924,1.78358,-107.4875,CameraRotation,345.9203,266.3248,358.4033,CurrentState,Return,Slider,1,Scenario,3
ID,26,Time,969.221,DronePosition,-110.2394,7.06249,-107.379,0,CameraPosition,-103.1922,1.783639,-107.4875,CameraRotation,345.8842,266.3568,358.3958,CurrentState,Return,Slider,1,Scenario,3
ID,26,Time,969.235,DronePosition,-110.2394,7.06249,-107.379,0,CameraPosition,-103.1919,1.783743,-107.4875,CameraRotation,345.8275,266.3734,358.4178,CurrentState,Return,Slider,1,Scenario,3
ID,26,Time,969.2489,DronePosition,-110.2394,7.06249,-107.379,0,CameraPosition,-103.1917,1.783837,-107.4876,CameraRotation,345.7353,266.3773,358.4417,CurrentState,Return,Slider,1,Scenario,3
ID,26,Time,969.2628,DronePosition,-110.2394,7.06249,-107.379,0,CameraPosition,-103.1914,1.78398,-107.4876,CameraRotation,345.6099,266.3622,358.4734,CurrentState,Return,Slider,1,Scenario,3
ID,26,Time,969.2768,DronePosition,-110.2394,7.06249,-107.379,0,CameraPosition,-103.1912,1.78413,-107.4877,CameraRotation,345.4826,266.3439,358.4909,CurrentState,Return,Slider,1,Scenario,3
ID,26,Time,969.2908,DronePosition,-110.2394,7.06249,-107.379,0,CameraPosition,-103.1909,1.78426,-107.4877,CameraRotation,345.3716,266.3312,358.4994,CurrentState,Return,Slider,1,Scenario,3
ID,26,Time,969.3049,DronePosition,-110.2394,7.06249,-107.379,0,CameraPosition,-103.1906,1.784365,-107.4877,CameraRotation,345.2892,266.316,358.5023,CurrentState,Return,Slider,1,Scenario,3
ID,26,Time,969.3191,DronePosition,-110.2394,7.06249,-107.379,0,CameraPosition,-103.1904,1.784458,-107.4878,CameraRotation,345.2083,266.3042,358.501,CurrentState,Return,Slider,1,Scenario,3
ID,26,Time,969.3329,DronePosition,-110.2394,7.06249,-107.379,0,CameraPosition,-103.1901,1.784575,-107.4878,CameraRotation,345.1254,266.293,358.5032,CurrentState,Return,Slider,1,Scenario,3
ID,26,Time,969.3466,DronePosition,-110.2394,7.06249,-107.379,0,CameraPosition,-103.1899,1.784694,-107.4878,CameraRotation,345.0375,266.3034,358.5126,CurrentState,Return,Slider,1,Scenario,3
ID,26,Time,969.3604,DronePosition,-110.2394,7.06249,-107.379,0,CameraPosition,-103.1897,1.784789,-107.4879,CameraRotation,344.967,266.31,358.5169,CurrentState,Return,Slider,1,Scenario,3
ID,26,Time,969.3745,DronePosition,-110.2394,7.06249,-107.379,0,CameraPosition,-103.1895,1.78487,-107.4879,CameraRotation,344.9181,266.3229,358.521,CurrentState,Return,Slider,1,Scenario,3
ID,26,Time,969.3882,DronePosition,-110.2394,7.06249,-107.379,0,CameraPosition,-103.1893,1.784916,-107.488,CameraRotation,344.8828,266.3268,358.5343,CurrentState,Return,Slider,1,Scenario,3
ID,26,Time,969.4022,DronePosition,-110.2394,7.06249,-107.379,0,CameraPosition,-103.1892,1.784944,-107.488,CameraRotation,344.8496,266.3322,358.5312,CurrentState,Return,Slider,1,Scenario,3
ID,26,Time,969.4162,DronePosition,-110.2394,7.06249,-107.379,0,CameraPosition,-103.189,1.784947,-107.4881,CameraRotation,344.8356,266.3339,358.5339,CurrentState,Return,Slider,1,Scenario,3
ID,26,Time,969.4299,DronePosition,-110.2394,7.06249,-107.379,0,CameraPosition,-103.1889,1.784936,-107.4881,CameraRotation,344.8397,266.3322,358.5334,CurrentState,Return,Slider,1,Scenario,3
ID,26,Time,969.444,DronePosition,-110.2394,7.06249,-107.379,0,CameraPosition,-103.1888,1.784923,-107.4882,CameraRotation,344.8647,266.3332,358.5356,CurrentState,Return,Slider,1,Scenario,3
ID,26,Time,969.4581,DronePosition,-110.2394,7.06249,-107.379,0,CameraPosition,-103.1887,1.784922,-107.4882,CameraRotation,344.886,266.3232,358.5352,CurrentState,Return,Slider,1,Scenario,3
ID,26,Time,969.472,DronePosition,-110.2394,7.06249,-107.379,0,CameraPosition,-103.1887,1.784919,-107.4882,CameraRotation,344.9122,266.3185,358.5285,CurrentState,Return,Slider,1,Scenario,3
ID,26,Time,969.4859,DronePosition,-110.2394,7.06249,-107.379,0,CameraPosition,-103.1886,1.784903,-107.4883,CameraRotation,344.9393,266.3161,358.5226,CurrentState,Return,Slider,1,Scenario,3
ID,26,Time,969.4998,DronePosition,-110.2394,7.06249,-107.379,0,CameraPosition,-103.1885,1.784848,-107.4883,CameraRotation,344.9772,266.3175,358.5215,CurrentState,Return,Slider,1,Scenario,3
ID,26,Time,969.5137,DronePosition,-110.2394,7.06249,-107.379,0,CameraPosition,-103.1884,1.784791,-107.4884,CameraRotation,345.0297,266.3185,358.521,CurrentState,Return,Slider,1,Scenario,3
ID,26,Time,969.5279,DronePosition,-110.2394,7.06249,-107.379,0,CameraPosition,-103.1883,1.784737,-107.4885,CameraRotation,345.0547,266.3027,358.5311,CurrentState,Return,Slider,1,Scenario,3
ID,26,Time,969.5416,DronePosition,-110.2394,7.06249,-107.379,0,CameraPosition,-103.1882,1.784703,-107.4886,CameraRotation,345.073,266.2808,358.5482,CurrentState,Return,Slider,1,Scenario,3
ID,26,Time,969.5555,DronePosition,-110.2394,7.06249,-107.379,0,CameraPosition,-103.1881,1.784673,-107.4887,CameraRotation,345.0771,266.2548,358.5715,CurrentState,Return,Slider,1,Scenario,3
ID,26,Time,969.5695,DronePosition,-110.2394,7.06249,-107.379,0,CameraPosition,-103.188,1.784654,-107.4888,CameraRotation,345.0908,266.2304,358.5831,CurrentState,Return,Slider,1,Scenario,3
ID,26,Time,969.5833,DronePosition,-110.2394,7.06249,-107.379,0,CameraPosition,-103.1878,1.784636,-107.4889,CameraRotation,345.1181,266.1913,358.5884,CurrentState,Return,Slider,1,Scenario,3
ID,26,Time,969.5972,DronePosition,-110.2394,7.06249,-107.379,0,CameraPosition,-103.1877,1.78463,-107.489,CameraRotation,345.1341,266.1548,358.5862,CurrentState,Return,Slider,1,Scenario,3
ID,26,Time,969.6112,DronePosition,-110.2394,7.06249,-107.379,0,CameraPosition,-103.1876,1.784608,-107.4891,CameraRotation,345.1331,266.108,358.609,CurrentState,Return,Slider,1,Scenario,3
ID,26,Time,969.6249,DronePosition,-110.2394,7.06249,-107.379,0,CameraPosition,-103.1875,1.784567,-107.4893,CameraRotation,345.1187,266.0744,358.6347,CurrentState,Return,Slider,1,Scenario,3
ID,26,Time,969.6388,DronePosition,-110.2394,7.06249,-107.379,0,CameraPosition,-103.1874,1.784544,-107.4893,CameraRotation,345.1141,266.0328,358.6617,CurrentState,Return,Slider,1,Scenario,3
ID,26,Time,969.6528,DronePosition,-110.2394,7.06249,-107.379,0,CameraPosition,-103.1872,1.784569,-107.4894,CameraRotation,345.1007,266.0109,358.6787,CurrentState,Return,Slider,1,Scenario,3
ID,26,Time,969.6668,DronePosition,-110.2394,7.06249,-107.379,0,CameraPosition,-103.1871,1.784617,-107.4894,CameraRotation,345.0661,265.9993,358.6762,CurrentState,Return,Slider,1,Scenario,3
ID,26,Time,969.6807,DronePosition,-110.2394,7.06249,-107.379,0,CameraPosition,-103.187,1.784679,-107.4894,CameraRotation,345.0336,266.0035,358.6558,CurrentState,Return,Slider,1,Scenario,3
ID,26,Time,969.6947,DronePosition,-110.2394,7.06249,-107.379,0,CameraPosition,-103.1869,1.784748,-107.4894,CameraRotation,345.006,266.0107,358.6346,CurrentState,Return,Slider,1,Scenario,3
ID,26,Time,969.7085,DronePosition,-110.2394,7.06249,-107.379,0,CameraPosition,-103.1868,1.784824,-107.4894,CameraRotation,344.9951,266.0126,358.6461,CurrentState,Return,Slider,1,Scenario,3
ID,26,Time,969.7224,DronePosition,-110.2394,7.06249,-107.379,0,CameraPosition,-103.1867,1.784872,-107.4894,CameraRotation,345.0003,266.011,358.6566,CurrentState,Return,Slider,1,Scenario,3
ID,26,Time,969.7367,DronePosition,-110.2394,7.06249,-107.379,0,CameraPosition,-103.1866,1.784868,-107.4894,CameraRotation,345.0112,266.0106,358.6738,CurrentState,Return,Slider,1,Scenario,3
ID,26,Time,969.7503,DronePosition,-110.2394,7.06249,-107.379,0,CameraPosition,-103.1866,1.784854,-107.4894,CameraRotation,345.024,266.0228,358.6832,CurrentState,Return,Slider,1,Scenario,3
ID,26,Time,969.7642,DronePosition,-110.2394,7.06249,-107.379,0,CameraPosition,-103.1865,1.784846,-107.4893,CameraRotation,345.0236,266.0359,358.6721,CurrentState,Return,Slider,1,Scenario,3
ID,26,Time,969.7783,DronePosition,-110.2394,7.06249,-107.379,0,CameraPosition,-103.1864,1.784858,-107.4893,CameraRotation,345.0196,266.0492,358.6618,CurrentState,Return,Slider,1,Scenario,3
ID,26,Time,969.7921,DronePosition,-110.2394,7.06249,-107.379,0,CameraPosition,-103.1864,1.784869,-107.4893,CameraRotation,345.0074,266.0461,358.6625,CurrentState,Return,Slider,1,Scenario,3
ID,26,Time,969.8062,DronePosition,-110.2394,7.06249,-107.379,0,CameraPosition,-103.1864,1.784887,-107.4892,CameraRotation,345.0136,266.042,358.6578,CurrentState,Return,Slider,1,Scenario,3
ID,26,Time,969.8198,DronePosition,-110.2394,7.06249,-107.379,0,CameraPosition,-103.1864,1.784889,-107.4891,CameraRotation,345.0288,266.0467,358.6424,CurrentState,Return,Slider,1,Scenario,3
ID,26,Time,969.8338,DronePosition,-110.2394,7.06249,-107.379,0,CameraPosition,-103.1864,1.784885,-107.4891,CameraRotation,345.0433,266.0596,358.6167,CurrentState,Return,Slider,1,Scenario,3
ID,26,Time,969.8477,DronePosition,-110.2394,7.06249,-107.379,0,CameraPosition,-103.1864,1.784888,-107.489,CameraRotation,345.046,266.0755,358.5897,CurrentState,Return,Slider,1,Scenario,3
ID,26,Time,969.8616,DronePosition,-110.2394,7.06249,-107.379,0,CameraPosition,-103.1863,1.784904,-107.4889,CameraRotation,345.0642,266.0898,358.5953,CurrentState,Return,Slider,1,Scenario,3
ID,26,Time,969.8757,DronePosition,-110.2394,7.06249,-107.379,0,CameraPosition,-103.1863,1.784927,-107.4888,CameraRotation,345.0769,266.1126,358.6076,CurrentState,Return,Slider,1,Scenario,3
ID,26,Time,969.8895,DronePosition,-110.2394,7.06249,-107.379,0,CameraPosition,-103.1863,1.784933,-107.4887,CameraRotation,345.0687,266.1317,358.6131,CurrentState,Return,Slider,1,Scenario,3
ID,26,Time,969.9036,DronePosition,-110.2394,7.06249,-107.379,0,CameraPosition,-103.1863,1.784931,-107.4886,CameraRotation,345.0603,266.1539,358.5981,CurrentState,Return,Slider,1,Scenario,3
ID,26,Time,969.9175,DronePosition,-110.2394,7.06249,-107.379,0,CameraPosition,-103.1863,1.784945,-107.4885,CameraRotation,345.0658,266.1823,358.5642,CurrentState,Return,Slider,1,Scenario,3
ID,26,Time,969.9313,DronePosition,-110.2394,7.06249,-107.379,0,CameraPosition,-103.1864,1.78494,-107.4883,CameraRotation,345.0712,266.2098,358.554,CurrentState,Return,Slider,1,Scenario,3
ID,26,Time,969.9457,DronePosition,-110.2394,7.06249,-107.379,0,CameraPosition,-103.1864,1.78493,-107.4882,CameraRotation,345.0813,266.2305,358.5395,CurrentState,Return,Slider,1,Scenario,3
ID,26,Time,969.9591,DronePosition,-110.2394,7.06249,-107.379,0,CameraPosition,-103.1864,1.784914,-107.488,CameraRotation,345.097,266.2433,358.5232,CurrentState,Return,Slider,1,Scenario,3
ID,26,Time,969.9731,DronePosition,-110.2394,7.06249,-107.379,0,CameraPosition,-103.1864,1.784917,-107.4879,CameraRotation,345.0972,266.2547,358.505,CurrentState,Return,Slider,1,Scenario,3
ID,26,Time,969.9879,DronePosition,-110.2394,7.06249,-107.379,0,CameraPosition,-103.1865,1.78494,-107.4877,CameraRotation,345.0808,266.2843,358.4766,CurrentState,Return,Slider,1,Scenario,3
ID,26,Time,970.001,DronePosition,-110.2394,7.06249,-107.379,0,CameraPosition,-103.1865,1.784965,-107.4876,CameraRotation,345.0504,266.3143,358.452,CurrentState,Return,Slider,1,Scenario,3
ID,26,Time,970.0148,DronePosition,-110.2394,7.06249,-107.379,0,CameraPosition,-103.1865,1.784986,-107.4874,CameraRotation,345.0328,266.3368,358.4362,CurrentState,Return,Slider,1,Scenario,3
ID,26,Time,970.0287,DronePosition,-110.2394,7.06249,-107.379,0,CameraPosition,-103.1866,1.784993,-107.4873,CameraRotation,345.0094,266.3601,358.4323,CurrentState,Return,Slider,1,Scenario,3
ID,26,Time,970.0427,DronePosition,-110.2394,7.06249,-107.379,0,CameraPosition,-103.1867,1.78502,-107.4871,CameraRotation,345.0008,266.3798,358.4177,CurrentState,Return,Slider,1,Scenario,3
ID,26,Time,970.0565,DronePosition,-110.2394,7.06249,-107.379,0,CameraPosition,-103.1867,1.785035,-107.487,CameraRotation,344.9894,266.4062,358.4017,CurrentState,Return,Slider,1,Scenario,3
ID,26,Time,970.0704,DronePosition,-110.2394,7.06249,-107.379,0,CameraPosition,-103.1868,1.785053,-107.4869,CameraRotation,344.9956,266.4313,358.3866,CurrentState,Return,Slider,1,Scenario,3
ID,26,Time,970.0845,DronePosition,-110.2394,7.06249,-107.379,0,CameraPosition,-103.1868,1.785067,-107.4867,CameraRotation,345.0053,266.4489,358.3797,CurrentState,Return,Slider,1,Scenario,3
ID,26,Time,970.0982,DronePosition,-110.2394,7.06249,-107.379,0,CameraPosition,-103.1869,1.785094,-107.4866,CameraRotation,345.0089,266.4634,358.3718,CurrentState,Return,Slider,1,Scenario,3
ID,26,Time,970.1121,DronePosition,-110.2394,7.06249,-107.379,0,CameraPosition,-103.1869,1.785131,-107.4865,CameraRotation,344.9963,266.4772,358.3576,CurrentState,Hover4,Slider,1,Scenario,3
ID,26,Time,970.1259,DronePosition,-110.2394,7.06249,-107.379,0,CameraPosition,-103.187,1.785175,-107.4863,CameraRotation,344.9768,266.4939,358.35,CurrentState,Hover4,Slider,1,Scenario,3
ID,26,Time,970.1401,DronePosition,-110.2394,7.06249,-107.379,0,CameraPosition,-103.187,1.785212,-107.4862,CameraRotation,344.958,266.5118,358.342,CurrentState,Hover4,Slider,1,Scenario,3
ID,26,Time,970.1544,DronePosition,-110.2394,7.06249,-107.379,0,CameraPosition,-103.1871,1.785239,-107.4861,CameraRotation,344.9407,266.5266,358.3357,CurrentState,Hover4,Slider,1,Scenario,3
ID,26,Time,970.1682,DronePosition,-110.2394,7.06249,-107.379,0,CameraPosition,-103.1871,1.78525,-107.4859,CameraRotation,344.925,266.544,358.3363,CurrentState,Hover4,Slider,1,Scenario,3
ID,26,Time,970.1821,DronePosition,-110.2394,7.06249,-107.379,0,CameraPosition,-103.1871,1.785245,-107.4858,CameraRotation,344.9149,266.5613,358.3152,CurrentState,Hover4,Slider,1,Scenario,3
ID,26,Time,970.1959,DronePosition,-110.2394,7.06249,-107.379,0,CameraPosition,-103.1871,1.785219,-107.4856,CameraRotation,344.916,266.5784,358.3126,CurrentState,Hover4,Slider,1,Scenario,3
ID,26,Time,970.2098,DronePosition,-110.2394,7.06249,-107.379,0,CameraPosition,-103.1872,1.785221,-107.4855,CameraRotation,344.9217,266.6033,358.3095,CurrentState,Hover4,Slider,1,Scenario,3
ID,26,Time,970.2239,DronePosition,-110.2394,7.06249,-107.379,0,CameraPosition,-103.1873,1.785227,-107.4854,CameraRotation,344.9131,266.6295,358.2968,CurrentState,Hover4,Slider,1,Scenario,3
ID,26,Time,970.2379,DronePosition,-110.2394,7.06249,-107.379,0,CameraPosition,-103.1873,1.785248,-107.4852,CameraRotation,344.9104,266.6608,358.2851,CurrentState,Hover4,Slider,1,Scenario,3
ID,26,Time,970.2522,DronePosition,-110.2394,7.06249,-107.379,0,CameraPosition,-103.1874,1.785218,-107.4851,CameraRotation,344.8978,266.6766,358.2772,CurrentState,Hover4,Slider,1,Scenario,3
ID,26,Time,970.2654,DronePosition,-110.2394,7.06249,-107.379,0,CameraPosition,-103.1875,1.785194,-107.4849,CameraRotation,344.901,266.7021,358.2675,CurrentState,Hover4,Slider,1,Scenario,3
ID,26,Time,970.2794,DronePosition,-110.2394,7.06249,-107.379,0,CameraPosition,-103.1875,1.785167,-107.4848,CameraRotation,344.8853,266.7286,358.2468,CurrentState,Hover4,Slider,1,Scenario,3
ID,26,Time,970.2932,DronePosition,-110.2394,7.06249,-107.379,0,CameraPosition,-103.1876,1.785202,-107.4846,CameraRotation,344.864,266.7446,358.2372,CurrentState,Hover4,Slider,1,Scenario,3
ID,26,Time,970.3071,DronePosition,-110.2394,7.06249,-107.379,0,CameraPosition,-103.1877,1.785223,-107.4845,CameraRotation,344.8389,266.7583,358.2385,CurrentState,Hover4,Slider,1,Scenario,3
ID,26,Time,970.3214,DronePosition,-110.2394,7.06249,-107.379,0,CameraPosition,-103.1878,1.785237,-107.4844,CameraRotation,344.828,266.77,358.2277,CurrentState,Hover4,Slider,1,Scenario,3
ID,26,Time,970.3352,DronePosition,-110.2394,7.06249,-107.379,0,CameraPosition,-103.1878,1.785229,-107.4842,CameraRotation,344.8344,266.7799,358.2177,CurrentState,Hover4,Slider,1,Scenario,3
ID,26,Time,970.3492,DronePosition,-110.2394,7.06249,-107.379,0,CameraPosition,-103.1878,1.785235,-107.4841,CameraRotation,344.8329,266.7961,358.2064,CurrentState,Hover4,Slider,1,Scenario,3
ID,26,Time,970.3632,DronePosition,-110.2394,7.06249,-107.379,0,CameraPosition,-103.1879,1.785237,-107.484,CameraRotation,344.8189,266.8125,358.175,CurrentState,Hover4,Slider,1,Scenario,3
ID,26,Time,970.377,DronePosition,-110.2394,7.06249,-107.379,0,CameraPosition,-103.188,1.785243,-107.4839,CameraRotation,344.8214,266.8323,358.1515,CurrentState,Hover4,Slider,1,Scenario,3
ID,26,Time,970.3909,DronePosition,-110.2394,7.06249,-107.379,0,CameraPosition,-103.1881,1.785271,-107.4837,CameraRotation,344.8262,266.8417,358.1429,CurrentState,Hover4,Slider,1,Scenario,3
ID,26,Time,970.4045,DronePosition,-110.2394,7.06249,-107.379,0,CameraPosition,-103.1882,1.7853,-107.4836,CameraRotation,344.8221,266.8473,358.145,CurrentState,Hover4,Slider,1,Scenario,3
ID,26,Time,970.4185,DronePosition,-110.2394,7.06249,-107.379,0,CameraPosition,-103.1883,1.785281,-107.4835,CameraRotation,344.8167,266.846,358.1564,CurrentState,Hover4,Slider,1,Scenario,3
ID,26,Time,970.4326,DronePosition,-110.2394,7.06249,-107.379,0,CameraPosition,-103.1883,1.78525,-107.4834,CameraRotation,344.8266,266.8517,358.1556,CurrentState,Hover4,Slider,1,Scenario,3
ID,26,Time,970.4464,DronePosition,-110.2394,7.06249,-107.379,0,CameraPosition,-103.1884,1.785225,-107.4833,CameraRotation,344.8438,266.8561,358.1384,CurrentState,Hover4,Slider,1,Scenario,3
ID,26,Time,970.4604,DronePosition,-110.2394,7.06249,-107.379,0,CameraPosition,-103.1886,1.785199,-107.4832,CameraRotation,344.8572,266.8483,358.1289,CurrentState,Hover4,Slider,1,Scenario,3
ID,26,Time,970.4745,DronePosition,-110.2394,7.06249,-107.379,0,CameraPosition,-103.1887,1.785182,-107.4831,CameraRotation,344.8621,266.8333,358.1257,CurrentState,Hover4,Slider,1,Scenario,3
ID,26,Time,970.4881,DronePosition,-110.2394,7.06249,-107.379,0,CameraPosition,-103.1888,1.785166,-107.483,CameraRotation,344.8599,266.8098,358.1138,CurrentState,Hover4,Slider,1,Scenario,3
ID,26,Time,970.5021,DronePosition,-110.2394,7.06249,-107.379,0,CameraPosition,-103.1888,1.785145,-107.4828,CameraRotation,344.86,266.7892,358.1018,CurrentState,Hover4,Slider,1,Scenario,3
ID,26,Time,970.5159,DronePosition,-110.2394,7.06249,-107.379,0,CameraPosition,-103.1888,1.785135,-107.4827,CameraRotation,344.8735,266.7803,358.0779,CurrentState,Hover4,Slider,1,Scenario,3
ID,26,Time,970.5299,DronePosition,-110.2394,7.06249,-107.379,0,CameraPosition,-103.1889,1.785103,-107.4826,CameraRotation,344.8772,266.7786,358.0489,CurrentState,Hover4,Slider,1,Scenario,3
ID,26,Time,970.5438,DronePosition,-110.2394,7.06249,-107.379,0,CameraPosition,-103.189,1.785082,-107.4825,CameraRotation,344.9044,266.7856,358.0359,CurrentState,Hover4,Slider,1,Scenario,3
ID,26,Time,970.5579,DronePosition,-110.2394,7.06249,-107.379,0,CameraPosition,-103.1892,1.785073,-107.4824,CameraRotation,344.9197,266.799,358.027,CurrentState,Hover4,Slider,1,Scenario,3
ID,26,Time,970.572,DronePosition,-110.2394,7.06249,-107.379,0,CameraPosition,-103.1893,1.78507,-107.4822,CameraRotation,344.9178,266.8092,358.028,CurrentState,Hover4,Slider,1,Scenario,3
ID,26,Time,970.5858,DronePosition,-110.2394,7.06249,-107.379,0,CameraPosition,-103.1894,1.785041,-107.4821,CameraRotation,344.9116,266.8304,358.0024,CurrentState,Hover4,Slider,1,Scenario,3
ID,26,Time,970.5995,DronePosition,-110.2394,7.06249,-107.379,0,CameraPosition,-103.1895,1.784996,-107.4819,CameraRotation,344.9193,266.849,357.9775,CurrentState,Hover4,Slider,1,Scenario,3
ID,26,Time,970.6134,DronePosition,-110.2394,7.06249,-107.379,0,CameraPosition,-103.1896,1.784973,-107.4818,CameraRotation,344.9404,266.8748,357.9485,CurrentState,Hover4,Slider,1,Scenario,3
ID,26,Time,970.6275,DronePosition,-110.2394,7.06249,-107.379,0,CameraPosition,-103.1898,1.78496,-107.4817,CameraRotation,344.954,266.8798,357.9274,CurrentState,Hover4,Slider,1,Scenario,3
ID,26,Time,970.6414,DronePosition,-110.2394,7.06249,-107.379,0,CameraPosition,-103.1899,1.784961,-107.4816,CameraRotation,344.9592,266.8696,357.9131,CurrentState,Hover4,Slider,1,Scenario,3
ID,26,Time,970.6554,DronePosition,-110.2394,7.06249,-107.379,0,CameraPosition,-103.19,1.784955,-107.4815,CameraRotation,344.96,266.861,357.9095,CurrentState,Hover4,Slider,1,Scenario,3
ID,26,Time,970.6693,DronePosition,-110.2394,7.06249,-107.379,0,CameraPosition,-103.19,1.784957,-107.4814,CameraRotation,344.9706,266.8603,357.8932,CurrentState,Hover4,Slider,1,Scenario,3
ID,26,Time,970.6832,DronePosition,-110.2394,7.06249,-107.379,0,CameraPosition,-103.1902,1.784962,-107.4814,CameraRotation,344.9745,266.8585,357.8828,CurrentState,Hover4,Slider,1,Scenario,3
ID,26,Time,970.6969,DronePosition,-110.2394,7.06249,-107.379,0,CameraPosition,-103.1903,1.784967,-107.4813,CameraRotation,344.9709,266.8439,357.8832,CurrentState,Hover4,Slider,1,Scenario,3
ID,26,Time,970.711,DronePosition,-110.2394,7.06249,-107.379,0,CameraPosition,-103.1904,1.784965,-107.4813,CameraRotation,344.9743,266.8266,357.8876,CurrentState,Hover4,Slider,1,Scenario,3
ID,26,Time,970.7248,DronePosition,-110.2394,7.06249,-107.379,0,CameraPosition,-103.1906,1.784935,-107.4813,CameraRotation,344.9885,266.81,357.8904,CurrentState,Hover4,Slider,1,Scenario,3
ID,26,Time,970.7387,DronePosition,-110.2394,7.06249,-107.379,0,CameraPosition,-103.1907,1.784877,-107.4812,CameraRotation,345.0135,266.7897,357.8914,CurrentState,Hover4,Slider,1,Scenario,3
ID,26,Time,970.7526,DronePosition,-110.2394,7.06249,-107.379,0,CameraPosition,-103.1908,1.78482,-107.4812,CameraRotation,345.0359,266.7741,357.8927,CurrentState,Hover4,Slider,1,Scenario,3
ID,26,Time,970.7667,DronePosition,-110.2394,7.06249,-107.379,0,CameraPosition,-103.191,1.78477,-107.4812,CameraRotation,345.0595,266.7603,357.8941,CurrentState,Hover4,Slider,1,Scenario,3
ID,26,Time,970.7813,DronePosition,-110.2394,7.06249,-107.379,0,CameraPosition,-103.1911,1.784733,-107.4812,CameraRotation,345.0784,266.7386,357.8947,CurrentState,Hover4,Slider,1,Scenario,3
ID,26,Time,970.7943,DronePosition,-110.2394,7.06249,-107.379,0,CameraPosition,-103.1912,1.784718,-107.4812,CameraRotation,345.098,266.7311,357.8889,CurrentState,Hover4,Slider,1,Scenario,3
ID,26,Time,970.8084,DronePosition,-110.2394,7.06249,-107.379,0,CameraPosition,-103.1914,1.784686,-107.4811,CameraRotation,345.1152,266.7177,357.8908,CurrentState,Hover4,Slider,1,Scenario,3
ID,26,Time,970.8224,DronePosition,-110.2394,7.06249,-107.379,0,CameraPosition,-103.1915,1.784662,-107.4811,CameraRotation,345.1292,266.7131,357.89,CurrentState,Hover4,Slider,1,Scenario,3
ID,26,Time,970.8363,DronePosition,-110.2394,7.06249,-107.379,0,CameraPosition,-103.1916,1.784649,-107.4811,CameraRotation,345.1489,266.7171,357.8888,CurrentState,Hover4,Slider,1,Scenario,3
ID,26,Time,970.85,DronePosition,-110.2394,7.06249,-107.379,0,CameraPosition,-103.1917,1.784625,-107.481,CameraRotation,345.1584,266.7214,357.8769,CurrentState,Hover4,Slider,1,Scenario,3
ID,26,Time,970.864,DronePosition,-110.2394,7.06249,-107.379,0,CameraPosition,-103.1918,1.784587,-107.481,CameraRotation,345.1573,266.729,357.8777,CurrentState,Hover4,Slider,1,Scenario,3
ID,26,Time,970.878,DronePosition,-110.2394,7.06249,-107.379,0,CameraPosition,-103.1919,1.784583,-107.481,CameraRotation,345.1805,266.7378,357.8766,CurrentState,Hover4,Slider,1,Scenario,3
ID,26,Time,970.8918,DronePosition,-110.2394,7.06249,-107.379,0,CameraPosition,-103.192,1.784554,-107.481,CameraRotation,345.1805,266.7457,357.8765,CurrentState,Hover4,Slider,1,Scenario,3
ID,26,Time,970.9057,DronePosition,-110.2394,7.06249,-107.379,0,CameraPosition,-103.1922,1.784534,-107.4811,CameraRotation,345.1815,266.7515,357.8741,CurrentState,Hover4,Slider,1,Scenario,3
ID,26,Time,970.9197,DronePosition,-110.2394,7.06249,-107.379,0,CameraPosition,-103.1923,1.78451,-107.4811,CameraRotation,345.1898,266.7546,357.8785,CurrentState,Hover4,Slider,1,Scenario,3
ID,26,Time,970.9338,DronePosition,-110.2394,7.06249,-107.379,0,CameraPosition,-103.1924,1.784493,-107.4811,CameraRotation,345.1944,266.7625,357.8771,CurrentState,Hover4,Slider,1,Scenario,3
ID,26,Time,970.9474,DronePosition,-110.2394,7.06249,-107.379,0,CameraPosition,-103.1925,1.784471,-107.4811,CameraRotation,345.2051,266.7709,357.8719,CurrentState,Hover4,Slider,1,Scenario,3
ID,26,Time,970.9615,DronePosition,-110.2394,7.06249,-107.379,0,CameraPosition,-103.1926,1.784457,-107.4811,CameraRotation,345.213,266.7649,357.8873,CurrentState,Hover4,Slider,1,Scenario,3
ID,26,Time,970.9754,DronePosition,-110.2394,7.06249,-107.379,0,CameraPosition,-103.1927,1.784448,-107.4811,CameraRotation,345.2065,266.7569,357.8955,CurrentState,Hover4,Slider,1,Scenario,3
ID,26,Time,970.9901,DronePosition,-110.2394,7.06249,-107.379,0,CameraPosition,-103.1928,1.784455,-107.4812,CameraRotation,345.2116,266.7422,357.9067,CurrentState,Hover4,Slider,1,Scenario,3
ID,26,Time,971.0034,DronePosition,-110.2394,7.06249,-107.379,0,CameraPosition,-103.1929,1.784455,-107.4812,CameraRotation,345.2233,266.7277,357.9155,CurrentState,Hover4,Slider,1,Scenario,3
ID,26,Time,971.0172,DronePosition,-110.2394,7.06249,-107.379,0,CameraPosition,-103.193,1.784449,-107.4812,CameraRotation,345.2052,266.7295,357.9171,CurrentState,Hover4,Slider,1,Scenario,3
ID,26,Time,971.0309,DronePosition,-110.2394,7.06249,-107.379,0,CameraPosition,-103.1931,1.78446,-107.4812,CameraRotation,345.203,266.7324,357.8989,CurrentState,Hover4,Slider,1,Scenario,3
ID,26,Time,971.045,DronePosition,-110.2394,7.06249,-107.379,0,CameraPosition,-103.1932,1.784465,-107.4812,CameraRotation,345.1914,266.7346,357.8815,CurrentState,Hover4,Slider,1,Scenario,3
ID,26,Time,971.059,DronePosition,-110.2394,7.06249,-107.379,0,CameraPosition,-103.1933,1.784485,-107.4813,CameraRotation,345.1859,266.7494,357.882,CurrentState,Hover4,Slider,1,Scenario,3
ID,26,Time,971.073,DronePosition,-110.2394,7.06249,-107.379,0,CameraPosition,-103.1934,1.784515,-107.4813,CameraRotation,345.1727,266.7602,357.8939,CurrentState,Hover4,Slider,1,Scenario,3
ID,26,Time,971.0869,DronePosition,-110.2394,7.06249,-107.379,0,CameraPosition,-103.1935,1.784522,-107.4814,CameraRotation,345.1665,266.7642,357.9225,CurrentState,Hover4,Slider,1,Scenario,3
ID,26,Time,971.1008,DronePosition,-110.2394,7.06249,-107.379,0,CameraPosition,-103.1936,1.784516,-107.4815,CameraRotation,345.1674,266.7785,357.9453,CurrentState,Hover4,Slider,1,Scenario,3
ID,26,Time,971.1147,DronePosition,-110.2394,7.06249,-107.379,0,CameraPosition,-103.1937,1.784493,-107.4815,CameraRotation,345.17,266.7813,357.9578,CurrentState,Hover4,Slider,1,Scenario,3
ID,26,Time,971.1285,DronePosition,-110.2394,7.06249,-107.379,0,CameraPosition,-103.1938,1.784482,-107.4816,CameraRotation,345.1787,266.783,357.9643,CurrentState,Hover4,Slider,1,Scenario,3
ID,26,Time,971.1425,DronePosition,-110.2394,7.06249,-107.379,0,CameraPosition,-103.1938,1.784487,-107.4817,CameraRotation,345.1786,266.7727,357.9681,CurrentState,Hover4,Slider,1,Scenario,3
ID,26,Time,971.1565,DronePosition,-110.2394,7.06249,-107.379,0,CameraPosition,-103.1939,1.784504,-107.4818,CameraRotation,345.1991,266.7429,357.9786,CurrentState,Hover4,Slider,1,Scenario,3
ID,26,Time,971.1703,DronePosition,-110.2394,7.06249,-107.379,0,CameraPosition,-103.194,1.784472,-107.4818,CameraRotation,345.2137,266.7216,357.9842,CurrentState,Hover4,Slider,1,Scenario,3
ID,26,Time,971.1843,DronePosition,-110.2394,7.06249,-107.379,0,CameraPosition,-103.194,1.784465,-107.4819,CameraRotation,345.2353,266.7041,357.9833,CurrentState,Hover4,Slider,1,Scenario,3
ID,26,Time,971.1987,DronePosition,-110.2394,7.06249,-107.379,0,CameraPosition,-103.1941,1.784458,-107.482,CameraRotation,345.2496,266.6917,357.9929,CurrentState,Hover4,Slider,1,Scenario,3
ID,26,Time,971.2121,DronePosition,-110.2394,7.06249,-107.379,0,CameraPosition,-103.1942,1.78446,-107.4821,CameraRotation,345.2492,266.685,358.0227,CurrentState,Hover4,Slider,1,Scenario,3
ID,26,Time,971.226,DronePosition,-110.2394,7.06249,-107.379,0,CameraPosition,-103.1942,1.784525,-107.4822,CameraRotation,345.2444,266.6788,358.0409,CurrentState,Hover4,Slider,1,Scenario,3
ID,26,Time,971.2398,DronePosition,-110.2394,7.06249,-107.379,0,CameraPosition,-103.1943,1.784583,-107.4823,CameraRotation,345.225,266.6774,358.0678,CurrentState,Hover4,Slider,1,Scenario,3
ID,26,Time,971.2537,DronePosition,-110.2394,7.06249,-107.379,0,CameraPosition,-103.1944,1.784591,-107.4824,CameraRotation,345.2108,266.6771,358.0749,CurrentState,Hover4,Slider,1,Scenario,3
ID,26,Time,971.2676,DronePosition,-110.2394,7.06249,-107.379,0,CameraPosition,-103.1944,1.7846,-107.4824,CameraRotation,345.2112,266.6832,358.0567,CurrentState,Hover4,Slider,1,Scenario,3
ID,26,Time,971.2817,DronePosition,-110.2394,7.06249,-107.379,0,CameraPosition,-103.1944,1.784611,-107.4825,CameraRotation,345.203,266.6875,358.0544,CurrentState,Hover4,Slider,1,Scenario,3
ID,26,Time,971.2957,DronePosition,-110.2394,7.06249,-107.379,0,CameraPosition,-103.1945,1.784655,-107.4826,CameraRotation,345.1885,266.6755,358.0658,CurrentState,Hover4,Slider,1,Scenario,3
ID,26,Time,971.3095,DronePosition,-110.2394,7.06249,-107.379,0,CameraPosition,-103.1946,1.784697,-107.4826,CameraRotation,345.1526,266.6536,358.0811,CurrentState,Hover4,Slider,1,Scenario,3
ID,26,Time,971.3237,DronePosition,-110.2394,7.06249,-107.379,0,CameraPosition,-103.1947,1.784735,-107.4827,CameraRotation,345.1285,266.6455,358.0753,CurrentState,Hover4,Slider,1,Scenario,3
ID,26,Time,971.3375,DronePosition,-110.2394,7.06249,-107.379,0,CameraPosition,-103.1947,1.784742,-107.4828,CameraRotation,345.116,266.6366,358.0765,CurrentState,Hover4,Slider,1,Scenario,3
ID,26,Time,971.3516,DronePosition,-110.2394,7.06249,-107.379,0,CameraPosition,-103.1947,1.784737,-107.4829,CameraRotation,345.1146,266.6348,358.0746,CurrentState,Hover4,Slider,1,Scenario,3
ID,26,Time,971.3652,DronePosition,-110.2394,7.06249,-107.379,0,CameraPosition,-103.1947,1.784741,-107.4829,CameraRotation,345.1031,266.6315,358.0727,CurrentState,Hover4,Slider,1,Scenario,3
ID,26,Time,971.3792,DronePosition,-110.2394,7.06249,-107.379,0,CameraPosition,-103.1947,1.784758,-107.483,CameraRotation,345.0806,266.6263,358.0782,CurrentState,Hover4,Slider,1,Scenario,3
ID,26,Time,971.3934,DronePosition,-110.2394,7.06249,-107.379,0,CameraPosition,-103.1948,1.784771,-107.4831,CameraRotation,345.0545,266.6353,358.0831,CurrentState,Hover4,Slider,1,Scenario,3
ID,26,Time,971.4077,DronePosition,-110.2394,7.06249,-107.379,0,CameraPosition,-103.1948,1.784776,-107.4831,CameraRotation,345.0297,266.6375,358.0707,CurrentState,Hover4,Slider,1,Scenario,3
ID,26,Time,971.4211,DronePosition,-110.2394,7.06249,-107.379,0,CameraPosition,-103.1948,1.78476,-107.4832,CameraRotation,345.0152,266.6405,358.062,CurrentState,Hover4,Slider,1,Scenario,3
ID,26,Time,971.4348,DronePosition,-110.2394,7.06249,-107.379,0,CameraPosition,-103.1948,1.784732,-107.4832,CameraRotation,345.0159,266.6467,358.048,CurrentState,Hover4,Slider,1,Scenario,3
ID,26,Time,971.4489,DronePosition,-110.2394,7.06249,-107.379,0,CameraPosition,-103.1948,1.784697,-107.4833,CameraRotation,345.0279,266.6428,358.0484,CurrentState,Hover4,Slider,1,Scenario,3
ID,26,Time,971.4626,DronePosition,-110.2394,7.06249,-107.379,0,CameraPosition,-103.1947,1.784673,-107.4833,CameraRotation,345.0457,266.6384,358.0463,CurrentState,Hover4,Slider,1,Scenario,3
ID,26,Time,971.4767,DronePosition,-110.2394,7.06249,-107.379,0,CameraPosition,-103.1947,1.784656,-107.4834,CameraRotation,345.0682,266.6338,358.0402,CurrentState,Hover4,Slider,1,Scenario,3
ID,26,Time,971.4907,DronePosition,-110.2394,7.06249,-107.379,0,CameraPosition,-103.1947,1.784628,-107.4835,CameraRotation,345.0827,266.6356,358.0306,CurrentState,Hover4,Slider,1,Scenario,3
ID,26,Time,971.5045,DronePosition,-110.2394,7.06249,-107.379,0,CameraPosition,-103.1946,1.784599,-107.4835,CameraRotation,345.1111,266.6267,358.0309,CurrentState,Hover4,Slider,1,Scenario,3
ID,26,Time,971.5184,DronePosition,-110.2394,7.06249,-107.379,0,CameraPosition,-103.1945,1.784577,-107.4836,CameraRotation,345.1461,266.621,358.0358,CurrentState,Hover4,Slider,2,Scenario,3
ID,26,Time,971.5322,DronePosition,-110.2394,7.06249,-107.379,0,CameraPosition,-103.1944,1.784563,-107.4837,CameraRotation,345.1768,266.614,358.0455,CurrentState,Hover4,Slider,2,Scenario,3
ID,26,Time,971.5462,DronePosition,-110.2394,7.06249,-107.379,0,CameraPosition,-103.1943,1.784567,-107.4838,CameraRotation,345.1829,266.6059,358.047,CurrentState,Hover4,Slider,2,Scenario,3
ID,26,Time,971.5602,DronePosition,-110.2394,7.06249,-107.379,0,CameraPosition,-103.1941,1.78459,-107.4839,CameraRotation,345.1616,266.5871,358.061,CurrentState,Hover4,Slider,2,Scenario,3
ID,26,Time,971.574,DronePosition,-110.2394,7.06249,-107.379,0,CameraPosition,-103.194,1.784628,-107.484,CameraRotation,345.137,266.5683,358.0824,CurrentState,Hover4,Slider,2,Scenario,3
ID,26,Time,971.5881,DronePosition,-110.2394,7.06249,-107.379,0,CameraPosition,-103.1938,1.784651,-107.4841,CameraRotation,345.1064,266.5452,358.1115,CurrentState,Hover4,Slider,2,Scenario,3
ID,26,Time,971.6019,DronePosition,-110.2394,7.06249,-107.379,0,CameraPosition,-103.1936,1.784674,-107.4842,CameraRotation,345.0762,266.5094,358.1413,CurrentState,Hover4,Slider,2,Scenario,3
ID,26,Time,971.6163,DronePosition,-110.2394,7.06249,-107.379,0,CameraPosition,-103.1934,1.784713,-107.4843,CameraRotation,345.0531,266.4762,358.1542,CurrentState,Hover4,Slider,2,Scenario,3
ID,26,Time,971.6298,DronePosition,-110.2394,7.06249,-107.379,0,CameraPosition,-103.1931,1.784771,-107.4844,CameraRotation,345.0163,266.4471,358.1711,CurrentState,Hover4,Slider,2,Scenario,3
ID,26,Time,971.6437,DronePosition,-110.2394,7.06249,-107.379,0,CameraPosition,-103.1929,1.784854,-107.4845,CameraRotation,344.9636,266.4236,358.2098,CurrentState,Hover4,Slider,2,Scenario,3
ID,26,Time,971.6576,DronePosition,-110.2394,7.06249,-107.379,0,CameraPosition,-103.1926,1.784921,-107.4846,CameraRotation,344.9059,266.3927,358.2515,CurrentState,Hover4,Slider,2,Scenario,3
ID,26,Time,971.6714,DronePosition,-110.2394,7.06249,-107.379,0,CameraPosition,-103.1924,1.784998,-107.4847,CameraRotation,344.8538,266.3754,358.2681,CurrentState,Hover4,Slider,2,Scenario,3
ID,26,Time,971.6855,DronePosition,-110.2394,7.06249,-107.379,0,CameraPosition,-103.1922,1.785098,-107.4847,CameraRotation,344.7805,266.3755,358.275,CurrentState,Hover4,Slider,2,Scenario,3
ID,26,Time,971.6994,DronePosition,-110.2394,7.06249,-107.379,0,CameraPosition,-103.1919,1.785195,-107.4847,CameraRotation,344.7048,266.3838,358.259,CurrentState,Hover4,Slider,2,Scenario,3
ID,26,Time,971.7133,DronePosition,-110.2394,7.06249,-107.379,0,CameraPosition,-103.1917,1.785289,-107.4847,CameraRotation,344.6304,266.3959,358.2303,CurrentState,Hover4,Slider,2,Scenario,3
ID,26,Time,971.7273,DronePosition,-110.2394,7.06249,-107.379,0,CameraPosition,-103.1915,1.785392,-107.4847,CameraRotation,344.5692,266.4226,358.2124,CurrentState,Hover4,Slider,2,Scenario,3
ID,26,Time,971.7413,DronePosition,-110.2394,7.06249,-107.379,0,CameraPosition,-103.1913,1.785491,-107.4846,CameraRotation,344.4988,266.4365,358.2139,CurrentState,Hover4,Slider,2,Scenario,3
ID,26,Time,971.755,DronePosition,-110.2394,7.06249,-107.379,0,CameraPosition,-103.1911,1.785573,-107.4846,CameraRotation,344.4335,266.4666,358.2264,CurrentState,Hover4,Slider,2,Scenario,3
ID,26,Time,971.769,DronePosition,-110.2394,7.06249,-107.379,0,CameraPosition,-103.191,1.785626,-107.4846,CameraRotation,344.3853,266.4946,358.2342,CurrentState,Hover4,Slider,2,Scenario,3
ID,26,Time,971.7831,DronePosition,-110.2394,7.06249,-107.379,0,CameraPosition,-103.1908,1.785659,-107.4846,CameraRotation,344.345,266.5271,358.2252,CurrentState,Hover4,Slider,2,Scenario,3
ID,26,Time,971.7968,DronePosition,-110.2394,7.06249,-107.379,0,CameraPosition,-103.1907,1.785683,-107.4846,CameraRotation,344.3103,266.558,358.2151,CurrentState,Hover4,Slider,2,Scenario,3
ID,26,Time,971.8107,DronePosition,-110.2394,7.06249,-107.379,0,CameraPosition,-103.1905,1.785712,-107.4846,CameraRotation,344.281,266.5715,358.1939,CurrentState,Hover4,Slider,2,Scenario,3
ID,26,Time,971.825,DronePosition,-110.2394,7.06249,-107.379,0,CameraPosition,-103.1904,1.785746,-107.4846,CameraRotation,344.2573,266.583,358.1749,CurrentState,Hover4,Slider,2,Scenario,3
ID,26,Time,971.8388,DronePosition,-110.2394,7.06249,-107.379,0,CameraPosition,-103.1903,1.785765,-107.4846,CameraRotation,344.2356,266.5858,358.1628,CurrentState,Hover4,Slider,2,Scenario,3
ID,26,Time,971.8526,DronePosition,-110.2394,7.06249,-107.379,0,CameraPosition,-103.1902,1.785772,-107.4846,CameraRotation,344.2403,266.5959,358.147,CurrentState,Hover4,Slider,2,Scenario,3
ID,26,Time,971.8664,DronePosition,-110.2394,7.06249,-107.379,0,CameraPosition,-103.1901,1.78574,-107.4846,CameraRotation,344.229,266.6055,358.1365,CurrentState,Hover4,Slider,2,Scenario,3
ID,26,Time,971.8802,DronePosition,-110.2394,7.06249,-107.379,0,CameraPosition,-103.19,1.785679,-107.4847,CameraRotation,344.2427,266.6169,358.1402,CurrentState,Hover4,Slider,2,Scenario,3
ID,26,Time,971.8943,DronePosition,-110.2394,7.06249,-107.379,0,CameraPosition,-103.1899,1.785658,-107.4847,CameraRotation,344.2746,266.6279,358.1587,CurrentState,Hover4,Slider,2,Scenario,3
ID,26,Time,971.9082,DronePosition,-110.2394,7.06249,-107.379,0,CameraPosition,-103.1898,1.785651,-107.4848,CameraRotation,344.2939,266.6391,358.1768,CurrentState,Hover4,Slider,2,Scenario,3
ID,26,Time,971.9222,DronePosition,-110.2394,7.06249,-107.379,0,CameraPosition,-103.1897,1.785639,-107.4848,CameraRotation,344.3031,266.6393,358.2063,CurrentState,Hover4,Slider,2,Scenario,3
ID,26,Time,971.9361,DronePosition,-110.2394,7.06249,-107.379,0,CameraPosition,-103.1896,1.785637,-107.4849,CameraRotation,344.3133,266.6378,358.1978,CurrentState,Hover4,Slider,2,Scenario,3
ID,26,Time,971.9501,DronePosition,-110.2394,7.06249,-107.379,0,CameraPosition,-103.1894,1.785634,-107.4849,CameraRotation,344.3248,266.6335,358.2056,CurrentState,Hover4,Slider,2,Scenario,3
ID,26,Time,971.964,DronePosition,-110.2394,7.06249,-107.379,0,CameraPosition,-103.1893,1.785655,-107.485,CameraRotation,344.3242,266.6196,358.2107,CurrentState,Hover4,Slider,2,Scenario,3
ID,26,Time,971.9777,DronePosition,-110.2394,7.06249,-107.379,0,CameraPosition,-103.1892,1.785681,-107.4851,CameraRotation,344.3076,266.5863,358.2067,CurrentState,Hover4,Slider,2,Scenario,3
ID,26,Time,971.9918,DronePosition,-110.2394,7.06249,-107.379,0,CameraPosition,-103.1891,1.785709,-107.4851,CameraRotation,344.3003,266.5635,358.2109,CurrentState,Hover4,Slider,2,Scenario,3
ID,26,Time,972.0056,DronePosition,-110.2394,7.06249,-107.379,0,CameraPosition,-103.189,1.785714,-107.4852,CameraRotation,344.2985,266.5547,358.2099,CurrentState,Hover4,Slider,2,Scenario,3
ID,26,Time,972.0195,DronePosition,-110.2394,7.06249,-107.379,0,CameraPosition,-103.1889,1.78568,-107.4852,CameraRotation,344.3184,266.5464,358.2143,CurrentState,Hover4,Slider,2,Scenario,3
ID,26,Time,972.0339,DronePosition,-110.2394,7.06249,-107.379,0,CameraPosition,-103.1888,1.785643,-107.4853,CameraRotation,344.3189,266.5443,358.2139,CurrentState,Hover4,Slider,2,Scenario,3
ID,26,Time,972.0475,DronePosition,-110.2394,7.06249,-107.379,0,CameraPosition,-103.1886,1.785651,-107.4853,CameraRotation,344.316,266.5589,358.2098,CurrentState,Hover4,Slider,2,Scenario,3
ID,26,Time,972.0615,DronePosition,-110.2394,7.06249,-107.379,0,CameraPosition,-103.1885,1.785661,-107.4854,CameraRotation,344.2967,266.5706,358.2177,CurrentState,Hover4,Slider,2,Scenario,3
ID,26,Time,972.0753,DronePosition,-110.2394,7.06249,-107.379,0,CameraPosition,-103.1884,1.785674,-107.4854,CameraRotation,344.2824,266.571,358.2195,CurrentState,Hover4,Slider,2,Scenario,3
ID,26,Time,972.0892,DronePosition,-110.2394,7.06249,-107.379,0,CameraPosition,-103.1883,1.785729,-107.4855,CameraRotation,344.2696,266.5826,358.2191,CurrentState,Hover4,Slider,2,Scenario,3
ID,26,Time,972.1032,DronePosition,-110.2394,7.06249,-107.379,0,CameraPosition,-103.1882,1.785819,-107.4855,CameraRotation,344.2424,266.5783,358.2307,CurrentState,Hover4,Slider,2,Scenario,3
ID,26,Time,972.117,DronePosition,-110.2394,7.06249,-107.379,0,CameraPosition,-103.1881,1.785899,-107.4856,CameraRotation,344.2074,266.5768,358.224,CurrentState,Hover4,Slider,2,Scenario,3
ID,26,Time,972.1309,DronePosition,-110.2394,7.06249,-107.379,0,CameraPosition,-103.188,1.785931,-107.4856,CameraRotation,344.1896,266.5778,358.2228,CurrentState,Hover4,Slider,2,Scenario,3
ID,26,Time,972.1448,DronePosition,-110.2394,7.06249,-107.379,0,CameraPosition,-103.188,1.785944,-107.4856,CameraRotation,344.1871,266.5776,358.2129,CurrentState,Hover4,Slider,2,Scenario,3
ID,26,Time,972.159,DronePosition,-110.2394,7.06249,-107.379,0,CameraPosition,-103.1879,1.785954,-107.4857,CameraRotation,344.1732,266.5775,358.2008,CurrentState,Hover4,Slider,2,Scenario,3
ID,26,Time,972.1727,DronePosition,-110.2394,7.06249,-107.379,0,CameraPosition,-103.1878,1.785944,-107.4857,CameraRotation,344.1525,266.5841,358.1956,CurrentState,Hover4,Slider,2,Scenario,3
ID,26,Time,972.1864,DronePosition,-110.2394,7.06249,-107.379,0,CameraPosition,-103.1877,1.785944,-107.4858,CameraRotation,344.1346,266.5812,358.1918,CurrentState,Hover4,Slider,2,Scenario,3
ID,26,Time,972.2005,DronePosition,-110.2394,7.06249,-107.379,0,CameraPosition,-103.1876,1.785943,-107.4858,CameraRotation,344.1111,266.5685,358.1761,CurrentState,Hover4,Slider,2,Scenario,3
ID,26,Time,972.2147,DronePosition,-110.2394,7.06249,-107.379,0,CameraPosition,-103.1876,1.785966,-107.4859,CameraRotation,344.0973,266.5673,358.1653,CurrentState,Hover4,Slider,2,Scenario,3
ID,26,Time,972.2285,DronePosition,-110.2394,7.06249,-107.379,0,CameraPosition,-103.1876,1.785998,-107.4859,CameraRotation,344.0795,266.5615,358.1585,CurrentState,Hover4,Slider,2,Scenario,3
ID,26,Time,972.2426,DronePosition,-110.2394,7.06249,-107.379,0,CameraPosition,-103.1875,1.786024,-107.4859,CameraRotation,344.0547,266.5594,358.1543,CurrentState,Hover4,Slider,2,Scenario,3
ID,26,Time,972.2564,DronePosition,-110.2394,7.06249,-107.379,0,CameraPosition,-103.1875,1.786065,-107.486,CameraRotation,344.05,266.5596,358.1514,CurrentState,Hover4,Slider,2,Scenario,3
ID,26,Time,972.2705,DronePosition,-110.2394,7.06249,-107.379,0,CameraPosition,-103.1875,1.78607,-107.486,CameraRotation,344.0644,266.5641,358.1484,CurrentState,Hover4,Slider,2,Scenario,3
ID,26,Time,972.2841,DronePosition,-110.2394,7.06249,-107.379,0,CameraPosition,-103.1875,1.786038,-107.4861,CameraRotation,344.0946,266.5523,358.1401,CurrentState,Hover4,Slider,2,Scenario,3
ID,26,Time,972.2981,DronePosition,-110.2394,7.06249,-107.379,0,CameraPosition,-103.1875,1.785992,-107.4862,CameraRotation,344.1136,266.5462,358.1381,CurrentState,Hover4,Slider,2,Scenario,3
ID,26,Time,972.3119,DronePosition,-110.2394,7.06249,-107.379,0,CameraPosition,-103.1875,1.785978,-107.4862,CameraRotation,344.1124,266.5387,358.1366,CurrentState,Hover4,Slider,2,Scenario,3
ID,26,Time,972.3261,DronePosition,-110.2394,7.06249,-107.379,0,CameraPosition,-103.1875,1.785962,-107.4863,CameraRotation,344.1083,266.5227,358.1497,CurrentState,Hover4,Slider,2,Scenario,3
ID,26,Time,972.3398,DronePosition,-110.2394,7.06249,-107.379,0,CameraPosition,-103.1875,1.785924,-107.4864,CameraRotation,344.124,266.5144,358.1541,CurrentState,Hover4,Slider,2,Scenario,3
ID,26,Time,972.3542,DronePosition,-110.2394,7.06249,-107.379,0,CameraPosition,-103.1876,1.785876,-107.4864,CameraRotation,344.1478,266.5023,358.1538,CurrentState,Hover4,Slider,2,Scenario,3
ID,26,Time,972.368,DronePosition,-110.2394,7.06249,-107.379,0,CameraPosition,-103.1876,1.78585,-107.4865,CameraRotation,344.1474,266.5048,358.137,CurrentState,Hover4,Slider,2,Scenario,3
ID,26,Time,972.3817,DronePosition,-110.2394,7.06249,-107.379,0,CameraPosition,-103.1876,1.785857,-107.4865,CameraRotation,344.1476,266.5133,358.1077,CurrentState,Hover4,Slider,2,Scenario,3
ID,26,Time,972.3955,DronePosition,-110.2394,7.06249,-107.379,0,CameraPosition,-103.1876,1.785859,-107.4866,CameraRotation,344.1352,266.5152,358.0996,CurrentState,Hover4,Slider,2,Scenario,3
ID,26,Time,972.4094,DronePosition,-110.2394,7.06249,-107.379,0,CameraPosition,-103.1877,1.785882,-107.4866,CameraRotation,344.1298,266.5291,358.0927,CurrentState,Hover4,Slider,2,Scenario,3
ID,26,Time,972.4234,DronePosition,-110.2394,7.06249,-107.379,0,CameraPosition,-103.1877,1.785918,-107.4867,CameraRotation,344.129,266.5308,358.1162,CurrentState,Hover4,Slider,2,Scenario,3
ID,26,Time,972.4373,DronePosition,-110.2394,7.06249,-107.379,0,CameraPosition,-103.1877,1.785933,-107.4867,CameraRotation,344.1353,266.5361,358.1428,CurrentState,Hover4,Slider,2,Scenario,3
ID,26,Time,972.4518,DronePosition,-110.2394,7.06249,-107.379,0,CameraPosition,-103.1877,1.785894,-107.4868,CameraRotation,344.1501,266.549,358.1569,CurrentState,Hover4,Slider,2,Scenario,3
ID,26,Time,972.4654,DronePosition,-110.2394,7.06249,-107.379,0,CameraPosition,-103.1877,1.785823,-107.4868,CameraRotation,344.165,266.5459,358.162,CurrentState,Hover4,Slider,2,Scenario,3
ID,26,Time,972.4791,DronePosition,-110.2394,7.06249,-107.379,0,CameraPosition,-103.1877,1.785784,-107.4869,CameraRotation,344.1935,266.5455,358.1444,CurrentState,Hover4,Slider,2,Scenario,3
ID,26,Time,972.493,DronePosition,-110.2394,7.06249,-107.379,0,CameraPosition,-103.1877,1.785756,-107.4869,CameraRotation,344.1875,266.5299,358.1324,CurrentState,Hover4,Slider,2,Scenario,3
ID,26,Time,972.5068,DronePosition,-110.2394,7.06249,-107.379,0,CameraPosition,-103.1877,1.785744,-107.4869,CameraRotation,344.1763,266.5182,358.1079,CurrentState,Hover4,Slider,2,Scenario,3
ID,26,Time,972.5208,DronePosition,-110.2394,7.06249,-107.379,0,CameraPosition,-103.1877,1.785723,-107.4869,CameraRotation,344.1717,266.5143,358.0862,CurrentState,Hover4,Slider,2,Scenario,3
ID,26,Time,972.5348,DronePosition,-110.2394,7.06249,-107.379,0,CameraPosition,-103.1877,1.785699,-107.4869,CameraRotation,344.1597,266.517,358.0625,CurrentState,Hover4,Slider,2,Scenario,3
ID,26,Time,972.5486,DronePosition,-110.2394,7.06249,-107.379,0,CameraPosition,-103.1877,1.785669,-107.4869,CameraRotation,344.1446,266.526,358.0487,CurrentState,Hover4,Slider,2,Scenario,3
ID,26,Time,972.5626,DronePosition,-110.2394,7.06249,-107.379,0,CameraPosition,-103.1877,1.785667,-107.4869,CameraRotation,344.1403,266.5406,358.0494,CurrentState,Hover4,Slider,2,Scenario,3
ID,26,Time,972.5767,DronePosition,-110.2394,7.06249,-107.379,0,CameraPosition,-103.1876,1.785682,-107.4869,CameraRotation,344.1137,266.5716,358.0572,CurrentState,Hover4,Slider,2,Scenario,3
ID,26,Time,972.5906,DronePosition,-110.2394,7.06249,-107.379,0,CameraPosition,-103.1876,1.785679,-107.4869,CameraRotation,344.0929,266.6155,358.0422,CurrentState,Hover4,Slider,2,Scenario,3
ID,26,Time,972.6043,DronePosition,-110.2394,7.06249,-107.379,0,CameraPosition,-103.1875,1.78565,-107.4869,CameraRotation,344.0957,266.6483,358.0085,CurrentState,Hover4,Slider,2,Scenario,3
ID,26,Time,972.6183,DronePosition,-110.2394,7.06249,-107.379,0,CameraPosition,-103.1875,1.785604,-107.4869,CameraRotation,344.1209,266.696,357.9952,CurrentState,Hover4,Slider,2,Scenario,3
ID,26,Time,972.6326,DronePosition,-110.2394,7.06249,-107.379,0,CameraPosition,-103.1875,1.785587,-107.4869,CameraRotation,344.1337,266.7262,357.9807,CurrentState,Hover4,Slider,2,Scenario,3
ID,26,Time,972.6462,DronePosition,-110.2394,7.06249,-107.379,0,CameraPosition,-103.1874,1.785578,-107.4869,CameraRotation,344.1321,266.7401,357.9663,CurrentState,Hover4,Slider,2,Scenario,3
ID,26,Time,972.6604,DronePosition,-110.2394,7.06249,-107.379,0,CameraPosition,-103.1874,1.785573,-107.487,CameraRotation,344.1221,266.7584,357.9541,CurrentState,Hover4,Slider,2,Scenario,3
ID,26,Time,972.6744,DronePosition,-110.2394,7.06249,-107.379,0,CameraPosition,-103.1874,1.785578,-107.487,CameraRotation,344.1365,266.7776,357.9491,CurrentState,Hover4,Slider,2,Scenario,3
ID,26,Time,972.6879,DronePosition,-110.2394,7.06249,-107.379,0,CameraPosition,-103.1874,1.78556,-107.4871,CameraRotation,344.1388,266.7916,357.947,CurrentState,Hover4,Slider,2,Scenario,3
ID,26,Time,972.7019,DronePosition,-110.2394,7.06249,-107.379,0,CameraPosition,-103.1873,1.785544,-107.4872,CameraRotation,344.1483,266.7961,357.9496,CurrentState,Hover4,Slider,2,Scenario,3
ID,26,Time,972.7158,DronePosition,-110.2394,7.06249,-107.379,0,CameraPosition,-103.1873,1.785517,-107.4873,CameraRotation,344.1467,266.7912,357.9742,CurrentState,Hover4,Slider,2,Scenario,3
ID,26,Time,972.7296,DronePosition,-110.2394,7.06249,-107.379,0,CameraPosition,-103.1872,1.785503,-107.4874,CameraRotation,344.1382,266.7841,357.9934,CurrentState,Hover4,Slider,2,Scenario,3
ID,26,Time,972.7435,DronePosition,-110.2394,7.06249,-107.379,0,CameraPosition,-103.1872,1.785513,-107.4875,CameraRotation,344.1419,266.761,358.0137,CurrentState,Hover4,Slider,2,Scenario,3
ID,26,Time,972.7576,DronePosition,-110.2394,7.06249,-107.379,0,CameraPosition,-103.1871,1.785533,-107.4877,CameraRotation,344.1461,266.7388,358.0391,CurrentState,Hover4,Slider,2,Scenario,3
ID,26,Time,972.7716,DronePosition,-110.2394,7.06249,-107.379,0,CameraPosition,-103.1871,1.785545,-107.4878,CameraRotation,344.1399,266.7074,358.063,CurrentState,Hover4,Slider,2,Scenario,3
ID,26,Time,972.7855,DronePosition,-110.2394,7.06249,-107.379,0,CameraPosition,-103.187,1.78558,-107.488,CameraRotation,344.1281,266.6733,358.0914,CurrentState,Hover4,Slider,2,Scenario,3
ID,26,Time,972.7993,DronePosition,-110.2394,7.06249,-107.379,0,CameraPosition,-103.1869,1.7856,-107.4881,CameraRotation,344.1001,266.6385,358.1212,CurrentState,Hover4,Slider,2,Scenario,3
ID,26,Time,972.813,DronePosition,-110.2394,7.06249,-107.379,0,CameraPosition,-103.1868,1.785636,-107.4883,CameraRotation,344.0909,266.6181,358.1275,CurrentState,Hover4,Slider,2,Scenario,3
ID,26,Time,972.8271,DronePosition,-110.2394,7.06249,-107.379,0,CameraPosition,-103.1868,1.785633,-107.4884,CameraRotation,344.0709,266.5935,358.1539,CurrentState,Hover4,Slider,2,Scenario,3
ID,26,Time,972.8409,DronePosition,-110.2394,7.06249,-107.379,0,CameraPosition,-103.1867,1.785632,-107.4885,CameraRotation,344.0559,266.5825,358.1673,CurrentState,Hover4,Slider,2,Scenario,3
ID,26,Time,972.8549,DronePosition,-110.2394,7.06249,-107.379,0,CameraPosition,-103.1866,1.785627,-107.4887,CameraRotation,344.033,266.5751,358.1897,CurrentState,Hover4,Slider,2,Scenario,3
ID,26,Time,972.869,DronePosition,-110.2394,7.06249,-107.379,0,CameraPosition,-103.1865,1.785648,-107.4888,CameraRotation,344.0157,266.5756,358.2002,CurrentState,Hover4,Slider,2,Scenario,3
ID,26,Time,972.8829,DronePosition,-110.2394,7.06249,-107.379,0,CameraPosition,-103.1864,1.78566,-107.4889,CameraRotation,343.989,266.5787,358.2092,CurrentState,Hover4,Slider,2,Scenario,3
ID,26,Time,972.8966,DronePosition,-110.2394,7.06249,-107.379,0,CameraPosition,-103.1863,1.785706,-107.489,CameraRotation,343.9679,266.5898,358.2148,CurrentState,Hover4,Slider,2,Scenario,3
ID,26,Time,972.9105,DronePosition,-110.2394,7.06249,-107.379,0,CameraPosition,-103.1862,1.785753,-107.489,CameraRotation,343.9512,266.598,358.2317,CurrentState,Hover4,Slider,2,Scenario,3
ID,26,Time,972.9255,DronePosition,-110.2394,7.06249,-107.379,0,CameraPosition,-103.1861,1.785768,-107.4891,CameraRotation,343.9395,266.6147,358.248,CurrentState,Hover4,Slider,2,Scenario,3
ID,26,Time,972.9386,DronePosition,-110.2394,7.06249,-107.379,0,CameraPosition,-103.1861,1.785776,-107.4892,CameraRotation,343.9375,266.628,358.2482,CurrentState,Hover4,Slider,2,Scenario,3
ID,26,Time,972.9523,DronePosition,-110.2394,7.06249,-107.379,0,CameraPosition,-103.186,1.785799,-107.4893,CameraRotation,343.9243,266.6362,358.2583,CurrentState,Hover4,Slider,2,Scenario,3
ID,26,Time,972.9662,DronePosition,-110.2394,7.06249,-107.379,0,CameraPosition,-103.1859,1.785833,-107.4893,CameraRotation,343.8958,266.6463,358.2758,CurrentState,Hover4,Slider,2,Scenario,3
ID,26,Time,972.9802,DronePosition,-110.2394,7.06249,-107.379,0,CameraPosition,-103.1859,1.785805,-107.4894,CameraRotation,343.8771,266.6437,358.2941,CurrentState,Hover4,Slider,2,Scenario,3
ID,26,Time,972.9941,DronePosition,-110.2394,7.06249,-107.379,0,CameraPosition,-103.1859,1.785753,-107.4895,CameraRotation,343.903,266.6377,358.3014,CurrentState,Hover4,Slider,2,Scenario,3
ID,26,Time,973.008,DronePosition,-110.2394,7.06249,-107.379,0,CameraPosition,-103.1859,1.785717,-107.4896,CameraRotation,343.9361,266.6278,358.3069,CurrentState,Hover4,Slider,2,Scenario,3
ID,26,Time,973.0219,DronePosition,-110.2394,7.06249,-107.379,0,CameraPosition,-103.1858,1.785707,-107.4897,CameraRotation,343.9468,266.6261,358.3074,CurrentState,Hover4,Slider,2,Scenario,3
ID,26,Time,973.0358,DronePosition,-110.2394,7.06249,-107.379,0,CameraPosition,-103.1858,1.785722,-107.4898,CameraRotation,343.9402,266.6238,358.2983,CurrentState,Hover4,Slider,2,Scenario,3
ID,26,Time,973.05,DronePosition,-110.2394,7.06249,-107.379,0,CameraPosition,-103.1858,1.78575,-107.4898,CameraRotation,343.9459,266.6228,358.2912,CurrentState,Hover4,Slider,2,Scenario,3
ID,26,Time,973.0637,DronePosition,-110.2394,7.06249,-107.379,0,CameraPosition,-103.1858,1.785804,-107.4899,CameraRotation,343.9633,266.6365,358.3067,CurrentState,Hover4,Slider,2,Scenario,3
ID,26,Time,973.0779,DronePosition,-110.2394,7.06249,-107.379,0,CameraPosition,-103.1857,1.785855,-107.4899,CameraRotation,343.9807,266.6655,358.3527,CurrentState,Hover4,Slider,2,Scenario,3
ID,26,Time,973.0916,DronePosition,-110.2394,7.06249,-107.379,0,CameraPosition,-103.1857,1.785846,-107.49,CameraRotation,343.9843,266.6681,358.394,CurrentState,Hover4,Slider,2,Scenario,3
ID,26,Time,973.1055,DronePosition,-110.2394,7.06249,-107.379,0,CameraPosition,-103.1857,1.785811,-107.4901,CameraRotation,344.0099,266.6699,358.4241,CurrentState,Hover4,Slider,2,Scenario,3
ID,26,Time,973.1193,DronePosition,-110.2394,7.06249,-107.379,0,CameraPosition,-103.1857,1.78575,-107.4901,CameraRotation,344.044,266.6644,358.45,CurrentState,Hover4,Slider,2,Scenario,3
ID,26,Time,973.1333,DronePosition,-110.2394,7.06249,-107.379,0,CameraPosition,-103.1857,1.785705,-107.4902,CameraRotation,344.065,266.6605,358.4506,CurrentState,Hover4,Slider,2,Scenario,3
ID,26,Time,973.1472,DronePosition,-110.2394,7.06249,-107.379,0,CameraPosition,-103.1857,1.785677,-107.4903,CameraRotation,344.0684,266.6401,358.4521,CurrentState,Hover4,Slider,2,Scenario,3
ID,26,Time,973.161,DronePosition,-110.2394,7.06249,-107.379,0,CameraPosition,-103.1857,1.785661,-107.4903,CameraRotation,344.0683,266.623,358.4527,CurrentState,Hover4,Slider,2,Scenario,3
ID,26,Time,973.175,DronePosition,-110.2394,7.06249,-107.379,0,CameraPosition,-103.1857,1.785643,-107.4904,CameraRotation,344.0835,266.6115,358.4471,CurrentState,Hover4,Slider,2,Scenario,3
ID,26,Time,973.189,DronePosition,-110.2394,7.06249,-107.379,0,CameraPosition,-103.1857,1.785641,-107.4904,CameraRotation,344.1041,266.5958,358.4228,CurrentState,Hover4,Slider,2,Scenario,3
ID,26,Time,973.2029,DronePosition,-110.2394,7.06249,-107.379,0,CameraPosition,-103.1857,1.785634,-107.4904,CameraRotation,344.1057,266.5963,358.4087,CurrentState,Hover4,Slider,2,Scenario,3
ID,26,Time,973.2169,DronePosition,-110.2394,7.06249,-107.379,0,CameraPosition,-103.1857,1.785633,-107.4904,CameraRotation,344.1227,266.5991,358.4308,CurrentState,Hover4,Slider,2,Scenario,3
ID,26,Time,973.2307,DronePosition,-110.2394,7.06249,-107.379,0,CameraPosition,-103.1857,1.785668,-107.4904,CameraRotation,344.1359,266.606,358.4405,CurrentState,Hover4,Slider,2,Scenario,3
ID,26,Time,973.2446,DronePosition,-110.2394,7.06249,-107.379,0,CameraPosition,-103.1857,1.785691,-107.4904,CameraRotation,344.123,266.6271,358.4389,CurrentState,Hover4,Slider,2,Scenario,3
ID,26,Time,973.2587,DronePosition,-110.2394,7.06249,-107.379,0,CameraPosition,-103.1857,1.785679,-107.4903,CameraRotation,344.1124,266.6579,358.419,CurrentState,Hover4,Slider,2,Scenario,3
ID,26,Time,973.2725,DronePosition,-110.2394,7.06249,-107.379,0,CameraPosition,-103.1857,1.785682,-107.4903,CameraRotation,344.1167,266.6871,358.3884,CurrentState,Hover4,Slider,2,Scenario,3
ID,26,Time,973.2869,DronePosition,-110.2394,7.06249,-107.379,0,CameraPosition,-103.1857,1.785706,-107.4902,CameraRotation,344.1168,266.7049,358.3826,CurrentState,Hover4,Slider,2,Scenario,3
ID,26,Time,973.3005,DronePosition,-110.2394,7.06249,-107.379,0,CameraPosition,-103.1857,1.785735,-107.4902,CameraRotation,344.1118,266.7007,358.3912,CurrentState,Hover4,Slider,2,Scenario,3
ID,26,Time,973.3143,DronePosition,-110.2394,7.06249,-107.379,0,CameraPosition,-103.1857,1.785754,-107.4902,CameraRotation,344.1043,266.6998,358.3913,CurrentState,Hover4,Slider,2,Scenario,3
ID,26,Time,973.3282,DronePosition,-110.2394,7.06249,-107.379,0,CameraPosition,-103.1857,1.785765,-107.4901,CameraRotation,344.1107,266.708,358.377,CurrentState,Hover4,Slider,2,Scenario,3
ID,26,Time,973.3421,DronePosition,-110.2394,7.06249,-107.379,0,CameraPosition,-103.1857,1.785768,-107.4901,CameraRotation,344.1102,266.6981,358.3749,CurrentState,Hover4,Slider,2,Scenario,3
ID,26,Time,973.3561,DronePosition,-110.2394,7.06249,-107.379,0,CameraPosition,-103.1857,1.785774,-107.49,CameraRotation,344.1,266.6948,358.3824,CurrentState,Hover4,Slider,2,Scenario,3
ID,26,Time,973.3702,DronePosition,-110.2394,7.06249,-107.379,0,CameraPosition,-103.1857,1.785782,-107.49,CameraRotation,344.0945,266.6817,358.3884,CurrentState,Hover4,Slider,2,Scenario,3
ID,26,Time,973.3843,DronePosition,-110.2394,7.06249,-107.379,0,CameraPosition,-103.1857,1.785814,-107.49,CameraRotation,344.0992,266.6722,358.3875,CurrentState,Hover4,Slider,2,Scenario,3
ID,26,Time,973.3981,DronePosition,-110.2394,7.06249,-107.379,0,CameraPosition,-103.1858,1.785844,-107.49,CameraRotation,344.0949,266.6614,358.382,CurrentState,Hover4,Slider,2,Scenario,3
ID,26,Time,973.4119,DronePosition,-110.2394,7.06249,-107.379,0,CameraPosition,-103.1858,1.785863,-107.4899,CameraRotation,344.0824,266.653,358.388,CurrentState,Hover4,Slider,2,Scenario,3
ID,26,Time,973.4257,DronePosition,-110.2394,7.06249,-107.379,0,CameraPosition,-103.1858,1.78589,-107.4899,CameraRotation,344.0633,266.6472,358.3919,CurrentState,Hover4,Slider,2,Scenario,3
ID,26,Time,973.4398,DronePosition,-110.2394,7.06249,-107.379,0,CameraPosition,-103.1859,1.785913,-107.4898,CameraRotation,344.047,266.6445,358.388,CurrentState,Hover4,Slider,2,Scenario,3
ID,26,Time,973.4536,DronePosition,-110.2394,7.06249,-107.379,0,CameraPosition,-103.1859,1.785908,-107.4897,CameraRotation,344.0503,266.6436,358.3719,CurrentState,Hover4,Slider,2,Scenario,3
ID,26,Time,973.4675,DronePosition,-110.2394,7.06249,-107.379,0,CameraPosition,-103.1859,1.785878,-107.4896,CameraRotation,344.0729,266.665,358.3577,CurrentState,Hover4,Slider,2,Scenario,3
ID,26,Time,973.4816,DronePosition,-110.2394,7.06249,-107.379,0,CameraPosition,-103.186,1.785853,-107.4895,CameraRotation,344.0853,266.6801,358.3474,CurrentState,Hover4,Slider,2,Scenario,3
ID,26,Time,973.4957,DronePosition,-110.2394,7.06249,-107.379,0,CameraPosition,-103.186,1.785862,-107.4894,CameraRotation,344.0927,266.6995,358.337,CurrentState,Hover4,Slider,2,Scenario,3
ID,26,Time,973.5094,DronePosition,-110.2394,7.06249,-107.379,0,CameraPosition,-103.186,1.785864,-107.4893,CameraRotation,344.0896,266.7272,358.3311,CurrentState,Hover4,Slider,2,Scenario,3
ID,26,Time,973.5233,DronePosition,-110.2394,7.06249,-107.379,0,CameraPosition,-103.1861,1.785856,-107.4892,CameraRotation,344.0946,266.7551,358.3195,CurrentState,Hover4,Slider,2,Scenario,3
ID,26,Time,973.5372,DronePosition,-110.2394,7.06249,-107.379,0,CameraPosition,-103.1861,1.78586,-107.489,CameraRotation,344.1085,266.7786,358.3052,CurrentState,Hover4,Slider,2,Scenario,3
ID,26,Time,973.5511,DronePosition,-110.2394,7.06249,-107.379,0,CameraPosition,-103.1862,1.785845,-107.4889,CameraRotation,344.1098,266.7905,358.3074,CurrentState,Hover4,Slider,2,Scenario,3
ID,26,Time,973.5648,DronePosition,-110.2394,7.06249,-107.379,0,CameraPosition,-103.1863,1.785838,-107.4888,CameraRotation,344.1185,266.8081,358.304,CurrentState,Hover4,Slider,2,Scenario,3
ID,26,Time,973.5787,DronePosition,-110.2394,7.06249,-107.379,0,CameraPosition,-103.1863,1.785827,-107.4887,CameraRotation,344.1246,266.8175,358.2898,CurrentState,Hover4,Slider,2,Scenario,3
ID,26,Time,973.5928,DronePosition,-110.2394,7.06249,-107.379,0,CameraPosition,-103.1864,1.785847,-107.4885,CameraRotation,344.1377,266.8258,358.2632,CurrentState,Hover4,Slider,2,Scenario,3
ID,26,Time,973.6066,DronePosition,-110.2394,7.06249,-107.379,0,CameraPosition,-103.1864,1.785874,-107.4884,CameraRotation,344.1374,266.8362,358.2399,CurrentState,Hover4,Slider,2,Scenario,3
ID,26,Time,973.6206,DronePosition,-110.2394,7.06249,-107.379,0,CameraPosition,-103.1865,1.785875,-107.4883,CameraRotation,344.1285,266.8387,358.2451,CurrentState,Hover4,Slider,2,Scenario,3
ID,26,Time,973.6345,DronePosition,-110.2394,7.06249,-107.379,0,CameraPosition,-103.1866,1.785872,-107.4882,CameraRotation,344.1169,266.849,358.2492,CurrentState,Hover4,Slider,2,Scenario,3
ID,26,Time,973.6486,DronePosition,-110.2394,7.06249,-107.379,0,CameraPosition,-103.1867,1.785884,-107.4881,CameraRotation,344.1337,266.8541,358.2512,CurrentState,Hover4,Slider,2,Scenario,3
ID,26,Time,973.6624,DronePosition,-110.2394,7.06249,-107.379,0,CameraPosition,-103.1868,1.785912,-107.488,CameraRotation,344.1339,266.8778,358.2458,CurrentState,Hover4,Slider,2,Scenario,3
ID,26,Time,973.6761,DronePosition,-110.2394,7.06249,-107.379,0,CameraPosition,-103.1869,1.785971,-107.4879,CameraRotation,344.0887,266.9032,358.2265,CurrentState,Hover4,Slider,2,Scenario,3
ID,26,Time,973.6902,DronePosition,-110.2394,7.06249,-107.379,0,CameraPosition,-103.187,1.786022,-107.4877,CameraRotation,344.0406,266.9297,358.2068,CurrentState,Hover4,Slider,2,Scenario,3
ID,26,Time,973.7045,DronePosition,-110.2394,7.06249,-107.379,0,CameraPosition,-103.1872,1.786044,-107.4876,CameraRotation,344.0187,266.948,358.1886,CurrentState,Hover4,Slider,2,Scenario,3
ID,26,Time,973.7181,DronePosition,-110.2394,7.06249,-107.379,0,CameraPosition,-103.1873,1.786042,-107.4875,CameraRotation,344.0368,266.9579,358.186,CurrentState,Hover4,Slider,2,Scenario,3
ID,26,Time,973.732,DronePosition,-110.2394,7.06249,-107.379,0,CameraPosition,-103.1875,1.786035,-107.4874,CameraRotation,344.0573,266.9618,358.2013,CurrentState,Hover4,Slider,2,Scenario,3
ID,26,Time,973.7458,DronePosition,-110.2394,7.06249,-107.379,0,CameraPosition,-103.1876,1.786024,-107.4873,CameraRotation,344.0677,266.9598,358.2193,CurrentState,Hover4,Slider,2,Scenario,3
ID,26,Time,973.7598,DronePosition,-110.2394,7.06249,-107.379,0,CameraPosition,-103.1878,1.785998,-107.4872,CameraRotation,344.0786,266.9695,358.2237,CurrentState,Hover4,Slider,2,Scenario,3
ID,26,Time,973.7738,DronePosition,-110.2394,7.06249,-107.379,0,CameraPosition,-103.188,1.785961,-107.4871,CameraRotation,344.0896,266.9756,358.209,CurrentState,Hover4,Slider,2,Scenario,3
ID,26,Time,973.7878,DronePosition,-110.2394,7.06249,-107.379,0,CameraPosition,-103.1882,1.785902,-107.487,CameraRotation,344.0865,266.981,358.2073,CurrentState,Hover4,Slider,2,Scenario,3
ID,26,Time,973.8017,DronePosition,-110.2394,7.06249,-107.379,0,CameraPosition,-103.1884,1.785842,-107.4869,CameraRotation,344.0897,266.9819,358.1988,CurrentState,Hover4,Slider,2,Scenario,3
ID,26,Time,973.8156,DronePosition,-110.2394,7.06249,-107.379,0,CameraPosition,-103.1886,1.785805,-107.4868,CameraRotation,344.1105,266.9801,358.1834,CurrentState,Hover4,Slider,2,Scenario,3
ID,26,Time,973.8293,DronePosition,-110.2394,7.06249,-107.379,0,CameraPosition,-103.1888,1.785768,-107.4867,CameraRotation,344.1466,266.9794,358.1605,CurrentState,Hover4,Slider,2,Scenario,3
ID,26,Time,973.8432,DronePosition,-110.2394,7.06249,-107.379,0,CameraPosition,-103.1889,1.785707,-107.4866,CameraRotation,344.1679,266.9854,358.1433,CurrentState,Hover4,Slider,2,Scenario,3
ID,26,Time,973.8572,DronePosition,-110.2394,7.06249,-107.379,0,CameraPosition,-103.1891,1.785706,-107.4865,CameraRotation,344.1905,266.993,358.1195,CurrentState,Hover4,Slider,2,Scenario,3
ID,26,Time,973.8712,DronePosition,-110.2394,7.06249,-107.379,0,CameraPosition,-103.1893,1.785715,-107.4863,CameraRotation,344.2346,267.0064,358.111,CurrentState,Hover4,Slider,2,Scenario,3
ID,26,Time,973.885,DronePosition,-110.2394,7.06249,-107.379,0,CameraPosition,-103.1894,1.785675,-107.4861,CameraRotation,344.2642,267.0132,358.1158,CurrentState,Hover4,Slider,2,Scenario,3
ID,26,Time,973.899,DronePosition,-110.2394,7.06249,-107.379,0,CameraPosition,-103.1896,1.785612,-107.486,CameraRotation,344.2969,267.0308,358.1111,CurrentState,Hover4,Slider,2,Scenario,3
ID,26,Time,973.9133,DronePosition,-110.2394,7.06249,-107.379,0,CameraPosition,-103.1897,1.785566,-107.4859,CameraRotation,344.3174,267.0551,358.0795,CurrentState,Hover4,Slider,2,Scenario,3
ID,26,Time,973.928,DronePosition,-110.2394,7.06249,-107.379,0,CameraPosition,-103.1899,1.785553,-107.4858,CameraRotation,344.3117,267.0732,358.057,CurrentState,Hover4,Slider,2,Scenario,3
ID,26,Time,973.9412,DronePosition,-110.2394,7.06249,-107.379,0,CameraPosition,-103.19,1.785553,-107.4857,CameraRotation,344.3083,267.0811,358.0365,CurrentState,Hover4,Slider,2,Scenario,3
ID,26,Time,973.9548,DronePosition,-110.2394,7.06249,-107.379,0,CameraPosition,-103.1901,1.78554,-107.4856,CameraRotation,344.3061,267.0806,358.0283,CurrentState,Hover4,Slider,2,Scenario,3
ID,26,Time,973.9688,DronePosition,-110.2394,7.06249,-107.379,0,CameraPosition,-103.1902,1.78552,-107.4856,CameraRotation,344.3116,267.0759,358.0146,CurrentState,Hover4,Slider,2,Scenario,3
ID,26,Time,973.9827,DronePosition,-110.2394,7.06249,-107.379,0,CameraPosition,-103.1903,1.785504,-107.4855,CameraRotation,344.3119,267.0714,358.013,CurrentState,Hover4,Slider,2,Scenario,3
ID,26,Time,973.9964,DronePosition,-110.2394,7.06249,-107.379,0,CameraPosition,-103.1904,1.785512,-107.4854,CameraRotation,344.2813,267.0689,358.0136,CurrentState,Hover4,Slider,2,Scenario,3
ID,26,Time,974.0106,DronePosition,-110.2394,7.06249,-107.379,0,CameraPosition,-103.1905,1.785558,-107.4854,CameraRotation,344.2538,267.0678,358.0191,CurrentState,Hover4,Slider,2,Scenario,3
ID,26,Time,974.0245,DronePosition,-110.2394,7.06249,-107.379,0,CameraPosition,-103.1905,1.785619,-107.4853,CameraRotation,344.2168,267.0655,358.0095,CurrentState,Hover4,Slider,2,Scenario,3
ID,26,Time,974.0383,DronePosition,-110.2394,7.06249,-107.379,0,CameraPosition,-103.1906,1.785698,-107.4852,CameraRotation,344.1837,267.0544,358.0164,CurrentState,Hover4,Slider,2,Scenario,3
ID,26,Time,974.0522,DronePosition,-110.2394,7.06249,-107.379,0,CameraPosition,-103.1906,1.785722,-107.4852,CameraRotation,344.1527,267.0427,358.0196,CurrentState,Hover4,Slider,2,Scenario,3
ID,26,Time,974.0663,DronePosition,-110.2394,7.06249,-107.379,0,CameraPosition,-103.1907,1.785731,-107.4851,CameraRotation,344.1337,267.0237,358.03,CurrentState,Hover4,Slider,2,Scenario,3
ID,26,Time,974.0801,DronePosition,-110.2394,7.06249,-107.379,0,CameraPosition,-103.1908,1.785733,-107.4851,CameraRotation,344.1214,267.015,358.0277,CurrentState,Hover4,Slider,2,Scenario,3
ID,26,Time,974.094,DronePosition,-110.2394,7.06249,-107.379,0,CameraPosition,-103.1908,1.785769,-107.4851,CameraRotation,344.11,266.9994,358.0265,CurrentState,Hover4,Slider,2,Scenario,3
ID,26,Time,974.108,DronePosition,-110.2394,7.06249,-107.379,0,CameraPosition,-103.1909,1.785805,-107.485,CameraRotation,344.0882,266.9905,358.0257,CurrentState,Hover4,Slider,2,Scenario,3
ID,26,Time,974.1223,DronePosition,-110.2394,7.06249,-107.379,0,CameraPosition,-103.1909,1.785837,-107.485,CameraRotation,344.0656,266.9846,358.014,CurrentState,Hover4,Slider,2,Scenario,3
ID,26,Time,974.1358,DronePosition,-110.2394,7.06249,-107.379,0,CameraPosition,-103.191,1.785845,-107.485,CameraRotation,344.0532,266.9865,358.0009,CurrentState,Hover4,Slider,2,Scenario,3
ID,26,Time,974.1498,DronePosition,-110.2394,7.06249,-107.379,0,CameraPosition,-103.1911,1.785854,-107.4849,CameraRotation,344.0435,266.9937,357.9885,CurrentState,Hover4,Slider,2,Scenario,3
ID,26,Time,974.1636,DronePosition,-110.2394,7.06249,-107.379,0,CameraPosition,-103.1912,1.785841,-107.4849,CameraRotation,344.0413,266.9938,357.9878,CurrentState,Hover4,Slider,2,Scenario,3
ID,26,Time,974.1774,DronePosition,-110.2394,7.06249,-107.379,0,CameraPosition,-103.1912,1.785839,-107.4849,CameraRotation,344.0423,266.9951,357.9814,CurrentState,Hover4,Slider,2,Scenario,3
ID,26,Time,974.1913,DronePosition,-110.2394,7.06249,-107.379,0,CameraPosition,-103.1913,1.785839,-107.4848,CameraRotation,344.0545,267.0047,357.9763,CurrentState,Hover4,Slider,2,Scenario,3
ID,26,Time,974.2053,DronePosition,-110.2394,7.06249,-107.379,0,CameraPosition,-103.1914,1.785829,-107.4848,CameraRotation,344.0579,267.0094,357.9772,CurrentState,Hover4,Slider,2,Scenario,3
ID,26,Time,974.2192,DronePosition,-110.2394,7.06249,-107.379,0,CameraPosition,-103.1914,1.785823,-107.4848,CameraRotation,344.0696,267.0111,357.9875,CurrentState,Hover4,Slider,2,Scenario,3
ID,26,Time,974.2332,DronePosition,-110.2394,7.06249,-107.379,0,CameraPosition,-103.1915,1.785809,-107.4848,CameraRotation,344.0701,267.0135,357.9759,CurrentState,Hover4,Slider,2,Scenario,3
ID,26,Time,974.2471,DronePosition,-110.2394,7.06249,-107.379,0,CameraPosition,-103.1916,1.785784,-107.4849,CameraRotation,344.0757,267.0191,357.9714,CurrentState,Hover4,Slider,2,Scenario,3
ID,26,Time,974.2608,DronePosition,-110.2394,7.06249,-107.379,0,CameraPosition,-103.1917,1.785767,-107.4849,CameraRotation,344.0858,267.0137,357.9775,CurrentState,Hover4,Slider,2,Scenario,3
ID,26,Time,974.2749,DronePosition,-110.2394,7.06249,-107.379,0,CameraPosition,-103.1918,1.785742,-107.4849,CameraRotation,344.0966,266.9915,357.9897,CurrentState,Hover4,Slider,2,Scenario,3
ID,26,Time,974.2889,DronePosition,-110.2394,7.06249,-107.379,0,CameraPosition,-103.1919,1.785717,-107.4849,CameraRotation,344.1191,266.9756,358.003,CurrentState,Hover4,Slider,2,Scenario,3
ID,26,Time,974.3028,DronePosition,-110.2394,7.06249,-107.379,0,CameraPosition,-103.1919,1.785692,-107.4849,CameraRotation,344.1283,266.9568,358.0072,CurrentState,Hover4,Slider,2,Scenario,3
ID,26,Time,974.3167,DronePosition,-110.2394,7.06249,-107.379,0,CameraPosition,-103.192,1.785691,-107.485,CameraRotation,344.1337,266.9507,357.9854,CurrentState,Hover4,Slider,2,Scenario,3
ID,26,Time,974.3309,DronePosition,-110.2394,7.06249,-107.379,0,CameraPosition,-103.192,1.785701,-107.485,CameraRotation,344.1381,266.9602,357.9463,CurrentState,Hover4,Slider,2,Scenario,3
ID,26,Time,974.3444,DronePosition,-110.2394,7.06249,-107.379,0,CameraPosition,-103.1921,1.785733,-107.4849,CameraRotation,344.1526,266.9671,357.9286,CurrentState,Hover4,Slider,2,Scenario,3
ID,26,Time,974.3585,DronePosition,-110.2394,7.06249,-107.379,0,CameraPosition,-103.1922,1.785778,-107.4849,CameraRotation,344.1733,266.9738,357.9388,CurrentState,Hover4,Slider,2,Scenario,3
ID,26,Time,974.3722,DronePosition,-110.2394,7.06249,-107.379,0,CameraPosition,-103.1922,1.785773,-107.485,CameraRotation,344.185,266.9823,357.9583,CurrentState,Hover4,Slider,2,Scenario,3
ID,26,Time,974.3868,DronePosition,-110.2394,7.06249,-107.379,0,CameraPosition,-103.1922,1.785765,-107.485,CameraRotation,344.1977,267.0021,357.9719,CurrentState,Hover4,Slider,2,Scenario,3
ID,26,Time,974.4005,DronePosition,-110.2394,7.06249,-107.379,0,CameraPosition,-103.1922,1.785749,-107.4851,CameraRotation,344.2098,267.0125,357.9857,CurrentState,Hover4,Slider,2,Scenario,3
ID,26,Time,974.4144,DronePosition,-110.2394,7.06249,-107.379,0,CameraPosition,-103.1922,1.785763,-107.4851,CameraRotation,344.2078,267.0284,357.9892,CurrentState,Hover4,Slider,2,Scenario,3
ID,26,Time,974.428,DronePosition,-110.2394,7.06249,-107.379,0,CameraPosition,-103.1922,1.785785,-107.4851,CameraRotation,344.2019,267.0269,357.9939,CurrentState,Hover4,Slider,2,Scenario,3
ID,26,Time,974.4421,DronePosition,-110.2394,7.06249,-107.379,0,CameraPosition,-103.1921,1.785789,-107.4852,CameraRotation,344.2027,267.0107,358.0087,CurrentState,Hover4,Slider,2,Scenario,3
ID,26,Time,974.456,DronePosition,-110.2394,7.06249,-107.379,0,CameraPosition,-103.192,1.785783,-107.4852,CameraRotation,344.2246,266.985,358.005,CurrentState,Hover4,Slider,2,Scenario,3
ID,26,Time,974.4699,DronePosition,-110.2394,7.06249,-107.379,0,CameraPosition,-103.192,1.785782,-107.4853,CameraRotation,344.2363,266.9642,357.9951,CurrentState,Hover4,Slider,2,Scenario,3
ID,26,Time,974.4839,DronePosition,-110.2394,7.06249,-107.379,0,CameraPosition,-103.1919,1.785781,-107.4854,CameraRotation,344.2348,266.9407,357.9918,CurrentState,Hover4,Slider,2,Scenario,3
ID,26,Time,974.4979,DronePosition,-110.2394,7.06249,-107.379,0,CameraPosition,-103.1918,1.785767,-107.4855,CameraRotation,344.2195,266.933,357.9973,CurrentState,Hover4,Slider,2,Scenario,3
ID,26,Time,974.5118,DronePosition,-110.2394,7.06249,-107.379,0,CameraPosition,-103.1917,1.785756,-107.4855,CameraRotation,344.2206,266.9248,358.0264,CurrentState,Hover4,Slider,2,Scenario,3
ID,26,Time,974.5257,DronePosition,-110.2394,7.06249,-107.379,0,CameraPosition,-103.1916,1.785777,-107.4856,CameraRotation,344.198,266.9186,358.043,CurrentState,Hover4,Slider,2,Scenario,3
ID,26,Time,974.5399,DronePosition,-110.2394,7.06249,-107.379,0,CameraPosition,-103.1915,1.785816,-107.4856,CameraRotation,344.1588,266.933,358.0542,CurrentState,Hover4,Slider,2,Scenario,3
ID,26,Time,974.5536,DronePosition,-110.2394,7.06249,-107.379,0,CameraPosition,-103.1913,1.78584,-107.4857,CameraRotation,344.1361,266.9526,358.0397,CurrentState,Hover4,Slider,2,Scenario,3
ID,26,Time,974.5674,DronePosition,-110.2394,7.06249,-107.379,0,CameraPosition,-103.1912,1.785844,-107.4857,CameraRotation,344.1392,266.9659,358.0337,CurrentState,Hover4,Slider,2,Scenario,3
ID,26,Time,974.5814,DronePosition,-110.2394,7.06249,-107.379,0,CameraPosition,-103.1911,1.785808,-107.4857,CameraRotation,344.1473,266.9706,358.0458,CurrentState,Hover4,Slider,2,Scenario,3
ID,26,Time,974.5952,DronePosition,-110.2394,7.06249,-107.379,0,CameraPosition,-103.1909,1.785786,-107.4858,CameraRotation,344.1487,266.9745,358.0473,CurrentState,Hover4,Slider,2,Scenario,3
ID,26,Time,974.609,DronePosition,-110.2394,7.06249,-107.379,0,CameraPosition,-103.1908,1.785793,-107.4858,CameraRotation,344.1362,266.9739,358.0424,CurrentState,Hover4,Slider,2,Scenario,3
ID,26,Time,974.6234,DronePosition,-110.2394,7.06249,-107.379,0,CameraPosition,-103.1906,1.785815,-107.4859,CameraRotation,344.1109,266.9697,358.0353,CurrentState,Hover4,Slider,2,Scenario,3
ID,26,Time,974.6372,DronePosition,-110.2394,7.06249,-107.379,0,CameraPosition,-103.1904,1.785835,-107.4859,CameraRotation,344.0711,266.9722,358.0343,CurrentState,Hover4,Slider,2,Scenario,3
ID,26,Time,974.6509,DronePosition,-110.2394,7.06249,-107.379,0,CameraPosition,-103.1902,1.785884,-107.486,CameraRotation,344.0539,266.9764,358.0402,CurrentState,Hover4,Slider,2,Scenario,3
ID,26,Time,974.665,DronePosition,-110.2394,7.06249,-107.379,0,CameraPosition,-103.1901,1.78592,-107.4861,CameraRotation,344.0352,266.9712,358.0433,CurrentState,Hover4,Slider,2,Scenario,3
ID,26,Time,974.6786,DronePosition,-110.2394,7.06249,-107.379,0,CameraPosition,-103.1899,1.785957,-107.4862,CameraRotation,344.0319,266.9711,358.0494,CurrentState,Hover4,Slider,2,Scenario,3
ID,26,Time,974.6926,DronePosition,-110.2394,7.06249,-107.379,0,CameraPosition,-103.1897,1.785973,-107.4863,CameraRotation,344.0208,266.9714,358.0555,CurrentState,Hover4,Slider,2,Scenario,3
ID,26,Time,974.7064,DronePosition,-110.2394,7.06249,-107.379,0,CameraPosition,-103.1895,1.785993,-107.4863,CameraRotation,344.0099,266.9609,358.0652,CurrentState,Hover4,Slider,2,Scenario,3
ID,26,Time,974.7208,DronePosition,-110.2394,7.06249,-107.379,0,CameraPosition,-103.1893,1.786017,-107.4864,CameraRotation,343.9973,266.9622,358.0774,CurrentState,Hover4,Slider,2,Scenario,3
ID,26,Time,974.7344,DronePosition,-110.2394,7.06249,-107.379,0,CameraPosition,-103.1891,1.786032,-107.4865,CameraRotation,343.9914,266.9414,358.0966,CurrentState,Hover4,Slider,2,Scenario,3
ID,26,Time,974.7487,DronePosition,-110.2394,7.06249,-107.379,0,CameraPosition,-103.1889,1.786042,-107.4866,CameraRotation,343.9835,266.9286,358.1078,CurrentState,Hover4,Slider,2,Scenario,3
ID,26,Time,974.7619,DronePosition,-110.2394,7.06249,-107.379,0,CameraPosition,-103.1888,1.786047,-107.4867,CameraRotation,343.9836,266.9175,358.1115,CurrentState,Hover4,Slider,2,Scenario,3
ID,26,Time,974.7764,DronePosition,-110.2394,7.06249,-107.379,0,CameraPosition,-103.1886,1.786061,-107.4868,CameraRotation,343.976,266.9086,358.1158,CurrentState,Hover4,Slider,2,Scenario,3
ID,26,Time,974.7901,DronePosition,-110.2394,7.06249,-107.379,0,CameraPosition,-103.1883,1.786095,-107.4869,CameraRotation,343.9579,266.8956,358.1209,CurrentState,Hover4,Slider,2,Scenario,3
ID,26,Time,974.804,DronePosition,-110.2394,7.06249,-107.379,0,CameraPosition,-103.1881,1.786123,-107.4869,CameraRotation,343.9399,266.8718,358.1331,CurrentState,Hover4,Slider,2,Scenario,3
ID,26,Time,974.8181,DronePosition,-110.2394,7.06249,-107.379,0,CameraPosition,-103.1879,1.786157,-107.487,CameraRotation,343.9312,266.8677,358.1319,CurrentState,Hover4,Slider,2,Scenario,3
ID,26,Time,974.8319,DronePosition,-110.2394,7.06249,-107.379,0,CameraPosition,-103.1877,1.786188,-107.487,CameraRotation,343.9268,266.8683,358.1373,CurrentState,Hover4,Slider,2,Scenario,3
ID,26,Time,974.8457,DronePosition,-110.2394,7.06249,-107.379,0,CameraPosition,-103.1874,1.786217,-107.4871,CameraRotation,343.9136,266.8712,358.1466,CurrentState,Hover4,Slider,2,Scenario,3
ID,26,Time,974.8597,DronePosition,-110.2394,7.06249,-107.379,0,CameraPosition,-103.1872,1.786238,-107.4872,CameraRotation,343.8923,266.8651,358.165,CurrentState,Hover4,Slider,2,Scenario,3
ID,26,Time,974.8736,DronePosition,-110.2394,7.06249,-107.379,0,CameraPosition,-103.187,1.786262,-107.4873,CameraRotation,343.8727,266.8644,358.177,CurrentState,Hover4,Slider,2,Scenario,3
ID,26,Time,974.8875,DronePosition,-110.2394,7.06249,-107.379,0,CameraPosition,-103.1867,1.786286,-107.4874,CameraRotation,343.8687,266.8634,358.1829,CurrentState,Hover4,Slider,2,Scenario,3
ID,26,Time,974.9014,DronePosition,-110.2394,7.06249,-107.379,0,CameraPosition,-103.1865,1.78631,-107.4874,CameraRotation,343.8566,266.8527,358.1967,CurrentState,Hover4,Slider,2,Scenario,3
ID,26,Time,974.9155,DronePosition,-110.2394,7.06249,-107.379,0,CameraPosition,-103.1863,1.78634,-107.4876,CameraRotation,343.8306,266.8431,358.2181,CurrentState,Hover4,Slider,2,Scenario,3
ID,26,Time,974.9299,DronePosition,-110.2394,7.06249,-107.379,0,CameraPosition,-103.1861,1.786383,-107.4876,CameraRotation,343.8175,266.8259,358.2379,CurrentState,Hover4,Slider,2,Scenario,3
ID,26,Time,974.9432,DronePosition,-110.2394,7.06249,-107.379,0,CameraPosition,-103.1859,1.786421,-107.4877,CameraRotation,343.7957,266.8085,358.2506,CurrentState,Hover4,Slider,2,Scenario,3
ID,26,Time,974.9576,DronePosition,-110.2394,7.06249,-107.379,0,CameraPosition,-103.1857,1.786474,-107.4878,CameraRotation,343.7687,266.8054,358.2486,CurrentState,Hover4,Slider,2,Scenario,3
ID,26,Time,974.9714,DronePosition,-110.2394,7.06249,-107.379,0,CameraPosition,-103.1855,1.786551,-107.4878,CameraRotation,343.7387,266.8144,358.2364,CurrentState,Hover4,Slider,2,Scenario,3
ID,26,Time,974.9852,DronePosition,-110.2394,7.06249,-107.379,0,CameraPosition,-103.1853,1.786623,-107.4879,CameraRotation,343.7099,266.8248,358.2251,CurrentState,Hover4,Slider,2,Scenario,3
ID,26,Time,974.9991,DronePosition,-110.2394,7.06249,-107.379,0,CameraPosition,-103.1851,1.786711,-107.4879,CameraRotation,343.6801,266.8422,358.2311,CurrentState,Hover4,Slider,2,Scenario,3
ID,26,Time,975.0127,DronePosition,-110.2394,7.06249,-107.379,0,CameraPosition,-103.1849,1.786782,-107.488,CameraRotation,343.6531,266.8514,358.2646,CurrentState,Hover4,Slider,2,Scenario,3
ID,26,Time,975.0267,DronePosition,-110.2394,7.06249,-107.379,0,CameraPosition,-103.1847,1.786857,-107.488,CameraRotation,343.6231,266.8528,358.2968,CurrentState,Hover4,Slider,2,Scenario,3
ID,26,Time,975.0406,DronePosition,-110.2394,7.06249,-107.379,0,CameraPosition,-103.1845,1.786922,-107.4881,CameraRotation,343.5932,266.8611,358.3138,CurrentState,Hover4,Slider,2,Scenario,3
ID,26,Time,975.0546,DronePosition,-110.2394,7.06249,-107.379,0,CameraPosition,-103.1843,1.786955,-107.4882,CameraRotation,343.5693,266.8698,358.3284,CurrentState,Hover4,Slider,2,Scenario,3
ID,26,Time,975.0684,DronePosition,-110.2394,7.06249,-107.379,0,CameraPosition,-103.1841,1.786939,-107.4882,CameraRotation,343.5583,266.8638,358.3471,CurrentState,Hover4,Slider,2,Scenario,3
ID,26,Time,975.0824,DronePosition,-110.2394,7.06249,-107.379,0,CameraPosition,-103.184,1.786922,-107.4883,CameraRotation,343.5555,266.8296,358.3596,CurrentState,Hover4,Slider,2,Scenario,3
ID,26,Time,975.0963,DronePosition,-110.2394,7.06249,-107.379,0,CameraPosition,-103.1838,1.786928,-107.4884,CameraRotation,343.5476,266.8054,358.3695,CurrentState,Hover4,Slider,2,Scenario,3
ID,26,Time,975.1102,DronePosition,-110.2394,7.06249,-107.379,0,CameraPosition,-103.1837,1.786941,-107.4884,CameraRotation,343.5311,266.7737,358.3783,CurrentState,Hover4,Slider,2,Scenario,3
ID,26,Time,975.1243,DronePosition,-110.2394,7.06249,-107.379,0,CameraPosition,-103.1835,1.786972,-107.4885,CameraRotation,343.5155,266.7558,358.3775,CurrentState,MoveToFinal,Slider,2,Scenario,3
ID,26,Time,975.138,DronePosition,-110.2394,7.063434,-107.379,0.06871299,CameraPosition,-103.1834,1.786998,-107.4885,CameraRotation,343.5035,266.7477,358.374,CurrentState,MoveToFinal,Slider,2,Scenario,3
ID,26,Time,975.1519,DronePosition,-110.2394,7.065366,-107.379,0.1384725,CameraPosition,-103.1833,1.787001,-107.4885,CameraRotation,343.5179,266.743,358.3857,CurrentState,MoveToFinal,Slider,2,Scenario,3
ID,26,Time,975.1663,DronePosition,-110.2394,7.068368,-107.379,0.209966,CameraPosition,-103.1832,1.787006,-107.4885,CameraRotation,343.5403,266.7448,358.4048,CurrentState,MoveToFinal,Slider,2,Scenario,3
ID,26,Time,975.1798,DronePosition,-110.2394,7.072127,-107.379,0.277666,CameraPosition,-103.1831,1.787014,-107.4885,CameraRotation,343.5335,266.7587,358.4129,CurrentState,MoveToFinal,Slider,2,Scenario,3
ID,26,Time,975.1937,DronePosition,-110.2394,7.07696,-107.379,0.347252,CameraPosition,-103.1829,1.787029,-107.4884,CameraRotation,343.5215,266.7787,358.3984,CurrentState,MoveToFinal,Slider,2,Scenario,3
ID,26,Time,975.2076,DronePosition,-110.2394,7.082752,-107.379,0.4167405,CameraPosition,-103.1829,1.787042,-107.4884,CameraRotation,343.5208,266.8034,358.381,CurrentState,MoveToFinal,Slider,2,Scenario,3
ID,26,Time,975.2217,DronePosition,-110.2394,7.089609,-107.379,0.4871255,CameraPosition,-103.1828,1.787037,-107.4884,CameraRotation,343.5236,266.8195,358.3667,CurrentState,MoveToFinal,Slider,2,Scenario,3
ID,26,Time,975.2355,DronePosition,-110.2394,7.097309,-107.379,0.556327,CameraPosition,-103.1827,1.787015,-107.4883,CameraRotation,343.5213,266.8326,358.3624,CurrentState,MoveToFinal,Slider,2,Scenario,3
ID,26,Time,975.2495,DronePosition,-110.2394,7.106052,-107.379,0.626144,CameraPosition,-103.1826,1.787014,-107.4883,CameraRotation,343.5167,266.8312,358.3615,CurrentState,MoveToFinal,Slider,2,Scenario,3
ID,26,Time,975.2633,DronePosition,-110.2394,7.115666,-107.379,0.695281,CameraPosition,-103.1826,1.78702,-107.4883,CameraRotation,343.5174,266.8351,358.3524,CurrentState,MoveToFinal,Slider,2,Scenario,3
ID,26,Time,975.2774,DronePosition,-110.2394,7.126474,-107.379,0.7658415,CameraPosition,-103.1825,1.787014,-107.4882,CameraRotation,343.5226,266.8489,358.3424,CurrentState,MoveToFinal,Slider,2,Scenario,3
ID,26,Time,975.2912,DronePosition,-110.2394,7.13795,-107.379,0.8345925,CameraPosition,-103.1825,1.787025,-107.4882,CameraRotation,343.53,266.8574,358.3463,CurrentState,MoveToFinal,Slider,2,Scenario,3
ID,26,Time,975.3051,DronePosition,-110.2394,7.150581,-107.379,0.9044229,CameraPosition,-103.1824,1.787047,-107.4882,CameraRotation,343.5209,266.8624,358.3429,CurrentState,MoveToFinal,Slider,2,Scenario,3
ID,26,Time,975.3194,DronePosition,-110.2394,7.164519,-107.379,0.9758375,CameraPosition,-103.1824,1.787069,-107.4882,CameraRotation,343.5152,266.8557,358.3571,CurrentState,MoveToFinal,Slider,2,Scenario,3
ID,26,Time,975.3331,DronePosition,-110.2394,7.178868,-107.379,1.044524,CameraPosition,-103.1824,1.787072,-107.4882,CameraRotation,343.5168,266.8553,358.359,CurrentState,MoveToFinal,Slider,2,Scenario,3
ID,26,Time,975.3469,DronePosition,-110.2394,7.194163,-107.379,1.11322,CameraPosition,-103.1823,1.787075,-107.4881,CameraRotation,343.5191,266.8464,358.3566,CurrentState,MoveToFinal,Slider,2,Scenario,3
ID,26,Time,975.3609,DronePosition,-110.2394,7.210708,-107.379,1.183139,CameraPosition,-103.1823,1.787086,-107.4881,CameraRotation,343.5183,266.8279,358.3585,CurrentState,MoveToFinal,Slider,2,Scenario,3
ID,26,Time,975.3752,DronePosition,-110.2394,7.228623,-107.379,1.254541,CameraPosition,-103.1823,1.787067,-107.4881,CameraRotation,343.5129,266.8172,358.361,CurrentState,MoveToFinal,Slider,2,Scenario,3
ID,26,Time,975.3889,DronePosition,-110.2394,7.246796,-107.379,1.323212,CameraPosition,-103.1823,1.787024,-107.4881,CameraRotation,343.5078,266.8076,358.3636,CurrentState,MoveToFinal,Slider,2,Scenario,3
ID,26,Time,975.403,DronePosition,-110.2394,7.266516,-107.379,1.393947,CameraPosition,-103.1823,1.787012,-107.488,CameraRotation,343.5065,266.8047,358.3639,CurrentState,MoveToFinal,Slider,2,Scenario,3
ID,26,Time,975.4167,DronePosition,-110.2394,7.286518,-107.379,1.462335,CameraPosition,-103.1823,1.78701,-107.488,CameraRotation,343.4933,266.8026,358.3641,CurrentState,MoveToFinal,Slider,2,Scenario,3
ID,26,Time,975.4307,DronePosition,-110.2394,7.307905,-107.379,1.532132,CameraPosition,-103.1824,1.787014,-107.4879,CameraRotation,343.4955,266.7983,358.3721,CurrentState,MoveToFinal,Slider,2,Scenario,3
ID,26,Time,975.4443,DronePosition,-110.2394,7.329751,-107.379,1.600383,CameraPosition,-103.1824,1.787019,-107.4879,CameraRotation,343.4994,266.8046,358.375,CurrentState,MoveToFinal,Slider,2,Scenario,3
ID,26,Time,975.4589,DronePosition,-110.2394,7.354032,-107.379,1.672953,CameraPosition,-103.1823,1.787011,-107.4878,CameraRotation,343.491,266.8103,358.3717,CurrentState,MoveToFinal,Slider,2,Scenario,3
ID,26,Time,975.4725,DronePosition,-110.2394,7.377775,-107.379,1.741135,CameraPosition,-103.1823,1.787011,-107.4878,CameraRotation,343.4868,266.8175,358.3608,CurrentState,MoveToFinal,Slider,2,Scenario,3
ID,26,Time,975.4861,DronePosition,-110.2394,7.402455,-107.379,1.809337,CameraPosition,-103.1823,1.787009,-107.4877,CameraRotation,343.4794,266.8299,358.3631,CurrentState,MoveToFinal,Slider,2,Scenario,3
ID,26,Time,975.5002,DronePosition,-110.2394,7.429041,-107.379,1.880043,CameraPosition,-103.1823,1.787019,-107.4877,CameraRotation,343.4719,266.8372,358.3609,CurrentState,MoveToFinal,Slider,2,Scenario,3
ID,26,Time,975.514,DronePosition,-110.2394,7.455951,-107.379,1.949076,CameraPosition,-103.1824,1.787036,-107.4876,CameraRotation,343.4562,266.8456,358.3553,CurrentState,MoveToFinal,Slider,2,Scenario,3
ID,26,Time,975.528,DronePosition,-110.2394,7.484154,-107.379,2.018922,CameraPosition,-103.1824,1.787028,-107.4875,CameraRotation,343.4445,266.8441,358.3622,CurrentState,MoveToFinal,Slider,2,Scenario,3
ID,26,Time,975.5418,DronePosition,-110.2394,7.512903,-107.379,2.087773,CameraPosition,-103.1824,1.787013,-107.4875,CameraRotation,343.4328,266.8524,358.3574,CurrentState,MoveToFinal,Slider,2,Scenario,3
ID,26,Time,975.5558,DronePosition,-110.2394,7.54317,-107.379,2.157904,CameraPosition,-103.1824,1.787009,-107.4874,CameraRotation,343.4241,266.8606,358.3401,CurrentState,MoveToFinal,Slider,2,Scenario,3
ID,26,Time,975.5697,DronePosition,-110.2394,7.574052,-107.379,2.227232,CameraPosition,-103.1825,1.787033,-107.4873,CameraRotation,343.4124,266.8616,358.336,CurrentState,MoveToFinal,Slider,2,Scenario,3
ID,26,Time,975.5841,DronePosition,-110.2394,7.607236,-107.379,2.299392,CameraPosition,-103.1825,1.787064,-107.4873,CameraRotation,343.3773,266.8546,358.3384,CurrentState,MoveToFinal,Slider,2,Scenario,3
ID,26,Time,975.5976,DronePosition,-110.2394,7.639058,-107.379,2.366622,CameraPosition,-103.1826,1.787073,-107.4872,CameraRotation,343.347,266.8464,358.3484,CurrentState,MoveToFinal,Slider,2,Scenario,3
ID,26,Time,975.6114,DronePosition,-110.2394,7.672724,-107.379,2.43573,CameraPosition,-103.1826,1.787095,-107.4871,CameraRotation,343.3285,266.8499,358.3507,CurrentState,MoveToFinal,Slider,2,Scenario,3
ID,26,Time,975.6256,DronePosition,-110.2394,7.708282,-107.379,2.506658,CameraPosition,-103.1826,1.787158,-107.487,CameraRotation,343.2874,266.8557,358.3385,CurrentState,MoveToFinal,Slider,2,Scenario,3
ID,26,Time,975.6395,DronePosition,-110.2394,7.744004,-107.379,2.575994,CameraPosition,-103.1826,1.787232,-107.4869,CameraRotation,343.2305,266.8658,358.3188,CurrentState,MoveToFinal,Slider,2,Scenario,3
ID,26,Time,975.6531,DronePosition,-110.2394,7.780112,-107.379,2.644269,CameraPosition,-103.1826,1.78735,-107.4868,CameraRotation,343.1519,266.8857,358.2956,CurrentState,MoveToFinal,Slider,2,Scenario,3
ID,26,Time,975.6672,DronePosition,-110.2394,7.818465,-107.379,2.714904,CameraPosition,-103.1827,1.787514,-107.4867,CameraRotation,343.0358,266.9021,358.2852,CurrentState,MoveToFinal,Slider,2,Scenario,3
ID,26,Time,975.6812,DronePosition,-110.2394,7.85721,-107.379,2.784477,CameraPosition,-103.1827,1.78771,-107.4866,CameraRotation,342.9027,266.9165,358.3053,CurrentState,MoveToFinal,Slider,2,Scenario,3
ID,26,Time,975.6951,DronePosition,-110.2394,7.896995,-107.379,2.854173,CameraPosition,-103.1827,1.787938,-107.4865,CameraRotation,342.7411,266.929,358.3259,CurrentState,MoveToFinal,Slider,2,Scenario,3
ID,26,Time,975.709,DronePosition,-110.2394,7.937566,-107.379,2.923559,CameraPosition,-103.1827,1.788269,-107.4865,CameraRotation,342.5202,266.9377,358.3592,CurrentState,MoveToFinal,Slider,2,Scenario,3
ID,26,Time,975.7228,DronePosition,-110.2394,7.979084,-107.379,2.992921,CameraPosition,-103.1827,1.78866,-107.4864,CameraRotation,342.2308,266.9547,358.3892,CurrentState,MoveToFinal,Slider,2,Scenario,3
ID,26,Time,975.7368,DronePosition,-110.2394,8.021941,-107.379,3.062882,CameraPosition,-103.1826,1.789053,-107.4862,CameraRotation,341.9327,267.0209,358.41,CurrentState,MoveToFinal,Slider,2,Scenario,3
ID,26,Time,975.7507,DronePosition,-110.2394,8.0653,-107.379,3.132099,CameraPosition,-103.1824,1.789443,-107.486,CameraRotation,341.6425,267.111,358.4411,CurrentState,MoveToFinal,Slider,2,Scenario,3
ID,26,Time,975.7647,DronePosition,-110.2394,8.110356,-107.379,3.202446,CameraPosition,-103.1822,1.789779,-107.4858,CameraRotation,341.3631,267.1953,358.4428,CurrentState,MoveToFinal,Slider,2,Scenario,3
ID,26,Time,975.7788,DronePosition,-110.2394,8.156327,-107.379,3.272681,CameraPosition,-103.182,1.790098,-107.4856,CameraRotation,341.1124,267.256,358.4248,CurrentState,MoveToFinal,Slider,2,Scenario,3
ID,26,Time,975.7932,DronePosition,-110.2394,8.204364,-107.379,3.344496,CameraPosition,-103.1816,1.790465,-107.4855,CameraRotation,340.8155,267.3494,358.414,CurrentState,MoveToFinal,Slider,2,Scenario,3
ID,26,Time,975.8064,DronePosition,-110.2394,8.249633,-107.379,3.410856,CameraPosition,-103.1813,1.790925,-107.4852,CameraRotation,340.4798,267.4405,358.4401,CurrentState,MoveToFinal,Slider,2,Scenario,3
ID,26,Time,975.8203,DronePosition,-110.2394,8.297816,-107.379,3.480083,CameraPosition,-103.1809,1.791445,-107.485,CameraRotation,340.0589,267.5543,358.4636,CurrentState,MoveToFinal,Slider,2,Scenario,3
ID,26,Time,975.8344,DronePosition,-110.2394,8.347902,-107.379,3.550616,CameraPosition,-103.1804,1.791991,-107.4848,CameraRotation,339.6394,267.6471,358.4752,CurrentState,MoveToFinal,Slider,2,Scenario,3
ID,26,Time,975.8483,DronePosition,-110.2394,8.398123,-107.379,3.619981,CameraPosition,-103.18,1.792526,-107.4845,CameraRotation,339.2085,267.7283,358.4912,CurrentState,MoveToFinal,Slider,2,Scenario,3
ID,26,Time,975.8619,DronePosition,-110.2394,8.448528,-107.379,3.688312,CameraPosition,-103.1794,1.79309,-107.4843,CameraRotation,338.738,267.8144,358.5056,CurrentState,MoveToFinal,Slider,2,Scenario,3
ID,26,Time,975.8759,DronePosition,-110.2394,8.501039,-107.379,3.758174,CameraPosition,-103.1789,1.793626,-107.4841,CameraRotation,338.2686,267.8973,358.512,CurrentState,MoveToFinal,Slider,2,Scenario,3
ID,26,Time,975.89,DronePosition,-110.2394,8.554818,-107.379,3.828411,CameraPosition,-103.1783,1.794118,-107.4838,CameraRotation,337.8425,267.9738,358.5265,CurrentState,MoveToFinal,Slider,2,Scenario,3
ID,26,Time,975.9038,DronePosition,-110.2394,8.608834,-107.379,3.897704,CameraPosition,-103.1777,1.794591,-107.4836,CameraRotation,337.4117,268.0408,358.5167,CurrentState,MoveToFinal,Slider,2,Scenario,3
ID,26,Time,975.9178,DronePosition,-110.2394,8.66448,-107.379,3.967825,CameraPosition,-103.177,1.795057,-107.4834,CameraRotation,336.966,268.1161,358.5081,CurrentState,MoveToFinal,Slider,2,Scenario,3
ID,26,Time,975.9318,DronePosition,-110.2394,8.721078,-107.379,4.037909,CameraPosition,-103.1763,1.795562,-107.4832,CameraRotation,336.5194,268.178,358.5256,CurrentState,MoveToFinal,Slider,2,Scenario,3
ID,26,Time,975.9457,DronePosition,-110.2394,8.778069,-107.379,4.107286,CameraPosition,-103.1756,1.796131,-107.483,CameraRotation,336.0439,268.248,358.5552,CurrentState,MoveToFinal,Slider,2,Scenario,3
ID,26,Time,975.9597,DronePosition,-110.2394,8.836408,-107.379,4.177118,CameraPosition,-103.1748,1.79672,-107.4827,CameraRotation,335.5293,268.3061,358.6089,CurrentState,MoveToFinal,Slider,2,Scenario,3
ID,26,Time,975.9738,DronePosition,-110.2394,8.896125,-107.379,4.247416,CameraPosition,-103.1741,1.797241,-107.4825,CameraRotation,335.0323,268.3724,358.6541,CurrentState,MoveToFinal,Slider,2,Scenario,3
ID,26,Time,975.988,DronePosition,-110.2394,8.957631,-107.379,4.318627,CameraPosition,-103.1733,1.797728,-107.4823,CameraRotation,334.5474,268.438,358.6988,CurrentState,MoveToFinal,Slider,2,Scenario,3
ID,26,Time,976.002,DronePosition,-110.2394,9.019204,-107.379,4.388775,CameraPosition,-103.1725,1.798182,-107.4821,CameraRotation,334.0575,268.508,358.7845,CurrentState,MoveToFinal,Slider,2,Scenario,3
ID,26,Time,976.0154,DronePosition,-110.2394,9.078822,-107.379,4.455677,CameraPosition,-103.1717,1.798644,-107.4819,CameraRotation,333.557,268.5811,358.8864,CurrentState,MoveToFinal,Slider,2,Scenario,3
ID,26,Time,976.0294,DronePosition,-110.2394,9.142192,-107.379,4.525688,CameraPosition,-103.1709,1.799084,-107.4817,CameraRotation,333.0155,268.6642,359.0111,CurrentState,MoveToFinal,Slider,2,Scenario,3
ID,26,Time,976.0433,DronePosition,-110.2394,9.205949,-107.379,4.595063,CameraPosition,-103.17,1.799536,-107.4815,CameraRotation,332.4844,268.7687,359.067,CurrentState,MoveToFinal,Slider,2,Scenario,3
ID,26,Time,976.0571,DronePosition,-110.2394,9.270319,-107.379,4.66407,CameraPosition,-103.169,1.800022,-107.4812,CameraRotation,331.9607,268.8744,359.101,CurrentState,MoveToFinal,Slider,2,Scenario,3
ID,26,Time,976.0711,DronePosition,-110.2394,9.336863,-107.379,4.734347,CameraPosition,-103.168,1.80055,-107.4811,CameraRotation,331.4133,268.9622,359.1112,CurrentState,MoveToFinal,Slider,2,Scenario,3
ID,26,Time,976.0851,DronePosition,-110.2394,9.404109,-107.379,4.804333,CameraPosition,-103.167,1.80106,-107.481,CameraRotation,330.8484,269.0128,359.1391,CurrentState,MoveToFinal,Slider,2,Scenario,3
ID,26,Time,976.099,DronePosition,-110.2394,9.471848,-107.379,4.873826,CameraPosition,-103.166,1.801521,-107.4808,CameraRotation,330.3369,269.038,359.1734,CurrentState,MoveToFinal,Slider,2,Scenario,3
ID,26,Time,976.1129,DronePosition,-110.2394,9.540452,-107.379,4.943218,CameraPosition,-103.1651,1.80192,-107.4807,CameraRotation,329.8874,269.0582,359.1923,CurrentState,MoveToFinal,Slider,2,Scenario,3
ID,26,Time,976.1269,DronePosition,-110.2394,9.61071,-107.379,5.013289,CameraPosition,-103.164,1.802256,-107.4806,CameraRotation,329.4397,269.0643,359.2092,CurrentState,MoveToFinal,Slider,2,Scenario,3
ID,26,Time,976.1409,DronePosition,-110.2394,9.681783,-107.379,5.083199,CameraPosition,-103.163,1.802579,-107.4805,CameraRotation,328.9936,269.0862,359.2332,CurrentState,MoveToFinal,Slider,2,Scenario,3
ID,26,Time,976.1548,DronePosition,-110.2394,9.753759,-107.379,5.153038,CameraPosition,-103.162,1.802845,-107.4804,CameraRotation,328.5537,269.0957,359.2515,CurrentState,MoveToFinal,Slider,2,Scenario,3
ID,26,Time,976.1686,DronePosition,-110.2394,9.825793,-107.379,5.222009,CameraPosition,-103.1609,1.803087,-107.4804,CameraRotation,328.156,269.0989,359.2469,CurrentState,MoveToFinal,Slider,2,Scenario,3
ID,26,Time,976.1826,DronePosition,-110.2394,9.899349,-107.379,5.291512,CameraPosition,-103.16,1.803312,-107.4804,CameraRotation,327.7486,269.1068,359.2488,CurrentState,MoveToFinal,Slider,2,Scenario,3
ID,26,Time,976.1967,DronePosition,-110.2394,9.975085,-107.379,5.362134,CameraPosition,-103.159,1.803549,-107.4804,CameraRotation,327.3444,269.1143,359.263,CurrentState,MoveToFinal,Slider,2,Scenario,3
ID,26,Time,976.2108,DronePosition,-110.2394,10.05169,-107.379,5.432639,CameraPosition,-103.158,1.803794,-107.4803,CameraRotation,326.9205,269.1343,359.2973,CurrentState,MoveToFinal,Slider,2,Scenario,3
ID,26,Time,976.2245,DronePosition,-110.2394,10.12725,-107.379,5.501312,CameraPosition,-103.157,1.804052,-107.4803,CameraRotation,326.5125,269.1513,359.3282,CurrentState,MoveToFinal,Slider,2,Scenario,3
ID,26,Time,976.2382,DronePosition,-110.2394,10.20353,-107.379,5.569788,CameraPosition,-103.156,1.804313,-107.4802,CameraRotation,326.1366,269.1678,359.3476,CurrentState,MoveToFinal,Slider,2,Scenario,3
ID,26,Time,976.2522,DronePosition,-110.2394,10.2826,-107.379,5.639886,CameraPosition,-103.155,1.804618,-107.4802,CameraRotation,325.7298,269.1814,359.357,CurrentState,MoveToFinal,Slider,2,Scenario,3
ID,26,Time,976.2662,DronePosition,-110.2394,10.3622,-107.379,5.709598,CameraPosition,-103.154,1.804969,-107.4802,CameraRotation,325.3257,269.1992,359.386,CurrentState,MoveToFinal,Slider,2,Scenario,3
ID,26,Time,976.2801,DronePosition,-110.2394,10.44248,-107.379,5.779052,CameraPosition,-103.153,1.805284,-107.4802,CameraRotation,324.9257,269.2295,359.4076,CurrentState,MoveToFinal,Slider,2,Scenario,3
ID,26,Time,976.2939,DronePosition,-110.2394,10.52355,-107.379,5.848366,CameraPosition,-103.1521,1.805482,-107.4802,CameraRotation,324.6361,269.2224,359.4006,CurrentState,MoveToFinal,Slider,2,Scenario,3
ID,26,Time,976.3079,DronePosition,-110.2394,10.60643,-107.379,5.918381,CameraPosition,-103.1513,1.805683,-107.4802,CameraRotation,324.3134,269.1877,359.4499,CurrentState,MoveToFinal,Slider,2,Scenario,3
ID,26,Time,976.322,DronePosition,-110.2394,10.69037,-107.379,5.98847,CameraPosition,-103.1504,1.805874,-107.4802,CameraRotation,323.9244,269.1685,359.5393,CurrentState,MoveToFinal,Slider,2,Scenario,3
ID,26,Time,976.3358,DronePosition,-110.2394,10.77441,-107.379,6.057832,CameraPosition,-103.1495,1.805988,-107.4802,CameraRotation,323.6217,269.1591,359.5868,CurrentState,MoveToFinal,Slider,2,Scenario,3
ID,26,Time,976.3499,DronePosition,-110.2394,10.86038,-107.379,6.127976,CameraPosition,-103.1487,1.806081,-107.4803,CameraRotation,323.3294,269.1675,359.5804,CurrentState,MoveToFinal,Slider,2,Scenario,3
ID,26,Time,976.3635,DronePosition,-110.2394,10.94498,-107.379,6.196244,CameraPosition,-103.1479,1.806221,-107.4803,CameraRotation,323.0317,269.1848,359.5555,CurrentState,MoveToFinal,Slider,2,Scenario,3
ID,26,Time,976.3776,DronePosition,-110.2394,11.03294,-107.379,6.266433,CameraPosition,-103.1471,1.806404,-107.4803,CameraRotation,322.7437,269.1885,359.566,CurrentState,MoveToFinal,Slider,2,Scenario,3
ID,26,Time,976.3914,DronePosition,-110.2394,11.12106,-107.379,6.335972,CameraPosition,-103.1462,1.806552,-107.4804,CameraRotation,322.4928,269.1776,359.5905,CurrentState,MoveToFinal,Slider,2,Scenario,3
ID,26,Time,976.4053,DronePosition,-110.2394,11.20998,-107.379,6.405381,CameraPosition,-103.1455,1.806603,-107.4804,CameraRotation,322.3189,269.1444,359.6305,CurrentState,MoveToFinal,Slider,2,Scenario,3
ID,26,Time,976.42,DronePosition,-110.2394,11.30533,-107.379,6.478961,CameraPosition,-103.1447,1.806648,-107.4805,CameraRotation,322.2,269.137,359.6583,CurrentState,MoveToFinal,Slider,2,Scenario,3
ID,26,Time,976.4334,DronePosition,-110.2394,11.39278,-107.379,6.545759,CameraPosition,-103.144,1.806708,-107.4805,CameraRotation,322.0482,269.1485,359.6857,CurrentState,MoveToFinal,Slider,2,Scenario,3
ID,26,Time,976.4472,DronePosition,-110.2394,11.48396,-107.379,6.614684,CameraPosition,-103.1432,1.806753,-107.4806,CameraRotation,321.8592,269.1637,359.7007,CurrentState,MoveToFinal,Slider,2,Scenario,3
ID,26,Time,976.4611,DronePosition,-110.2394,11.57654,-107.379,6.683937,CameraPosition,-103.1425,1.806813,-107.4806,CameraRotation,321.6584,269.1634,359.712,CurrentState,MoveToFinal,Slider,2,Scenario,3
ID,26,Time,976.4752,DronePosition,-110.2394,11.67227,-107.379,6.754797,CameraPosition,-103.1418,1.806888,-107.4807,CameraRotation,321.4691,269.1763,359.7107,CurrentState,MoveToFinal,Slider,2,Scenario,3
ID,26,Time,976.489,DronePosition,-110.2394,11.76606,-107.379,6.823529,CameraPosition,-103.141,1.807001,-107.4807,CameraRotation,321.2776,269.2062,359.7099,CurrentState,MoveToFinal,Slider,2,Scenario,3
ID,26,Time,976.503,DronePosition,-110.2394,11.86285,-107.379,6.893726,CameraPosition,-103.1403,1.807088,-107.4808,CameraRotation,321.0518,269.2332,359.6993,CurrentState,MoveToFinal,Slider,2,Scenario,3
ID,26,Time,976.517,DronePosition,-110.2394,11.96049,-107.379,6.963836,CameraPosition,-103.1395,1.807147,-107.4809,CameraRotation,320.846,269.2476,359.6895,CurrentState,MoveToFinal,Slider,2,Scenario,3
ID,26,Time,976.5311,DronePosition,-110.2394,12.0592,-107.379,7.033997,CameraPosition,-103.1388,1.807213,-107.4809,CameraRotation,320.6985,269.2488,359.7042,CurrentState,MoveToFinal,Slider,2,Scenario,3
ID,26,Time,976.5446,DronePosition,-110.2394,12.15508,-107.379,7.101509,CameraPosition,-103.1381,1.807255,-107.481,CameraRotation,320.5262,269.2228,359.7398,CurrentState,MoveToFinal,Slider,2,Scenario,3
ID,26,Time,976.5585,DronePosition,-110.2394,12.25543,-107.379,7.171473,CameraPosition,-103.1373,1.807304,-107.4811,CameraRotation,320.3523,269.2115,359.7539,CurrentState,MoveToFinal,Slider,2,Scenario,3
ID,26,Time,976.5724,DronePosition,-110.2394,12.35616,-107.379,7.241027,CameraPosition,-103.1366,1.807347,-107.4812,CameraRotation,320.189,269.2071,359.7521,CurrentState,MoveToFinal,Slider,2,Scenario,3
ID,26,Time,976.5862,DronePosition,-110.2394,12.45678,-107.379,7.309853,CameraPosition,-103.1358,1.807405,-107.4814,CameraRotation,320.0449,269.2161,359.7422,CurrentState,MoveToFinal,Slider,2,Scenario,3
ID,26,Time,976.6002,DronePosition,-110.2394,12.55983,-107.379,7.37967,CameraPosition,-103.1351,1.807477,-107.4815,CameraRotation,319.8916,269.2086,359.757,CurrentState,MoveToFinal,Slider,2,Scenario,3
ID,26,Time,976.6143,DronePosition,-110.2394,12.66533,-107.379,7.450474,CameraPosition,-103.1344,1.807568,-107.4816,CameraRotation,319.709,269.1864,359.7982,CurrentState,MoveToFinal,Slider,2,Scenario,3
ID,26,Time,976.6289,DronePosition,-110.2394,12.77478,-107.379,7.523211,CameraPosition,-103.1336,1.807672,-107.4818,CameraRotation,319.5076,269.1512,359.8347,CurrentState,MoveToFinal,Slider,2,Scenario,3
ID,26,Time,976.6421,DronePosition,-110.2394,12.87517,-107.379,7.589348,CameraPosition,-103.1329,1.807744,-107.4819,CameraRotation,319.3222,269.1089,359.8761,CurrentState,MoveToFinal,Slider,2,Scenario,3
ID,26,Time,976.6561,DronePosition,-110.2394,12.98252,-107.379,7.65943,CameraPosition,-103.1322,1.807781,-107.4821,CameraRotation,319.1833,269.0742,359.9,CurrentState,MoveToFinal,Slider,2,Scenario,3
ID,26,Time,976.67,DronePosition,-110.2394,13.08936,-107.379,7.728548,CameraPosition,-103.1315,1.807795,-107.4823,CameraRotation,319.0392,269.0352,359.9422,CurrentState,MoveToFinal,Slider,2,Scenario,3
ID,26,Time,976.6838,DronePosition,-110.2394,13.19729,-107.379,7.797752,CameraPosition,-103.1308,1.80784,-107.4825,CameraRotation,318.8723,268.9976,359.9814,CurrentState,MoveToFinal,Slider,2,Scenario,3
ID,26,Time,976.6976,DronePosition,-110.2394,13.30618,-107.379,7.866963,CameraPosition,-103.1302,1.807914,-107.4826,CameraRotation,318.6928,268.9765,0.00127751,CurrentState,MoveToFinal,Slider,2,Scenario,3
ID,26,Time,976.7115,DronePosition,-110.2394,13.416,-107.379,7.936152,CameraPosition,-103.1295,1.807963,-107.4828,CameraRotation,318.5422,268.9433,0.03069485,CurrentState,MoveToFinal,Slider,2,Scenario,3
ID,26,Time,976.7257,DronePosition,-110.2394,13.52977,-107.379,8.007194,CameraPosition,-103.1289,1.807992,-107.4829,CameraRotation,318.4289,268.9103,0.07305092,CurrentState,MoveToFinal,Slider,2,Scenario,3
ID,26,Time,976.7397,DronePosition,-110.2394,13.64284,-107.379,8.077184,CameraPosition,-103.1283,1.80801,-107.4831,CameraRotation,318.312,268.8713,0.1146456,CurrentState,MoveToFinal,Slider,2,Scenario,3
ID,26,Time,976.7534,DronePosition,-110.2394,13.75397,-107.379,8.145404,CameraPosition,-103.1276,1.80806,-107.4833,CameraRotation,318.1794,268.8298,0.1665697,CurrentState,MoveToFinal,Slider,2,Scenario,3
ID,26,Time,976.7675,DronePosition,-110.2394,13.87009,-107.379,8.216068,CameraPosition,-103.1271,1.808151,-107.4835,CameraRotation,318.0028,268.7984,0.2026237,CurrentState,MoveToFinal,Slider,2,Scenario,3
ID,26,Time,976.7816,DronePosition,-110.2394,13.98735,-107.379,8.286822,CameraPosition,-103.1265,1.808257,-107.4837,CameraRotation,317.8182,268.7441,0.2472894,CurrentState,MoveToFinal,Slider,2,Scenario,3
ID,26,Time,976.7953,DronePosition,-110.2394,14.10139,-107.379,8.355066,CameraPosition,-103.126,1.808335,-107.4838,CameraRotation,317.6732,268.6995,0.2818523,CurrentState,MoveToFinal,Slider,2,Scenario,3
ID,26,Time,976.8093,DronePosition,-110.2394,14.21929,-107.379,8.425038,CameraPosition,-103.1255,1.808339,-107.484,CameraRotation,317.5798,268.6554,0.3184233,CurrentState,MoveToFinal,Slider,2,Scenario,3
ID,26,Time,976.823,DronePosition,-110.2394,14.33585,-107.379,8.49365,CameraPosition,-103.1251,1.80822,-107.4841,CameraRotation,317.5649,268.6243,0.3547745,CurrentState,MoveToFinal,Slider,2,Scenario,3
ID,26,Time,976.8376,DronePosition,-110.2394,14.46071,-107.379,8.566526,CameraPosition,-103.1248,1.80812,-107.4843,CameraRotation,317.5511,268.5816,0.3969803,CurrentState,MoveToFinal,Slider,2,Scenario,3
ID,26,Time,976.851,DronePosition,-110.2394,14.57681,-107.379,8.633763,CameraPosition,-103.1244,1.808153,-107.4844,CameraRotation,317.4652,268.5418,0.4433304,CurrentState,MoveToFinal,Slider,2,Scenario,3
ID,26,Time,976.8649,DronePosition,-110.2394,14.69761,-107.379,8.703163,CameraPosition,-103.1241,1.808266,-107.4845,CameraRotation,317.2946,268.51,0.4842952,CurrentState,MoveToFinal,Slider,2,Scenario,3
ID,26,Time,976.8788,DronePosition,-110.2394,14.81962,-107.379,8.772701,CameraPosition,-103.1238,1.808426,-107.4846,CameraRotation,317.1241,268.4933,0.5098693,CurrentState,MoveToFinal,Slider,2,Scenario,3
ID,26,Time,976.8926,DronePosition,-110.2394,14.94194,-107.379,8.841875,CameraPosition,-103.1235,1.808578,-107.4847,CameraRotation,317.0004,268.4511,0.5241545,CurrentState,MoveToFinal,Slider,2,Scenario,3
ID,26,Time,976.9066,DronePosition,-110.2394,15.06669,-107.379,8.911865,CameraPosition,-103.1232,1.808698,-107.4848,CameraRotation,316.8627,268.4119,0.5485122,CurrentState,MoveToFinal,Slider,2,Scenario,3
ID,26,Time,976.9205,DronePosition,-110.2394,15.19099,-107.379,8.981067,CameraPosition,-103.1229,1.808785,-107.4849,CameraRotation,316.7531,268.4013,0.5659576,CurrentState,MoveToFinal,Slider,2,Scenario,3
ID,26,Time,976.9346,DronePosition,-110.2394,15.31929,-107.379,9.051936,CameraPosition,-103.1227,1.808864,-107.4849,CameraRotation,316.6596,268.3926,0.5790331,CurrentState,MoveToFinal,Slider,2,Scenario,3
ID,26,Time,976.9484,DronePosition,-110.2394,15.44465,-107.379,9.120658,CameraPosition,-103.1225,1.808948,-107.485,CameraRotation,316.5443,268.3996,0.5769413,CurrentState,MoveToFinal,Slider,2,Scenario,3
ID,26,Time,976.9623,DronePosition,-110.2394,15.57268,-107.379,9.190313,CameraPosition,-103.1222,1.809025,-107.485,CameraRotation,316.41,268.375,0.602402,CurrentState,MoveToFinal,Slider,2,Scenario,3
ID,26,Time,976.9763,DronePosition,-110.2394,15.70216,-107.379,9.260228,CameraPosition,-103.122,1.809051,-107.485,CameraRotation,316.2873,268.3498,0.6328255,CurrentState,MoveToFinal,Slider,2,Scenario,3
ID,26,Time,976.9904,DronePosition,-110.2394,15.834,-107.379,9.330873,CameraPosition,-103.1219,1.808992,-107.4851,CameraRotation,316.2065,268.3368,0.6536773,CurrentState,MoveToFinal,Slider,2,Scenario,3
ID,26,Time,977.004,DronePosition,-110.2394,15.96201,-107.379,9.39897,CameraPosition,-103.1217,1.808915,-107.4852,CameraRotation,316.1721,268.3433,0.6727066,CurrentState,MoveToFinal,Slider,2,Scenario,3
ID,26,Time,977.0178,DronePosition,-110.2394,16.09223,-107.379,9.467743,CameraPosition,-103.1216,1.808926,-107.4852,CameraRotation,316.1003,268.3491,0.7101569,CurrentState,MoveToFinal,Slider,2,Scenario,3
ID,26,Time,977.032,DronePosition,-110.2394,16.22783,-107.379,9.538819,CameraPosition,-103.1215,1.808999,-107.4853,CameraRotation,315.9848,268.3433,0.7437405,CurrentState,MoveToFinal,Slider,2,Scenario,3
ID,26,Time,977.0462,DronePosition,-110.2394,16.36445,-107.379,9.6099,CameraPosition,-103.1213,1.809175,-107.4853,CameraRotation,315.8572,268.2989,0.7953917,CurrentState,MoveToFinal,Slider,2,Scenario,3
ID,26,Time,977.0598,DronePosition,-110.2394,16.4951,-107.379,9.677403,CameraPosition,-103.121,1.809486,-107.4855,CameraRotation,315.6479,268.2495,0.8732005,CurrentState,MoveToFinal,Slider,2,Scenario,3
ID,26,Time,977.0737,DronePosition,-110.2394,16.63159,-107.379,9.74742,CameraPosition,-103.1207,1.809871,-107.4856,CameraRotation,315.4023,268.1819,0.9621056,CurrentState,MoveToFinal,Slider,2,Scenario,3
ID,26,Time,977.0875,DronePosition,-110.2394,16.7663,-107.379,9.816037,CameraPosition,-103.1205,1.810185,-107.4857,CameraRotation,315.1824,268.1381,1.004511,CurrentState,MoveToFinal,Slider,2,Scenario,3
ID,26,Time,977.1016,DronePosition,-110.2394,16.90605,-107.379,9.886709,CameraPosition,-103.1204,1.810396,-107.4858,CameraRotation,315.0003,268.0964,1.026358,CurrentState,MoveToFinal,Slider,2,Scenario,3
ID,26,Time,977.1158,DronePosition,-110.2394,17.0471,-107.379,9.957536,CameraPosition,-103.1203,1.810515,-107.4858,CameraRotation,314.8979,268.0612,1.054932,CurrentState,MoveToFinal,Slider,2,Scenario,3
ID,26,Time,977.1294,DronePosition,-110.2394,17.18403,-107.379,10.02583,CameraPosition,-103.1202,1.810606,-107.4859,CameraRotation,314.7664,268.0085,1.102935,CurrentState,MoveToFinal,Slider,2,Scenario,3
ID,26,Time,977.1433,DronePosition,-110.2394,17.32419,-107.379,10.09524,CameraPosition,-103.12,1.810729,-107.486,CameraRotation,314.6064,267.9716,1.142166,CurrentState,MoveToFinal,Slider,2,Scenario,3
ID,26,Time,977.1573,DronePosition,-110.2394,17.46641,-107.379,10.1652,CameraPosition,-103.1198,1.810896,-107.4861,CameraRotation,314.3989,267.9624,1.147112,CurrentState,MoveToFinal,Slider,2,Scenario,3
ID,26,Time,977.1713,DronePosition,-110.2394,17.61017,-107.379,10.23543,CameraPosition,-103.1197,1.811069,-107.4861,CameraRotation,314.2607,267.9595,1.138093,CurrentState,MoveToFinal,Slider,2,Scenario,3
ID,26,Time,977.185,DronePosition,-110.2394,17.75103,-107.379,10.30378,CameraPosition,-103.1195,1.8112,-107.4861,CameraRotation,314.1122,267.9516,1.109344,CurrentState,MoveToFinal,Slider,2,Scenario,3
ID,26,Time,977.1989,DronePosition,-110.2394,17.89495,-107.379,10.37315,CameraPosition,-103.1193,1.811328,-107.4862,CameraRotation,313.9734,267.9262,1.098394,CurrentState,MoveToFinal,Slider,2,Scenario,3
ID,26,Time,977.213,DronePosition,-110.2394,18.04169,-107.379,10.4434,CameraPosition,-103.119,1.811523,-107.4863,CameraRotation,313.8285,267.874,1.141135,CurrentState,MoveToFinal,Slider,2,Scenario,3
ID,26,Time,977.2267,DronePosition,-110.2394,18.18646,-107.379,10.51226,CameraPosition,-103.1187,1.811786,-107.4864,CameraRotation,313.6392,267.8128,1.211077,CurrentState,MoveToFinal,Slider,2,Scenario,3
ID,26,Time,977.2408,DronePosition,-110.2394,18.33611,-107.379,10.58297,CameraPosition,-103.1183,1.812002,-107.4864,CameraRotation,313.4182,267.7308,1.282236,CurrentState,MoveToFinal,Slider,2,Scenario,3
ID,26,Time,977.2549,DronePosition,-110.2394,18.48609,-107.379,10.65336,CameraPosition,-103.1181,1.812114,-107.4865,CameraRotation,313.2329,267.6713,1.303646,CurrentState,MoveToFinal,Slider,2,Scenario,3
ID,26,Time,977.2687,DronePosition,-110.2394,18.63335,-107.379,10.72203,CameraPosition,-103.1179,1.812098,-107.4866,CameraRotation,313.1278,267.634,1.290264,CurrentState,MoveToFinal,Slider,2,Scenario,3
ID,26,Time,977.2825,DronePosition,-110.2394,18.78337,-107.379,10.79154,CameraPosition,-103.1177,1.81205,-107.4866,CameraRotation,313.0587,267.6007,1.285405,CurrentState,MoveToFinal,Slider,2,Scenario,3
ID,26,Time,977.2965,DronePosition,-110.2394,18.93519,-107.379,10.86143,CameraPosition,-103.1174,1.811997,-107.4867,CameraRotation,312.9836,267.5718,1.356228,CurrentState,MoveToFinal,Slider,2,Scenario,3
ID,26,Time,977.3102,DronePosition,-110.2394,19.08456,-107.379,10.92976,CameraPosition,-103.1171,1.812053,-107.4868,CameraRotation,312.7763,267.4965,1.477336,CurrentState,MoveToFinal,Slider,2,Scenario,3
ID,26,Time,977.3243,DronePosition,-110.2394,19.23961,-107.379,11.00023,CameraPosition,-103.1167,1.812162,-107.4869,CameraRotation,312.548,267.4298,1.561685,CurrentState,MoveToFinal,Slider,2,Scenario,3
ID,26,Time,977.3382,DronePosition,-110.2394,19.39335,-107.379,11.06968,CameraPosition,-103.1164,1.812314,-107.487,CameraRotation,312.3121,267.3873,1.586586,CurrentState,MoveToFinal,Slider,2,Scenario,3
ID,26,Time,977.3523,DronePosition,-110.2394,19.55002,-107.379,11.1,CameraPosition,-103.116,1.81238,-107.487,CameraRotation,312.1081,267.3588,1.628826,CurrentState,MoveToFinal,Slider,2,Scenario,3
ID,26,Time,977.366,DronePosition,-110.2394,19.70272,-107.379,11.1,CameraPosition,-103.1157,1.812357,-107.4871,CameraRotation,311.9931,267.3324,1.657323,CurrentState,MoveToFinal,Slider,2,Scenario,3
ID,26,Time,977.38,DronePosition,-110.2394,19.85766,-107.379,11.1,CameraPosition,-103.1154,1.812309,-107.4872,CameraRotation,311.9648,267.3076,1.689692,CurrentState,MoveToFinal,Slider,2,Scenario,3
ID,26,Time,977.394,DronePosition,-110.2394,20.01303,-107.379,11.1,CameraPosition,-103.1151,1.812311,-107.4873,CameraRotation,311.883,267.2723,1.746263,CurrentState,MoveToFinal,Slider,2,Scenario,3
ID,26,Time,977.4078,DronePosition,-110.2394,20.16622,-107.379,11.1,CameraPosition,-103.1149,1.812287,-107.4874,CameraRotation,311.8059,267.2108,1.80928,CurrentState,MoveToFinal,Slider,2,Scenario,3
ID,26,Time,977.4222,DronePosition,-110.2394,20.32602,-107.379,11.1,CameraPosition,-103.1147,1.812196,-107.4874,CameraRotation,311.8062,267.1898,1.815771,CurrentState,MoveToFinal,Slider,2,Scenario,3
ID,26,Time,977.4363,DronePosition,-110.2394,20.48261,-107.379,11.1,CameraPosition,-103.1146,1.811988,-107.4874,CameraRotation,311.9483,267.1879,1.789108,CurrentState,MoveToFinal,Slider,2,Scenario,3
ID,26,Time,977.4501,DronePosition,-110.2394,20.63564,-107.379,11.1,CameraPosition,-103.1146,1.811725,-107.4874,CameraRotation,312.1592,267.227,1.726166,CurrentState,MoveToFinal,Slider,2,Scenario,3
ID,26,Time,977.4643,DronePosition,-110.2394,20.79308,-107.379,11.1,CameraPosition,-103.1146,1.811474,-107.4874,CameraRotation,312.372,267.2571,1.678152,CurrentState,MoveToFinal,Slider,2,Scenario,3
ID,26,Time,977.4778,DronePosition,-110.2394,20.94264,-107.379,11.1,CameraPosition,-103.1146,1.811424,-107.4874,CameraRotation,312.3828,267.2705,1.685028,CurrentState,MoveToFinal,Slider,2,Scenario,3
ID,26,Time,977.492,DronePosition,-110.2394,21.10043,-107.379,11.1,CameraPosition,-103.1145,1.811673,-107.4873,CameraRotation,312.1721,267.2665,1.714309,CurrentState,MoveToFinal,Slider,2,Scenario,3
ID,26,Time,977.5056,DronePosition,-110.2394,21.2517,-107.379,11.1,CameraPosition,-103.1143,1.811907,-107.4873,CameraRotation,311.9514,267.2747,1.722669,CurrentState,MoveToFinal,Slider,2,Scenario,3
ID,26,Time,977.5195,DronePosition,-110.2394,21.40657,-107.379,11.1,CameraPosition,-103.1143,1.81204,-107.4873,CameraRotation,311.8321,267.2566,1.751194,CurrentState,MoveToFinal,Slider,2,Scenario,3
ID,26,Time,977.5334,DronePosition,-110.2394,21.56086,-107.379,11.1,CameraPosition,-103.1142,1.81205,-107.4873,CameraRotation,311.8389,267.2544,1.748227,CurrentState,MoveToFinal,Slider,2,Scenario,3
ID,26,Time,977.5477,DronePosition,-110.2394,21.71887,-107.379,11.1,CameraPosition,-103.1141,1.812016,-107.4872,CameraRotation,311.8673,267.2486,1.730051,CurrentState,MoveToFinal,Slider,2,Scenario,3
ID,26,Time,977.5613,DronePosition,-110.2394,21.86953,-107.379,11.1,CameraPosition,-103.114,1.811997,-107.4872,CameraRotation,311.8704,267.2375,1.727435,CurrentState,MoveToFinal,Slider,2,Scenario,3
ID,26,Time,977.5753,DronePosition,-110.2394,22.02576,-107.379,11.1,CameraPosition,-103.1138,1.812012,-107.4872,CameraRotation,311.7963,267.222,1.740323,CurrentState,MoveToFinal,Slider,2,Scenario,3
ID,26,Time,977.5893,DronePosition,-110.2394,22.18037,-107.379,11.1,CameraPosition,-103.1136,1.81207,-107.4872,CameraRotation,311.7018,267.2051,1.766851,CurrentState,MoveToFinal,Slider,2,Scenario,3
ID,26,Time,977.6031,DronePosition,-110.2394,22.33412,-107.379,11.1,CameraPosition,-103.1134,1.812168,-107.4871,CameraRotation,311.5728,267.2171,1.765031,CurrentState,MoveToFinal,Slider,2,Scenario,3
ID,26,Time,977.6171,DronePosition,-110.2394,22.48976,-107.379,11.1,CameraPosition,-103.1131,1.812224,-107.4871,CameraRotation,311.4111,267.2353,1.735331,CurrentState,MoveToFinal,Slider,2,Scenario,3
ID,26,Time,977.6312,DronePosition,-110.2394,22.64542,-107.379,11.1,CameraPosition,-103.1128,1.812263,-107.4871,CameraRotation,311.2734,267.2631,1.708758,CurrentState,MoveToFinal,Slider,2,Scenario,3
ID,26,Time,977.645,DronePosition,-110.2394,22.79887,-107.379,11.1,CameraPosition,-103.1125,1.812317,-107.4871,CameraRotation,311.1135,267.2612,1.734001,CurrentState,MoveToFinal,Slider,2,Scenario,3
ID,26,Time,977.6589,DronePosition,-110.2394,22.95288,-107.379,11.1,CameraPosition,-103.1122,1.812394,-107.4871,CameraRotation,310.9436,267.256,1.758641,CurrentState,MoveToFinal,Slider,2,Scenario,3
ID,26,Time,977.673,DronePosition,-110.2394,23.11014,-107.379,11.1,CameraPosition,-103.1118,1.812496,-107.487,CameraRotation,310.7513,267.2567,1.79387,CurrentState,MoveToFinal,Slider,2,Scenario,3
ID,26,Time,977.6867,DronePosition,-110.2394,23.26209,-107.379,11.1,CameraPosition,-103.1114,1.812574,-107.487,CameraRotation,310.5289,267.2715,1.796496,CurrentState,MoveToFinal,Slider,2,Scenario,3
ID,26,Time,977.7004,DronePosition,-110.2394,23.41354,-107.379,11.1,CameraPosition,-103.1109,1.812669,-107.4869,CameraRotation,310.3139,267.3231,1.765166,CurrentState,MoveToFinal,Slider,2,Scenario,3
ID,26,Time,977.7142,DronePosition,-110.2394,23.56746,-107.379,11.1,CameraPosition,-103.1104,1.812742,-107.4869,CameraRotation,310.1192,267.3611,1.714137,CurrentState,MoveToFinal,Slider,2,Scenario,3
ID,26,Time,977.7282,DronePosition,-110.2394,23.72295,-107.379,11.1,CameraPosition,-103.11,1.81277,-107.4868,CameraRotation,309.9562,267.3992,1.669051,CurrentState,MoveToFinal,Slider,2,Scenario,3
ID,26,Time,977.7421,DronePosition,-110.2394,23.8773,-107.379,11.1,CameraPosition,-103.1096,1.812782,-107.4868,CameraRotation,309.8194,267.4097,1.66015,CurrentState,MoveToFinal,Slider,2,Scenario,3
ID,26,Time,977.756,DronePosition,-110.2394,24.03085,-107.379,11.1,CameraPosition,-103.1093,1.812756,-107.4868,CameraRotation,309.7299,267.3809,1.693448,CurrentState,MoveToFinal,Slider,2,Scenario,3
ID,26,Time,977.7698,DronePosition,-110.2394,24.18397,-107.379,11.1,CameraPosition,-103.1089,1.812661,-107.4869,CameraRotation,309.687,267.3483,1.735998,CurrentState,MoveToFinal,Slider,2,Scenario,3
ID,26,Time,977.7841,DronePosition,-110.2394,24.34293,-107.379,11.1,CameraPosition,-103.1087,1.812506,-107.487,CameraRotation,309.6899,267.3227,1.75273,CurrentState,MoveToFinal,Slider,2,Scenario,3
ID,26,Time,977.7977,DronePosition,-110.2394,24.49455,-107.379,11.1,CameraPosition,-103.1085,1.812295,-107.4871,CameraRotation,309.7539,267.2875,1.774357,CurrentState,MoveToFinal,Slider,2,Scenario,3
ID,26,Time,977.8117,DronePosition,-110.2394,24.64935,-107.379,11.1,CameraPosition,-103.1083,1.812207,-107.4871,CameraRotation,309.7755,267.2475,1.768441,CurrentState,MoveToFinal,Slider,2,Scenario,3
ID,26,Time,977.8256,DronePosition,-110.2394,24.80355,-107.379,11.1,CameraPosition,-103.108,1.812226,-107.4872,CameraRotation,309.6815,267.2061,1.805937,CurrentState,MoveToFinal,Slider,2,Scenario,3
ID,26,Time,977.8396,DronePosition,-110.2394,24.95918,-107.379,11.1,CameraPosition,-103.1077,1.812347,-107.4872,CameraRotation,309.4914,267.1649,1.8607,CurrentState,MoveToFinal,Slider,2,Scenario,3
ID,26,Time,977.8536,DronePosition,-110.2394,25.11498,-107.379,11.1,CameraPosition,-103.1074,1.812504,-107.4872,CameraRotation,309.3346,267.1602,1.858336,CurrentState,MoveToFinal,Slider,2,Scenario,3
ID,26,Time,977.8674,DronePosition,-110.2394,25.26776,-107.379,11.1,CameraPosition,-103.1071,1.812587,-107.4871,CameraRotation,309.2574,267.179,1.830275,CurrentState,MoveToFinal,Slider,2,Scenario,3
ID,26,Time,977.8817,DronePosition,-110.2394,25.42602,-107.379,11.1,CameraPosition,-103.1069,1.812599,-107.4871,CameraRotation,309.2244,267.209,1.794569,CurrentState,MoveToFinal,Slider,2,Scenario,3
ID,26,Time,977.8951,DronePosition,-110.2394,25.57584,-107.379,11.1,CameraPosition,-103.1068,1.812556,-107.4871,CameraRotation,309.2489,267.2179,1.79017,CurrentState,MoveToFinal,Slider,2,Scenario,3
ID,26,Time,977.9091,DronePosition,-110.2394,25.73098,-107.379,11.1,CameraPosition,-103.1066,1.812521,-107.4871,CameraRotation,309.262,267.1993,1.811376,CurrentState,MoveToFinal,Slider,2,Scenario,3
ID,26,Time,977.9229,DronePosition,-110.2394,25.88415,-107.379,11.1,CameraPosition,-103.1064,1.812501,-107.4871,CameraRotation,309.2656,267.1802,1.819073,CurrentState,MoveToFinal,Slider,2,Scenario,3
ID,26,Time,977.9371,DronePosition,-110.2394,26.042,-107.379,11.1,CameraPosition,-103.1062,1.812461,-107.4871,CameraRotation,309.2574,267.1891,1.792588,CurrentState,MoveToFinal,Slider,2,Scenario,3
ID,26,Time,977.9512,DronePosition,-110.2394,26.19716,-107.379,11.1,CameraPosition,-103.106,1.812426,-107.4871,CameraRotation,309.2227,267.1909,1.776616,CurrentState,MoveToFinal,Slider,5,Scenario,3
ID,26,Time,977.9648,DronePosition,-110.2394,26.34834,-107.379,11.1,CameraPosition,-103.1058,1.812429,-107.4871,CameraRotation,309.1715,267.2139,1.759986,CurrentState,MoveToFinal,Slider,5,Scenario,3
ID,26,Time,977.9786,DronePosition,-110.2394,26.50182,-107.379,11.1,CameraPosition,-103.1056,1.812444,-107.4871,CameraRotation,309.1146,267.2171,1.753354,CurrentState,MoveToFinal,Slider,5,Scenario,3
ID,26,Time,977.9927,DronePosition,-110.2394,26.65845,-107.379,11.1,CameraPosition,-103.1054,1.812443,-107.4871,CameraRotation,309.0974,267.2394,1.724604,CurrentState,MoveToFinal,Slider,5,Scenario,3
ID,26,Time,978.0069,DronePosition,-110.2394,26.8159,-107.379,11.1,CameraPosition,-103.1051,1.812422,-107.4871,CameraRotation,309.0994,267.2561,1.701741,CurrentState,MoveToFinal,Slider,5,Scenario,3
ID,26,Time,978.0206,DronePosition,-110.2394,26.96845,-107.379,11.1,CameraPosition,-103.1048,1.812443,-107.487,CameraRotation,309.0981,267.2589,1.685498,CurrentState,MoveToFinal,Slider,5,Scenario,3
ID,26,Time,978.0345,DronePosition,-110.2394,27.12274,-107.379,11.1,CameraPosition,-103.1045,1.812479,-107.487,CameraRotation,309.1053,267.247,1.6832,CurrentState,MoveToFinal,Slider,5,Scenario,3
ID,26,Time,978.0485,DronePosition,-110.2394,27.27786,-107.379,11.1,CameraPosition,-103.1043,1.812494,-107.487,CameraRotation,309.0734,267.2257,1.689021,CurrentState,MoveToFinal,Slider,6,Scenario,3
ID,26,Time,978.0621,DronePosition,-110.2394,27.42916,-107.379,11.1,CameraPosition,-103.104,1.812512,-107.4871,CameraRotation,309.0106,267.213,1.684277,CurrentState,MoveToFinal,Slider,6,Scenario,3
ID,26,Time,978.076,DronePosition,-110.2394,27.58371,-107.379,11.1,CameraPosition,-103.1037,1.812532,-107.4871,CameraRotation,308.9574,267.205,1.674442,CurrentState,MoveToFinal,Slider,6,Scenario,3
ID,26,Time,978.0904,DronePosition,-110.2394,27.74287,-107.379,11.1,CameraPosition,-103.1034,1.812525,-107.4871,CameraRotation,308.9042,267.2019,1.667453,CurrentState,MoveToFinal,Slider,6,Scenario,3
ID,26,Time,978.1042,DronePosition,-110.2394,27.89635,-107.379,11.1,CameraPosition,-103.1031,1.812457,-107.4872,CameraRotation,308.8715,267.1741,1.693247,CurrentState,MoveToFinal,Slider,6,Scenario,3
ID,26,Time,978.1179,DronePosition,-110.2394,28.04855,-107.379,11.1,CameraPosition,-103.1029,1.812393,-107.4873,CameraRotation,308.8593,267.161,1.714037,CurrentState,MoveToFinal,Slider,6,Scenario,3
ID,26,Time,978.132,DronePosition,-110.2394,28.2048,-107.379,11.1,CameraPosition,-103.1027,1.812335,-107.4873,CameraRotation,308.8449,267.1345,1.749532,CurrentState,MoveToFinal,Slider,6,Scenario,3
ID,26,Time,978.1459,DronePosition,-110.2394,28.359,-107.379,11.1,CameraPosition,-103.1024,1.812326,-107.4874,CameraRotation,308.8264,267.1141,1.777075,CurrentState,MoveToFinal,Slider,7,Scenario,3
ID,26,Time,978.1597,DronePosition,-110.2394,28.5116,-107.379,11.1,CameraPosition,-103.1022,1.812346,-107.4875,CameraRotation,308.7831,267.1102,1.776846,CurrentState,MoveToFinal,Slider,7,Scenario,3
ID,26,Time,978.1736,DronePosition,-110.2394,28.6666,-107.379,11.1,CameraPosition,-103.1019,1.812426,-107.4875,CameraRotation,308.7387,267.1235,1.779472,CurrentState,MoveToFinal,Slider,7,Scenario,3
ID,26,Time,978.1877,DronePosition,-110.2394,28.82247,-107.379,11.1,CameraPosition,-103.1017,1.812523,-107.4876,CameraRotation,308.7303,267.1355,1.776987,CurrentState,MoveToFinal,Slider,7,Scenario,3
ID,26,Time,978.2014,DronePosition,-110.2394,28.97463,-107.379,11.1,CameraPosition,-103.1015,1.812578,-107.4877,CameraRotation,308.7209,267.124,1.796036,CurrentState,MoveToFinal,Slider,7,Scenario,3
ID,26,Time,978.2154,DronePosition,-110.2394,29.13003,-107.379,11.1,CameraPosition,-103.1013,1.812575,-107.4878,CameraRotation,308.7205,267.1032,1.838289,CurrentState,MoveToFinal,Slider,7,Scenario,3
ID,26,Time,978.2294,DronePosition,-110.2394,29.28533,-107.379,11.1,CameraPosition,-103.1011,1.812588,-107.4879,CameraRotation,308.7124,267.0677,1.884771,CurrentState,MoveToFinal,Slider,7,Scenario,3
ID,26,Time,978.2432,DronePosition,-110.2394,29.43928,-107.379,11.1,CameraPosition,-103.1009,1.812613,-107.488,CameraRotation,308.6949,267.035,1.926241,CurrentState,MoveToFinal,Slider,7,Scenario,3
ID,26,Time,978.2573,DronePosition,-110.2394,29.59498,-107.379,11.1,CameraPosition,-103.1008,1.812567,-107.4881,CameraRotation,308.6711,267.0153,1.965792,CurrentState,MoveToFinal,Slider,7,Scenario,3
ID,26,Time,978.2712,DronePosition,-110.2394,29.74929,-107.379,11.1,CameraPosition,-103.1007,1.812467,-107.4882,CameraRotation,308.6698,267.0017,1.995901,CurrentState,MoveToFinal,Slider,7,Scenario,3
ID,26,Time,978.285,DronePosition,-110.2394,29.90261,-107.379,11.1,CameraPosition,-103.1006,1.812374,-107.4883,CameraRotation,308.7105,266.9934,2.013037,CurrentState,MoveToFinal,Slider,7,Scenario,3
ID,26,Time,978.2995,DronePosition,-110.2394,30.06375,-107.379,11.1,CameraPosition,-103.1005,1.812333,-107.4884,CameraRotation,308.7629,266.982,2.031329,CurrentState,MoveToFinal,Slider,7,Scenario,3
ID,26,Time,978.3129,DronePosition,-110.2394,30.21248,-107.379,11.1,CameraPosition,-103.1004,1.812318,-107.4886,CameraRotation,308.7999,266.9413,2.081826,CurrentState,MoveToFinal,Slider,7,Scenario,3
ID,26,Time,978.3267,DronePosition,-110.2394,30.36641,-107.379,11.1,CameraPosition,-103.1004,1.812343,-107.4887,CameraRotation,308.8392,266.9107,2.131209,CurrentState,MoveToFinal,Slider,7,Scenario,3
ID,26,Time,978.3406,DronePosition,-110.2394,30.51954,-107.379,11.1,CameraPosition,-103.1003,1.812497,-107.4889,CameraRotation,308.8504,266.8828,2.178679,CurrentState,MoveToFinal,Slider,7,Scenario,3
ID,26,Time,978.3546,DronePosition,-110.2394,30.67522,-107.379,11.1,CameraPosition,-103.1002,1.81267,-107.489,CameraRotation,308.8146,266.8757,2.22845,CurrentState,MoveToFinal,Slider,7,Scenario,3
ID,26,Time,978.3685,DronePosition,-110.2394,30.83025,-107.379,11.1,CameraPosition,-103.1001,1.812768,-107.4891,CameraRotation,308.7596,266.8774,2.248975,CurrentState,MoveToFinal,Slider,7,Scenario,3
ID,26,Time,978.3824,DronePosition,-110.2394,30.98486,-107.379,11.1,CameraPosition,-103.1,1.812806,-107.4892,CameraRotation,308.7224,266.8995,2.248468,CurrentState,MoveToFinal,Slider,7,Scenario,3
ID,26,Time,978.3964,DronePosition,-110.2394,31.13929,-107.379,11.1,CameraPosition,-103.1,1.812798,-107.4893,CameraRotation,308.7339,266.951,2.224017,CurrentState,MoveToFinal,Slider,7,Scenario,3
ID,26,Time,978.4102,DronePosition,-110.2394,31.29296,-107.379,11.1,CameraPosition,-103.1001,1.812764,-107.4893,CameraRotation,308.7886,266.9791,2.230953,CurrentState,MoveToFinal,Slider,7,Scenario,3
ID,26,Time,978.4241,DronePosition,-110.2394,31.44696,-107.379,11.1,CameraPosition,-103.1001,1.812697,-107.4894,CameraRotation,308.8263,266.9933,2.26006,CurrentState,MoveToFinal,Slider,7,Scenario,3
ID,26,Time,978.4383,DronePosition,-110.2394,31.60455,-107.379,11.1,CameraPosition,-103.1001,1.812679,-107.4895,CameraRotation,308.8268,267.0094,2.295717,CurrentState,MoveToFinal,Slider,7,Scenario,3
ID,26,Time,978.4523,DronePosition,-110.2394,31.76062,-107.379,11.1,CameraPosition,-103.1001,1.812726,-107.4896,CameraRotation,308.8345,267.0116,2.340731,CurrentState,MoveToFinal,Slider,7,Scenario,3
ID,26,Time,978.4662,DronePosition,-110.2394,31.91406,-107.379,11.1,CameraPosition,-103.1001,1.81275,-107.4896,CameraRotation,308.8455,267.0017,2.394476,CurrentState,MoveToFinal,Slider,7,Scenario,3
ID,26,Time,978.48,DronePosition,-110.2394,32.0682,-107.379,11.1,CameraPosition,-103.1001,1.812776,-107.4897,CameraRotation,308.8618,266.9926,2.417567,CurrentState,MoveToFinal,Slider,7,Scenario,3
ID,26,Time,978.494,DronePosition,-110.2394,32.22234,-107.379,11.1,CameraPosition,-103.1,1.812831,-107.4899,CameraRotation,308.8572,266.9536,2.44929,CurrentState,MoveToFinal,Slider,7,Scenario,3
ID,26,Time,978.5084,DronePosition,-110.2394,32.38321,-107.379,11.1,CameraPosition,-103.1,1.812938,-107.49,CameraRotation,308.832,266.896,2.499418,CurrentState,MoveToFinal,Slider,7,Scenario,3
ID,26,Time,978.522,DronePosition,-110.2394,32.53351,-107.379,11.1,CameraPosition,-103.0999,1.813021,-107.4901,CameraRotation,308.7909,266.8342,2.56102,CurrentState,MoveToFinal,Slider,7,Scenario,3
ID,26,Time,978.5358,DronePosition,-110.2394,32.68738,-107.379,11.1,CameraPosition,-103.0999,1.813043,-107.4902,CameraRotation,308.7998,266.7941,2.592995,CurrentState,MoveToFinal,Slider,7,Scenario,3
ID,26,Time,978.5499,DronePosition,-110.2394,32.84279,-107.379,11.1,CameraPosition,-103.0998,1.813006,-107.4902,CameraRotation,308.8405,266.7479,2.632136,CurrentState,MoveToFinal,Slider,7,Scenario,3
ID,26,Time,978.5637,DronePosition,-110.2394,32.99619,-107.379,11.1,CameraPosition,-103.0998,1.813005,-107.4903,CameraRotation,308.8907,266.7282,2.654537,CurrentState,MoveToFinal,Slider,7,Scenario,3
ID,26,Time,978.5772,DronePosition,-110.2394,33.14621,-107.379,11.1,CameraPosition,-103.0997,1.813026,-107.4903,CameraRotation,308.8661,266.7273,2.666721,CurrentState,MoveToFinal,Slider,7,Scenario,3
ID,26,Time,978.5913,DronePosition,-110.2394,33.30331,-107.379,11.1,CameraPosition,-103.0996,1.813086,-107.4902,CameraRotation,308.8232,266.743,2.678148,CurrentState,MoveToFinal,Slider,7,Scenario,3
ID,26,Time,978.6051,DronePosition,-110.2394,33.45581,-107.379,11.1,CameraPosition,-103.0995,1.813123,-107.4902,CameraRotation,308.7831,266.7768,2.669656,CurrentState,MoveToFinal,Slider,7,Scenario,3
ID,26,Time,978.6193,DronePosition,-110.2394,33.61334,-107.379,11.1,CameraPosition,-103.0994,1.81314,-107.4901,CameraRotation,308.772,266.8017,2.67579,CurrentState,MoveToFinal,Slider,7,Scenario,3
ID,26,Time,978.6334,DronePosition,-110.2394,33.76983,-107.379,11.1,CameraPosition,-103.0994,1.813134,-107.4901,CameraRotation,308.7652,266.8217,2.681616,CurrentState,MoveToFinal,Slider,7,Scenario,3
ID,26,Time,978.6472,DronePosition,-110.2394,33.92324,-107.379,11.1,CameraPosition,-103.0993,1.813149,-107.4901,CameraRotation,308.758,266.8122,2.693748,CurrentState,MoveToFinal,Slider,7,Scenario,3
ID,26,Time,978.661,DronePosition,-110.2394,34.0767,-107.379,11.1,CameraPosition,-103.0991,1.813171,-107.4901,CameraRotation,308.7331,266.7997,2.708025,CurrentState,MoveToFinal,Slider,7,Scenario,3
ID,26,Time,978.6747,DronePosition,-110.2394,34.22921,-107.379,11.1,CameraPosition,-103.099,1.813196,-107.49,CameraRotation,308.704,266.7982,2.721319,CurrentState,MoveToFinal,Slider,7,Scenario,3
ID,26,Time,978.6886,DronePosition,-110.2394,34.38325,-107.379,11.1,CameraPosition,-103.0989,1.813213,-107.49,CameraRotation,308.6859,266.7816,2.725641,CurrentState,MoveToFinal,Slider,7,Scenario,3
ID,26,Time,978.7028,DronePosition,-110.2394,34.54012,-107.379,11.1,CameraPosition,-103.0989,1.813209,-107.49,CameraRotation,308.6737,266.7477,2.749368,CurrentState,MoveToFinal,Slider,7,Scenario,3
ID,26,Time,978.7169,DronePosition,-110.2394,34.69746,-107.379,11.1,CameraPosition,-103.0988,1.813193,-107.4899,CameraRotation,308.6664,266.7099,2.770062,CurrentState,MoveToFinal,Slider,7,Scenario,3
ID,26,Time,978.7308,DronePosition,-110.2394,34.85077,-107.379,11.1,CameraPosition,-103.0988,1.813168,-107.4899,CameraRotation,308.6631,266.6985,2.770055,CurrentState,MoveToFinal,Slider,7,Scenario,3
ID,26,Time,978.7443,DronePosition,-110.2394,35.00156,-107.379,11.1,CameraPosition,-103.0987,1.813103,-107.49,CameraRotation,308.654,266.6583,2.796892,CurrentState,MoveToFinal,Slider,7,Scenario,3
ID,26,Time,978.7584,DronePosition,-110.2394,35.15751,-107.379,11.1,CameraPosition,-103.0986,1.813053,-107.49,CameraRotation,308.6384,266.6067,2.843014,CurrentState,MoveToFinal,Slider,7,Scenario,3
ID,26,Time,978.7725,DronePosition,-110.2394,35.31433,-107.379,11.1,CameraPosition,-103.0986,1.813067,-107.4899,CameraRotation,308.6396,266.5839,2.865074,CurrentState,MoveToFinal,Slider,7,Scenario,3
ID,26,Time,978.7864,DronePosition,-110.2394,35.46924,-107.379,11.1,CameraPosition,-103.0986,1.813069,-107.4899,CameraRotation,308.6551,266.5693,2.864024,CurrentState,MoveToFinal,Slider,7,Scenario,3
ID,26,Time,978.8002,DronePosition,-110.2394,35.62234,-107.379,11.1,CameraPosition,-103.0986,1.813064,-107.4898,CameraRotation,308.6836,266.5647,2.866858,CurrentState,MoveToFinal,Slider,7,Scenario,3
ID,26,Time,978.814,DronePosition,-110.2394,35.77496,-107.379,11.1,CameraPosition,-103.0986,1.81307,-107.4898,CameraRotation,308.6841,266.5792,2.867522,CurrentState,MoveToFinal,Slider,7,Scenario,3
ID,26,Time,978.8281,DronePosition,-110.2394,35.93146,-107.379,11.1,CameraPosition,-103.0985,1.813089,-107.4896,CameraRotation,308.6548,266.598,2.875357,CurrentState,MoveToFinal,Slider,7,Scenario,3
ID,26,Time,978.8419,DronePosition,-110.2394,36.08447,-107.379,11.1,CameraPosition,-103.0984,1.813129,-107.4895,CameraRotation,308.6251,266.6086,2.891572,CurrentState,MoveToFinal,Slider,7,Scenario,3
ID,26,Time,978.856,DronePosition,-110.2394,36.2408,-107.379,11.1,CameraPosition,-103.0983,1.813159,-107.4894,CameraRotation,308.5787,266.616,2.911269,CurrentState,MoveToFinal,Slider,7,Scenario,3
ID,26,Time,978.8698,DronePosition,-110.2394,36.39379,-107.379,11.1,CameraPosition,-103.0983,1.81318,-107.4894,CameraRotation,308.5455,266.6254,2.917171,CurrentState,MoveToFinal,Slider,7,Scenario,3
ID,26,Time,978.8837,DronePosition,-110.2394,36.54852,-107.379,11.1,CameraPosition,-103.0982,1.813177,-107.4893,CameraRotation,308.5308,266.6198,2.929049,CurrentState,MoveToFinal,Slider,7,Scenario,3
ID,26,Time,978.8976,DronePosition,-110.2394,36.70337,-107.379,11.1,CameraPosition,-103.0982,1.813122,-107.4893,CameraRotation,308.531,266.6176,2.925297,CurrentState,MoveToFinal,Slider,7,Scenario,3
ID,26,Time,978.9115,DronePosition,-110.2394,36.85715,-107.379,11.1,CameraPosition,-103.0982,1.81307,-107.4892,CameraRotation,308.5211,266.5956,2.946679,CurrentState,MoveToFinal,Slider,7,Scenario,3
ID,26,Time,978.9269,DronePosition,-110.2394,37.02871,-107.379,11.1,CameraPosition,-103.0981,1.813051,-107.4892,CameraRotation,308.5039,266.5661,2.981058,CurrentState,MoveToFinal,Slider,7,Scenario,3
ID,26,Time,978.9394,DronePosition,-110.2394,37.16708,-107.379,11.1,CameraPosition,-103.0981,1.813058,-107.4891,CameraRotation,308.478,266.5317,3.022145,CurrentState,MoveToFinal,Slider,7,Scenario,3
ID,26,Time,978.9532,DronePosition,-110.2394,37.32053,-107.379,11.1,CameraPosition,-103.0981,1.813082,-107.4891,CameraRotation,308.4604,266.5262,3.028441,CurrentState,MoveToFinal,Slider,7,Scenario,3
ID,26,Time,978.967,DronePosition,-110.2394,37.47318,-107.379,11.1,CameraPosition,-103.098,1.813083,-107.489,CameraRotation,308.4388,266.5108,3.054638,CurrentState,MoveToFinal,Slider,7,Scenario,3
ID,26,Time,978.981,DronePosition,-110.2394,37.62849,-107.379,11.1,CameraPosition,-103.0979,1.813062,-107.4889,CameraRotation,308.43,266.5036,3.087484,CurrentState,MoveToFinal,Slider,7,Scenario,3
ID,26,Time,978.9951,DronePosition,-110.2394,37.78477,-107.379,11.1,CameraPosition,-103.0979,1.813039,-107.4889,CameraRotation,308.4263,266.5035,3.108049,CurrentState,MoveToFinal,Slider,7,Scenario,3
ID,26,Time,979.0088,DronePosition,-110.2394,37.93693,-107.379,11.1,CameraPosition,-103.0978,1.813048,-107.4888,CameraRotation,308.4058,266.5053,3.132044,CurrentState,MoveToFinal,Slider,7,Scenario,3
ID,26,Time,979.0228,DronePosition,-110.2394,38.0927,-107.379,11.1,CameraPosition,-103.0978,1.813086,-107.4887,CameraRotation,308.3583,266.5083,3.149648,CurrentState,MoveToFinal,Slider,7,Scenario,3
ID,26,Time,979.0366,DronePosition,-110.2394,38.24591,-107.379,11.1,CameraPosition,-103.0977,1.813141,-107.4886,CameraRotation,308.3255,266.4961,3.173577,CurrentState,MoveToFinal,Slider,7,Scenario,3
ID,26,Time,979.051,DronePosition,-110.2394,38.40516,-107.379,11.1,CameraPosition,-103.0978,1.813161,-107.4886,CameraRotation,308.3313,266.4705,3.198058,CurrentState,MoveToFinal,Slider,7,Scenario,3
ID,26,Time,979.0646,DronePosition,-110.2394,38.55668,-107.379,11.1,CameraPosition,-103.0978,1.813153,-107.4885,CameraRotation,308.3221,266.4439,3.223413,CurrentState,MoveToFinal,Slider,7,Scenario,3
ID,26,Time,979.0784,DronePosition,-110.2394,38.71,-107.379,11.1,CameraPosition,-103.0978,1.813137,-107.4884,CameraRotation,308.312,266.4468,3.221564,CurrentState,MoveToFinal,Slider,7,Scenario,3
ID,26,Time,979.0925,DronePosition,-110.2394,38.86596,-107.379,11.1,CameraPosition,-103.0979,1.813147,-107.4883,CameraRotation,308.308,266.4645,3.182988,CurrentState,MoveToFinal,Slider,7,Scenario,3
ID,26,Time,979.1063,DronePosition,-110.2394,39.01934,-107.379,11.1,CameraPosition,-103.0979,1.813156,-107.4881,CameraRotation,308.3247,266.4708,3.175258,CurrentState,MoveToFinal,Slider,7,Scenario,3
ID,26,Time,979.1202,DronePosition,-110.2394,39.17395,-107.379,11.1,CameraPosition,-103.098,1.813192,-107.488,CameraRotation,308.3516,266.4854,3.1813,CurrentState,MoveToFinal,Slider,7,Scenario,3
ID,26,Time,979.1343,DronePosition,-110.2394,39.3309,-107.379,11.1,CameraPosition,-103.098,1.813215,-107.4879,CameraRotation,308.3549,266.4811,3.217633,CurrentState,MoveToFinal,Slider,7,Scenario,3
ID,26,Time,979.1482,DronePosition,-110.2394,39.48453,-107.379,11.1,CameraPosition,-103.0981,1.813221,-107.4879,CameraRotation,308.3746,266.489,3.230187,CurrentState,MoveToFinal,Slider,7,Scenario,3
ID,26,Time,979.1621,DronePosition,-110.2394,39.63868,-107.379,11.1,CameraPosition,-103.0981,1.813215,-107.4878,CameraRotation,308.3981,266.5165,3.222324,CurrentState,MoveToFinal,Slider,7,Scenario,3
ID,26,Time,979.1759,DronePosition,-110.2394,39.79231,-107.379,11.1,CameraPosition,-103.0981,1.813197,-107.4877,CameraRotation,308.4033,266.519,3.24431,CurrentState,MoveToFinal,Slider,7,Scenario,3
ID,26,Time,979.1898,DronePosition,-110.2394,39.94607,-107.379,11.1,CameraPosition,-103.0981,1.813191,-107.4875,CameraRotation,308.4071,266.5097,3.260119,CurrentState,MoveToFinal,Slider,7,Scenario,3
ID,26,Time,979.2037,DronePosition,-110.2394,40.10086,-107.379,11.1,CameraPosition,-103.0981,1.813209,-107.4874,CameraRotation,308.3989,266.5076,3.255283,CurrentState,MoveToFinal,Slider,7,Scenario,3
ID,26,Time,979.2177,DronePosition,-110.2394,40.2555,-107.379,11.1,CameraPosition,-103.098,1.813217,-107.4873,CameraRotation,308.3708,266.511,3.250112,CurrentState,MoveToFinal,Slider,7,Scenario,3
ID,26,Time,979.2317,DronePosition,-110.2394,40.41131,-107.379,11.1,CameraPosition,-103.098,1.813213,-107.4871,CameraRotation,308.346,266.5048,3.249356,CurrentState,MoveToFinal,Slider,7,Scenario,3
ID,26,Time,979.2455,DronePosition,-110.2394,40.56434,-107.379,11.1,CameraPosition,-103.0979,1.81319,-107.487,CameraRotation,308.336,266.5217,3.232015,CurrentState,MoveToFinal,Slider,7,Scenario,3
ID,26,Time,979.2596,DronePosition,-110.2394,40.72105,-107.379,11.1,CameraPosition,-103.0978,1.813145,-107.4868,CameraRotation,308.3403,266.5258,3.226934,CurrentState,MoveToFinal,Slider,7,Scenario,3
ID,26,Time,979.2734,DronePosition,-110.2394,40.87429,-107.379,11.1,CameraPosition,-103.0977,1.813113,-107.4866,CameraRotation,308.3251,266.5283,3.237188,CurrentState,MoveToFinal,Slider,7,Scenario,3
ID,26,Time,979.2874,DronePosition,-110.2394,41.02981,-107.379,11.1,CameraPosition,-103.0976,1.813099,-107.4865,CameraRotation,308.2866,266.506,3.276791,CurrentState,MoveToFinal,Slider,7,Scenario,3
ID,26,Time,979.3015,DronePosition,-110.2394,41.18661,-107.379,11.1,CameraPosition,-103.0974,1.813107,-107.4863,CameraRotation,308.2066,266.503,3.286359,CurrentState,MoveToFinal,Slider,7,Scenario,3
ID,26,Time,979.3153,DronePosition,-110.2394,41.33966,-107.379,11.1,CameraPosition,-103.0973,1.813105,-107.4862,CameraRotation,308.1498,266.5257,3.261562,CurrentState,MoveToFinal,Slider,7,Scenario,3
ID,26,Time,979.3292,DronePosition,-110.2394,41.49393,-107.379,11.1,CameraPosition,-103.0972,1.813082,-107.486,CameraRotation,308.1193,266.542,3.249554,CurrentState,MoveToFinal,Slider,7,Scenario,3
ID,26,Time,979.3434,DronePosition,-110.2394,41.65112,-107.379,11.1,CameraPosition,-103.097,1.813067,-107.4858,CameraRotation,308.1115,266.5681,3.228963,CurrentState,MoveToFinal,Slider,7,Scenario,3
ID,26,Time,979.3571,DronePosition,-110.2394,41.80313,-107.379,11.1,CameraPosition,-103.0969,1.813055,-107.4856,CameraRotation,308.1002,266.5864,3.214599,CurrentState,MoveToFinal,Slider,7,Scenario,3
ID,26,Time,979.3708,DronePosition,-110.2394,41.9553,-107.379,11.1,CameraPosition,-103.0968,1.813043,-107.4854,CameraRotation,308.0681,266.6206,3.1747,CurrentState,MoveToFinal,Slider,7,Scenario,3
ID,26,Time,979.3847,DronePosition,-110.2394,42.1099,-107.379,11.1,CameraPosition,-103.0967,1.81301,-107.4853,CameraRotation,308.0406,266.6387,3.150754,CurrentState,MoveToFinal,Slider,7,Scenario,3
ID,26,Time,979.3988,DronePosition,-110.2394,42.26611,-107.379,11.1,CameraPosition,-103.0966,1.812979,-107.4852,CameraRotation,308.0145,266.6622,3.124192,CurrentState,MoveToFinal,Slider,7,Scenario,3
ID,26,Time,979.4127,DronePosition,-110.2394,42.41999,-107.379,11.1,CameraPosition,-103.0964,1.81297,-107.485,CameraRotation,307.9923,266.6711,3.10515,CurrentState,MoveToFinal,Slider,7,Scenario,3
ID,26,Time,979.4265,DronePosition,-110.2394,42.57343,-107.379,11.1,CameraPosition,-103.0963,1.812943,-107.4848,CameraRotation,307.9778,266.6713,3.099014,CurrentState,MoveToFinal,Slider,7,Scenario,3
ID,26,Time,979.4404,DronePosition,-110.2394,42.72841,-107.379,11.1,CameraPosition,-103.0961,1.812909,-107.4847,CameraRotation,307.9792,266.6587,3.099031,CurrentState,MoveToFinal,Slider,7,Scenario,3
ID,26,Time,979.4547,DronePosition,-110.2394,42.88663,-107.379,11.1,CameraPosition,-103.0959,1.812915,-107.4846,CameraRotation,307.9664,266.6546,3.099184,CurrentState,MoveToFinal,Slider,7,Scenario,3
ID,26,Time,979.4685,DronePosition,-110.2394,43.03998,-107.379,11.1,CameraPosition,-103.0957,1.812923,-107.4845,CameraRotation,307.9368,266.6407,3.100493,CurrentState,MoveToFinal,Slider,7,Scenario,3
ID,26,Time,979.4827,DronePosition,-110.2394,43.19685,-107.379,11.1,CameraPosition,-103.0955,1.812927,-107.4844,CameraRotation,307.9185,266.6365,3.096647,CurrentState,MoveToFinal,Slider,7,Scenario,3
ID,26,Time,979.4963,DronePosition,-110.2394,43.34798,-107.379,11.1,CameraPosition,-103.0953,1.812901,-107.4843,CameraRotation,307.8997,266.6416,3.092827,CurrentState,MoveToFinal,Slider,7,Scenario,3
ID,26,Time,979.5102,DronePosition,-110.2394,43.50269,-107.379,11.1,CameraPosition,-103.0951,1.812871,-107.4841,CameraRotation,307.8723,266.6649,3.058889,CurrentState,MoveToFinal,Slider,7,Scenario,3
ID,26,Time,979.5242,DronePosition,-110.2394,43.65817,-107.379,11.1,CameraPosition,-103.0948,1.812829,-107.484,CameraRotation,307.843,266.6999,3.001458,CurrentState,MoveToFinal,Slider,7,Scenario,3
ID,26,Time,979.538,DronePosition,-110.2394,43.81157,-107.379,11.1,CameraPosition,-103.0946,1.812762,-107.4839,CameraRotation,307.8336,266.7073,2.982675,CurrentState,MoveToFinal,Slider,7,Scenario,3
ID,26,Time,979.5523,DronePosition,-110.2394,43.97019,-107.379,11.1,CameraPosition,-103.0944,1.812703,-107.4839,CameraRotation,307.8152,266.6948,2.998197,CurrentState,MoveToFinal,Slider,7,Scenario,3
ID,26,Time,979.5661,DronePosition,-110.2394,44.12334,-107.379,11.1,CameraPosition,-103.0942,1.812642,-107.4838,CameraRotation,307.8138,266.6651,3.030968,CurrentState,MoveToFinal,Slider,7,Scenario,3
ID,26,Time,979.5797,DronePosition,-110.2394,44.27342,-107.379,11.1,CameraPosition,-103.0939,1.812585,-107.4837,CameraRotation,307.785,266.6555,3.02873,CurrentState,MoveToFinal,Slider,7,Scenario,3
ID,26,Time,979.5936,DronePosition,-110.2394,44.42844,-107.379,11.1,CameraPosition,-103.0937,1.812534,-107.4837,CameraRotation,307.7512,266.6748,2.996765,CurrentState,MoveToFinal,Slider,7,Scenario,3
ID,26,Time,979.6074,DronePosition,-110.2394,44.58218,-107.379,11.1,CameraPosition,-103.0935,1.812487,-107.4836,CameraRotation,307.7258,266.6756,2.987611,CurrentState,MoveToFinal,Slider,7,Scenario,3
ID,26,Time,979.6215,DronePosition,-110.2394,44.73775,-107.379,11.1,CameraPosition,-103.0932,1.812477,-107.4835,CameraRotation,307.7064,266.6584,3.006972,CurrentState,MoveToFinal,Slider,7,Scenario,3
ID,26,Time,979.6353,DronePosition,-110.2394,44.89069,-107.379,11.1,CameraPosition,-103.093,1.81247,-107.4834,CameraRotation,307.6843,266.6312,3.038168,CurrentState,MoveToFinal,Slider,7,Scenario,3
ID,26,Time,979.6495,DronePosition,-110.2394,45.04868,-107.379,11.1,CameraPosition,-103.0927,1.812437,-107.4833,CameraRotation,307.6399,266.6374,3.042161,CurrentState,MoveToFinal,Slider,7,Scenario,3
ID,26,Time,979.6635,DronePosition,-110.2394,45.20462,-107.379,11.1,CameraPosition,-103.0925,1.812397,-107.4832,CameraRotation,307.5971,266.6769,3.015055,CurrentState,MoveToFinal,Slider,7,Scenario,3
ID,26,Time,979.6771,DronePosition,-110.2394,45.35519,-107.379,11.1,CameraPosition,-103.0922,1.812354,-107.4831,CameraRotation,307.5743,266.7467,2.986145,CurrentState,MoveToFinal,Slider,7,Scenario,3
ID,26,Time,979.6909,DronePosition,-110.2394,45.50839,-107.379,11.1,CameraPosition,-103.0919,1.812279,-107.483,CameraRotation,307.5558,266.7983,2.963423,CurrentState,MoveToFinal,Slider,7,Scenario,3
ID,26,Time,979.705,DronePosition,-110.2394,45.66471,-107.379,11.1,CameraPosition,-103.0917,1.812164,-107.4829,CameraRotation,307.5399,266.8398,2.955165,CurrentState,MoveToFinal,Slider,7,Scenario,3
ID,26,Time,979.7189,DronePosition,-110.2394,45.81981,-107.379,11.1,CameraPosition,-103.0914,1.812064,-107.4828,CameraRotation,307.4912,266.8809,2.949651,CurrentState,MoveToFinal,Slider,7,Scenario,3
ID,26,Time,979.7328,DronePosition,-110.2394,45.97392,-107.379,11.1,CameraPosition,-103.0911,1.812043,-107.4827,CameraRotation,307.4034,266.9277,2.941477,CurrentState,MoveToFinal,Slider,7,Scenario,3
ID,26,Time,979.7468,DronePosition,-110.2394,46.12845,-107.379,11.1,CameraPosition,-103.0909,1.812027,-107.4826,CameraRotation,307.3264,266.9669,2.940929,CurrentState,MoveToFinal,Slider,7,Scenario,3
ID,26,Time,979.761,DronePosition,-110.2394,46.2869,-107.379,11.1,CameraPosition,-103.0907,1.812002,-107.4825,CameraRotation,307.2628,266.9976,2.935628,CurrentState,MoveToFinal,Slider,7,Scenario,3
ID,26,Time,979.7745,DronePosition,-110.2394,46.43683,-107.379,11.1,CameraPosition,-103.0905,1.811972,-107.4824,CameraRotation,307.2502,267.0371,2.92633,CurrentState,MoveToFinal,Slider,7,Scenario,3
ID,26,Time,979.7888,DronePosition,-110.2394,46.59491,-107.379,11.1,CameraPosition,-103.0903,1.811944,-107.4823,CameraRotation,307.2451,267.0655,2.937022,CurrentState,MoveToFinal,Slider,7,Scenario,3
ID,26,Time,979.8024,DronePosition,-110.2394,46.74653,-107.379,11.1,CameraPosition,-103.0902,1.811934,-107.4822,CameraRotation,307.2217,267.085,2.928649,CurrentState,MoveToFinal,Slider,7,Scenario,3
ID,26,Time,979.8164,DronePosition,-110.2394,46.90189,-107.379,11.1,CameraPosition,-103.09,1.811954,-107.4821,CameraRotation,307.1713,267.1328,2.885157,CurrentState,MoveToFinal,Slider,7,Scenario,3
ID,26,Time,979.8302,DronePosition,-110.2394,47.05476,-107.379,11.1,CameraPosition,-103.0899,1.811981,-107.482,CameraRotation,307.1248,267.1604,2.862374,CurrentState,MoveToFinal,Slider,7,Scenario,3
ID,26,Time,979.8441,DronePosition,-110.2394,47.2083,-107.379,11.1,CameraPosition,-103.0899,1.812005,-107.482,CameraRotation,307.0984,267.1525,2.905041,CurrentState,MoveToFinal,Slider,7,Scenario,3
ID,26,Time,979.8582,DronePosition,-110.2394,47.36597,-107.379,11.1,CameraPosition,-103.0898,1.811978,-107.482,CameraRotation,307.0915,267.1425,2.929496,CurrentState,MoveToFinal,Slider,7,Scenario,3
ID,26,Time,979.8721,DronePosition,-110.2394,47.51945,-107.379,11.1,CameraPosition,-103.0898,1.811946,-107.482,CameraRotation,307.0916,267.131,2.945216,CurrentState,MoveToFinal,Slider,7,Scenario,3
ID,26,Time,979.8858,DronePosition,-110.2394,47.67201,-107.379,11.1,CameraPosition,-103.0898,1.81193,-107.482,CameraRotation,307.0874,267.1237,2.962718,CurrentState,MoveToFinal,Slider,7,Scenario,3
ID,26,Time,979.9,DronePosition,-110.2394,47.82953,-107.379,11.1,CameraPosition,-103.0899,1.811946,-107.4819,CameraRotation,307.0768,267.1071,2.993132,CurrentState,MoveToFinal,Slider,7,Scenario,3
ID,26,Time,979.9137,DronePosition,-110.2394,47.98123,-107.379,11.1,CameraPosition,-103.0899,1.811965,-107.4819,CameraRotation,307.0594,267.0771,3.020344,CurrentState,MoveToFinal,Slider,7,Scenario,3
ID,26,Time,979.9286,DronePosition,-110.2394,48.14765,-107.379,11.1,CameraPosition,-103.09,1.811976,-107.4819,CameraRotation,307.0646,267.0618,3.023973,CurrentState,MoveToFinal,Slider,7,Scenario,3
ID,26,Time,979.9418,DronePosition,-110.2394,48.29308,-107.379,11.1,CameraPosition,-103.09,1.812013,-107.4819,CameraRotation,307.0761,267.0619,3.021506,CurrentState,MoveToFinal,Slider,7,Scenario,3
ID,26,Time,979.9557,DronePosition,-110.2394,48.44815,-107.379,11.1,CameraPosition,-103.0901,1.812034,-107.4818,CameraRotation,307.0913,267.0572,3.019685,CurrentState,MoveToFinal,Slider,7,Scenario,3
ID,26,Time,979.9697,DronePosition,-110.2394,48.60328,-107.379,11.1,CameraPosition,-103.0902,1.812044,-107.4818,CameraRotation,307.1132,267.0421,3.016314,CurrentState,MoveToFinal,Slider,7,Scenario,3
ID,26,Time,979.9838,DronePosition,-110.2394,48.75938,-107.379,11.1,CameraPosition,-103.0903,1.812039,-107.4818,CameraRotation,307.1048,267.0167,3.033884,CurrentState,MoveToFinal,Slider,7,Scenario,3
ID,26,Time,979.9972,DronePosition,-110.2394,48.90845,-107.379,11.1,CameraPosition,-103.0904,1.812055,-107.4818,CameraRotation,307.0867,266.9965,3.064779,CurrentState,MoveToFinal,Slider,7,Scenario,3
ID,26,Time,980.0111,DronePosition,-110.2394,49.06269,-107.379,11.1,CameraPosition,-103.0905,1.812064,-107.4817,CameraRotation,307.0453,266.9776,3.07758,CurrentState,MoveToFinal,Slider,7,Scenario,3
ID,26,Time,980.0254,DronePosition,-110.2394,49.2216,-107.379,11.1,CameraPosition,-103.0906,1.812031,-107.4817,CameraRotation,307.0246,266.9825,3.061955,CurrentState,MoveToFinal,Slider,7,Scenario,3
ID,26,Time,980.0391,DronePosition,-110.2394,49.37391,-107.379,11.1,CameraPosition,-103.0908,1.811984,-107.4817,CameraRotation,307.0165,266.9898,3.046342,CurrentState,MoveToFinal,Slider,7,Scenario,3
ID,26,Time,980.053,DronePosition,-110.2394,49.52772,-107.379,11.1,CameraPosition,-103.0909,1.811991,-107.4817,CameraRotation,307.0215,266.9981,3.039465,CurrentState,MoveToFinal,Slider,7,Scenario,3
ID,26,Time,980.0671,DronePosition,-110.2394,49.68436,-107.379,11.1,CameraPosition,-103.091,1.812016,-107.4816,CameraRotation,306.9891,266.9817,3.07102,CurrentState,MoveToFinal,Slider,7,Scenario,3
ID,26,Time,980.0811,DronePosition,-110.2394,49.83918,-107.379,11.1,CameraPosition,-103.0912,1.812067,-107.4816,CameraRotation,306.9675,266.9851,3.065222,CurrentState,MoveToFinal,Slider,7,Scenario,3
ID,26,Time,980.0945,DronePosition,-110.2394,49.98868,-107.379,11.1,CameraPosition,-103.0913,1.812124,-107.4815,CameraRotation,306.944,266.9923,3.056624,CurrentState,MoveToFinal,Slider,7,Scenario,3
ID,26,Time,980.1087,DronePosition,-110.2394,50.14582,-107.379,11.1,CameraPosition,-103.0914,1.812156,-107.4815,CameraRotation,306.9329,267.0115,3.041452,CurrentState,MoveToFinal,Slider,7,Scenario,3
ID,26,Time,980.1229,DronePosition,-110.2394,50.3037,-107.379,11.1,CameraPosition,-103.0915,1.812152,-107.4815,CameraRotation,306.9255,267.0452,3.007679,CurrentState,MoveToFinal,Slider,7,Scenario,3
ID,26,Time,980.1365,DronePosition,-110.2394,50.45461,-107.379,11.1,CameraPosition,-103.0916,1.812114,-107.4815,CameraRotation,306.9094,267.0378,3.004866,CurrentState,MoveToFinal,Slider,7,Scenario,3
ID,26,Time,980.1504,DronePosition,-110.2394,50.60883,-107.379,11.1,CameraPosition,-103.0917,1.812075,-107.4814,CameraRotation,306.8483,267.0273,3.030498,CurrentState,MoveToFinal,Slider,7,Scenario,3
ID,26,Time,980.1646,DronePosition,-110.2394,50.76576,-107.379,11.1,CameraPosition,-103.0918,1.812065,-107.4814,CameraRotation,306.7736,267.0181,3.040897,CurrentState,MoveToFinal,Slider,7,Scenario,3
ID,26,Time,980.1789,DronePosition,-110.2394,50.92492,-107.379,11.1,CameraPosition,-103.0919,1.812024,-107.4814,CameraRotation,306.6939,267.0063,3.047745,CurrentState,MoveToFinal,Slider,7,Scenario,3
ID,26,Time,980.1925,DronePosition,-110.2394,51.076,-107.379,11.1,CameraPosition,-103.0919,1.811972,-107.4814,CameraRotation,306.6454,267.0036,3.054032,CurrentState,MoveToFinal,Slider,7,Scenario,3
ID,26,Time,980.2063,DronePosition,-110.2394,51.22908,-107.379,11.1,CameraPosition,-103.0921,1.811929,-107.4814,CameraRotation,306.6228,267.0101,3.048634,CurrentState,MoveToFinal,Slider,7,Scenario,3
ID,26,Time,980.22,DronePosition,-110.2394,51.38199,-107.379,11.1,CameraPosition,-103.0922,1.811901,-107.4814,CameraRotation,306.6103,266.988,3.057923,CurrentState,MoveToFinal,Slider,7,Scenario,3
ID,26,Time,980.2339,DronePosition,-110.2394,51.53613,-107.379,11.1,CameraPosition,-103.0923,1.811893,-107.4815,CameraRotation,306.5813,266.9373,3.077429,CurrentState,MoveToFinal,Slider,7,Scenario,3
ID,26,Time,980.2479,DronePosition,-110.2394,51.69085,-107.379,11.1,CameraPosition,-103.0925,1.811892,-107.4815,CameraRotation,306.5623,266.9039,3.109425,CurrentState,MoveToFinal,Slider,7,Scenario,3
ID,26,Time,980.2619,DronePosition,-110.2394,51.84656,-107.379,11.1,CameraPosition,-103.0927,1.811907,-107.4815,CameraRotation,306.5716,266.867,3.133472,CurrentState,MoveToFinal,Slider,7,Scenario,3
ID,26,Time,980.2757,DronePosition,-110.2394,51.99954,-107.379,11.1,CameraPosition,-103.0929,1.811932,-107.4816,CameraRotation,306.5804,266.8332,3.139269,CurrentState,MoveToFinal,Slider,7,Scenario,3
ID,26,Time,980.2899,DronePosition,-110.2394,52.15751,-107.379,11.1,CameraPosition,-103.0931,1.811959,-107.4816,CameraRotation,306.5857,266.7972,3.149249,CurrentState,MoveToFinal,Slider,7,Scenario,3
ID,26,Time,980.3037,DronePosition,-110.2394,52.31057,-107.379,11.1,CameraPosition,-103.0933,1.811991,-107.4816,CameraRotation,306.5865,266.7812,3.158376,CurrentState,MoveToFinal,Slider,7,Scenario,3
ID,26,Time,980.3175,DronePosition,-110.2394,52.46384,-107.379,11.1,CameraPosition,-103.0935,1.812,-107.4816,CameraRotation,306.5905,266.7563,3.166155,CurrentState,MoveToFinal,Slider,7,Scenario,3
ID,26,Time,980.3315,DronePosition,-110.2394,52.61927,-107.379,11.1,CameraPosition,-103.0938,1.811975,-107.4816,CameraRotation,306.6218,266.7343,3.178052,CurrentState,MoveToFinal,Slider,7,Scenario,3
ID,26,Time,980.3454,DronePosition,-110.2394,52.77308,-107.379,11.1,CameraPosition,-103.094,1.811929,-107.4816,CameraRotation,306.6469,266.7289,3.173591,CurrentState,MoveToFinal,Slider,7,Scenario,3
ID,26,Time,980.3594,DronePosition,-110.2394,52.92901,-107.379,11.1,CameraPosition,-103.0943,1.811899,-107.4816,CameraRotation,306.6309,266.7365,3.169187,CurrentState,MoveToFinal,Slider,7,Scenario,3
ID,26,Time,980.3732,DronePosition,-110.2394,53.08183,-107.379,11.1,CameraPosition,-103.0945,1.81191,-107.4816,CameraRotation,306.6047,266.7619,3.152258,CurrentState,MoveToFinal,Slider,7,Scenario,3
ID,26,Time,980.3876,DronePosition,-110.2394,53.2414,-107.379,11.1,CameraPosition,-103.0947,1.811912,-107.4816,CameraRotation,306.5721,266.7773,3.143247,CurrentState,MoveToFinal,Slider,7,Scenario,3
ID,26,Time,980.4012,DronePosition,-110.2394,53.39269,-107.379,11.1,CameraPosition,-103.0949,1.811895,-107.4816,CameraRotation,306.5677,266.7791,3.151048,CurrentState,MoveToFinal,Slider,7,Scenario,3
ID,26,Time,980.4149,DronePosition,-110.2394,53.54512,-107.379,11.1,CameraPosition,-103.0951,1.811909,-107.4815,CameraRotation,306.5641,266.7862,3.149475,CurrentState,MoveToFinal,Slider,7,Scenario,3
ID,26,Time,980.4286,DronePosition,-110.2394,53.6978,-107.379,11.1,CameraPosition,-103.0953,1.811929,-107.4815,CameraRotation,306.5463,266.7694,3.158021,CurrentState,MoveToFinal,Slider,7,Scenario,3
ID,26,Time,980.4428,DronePosition,-110.2394,53.85456,-107.379,11.1,CameraPosition,-103.0954,1.811951,-107.4815,CameraRotation,306.5288,266.7613,3.153755,CurrentState,MoveToFinal,Slider,7,Scenario,3
ID,26,Time,980.4565,DronePosition,-110.2394,54.00711,-107.379,11.1,CameraPosition,-103.0956,1.811933,-107.4815,CameraRotation,306.4849,266.7182,3.195281,CurrentState,MoveToFinal,Slider,7,Scenario,3
ID,26,Time,980.4707,DronePosition,-110.2394,54.16437,-107.379,11.1,CameraPosition,-103.0958,1.81192,-107.4815,CameraRotation,306.4503,266.6437,3.245867,CurrentState,MoveToFinal,Slider,7,Scenario,3
ID,26,Time,980.4847,DronePosition,-110.2394,54.32027,-107.379,11.1,CameraPosition,-103.096,1.811901,-107.4815,CameraRotation,306.4207,266.5983,3.287184,CurrentState,MoveToFinal,Slider,7,Scenario,3
ID,26,Time,980.4984,DronePosition,-110.2394,54.47147,-107.379,11.1,CameraPosition,-103.0962,1.811824,-107.4815,CameraRotation,306.3896,266.5765,3.300454,CurrentState,MoveToFinal,Slider,7,Scenario,3
ID,26,Time,980.5123,DronePosition,-110.2394,54.62617,-107.379,11.1,CameraPosition,-103.0965,1.811763,-107.4816,CameraRotation,306.3319,266.567,3.295669,CurrentState,MoveToFinal,Slider,7,Scenario,3
ID,26,Time,980.5264,DronePosition,-110.2394,54.78249,-107.379,11.1,CameraPosition,-103.0967,1.811741,-107.4815,CameraRotation,306.254,266.579,3.259586,CurrentState,MoveToFinal,Slider,7,Scenario,3
ID,26,Time,980.5403,DronePosition,-110.2394,54.93655,-107.379,11.1,CameraPosition,-103.0969,1.811735,-107.4814,CameraRotation,306.2099,266.5884,3.234432,CurrentState,MoveToFinal,Slider,7,Scenario,3
ID,26,Time,980.5541,DronePosition,-110.2394,55.09005,-107.379,11.1,CameraPosition,-103.0972,1.811724,-107.4814,CameraRotation,306.1973,266.5871,3.228113,CurrentState,MoveToFinal,Slider,7,Scenario,3
ID,26,Time,980.5684,DronePosition,-110.2394,55.24817,-107.379,11.1,CameraPosition,-103.0974,1.811725,-107.4813,CameraRotation,306.2077,266.5505,3.254523,CurrentState,MoveToFinal,Slider,7,Scenario,3
ID,26,Time,980.5821,DronePosition,-110.2394,55.40085,-107.379,11.1,CameraPosition,-103.0977,1.811775,-107.4813,CameraRotation,306.2067,266.533,3.26033,CurrentState,MoveToFinal,Slider,7,Scenario,3
ID,26,Time,980.5962,DronePosition,-110.2394,55.55706,-107.379,11.1,CameraPosition,-103.0979,1.811822,-107.4812,CameraRotation,306.2228,266.5349,3.251624,CurrentState,MoveToFinal,Slider,7,Scenario,3
ID,26,Time,980.6097,DronePosition,-110.2394,55.70771,-107.379,11.1,CameraPosition,-103.0983,1.811792,-107.4811,CameraRotation,306.2535,266.5398,3.244167,CurrentState,MoveToFinal,Slider,7,Scenario,3
ID,26,Time,980.6241,DronePosition,-110.2394,55.86698,-107.379,11.1,CameraPosition,-103.0986,1.811755,-107.4811,CameraRotation,306.281,266.5413,3.232244,CurrentState,MoveToFinal,Slider,7,Scenario,3
ID,26,Time,980.638,DronePosition,-110.2394,56.02153,-107.379,11.1,CameraPosition,-103.099,1.811736,-107.481,CameraRotation,306.3134,266.5518,3.205528,CurrentState,MoveToFinal,Slider,7,Scenario,3
ID,26,Time,980.6516,DronePosition,-110.2394,56.17184,-107.379,11.1,CameraPosition,-103.0994,1.811703,-107.4809,CameraRotation,306.3421,266.5573,3.197523,CurrentState,MoveToFinal,Slider,7,Scenario,3
ID,26,Time,980.6656,DronePosition,-110.2394,56.32723,-107.379,11.1,CameraPosition,-103.0997,1.811671,-107.4808,CameraRotation,306.3749,266.5837,3.153038,CurrentState,MoveToFinal,Slider,7,Scenario,3
ID,26,Time,980.6794,DronePosition,-110.2394,56.48137,-107.379,11.1,CameraPosition,-103.1001,1.811627,-107.4807,CameraRotation,306.4184,266.624,3.098432,CurrentState,MoveToFinal,Slider,7,Scenario,3
ID,26,Time,980.6933,DronePosition,-110.2394,56.63541,-107.379,11.1,CameraPosition,-103.1004,1.811612,-107.4806,CameraRotation,306.4584,266.6627,3.053333,CurrentState,MoveToFinal,Slider,7,Scenario,3
ID,26,Time,980.7073,DronePosition,-110.2394,56.79122,-107.379,11.1,CameraPosition,-103.1007,1.811599,-107.4805,CameraRotation,306.4872,266.6826,3.033985,CurrentState,MoveToFinal,Slider,7,Scenario,3
ID,26,Time,980.7211,DronePosition,-110.2394,56.94432,-107.379,11.1,CameraPosition,-103.1009,1.811597,-107.4804,CameraRotation,306.4849,266.6869,3.047298,CurrentState,MoveToFinal,Slider,7,Scenario,3
ID,26,Time,980.7352,DronePosition,-110.2394,57.10043,-107.379,11.1,CameraPosition,-103.1011,1.811645,-107.4804,CameraRotation,306.441,266.6835,3.075985,CurrentState,MoveToFinal,Slider,7,Scenario,3
ID,26,Time,980.7492,DronePosition,-110.2394,57.25557,-107.379,11.1,CameraPosition,-103.1013,1.811677,-107.4803,CameraRotation,306.4031,266.696,3.060913,CurrentState,MoveToFinal,Slider,7,Scenario,3
ID,26,Time,980.763,DronePosition,-110.2394,57.4087,-107.379,11.1,CameraPosition,-103.1015,1.811664,-107.4802,CameraRotation,306.3817,266.7296,3.027303,CurrentState,MoveToFinal,Slider,6,Scenario,3
ID,26,Time,980.7773,DronePosition,-110.2394,57.56783,-107.379,11.1,CameraPosition,-103.1017,1.811601,-107.4801,CameraRotation,306.3593,266.7211,3.042878,CurrentState,MoveToFinal,Slider,6,Scenario,3
ID,26,Time,980.7911,DronePosition,-110.2394,57.72056,-107.379,11.1,CameraPosition,-103.1018,1.811551,-107.48,CameraRotation,306.3354,266.7068,3.06673,CurrentState,MoveToFinal,Slider,6,Scenario,3
ID,26,Time,980.8052,DronePosition,-110.2394,57.87783,-107.379,11.1,CameraPosition,-103.102,1.811506,-107.4799,CameraRotation,306.303,266.6927,3.070158,CurrentState,MoveToFinal,Slider,6,Scenario,3
ID,26,Time,980.8188,DronePosition,-110.2394,58.02822,-107.379,11.1,CameraPosition,-103.1022,1.81143,-107.4799,CameraRotation,306.2758,266.705,3.052516,CurrentState,MoveToFinal,Slider,6,Scenario,3
ID,26,Time,980.8326,DronePosition,-110.2394,58.18138,-107.379,11.1,CameraPosition,-103.1024,1.811347,-107.4798,CameraRotation,306.2542,266.7031,3.045216,CurrentState,MoveToFinal,Slider,6,Scenario,3
ID,26,Time,980.8464,DronePosition,-110.2394,58.3341,-107.379,11.1,CameraPosition,-103.1026,1.811272,-107.4797,CameraRotation,306.2444,266.712,3.049157,CurrentState,MoveToFinal,Slider,6,Scenario,3
ID,26,Time,980.8604,DronePosition,-110.2394,58.4893,-107.379,11.1,CameraPosition,-103.1028,1.811216,-107.4796,CameraRotation,306.2357,266.7339,3.032686,CurrentState,MoveToFinal,Slider,6,Scenario,3
ID,26,Time,980.8744,DronePosition,-110.2394,58.64504,-107.379,11.1,CameraPosition,-103.1031,1.811169,-107.4795,CameraRotation,306.2265,266.7533,3.028867,CurrentState,MoveToFinal,Slider,6,Scenario,3
ID,26,Time,980.8885,DronePosition,-110.2394,58.80169,-107.379,11.1,CameraPosition,-103.1033,1.811149,-107.4794,CameraRotation,306.2265,266.7834,3.018511,CurrentState,MoveToFinal,Slider,6,Scenario,3
ID,26,Time,980.9024,DronePosition,-110.2394,58.95616,-107.379,11.1,CameraPosition,-103.1035,1.811212,-107.4793,CameraRotation,306.2297,266.8342,2.987212,CurrentState,MoveToFinal,Slider,6,Scenario,3
ID,26,Time,980.9162,DronePosition,-110.2394,59.10917,-107.379,11.1,CameraPosition,-103.1037,1.811248,-107.4791,CameraRotation,306.2394,266.8718,2.956562,CurrentState,MoveToFinal,Slider,6,Scenario,3
ID,26,Time,980.9302,DronePosition,-110.2394,59.26447,-107.379,11.1,CameraPosition,-103.104,1.811237,-107.479,CameraRotation,306.2495,266.9285,2.912906,CurrentState,End,Slider,6,Scenario,3
ID,26,Time,980.9443,DronePosition,-110.2394,59.26447,-107.379,0,CameraPosition,-103.1042,1.811215,-107.4788,CameraRotation,306.2549,266.986,2.867595,CurrentState,End,Slider,6,Scenario,3
ID,26,Time,980.9582,DronePosition,-110.2394,59.26447,-107.379,0,CameraPosition,-103.1045,1.811194,-107.4787,CameraRotation,306.2414,267.0234,2.851801,CurrentState,End,Slider,5,Scenario,3
ID,26,Time,980.9726,DronePosition,-110.2394,59.26447,-107.379,0,CameraPosition,-103.1048,1.811149,-107.4786,CameraRotation,306.2453,267.0647,2.824579,CurrentState,End,Slider,5,Scenario,3
ID,26,Time,980.9858,DronePosition,-110.2394,59.26447,-107.379,0,CameraPosition,-103.105,1.811094,-107.4785,CameraRotation,306.251,267.1009,2.794284,CurrentState,End,Slider,5,Scenario,3
ID,26,Time,980.9996,DronePosition,-110.2394,59.26447,-107.379,0,CameraPosition,-103.1053,1.811029,-107.4784,CameraRotation,306.2626,267.1472,2.760628,CurrentState,End,Slider,5,Scenario,3
ID,26,Time,981.0136,DronePosition,-110.2394,59.26447,-107.379,0,CameraPosition,-103.1056,1.810999,-107.4783,CameraRotation,306.2642,267.1823,2.740487,CurrentState,End,Slider,5,Scenario,3
ID,26,Time,981.0275,DronePosition,-110.2394,59.26447,-107.379,0,CameraPosition,-103.1059,1.810973,-107.4782,CameraRotation,306.2618,267.1924,2.738851,CurrentState,End,Slider,5,Scenario,3
ID,26,Time,981.0416,DronePosition,-110.2394,59.26447,-107.379,0,CameraPosition,-103.1063,1.810936,-107.4782,CameraRotation,306.2419,267.2164,2.728731,CurrentState,End,Slider,5,Scenario,3
ID,26,Time,981.0554,DronePosition,-110.2394,59.26447,-107.379,0,CameraPosition,-103.1065,1.810932,-107.4781,CameraRotation,306.2487,267.2112,2.74321,CurrentState,End,Slider,1,Scenario,3
ID,26,Time,981.0692,DronePosition,-110.2394,59.26447,-107.379,0,CameraPosition,-103.1068,1.810957,-107.478,CameraRotation,306.2726,267.2177,2.735347,CurrentState,End,Slider,1,Scenario,3
ID,26,Time,981.0831,DronePosition,-110.2394,59.26447,-107.379,0,CameraPosition,-103.1071,1.810993,-107.4779,CameraRotation,306.2782,267.2243,2.725363,CurrentState,End,Slider,1,Scenario,3
ID,26,Time,981.0972,DronePosition,-110.2394,59.26447,-107.379,0,CameraPosition,-103.1074,1.810985,-107.4779,CameraRotation,306.298,267.218,2.730118,CurrentState,End,Slider,1,Scenario,3
ID,26,Time,981.111,DronePosition,-110.2394,59.26447,-107.379,0,CameraPosition,-103.1078,1.810958,-107.4778,CameraRotation,306.3239,267.2058,2.73865,CurrentState,End,Slider,1,Scenario,3
ID,26,Time,981.125,DronePosition,-110.2394,59.26447,-107.379,0,CameraPosition,-103.1081,1.81091,-107.4778,CameraRotation,306.3552,267.1772,2.765991,CurrentState,End,Slider,1,Scenario,3
ID,26,Time,981.1389,DronePosition,-110.2394,59.26447,-107.379,0,CameraPosition,-103.1085,1.810862,-107.4778,CameraRotation,306.3738,267.1746,2.754456,CurrentState,End,Slider,1,Scenario,3
ID,26,Time,981.1526,DronePosition,-110.2394,59.26447,-107.379,0,CameraPosition,-103.1088,1.810819,-107.4778,CameraRotation,306.3645,267.1339,2.789205,CurrentState,End,Slider,1,Scenario,3
ID,26,Time,981.1668,DronePosition,-110.2394,59.26447,-107.379,0,CameraPosition,-103.1091,1.810806,-107.4778,CameraRotation,306.3691,267.0981,2.817429,CurrentState,End,Slider,1,Scenario,3
ID,26,Time,981.1809,DronePosition,-110.2394,59.26447,-107.379,0,CameraPosition,-103.1095,1.810805,-107.4778,CameraRotation,306.3992,267.0993,2.8265,CurrentState,End,Slider,1,Scenario,3
ID,26,Time,981.1944,DronePosition,-110.2394,59.26447,-107.379,0,CameraPosition,-103.1098,1.810797,-107.4777,CameraRotation,306.4254,267.0972,2.851211,CurrentState,End,Slider,1,Scenario,3
ID,26,Time,981.2086,DronePosition,-110.2394,59.26447,-107.379,0,CameraPosition,-103.1101,1.810806,-107.4777,CameraRotation,306.4161,267.132,2.829511,CurrentState,End,Slider,1,Scenario,3
ID,26,Time,981.2227,DronePosition,-110.2394,59.26447,-107.379,0,CameraPosition,-103.1103,1.810873,-107.4775,CameraRotation,306.4015,267.1883,2.766672,CurrentState,End,Slider,1,Scenario,3
ID,26,Time,981.2365,DronePosition,-110.2394,59.26447,-107.379,0,CameraPosition,-103.1106,1.810932,-107.4774,CameraRotation,306.3938,267.2487,2.697089,CurrentState,End,Slider,1,Scenario,3
ID,26,Time,981.2502,DronePosition,-110.2394,59.26447,-107.379,0,CameraPosition,-103.1109,1.810952,-107.4773,CameraRotation,306.3918,267.2758,2.662906,CurrentState,End,Slider,1,Scenario,3
ID,26,Time,981.264,DronePosition,-110.2394,59.26447,-107.379,0,CameraPosition,-103.1112,1.810981,-107.4773,CameraRotation,306.3796,267.2883,2.64977,CurrentState,End,Slider,1,Scenario,3
ID,26,Time,981.278,DronePosition,-110.2394,59.26447,-107.379,0,CameraPosition,-103.1115,1.810999,-107.4772,CameraRotation,306.3864,267.2693,2.662606,CurrentState,End,Slider,1,Scenario,3
ID,26,Time,981.2921,DronePosition,-110.2394,59.26447,-107.379,0,CameraPosition,-103.1118,1.810955,-107.4772,CameraRotation,306.4104,267.2607,2.671409,CurrentState,End,Slider,1,Scenario,3
ID,26,Time,981.306,DronePosition,-110.2394,59.26447,-107.379,0,CameraPosition,-103.1122,1.810884,-107.4772,CameraRotation,306.4449,267.2591,2.665983,CurrentState,End,Slider,1,Scenario,3
ID,26,Time,981.3199,DronePosition,-110.2394,59.26447,-107.379,0,CameraPosition,-103.1125,1.810817,-107.4772,CameraRotation,306.4822,267.2423,2.676416,CurrentState,End,Slider,1,Scenario,3
ID,26,Time,981.3339,DronePosition,-110.2394,59.26447,-107.379,0,CameraPosition,-103.1128,1.810784,-107.4772,CameraRotation,306.495,267.2278,2.676995,CurrentState,End,Slider,1,Scenario,3
ID,26,Time,981.3477,DronePosition,-110.2394,59.26447,-107.379,0,CameraPosition,-103.1132,1.810744,-107.4771,CameraRotation,306.5219,267.2366,2.653516,CurrentState,End,Slider,1,Scenario,3
ID,26,Time,981.3615,DronePosition,-110.2394,59.26447,-107.379,0,CameraPosition,-103.1135,1.810709,-107.477,CameraRotation,306.5586,267.2492,2.62502,CurrentState,End,Slider,1,Scenario,3
ID,26,Time,981.3755,DronePosition,-110.2394,59.26447,-107.379,0,CameraPosition,-103.1138,1.810768,-107.4769,CameraRotation,306.5923,267.2758,2.5904,CurrentState,End,Slider,1,Scenario,3
ID,26,Time,981.3895,DronePosition,-110.2394,59.26447,-107.379,0,CameraPosition,-103.1142,1.810847,-107.4769,CameraRotation,306.6321,267.3133,2.549314,CurrentState,End,Slider,1,Scenario,3
ID,26,Time,981.4036,DronePosition,-110.2394,59.26447,-107.379,0,CameraPosition,-103.1145,1.810881,-107.4767,CameraRotation,306.6844,267.3656,2.517347,CurrentState,End,Slider,1,Scenario,3
ID,26,Time,981.4175,DronePosition,-110.2394,59.26447,-107.379,0,CameraPosition,-103.1148,1.810891,-107.4766,CameraRotation,306.746,267.4446,2.476325,CurrentState,End,Slider,1,Scenario,3
ID,26,Time,981.4318,DronePosition,-110.2394,59.26447,-107.379,0,CameraPosition,-103.1152,1.810909,-107.4765,CameraRotation,306.8051,267.5582,2.413426,CurrentState,End,Slider,1,Scenario,3
ID,26,Time,981.445,DronePosition,-110.2394,59.26447,-107.379,0,CameraPosition,-103.1156,1.810938,-107.4764,CameraRotation,306.9011,267.7069,2.30629,CurrentState,End,Slider,1,Scenario,3
ID,26,Time,981.4592,DronePosition,-110.2394,59.26447,-107.379,0,CameraPosition,-103.1161,1.810939,-107.4763,CameraRotation,307.0164,267.8685,2.182905,CurrentState,End,Slider,1,Scenario,3
ID,26,Time,981.4733,DronePosition,-110.2394,59.26447,-107.379,0,CameraPosition,-103.1167,1.810921,-107.4762,CameraRotation,307.1877,268.0258,2.042244,CurrentState,End,Slider,1,Scenario,3
ID,26,Time,981.4871,DronePosition,-110.2394,59.26447,-107.379,0,CameraPosition,-103.1174,1.81089,-107.4761,CameraRotation,307.4206,268.1649,1.903706,CurrentState,End,Slider,1,Scenario,3
ID,26,Time,981.501,DronePosition,-110.2394,59.26447,-107.379,0,CameraPosition,-103.1183,1.810851,-107.4759,CameraRotation,307.7689,268.3305,1.747269,CurrentState,End,Slider,1,Scenario,3
ID,26,Time,981.5149,DronePosition,-110.2394,59.26447,-107.379,0,CameraPosition,-103.1194,1.810827,-107.4757,CameraRotation,308.1556,268.4879,1.599789,CurrentState,End,Slider,1,Scenario,3
ID,26,Time,981.5289,DronePosition,-110.2394,59.26447,-107.379,0,CameraPosition,-103.1206,1.810809,-107.4755,CameraRotation,308.6271,268.6909,1.412793,CurrentState,End,Slider,1,Scenario,3
ID,26,Time,981.5428,DronePosition,-110.2394,59.26447,-107.379,0,CameraPosition,-103.1221,1.810837,-107.4752,CameraRotation,309.2247,268.9564,1.156317,CurrentState,End,Slider,1,Scenario,3
ID,26,Time,981.5569,DronePosition,-110.2394,59.26447,-107.379,0,CameraPosition,-103.1238,1.810806,-107.4748,CameraRotation,309.9969,269.2993,0.8143583,CurrentState,End,Slider,1,Scenario,3
ID,26,Time,981.5709,DronePosition,-110.2394,59.26447,-107.379,0,CameraPosition,-103.1258,1.810637,-107.4744,CameraRotation,310.8939,269.6952,0.4463591,CurrentState,End,Slider,1,Scenario,3
ID,26,Time,981.5853,DronePosition,-110.2394,59.26447,-107.379,0,CameraPosition,-103.1281,1.810298,-107.4739,CameraRotation,312.0318,270.1721,0.01186407,CurrentState,End,Slider,1,Scenario,3
ID,26,Time,981.5992,DronePosition,-110.2394,59.26447,-107.379,0,CameraPosition,-103.1305,1.809845,-107.4734,CameraRotation,313.3281,270.6518,359.5523,CurrentState,End,Slider,1,Scenario,3
ID,26,Time,981.613,DronePosition,-110.2394,59.26447,-107.379,0,CameraPosition,-103.1332,1.809214,-107.4729,CameraRotation,314.8474,271.1014,359.103,CurrentState,End,Slider,1,Scenario,3
ID,26,Time,981.6268,DronePosition,-110.2394,59.26447,-107.379,0,CameraPosition,-103.1362,1.80846,-107.4724,CameraRotation,316.4759,271.5161,358.6875,CurrentState,End,Slider,1,Scenario,3
ID,26,Time,981.6411,DronePosition,-110.2394,59.26447,-107.379,0,CameraPosition,-103.1392,1.807639,-107.4718,CameraRotation,318.0495,271.9135,358.3103,CurrentState,End,Slider,1,Scenario,3
ID,26,Time,981.6548,DronePosition,-110.2394,59.26447,-107.379,0,CameraPosition,-103.1425,1.806589,-107.4713,CameraRotation,319.8255,272.3383,357.9262,CurrentState,End,Slider,1,Scenario,3
ID,26,Time,981.6685,DronePosition,-110.2394,59.26447,-107.379,0,CameraPosition,-103.1459,1.805437,-107.4708,CameraRotation,321.5857,272.7268,357.5925,CurrentState,End,Slider,1,Scenario,3
ID,26,Time,981.6826,DronePosition,-110.2394,59.26447,-107.379,0,CameraPosition,-103.1494,1.803911,-107.4703,CameraRotation,323.509,273.0903,357.2831,CurrentState,End,Slider,1,Scenario,3
ID,26,Time,981.6961,DronePosition,-110.2394,59.26447,-107.379,0,CameraPosition,-103.1532,1.802181,-107.4697,CameraRotation,325.5801,273.3835,357.0364,CurrentState,End,Slider,1,Scenario,3
ID,26,Time,981.71,DronePosition,-110.2394,59.26447,-107.379,0,CameraPosition,-103.157,1.800227,-107.4692,CameraRotation,327.7772,273.6366,356.8324,CurrentState,End,Slider,1,Scenario,3
ID,26,Time,981.7236,DronePosition,-110.2394,59.26447,-107.379,0,CameraPosition,-103.1609,1.797868,-107.4686,CameraRotation,330.2471,273.8737,356.6661,CurrentState,End,Slider,1,Scenario,3
ID,26,Time,981.7377,DronePosition,-110.2394,59.26447,-107.379,0,CameraPosition,-103.1648,1.795241,-107.4682,CameraRotation,332.8025,274.1187,356.5267,CurrentState,End,Slider,1,Scenario,3
ID,26,Time,981.7517,DronePosition,-110.2394,59.26447,-107.379,0,CameraPosition,-103.1685,1.79254,-107.4676,CameraRotation,335.2936,274.3704,356.3593,CurrentState,End,Slider,1,Scenario,3
ID,26,Time,981.7656,DronePosition,-110.2394,59.26447,-107.379,0,CameraPosition,-103.1722,1.78953,-107.4671,CameraRotation,337.8931,274.6198,356.1503,CurrentState,End,Slider,1,Scenario,3
ID,26,Time,981.7799,DronePosition,-110.2394,59.26447,-107.379,0,CameraPosition,-103.1759,1.786492,-107.4665,CameraRotation,340.4574,274.8361,355.9524,CurrentState,End,Slider,1,Scenario,3
ID,26,Time,981.7932,DronePosition,-110.2394,59.26447,-107.379,0,CameraPosition,-103.1795,1.783367,-107.466,CameraRotation,343.0481,275.0189,355.7926,CurrentState,End,Slider,1,Scenario,3
ID,26,Time,981.8072,DronePosition,-110.2394,59.26447,-107.379,0,CameraPosition,-103.1829,1.77998,-107.4656,CameraRotation,345.6439,275.1279,355.7027,CurrentState,End,Slider,1,Scenario,3
ID,26,Time,981.821,DronePosition,-110.2394,59.26447,-107.379,0,CameraPosition,-103.1864,1.776761,-107.4654,CameraRotation,348.2154,275.1813,355.6732,CurrentState,End,Slider,1,Scenario,3
ID,26,Time,981.8349,DronePosition,-110.2394,59.26447,-107.379,0,CameraPosition,-103.1897,1.773794,-107.4652,CameraRotation,350.4297,275.1948,355.7213,CurrentState,End,Slider,1,Scenario,3
ID,26,Time,981.8492,DronePosition,-110.2394,59.26447,-107.379,0,CameraPosition,-103.1927,1.77118,-107.465,CameraRotation,352.2672,275.2072,355.8043,CurrentState,End,Slider,1,Scenario,3
ID,26,Time,981.8625,DronePosition,-110.2394,59.26447,-107.379,0,CameraPosition,-103.1955,1.768833,-107.4645,CameraRotation,353.8318,275.2216,355.9088,CurrentState,End,Slider,1,Scenario,3
ID,26,Time,981.8764,DronePosition,-110.2394,59.26447,-107.379,0,CameraPosition,-103.1981,1.766429,-107.464,CameraRotation,355.39,275.2647,355.9904,CurrentState,End,Slider,1,Scenario,3
ID,26,Time,981.8904,DronePosition,-110.2394,59.26447,-107.379,0,CameraPosition,-103.2007,1.763771,-107.4638,CameraRotation,357.1975,275.3371,355.9957,CurrentState,End,Slider,1,Scenario,3
ID,26,Time,981.9043,DronePosition,-110.2394,59.26447,-107.379,0,CameraPosition,-103.2033,1.76121,-107.4636,CameraRotation,359.1881,275.3948,355.9057,CurrentState,End,Slider,1,Scenario,3
ID,26,Time,981.9181,DronePosition,-110.2394,59.26447,-107.379,0,CameraPosition,-103.2059,1.759031,-107.4634,CameraRotation,0.6426446,275.4325,355.8206,CurrentState,End,Slider,1,Scenario,3
ID,26,Time,981.9321,DronePosition,-110.2394,59.26447,-107.379,0,CameraPosition,-103.2082,1.757414,-107.4633,CameraRotation,1.579223,275.4222,355.7149,CurrentState,End,Slider,1,Scenario,3
ID,26,Time,981.946,DronePosition,-110.2394,59.26447,-107.379,0,CameraPosition,-103.2102,1.75652,-107.4633,CameraRotation,2.068823,275.2823,355.601,CurrentState,End,Slider,1,Scenario,3
ID,26,Time,981.9599,DronePosition,-110.2394,59.26447,-107.379,0,CameraPosition,-103.2119,1.755695,-107.4633,CameraRotation,2.550989,275.0674,355.5385,CurrentState,End,Slider,1,Scenario,3
ID,26,Time,981.9738,DronePosition,-110.2394,59.26447,-107.379,0,CameraPosition,-103.2135,1.754406,-107.4634,CameraRotation,3.344404,274.8696,355.4984,CurrentState,End,Slider,1,Scenario,3
ID,26,Time,981.9878,DronePosition,-110.2394,59.26447,-107.379,0,CameraPosition,-103.2148,1.752689,-107.4636,CameraRotation,4.405917,274.6906,355.4629,CurrentState,End,Slider,1,Scenario,3
ID,26,Time,982.0015,DronePosition,-110.2394,59.26447,-107.379,0,CameraPosition,-103.216,1.750696,-107.4638,CameraRotation,5.709751,274.5432,355.4975,CurrentState,End,Slider,1,Scenario,3
ID,26,Time,982.0156,DronePosition,-110.2394,59.26447,-107.379,0,CameraPosition,-103.2171,1.748619,-107.464,CameraRotation,6.954166,274.4218,355.6322,CurrentState,End,Slider,1,Scenario,3
ID,26,Time,982.0294,DronePosition,-110.2394,59.26447,-107.379,0,CameraPosition,-103.2181,1.746838,-107.4644,CameraRotation,7.972579,274.2603,355.8019,CurrentState,End,Slider,1,Scenario,3
ID,26,Time,982.0436,DronePosition,-110.2394,59.26447,-107.379,0,CameraPosition,-103.2189,1.74548,-107.4648,CameraRotation,8.760544,274.0853,355.9185,CurrentState,End,Slider,1,Scenario,3
ID,26,Time,982.0575,DronePosition,-110.2394,59.26447,-107.379,0,CameraPosition,-103.2197,1.744512,-107.4652,CameraRotation,9.291234,273.9293,356.0254,CurrentState,End,Slider,1,Scenario,3
ID,26,Time,982.0712,DronePosition,-110.2394,59.26447,-107.379,0,CameraPosition,-103.2204,1.743573,-107.4656,CameraRotation,9.802934,273.8032,356.0886,CurrentState,End,Slider,1,Scenario,3
ID,26,Time,982.0853,DronePosition,-110.2394,59.26447,-107.379,0,CameraPosition,-103.2211,1.742576,-107.466,CameraRotation,10.38167,273.6926,356.1051,CurrentState,End,Slider,1,Scenario,3
ID,26,Time,982.099,DronePosition,-110.2394,59.26447,-107.379,0,CameraPosition,-103.2217,1.741682,-107.4663,CameraRotation,10.90158,273.537,356.0674,CurrentState,End,Slider,1,Scenario,3
ID,26,Time,982.1127,DronePosition,-110.2394,59.26447,-107.379,0,CameraPosition,-103.2222,1.740987,-107.4667,CameraRotation,11.23615,273.3231,356.0923,CurrentState,End,Slider,1,Scenario,3
ID,26,Time,982.1265,DronePosition,-110.2394,59.26447,-107.379,0,CameraPosition,-103.2228,1.740435,-107.4669,CameraRotation,11.47025,273.0742,356.1955,CurrentState,End,Slider,1,Scenario,3
ID,26,Time,982.1407,DronePosition,-110.2394,59.26447,-107.379,0,CameraPosition,-103.2234,1.739924,-107.4672,CameraRotation,11.63863,272.804,356.3164,CurrentState,End,Slider,1,Scenario,3
ID,26,Time,982.1544,DronePosition,-110.2394,59.26447,-107.379,0,CameraPosition,-103.2237,1.739218,-107.4674,CameraRotation,11.92599,272.5658,356.3981,CurrentState,End,Slider,1,Scenario,3
ID,26,Time,982.1684,DronePosition,-110.2394,59.26447,-107.379,0,CameraPosition,-103.2236,1.73828,-107.4676,CameraRotation,12.43149,272.3418,356.362,CurrentState,End,Slider,1,Scenario,3
ID,26,Time,982.1823,DronePosition,-110.2394,59.26447,-107.379,0,CameraPosition,-103.2234,1.737126,-107.4679,CameraRotation,13.17015,272.1576,356.2223,CurrentState,End,Slider,1,Scenario,3
ID,26,Time,982.1965,DronePosition,-110.2394,59.26447,-107.379,0,CameraPosition,-103.2232,1.735962,-107.468,CameraRotation,13.91328,271.9833,356.0489,CurrentState,End,Slider,1,Scenario,3
ID,26,Time,982.2104,DronePosition,-110.2394,59.26447,-107.379,0,CameraPosition,-103.2228,1.73496,-107.4681,CameraRotation,14.52515,271.8728,355.8266,CurrentState,End,Slider,1,Scenario,3
ID,26,Time,982.2239,DronePosition,-110.2394,59.26447,-107.379,0,CameraPosition,-103.2224,1.734182,-107.468,CameraRotation,14.88256,271.7999,355.6134,CurrentState,End,Slider,1,Scenario,3
ID,26,Time,982.238,DronePosition,-110.2394,59.26447,-107.379,0,CameraPosition,-103.222,1.733556,-107.4678,CameraRotation,15.17508,271.742,355.4349,CurrentState,End,Slider,1,Scenario,3
ID,26,Time,982.252,DronePosition,-110.2394,59.26447,-107.379,0,CameraPosition,-103.2216,1.732981,-107.4675,CameraRotation,15.40861,271.7359,355.2332,CurrentState,End,Slider,1,Scenario,3
ID,26,Time,982.2663,DronePosition,-110.2394,59.26447,-107.379,0,CameraPosition,-103.2211,1.732266,-107.4673,CameraRotation,15.75392,271.8017,354.942,CurrentState,End,Slider,1,Scenario,3
ID,26,Time,982.28,DronePosition,-110.2394,59.26447,-107.379,0,CameraPosition,-103.2204,1.73135,-107.467,CameraRotation,16.29177,271.9363,354.5955,CurrentState,End,Slider,1,Scenario,3
ID,26,Time,982.2937,DronePosition,-110.2394,59.26447,-107.379,0,CameraPosition,-103.2196,1.730248,-107.4669,CameraRotation,16.93252,272.108,354.33,CurrentState,End,Slider,1,Scenario,3
ID,26,Time,982.3077,DronePosition,-110.2394,59.26447,-107.379,0,CameraPosition,-103.2188,1.72892,-107.4668,CameraRotation,17.64146,272.3352,354.1934,CurrentState,End,Slider,1,Scenario,3
ID,26,Time,982.3217,DronePosition,-110.2394,59.26447,-107.379,0,CameraPosition,-103.2179,1.727543,-107.4668,CameraRotation,18.36942,272.5715,354.1166,CurrentState,End,Slider,1,Scenario,3
ID,26,Time,982.3354,DronePosition,-110.2394,59.26447,-107.379,0,CameraPosition,-103.2172,1.726327,-107.4668,CameraRotation,19.06166,272.8069,354.0755,CurrentState,End,Slider,1,Scenario,3
ID,26,Time,982.3493,DronePosition,-110.2394,59.26447,-107.379,0,CameraPosition,-103.2166,1.725128,-107.4668,CameraRotation,19.71823,273.1071,354.0681,CurrentState,End,Slider,1,Scenario,3
ID,26,Time,982.3633,DronePosition,-110.2394,59.26447,-107.379,0,CameraPosition,-103.2161,1.723922,-107.4669,CameraRotation,20.29771,273.4231,354.089,CurrentState,End,Slider,1,Scenario,3
ID,26,Time,982.3772,DronePosition,-110.2394,59.26447,-107.379,0,CameraPosition,-103.2156,1.722647,-107.4672,CameraRotation,20.83168,273.7346,354.1553,CurrentState,End,Slider,1,Scenario,3
ID,26,Time,982.3911,DronePosition,-110.2394,59.26447,-107.379,0,CameraPosition,-103.2149,1.721373,-107.4675,CameraRotation,21.41979,273.9282,354.2312,CurrentState,End,Slider,1,Scenario,3
ID,26,Time,982.4052,DronePosition,-110.2394,59.26447,-107.379,0,CameraPosition,-103.2142,1.72015,-107.468,CameraRotation,22.0129,274.0531,354.351,CurrentState,End,Slider,1,Scenario,3
ID,26,Time,982.4189,DronePosition,-110.2394,59.26447,-107.379,0,CameraPosition,-103.2137,1.719049,-107.4687,CameraRotation,22.56697,274.1085,354.4861,CurrentState,End,Slider,1,Scenario,3
ID,26,Time,982.4328,DronePosition,-110.2394,59.26447,-107.379,0,CameraPosition,-103.2131,1.718022,-107.4695,CameraRotation,23.09246,274.2035,354.5681,CurrentState,End,Slider,1,Scenario,3
ID,26,Time,982.4467,DronePosition,-110.2394,59.26447,-107.379,0,CameraPosition,-103.2125,1.716998,-107.4702,CameraRotation,23.59786,274.3593,354.6053,CurrentState,End,Slider,1,Scenario,3
ID,26,Time,982.4606,DronePosition,-110.2394,59.26447,-107.379,0,CameraPosition,-103.212,1.716005,-107.4709,CameraRotation,24.08924,274.5691,354.651,CurrentState,End,Slider,1,Scenario,3
ID,26,Time,982.4751,DronePosition,-110.2394,59.26447,-107.379,0,CameraPosition,-103.2116,1.714955,-107.4716,CameraRotation,24.59776,274.7866,354.7863,CurrentState,End,Slider,1,Scenario,3
ID,26,Time,982.4886,DronePosition,-110.2394,59.26447,-107.379,0,CameraPosition,-103.2113,1.713891,-107.4723,CameraRotation,25.04943,274.8941,355.0463,CurrentState,End,Slider,1,Scenario,3
ID,26,Time,982.5027,DronePosition,-110.2394,59.26447,-107.379,0,CameraPosition,-103.2112,1.712855,-107.4731,CameraRotation,25.43792,274.7742,355.3019,CurrentState,End,Slider,1,Scenario,3
ID,26,Time,982.5164,DronePosition,-110.2394,59.26447,-107.379,0,CameraPosition,-103.2111,1.711785,-107.474,CameraRotation,25.81059,274.4998,355.4066,CurrentState,End,Slider,1,Scenario,3
ID,26,Time,982.5303,DronePosition,-110.2394,59.26447,-107.379,0,CameraPosition,-103.211,1.710549,-107.4751,CameraRotation,26.22454,274.1365,355.3058,CurrentState,End,Slider,1,Scenario,3
ID,26,Time,982.5443,DronePosition,-110.2394,59.26447,-107.379,0,CameraPosition,-103.2107,1.70908,-107.476,CameraRotation,26.73188,273.8015,355.078,CurrentState,End,Slider,1,Scenario,3
ID,26,Time,982.5579,DronePosition,-110.2394,59.26447,-107.379,0,CameraPosition,-103.2102,1.70744,-107.477,CameraRotation,27.43146,273.4724,354.7952,CurrentState,End,Slider,1,Scenario,3
ID,26,Time,982.5718,DronePosition,-110.2394,59.26447,-107.379,0,CameraPosition,-103.2095,1.70583,-107.4781,CameraRotation,28.23811,273.1452,354.7462,CurrentState,End,Slider,1,Scenario,3
ID,26,Time,982.5858,DronePosition,-110.2394,59.26447,-107.379,0,CameraPosition,-103.2089,1.70436,-107.4793,CameraRotation,28.93178,272.7427,354.8545,CurrentState,End,Slider,1,Scenario,3
ID,26,Time,982.5996,DronePosition,-110.2394,59.26447,-107.379,0,CameraPosition,-103.2084,1.703102,-107.4805,CameraRotation,29.45794,272.3103,354.9306,CurrentState,End,Slider,1,Scenario,3
ID,26,Time,982.6135,DronePosition,-110.2394,59.26447,-107.379,0,CameraPosition,-103.208,1.702153,-107.4816,CameraRotation,29.805,271.894,355.0165,CurrentState,End,Slider,1,Scenario,3
ID,26,Time,982.6278,DronePosition,-110.2394,59.26447,-107.379,0,CameraPosition,-103.2076,1.701421,-107.4826,CameraRotation,30.04131,271.6715,355.0495,CurrentState,End,Slider,1,Scenario,3
ID,26,Time,982.6414,DronePosition,-110.2394,59.26447,-107.379,0,CameraPosition,-103.2071,1.700742,-107.4835,CameraRotation,30.37832,271.6197,355.0616,CurrentState,End,Slider,1,Scenario,3
ID,26,Time,982.6552,DronePosition,-110.2394,59.26447,-107.379,0,CameraPosition,-103.2062,1.700151,-107.4843,CameraRotation,30.79394,271.7983,355.1924,CurrentState,End,Slider,1,Scenario,3
ID,26,Time,982.6692,DronePosition,-110.2394,59.26447,-107.379,0,CameraPosition,-103.2053,1.699773,-107.4849,CameraRotation,31.10336,272.1299,355.4637,CurrentState,End,Slider,1,Scenario,3
ID,26,Time,982.6835,DronePosition,-110.2394,59.26447,-107.379,0,CameraPosition,-103.2045,1.699616,-107.4855,CameraRotation,31.20418,272.3806,355.7058,CurrentState,End,Slider,1,Scenario,3
ID,26,Time,982.697,DronePosition,-110.2394,59.26447,-107.379,0,CameraPosition,-103.2038,1.699756,-107.4862,CameraRotation,31.08461,272.5369,355.872,CurrentState,End,Slider,1,Scenario,3
ID,26,Time,982.7108,DronePosition,-110.2394,59.26447,-107.379,0,CameraPosition,-103.2031,1.700147,-107.4868,CameraRotation,30.8621,272.5457,355.9528,CurrentState,End,Slider,1,Scenario,3
ID,26,Time,982.7247,DronePosition,-110.2394,59.26447,-107.379,0,CameraPosition,-103.2024,1.700406,-107.4874,CameraRotation,30.71806,272.5477,356.0215,CurrentState,End,Slider,1,Scenario,3
ID,26,Time,982.7386,DronePosition,-110.2394,59.26447,-107.379,0,CameraPosition,-103.2016,1.700602,-107.4879,CameraRotation,30.61971,272.6404,356.1371,CurrentState,End,Slider,1,Scenario,3
ID,26,Time,982.7526,DronePosition,-110.2394,59.26447,-107.379,0,CameraPosition,-103.2007,1.700739,-107.4883,CameraRotation,30.59485,272.8986,356.3268,CurrentState,End,Slider,1,Scenario,3
ID,26,Time,982.7665,DronePosition,-110.2394,59.26447,-107.379,0,CameraPosition,-103.1997,1.700826,-107.4885,CameraRotation,30.61979,273.2809,356.5244,CurrentState,End,Slider,1,Scenario,3
ID,26,Time,982.7807,DronePosition,-110.2394,59.26447,-107.379,0,CameraPosition,-103.1988,1.700943,-107.4887,CameraRotation,30.68407,273.7813,356.7014,CurrentState,End,Slider,1,Scenario,3
ID,26,Time,982.7944,DronePosition,-110.2394,59.26447,-107.379,0,CameraPosition,-103.198,1.701101,-107.489,CameraRotation,30.68563,274.2291,356.8757,CurrentState,End,Slider,1,Scenario,3
ID,26,Time,982.8085,DronePosition,-110.2394,59.26447,-107.379,0,CameraPosition,-103.1971,1.701304,-107.4893,CameraRotation,30.64345,274.5748,357.0683,CurrentState,End,Slider,1,Scenario,3
ID,26,Time,982.8225,DronePosition,-110.2394,59.26447,-107.379,0,CameraPosition,-103.1962,1.701623,-107.4896,CameraRotation,30.55976,274.9064,357.2881,CurrentState,End,Slider,1,Scenario,3
ID,26,Time,982.8363,DronePosition,-110.2394,59.26447,-107.379,0,CameraPosition,-103.1952,1.701967,-107.4898,CameraRotation,30.52587,275.3116,357.5627,CurrentState,End,Slider,1,Scenario,3
ID,26,Time,982.8502,DronePosition,-110.2394,59.26447,-107.379,0,CameraPosition,-103.1942,1.702374,-107.49,CameraRotation,30.48133,275.8171,357.9511,CurrentState,End,Slider,1,Scenario,3
ID,26,Time,982.864,DronePosition,-110.2394,59.26447,-107.379,0,CameraPosition,-103.1931,1.702865,-107.4901,CameraRotation,30.32794,276.2948,358.4489,CurrentState,End,Slider,1,Scenario,3
ID,26,Time,982.8781,DronePosition,-110.2394,59.26447,-107.379,0,CameraPosition,-103.1922,1.70341,-107.4903,CameraRotation,30.13017,276.5892,358.7983,CurrentState,End,Slider,1,Scenario,3
ID,26,Time,982.8925,DronePosition,-110.2394,59.26447,-107.379,0,CameraPosition,-103.1913,1.703963,-107.4906,CameraRotation,29.93117,276.7329,358.9275,CurrentState,End,Slider,1,Scenario,3
ID,26,Time,982.906,DronePosition,-110.2394,59.26447,-107.379,0,CameraPosition,-103.1905,1.704559,-107.4912,CameraRotation,29.7276,276.6308,358.7829,CurrentState,End,Slider,1,Scenario,3
ID,26,Time,982.9199,DronePosition,-110.2394,59.26447,-107.379,0,CameraPosition,-103.1896,1.705085,-107.4918,CameraRotation,29.55856,276.4648,358.5246,CurrentState,End,Slider,1,Scenario,3
ID,26,Time,982.9338,DronePosition,-110.2394,59.26447,-107.379,0,CameraPosition,-103.1888,1.705532,-107.4924,CameraRotation,29.47846,276.2289,358.1639,CurrentState,End,Slider,1,Scenario,3
ID,26,Time,982.9478,DronePosition,-110.2394,59.26447,-107.379,0,CameraPosition,-103.1881,1.705771,-107.493,CameraRotation,29.428,276.1319,357.9079,CurrentState,End,Slider,1,Scenario,3
ID,26,Time,982.9617,DronePosition,-110.2394,59.26447,-107.379,0,CameraPosition,-103.1874,1.705897,-107.4936,CameraRotation,29.39514,276.1125,357.7958,CurrentState,End,Slider,1,Scenario,3
ID,26,Time,982.9755,DronePosition,-110.2394,59.26447,-107.379,0,CameraPosition,-103.1868,1.705916,-107.4942,CameraRotation,29.38648,276.0504,357.8378,CurrentState,End,Slider,1,Scenario,3
ID,26,Time,982.9896,DronePosition,-110.2394,59.26447,-107.379,0,CameraPosition,-103.1862,1.705944,-107.495,CameraRotation,29.3614,275.8127,357.8664,CurrentState,End,Slider,1,Scenario,3
ID,26,Time,983.0034,DronePosition,-110.2394,59.26447,-107.379,0,CameraPosition,-103.1857,1.706001,-107.4958,CameraRotation,29.3102,275.4004,357.8197,CurrentState,End,Slider,1,Scenario,3
ID,26,Time,983.0173,DronePosition,-110.2394,59.26447,-107.379,0,CameraPosition,-103.1852,1.706009,-107.4967,CameraRotation,29.25309,274.8763,357.6404,CurrentState,End,Slider,1,Scenario,3
ID,26,Time,983.0313,DronePosition,-110.2394,59.26447,-107.379,0,CameraPosition,-103.1848,1.705858,-107.4976,CameraRotation,29.28158,274.4314,357.3698,CurrentState,End,Slider,1,Scenario,3
ID,26,Time,983.0454,DronePosition,-110.2394,59.26447,-107.379,0,CameraPosition,-103.1843,1.70559,-107.4983,CameraRotation,29.47589,274.129,357.1401,CurrentState,End,Slider,1,Scenario,3
ID,26,Time,983.059,DronePosition,-110.2394,59.26447,-107.379,0,CameraPosition,-103.1838,1.705203,-107.4992,CameraRotation,29.81159,273.8658,356.9646,CurrentState,End,Slider,1,Scenario,3
ID,26,Time,983.0728,DronePosition,-110.2394,59.26447,-107.379,0,CameraPosition,-103.1834,1.704885,-107.5,CameraRotation,30.10596,273.5806,356.8947,CurrentState,End,Slider,1,Scenario,3
ID,26,Time,983.0869,DronePosition,-110.2394,59.26447,-107.379,0,CameraPosition,-103.1832,1.704705,-107.501,CameraRotation,30.30611,273.2318,356.8655,CurrentState,End,Slider,1,Scenario,3
ID,26,Time,983.1011,DronePosition,-110.2394,59.26447,-107.379,0,CameraPosition,-103.1832,1.704474,-107.5019,CameraRotation,30.33619,272.7435,356.7428,CurrentState,End,Slider,1,Scenario,3
ID,26,Time,983.1147,DronePosition,-110.2394,59.26447,-107.379,0,CameraPosition,-103.1834,1.704282,-107.5029,CameraRotation,30.28039,272.1655,356.5278,CurrentState,End,Slider,1,Scenario,3
ID,26,Time,983.1285,DronePosition,-110.2394,59.26447,-107.379,0,CameraPosition,-103.1835,1.704114,-107.5037,CameraRotation,30.26355,271.6553,356.2807,CurrentState,End,Slider,1,Scenario,3
ID,26,Time,983.1423,DronePosition,-110.2394,59.26447,-107.379,0,CameraPosition,-103.1836,1.703909,-107.5045,CameraRotation,30.26219,271.2322,355.9152,CurrentState,End,Slider,1,Scenario,3
ID,26,Time,983.1563,DronePosition,-110.2394,59.26447,-107.379,0,CameraPosition,-103.1838,1.703568,-107.5051,CameraRotation,30.31733,270.9389,355.5502,CurrentState,End,Slider,1,Scenario,3
ID,26,Time,983.1702,DronePosition,-110.2394,59.26447,-107.379,0,CameraPosition,-103.1838,1.703101,-107.5054,CameraRotation,30.49453,270.8172,355.2923,CurrentState,End,Slider,1,Scenario,3
ID,26,Time,983.1841,DronePosition,-110.2394,59.26447,-107.379,0,CameraPosition,-103.1838,1.702585,-107.5054,CameraRotation,30.72383,270.8167,355.1888,CurrentState,End,Slider,1,Scenario,3
ID,26,Time,983.1982,DronePosition,-110.2394,59.26447,-107.379,0,CameraPosition,-103.1837,1.702021,-107.5054,CameraRotation,31.02928,270.9611,355.2507,CurrentState,End,Slider,1,Scenario,3
ID,26,Time,983.212,DronePosition,-110.2394,59.26447,-107.379,0,CameraPosition,-103.1836,1.701498,-107.5054,CameraRotation,31.3456,271.1139,355.3699,CurrentState,End,Slider,1,Scenario,3
ID,26,Time,983.2259,DronePosition,-110.2394,59.26447,-107.379,0,CameraPosition,-103.1835,1.700931,-107.5054,CameraRotation,31.54424,271.3389,355.5321,CurrentState,End,Slider,1,Scenario,3
ID,26,Time,983.2399,DronePosition,-110.2394,59.26447,-107.379,0,CameraPosition,-103.1834,1.70046,-107.5054,CameraRotation,31.75759,271.6099,355.6631,CurrentState,End,Slider,1,Scenario,3
ID,26,Time,983.2536,DronePosition,-110.2394,59.26447,-107.379,0,CameraPosition,-103.1835,1.700046,-107.5053,CameraRotation,31.93718,271.9313,355.7552,CurrentState,End,Slider,1,Scenario,3
ID,26,Time,983.2676,DronePosition,-110.2394,59.26447,-107.379,0,CameraPosition,-103.1837,1.699642,-107.5051,CameraRotation,32.00459,272.3113,355.7456,CurrentState,End,Slider,1,Scenario,3
ID,26,Time,983.2816,DronePosition,-110.2394,59.26447,-107.379,0,CameraPosition,-103.184,1.699331,-107.505,CameraRotation,32.05857,272.728,355.718,CurrentState,End,Slider,1,Scenario,3
ID,26,Time,983.2956,DronePosition,-110.2394,59.26447,-107.379,0,CameraPosition,-103.1842,1.699091,-107.5049,CameraRotation,32.15491,273.0821,355.8336,CurrentState,End,Slider,1,Scenario,3
ID,26,Time,983.3098,DronePosition,-110.2394,59.26447,-107.379,0,CameraPosition,-103.1843,1.698858,-107.5048,CameraRotation,32.29452,273.3802,356.0653,CurrentState,End,Slider,1,Scenario,3
ID,26,Time,983.3235,DronePosition,-110.2394,59.26447,-107.379,0,CameraPosition,-103.1845,1.698665,-107.5048,CameraRotation,32.43076,273.5449,356.2634,CurrentState,End,Slider,1,Scenario,3
ID,26,Time,983.3373,DronePosition,-110.2394,59.26447,-107.379,0,CameraPosition,-103.1847,1.698588,-107.5048,CameraRotation,32.49029,273.6446,356.3691,CurrentState,End,Slider,1,Scenario,3
ID,26,Time,983.3513,DronePosition,-110.2394,59.26447,-107.379,0,CameraPosition,-103.1847,1.698746,-107.5047,CameraRotation,32.56269,273.7684,356.4139,CurrentState,End,Slider,1,Scenario,3
ID,26,Time,983.3652,DronePosition,-110.2394,59.26447,-107.379,0,CameraPosition,-103.1849,1.698868,-107.5045,CameraRotation,32.61497,274.0213,356.4918,CurrentState,End,Slider,1,Scenario,3
ID,26,Time,983.3792,DronePosition,-110.2394,59.26447,-107.379,0,CameraPosition,-103.1851,1.69892,-107.5044,CameraRotation,32.67762,274.3463,356.5386,CurrentState,End,Slider,1,Scenario,3
ID,26,Time,983.3929,DronePosition,-110.2394,59.26447,-107.379,0,CameraPosition,-103.1854,1.699034,-107.5043,CameraRotation,32.72093,274.7066,356.6245,CurrentState,End,Slider,1,Scenario,3
ID,26,Time,983.4071,DronePosition,-110.2394,59.26447,-107.379,0,CameraPosition,-103.1856,1.699229,-107.5041,CameraRotation,32.75324,275.0156,356.8044,CurrentState,End,Slider,1,Scenario,3
ID,26,Time,983.421,DronePosition,-110.2394,59.26447,-107.379,0,CameraPosition,-103.1861,1.699478,-107.5038,CameraRotation,32.669,275.3349,357.0974,CurrentState,End,Slider,1,Scenario,3
ID,26,Time,983.4346,DronePosition,-110.2394,59.26447,-107.379,0,CameraPosition,-103.1866,1.69985,-107.5034,CameraRotation,32.53324,275.7373,357.3799,CurrentState,End,Slider,1,Scenario,3
ID,26,Time,983.4487,DronePosition,-110.2394,59.26447,-107.379,0,CameraPosition,-103.187,1.7003,-107.503,CameraRotation,32.4194,276.1676,357.5941,CurrentState,End,Slider,1,Scenario,3
ID,26,Time,983.4628,DronePosition,-110.2394,59.26447,-107.379,0,CameraPosition,-103.1876,1.700838,-107.5027,CameraRotation,32.25475,276.6054,357.661,CurrentState,End,Slider,1,Scenario,3
ID,26,Time,983.4766,DronePosition,-110.2394,59.26447,-107.379,0,CameraPosition,-103.1882,1.701426,-107.5025,CameraRotation,32.07795,276.9871,357.6276,CurrentState,End,Slider,1,Scenario,3
ID,26,Time,983.4905,DronePosition,-110.2394,59.26447,-107.379,0,CameraPosition,-103.189,1.702132,-107.5027,CameraRotation,31.82654,277.265,357.5143,CurrentState,End,Slider,1,Scenario,3
ID,26,Time,983.5048,DronePosition,-110.2394,59.26447,-107.379,0,CameraPosition,-103.19,1.702978,-107.5029,CameraRotation,31.51211,277.4194,357.431,CurrentState,End,Slider,1,Scenario,3
ID,26,Time,983.5192,DronePosition,-110.2394,59.26447,-107.379,0,CameraPosition,-103.191,1.704194,-107.5031,CameraRotation,31.35937,277.4735,357.619,CurrentState,End,Slider,1,Scenario,3
ID,26,Time,983.5324,DronePosition,-110.2394,59.26447,-107.379,0,CameraPosition,-103.1923,1.705426,-107.5035,CameraRotation,30.87773,277.5244,358.1247,CurrentState,End,Slider,1,Scenario,3
ID,26,Time,983.5463,DronePosition,-110.2394,59.26447,-107.379,0,CameraPosition,-103.1937,1.706987,-107.5037,CameraRotation,30.2677,277.579,358.5627,CurrentState,End,Slider,1,Scenario,3
ID,26,Time,983.5602,DronePosition,-110.2394,59.26447,-107.379,0,CameraPosition,-103.1952,1.708529,-107.5039,CameraRotation,29.53235,277.7173,358.9102,CurrentState,End,Slider,1,Scenario,3
ID,26,Time,983.574,DronePosition,-110.2394,59.26447,-107.379,0,CameraPosition,-103.1968,1.710032,-107.5041,CameraRotation,28.71142,277.9165,359.1523,CurrentState,End,Slider,1,Scenario,3
ID,26,Time,983.5881,DronePosition,-110.2394,59.26447,-107.379,0,CameraPosition,-103.1983,1.711267,-107.5042,CameraRotation,28.02746,278.1658,359.2908,CurrentState,End,Slider,1,Scenario,3
ID,26,Time,983.6022,DronePosition,-110.2394,59.26447,-107.379,0,CameraPosition,-103.1998,1.712332,-107.5042,CameraRotation,27.55088,278.4505,359.403,CurrentState,End,Slider,1,Scenario,3
ID,26,Time,983.6159,DronePosition,-110.2394,59.26447,-107.379,0,CameraPosition,-103.201,1.713275,-107.5041,CameraRotation,27.22913,278.7886,359.5854,CurrentState,End,Slider,1,Scenario,3
ID,26,Time,983.6298,DronePosition,-110.2394,59.26447,-107.379,0,CameraPosition,-103.2021,1.714067,-107.5038,CameraRotation,26.98698,279.1296,359.8606,CurrentState,End,Slider,1,Scenario,3
ID,26,Time,983.6436,DronePosition,-110.2394,59.26447,-107.379,0,CameraPosition,-103.2034,1.714898,-107.5035,CameraRotation,26.73833,279.4459,0.1931999,CurrentState,End,Slider,1,Scenario,3
ID,26,Time,983.6576,DronePosition,-110.2394,59.26447,-107.379,0,CameraPosition,-103.2048,1.715762,-107.503,CameraRotation,26.36452,279.7424,0.4717308,CurrentState,End,Slider,1,Scenario,3
ID,26,Time,983.6718,DronePosition,-110.2394,59.26447,-107.379,0,CameraPosition,-103.2062,1.716564,-107.5024,CameraRotation,25.91583,280.0307,0.5795923,CurrentState,End,Slider,1,Scenario,3
ID,26,Time,983.6855,DronePosition,-110.2394,59.26447,-107.379,0,CameraPosition,-103.2076,1.717175,-107.5018,CameraRotation,25.57551,280.3577,0.5780631,CurrentState,End,Slider,1,Scenario,3
ID,26,Time,983.6995,DronePosition,-110.2394,59.26447,-107.379,0,CameraPosition,-103.2088,1.717512,-107.5011,CameraRotation,25.50264,280.7232,0.5063291,CurrentState,End,Slider,1,Scenario,3
ID,26,Time,983.7135,DronePosition,-110.2394,59.26447,-107.379,0,CameraPosition,-103.21,1.717778,-107.5004,CameraRotation,25.50642,281.1079,0.5406255,CurrentState,End,Slider,1,Scenario,3
ID,26,Time,983.7276,DronePosition,-110.2394,59.26447,-107.379,0,CameraPosition,-103.2112,1.718169,-107.4995,CameraRotation,25.39637,281.4574,0.7415189,CurrentState,End,Slider,1,Scenario,3
ID,26,Time,983.7413,DronePosition,-110.2394,59.26447,-107.379,0,CameraPosition,-103.2127,1.718598,-107.4985,CameraRotation,25.06219,281.7066,1.02235,CurrentState,End,Slider,1,Scenario,3
ID,26,Time,983.7554,DronePosition,-110.2394,59.26447,-107.379,0,CameraPosition,-103.2143,1.719061,-107.4976,CameraRotation,24.61044,281.8456,1.223731,CurrentState,End,Slider,1,Scenario,3
ID,26,Time,983.7691,DronePosition,-110.2394,59.26447,-107.379,0,CameraPosition,-103.2156,1.719476,-107.4967,CameraRotation,24.26854,281.9686,1.296385,CurrentState,End,Slider,1,Scenario,3
ID,26,Time,983.7833,DronePosition,-110.2394,59.26447,-107.379,0,CameraPosition,-103.2168,1.719691,-107.4957,CameraRotation,24.12128,282.0616,1.203415,CurrentState,End,Slider,1,Scenario,3
ID,26,Time,983.7971,DronePosition,-110.2394,59.26447,-107.379,0,CameraPosition,-103.2178,1.719736,-107.4948,CameraRotation,24.10395,282.1857,1.061521,CurrentState,End,Slider,1,Scenario,3
ID,26,Time,983.811,DronePosition,-110.2394,59.26447,-107.379,0,CameraPosition,-103.2186,1.719654,-107.4938,CameraRotation,24.20147,282.2948,0.9414683,CurrentState,End,Slider,1,Scenario,3
ID,26,Time,983.825,DronePosition,-110.2394,59.26447,-107.379,0,CameraPosition,-103.2193,1.719584,-107.4926,CameraRotation,24.32854,282.3752,0.8483954,CurrentState,End,Slider,1,Scenario,3
ID,26,Time,983.8389,DronePosition,-110.2394,59.26447,-107.379,0,CameraPosition,-103.22,1.719597,-107.4914,CameraRotation,24.38104,282.433,0.7859457,CurrentState,End,Slider,1,Scenario,3
ID,26,Time,983.8527,DronePosition,-110.2394,59.26447,-107.379,0,CameraPosition,-103.2207,1.719645,-107.4903,CameraRotation,24.31212,282.4692,0.717842,CurrentState,End,Slider,1,Scenario,3
ID,26,Time,983.8665,DronePosition,-110.2394,59.26447,-107.379,0,CameraPosition,-103.2215,1.719821,-107.4892,CameraRotation,24.2552,282.5017,0.6603615,CurrentState,End,Slider,1,Scenario,3
ID,26,Time,983.8806,DronePosition,-110.2394,59.26447,-107.379,0,CameraPosition,-103.2222,1.720015,-107.4881,CameraRotation,24.21406,282.5489,0.6069714,CurrentState,End,Slider,1,Scenario,3
ID,26,Time,983.8945,DronePosition,-110.2394,59.26447,-107.379,0,CameraPosition,-103.223,1.720228,-107.4869,CameraRotation,24.18715,282.6055,0.528728,CurrentState,End,Slider,1,Scenario,3
ID,26,Time,983.9086,DronePosition,-110.2394,59.26447,-107.379,0,CameraPosition,-103.2238,1.720447,-107.4856,CameraRotation,24.18816,282.6696,0.4566544,CurrentState,End,Slider,1,Scenario,3
ID,26,Time,983.9225,DronePosition,-110.2394,59.26447,-107.379,0,CameraPosition,-103.2246,1.720687,-107.4843,CameraRotation,24.15564,282.7057,0.3725571,CurrentState,End,Slider,1,Scenario,3
ID,26,Time,983.9366,DronePosition,-110.2394,59.26447,-107.379,0,CameraPosition,-103.2253,1.721055,-107.483,CameraRotation,24.10896,282.7006,0.30132,CurrentState,End,Slider,1,Scenario,3
ID,26,Time,983.9504,DronePosition,-110.2394,59.26447,-107.379,0,CameraPosition,-103.2261,1.721554,-107.4817,CameraRotation,23.93827,282.6379,0.2247835,CurrentState,End,Slider,1,Scenario,3
ID,26,Time,983.9645,DronePosition,-110.2394,59.26447,-107.379,0,CameraPosition,-103.2269,1.722106,-107.4804,CameraRotation,23.67192,282.5762,0.1557138,CurrentState,End,Slider,1,Scenario,3
ID,26,Time,983.9781,DronePosition,-110.2394,59.26447,-107.379,0,CameraPosition,-103.2278,1.722707,-107.479,CameraRotation,23.35174,282.5068,0.05506774,CurrentState,End,Slider,1,Scenario,3
ID,26,Time,983.9922,DronePosition,-110.2394,59.26447,-107.379,0,CameraPosition,-103.2285,1.723357,-107.4774,CameraRotation,22.99742,282.4023,359.9371,CurrentState,End,Slider,1,Scenario,3
ID,26,Time,984.006,DronePosition,-110.2394,59.26447,-107.379,0,CameraPosition,-103.2292,1.723908,-107.476,CameraRotation,22.71774,282.2917,359.7985,CurrentState,End,Slider,1,Scenario,3
ID,26,Time,984.0198,DronePosition,-110.2394,59.26447,-107.379,0,CameraPosition,-103.23,1.724245,-107.4746,CameraRotation,22.50561,282.1497,359.6339,CurrentState,End,Slider,1,Scenario,3
ID,26,Time,984.0336,DronePosition,-110.2394,59.26447,-107.379,0,CameraPosition,-103.2306,1.724454,-107.4733,CameraRotation,22.37826,282.0073,359.4695,CurrentState,End,Slider,1,Scenario,3
ID,26,Time,984.0482,DronePosition,-110.2394,59.26447,-107.379,0,CameraPosition,-103.2312,1.724661,-107.4719,CameraRotation,22.32404,281.8856,359.3269,CurrentState,End,Slider,1,Scenario,3
ID,26,Time,984.0618,DronePosition,-110.2394,59.26447,-107.379,0,CameraPosition,-103.2318,1.724888,-107.4707,CameraRotation,22.26202,281.767,359.1602,CurrentState,End,Slider,1,Scenario,3
ID,26,Time,984.0756,DronePosition,-110.2394,59.26447,-107.379,0,CameraPosition,-103.2325,1.725255,-107.4695,CameraRotation,22.02745,281.5914,358.9682,CurrentState,End,Slider,1,Scenario,3
ID,26,Time,984.0895,DronePosition,-110.2394,59.26447,-107.379,0,CameraPosition,-103.233,1.725735,-107.4683,CameraRotation,21.76117,281.4263,358.8115,CurrentState,End,Slider,1,Scenario,3
ID,26,Time,984.1036,DronePosition,-110.2394,59.26447,-107.379,0,CameraPosition,-103.2334,1.7263,-107.4671,CameraRotation,21.42334,281.2242,358.6337,CurrentState,End,Slider,1,Scenario,3
ID,26,Time,984.1172,DronePosition,-110.2394,59.26447,-107.379,0,CameraPosition,-103.2338,1.726878,-107.4659,CameraRotation,21.10797,281.0166,358.4068,CurrentState,End,Slider,1,Scenario,3
ID,26,Time,984.1315,DronePosition,-110.2394,59.26447,-107.379,0,CameraPosition,-103.234,1.72748,-107.4648,CameraRotation,20.79762,280.7696,358.1838,CurrentState,End,Slider,1,Scenario,3
ID,26,Time,984.1456,DronePosition,-110.2394,59.26447,-107.379,0,CameraPosition,-103.2341,1.728257,-107.4636,CameraRotation,20.43932,280.4636,358.0112,CurrentState,End,Slider,1,Scenario,3
ID,26,Time,984.1592,DronePosition,-110.2394,59.26447,-107.379,0,CameraPosition,-103.2342,1.72916,-107.4626,CameraRotation,19.98763,280.0828,357.8712,CurrentState,End,Slider,1,Scenario,3
ID,26,Time,984.173,DronePosition,-110.2394,59.26447,-107.379,0,CameraPosition,-103.2342,1.730087,-107.4616,CameraRotation,19.50009,279.6591,357.7481,CurrentState,End,Slider,1,Scenario,3
ID,26,Time,984.187,DronePosition,-110.2394,59.26447,-107.379,0,CameraPosition,-103.2343,1.73111,-107.4608,CameraRotation,18.96729,279.1782,357.5764,CurrentState,End,Slider,1,Scenario,3
ID,26,Time,984.2008,DronePosition,-110.2394,59.26447,-107.379,0,CameraPosition,-103.2342,1.732144,-107.4601,CameraRotation,18.41945,278.67,357.326,CurrentState,End,Slider,1,Scenario,3
ID,26,Time,984.2149,DronePosition,-110.2394,59.26447,-107.379,0,CameraPosition,-103.2342,1.733094,-107.4593,CameraRotation,17.92809,278.2008,357.058,CurrentState,End,Slider,1,Scenario,3
ID,26,Time,984.2286,DronePosition,-110.2394,59.26447,-107.379,0,CameraPosition,-103.2342,1.734046,-107.4586,CameraRotation,17.43536,277.6692,356.7847,CurrentState,End,Slider,1,Scenario,3
ID,26,Time,984.2426,DronePosition,-110.2394,59.26447,-107.379,0,CameraPosition,-103.2343,1.735048,-107.4579,CameraRotation,16.90116,277.0516,356.5603,CurrentState,End,Slider,1,Scenario,3
ID,26,Time,984.2564,DronePosition,-110.2394,59.26447,-107.379,0,CameraPosition,-103.2342,1.736074,-107.4573,CameraRotation,16.36658,276.4523,356.3709,CurrentState,End,Slider,1,Scenario,3
ID,26,Time,984.2704,DronePosition,-110.2394,59.26447,-107.379,0,CameraPosition,-103.234,1.737097,-107.4566,CameraRotation,15.86373,275.8789,356.1411,CurrentState,End,Slider,1,Scenario,3
ID,26,Time,984.2844,DronePosition,-110.2394,59.26447,-107.379,0,CameraPosition,-103.2337,1.738104,-107.4559,CameraRotation,15.40141,275.3762,355.8819,CurrentState,End,Slider,1,Scenario,3
ID,26,Time,984.2985,DronePosition,-110.2394,59.26447,-107.379,0,CameraPosition,-103.2332,1.739114,-107.4552,CameraRotation,14.90827,274.9459,355.6807,CurrentState,End,Slider,1,Scenario,3
ID,26,Time,984.3124,DronePosition,-110.2394,59.26447,-107.379,0,CameraPosition,-103.2327,1.740195,-107.4544,CameraRotation,14.37486,274.5366,355.547,CurrentState,End,Slider,1,Scenario,3
ID,26,Time,984.3261,DronePosition,-110.2394,59.26447,-107.379,0,CameraPosition,-103.2323,1.741366,-107.4536,CameraRotation,13.71736,274.152,355.4518,CurrentState,End,Slider,1,Scenario,3
ID,26,Time,984.3401,DronePosition,-110.2394,59.26447,-107.379,0,CameraPosition,-103.232,1.742649,-107.4527,CameraRotation,12.98806,273.7506,355.376,CurrentState,End,Slider,1,Scenario,3
ID,26,Time,984.3545,DronePosition,-110.2394,59.26447,-107.379,0,CameraPosition,-103.2317,1.744027,-107.4519,CameraRotation,12.20051,273.3241,355.3388,CurrentState,End,Slider,1,Scenario,3
ID,26,Time,984.368,DronePosition,-110.2394,59.26447,-107.379,0,CameraPosition,-103.2314,1.745289,-107.4511,CameraRotation,11.41863,272.8918,355.2743,CurrentState,End,Slider,1,Scenario,3
ID,26,Time,984.3819,DronePosition,-110.2394,59.26447,-107.379,0,CameraPosition,-103.2312,1.74642,-107.4503,CameraRotation,10.69401,272.4861,355.1464,CurrentState,End,Slider,1,Scenario,3
ID,26,Time,984.3959,DronePosition,-110.2394,59.26447,-107.379,0,CameraPosition,-103.2309,1.747558,-107.4495,CameraRotation,10.04213,272.1039,354.9685,CurrentState,End,Slider,1,Scenario,3
ID,26,Time,984.4097,DronePosition,-110.2394,59.26447,-107.379,0,CameraPosition,-103.2304,1.748657,-107.4487,CameraRotation,9.417123,271.7634,354.8042,CurrentState,End,Slider,1,Scenario,3
ID,26,Time,984.4237,DronePosition,-110.2394,59.26447,-107.379,0,CameraPosition,-103.2299,1.749727,-107.4479,CameraRotation,8.792736,271.4519,354.6511,CurrentState,End,Slider,1,Scenario,3
ID,26,Time,984.4376,DronePosition,-110.2394,59.26447,-107.379,0,CameraPosition,-103.2293,1.75087,-107.447,CameraRotation,8.130978,271.1907,354.536,CurrentState,End,Slider,1,Scenario,3
ID,26,Time,984.4515,DronePosition,-110.2394,59.26447,-107.379,0,CameraPosition,-103.2287,1.752106,-107.446,CameraRotation,7.381274,270.9864,354.5067,CurrentState,End,Slider,1,Scenario,3
ID,26,Time,984.4656,DronePosition,-110.2394,59.26447,-107.379,0,CameraPosition,-103.228,1.753267,-107.445,CameraRotation,6.641781,270.8423,354.4895,CurrentState,End,Slider,1,Scenario,3
ID,26,Time,984.4797,DronePosition,-110.2394,59.26447,-107.379,0,CameraPosition,-103.2274,1.754245,-107.444,CameraRotation,6.066289,270.7505,354.4339,CurrentState,End,Slider,1,Scenario,3
ID,26,Time,984.4933,DronePosition,-110.2394,59.26447,-107.379,0,CameraPosition,-103.2267,1.755112,-107.4431,CameraRotation,5.569534,270.7365,354.3459,CurrentState,End,Slider,1,Scenario,3
ID,26,Time,984.5072,DronePosition,-110.2394,59.26447,-107.379,0,CameraPosition,-103.2261,1.756061,-107.442,CameraRotation,4.975755,270.7947,354.3442,CurrentState,End,Slider,1,Scenario,3
ID,26,Time,984.5215,DronePosition,-110.2394,59.26447,-107.379,0,CameraPosition,-103.2254,1.75717,-107.441,CameraRotation,4.227772,270.8868,354.4706,CurrentState,End,Slider,1,Scenario,3
ID,26,Time,984.5354,DronePosition,-110.2394,59.26447,-107.379,0,CameraPosition,-103.2247,1.758354,-107.4399,CameraRotation,3.475884,270.9398,354.5781,CurrentState,End,Slider,1,Scenario,3
ID,26,Time,984.5493,DronePosition,-110.2394,59.26447,-107.379,0,CameraPosition,-103.2239,1.759519,-107.4389,CameraRotation,2.734776,270.978,354.7152,CurrentState,End,Slider,1,Scenario,3
ID,26,Time,984.5636,DronePosition,-110.2394,59.26447,-107.379,0,CameraPosition,-103.2231,1.760539,-107.438,CameraRotation,2.139765,270.9539,354.7976,CurrentState,End,Slider,1,Scenario,3
ID,26,Time,984.5771,DronePosition,-110.2394,59.26447,-107.379,0,CameraPosition,-103.2223,1.761458,-107.4371,CameraRotation,1.653955,270.834,354.85,CurrentState,End,Slider,1,Scenario,3
ID,26,Time,984.5911,DronePosition,-110.2394,59.26447,-107.379,0,CameraPosition,-103.2215,1.762285,-107.4363,CameraRotation,1.12737,270.662,354.8847,CurrentState,End,Slider,1,Scenario,3
ID,26,Time,984.6049,DronePosition,-110.2394,59.26447,-107.379,0,CameraPosition,-103.2208,1.763105,-107.4356,CameraRotation,0.6233522,270.4567,354.8831,CurrentState,End,Slider,1,Scenario,3
ID,26,Time,984.6191,DronePosition,-110.2394,59.26447,-107.379,0,CameraPosition,-103.2202,1.763946,-107.4348,CameraRotation,0.113661,270.2585,354.9206,CurrentState,End,Slider,1,Scenario,3
ID,26,Time,984.6329,DronePosition,-110.2394,59.26447,-107.379,0,CameraPosition,-103.2197,1.764772,-107.4339,CameraRotation,359.6264,270.07,354.997,CurrentState,End,Slider,1,Scenario,3
ID,26,Time,984.6467,DronePosition,-110.2394,59.26447,-107.379,0,CameraPosition,-103.2191,1.765416,-107.4331,CameraRotation,359.2274,269.8889,355.0524,CurrentState,End,Slider,1,Scenario,3
ID,26,Time,984.6604,DronePosition,-110.2394,59.26447,-107.379,0,CameraPosition,-103.2185,1.765845,-107.4323,CameraRotation,358.9482,269.719,355.0745,CurrentState,End,Slider,1,Scenario,3
ID,26,Time,984.6746,DronePosition,-110.2394,59.26447,-107.379,0,CameraPosition,-103.2179,1.766071,-107.4315,CameraRotation,358.804,269.5634,355.102,CurrentState,End,Slider,1,Scenario,3
ID,26,Time,984.6884,DronePosition,-110.2394,59.26447,-107.379,0,CameraPosition,-103.2173,1.766222,-107.4308,CameraRotation,358.6743,269.4126,355.1479,CurrentState,End,Slider,1,Scenario,3
ID,26,Time,984.7024,DronePosition,-110.2394,59.26447,-107.379,0,CameraPosition,-103.2167,1.766308,-107.4302,CameraRotation,358.5563,269.239,355.1994,CurrentState,End,Slider,1,Scenario,3
ID,26,Time,984.7166,DronePosition,-110.2394,59.26447,-107.379,0,CameraPosition,-103.2161,1.766331,-107.4296,CameraRotation,358.4628,269.072,355.2934,CurrentState,End,Slider,1,Scenario,3
ID,26,Time,984.7303,DronePosition,-110.2394,59.26447,-107.379,0,CameraPosition,-103.2156,1.76639,-107.4289,CameraRotation,358.3538,268.9287,355.3848,CurrentState,End,Slider,1,Scenario,3
ID,26,Time,984.7441,DronePosition,-110.2394,59.26447,-107.379,0,CameraPosition,-103.2151,1.766448,-107.4281,CameraRotation,358.2468,268.8249,355.4506,CurrentState,End,Slider,1,Scenario,3
ID,26,Time,984.7579,DronePosition,-110.2394,59.26447,-107.379,0,CameraPosition,-103.2146,1.76647,-107.4273,CameraRotation,358.1893,268.7607,355.4832,CurrentState,End,Slider,1,Scenario,3
ID,26,Time,984.7725,DronePosition,-110.2394,59.26447,-107.379,0,CameraPosition,-103.2142,1.76658,-107.4264,CameraRotation,358.1493,268.7087,355.5102,CurrentState,End,Slider,1,Scenario,3
ID,26,Time,984.7861,DronePosition,-110.2394,59.26447,-107.379,0,CameraPosition,-103.2139,1.766818,-107.4255,CameraRotation,358.0216,268.6357,355.5654,CurrentState,End,Slider,1,Scenario,3
ID,26,Time,984.7997,DronePosition,-110.2394,59.26447,-107.379,0,CameraPosition,-103.2135,1.767166,-107.4245,CameraRotation,357.8122,268.5652,355.6257,CurrentState,End,Slider,1,Scenario,3
ID,26,Time,984.8138,DronePosition,-110.2394,59.26447,-107.379,0,CameraPosition,-103.2132,1.767449,-107.4237,CameraRotation,357.6002,268.4953,355.6505,CurrentState,End,Slider,1,Scenario,3
ID,26,Time,984.8275,DronePosition,-110.2394,59.26447,-107.379,0,CameraPosition,-103.2128,1.767657,-107.4228,CameraRotation,357.4295,268.438,355.6509,CurrentState,End,Slider,1,Scenario,3
ID,26,Time,984.8417,DronePosition,-110.2394,59.26447,-107.379,0,CameraPosition,-103.2124,1.76776,-107.422,CameraRotation,357.331,268.4,355.6484,CurrentState,End,Slider,1,Scenario,3
ID,26,Time,984.8554,DronePosition,-110.2394,59.26447,-107.379,0,CameraPosition,-103.212,1.767804,-107.4212,CameraRotation,357.2628,268.361,355.6541,CurrentState,End,Slider,1,Scenario,3
ID,26,Time,984.8694,DronePosition,-110.2394,59.26447,-107.379,0,CameraPosition,-103.2116,1.767815,-107.4204,CameraRotation,357.2033,268.3456,355.6503,CurrentState,End,Slider,1,Scenario,3
ID,26,Time,984.8834,DronePosition,-110.2394,59.26447,-107.379,0,CameraPosition,-103.2112,1.767881,-107.4196,CameraRotation,357.0977,268.3436,355.6476,CurrentState,End,Slider,1,Scenario,3
ID,26,Time,984.8975,DronePosition,-110.2394,59.26447,-107.379,0,CameraPosition,-103.2109,1.767985,-107.4188,CameraRotation,356.9737,268.3739,355.6526,CurrentState,End,Slider,1,Scenario,3
ID,26,Time,984.9113,DronePosition,-110.2394,59.26447,-107.379,0,CameraPosition,-103.2105,1.768114,-107.4179,CameraRotation,356.8478,268.4359,355.6397,CurrentState,End,Slider,1,Scenario,3
ID,26,Time,984.9261,DronePosition,-110.2394,59.26447,-107.379,0,CameraPosition,-103.2103,1.768237,-107.4171,CameraRotation,356.6938,268.5065,355.6178,CurrentState,End,Slider,1,Scenario,3
ID,26,Time,984.9391,DronePosition,-110.2394,59.26447,-107.379,0,CameraPosition,-103.21,1.768461,-107.4162,CameraRotation,356.5361,268.5839,355.5757,CurrentState,End,Slider,1,Scenario,3
ID,26,Time,984.9531,DronePosition,-110.2394,59.26447,-107.379,0,CameraPosition,-103.2097,1.768721,-107.4153,CameraRotation,356.3497,268.6707,355.5454,CurrentState,End,Slider,1,Scenario,3
ID,26,Time,984.9669,DronePosition,-110.2394,59.26447,-107.379,0,CameraPosition,-103.2095,1.769017,-107.4144,CameraRotation,356.1456,268.7793,355.5171,CurrentState,End,Slider,1,Scenario,3
ID,26,Time,984.9814,DronePosition,-110.2394,59.26447,-107.379,0,CameraPosition,-103.2093,1.769344,-107.4137,CameraRotation,355.8901,268.8959,355.4922,CurrentState,End,Slider,1,Scenario,3
ID,26,Time,984.9947,DronePosition,-110.2394,59.26447,-107.379,0,CameraPosition,-103.209,1.769704,-107.413,CameraRotation,355.6351,269.0173,355.4605,CurrentState,End,Slider,1,Scenario,3
ID,26,Time,985.0092,DronePosition,-110.2394,59.26447,-107.379,0,CameraPosition,-103.2087,1.77002,-107.4124,CameraRotation,355.4482,269.1159,355.404,CurrentState,End,Slider,1,Scenario,3
ID,26,Time,985.0229,DronePosition,-110.2394,59.26447,-107.379,0,CameraPosition,-103.2085,1.77027,-107.4119,CameraRotation,355.2533,269.2113,355.3615,CurrentState,End,Slider,1,Scenario,3
ID,26,Time,985.0367,DronePosition,-110.2394,59.26447,-107.379,0,CameraPosition,-103.2082,1.770564,-107.4114,CameraRotation,355.0734,269.3275,355.3548,CurrentState,End,Slider,1,Scenario,3
ID,26,Time,985.0505,DronePosition,-110.2394,59.26447,-107.379,0,CameraPosition,-103.208,1.77088,-107.4109,CameraRotation,354.8634,269.4783,355.3526,CurrentState,End,Slider,1,Scenario,3
ID,26,Time,985.0645,DronePosition,-110.2394,59.26447,-107.379,0,CameraPosition,-103.2078,1.771192,-107.4103,CameraRotation,354.6579,269.6133,355.3488,CurrentState,End,Slider,1,Scenario,3
ID,26,Time,985.0785,DronePosition,-110.2394,59.26447,-107.379,0,CameraPosition,-103.2076,1.771455,-107.4098,CameraRotation,354.4556,269.7618,355.3452,CurrentState,End,Slider,1,Scenario,3
ID,26,Time,985.0922,DronePosition,-110.2394,59.26447,-107.379,0,CameraPosition,-103.2074,1.771724,-107.4093,CameraRotation,354.2842,269.8963,355.3145,CurrentState,End,Slider,1,Scenario,3
ID,26,Time,985.1063,DronePosition,-110.2394,59.26447,-107.379,0,CameraPosition,-103.2073,1.772019,-107.4087,CameraRotation,354.0892,270.0333,355.2825,CurrentState,End,Slider,1,Scenario,3
ID,26,Time,985.1203,DronePosition,-110.2394,59.26447,-107.379,0,CameraPosition,-103.2072,1.772322,-107.4081,CameraRotation,353.8787,270.1768,355.2719,CurrentState,End,Slider,1,Scenario,3
ID,26,Time,985.1342,DronePosition,-110.2394,59.26447,-107.379,0,CameraPosition,-103.2071,1.772581,-107.4078,CameraRotation,353.6661,270.303,355.2668,CurrentState,End,Slider,1,Scenario,3
ID,26,Time,985.1479,DronePosition,-110.2394,59.26447,-107.379,0,CameraPosition,-103.207,1.772892,-107.4075,CameraRotation,353.4819,270.41,355.2558,CurrentState,End,Slider,1,Scenario,3
ID,26,Time,985.162,DronePosition,-110.2394,59.26447,-107.379,0,CameraPosition,-103.207,1.773289,-107.4072,CameraRotation,353.2759,270.5039,355.2568,CurrentState,End,Slider,1,Scenario,3
ID,26,Time,985.1759,DronePosition,-110.2394,59.26447,-107.379,0,CameraPosition,-103.207,1.773724,-107.407,CameraRotation,352.9976,270.5936,355.2854,CurrentState,End,Slider,1,Scenario,3
ID,26,Time,985.1901,DronePosition,-110.2394,59.26447,-107.379,0,CameraPosition,-103.2071,1.774175,-107.4068,CameraRotation,352.6823,270.6903,355.3232,CurrentState,End,Slider,1,Scenario,3
ID,26,Time,985.2039,DronePosition,-110.2394,59.26447,-107.379,0,CameraPosition,-103.2072,1.77462,-107.4066,CameraRotation,352.3484,270.7817,355.3555,CurrentState,End,Slider,1,Scenario,3
ID,26,Time,985.2177,DronePosition,-110.2394,59.26447,-107.379,0,CameraPosition,-103.2073,1.775013,-107.4064,CameraRotation,352.1014,270.8655,355.3877,CurrentState,End,Slider,1,Scenario,3
ID,26,Time,985.2318,DronePosition,-110.2394,59.26447,-107.379,0,CameraPosition,-103.2074,1.775343,-107.4063,CameraRotation,351.912,270.9311,355.4165,CurrentState,End,Slider,1,Scenario,3
ID,26,Time,985.2456,DronePosition,-110.2394,59.26447,-107.379,0,CameraPosition,-103.2076,1.775713,-107.4062,CameraRotation,351.7014,270.9698,355.4569,CurrentState,End,Slider,1,Scenario,3
ID,26,Time,985.2593,DronePosition,-110.2394,59.26447,-107.379,0,CameraPosition,-103.2078,1.776141,-107.4061,CameraRotation,351.4461,271.0011,355.5119,CurrentState,End,Slider,1,Scenario,3
ID,26,Time,985.2732,DronePosition,-110.2394,59.26447,-107.379,0,CameraPosition,-103.208,1.776604,-107.4059,CameraRotation,351.193,270.9954,355.5627,CurrentState,End,Slider,1,Scenario,3
ID,26,Time,985.2872,DronePosition,-110.2394,59.26447,-107.379,0,CameraPosition,-103.2083,1.777014,-107.4059,CameraRotation,350.968,270.9761,355.591,CurrentState,End,Slider,1,Scenario,3
ID,26,Time,985.3013,DronePosition,-110.2394,59.26447,-107.379,0,CameraPosition,-103.2086,1.777338,-107.406,CameraRotation,350.7883,270.9775,355.5916,CurrentState,End,Slider,1,Scenario,3
ID,26,Time,985.3154,DronePosition,-110.2394,59.26447,-107.379,0,CameraPosition,-103.2089,1.777589,-107.4061,CameraRotation,350.6833,270.9778,355.5846,CurrentState,End,Slider,1,Scenario,3
ID,26,Time,985.3292,DronePosition,-110.2394,59.26447,-107.379,0,CameraPosition,-103.2093,1.777795,-107.4063,CameraRotation,350.6028,270.9599,355.6001,CurrentState,End,Slider,1,Scenario,3
ID,26,Time,985.3429,DronePosition,-110.2394,59.26447,-107.379,0,CameraPosition,-103.2097,1.777998,-107.4065,CameraRotation,350.5298,270.9226,355.6479,CurrentState,End,Slider,1,Scenario,3
ID,26,Time,985.3568,DronePosition,-110.2394,59.26447,-107.379,0,CameraPosition,-103.2101,1.778162,-107.4068,CameraRotation,350.4783,270.8753,355.7141,CurrentState,End,Slider,1,Scenario,3
ID,26,Time,985.3712,DronePosition,-110.2394,59.26447,-107.379,0,CameraPosition,-103.2105,1.778321,-107.407,CameraRotation,350.4442,270.8425,355.7939,CurrentState,End,Slider,1,Scenario,3
ID,26,Time,985.3848,DronePosition,-110.2394,59.26447,-107.379,0,CameraPosition,-103.2109,1.778522,-107.4072,CameraRotation,350.3913,270.8174,355.8968,CurrentState,End,Slider,1,Scenario,3
ID,26,Time,985.399,DronePosition,-110.2394,59.26447,-107.379,0,CameraPosition,-103.2114,1.778815,-107.4075,CameraRotation,350.2773,270.796,356.0164,CurrentState,End,Slider,1,Scenario,3
ID,26,Time,985.4128,DronePosition,-110.2394,59.26447,-107.379,0,CameraPosition,-103.2119,1.779151,-107.4078,CameraRotation,350.0953,270.7585,356.1236,CurrentState,End,Slider,1,Scenario,3
ID,26,Time,985.4265,DronePosition,-110.2394,59.26447,-107.379,0,CameraPosition,-103.2123,1.779492,-107.4081,CameraRotation,349.8964,270.6864,356.2454,CurrentState,End,Slider,1,Scenario,3
ID,26,Time,985.4403,DronePosition,-110.2394,59.26447,-107.379,0,CameraPosition,-103.2127,1.779759,-107.4084,CameraRotation,349.6957,270.5981,356.3649,CurrentState,End,Slider,1,Scenario,3
ID,26,Time,985.4543,DronePosition,-110.2394,59.26447,-107.379,0,CameraPosition,-103.2132,1.780032,-107.409,CameraRotation,349.5711,270.4825,356.4861,CurrentState,End,Slider,1,Scenario,3
ID,26,Time,985.4683,DronePosition,-110.2394,59.26447,-107.379,0,CameraPosition,-103.2136,1.780267,-107.4095,CameraRotation,349.4522,270.3471,356.5928,CurrentState,End,Slider,1,Scenario,3
ID,26,Time,985.4822,DronePosition,-110.2394,59.26447,-107.379,0,CameraPosition,-103.2141,1.780528,-107.4102,CameraRotation,349.3065,270.1829,356.6976,CurrentState,End,Slider,1,Scenario,3
ID,26,Time,985.4963,DronePosition,-110.2394,59.26447,-107.379,0,CameraPosition,-103.2145,1.780808,-107.4109,CameraRotation,349.1623,269.9951,356.8303,CurrentState,End,Slider,1,Scenario,3
ID,26,Time,985.5099,DronePosition,-110.2394,59.26447,-107.379,0,CameraPosition,-103.215,1.781031,-107.4117,CameraRotation,349.0279,269.7713,356.9801,CurrentState,End,Slider,1,Scenario,3
ID,26,Time,985.5239,DronePosition,-110.2394,59.26447,-107.379,0,CameraPosition,-103.2154,1.781165,-107.4126,CameraRotation,348.9739,269.4874,357.129,CurrentState,End,Slider,1,Scenario,3
ID,26,Time,985.5384,DronePosition,-110.2394,59.26447,-107.379,0,CameraPosition,-103.2158,1.781258,-107.4134,CameraRotation,348.9504,269.1954,357.2507,CurrentState,End,Slider,1,Scenario,3
ID,26,Time,985.5518,DronePosition,-110.2394,59.26447,-107.379,0,CameraPosition,-103.2162,1.781302,-107.4144,CameraRotation,348.9443,268.9011,357.3439,CurrentState,End,Slider,1,Scenario,3
ID,26,Time,985.5658,DronePosition,-110.2394,59.26447,-107.379,0,CameraPosition,-103.2167,1.781388,-107.4153,CameraRotation,348.9236,268.6465,357.4261,CurrentState,End,Slider,1,Scenario,3
ID,26,Time,985.5798,DronePosition,-110.2394,59.26447,-107.379,0,CameraPosition,-103.2171,1.781504,-107.4162,CameraRotation,348.866,268.4195,357.5056,CurrentState,End,Slider,1,Scenario,3
ID,26,Time,985.5936,DronePosition,-110.2394,59.26447,-107.379,0,CameraPosition,-103.2176,1.781654,-107.4171,CameraRotation,348.7586,268.2248,357.6076,CurrentState,End,Slider,1,Scenario,3
ID,26,Time,985.6077,DronePosition,-110.2394,59.26447,-107.379,0,CameraPosition,-103.218,1.781849,-107.418,CameraRotation,348.6468,268.0384,357.7319,CurrentState,End,Slider,1,Scenario,3
ID,26,Time,985.6216,DronePosition,-110.2394,59.26447,-107.379,0,CameraPosition,-103.2185,1.782029,-107.4191,CameraRotation,348.5599,267.857,357.8526,CurrentState,End,Slider,1,Scenario,3
ID,26,Time,985.6354,DronePosition,-110.2394,59.26447,-107.379,0,CameraPosition,-103.2189,1.782116,-107.4201,CameraRotation,348.5364,267.6765,357.9681,CurrentState,End,Slider,1,Scenario,3
ID,26,Time,985.6492,DronePosition,-110.2394,59.26447,-107.379,0,CameraPosition,-103.2194,1.78207,-107.4212,CameraRotation,348.5886,267.5114,358.0829,CurrentState,End,Slider,1,Scenario,3
ID,26,Time,985.6631,DronePosition,-110.2394,59.26447,-107.379,0,CameraPosition,-103.2199,1.782029,-107.4224,CameraRotation,348.7094,267.3533,358.1619,CurrentState,End,Slider,1,Scenario,3
ID,26,Time,985.677,DronePosition,-110.2394,59.26447,-107.379,0,CameraPosition,-103.2204,1.782045,-107.4236,CameraRotation,348.7739,267.2053,358.2138,CurrentState,End,Slider,1,Scenario,3
ID,26,Time,985.6911,DronePosition,-110.2394,59.26447,-107.379,0,CameraPosition,-103.221,1.782214,-107.4247,CameraRotation,348.7203,267.0574,358.2606,CurrentState,End,Slider,1,Scenario,3
ID,26,Time,985.705,DronePosition,-110.2394,59.26447,-107.379,0,CameraPosition,-103.2215,1.78247,-107.4259,CameraRotation,348.617,266.9237,358.3128,CurrentState,End,Slider,1,Scenario,3
ID,26,Time,985.7189,DronePosition,-110.2394,59.26447,-107.379,0,CameraPosition,-103.2221,1.782695,-107.4271,CameraRotation,348.5238,266.7869,358.3755,CurrentState,End,Slider,1,Scenario,3
ID,26,Time,985.7327,DronePosition,-110.2394,59.26447,-107.379,0,CameraPosition,-103.2226,1.782798,-107.4282,CameraRotation,348.5193,266.6538,358.4145,CurrentState,End,Slider,1,Scenario,3
ID,26,Time,985.7467,DronePosition,-110.2394,59.26447,-107.379,0,CameraPosition,-103.223,1.782815,-107.4294,CameraRotation,348.5518,266.5393,358.4387,CurrentState,End,Slider,1,Scenario,3
ID,26,Time,985.7604,DronePosition,-110.2394,59.26447,-107.379,0,CameraPosition,-103.2234,1.782888,-107.4306,CameraRotation,348.5602,266.45,358.4752,CurrentState,End,Slider,1,Scenario,3
ID,26,Time,985.7747,DronePosition,-110.2394,59.26447,-107.379,0,CameraPosition,-103.2238,1.78306,-107.4318,CameraRotation,348.5074,266.3443,358.5216,CurrentState,End,Slider,1,Scenario,3
ID,26,Time,985.7885,DronePosition,-110.2394,59.26447,-107.379,0,CameraPosition,-103.2241,1.783319,-107.4331,CameraRotation,348.3547,266.2447,358.5729,CurrentState,End,Slider,1,Scenario,3
ID,26,Time,985.8026,DronePosition,-110.2394,59.26447,-107.379,0,CameraPosition,-103.2244,1.783592,-107.4343,CameraRotation,348.1494,266.1436,358.6223,CurrentState,End,Slider,1,Scenario,3
ID,26,Time,985.8167,DronePosition,-110.2394,59.26447,-107.379,0,CameraPosition,-103.2247,1.783885,-107.4357,CameraRotation,347.9384,266.0498,358.6776,CurrentState,End,Slider,1,Scenario,3
ID,26,Time,985.8303,DronePosition,-110.2394,59.26447,-107.379,0,CameraPosition,-103.2248,1.784196,-107.4371,CameraRotation,347.684,265.9656,358.7447,CurrentState,End,Slider,1,Scenario,3
ID,26,Time,985.8441,DronePosition,-110.2394,59.26447,-107.379,0,CameraPosition,-103.2249,1.784553,-107.4385,CameraRotation,347.4033,265.9172,358.7986,CurrentState,End,Slider,1,Scenario,3
ID,26,Time,985.858,DronePosition,-110.2394,59.26447,-107.379,0,CameraPosition,-103.225,1.78494,-107.4399,CameraRotation,347.1695,265.8702,358.8522,CurrentState,End,Slider,1,Scenario,3
ID,26,Time,985.872,DronePosition,-110.2394,59.26447,-107.379,0,CameraPosition,-103.2251,1.785332,-107.4413,CameraRotation,346.9464,265.8602,358.9502,CurrentState,End,Slider,1,Scenario,3
ID,26,Time,985.8859,DronePosition,-110.2394,59.26447,-107.379,0,CameraPosition,-103.2251,1.785782,-107.4428,CameraRotation,346.7693,265.8714,359.0245,CurrentState,End,Slider,1,Scenario,3
ID,26,Time,985.8999,DronePosition,-110.2394,59.26447,-107.379,0,CameraPosition,-103.2249,1.786129,-107.4442,CameraRotation,346.583,265.8802,359.061,CurrentState,End,Slider,1,Scenario,3
ID,26,Time,985.9138,DronePosition,-110.2394,59.26447,-107.379,0,CameraPosition,-103.2247,1.786384,-107.4456,CameraRotation,346.469,265.9022,359.0984,CurrentState,End,Slider,1,Scenario,3
ID,26,Time,985.9288,DronePosition,-110.2394,59.26447,-107.379,0,CameraPosition,-103.2244,1.786554,-107.4471,CameraRotation,346.415,265.9181,359.1435,CurrentState,End,Slider,1,Scenario,3
ID,26,Time,985.9418,DronePosition,-110.2394,59.26447,-107.379,0,CameraPosition,-103.2241,1.786739,-107.4487,CameraRotation,346.3486,265.9096,359.1852,CurrentState,End,Slider,1,Scenario,3
ID,26,Time,985.9555,DronePosition,-110.2394,59.26447,-107.379,0,CameraPosition,-103.2237,1.786914,-107.4503,CameraRotation,346.2581,265.8874,359.2247,CurrentState,End,Slider,1,Scenario,3
ID,26,Time,985.9694,DronePosition,-110.2394,59.26447,-107.379,0,CameraPosition,-103.2232,1.787099,-107.452,CameraRotation,346.1536,265.8833,359.2734,CurrentState,End,Slider,1,Scenario,3
ID,26,Time,985.9834,DronePosition,-110.2394,59.26447,-107.379,0,CameraPosition,-103.2228,1.787271,-107.4537,CameraRotation,346.047,265.901,359.2902,CurrentState,End,Slider,1,Scenario,3
ID,26,Time,985.9978,DronePosition,-110.2394,59.26447,-107.379,0,CameraPosition,-103.2222,1.787451,-107.4554,CameraRotation,345.9678,265.9392,359.2967,CurrentState,End,Slider,1,Scenario,3
ID,26,Time,986.0112,DronePosition,-110.2394,59.26447,-107.379,0,CameraPosition,-103.2215,1.787663,-107.4571,CameraRotation,345.8854,266.0069,359.3034,CurrentState,End,Slider,1,Scenario,3
ID,26,Time,986.0257,DronePosition,-110.2394,59.26447,-107.379,0,CameraPosition,-103.2208,1.78785,-107.4589,CameraRotation,345.79,266.0598,359.3217,CurrentState,End,Slider,1,Scenario,3
ID,26,Time,986.0392,DronePosition,-110.2394,59.26447,-107.379,0,CameraPosition,-103.2199,1.787965,-107.4607,CameraRotation,345.7059,266.0865,359.3527,CurrentState,End,Slider,1,Scenario,3
ID,26,Time,986.053,DronePosition,-110.2394,59.26447,-107.379,0,CameraPosition,-103.219,1.787995,-107.4624,CameraRotation,345.6311,266.0768,359.4298,CurrentState,End,Slider,1,Scenario,3
ID,26,Time,986.067,DronePosition,-110.2394,59.26447,-107.379,0,CameraPosition,-103.2181,1.788008,-107.4642,CameraRotation,345.557,266.0688,359.5183,CurrentState,End,Slider,1,Scenario,3
ID,26,Time,986.0809,DronePosition,-110.2394,59.26447,-107.379,0,CameraPosition,-103.217,1.788059,-107.466,CameraRotation,345.4664,266.0435,359.6104,CurrentState,End,Slider,1,Scenario,3
ID,26,Time,986.0948,DronePosition,-110.2394,59.26447,-107.379,0,CameraPosition,-103.216,1.788183,-107.4679,CameraRotation,345.334,266.0083,359.6831,CurrentState,End,Slider,1,Scenario,3
ID,26,Time,986.1086,DronePosition,-110.2394,59.26447,-107.379,0,CameraPosition,-103.215,1.788427,-107.4698,CameraRotation,345.1407,265.9175,359.8064,CurrentState,End,Slider,1,Scenario,3
ID,26,Time,986.1227,DronePosition,-110.2394,59.26447,-107.379,0,CameraPosition,-103.2138,1.788821,-107.4718,CameraRotation,344.9221,265.7462,359.9153,CurrentState,End,Slider,1,Scenario,3
ID,26,Time,986.1367,DronePosition,-110.2394,59.26447,-107.379,0,CameraPosition,-103.2127,1.789264,-107.4739,CameraRotation,344.6664,265.5391,0.01454262,CurrentState,End,Slider,1,Scenario,3
ID,26,Time,986.1505,DronePosition,-110.2394,59.26447,-107.379,0,CameraPosition,-103.2116,1.789716,-107.4761,CameraRotation,344.3981,265.2945,0.1320249,CurrentState,End,Slider,1,Scenario,3
ID,26,Time,986.1645,DronePosition,-110.2394,59.26447,-107.379,0,CameraPosition,-103.2104,1.790075,-107.4782,CameraRotation,344.1895,265.0524,0.2448827,CurrentState,End,Slider,1,Scenario,3
ID,26,Time,986.1782,DronePosition,-110.2394,59.26447,-107.379,0,CameraPosition,-103.2093,1.790367,-107.4803,CameraRotation,344.0158,264.8324,0.3407493,CurrentState,End,Slider,1,Scenario,3
ID,26,Time,986.1921,DronePosition,-110.2394,59.26447,-107.379,0,CameraPosition,-103.2081,1.790617,-107.4824,CameraRotation,343.8038,264.6383,0.4401691,CurrentState,End,Slider,1,Scenario,3
ID,26,Time,986.2061,DronePosition,-110.2394,59.26447,-107.379,0,CameraPosition,-103.207,1.790865,-107.4844,CameraRotation,343.5761,264.4652,0.5503538,CurrentState,End,Slider,1,Scenario,3
ID,26,Time,986.2201,DronePosition,-110.2394,59.26447,-107.379,0,CameraPosition,-103.2058,1.79111,-107.4864,CameraRotation,343.3478,264.3117,0.65141,CurrentState,End,Slider,1,Scenario,3
ID,26,Time,986.2343,DronePosition,-110.2394,59.26447,-107.379,0,CameraPosition,-103.2047,1.791377,-107.4883,CameraRotation,343.1521,264.1549,0.7332301,CurrentState,End,Slider,1,Scenario,3
ID,26,Time,986.248,DronePosition,-110.2394,59.26447,-107.379,0,CameraPosition,-103.2035,1.791597,-107.4902,CameraRotation,342.9666,264.0282,0.8099054,CurrentState,End,Slider,1,Scenario,3
ID,26,Time,986.2618,DronePosition,-110.2394,59.26447,-107.379,0,CameraPosition,-103.2024,1.791735,-107.4921,CameraRotation,342.8052,263.9,0.9092507,CurrentState,End,Slider,1,Scenario,3
ID,26,Time,986.2756,DronePosition,-110.2394,59.26447,-107.379,0,CameraPosition,-103.2013,1.791733,-107.494,CameraRotation,342.7271,263.7652,1.059166,CurrentState,End,Slider,9,Scenario,3
ID,26,Time,986.2896,DronePosition,-110.2394,59.26447,-107.379,0,CameraPosition,-103.2002,1.791619,-107.4959,CameraRotation,342.7056,263.6083,1.208833,CurrentState,End,Slider,9,Scenario,3
ID,26,Time,986.3038,DronePosition,-110.2394,59.26447,-107.379,0,CameraPosition,-103.1992,1.791455,-107.4978,CameraRotation,342.6863,263.446,1.337424,CurrentState,End,Slider,9,Scenario,3
ID,26,Time,986.3174,DronePosition,-110.2394,59.26447,-107.379,0,CameraPosition,-103.1982,1.791375,-107.4997,CameraRotation,342.6232,263.3004,1.439023,CurrentState,End,Slider,9,Scenario,3
ID,26,Time,986.3315,DronePosition,-110.2394,59.26447,-107.379,0,CameraPosition,-103.1972,1.791391,-107.5015,CameraRotation,342.4714,263.1636,1.554159,CurrentState,End,Slider,9,Scenario,3
ID,26,Time,986.3453,DronePosition,-110.2394,59.26447,-107.379,0,CameraPosition,-103.1961,1.791526,-107.5033,CameraRotation,342.2541,263.035,1.702955,CurrentState,End,Slider,9,Scenario,3
ID,26,Time,986.3591,DronePosition,-110.2394,59.26447,-107.379,0,CameraPosition,-103.1949,1.791676,-107.505,CameraRotation,342.0514,262.913,1.849442,CurrentState,End,Slider,9,Scenario,3
ID,26,Time,986.373,DronePosition,-110.2394,59.26447,-107.379,0,CameraPosition,-103.1938,1.791847,-107.5066,CameraRotation,341.8549,262.8121,1.975237,CurrentState,End,Slider,9,Scenario,3
ID,26,Time,986.387,DronePosition,-110.2394,59.26447,-107.379,0,CameraPosition,-103.1927,1.792012,-107.5083,CameraRotation,341.6535,262.736,2.088469,CurrentState,End,Slider,35,Scenario,3
ID,26,Time,986.401,DronePosition,-110.2394,59.26447,-107.379,0,CameraPosition,-103.1915,1.792204,-107.5098,CameraRotation,341.4099,262.6671,2.210451,CurrentState,End,Slider,35,Scenario,3
ID,26,Time,986.4151,DronePosition,-110.2394,59.26447,-107.379,0,CameraPosition,-103.1903,1.792466,-107.5113,CameraRotation,341.1041,262.6295,2.309939,CurrentState,End,Slider,35,Scenario,3
ID,26,Time,986.4289,DronePosition,-110.2394,59.26447,-107.379,0,CameraPosition,-103.1891,1.792686,-107.5127,CameraRotation,340.7998,262.6176,2.40629,CurrentState,End,Slider,35,Scenario,3
ID,26,Time,986.4429,DronePosition,-110.2394,59.26447,-107.379,0,CameraPosition,-103.1878,1.792842,-107.5141,CameraRotation,340.5136,262.6414,2.466664,CurrentState,End,Slider,35,Scenario,3
ID,26,Time,986.4567,DronePosition,-110.2394,59.26447,-107.379,0,CameraPosition,-103.1866,1.792906,-107.5154,CameraRotation,340.2714,262.7212,2.490327,CurrentState,End,Slider,35,Scenario,3
ID,26,Time,986.4706,DronePosition,-110.2394,59.26447,-107.379,0,CameraPosition,-103.1855,1.792937,-107.5165,CameraRotation,340.0417,262.8733,2.499899,CurrentState,End,Slider,35,Scenario,3
ID,26,Time,986.4844,DronePosition,-110.2394,59.26447,-107.379,0,CameraPosition,-103.1844,1.79302,-107.5175,CameraRotation,339.8093,263.1242,2.518211,CurrentState,End,Slider,53,Scenario,3
ID,26,Time,986.4985,DronePosition,-110.2394,59.26447,-107.379,0,CameraPosition,-103.1832,1.793235,-107.5185,CameraRotation,339.5433,263.3742,2.569438,CurrentState,End,Slider,53,Scenario,3
ID,26,Time,986.5124,DronePosition,-110.2394,59.26447,-107.379,0,CameraPosition,-103.1821,1.793489,-107.5195,CameraRotation,339.255,263.5463,2.628647,CurrentState,End,Slider,53,Scenario,3
ID,26,Time,986.5263,DronePosition,-110.2394,59.26447,-107.379,0,CameraPosition,-103.181,1.793799,-107.5205,CameraRotation,339.006,263.6707,2.701935,CurrentState,End,Slider,53,Scenario,3
ID,26,Time,986.5404,DronePosition,-110.2394,59.26447,-107.379,0,CameraPosition,-103.1799,1.794132,-107.5214,CameraRotation,338.8201,263.7724,2.767077,CurrentState,End,Slider,53,Scenario,3
ID,26,Time,986.5543,DronePosition,-110.2394,59.26447,-107.379,0,CameraPosition,-103.1789,1.794444,-107.5223,CameraRotation,338.6874,263.8929,2.825286,CurrentState,End,Slider,53,Scenario,3
ID,26,Time,986.5682,DronePosition,-110.2394,59.26447,-107.379,0,CameraPosition,-103.178,1.794736,-107.523,CameraRotation,338.6099,264.0388,2.87155,CurrentState,End,Slider,53,Scenario,3
ID,26,Time,986.5822,DronePosition,-110.2394,59.26447,-107.379,0,CameraPosition,-103.1772,1.79503,-107.5237,CameraRotation,338.5344,264.2011,2.88595,CurrentState,End,Slider,55,Scenario,3
ID,26,Time,986.5961,DronePosition,-110.2394,59.26447,-107.379,0,CameraPosition,-103.1764,1.795293,-107.5244,CameraRotation,338.3831,264.3325,2.909482,CurrentState,End,Slider,55,Scenario,3
ID,26,Time,986.6101,DronePosition,-110.2394,59.26447,-107.379,0,CameraPosition,-103.1757,1.795493,-107.525,CameraRotation,338.1891,264.4389,2.9376,CurrentState,End,Slider,55,Scenario,3
ID,26,Time,986.6243,DronePosition,-110.2394,59.26447,-107.379,0,CameraPosition,-103.175,1.79555,-107.5256,CameraRotation,338.0189,264.5287,2.943342,CurrentState,End,Slider,55,Scenario,3
ID,26,Time,986.6381,DronePosition,-110.2394,59.26447,-107.379,0,CameraPosition,-103.1744,1.795557,-107.5262,CameraRotation,337.9325,264.642,2.929257,CurrentState,End,Slider,55,Scenario,3
ID,26,Time,986.6528,DronePosition,-110.2394,59.26447,-107.379,0,CameraPosition,-103.1739,1.795495,-107.5266,CameraRotation,337.8474,264.7763,2.912519,CurrentState,End,Slider,55,Scenario,3
ID,26,Time,986.6658,DronePosition,-110.2394,59.26447,-107.379,0,CameraPosition,-103.1734,1.795334,-107.5269,CameraRotation,337.8242,264.9197,2.909783,CurrentState,End,Slider,55,Scenario,3
ID,26,Time,986.6796,DronePosition,-110.2394,59.26447,-107.379,0,CameraPosition,-103.173,1.795112,-107.5272,CameraRotation,337.8665,265.0831,2.887898,CurrentState,End,Slider,54,Scenario,3
ID,26,Time,986.6934,DronePosition,-110.2394,59.26447,-107.379,0,CameraPosition,-103.1727,1.794924,-107.5274,CameraRotation,337.9492,265.2603,2.836819,CurrentState,End,Slider,54,Scenario,3
ID,26,Time,986.7073,DronePosition,-110.2394,59.26447,-107.379,0,CameraPosition,-103.1723,1.794771,-107.5275,CameraRotation,338.0251,265.4664,2.697542,CurrentState,End,Slider,54,Scenario,3
ID,26,Time,986.7215,DronePosition,-110.2394,59.26447,-107.379,0,CameraPosition,-103.1721,1.794752,-107.5275,CameraRotation,338.0798,265.7124,2.517955,CurrentState,End,Slider,54,Scenario,3
ID,26,Time,986.7354,DronePosition,-110.2394,59.26447,-107.379,0,CameraPosition,-103.1718,1.794828,-107.5274,CameraRotation,338.0855,265.9551,2.401479,CurrentState,End,Slider,54,Scenario,3
ID,26,Time,986.7491,DronePosition,-110.2394,59.26447,-107.379,0,CameraPosition,-103.1715,1.795004,-107.5273,CameraRotation,338.0726,266.2222,2.300458,CurrentState,End,Slider,54,Scenario,3
ID,26,Time,986.7632,DronePosition,-110.2394,59.26447,-107.379,0,CameraPosition,-103.1712,1.79517,-107.5271,CameraRotation,338.0711,266.4529,2.172853,CurrentState,End,Slider,54,Scenario,3
ID,26,Time,986.7774,DronePosition,-110.2394,59.26447,-107.379,0,CameraPosition,-103.1709,1.795184,-107.527,CameraRotation,338.1186,266.6643,2.041079,CurrentState,End,Slider,53,Scenario,3
ID,26,Time,986.791,DronePosition,-110.2394,59.26447,-107.379,0,CameraPosition,-103.1707,1.795061,-107.5268,CameraRotation,338.2259,266.8845,1.87042,CurrentState,End,Slider,53,Scenario,3
ID,26,Time,986.8049,DronePosition,-110.2394,59.26447,-107.379,0,CameraPosition,-103.1704,1.794876,-107.5266,CameraRotation,338.373,267.1273,1.720763,CurrentState,End,Slider,53,Scenario,3
ID,26,Time,986.819,DronePosition,-110.2394,59.26447,-107.379,0,CameraPosition,-103.1701,1.79472,-107.5264,CameraRotation,338.5187,267.382,1.584431,CurrentState,End,Slider,53,Scenario,3
ID,26,Time,986.8329,DronePosition,-110.2394,59.26447,-107.379,0,CameraPosition,-103.1698,1.794597,-107.5262,CameraRotation,338.6079,267.6557,1.454366,CurrentState,End,Slider,53,Scenario,3
ID,26,Time,986.8467,DronePosition,-110.2394,59.26447,-107.379,0,CameraPosition,-103.1694,1.794508,-107.526,CameraRotation,338.6704,267.8932,1.348924,CurrentState,End,Slider,53,Scenario,3
ID,26,Time,986.861,DronePosition,-110.2394,59.26447,-107.379,0,CameraPosition,-103.169,1.794395,-107.5257,CameraRotation,338.7185,268.1059,1.27013,CurrentState,End,Slider,53,Scenario,3
ID,26,Time,986.8746,DronePosition,-110.2394,59.26447,-107.379,0,CameraPosition,-103.1686,1.794242,-107.5254,CameraRotation,338.7928,268.3027,1.158869,CurrentState,End,Slider,51,Scenario,3
ID,26,Time,986.8885,DronePosition,-110.2394,59.26447,-107.379,0,CameraPosition,-103.1683,1.79404,-107.525,CameraRotation,338.892,268.5042,1.029305,CurrentState,End,Slider,51,Scenario,3
ID,26,Time,986.9023,DronePosition,-110.2394,59.26447,-107.379,0,CameraPosition,-103.168,1.793872,-107.5247,CameraRotation,339.0208,268.7159,0.9168843,CurrentState,End,Slider,51,Scenario,3
ID,26,Time,986.9166,DronePosition,-110.2394,59.26447,-107.379,0,CameraPosition,-103.1677,1.793784,-107.5243,CameraRotation,339.0975,268.9229,0.8492398,CurrentState,End,Slider,51,Scenario,3
ID,26,Time,986.9304,DronePosition,-110.2394,59.26447,-107.379,0,CameraPosition,-103.1674,1.793833,-107.5239,CameraRotation,339.1115,269.1043,0.7885571,CurrentState,End,Slider,51,Scenario,3
ID,26,Time,986.9442,DronePosition,-110.2394,59.26447,-107.379,0,CameraPosition,-103.1671,1.793933,-107.5234,CameraRotation,339.1098,269.301,0.7114361,CurrentState,End,Slider,51,Scenario,3
ID,26,Time,986.958,DronePosition,-110.2394,59.26447,-107.379,0,CameraPosition,-103.1668,1.794024,-107.5228,CameraRotation,339.1088,269.5874,0.6305853,CurrentState,End,Slider,51,Scenario,3
ID,26,Time,986.972,DronePosition,-110.2394,59.26447,-107.379,0,CameraPosition,-103.1665,1.794054,-107.5222,CameraRotation,339.1703,269.9988,0.530779,CurrentState,End,Slider,51,Scenario,3
ID,26,Time,986.986,DronePosition,-110.2394,59.26447,-107.379,0,CameraPosition,-103.1662,1.794066,-107.5215,CameraRotation,339.2637,270.4315,0.4278256,CurrentState,End,Slider,51,Scenario,3
ID,26,Time,986.9999,DronePosition,-110.2394,59.26447,-107.379,0,CameraPosition,-103.166,1.79412,-107.5207,CameraRotation,339.3375,270.8569,0.3376115,CurrentState,End,Slider,51,Scenario,3
ID,26,Time,987.0138,DronePosition,-110.2394,59.26447,-107.379,0,CameraPosition,-103.1657,1.794147,-107.52,CameraRotation,339.3382,271.2179,0.2434142,CurrentState,End,Slider,51,Scenario,3
ID,26,Time,987.0278,DronePosition,-110.2394,59.26447,-107.379,0,CameraPosition,-103.1655,1.79411,-107.5192,CameraRotation,339.3732,271.5474,0.1226572,CurrentState,End,Slider,51,Scenario,3
ID,26,Time,987.0419,DronePosition,-110.2394,59.26447,-107.379,0,CameraPosition,-103.1653,1.793924,-107.5184,CameraRotation,339.4847,271.8595,359.9851,CurrentState,End,Slider,51,Scenario,3
ID,26,Time,987.0556,DronePosition,-110.2394,59.26447,-107.379,0,CameraPosition,-103.1652,1.793606,-107.5176,CameraRotation,339.6683,272.1739,359.843,CurrentState,End,Slider,51,Scenario,3
ID,26,Time,987.07,DronePosition,-110.2394,59.26447,-107.379,0,CameraPosition,-103.165,1.793227,-107.5167,CameraRotation,339.861,272.4712,359.7083,CurrentState,End,Slider,51,Scenario,3
ID,26,Time,987.0837,DronePosition,-110.2394,59.26447,-107.379,0,CameraPosition,-103.1648,1.792874,-107.5159,CameraRotation,340.0434,272.7367,359.5801,CurrentState,End,Slider,51,Scenario,3
ID,26,Time,987.0976,DronePosition,-110.2394,59.26447,-107.379,0,CameraPosition,-103.1646,1.792583,-107.5151,CameraRotation,340.1971,272.9615,359.456,CurrentState,End,Slider,51,Scenario,3
ID,26,Time,987.1113,DronePosition,-110.2394,59.26447,-107.379,0,CameraPosition,-103.1644,1.792329,-107.5144,CameraRotation,340.3383,273.1538,359.3362,CurrentState,End,Slider,51,Scenario,3
ID,26,Time,987.1252,DronePosition,-110.2394,59.26447,-107.379,0,CameraPosition,-103.1642,1.792122,-107.5136,CameraRotation,340.4814,273.3423,359.2113,CurrentState,End,Slider,51,Scenario,3
ID,26,Time,987.1393,DronePosition,-110.2394,59.26447,-107.379,0,CameraPosition,-103.164,1.79195,-107.5129,CameraRotation,340.5994,273.5276,359.0878,CurrentState,End,Slider,51,Scenario,3
ID,26,Time,987.1533,DronePosition,-110.2394,59.26447,-107.379,0,CameraPosition,-103.1637,1.791817,-107.5123,CameraRotation,340.7464,273.6854,358.9573,CurrentState,End,Slider,51,Scenario,3
ID,26,Time,987.1671,DronePosition,-110.2394,59.26447,-107.379,0,CameraPosition,-103.1634,1.791665,-107.5117,CameraRotation,340.8737,273.8279,358.8481,CurrentState,End,Slider,51,Scenario,3
ID,26,Time,987.1811,DronePosition,-110.2394,59.26447,-107.379,0,CameraPosition,-103.1632,1.791489,-107.5111,CameraRotation,340.9883,273.9423,358.7631,CurrentState,End,Slider,51,Scenario,3
ID,26,Time,987.1948,DronePosition,-110.2394,59.26447,-107.379,0,CameraPosition,-103.163,1.791345,-107.5105,CameraRotation,341.0898,274.0094,358.713,CurrentState,End,Slider,51,Scenario,3
ID,26,Time,987.2087,DronePosition,-110.2394,59.26447,-107.379,0,CameraPosition,-103.1628,1.791193,-107.51,CameraRotation,341.1588,274.0366,358.6877,CurrentState,End,Slider,51,Scenario,3
ID,26,Time,987.2229,DronePosition,-110.2394,59.26447,-107.379,0,CameraPosition,-103.1625,1.791062,-107.5095,CameraRotation,341.2355,274.0415,358.6596,CurrentState,End,Slider,51,Scenario,3
ID,26,Time,987.2369,DronePosition,-110.2394,59.26447,-107.379,0,CameraPosition,-103.1623,1.791011,-107.5091,CameraRotation,341.3076,273.995,358.662,CurrentState,End,Slider,51,Scenario,3
ID,26,Time,987.2507,DronePosition,-110.2394,59.26447,-107.379,0,CameraPosition,-103.1621,1.791048,-107.5088,CameraRotation,341.3187,273.9254,358.6916,CurrentState,End,Slider,51,Scenario,3
ID,26,Time,987.2645,DronePosition,-110.2394,59.26447,-107.379,0,CameraPosition,-103.1619,1.791141,-107.5085,CameraRotation,341.3032,273.8448,358.7444,CurrentState,End,Slider,51,Scenario,3
ID,26,Time,987.2789,DronePosition,-110.2394,59.26447,-107.379,0,CameraPosition,-103.1616,1.791319,-107.5082,CameraRotation,341.2577,273.7205,358.8116,CurrentState,End,Slider,53,Scenario,3
ID,26,Time,987.2922,DronePosition,-110.2394,59.26447,-107.379,0,CameraPosition,-103.1614,1.791523,-107.508,CameraRotation,341.2123,273.6015,358.8536,CurrentState,End,Slider,53,Scenario,3
ID,26,Time,987.3064,DronePosition,-110.2394,59.26447,-107.379,0,CameraPosition,-103.1612,1.791684,-107.5077,CameraRotation,341.1982,273.493,358.8782,CurrentState,End,Slider,53,Scenario,3
ID,26,Time,987.3205,DronePosition,-110.2394,59.26447,-107.379,0,CameraPosition,-103.161,1.791779,-107.5075,CameraRotation,341.2293,273.3886,358.9025,CurrentState,End,Slider,53,Scenario,3
ID,26,Time,987.3342,DronePosition,-110.2394,59.26447,-107.379,0,CameraPosition,-103.1609,1.791776,-107.5072,CameraRotation,341.3017,273.2935,358.8965,CurrentState,End,Slider,53,Scenario,3
ID,26,Time,987.3481,DronePosition,-110.2394,59.26447,-107.379,0,CameraPosition,-103.1608,1.791685,-107.5069,CameraRotation,341.3646,273.2106,358.8935,CurrentState,End,Slider,53,Scenario,3
ID,26,Time,987.3619,DronePosition,-110.2394,59.26447,-107.379,0,CameraPosition,-103.1607,1.791578,-107.5067,CameraRotation,341.4608,273.1151,358.8976,CurrentState,End,Slider,53,Scenario,3
ID,26,Time,987.3759,DronePosition,-110.2394,59.26447,-107.379,0,CameraPosition,-103.1607,1.7914,-107.5064,CameraRotation,341.5409,273.0096,358.9059,CurrentState,End,Slider,53,Scenario,3
ID,26,Time,987.3898,DronePosition,-110.2394,59.26447,-107.379,0,CameraPosition,-103.1607,1.791234,-107.5062,CameraRotation,341.6376,272.8947,358.9156,CurrentState,End,Slider,53,Scenario,3
ID,26,Time,987.4036,DronePosition,-110.2394,59.26447,-107.379,0,CameraPosition,-103.1606,1.791081,-107.506,CameraRotation,341.7259,272.7817,358.9153,CurrentState,End,Slider,53,Scenario,3
ID,26,Time,987.4177,DronePosition,-110.2394,59.26447,-107.379,0,CameraPosition,-103.1606,1.791013,-107.5058,CameraRotation,341.8159,272.6608,358.9135,CurrentState,End,Slider,53,Scenario,3
ID,26,Time,987.4314,DronePosition,-110.2394,59.26447,-107.379,0,CameraPosition,-103.1605,1.790977,-107.5057,CameraRotation,341.8947,272.5458,358.9249,CurrentState,End,Slider,53,Scenario,3
ID,26,Time,987.4456,DronePosition,-110.2394,59.26447,-107.379,0,CameraPosition,-103.1605,1.79097,-107.5055,CameraRotation,341.9485,272.4268,358.9483,CurrentState,End,Slider,53,Scenario,3
ID,26,Time,987.4592,DronePosition,-110.2394,59.26447,-107.379,0,CameraPosition,-103.1604,1.790922,-107.5055,CameraRotation,341.9914,272.2953,358.9822,CurrentState,End,Slider,53,Scenario,3
ID,26,Time,987.4733,DronePosition,-110.2394,59.26447,-107.379,0,CameraPosition,-103.1604,1.790849,-107.5054,CameraRotation,342.0337,272.1622,359.0137,CurrentState,End,Slider,53,Scenario,3
ID,26,Time,987.4877,DronePosition,-110.2394,59.26447,-107.379,0,CameraPosition,-103.1603,1.790781,-107.5054,CameraRotation,342.0861,272.0362,359.0243,CurrentState,End,Slider,53,Scenario,3
ID,26,Time,987.5013,DronePosition,-110.2394,59.26447,-107.379,0,CameraPosition,-103.1603,1.790746,-107.5053,CameraRotation,342.1385,271.9267,359.0162,CurrentState,End,Slider,53,Scenario,3
ID,26,Time,987.5152,DronePosition,-110.2394,59.26447,-107.379,0,CameraPosition,-103.1602,1.790717,-107.5053,CameraRotation,342.1801,271.8157,359.0067,CurrentState,End,Slider,53,Scenario,3
ID,26,Time,987.5291,DronePosition,-110.2394,59.26447,-107.379,0,CameraPosition,-103.1602,1.790703,-107.5053,CameraRotation,342.2124,271.6957,359.0174,CurrentState,End,Slider,53,Scenario,3
ID,26,Time,987.5429,DronePosition,-110.2394,59.26447,-107.379,0,CameraPosition,-103.1602,1.790671,-107.5053,CameraRotation,342.2323,271.5704,359.0431,CurrentState,End,Slider,53,Scenario,3
ID,26,Time,987.5567,DronePosition,-110.2394,59.26447,-107.379,0,CameraPosition,-103.1602,1.790644,-107.5053,CameraRotation,342.2742,271.4551,359.0673,CurrentState,End,Slider,53,Scenario,3
ID,26,Time,987.5707,DronePosition,-110.2394,59.26447,-107.379,0,CameraPosition,-103.1602,1.79065,-107.5053,CameraRotation,342.3336,271.3552,359.0904,CurrentState,End,Slider,53,Scenario,3
ID,26,Time,987.5845,DronePosition,-110.2394,59.26447,-107.379,0,CameraPosition,-103.1602,1.790665,-107.5053,CameraRotation,342.3498,271.2572,359.0981,CurrentState,End,Slider,53,Scenario,3
ID,26,Time,987.5986,DronePosition,-110.2394,59.26447,-107.379,0,CameraPosition,-103.1601,1.790682,-107.5053,CameraRotation,342.3652,271.1708,359.1125,CurrentState,End,Slider,53,Scenario,3
ID,26,Time,987.6127,DronePosition,-110.2394,59.26447,-107.379,0,CameraPosition,-103.1601,1.790688,-107.5054,CameraRotation,342.3982,271.0768,359.1416,CurrentState,End,Slider,53,Scenario,3
ID,26,Time,987.6265,DronePosition,-110.2394,59.26447,-107.379,0,CameraPosition,-103.16,1.790672,-107.5056,CameraRotation,342.415,270.9867,359.1536,CurrentState,End,Slider,53,Scenario,3
ID,26,Time,987.6402,DronePosition,-110.2394,59.26447,-107.379,0,CameraPosition,-103.16,1.790632,-107.5057,CameraRotation,342.4545,270.9148,359.1671,CurrentState,End,Slider,53,Scenario,3
ID,26,Time,987.6541,DronePosition,-110.2394,59.26447,-107.379,0,CameraPosition,-103.1599,1.79057,-107.5058,CameraRotation,342.5149,270.8548,359.18,CurrentState,End,Slider,53,Scenario,3
ID,26,Time,987.6682,DronePosition,-110.2394,59.26447,-107.379,0,CameraPosition,-103.1598,1.790485,-107.5058,CameraRotation,342.5959,270.7991,359.2031,CurrentState,End,Slider,53,Scenario,3
ID,26,Time,987.682,DronePosition,-110.2394,59.26447,-107.379,0,CameraPosition,-103.1598,1.790394,-107.5058,CameraRotation,342.6527,270.7475,359.2335,CurrentState,End,Slider,53,Scenario,3
ID,26,Time,987.6961,DronePosition,-110.2394,59.26447,-107.379,0,CameraPosition,-103.1597,1.790345,-107.5058,CameraRotation,342.7015,270.7162,359.2476,CurrentState,End,Slider,53,Scenario,3
ID,26,Time,987.7097,DronePosition,-110.2394,59.26447,-107.379,0,CameraPosition,-103.1596,1.790326,-107.5057,CameraRotation,342.7033,270.7025,359.2541,CurrentState,End,Slider,53,Scenario,3
ID,26,Time,987.7238,DronePosition,-110.2394,59.26447,-107.379,0,CameraPosition,-103.1596,1.790337,-107.5057,CameraRotation,342.6944,270.6789,359.2751,CurrentState,End,Slider,53,Scenario,3
ID,26,Time,987.7376,DronePosition,-110.2394,59.26447,-107.379,0,CameraPosition,-103.1595,1.790373,-107.5056,CameraRotation,342.6821,270.6614,359.2879,CurrentState,End,Slider,53,Scenario,3
ID,26,Time,987.7516,DronePosition,-110.2394,59.26447,-107.379,0,CameraPosition,-103.1594,1.790407,-107.5055,CameraRotation,342.6366,270.6583,359.2823,CurrentState,End,Slider,53,Scenario,3
ID,26,Time,987.7654,DronePosition,-110.2394,59.26447,-107.379,0,CameraPosition,-103.1594,1.790421,-107.5055,CameraRotation,342.6066,270.6621,359.2673,CurrentState,End,Slider,53,Scenario,3
ID,26,Time,987.7796,DronePosition,-110.2394,59.26447,-107.379,0,CameraPosition,-103.1592,1.790395,-107.5054,CameraRotation,342.584,270.6853,359.2373,CurrentState,End,Slider,53,Scenario,3
ID,26,Time,987.7931,DronePosition,-110.2394,59.26447,-107.379,0,CameraPosition,-103.1591,1.790383,-107.5053,CameraRotation,342.5776,270.7165,359.2179,CurrentState,End,Slider,53,Scenario,3
ID,26,Time,987.8073,DronePosition,-110.2394,59.26447,-107.379,0,CameraPosition,-103.159,1.790413,-107.5052,CameraRotation,342.5581,270.7697,359.1942,CurrentState,End,Slider,53,Scenario,3
ID,26,Time,987.8212,DronePosition,-110.2394,59.26447,-107.379,0,CameraPosition,-103.159,1.79046,-107.505,CameraRotation,342.533,270.8193,359.1751,CurrentState,End,Slider,53,Scenario,3
ID,26,Time,987.8352,DronePosition,-110.2394,59.26447,-107.379,0,CameraPosition,-103.159,1.790477,-107.5049,CameraRotation,342.5257,270.8705,359.1591,CurrentState,End,Slider,53,Scenario,3
ID,26,Time,987.8491,DronePosition,-110.2394,59.26447,-107.379,0,CameraPosition,-103.159,1.790457,-107.5048,CameraRotation,342.517,270.8974,359.1682,CurrentState,End,Slider,53,Scenario,3
ID,26,Time,987.8629,DronePosition,-110.2394,59.26447,-107.379,0,CameraPosition,-103.1591,1.790396,-107.5048,CameraRotation,342.5325,270.8943,359.2087,CurrentState,End,Slider,53,Scenario,3
ID,26,Time,987.8768,DronePosition,-110.2394,59.26447,-107.379,0,CameraPosition,-103.1592,1.79034,-107.5047,CameraRotation,342.5546,270.8683,359.2781,CurrentState,End,Slider,53,Scenario,3
ID,26,Time,987.8907,DronePosition,-110.2394,59.26447,-107.379,0,CameraPosition,-103.1593,1.790352,-107.5047,CameraRotation,342.5771,270.8425,359.3291,CurrentState,End,Slider,53,Scenario,3
ID,26,Time,987.9053,DronePosition,-110.2394,59.26447,-107.379,0,CameraPosition,-103.1594,1.790385,-107.5046,CameraRotation,342.5755,270.8058,359.3445,CurrentState,End,Slider,53,Scenario,3
ID,26,Time,987.9188,DronePosition,-110.2394,59.26447,-107.379,0,CameraPosition,-103.1595,1.790436,-107.5046,CameraRotation,342.5739,270.7627,359.3361,CurrentState,End,Slider,53,Scenario,3
ID,26,Time,987.9326,DronePosition,-110.2394,59.26447,-107.379,0,CameraPosition,-103.1596,1.790451,-107.5045,CameraRotation,342.5692,270.7201,359.3571,CurrentState,End,Slider,53,Scenario,3
ID,26,Time,987.9465,DronePosition,-110.2394,59.26447,-107.379,0,CameraPosition,-103.1596,1.790378,-107.5046,CameraRotation,342.5692,270.6446,359.4125,CurrentState,End,Slider,53,Scenario,3
ID,26,Time,987.9606,DronePosition,-110.2394,59.26447,-107.379,0,CameraPosition,-103.1596,1.790277,-107.5046,CameraRotation,342.6242,270.5689,359.4557,CurrentState,End,Slider,53,Scenario,3
ID,26,Time,987.9744,DronePosition,-110.2394,59.26447,-107.379,0,CameraPosition,-103.1597,1.790207,-107.5045,CameraRotation,342.6856,270.5086,359.472,CurrentState,End,Slider,53,Scenario,3
ID,26,Time,987.9885,DronePosition,-110.2394,59.26447,-107.379,0,CameraPosition,-103.1597,1.79015,-107.5045,CameraRotation,342.7255,270.476,359.4768,CurrentState,End,Slider,52,Scenario,3
ID,26,Time,988.0024,DronePosition,-110.2394,59.26447,-107.379,0,CameraPosition,-103.1598,1.790111,-107.5043,CameraRotation,342.7347,270.4562,359.4796,CurrentState,End,Slider,52,Scenario,3
ID,26,Time,988.0162,DronePosition,-110.2394,59.26447,-107.379,0,CameraPosition,-103.1598,1.790069,-107.5042,CameraRotation,342.7475,270.4429,359.4891,CurrentState,End,Slider,52,Scenario,3
ID,26,Time,988.0301,DronePosition,-110.2394,59.26447,-107.379,0,CameraPosition,-103.1599,1.790043,-107.504,CameraRotation,342.7687,270.4392,359.4973,CurrentState,End,Slider,52,Scenario,3
ID,26,Time,988.0439,DronePosition,-110.2394,59.26447,-107.379,0,CameraPosition,-103.16,1.789998,-107.5038,CameraRotation,342.7583,270.4399,359.5203,CurrentState,End,Slider,52,Scenario,3
ID,26,Time,988.0579,DronePosition,-110.2394,59.26447,-107.379,0,CameraPosition,-103.16,1.789986,-107.5036,CameraRotation,342.7566,270.4581,359.515,CurrentState,End,Slider,52,Scenario,3
ID,26,Time,988.072,DronePosition,-110.2394,59.26447,-107.379,0,CameraPosition,-103.16,1.789997,-107.5033,CameraRotation,342.7415,270.4694,359.4951,CurrentState,End,Slider,52,Scenario,3
ID,26,Time,988.0857,DronePosition,-110.2394,59.26447,-107.379,0,CameraPosition,-103.16,1.790034,-107.5031,CameraRotation,342.7276,270.4905,359.4837,CurrentState,End,Slider,51,Scenario,3
ID,26,Time,988.0997,DronePosition,-110.2394,59.26447,-107.379,0,CameraPosition,-103.16,1.79004,-107.503,CameraRotation,342.724,270.5078,359.455,CurrentState,End,Slider,51,Scenario,3
ID,26,Time,988.114,DronePosition,-110.2394,59.26447,-107.379,0,CameraPosition,-103.16,1.790003,-107.5029,CameraRotation,342.7599,270.5069,359.4138,CurrentState,End,Slider,51,Scenario,3
ID,26,Time,988.1274,DronePosition,-110.2394,59.26447,-107.379,0,CameraPosition,-103.16,1.789905,-107.5027,CameraRotation,342.8136,270.5067,359.3871,CurrentState,End,Slider,51,Scenario,3
ID,26,Time,988.1415,DronePosition,-110.2394,59.26447,-107.379,0,CameraPosition,-103.16,1.789802,-107.5025,CameraRotation,342.8508,270.502,359.3867,CurrentState,End,Slider,51,Scenario,3
ID,26,Time,988.1555,DronePosition,-110.2394,59.26447,-107.379,0,CameraPosition,-103.16,1.789729,-107.5023,CameraRotation,342.8604,270.503,359.3833,CurrentState,End,Slider,51,Scenario,3
ID,26,Time,988.1693,DronePosition,-110.2394,59.26447,-107.379,0,CameraPosition,-103.16,1.789716,-107.5022,CameraRotation,342.8412,270.492,359.3927,CurrentState,End,Slider,51,Scenario,3
ID,26,Time,988.183,DronePosition,-110.2394,59.26447,-107.379,0,CameraPosition,-103.16,1.78973,-107.502,CameraRotation,342.7961,270.4633,359.4334,CurrentState,End,Slider,51,Scenario,3
ID,26,Time,988.1971,DronePosition,-110.2394,59.26447,-107.379,0,CameraPosition,-103.16,1.789759,-107.5018,CameraRotation,342.7771,270.4313,359.474,CurrentState,End,Slider,51,Scenario,3
ID,26,Time,988.2109,DronePosition,-110.2394,59.26447,-107.379,0,CameraPosition,-103.16,1.789753,-107.5017,CameraRotation,342.7882,270.3831,359.497,CurrentState,End,Slider,51,Scenario,3
ID,26,Time,988.2251,DronePosition,-110.2394,59.26447,-107.379,0,CameraPosition,-103.16,1.789669,-107.5016,CameraRotation,342.8301,270.3311,359.5073,CurrentState,End,Slider,51,Scenario,3
ID,26,Time,988.2389,DronePosition,-110.2394,59.26447,-107.379,0,CameraPosition,-103.16,1.789556,-107.5016,CameraRotation,342.9332,270.2656,359.5118,CurrentState,End,Slider,51,Scenario,3
ID,26,Time,988.2529,DronePosition,-110.2394,59.26447,-107.379,0,CameraPosition,-103.1599,1.789448,-107.5015,CameraRotation,342.9995,270.1793,359.5158,CurrentState,End,Slider,51,Scenario,3
ID,26,Time,988.2666,DronePosition,-110.2394,59.26447,-107.379,0,CameraPosition,-103.1599,1.789364,-107.5016,CameraRotation,343.0414,270.0855,359.5509,CurrentState,End,Slider,51,Scenario,3
ID,26,Time,988.2806,DronePosition,-110.2394,59.26447,-107.379,0,CameraPosition,-103.1598,1.789352,-107.5016,CameraRotation,343.0423,269.9672,359.601,CurrentState,End,Slider,51,Scenario,3
ID,26,Time,988.2945,DronePosition,-110.2394,59.26447,-107.379,0,CameraPosition,-103.1598,1.789353,-107.5017,CameraRotation,342.9886,269.8472,359.6341,CurrentState,End,Slider,51,Scenario,3
ID,26,Time,988.3084,DronePosition,-110.2394,59.26447,-107.379,0,CameraPosition,-103.1598,1.789396,-107.5017,CameraRotation,342.9573,269.7137,359.67,CurrentState,End,Slider,51,Scenario,3
ID,26,Time,988.3228,DronePosition,-110.2394,59.26447,-107.379,0,CameraPosition,-103.1599,1.789405,-107.5018,CameraRotation,342.9479,269.5659,359.713,CurrentState,End,Slider,51,Scenario,3
ID,26,Time,988.3364,DronePosition,-110.2394,59.26447,-107.379,0,CameraPosition,-103.1599,1.789391,-107.5018,CameraRotation,342.9752,269.4153,359.7682,CurrentState,End,Slider,51,Scenario,3
ID,26,Time,988.3502,DronePosition,-110.2394,59.26447,-107.379,0,CameraPosition,-103.1599,1.789348,-107.5019,CameraRotation,343.0205,269.244,359.847,CurrentState,End,Slider,51,Scenario,3
ID,26,Time,988.3641,DronePosition,-110.2394,59.26447,-107.379,0,CameraPosition,-103.16,1.789274,-107.5021,CameraRotation,343.0851,269.0458,359.9316,CurrentState,End,Slider,51,Scenario,3
ID,26,Time,988.3779,DronePosition,-110.2394,59.26447,-107.379,0,CameraPosition,-103.16,1.789189,-107.5022,CameraRotation,343.149,268.8535,359.982,CurrentState,End,Slider,51,Scenario,3
ID,26,Time,988.392,DronePosition,-110.2394,59.26447,-107.379,0,CameraPosition,-103.16,1.789116,-107.5024,CameraRotation,343.1952,268.6779,0.02038882,CurrentState,End,Slider,51,Scenario,3
ID,26,Time,988.4059,DronePosition,-110.2394,59.26447,-107.379,0,CameraPosition,-103.1601,1.789075,-107.5025,CameraRotation,343.1984,268.5386,0.0472357,CurrentState,End,Slider,51,Scenario,3
ID,26,Time,988.4199,DronePosition,-110.2394,59.26447,-107.379,0,CameraPosition,-103.1601,1.789074,-107.5026,CameraRotation,343.1928,268.4136,0.07942564,CurrentState,End,Slider,51,Scenario,3
ID,26,Time,988.4336,DronePosition,-110.2394,59.26447,-107.379,0,CameraPosition,-103.1602,1.789095,-107.5028,CameraRotation,343.183,268.295,0.1420461,CurrentState,End,Slider,51,Scenario,3
ID,26,Time,988.4478,DronePosition,-110.2394,59.26447,-107.379,0,CameraPosition,-103.1602,1.789103,-107.5029,CameraRotation,343.1827,268.1568,0.2194759,CurrentState,End,Slider,51,Scenario,3
ID,26,Time,988.4615,DronePosition,-110.2394,59.26447,-107.379,0,CameraPosition,-103.1603,1.789067,-107.5031,CameraRotation,343.1977,268.0105,0.2968807,CurrentState,End,Slider,51,Scenario,3
ID,26,Time,988.4753,DronePosition,-110.2394,59.26447,-107.379,0,CameraPosition,-103.1603,1.788978,-107.5032,CameraRotation,343.2424,267.8717,0.3546097,CurrentState,End,Slider,51,Scenario,3
ID,26,Time,988.4893,DronePosition,-110.2394,59.26447,-107.379,0,CameraPosition,-103.1603,1.788888,-107.5032,CameraRotation,343.3043,267.7466,0.3747625,CurrentState,End,Slider,51,Scenario,3
ID,26,Time,988.5033,DronePosition,-110.2394,59.26447,-107.379,0,CameraPosition,-103.1604,1.788838,-107.5032,CameraRotation,343.3662,267.6324,0.3738919,CurrentState,End,Slider,51,Scenario,3
ID,26,Time,988.5173,DronePosition,-110.2394,59.26447,-107.379,0,CameraPosition,-103.1605,1.788836,-107.5032,CameraRotation,343.3927,267.5007,0.3783476,CurrentState,End,Slider,51,Scenario,3
ID,26,Time,988.5316,DronePosition,-110.2394,59.26447,-107.379,0,CameraPosition,-103.1605,1.788864,-107.5033,CameraRotation,343.3889,267.3802,0.4082509,CurrentState,End,Slider,51,Scenario,3
ID,26,Time,988.5455,DronePosition,-110.2394,59.26447,-107.379,0,CameraPosition,-103.1606,1.788872,-107.5033,CameraRotation,343.3899,267.261,0.4565085,CurrentState,End,Slider,51,Scenario,3
ID,26,Time,988.559,DronePosition,-110.2394,59.26447,-107.379,0,CameraPosition,-103.1606,1.788851,-107.5033,CameraRotation,343.395,267.1482,0.4978921,CurrentState,End,Slider,51,Scenario,3
ID,26,Time,988.573,DronePosition,-110.2394,59.26447,-107.379,0,CameraPosition,-103.1606,1.788813,-107.5033,CameraRotation,343.4245,267.0515,0.5195768,CurrentState,End,Slider,51,Scenario,3
ID,26,Time,988.5868,DronePosition,-110.2394,59.26447,-107.379,0,CameraPosition,-103.1606,1.788761,-107.5033,CameraRotation,343.4648,266.9734,0.5234555,CurrentState,End,Slider,51,Scenario,3
ID,26,Time,988.6011,DronePosition,-110.2394,59.26447,-107.379,0,CameraPosition,-103.1606,1.788695,-107.5033,CameraRotation,343.5074,266.9156,0.4850593,CurrentState,End,Slider,51,Scenario,3
ID,26,Time,988.615,DronePosition,-110.2394,59.26447,-107.379,0,CameraPosition,-103.1606,1.788626,-107.5032,CameraRotation,343.5724,266.8737,0.4516098,CurrentState,End,Slider,51,Scenario,3
ID,26,Time,988.6293,DronePosition,-110.2394,59.26447,-107.379,0,CameraPosition,-103.1605,1.788588,-107.5031,CameraRotation,343.6203,266.8314,0.435515,CurrentState,End,Slider,51,Scenario,3
ID,26,Time,988.6426,DronePosition,-110.2394,59.26447,-107.379,0,CameraPosition,-103.1605,1.788566,-107.503,CameraRotation,343.6195,266.7982,0.4340785,CurrentState,End,Slider,51,Scenario,3
ID,26,Time,988.6565,DronePosition,-110.2394,59.26447,-107.379,0,CameraPosition,-103.1605,1.788575,-107.5029,CameraRotation,343.6169,266.7639,0.439795,CurrentState,End,Slider,51,Scenario,3
ID,26,Time,988.6703,DronePosition,-110.2394,59.26447,-107.379,0,CameraPosition,-103.1606,1.788586,-107.5027,CameraRotation,343.5853,266.7421,0.4311429,CurrentState,End,Slider,51,Scenario,3
ID,26,Time,988.6843,DronePosition,-110.2394,59.26447,-107.379,0,CameraPosition,-103.1606,1.788611,-107.5025,CameraRotation,343.5803,266.7372,0.4050456,CurrentState,End,Slider,51,Scenario,3
ID,26,Time,988.6984,DronePosition,-110.2394,59.26447,-107.379,0,CameraPosition,-103.1606,1.788632,-107.5024,CameraRotation,343.5634,266.7354,0.3890062,CurrentState,End,Slider,51,Scenario,3
ID,26,Time,988.7123,DronePosition,-110.2394,59.26447,-107.379,0,CameraPosition,-103.1606,1.788657,-107.5022,CameraRotation,343.5535,266.7424,0.3735665,CurrentState,End,Slider,51,Scenario,3
ID,26,Time,988.7261,DronePosition,-110.2394,59.26447,-107.379,0,CameraPosition,-103.1606,1.788661,-107.5019,CameraRotation,343.5606,266.7583,0.3561195,CurrentState,End,Slider,51,Scenario,3
ID,26,Time,988.7404,DronePosition,-110.2394,59.26447,-107.379,0,CameraPosition,-103.1606,1.788658,-107.5017,CameraRotation,343.5712,266.7919,0.3080757,CurrentState,End,Slider,51,Scenario,3
ID,26,Time,988.7542,DronePosition,-110.2394,59.26447,-107.379,0,CameraPosition,-103.1606,1.788671,-107.5015,CameraRotation,343.6058,266.8518,0.2554559,CurrentState,End,Slider,51,Scenario,3
ID,26,Time,988.7679,DronePosition,-110.2394,59.26447,-107.379,0,CameraPosition,-103.1606,1.788684,-107.5013,CameraRotation,343.6088,266.9113,0.18521,CurrentState,End,Slider,51,Scenario,3
ID,26,Time,988.7822,DronePosition,-110.2394,59.26447,-107.379,0,CameraPosition,-103.1607,1.788695,-107.501,CameraRotation,343.6206,266.9621,0.1540801,CurrentState,End,Slider,51,Scenario,3
ID,26,Time,988.7958,DronePosition,-110.2394,59.26447,-107.379,0,CameraPosition,-103.1607,1.788699,-107.5008,CameraRotation,343.6329,267.0151,0.1570068,CurrentState,End,Slider,51,Scenario,3
ID,26,Time,988.8096,DronePosition,-110.2394,59.26447,-107.379,0,CameraPosition,-103.1607,1.78868,-107.5005,CameraRotation,343.6353,267.0688,0.1487544,CurrentState,End,Slider,51,Scenario,3
ID,26,Time,988.8238,DronePosition,-110.2394,59.26447,-107.379,0,CameraPosition,-103.1607,1.788624,-107.5002,CameraRotation,343.6512,267.1322,0.1191661,CurrentState,End,Slider,51,Scenario,3
ID,26,Time,988.8379,DronePosition,-110.2394,59.26447,-107.379,0,CameraPosition,-103.1607,1.788543,-107.4999,CameraRotation,343.7016,267.2114,0.07914512,CurrentState,End,Slider,51,Scenario,3
ID,26,Time,988.8515,DronePosition,-110.2394,59.26447,-107.379,0,CameraPosition,-103.1607,1.788454,-107.4996,CameraRotation,343.7764,267.2872,0.05995221,CurrentState,End,Slider,51,Scenario,3
ID,26,Time,988.8655,DronePosition,-110.2394,59.26447,-107.379,0,CameraPosition,-103.1607,1.788373,-107.4994,CameraRotation,343.8163,267.3425,0.0426401,CurrentState,End,Slider,51,Scenario,3
ID,26,Time,988.8793,DronePosition,-110.2394,59.26447,-107.379,0,CameraPosition,-103.1607,1.788325,-107.4992,CameraRotation,343.8467,267.3793,0.02497001,CurrentState,End,Slider,51,Scenario,3
ID,26,Time,988.8931,DronePosition,-110.2394,59.26447,-107.379,0,CameraPosition,-103.1607,1.788314,-107.4991,CameraRotation,343.8694,267.4104,0.02698287,CurrentState,End,Slider,51,Scenario,3
ID,26,Time,988.9072,DronePosition,-110.2394,59.26447,-107.379,0,CameraPosition,-103.1607,1.788313,-107.499,CameraRotation,343.9057,267.4281,0.0080214,CurrentState,End,Slider,51,Scenario,3
ID,26,Time,988.921,DronePosition,-110.2394,59.26447,-107.379,0,CameraPosition,-103.1606,1.78829,-107.4988,CameraRotation,343.9664,267.4237,359.9889,CurrentState,End,Slider,51,Scenario,3
ID,26,Time,988.9349,DronePosition,-110.2394,59.26447,-107.379,0,CameraPosition,-103.1606,1.788193,-107.4987,CameraRotation,344.0275,267.4088,359.9584,CurrentState,End,Slider,51,Scenario,3
ID,26,Time,988.9492,DronePosition,-110.2394,59.26447,-107.379,0,CameraPosition,-103.1605,1.788097,-107.4986,CameraRotation,344.0805,267.3689,359.9333,CurrentState,End,Slider,51,Scenario,3
ID,26,Time,988.9628,DronePosition,-110.2394,59.26447,-107.379,0,CameraPosition,-103.1604,1.78804,-107.4984,CameraRotation,344.1274,267.3278,359.8997,CurrentState,End,Slider,51,Scenario,3
ID,26,Time,988.9766,DronePosition,-110.2394,59.26447,-107.379,0,CameraPosition,-103.1604,1.78804,-107.4982,CameraRotation,344.1301,267.2658,359.8865,CurrentState,End,Slider,51,Scenario,3
ID,26,Time,988.9904,DronePosition,-110.2394,59.26447,-107.379,0,CameraPosition,-103.1604,1.788054,-107.498,CameraRotation,344.1126,267.2321,359.8456,CurrentState,End,Slider,51,Scenario,3
ID,26,Time,989.0046,DronePosition,-110.2394,59.26447,-107.379,0,CameraPosition,-103.1603,1.788037,-107.4978,CameraRotation,344.1169,267.2208,359.7971,CurrentState,End,Slider,51,Scenario,3
ID,26,Time,989.0185,DronePosition,-110.2394,59.26447,-107.379,0,CameraPosition,-103.1603,1.787984,-107.4976,CameraRotation,344.1327,267.2371,359.7558,CurrentState,End,Slider,51,Scenario,3
ID,26,Time,989.0324,DronePosition,-110.2394,59.26447,-107.379,0,CameraPosition,-103.1602,1.787931,-107.4975,CameraRotation,344.1506,267.2444,359.7353,CurrentState,End,Slider,51,Scenario,3
ID,26,Time,989.0463,DronePosition,-110.2394,59.26447,-107.379,0,CameraPosition,-103.1602,1.787884,-107.4973,CameraRotation,344.1726,267.2484,359.7341,CurrentState,End,Slider,51,Scenario,3
ID,26,Time,989.0602,DronePosition,-110.2394,59.26447,-107.379,0,CameraPosition,-103.1602,1.787906,-107.4972,CameraRotation,344.188,267.2444,359.7398,CurrentState,End,Slider,51,Scenario,3
ID,26,Time,989.0742,DronePosition,-110.2394,59.26447,-107.379,0,CameraPosition,-103.1602,1.787959,-107.497,CameraRotation,344.1985,267.2549,359.7588,CurrentState,End,Slider,51,Scenario,3
ID,26,Time,989.088,DronePosition,-110.2394,59.26447,-107.379,0,CameraPosition,-103.1602,1.78796,-107.4968,CameraRotation,344.2,267.2458,359.7626,CurrentState,End,Slider,51,Scenario,3
ID,26,Time,989.1021,DronePosition,-110.2394,59.26447,-107.379,0,CameraPosition,-103.1602,1.787914,-107.4967,CameraRotation,344.2136,267.2396,359.7367,CurrentState,End,Slider,51,Scenario,3
ID,26,Time,989.1158,DronePosition,-110.2394,59.26447,-107.379,0,CameraPosition,-103.1602,1.787836,-107.4965,CameraRotation,344.2575,267.236,359.7168,CurrentState,End,Slider,51,Scenario,3
ID,26,Time,989.1299,DronePosition,-110.2394,59.26447,-107.379,0,CameraPosition,-103.1602,1.787746,-107.4964,CameraRotation,344.3138,267.2285,359.6978,CurrentState,End,Slider,51,Scenario,3
ID,26,Time,989.1439,DronePosition,-110.2394,59.26447,-107.379,0,CameraPosition,-103.1602,1.787677,-107.4962,CameraRotation,344.3541,267.22,359.6846,CurrentState,End,Slider,51,Scenario,3
ID,26,Time,989.158,DronePosition,-110.2394,59.26447,-107.379,0,CameraPosition,-103.1602,1.787622,-107.496,CameraRotation,344.4012,267.2155,359.6742,CurrentState,End,Slider,51,Scenario,3
ID,26,Time,989.1716,DronePosition,-110.2394,59.26447,-107.379,0,CameraPosition,-103.1602,1.787568,-107.4958,CameraRotation,344.4543,267.2142,359.6534,CurrentState,End,Slider,51,Scenario,3
ID,26,Time,989.1855,DronePosition,-110.2394,59.26447,-107.379,0,CameraPosition,-103.1601,1.787501,-107.4957,CameraRotation,344.4878,267.2054,359.6391,CurrentState,End,Slider,51,Scenario,3
ID,26,Time,989.1994,DronePosition,-110.2394,59.26447,-107.379,0,CameraPosition,-103.1601,1.787457,-107.4955,CameraRotation,344.5295,267.1972,359.6444,CurrentState,End,Slider,51,Scenario,3
ID,26,Time,989.2134,DronePosition,-110.2394,59.26447,-107.379,0,CameraPosition,-103.1601,1.787438,-107.4953,CameraRotation,344.5602,267.1985,359.6434,CurrentState,End,Slider,51,Scenario,3
ID,26,Time,989.2272,DronePosition,-110.2394,59.26447,-107.379,0,CameraPosition,-103.16,1.787466,-107.4951,CameraRotation,344.5687,267.2144,359.6181,CurrentState,End,Slider,51,Scenario,3
ID,26,Time,989.2411,DronePosition,-110.2394,59.26447,-107.379,0,CameraPosition,-103.16,1.787509,-107.4949,CameraRotation,344.5814,267.2454,359.572,CurrentState,End,Slider,51,Scenario,3
ID,26,Time,989.2552,DronePosition,-110.2394,59.26447,-107.379,0,CameraPosition,-103.1599,1.787516,-107.4946,CameraRotation,344.6104,267.2975,359.5153,CurrentState,End,Slider,51,Scenario,3
ID,26,Time,989.269,DronePosition,-110.2394,59.26447,-107.379,0,CameraPosition,-103.1598,1.787494,-107.4944,CameraRotation,344.6436,267.3533,359.4599,CurrentState,End,Slider,51,Scenario,3
ID,26,Time,989.2828,DronePosition,-110.2394,59.26447,-107.379,0,CameraPosition,-103.1598,1.787438,-107.4942,CameraRotation,344.6971,267.4016,359.4376,CurrentState,End,Slider,51,Scenario,3
ID,26,Time,989.2968,DronePosition,-110.2394,59.26447,-107.379,0,CameraPosition,-103.1597,1.78742,-107.494,CameraRotation,344.7635,267.4398,359.4576,CurrentState,End,Slider,51,Scenario,3
ID,26,Time,989.3108,DronePosition,-110.2394,59.26447,-107.379,0,CameraPosition,-103.1597,1.787412,-107.4938,CameraRotation,344.8017,267.4803,359.4869,CurrentState,End,Slider,51,Scenario,3
ID,26,Time,989.3246,DronePosition,-110.2394,59.26447,-107.379,0,CameraPosition,-103.1596,1.787452,-107.4935,CameraRotation,344.8172,267.5147,359.5143,CurrentState,End,Slider,51,Scenario,3
ID,26,Time,989.3386,DronePosition,-110.2394,59.26447,-107.379,0,CameraPosition,-103.1595,1.787451,-107.4932,CameraRotation,344.8049,267.5455,359.5148,CurrentState,End,Slider,51,Scenario,3
ID,26,Time,989.3527,DronePosition,-110.2394,59.26447,-107.379,0,CameraPosition,-103.1594,1.787422,-107.493,CameraRotation,344.7989,267.5865,359.4869,CurrentState,End,Slider,51,Scenario,3
ID,26,Time,989.3669,DronePosition,-110.2394,59.26447,-107.379,0,CameraPosition,-103.1593,1.78737,-107.4928,CameraRotation,344.8264,267.6189,359.4723,CurrentState,End,Slider,51,Scenario,3
ID,26,Time,989.3806,DronePosition,-110.2394,59.26447,-107.379,0,CameraPosition,-103.1592,1.787298,-107.4926,CameraRotation,344.8429,267.6388,359.5157,CurrentState,End,Slider,51,Scenario,3
ID,26,Time,989.3942,DronePosition,-110.2394,59.26447,-107.379,0,CameraPosition,-103.1591,1.787238,-107.4924,CameraRotation,344.9119,267.6326,359.5597,CurrentState,End,Slider,51,Scenario,3
ID,26,Time,989.4081,DronePosition,-110.2394,59.26447,-107.379,0,CameraPosition,-103.1589,1.787219,-107.4922,CameraRotation,344.9609,267.6337,359.5718,CurrentState,End,Slider,51,Scenario,3
ID,26,Time,989.4221,DronePosition,-110.2394,59.26447,-107.379,0,CameraPosition,-103.1588,1.787249,-107.492,CameraRotation,344.9527,267.6669,359.5623,CurrentState,End,Slider,51,Scenario,3
ID,26,Time,989.4359,DronePosition,-110.2394,59.26447,-107.379,0,CameraPosition,-103.1586,1.787322,-107.4917,CameraRotation,344.9095,267.7208,359.5171,CurrentState,End,Slider,51,Scenario,3
ID,26,Time,989.45,DronePosition,-110.2394,59.26447,-107.379,0,CameraPosition,-103.1585,1.787369,-107.4914,CameraRotation,344.8833,267.7687,359.4857,CurrentState,End,Slider,51,Scenario,3
ID,26,Time,989.4641,DronePosition,-110.2394,59.26447,-107.379,0,CameraPosition,-103.1584,1.787408,-107.491,CameraRotation,344.8692,267.8094,359.4583,CurrentState,End,Slider,51,Scenario,3
ID,26,Time,989.478,DronePosition,-110.2394,59.26447,-107.379,0,CameraPosition,-103.1584,1.787402,-107.4907,CameraRotation,344.8586,267.8335,359.4435,CurrentState,End,Slider,51,Scenario,3
ID,26,Time,989.4918,DronePosition,-110.2394,59.26447,-107.379,0,CameraPosition,-103.1582,1.787375,-107.4904,CameraRotation,344.8604,267.8471,359.4161,CurrentState,End,Slider,51,Scenario,3
ID,26,Time,989.5055,DronePosition,-110.2394,59.26447,-107.379,0,CameraPosition,-103.1581,1.787374,-107.4902,CameraRotation,344.8749,267.8469,359.3918,CurrentState,End,Slider,51,Scenario,3
ID,26,Time,989.5198,DronePosition,-110.2394,59.26447,-107.379,0,CameraPosition,-103.1581,1.787374,-107.4898,CameraRotation,344.8539,267.8566,359.3862,CurrentState,End,Slider,51,Scenario,3
ID,26,Time,989.5335,DronePosition,-110.2394,59.26447,-107.379,0,CameraPosition,-103.158,1.787404,-107.4895,CameraRotation,344.8436,267.8487,359.3842,CurrentState,End,Slider,51,Scenario,3
ID,26,Time,989.5474,DronePosition,-110.2394,59.26447,-107.379,0,CameraPosition,-103.158,1.787408,-107.4892,CameraRotation,344.8376,267.8683,359.3412,CurrentState,End,Slider,51,Scenario,3
ID,26,Time,989.5615,DronePosition,-110.2394,59.26447,-107.379,0,CameraPosition,-103.1579,1.787366,-107.4889,CameraRotation,344.8541,267.8941,359.2973,CurrentState,End,Slider,51,Scenario,3
ID,26,Time,989.5756,DronePosition,-110.2394,59.26447,-107.379,0,CameraPosition,-103.1579,1.787271,-107.4885,CameraRotation,344.8928,267.9475,359.243,CurrentState,End,Slider,51,Scenario,3
ID,26,Time,989.5895,DronePosition,-110.2394,59.26447,-107.379,0,CameraPosition,-103.1579,1.787146,-107.4882,CameraRotation,344.9558,268.0134,359.2079,CurrentState,End,Slider,51,Scenario,3
ID,26,Time,989.6035,DronePosition,-110.2394,59.26447,-107.379,0,CameraPosition,-103.1579,1.787001,-107.4878,CameraRotation,345.0416,268.0968,359.1742,CurrentState,End,Slider,51,Scenario,3
ID,26,Time,989.6172,DronePosition,-110.2394,59.26447,-107.379,0,CameraPosition,-103.1579,1.786873,-107.4873,CameraRotation,345.1571,268.2062,359.1224,CurrentState,End,Slider,51,Scenario,3
ID,26,Time,989.6312,DronePosition,-110.2394,59.26447,-107.379,0,CameraPosition,-103.158,1.786748,-107.4868,CameraRotation,345.2986,268.3313,359.0742,CurrentState,End,Slider,51,Scenario,3
ID,26,Time,989.6454,DronePosition,-110.2394,59.26447,-107.379,0,CameraPosition,-103.1581,1.786615,-107.4863,CameraRotation,345.4229,268.4659,359.0172,CurrentState,End,Slider,51,Scenario,3
ID,26,Time,989.6589,DronePosition,-110.2394,59.26447,-107.379,0,CameraPosition,-103.1582,1.786448,-107.4857,CameraRotation,345.5699,268.6231,358.9217,CurrentState,End,Slider,51,Scenario,3
ID,26,Time,989.6729,DronePosition,-110.2394,59.26447,-107.379,0,CameraPosition,-103.1583,1.786182,-107.4852,CameraRotation,345.7408,268.8401,358.7924,CurrentState,End,Slider,51,Scenario,3
ID,26,Time,989.6866,DronePosition,-110.2394,59.26447,-107.379,0,CameraPosition,-103.1583,1.785856,-107.4846,CameraRotation,345.9589,269.0861,358.6743,CurrentState,End,Slider,51,Scenario,3
ID,26,Time,989.7007,DronePosition,-110.2394,59.26447,-107.379,0,CameraPosition,-103.1585,1.785442,-107.484,CameraRotation,346.1946,269.365,358.5544,CurrentState,End,Slider,51,Scenario,3
ID,26,Time,989.7146,DronePosition,-110.2394,59.26447,-107.379,0,CameraPosition,-103.1587,1.785061,-107.4834,CameraRotation,346.433,269.6521,358.474,CurrentState,End,Slider,51,Scenario,3
ID,26,Time,989.7283,DronePosition,-110.2394,59.26447,-107.379,0,CameraPosition,-103.1589,1.78479,-107.4828,CameraRotation,346.6049,269.9181,358.3881,CurrentState,End,Slider,51,Scenario,3
ID,26,Time,989.7422,DronePosition,-110.2394,59.26447,-107.379,0,CameraPosition,-103.1591,1.784667,-107.4822,CameraRotation,346.713,270.1859,358.3044,CurrentState,End,Slider,51,Scenario,3
ID,26,Time,989.7562,DronePosition,-110.2394,59.26447,-107.379,0,CameraPosition,-103.1593,1.784699,-107.4816,CameraRotation,346.7397,270.4519,358.2187,CurrentState,End,Slider,51,Scenario,3
ID,26,Time,989.7704,DronePosition,-110.2394,59.26447,-107.379,0,CameraPosition,-103.1594,1.784765,-107.481,CameraRotation,346.738,270.7058,358.138,CurrentState,End,Slider,51,Scenario,3
ID,26,Time,989.7847,DronePosition,-110.2394,59.26447,-107.379,0,CameraPosition,-103.1596,1.784822,-107.4805,CameraRotation,346.7435,270.9461,358.0659,CurrentState,End,Slider,51,Scenario,3
ID,26,Time,989.7982,DronePosition,-110.2394,59.26447,-107.379,0,CameraPosition,-103.1598,1.784783,-107.4799,CameraRotation,346.797,271.1768,358.0305,CurrentState,End,Slider,51,Scenario,3
ID,26,Time,989.812,DronePosition,-110.2394,59.26447,-107.379,0,CameraPosition,-103.16,1.784704,-107.4794,CameraRotation,346.858,271.4063,358.011,CurrentState,End,Slider,51,Scenario,3
ID,26,Time,989.826,DronePosition,-110.2394,59.26447,-107.379,0,CameraPosition,-103.1602,1.784624,-107.479,CameraRotation,346.9086,271.607,357.9905,CurrentState,End,Slider,51,Scenario,3
ID,26,Time,989.8398,DronePosition,-110.2394,59.26447,-107.379,0,CameraPosition,-103.1603,1.784607,-107.4785,CameraRotation,346.9463,271.7952,357.9761,CurrentState,End,Slider,51,Scenario,3
ID,26,Time,989.8538,DronePosition,-110.2394,59.26447,-107.379,0,CameraPosition,-103.1606,1.78459,-107.4781,CameraRotation,346.9426,271.9639,357.967,CurrentState,End,Slider,51,Scenario,3
ID,26,Time,989.8679,DronePosition,-110.2394,59.26447,-107.379,0,CameraPosition,-103.1608,1.784562,-107.4777,CameraRotation,346.9583,272.1436,357.9365,CurrentState,End,Slider,51,Scenario,3
ID,26,Time,989.8817,DronePosition,-110.2394,59.26447,-107.379,0,CameraPosition,-103.161,1.784507,-107.4773,CameraRotation,346.9968,272.3265,357.8758,CurrentState,End,Slider,51,Scenario,3
ID,26,Time,989.8958,DronePosition,-110.2394,59.26447,-107.379,0,CameraPosition,-103.1612,1.784437,-107.4769,CameraRotation,347.0598,272.5001,357.8208,CurrentState,End,Slider,51,Scenario,3
ID,26,Time,989.9097,DronePosition,-110.2394,59.26447,-107.379,0,CameraPosition,-103.1614,1.784317,-107.4765,CameraRotation,347.1419,272.6707,357.802,CurrentState,End,Slider,51,Scenario,3
ID,26,Time,989.9237,DronePosition,-110.2394,59.26447,-107.379,0,CameraPosition,-103.1616,1.784216,-107.4761,CameraRotation,347.2377,272.8308,357.7793,CurrentState,End,Slider,51,Scenario,3
ID,26,Time,989.9374,DronePosition,-110.2394,59.26447,-107.379,0,CameraPosition,-103.1618,1.784165,-107.4757,CameraRotation,347.2901,272.9817,357.7441,CurrentState,End,Slider,51,Scenario,3
ID,26,Time,989.9513,DronePosition,-110.2394,59.26447,-107.379,0,CameraPosition,-103.1619,1.784163,-107.4753,CameraRotation,347.3086,273.1143,357.722,CurrentState,End,Slider,51,Scenario,3
ID,26,Time,989.9653,DronePosition,-110.2394,59.26447,-107.379,0,CameraPosition,-103.1621,1.78417,-107.4749,CameraRotation,347.297,273.2395,357.6981,CurrentState,End,Slider,51,Scenario,3
ID,26,Time,989.9794,DronePosition,-110.2394,59.26447,-107.379,0,CameraPosition,-103.1623,1.784164,-107.4746,CameraRotation,347.2994,273.3665,357.6634,CurrentState,End,Slider,51,Scenario,3
ID,26,Time,989.9937,DronePosition,-110.2394,59.26447,-107.379,0,CameraPosition,-103.1624,1.784136,-107.4743,CameraRotation,347.3374,273.4877,357.6397,CurrentState,End,Slider,51,Scenario,3
ID,26,Time,990.0073,DronePosition,-110.2394,59.26447,-107.379,0,CameraPosition,-103.1626,1.784118,-107.474,CameraRotation,347.3709,273.5938,357.6125,CurrentState,End,Slider,51,Scenario,3
ID,26,Time,990.0211,DronePosition,-110.2394,59.26447,-107.379,0,CameraPosition,-103.1627,1.784112,-107.4737,CameraRotation,347.366,273.7032,357.5799,CurrentState,End,Slider,51,Scenario,3
ID,26,Time,990.035,DronePosition,-110.2394,59.26447,-107.379,0,CameraPosition,-103.1628,1.784153,-107.4734,CameraRotation,347.3551,273.8081,357.5609,CurrentState,End,Slider,51,Scenario,3
ID,26,Time,990.0489,DronePosition,-110.2394,59.26447,-107.379,0,CameraPosition,-103.1629,1.784181,-107.4732,CameraRotation,347.3325,273.8981,357.5551,CurrentState,End,Slider,51,Scenario,3
ID,26,Time,990.0629,DronePosition,-110.2394,59.26447,-107.379,0,CameraPosition,-103.1631,1.784188,-107.473,CameraRotation,347.337,273.9862,357.5403,CurrentState,End,Slider,51,Scenario,3
ID,26,Time,990.0767,DronePosition,-110.2394,59.26447,-107.379,0,CameraPosition,-103.1632,1.784158,-107.4727,CameraRotation,347.3459,274.0645,357.538,CurrentState,End,Slider,51,Scenario,3
ID,26,Time,990.0907,DronePosition,-110.2394,59.26447,-107.379,0,CameraPosition,-103.1634,1.784106,-107.4726,CameraRotation,347.3547,274.1335,357.5119,CurrentState,End,Slider,51,Scenario,3
ID,26,Time,990.1046,DronePosition,-110.2394,59.26447,-107.379,0,CameraPosition,-103.1635,1.784052,-107.4724,CameraRotation,347.3697,274.2004,357.4699,CurrentState,End,Slider,51,Scenario,3
ID,26,Time,990.1184,DronePosition,-110.2394,59.26447,-107.379,0,CameraPosition,-103.1637,1.783994,-107.4723,CameraRotation,347.3951,274.2605,357.4244,CurrentState,End,Slider,51,Scenario,3
ID,26,Time,990.1325,DronePosition,-110.2394,59.26447,-107.379,0,CameraPosition,-103.1638,1.783949,-107.4721,CameraRotation,347.4219,274.3186,357.394,CurrentState,End,Slider,51,Scenario,3
ID,26,Time,990.1462,DronePosition,-110.2394,59.26447,-107.379,0,CameraPosition,-103.1639,1.783908,-107.472,CameraRotation,347.4382,274.3867,357.3811,CurrentState,End,Slider,51,Scenario,3
ID,26,Time,990.1601,DronePosition,-110.2394,59.26447,-107.379,0,CameraPosition,-103.164,1.783846,-107.4718,CameraRotation,347.4769,274.4431,357.3928,CurrentState,End,Slider,51,Scenario,3
ID,26,Time,990.1741,DronePosition,-110.2394,59.26447,-107.379,0,CameraPosition,-103.164,1.783777,-107.4717,CameraRotation,347.542,274.5155,357.3832,CurrentState,End,Slider,51,Scenario,3
ID,26,Time,990.188,DronePosition,-110.2394,59.26447,-107.379,0,CameraPosition,-103.1641,1.783699,-107.4716,CameraRotation,347.5984,274.5952,357.3629,CurrentState,End,Slider,51,Scenario,3
ID,26,Time,990.2022,DronePosition,-110.2394,59.26447,-107.379,0,CameraPosition,-103.1641,1.783624,-107.4715,CameraRotation,347.6346,274.6573,357.3558,CurrentState,End,Slider,51,Scenario,3
ID,26,Time,990.2158,DronePosition,-110.2394,59.26447,-107.379,0,CameraPosition,-103.1641,1.783564,-107.4715,CameraRotation,347.6577,274.7158,357.344,CurrentState,End,Slider,51,Scenario,3
ID,26,Time,990.2298,DronePosition,-110.2394,59.26447,-107.379,0,CameraPosition,-103.1642,1.783523,-107.4715,CameraRotation,347.676,274.7612,357.3359,CurrentState,End,Slider,51,Scenario,3
ID,26,Time,990.2437,DronePosition,-110.2394,59.26447,-107.379,0,CameraPosition,-103.1642,1.783477,-107.4715,CameraRotation,347.6892,274.7685,357.3566,CurrentState,End,Slider,51,Scenario,3
ID,26,Time,990.2577,DronePosition,-110.2394,59.26447,-107.379,0,CameraPosition,-103.1642,1.783414,-107.4716,CameraRotation,347.7056,274.7601,357.3745,CurrentState,End,Slider,51,Scenario,3
ID,26,Time,990.2715,DronePosition,-110.2394,59.26447,-107.379,0,CameraPosition,-103.1642,1.783368,-107.4716,CameraRotation,347.7155,274.7146,357.3924,CurrentState,End,Slider,51,Scenario,3
ID,26,Time,990.2855,DronePosition,-110.2394,59.26447,-107.379,0,CameraPosition,-103.1642,1.783336,-107.4717,CameraRotation,347.7025,274.6229,357.4197,CurrentState,End,Slider,51,Scenario,3
ID,26,Time,990.2993,DronePosition,-110.2394,59.26447,-107.379,0,CameraPosition,-103.1643,1.783316,-107.4719,CameraRotation,347.7149,274.4995,357.4504,CurrentState,End,Slider,51,Scenario,3
ID,26,Time,990.3132,DronePosition,-110.2394,59.26447,-107.379,0,CameraPosition,-103.1643,1.783259,-107.4721,CameraRotation,347.7136,274.3563,357.4772,CurrentState,End,Slider,51,Scenario,3
ID,26,Time,990.327,DronePosition,-110.2394,59.26447,-107.379,0,CameraPosition,-103.1643,1.783176,-107.4723,CameraRotation,347.7303,274.2104,357.4846,CurrentState,End,Slider,51,Scenario,3
ID,26,Time,990.3411,DronePosition,-110.2394,59.26447,-107.379,0,CameraPosition,-103.1643,1.783061,-107.4725,CameraRotation,347.7649,274.058,357.5135,CurrentState,End,Slider,51,Scenario,3
ID,26,Time,990.355,DronePosition,-110.2394,59.26447,-107.379,0,CameraPosition,-103.1643,1.782998,-107.4728,CameraRotation,347.8112,273.8855,357.5612,CurrentState,End,Slider,51,Scenario,3
ID,26,Time,990.3694,DronePosition,-110.2394,59.26447,-107.379,0,CameraPosition,-103.1643,1.782959,-107.473,CameraRotation,347.8376,273.7256,357.6213,CurrentState,End,Slider,51,Scenario,3
ID,26,Time,990.3828,DronePosition,-110.2394,59.26447,-107.379,0,CameraPosition,-103.1644,1.782918,-107.4733,CameraRotation,347.8728,273.5881,357.6719,CurrentState,End,Slider,51,Scenario,3
ID,26,Time,990.397,DronePosition,-110.2394,59.26447,-107.379,0,CameraPosition,-103.1644,1.782863,-107.4736,CameraRotation,347.928,273.472,357.7072,CurrentState,End,Slider,51,Scenario,3
ID,26,Time,990.411,DronePosition,-110.2394,59.26447,-107.379,0,CameraPosition,-103.1644,1.78276,-107.4738,CameraRotation,347.9791,273.3708,357.7463,CurrentState,End,Slider,51,Scenario,3
ID,26,Time,990.4245,DronePosition,-110.2394,59.26447,-107.379,0,CameraPosition,-103.1643,1.78268,-107.474,CameraRotation,348.0394,273.2689,357.7807,CurrentState,End,Slider,51,Scenario,3
ID,26,Time,990.4387,DronePosition,-110.2394,59.26447,-107.379,0,CameraPosition,-103.1642,1.782659,-107.4743,CameraRotation,348.0509,273.1752,357.842,CurrentState,End,Slider,51,Scenario,3
ID,26,Time,990.4525,DronePosition,-110.2394,59.26447,-107.379,0,CameraPosition,-103.1642,1.782729,-107.4745,CameraRotation,347.991,273.0631,357.9026,CurrentState,End,Slider,51,Scenario,3
ID,26,Time,990.4664,DronePosition,-110.2394,59.26447,-107.379,0,CameraPosition,-103.1641,1.782807,-107.4747,CameraRotation,347.9107,272.9359,357.9374,CurrentState,End,Slider,51,Scenario,3
ID,26,Time,990.4803,DronePosition,-110.2394,59.26447,-107.379,0,CameraPosition,-103.164,1.782852,-107.475,CameraRotation,347.8395,272.7758,357.9646,CurrentState,End,Slider,51,Scenario,3
ID,26,Time,990.4941,DronePosition,-110.2394,59.26447,-107.379,0,CameraPosition,-103.1638,1.78289,-107.4753,CameraRotation,347.7906,272.601,357.9786,CurrentState,End,Slider,51,Scenario,3
ID,26,Time,990.5081,DronePosition,-110.2394,59.26447,-107.379,0,CameraPosition,-103.1636,1.782941,-107.4755,CameraRotation,347.7638,272.4125,357.9901,CurrentState,End,Slider,51,Scenario,3
ID,26,Time,990.5221,DronePosition,-110.2394,59.26447,-107.379,0,CameraPosition,-103.1633,1.782999,-107.4758,CameraRotation,347.7341,272.22,357.999,CurrentState,End,Slider,51,Scenario,3
ID,26,Time,990.5359,DronePosition,-110.2394,59.26447,-107.379,0,CameraPosition,-103.1632,1.783048,-107.4761,CameraRotation,347.6875,272.0535,358.014,CurrentState,End,Slider,51,Scenario,3
ID,26,Time,990.55,DronePosition,-110.2394,59.26447,-107.379,0,CameraPosition,-103.163,1.783125,-107.4763,CameraRotation,347.6334,271.8932,358.0432,CurrentState,End,Slider,51,Scenario,3
ID,26,Time,990.5637,DronePosition,-110.2394,59.26447,-107.379,0,CameraPosition,-103.1628,1.783246,-107.4766,CameraRotation,347.5852,271.7619,358.0811,CurrentState,End,Slider,51,Scenario,3
ID,26,Time,990.5778,DronePosition,-110.2394,59.26447,-107.379,0,CameraPosition,-103.1625,1.783304,-107.4769,CameraRotation,347.5368,271.6306,358.1366,CurrentState,End,Slider,51,Scenario,3
ID,26,Time,990.5918,DronePosition,-110.2394,59.26447,-107.379,0,CameraPosition,-103.1622,1.783323,-107.4771,CameraRotation,347.5193,271.5034,358.1919,CurrentState,End,Slider,51,Scenario,3
ID,26,Time,990.6056,DronePosition,-110.2394,59.26447,-107.379,0,CameraPosition,-103.162,1.783295,-107.4774,CameraRotation,347.5174,271.355,358.2324,CurrentState,End,Slider,51,Scenario,3
ID,26,Time,990.6203,DronePosition,-110.2394,59.26447,-107.379,0,CameraPosition,-103.1618,1.783284,-107.4778,CameraRotation,347.5233,271.2051,358.2769,CurrentState,End,Slider,51,Scenario,3
ID,26,Time,990.6338,DronePosition,-110.2394,59.26447,-107.379,0,CameraPosition,-103.1616,1.783281,-107.478,CameraRotation,347.5137,271.0329,358.3302,CurrentState,End,Slider,51,Scenario,3
ID,26,Time,990.6474,DronePosition,-110.2394,59.26447,-107.379,0,CameraPosition,-103.1614,1.783303,-107.4783,CameraRotation,347.4725,270.8675,358.3837,CurrentState,End,Slider,51,Scenario,3
ID,26,Time,990.6615,DronePosition,-110.2394,59.26447,-107.379,0,CameraPosition,-103.1611,1.783332,-107.4786,CameraRotation,347.4142,270.7092,358.4232,CurrentState,End,Slider,51,Scenario,3
ID,26,Time,990.6753,DronePosition,-110.2394,59.26447,-107.379,0,CameraPosition,-103.1609,1.783348,-107.4789,CameraRotation,347.3544,270.5564,358.4868,CurrentState,End,Slider,51,Scenario,3
ID,26,Time,990.689,DronePosition,-110.2394,59.26447,-107.379,0,CameraPosition,-103.1608,1.783371,-107.4791,CameraRotation,347.3283,270.4183,358.5367,CurrentState,End,Slider,51,Scenario,3
ID,26,Time,990.7031,DronePosition,-110.2394,59.26447,-107.379,0,CameraPosition,-103.1607,1.783396,-107.4793,CameraRotation,347.3228,270.2928,358.5655,CurrentState,End,Slider,51,Scenario,3
ID,26,Time,990.7168,DronePosition,-110.2394,59.26447,-107.379,0,CameraPosition,-103.1606,1.783422,-107.4794,CameraRotation,347.2989,270.1909,358.5963,CurrentState,End,Slider,51,Scenario,3
ID,26,Time,990.731,DronePosition,-110.2394,59.26447,-107.379,0,CameraPosition,-103.1605,1.783446,-107.4795,CameraRotation,347.2617,270.114,358.6285,CurrentState,End,Slider,51,Scenario,3
ID,26,Time,990.7449,DronePosition,-110.2394,59.26447,-107.379,0,CameraPosition,-103.1604,1.783468,-107.4795,CameraRotation,347.2296,270.0634,358.6569,CurrentState,End,Slider,51,Scenario,3
ID,26,Time,990.7587,DronePosition,-110.2394,59.26447,-107.379,0,CameraPosition,-103.1603,1.783481,-107.4795,CameraRotation,347.1781,270.052,358.6728,CurrentState,End,Slider,51,Scenario,3
ID,26,Time,990.7728,DronePosition,-110.2394,59.26447,-107.379,0,CameraPosition,-103.1603,1.783497,-107.4794,CameraRotation,347.1355,270.0927,358.6564,CurrentState,End,Slider,51,Scenario,3
ID,26,Time,990.7866,DronePosition,-110.2394,59.26447,-107.379,0,CameraPosition,-103.1604,1.783515,-107.4793,CameraRotation,347.1119,270.1418,358.6069,CurrentState,End,Slider,51,Scenario,3
ID,26,Time,990.8005,DronePosition,-110.2394,59.26447,-107.379,0,CameraPosition,-103.1605,1.783534,-107.4792,CameraRotation,347.121,270.2124,358.5636,CurrentState,End,Slider,51,Scenario,3
ID,26,Time,990.8143,DronePosition,-110.2394,59.26447,-107.379,0,CameraPosition,-103.1606,1.783544,-107.479,CameraRotation,347.1415,270.291,358.5498,CurrentState,End,Slider,51,Scenario,3
ID,26,Time,990.8288,DronePosition,-110.2394,59.26447,-107.379,0,CameraPosition,-103.1606,1.783526,-107.4788,CameraRotation,347.1571,270.3598,358.558,CurrentState,End,Slider,51,Scenario,3
ID,26,Time,990.8422,DronePosition,-110.2394,59.26447,-107.379,0,CameraPosition,-103.1607,1.783467,-107.4786,CameraRotation,347.2174,270.4189,358.5767,CurrentState,End,Slider,51,Scenario,3
ID,26,Time,990.8563,DronePosition,-110.2394,59.26447,-107.379,0,CameraPosition,-103.1608,1.783381,-107.4783,CameraRotation,347.3077,270.5038,358.5683,CurrentState,End,Slider,51,Scenario,3
ID,26,Time,990.8701,DronePosition,-110.2394,59.26447,-107.379,0,CameraPosition,-103.1609,1.783257,-107.4781,CameraRotation,347.4073,270.6287,358.5211,CurrentState,End,Slider,51,Scenario,3
ID,26,Time,990.8841,DronePosition,-110.2394,59.26447,-107.379,0,CameraPosition,-103.161,1.783162,-107.4778,CameraRotation,347.471,270.7894,358.4444,CurrentState,End,Slider,51,Scenario,3
ID,26,Time,990.898,DronePosition,-110.2394,59.26447,-107.379,0,CameraPosition,-103.1611,1.783099,-107.4775,CameraRotation,347.5176,270.9609,358.4129,CurrentState,End,Slider,51,Scenario,3
ID,26,Time,990.9118,DronePosition,-110.2394,59.26447,-107.379,0,CameraPosition,-103.1612,1.783084,-107.4772,CameraRotation,347.5565,271.1205,358.3912,CurrentState,End,Slider,51,Scenario,3
ID,26,Time,990.9265,DronePosition,-110.2394,59.26447,-107.379,0,CameraPosition,-103.1612,1.783113,-107.477,CameraRotation,347.5669,271.2994,358.3694,CurrentState,End,Slider,51,Scenario,3
ID,26,Time,990.9396,DronePosition,-110.2394,59.26447,-107.379,0,CameraPosition,-103.1613,1.783147,-107.4768,CameraRotation,347.5806,271.4736,358.3424,CurrentState,End,Slider,51,Scenario,3
ID,26,Time,990.9535,DronePosition,-110.2394,59.26447,-107.379,0,CameraPosition,-103.1613,1.783145,-107.4765,CameraRotation,347.5879,271.6497,358.3274,CurrentState,End,Slider,51,Scenario,3
ID,26,Time,990.9675,DronePosition,-110.2394,59.26447,-107.379,0,CameraPosition,-103.1614,1.783106,-107.4763,CameraRotation,347.632,271.8081,358.3323,CurrentState,End,Slider,51,Scenario,3
ID,26,Time,990.9818,DronePosition,-110.2394,59.26447,-107.379,0,CameraPosition,-103.1614,1.783048,-107.4761,CameraRotation,347.6614,271.9365,358.3427,CurrentState,End,Slider,51,Scenario,3
ID,26,Time,990.9954,DronePosition,-110.2394,59.26447,-107.379,0,CameraPosition,-103.1613,1.783013,-107.476,CameraRotation,347.6841,272.0284,358.3382,CurrentState,End,Slider,51,Scenario,3
ID,26,Time,991.0093,DronePosition,-110.2394,59.26447,-107.379,0,CameraPosition,-103.1614,1.783022,-107.4759,CameraRotation,347.6843,272.083,358.2921,CurrentState,End,Slider,51,Scenario,3
ID,26,Time,991.0231,DronePosition,-110.2394,59.26447,-107.379,0,CameraPosition,-103.1614,1.783073,-107.4757,CameraRotation,347.6693,272.1177,358.2401,CurrentState,End,Slider,51,Scenario,3
ID,26,Time,991.0376,DronePosition,-110.2394,59.26447,-107.379,0,CameraPosition,-103.1614,1.783156,-107.4756,CameraRotation,347.6266,272.1353,358.1973,CurrentState,End,Slider,51,Scenario,3
ID,26,Time,991.0512,DronePosition,-110.2394,59.26447,-107.379,0,CameraPosition,-103.1614,1.783228,-107.4755,CameraRotation,347.5855,272.1276,358.1784,CurrentState,End,Slider,51,Scenario,3
ID,26,Time,991.0652,DronePosition,-110.2394,59.26447,-107.379,0,CameraPosition,-103.1614,1.783264,-107.4754,CameraRotation,347.5641,272.137,358.1646,CurrentState,End,Slider,51,Scenario,3
ID,26,Time,991.0792,DronePosition,-110.2394,59.26447,-107.379,0,CameraPosition,-103.1614,1.78326,-107.4753,CameraRotation,347.5706,272.1464,358.1444,CurrentState,End,Slider,51,Scenario,3
ID,26,Time,991.0929,DronePosition,-110.2394,59.26447,-107.379,0,CameraPosition,-103.1614,1.78324,-107.4752,CameraRotation,347.5879,272.1823,358.126,CurrentState,End,Slider,51,Scenario,3
ID,26,Time,991.1069,DronePosition,-110.2394,59.26447,-107.379,0,CameraPosition,-103.1615,1.78322,-107.4752,CameraRotation,347.581,272.2068,358.1356,CurrentState,End,Slider,51,Scenario,3
ID,26,Time,991.1208,DronePosition,-110.2394,59.26447,-107.379,0,CameraPosition,-103.1616,1.783239,-107.4752,CameraRotation,347.561,272.222,358.1563,CurrentState,End,Slider,51,Scenario,3
ID,26,Time,991.1348,DronePosition,-110.2394,59.26447,-107.379,0,CameraPosition,-103.1617,1.783254,-107.4753,CameraRotation,347.5493,272.2143,358.1799,CurrentState,End,Slider,51,Scenario,3
ID,26,Time,991.1487,DronePosition,-110.2394,59.26447,-107.379,0,CameraPosition,-103.1617,1.783247,-107.4754,CameraRotation,347.58,272.1764,358.2011,CurrentState,End,Slider,51,Scenario,3
ID,26,Time,991.1627,DronePosition,-110.2394,59.26447,-107.379,0,CameraPosition,-103.1618,1.783208,-107.4755,CameraRotation,347.6304,272.1297,358.2333,CurrentState,End,Slider,51,Scenario,3
ID,26,Time,991.1766,DronePosition,-110.2394,59.26447,-107.379,0,CameraPosition,-103.1619,1.783176,-107.4756,CameraRotation,347.6897,272.0894,358.257,CurrentState,End,Slider,51,Scenario,3
ID,26,Time,991.1903,DronePosition,-110.2394,59.26447,-107.379,0,CameraPosition,-103.162,1.783175,-107.4757,CameraRotation,347.7387,272.054,358.2732,CurrentState,End,Slider,51,Scenario,3
ID,26,Time,991.2043,DronePosition,-110.2394,59.26447,-107.379,0,CameraPosition,-103.1621,1.783212,-107.4759,CameraRotation,347.7545,272.0244,358.2802,CurrentState,End,Slider,51,Scenario,3
ID,26,Time,991.2183,DronePosition,-110.2394,59.26447,-107.379,0,CameraPosition,-103.1621,1.783219,-107.476,CameraRotation,347.769,271.9943,358.3129,CurrentState,End,Slider,51,Scenario,3
ID,26,Time,991.2322,DronePosition,-110.2394,59.26447,-107.379,0,CameraPosition,-103.1622,1.783219,-107.4762,CameraRotation,347.7775,271.9377,358.353,CurrentState,End,Slider,51,Scenario,3
ID,26,Time,991.2467,DronePosition,-110.2394,59.26447,-107.379,0,CameraPosition,-103.1622,1.783223,-107.4765,CameraRotation,347.7785,271.8592,358.3926,CurrentState,End,Slider,51,Scenario,3
ID,26,Time,991.26,DronePosition,-110.2394,59.26447,-107.379,0,CameraPosition,-103.1622,1.783269,-107.4768,CameraRotation,347.7796,271.7577,358.4133,CurrentState,End,Slider,51,Scenario,3
ID,26,Time,991.2739,DronePosition,-110.2394,59.26447,-107.379,0,CameraPosition,-103.1623,1.783326,-107.4771,CameraRotation,347.758,271.6183,358.4446,CurrentState,End,Slider,51,Scenario,3
ID,26,Time,991.2877,DronePosition,-110.2394,59.26447,-107.379,0,CameraPosition,-103.1623,1.78341,-107.4774,CameraRotation,347.7238,271.4559,358.4746,CurrentState,End,Slider,51,Scenario,3
ID,26,Time,991.3017,DronePosition,-110.2394,59.26447,-107.379,0,CameraPosition,-103.1623,1.783479,-107.4778,CameraRotation,347.6605,271.259,358.5077,CurrentState,End,Slider,51,Scenario,3
ID,26,Time,991.3157,DronePosition,-110.2394,59.26447,-107.379,0,CameraPosition,-103.1624,1.78357,-107.4783,CameraRotation,347.584,271.0343,358.5551,CurrentState,End,Slider,51,Scenario,3
ID,26,Time,991.3297,DronePosition,-110.2394,59.26447,-107.379,0,CameraPosition,-103.1624,1.783668,-107.4787,CameraRotation,347.5117,270.7985,358.596,CurrentState,End,Slider,51,Scenario,3
ID,26,Time,991.3434,DronePosition,-110.2394,59.26447,-107.379,0,CameraPosition,-103.1625,1.783745,-107.4792,CameraRotation,347.4472,270.5687,358.6407,CurrentState,End,Slider,51,Scenario,3
ID,26,Time,991.3575,DronePosition,-110.2394,59.26447,-107.379,0,CameraPosition,-103.1626,1.783798,-107.4796,CameraRotation,347.3978,270.3243,358.6954,CurrentState,End,Slider,51,Scenario,3
ID,26,Time,991.3713,DronePosition,-110.2394,59.26447,-107.379,0,CameraPosition,-103.1626,1.783832,-107.4801,CameraRotation,347.3669,270.0899,358.7701,CurrentState,End,Slider,51,Scenario,3
ID,26,Time,991.3852,DronePosition,-110.2394,59.26447,-107.379,0,CameraPosition,-103.1627,1.78385,-107.4806,CameraRotation,347.3234,269.8687,358.856,CurrentState,End,Slider,51,Scenario,3
ID,26,Time,991.3991,DronePosition,-110.2394,59.26447,-107.379,0,CameraPosition,-103.1627,1.783877,-107.4811,CameraRotation,347.2876,269.6652,358.9463,CurrentState,End,Slider,51,Scenario,3
ID,26,Time,991.413,DronePosition,-110.2394,59.26447,-107.379,0,CameraPosition,-103.1629,1.783923,-107.4815,CameraRotation,347.261,269.4886,359.0167,CurrentState,End,Slider,51,Scenario,3
ID,26,Time,991.4268,DronePosition,-110.2394,59.26447,-107.379,0,CameraPosition,-103.163,1.78393,-107.4819,CameraRotation,347.2348,269.3096,359.0946,CurrentState,End,Slider,51,Scenario,3
ID,26,Time,991.441,DronePosition,-110.2394,59.26447,-107.379,0,CameraPosition,-103.1632,1.783899,-107.4823,CameraRotation,347.2321,269.1656,359.1682,CurrentState,End,Slider,51,Scenario,3
ID,26,Time,991.4556,DronePosition,-110.2394,59.26447,-107.379,0,CameraPosition,-103.1633,1.783844,-107.4827,CameraRotation,347.2485,269.0259,359.2367,CurrentState,End,Slider,51,Scenario,3
ID,26,Time,991.4695,DronePosition,-110.2394,59.26447,-107.379,0,CameraPosition,-103.1635,1.783776,-107.4831,CameraRotation,347.2722,268.9078,359.3,CurrentState,End,Slider,51,Scenario,3
ID,26,Time,991.4833,DronePosition,-110.2394,59.26447,-107.379,0,CameraPosition,-103.1637,1.783738,-107.4834,CameraRotation,347.2798,268.7982,359.3614,CurrentState,End,Slider,51,Scenario,3
ID,26,Time,991.4971,DronePosition,-110.2394,59.26447,-107.379,0,CameraPosition,-103.1639,1.783732,-107.4837,CameraRotation,347.2774,268.7064,359.3987,CurrentState,End,Slider,51,Scenario,3
ID,26,Time,991.5109,DronePosition,-110.2394,59.26447,-107.379,0,CameraPosition,-103.1641,1.783709,-107.4839,CameraRotation,347.2823,268.6205,359.4193,CurrentState,End,Slider,51,Scenario,3
ID,26,Time,991.5247,DronePosition,-110.2394,59.26447,-107.379,0,CameraPosition,-103.1643,1.78368,-107.4841,CameraRotation,347.3075,268.5409,359.4285,CurrentState,End,Slider,51,Scenario,3
ID,26,Time,991.5388,DronePosition,-110.2394,59.26447,-107.379,0,CameraPosition,-103.1645,1.78365,-107.4844,CameraRotation,347.3396,268.449,359.4465,CurrentState,End,Slider,51,Scenario,3
ID,26,Time,991.5526,DronePosition,-110.2394,59.26447,-107.379,0,CameraPosition,-103.1647,1.783601,-107.4845,CameraRotation,347.3875,268.3734,359.4559,CurrentState,End,Slider,51,Scenario,3
ID,26,Time,991.5665,DronePosition,-110.2394,59.26447,-107.379,0,CameraPosition,-103.1649,1.783526,-107.4847,CameraRotation,347.4466,268.3274,359.4629,CurrentState,End,Slider,51,Scenario,3
ID,26,Time,991.5805,DronePosition,-110.2394,59.26447,-107.379,0,CameraPosition,-103.165,1.783451,-107.4849,CameraRotation,347.4794,268.3113,359.4532,CurrentState,End,Slider,51,Scenario,3
ID,26,Time,991.5942,DronePosition,-110.2394,59.26447,-107.379,0,CameraPosition,-103.1652,1.78339,-107.485,CameraRotation,347.498,268.3191,359.4491,CurrentState,End,Slider,51,Scenario,3
ID,26,Time,991.6082,DronePosition,-110.2394,59.26447,-107.379,0,CameraPosition,-103.1653,1.783346,-107.4851,CameraRotation,347.4903,268.3404,359.4624,CurrentState,End,Slider,51,Scenario,3
ID,26,Time,991.6224,DronePosition,-110.2394,59.26447,-107.379,0,CameraPosition,-103.1654,1.783289,-107.4852,CameraRotation,347.4981,268.3609,359.488,CurrentState,End,Slider,51,Scenario,3
ID,26,Time,991.6357,DronePosition,-110.2394,59.26447,-107.379,0,CameraPosition,-103.1655,1.783228,-107.4853,CameraRotation,347.5046,268.383,359.4967,CurrentState,End,Slider,51,Scenario,3
ID,26,Time,991.6497,DronePosition,-110.2394,59.26447,-107.379,0,CameraPosition,-103.1655,1.783204,-107.4854,CameraRotation,347.5188,268.4121,359.4943,CurrentState,End,Slider,51,Scenario,3
ID,26,Time,991.6647,DronePosition,-110.2394,59.26447,-107.379,0,CameraPosition,-103.1656,1.783172,-107.4855,CameraRotation,347.5327,268.4408,359.4789,CurrentState,End,Slider,51,Scenario,3
ID,26,Time,991.6779,DronePosition,-110.2394,59.26447,-107.379,0,CameraPosition,-103.1657,1.783134,-107.4855,CameraRotation,347.5615,268.4828,359.4598,CurrentState,End,Slider,51,Scenario,3
ID,26,Time,991.6915,DronePosition,-110.2394,59.26447,-107.379,0,CameraPosition,-103.1657,1.783092,-107.4856,CameraRotation,347.5941,268.5399,359.4498,CurrentState,End,Slider,51,Scenario,3
ID,26,Time,991.7057,DronePosition,-110.2394,59.26447,-107.379,0,CameraPosition,-103.1657,1.783062,-107.4856,CameraRotation,347.59,268.5897,359.4471,CurrentState,End,Slider,51,Scenario,3
ID,26,Time,991.7197,DronePosition,-110.2394,59.26447,-107.379,0,CameraPosition,-103.1657,1.783064,-107.4856,CameraRotation,347.554,268.653,359.4433,CurrentState,End,Slider,51,Scenario,3
ID,26,Time,991.7333,DronePosition,-110.2394,59.26447,-107.379,0,CameraPosition,-103.1657,1.7831,-107.4857,CameraRotation,347.4965,268.7142,359.4333,CurrentState,End,Slider,51,Scenario,3
ID,26,Time,991.7477,DronePosition,-110.2394,59.26447,-107.379,0,CameraPosition,-103.1657,1.783127,-107.4858,CameraRotation,347.4374,268.7796,359.4485,CurrentState,End,Slider,51,Scenario,3
ID,26,Time,991.7615,DronePosition,-110.2394,59.26447,-107.379,0,CameraPosition,-103.1657,1.783113,-107.4859,CameraRotation,347.4083,268.8246,359.4887,CurrentState,End,Slider,51,Scenario,3
ID,26,Time,991.7753,DronePosition,-110.2394,59.26447,-107.379,0,CameraPosition,-103.1657,1.783062,-107.486,CameraRotation,347.4132,268.8589,359.5147,CurrentState,End,Slider,51,Scenario,3
ID,26,Time,991.7891,DronePosition,-110.2394,59.26447,-107.379,0,CameraPosition,-103.1657,1.78298,-107.4862,CameraRotation,347.433,268.882,359.5152,CurrentState,End,Slider,51,Scenario,3
ID,26,Time,991.8028,DronePosition,-110.2394,59.26447,-107.379,0,CameraPosition,-103.1657,1.782909,-107.4863,CameraRotation,347.486,268.9088,359.4999,CurrentState,End,Slider,51,Scenario,3
ID,26,Time,991.8169,DronePosition,-110.2394,59.26447,-107.379,0,CameraPosition,-103.1656,1.78289,-107.4865,CameraRotation,347.5178,268.9129,359.4795,CurrentState,End,Slider,51,Scenario,3
ID,26,Time,991.8309,DronePosition,-110.2394,59.26447,-107.379,0,CameraPosition,-103.1656,1.782903,-107.4866,CameraRotation,347.5075,268.902,359.476,CurrentState,End,Slider,51,Scenario,3
ID,26,Time,991.8446,DronePosition,-110.2394,59.26447,-107.379,0,CameraPosition,-103.1655,1.782927,-107.4868,CameraRotation,347.4575,268.8749,359.4725,CurrentState,End,Slider,51,Scenario,3
ID,26,Time,991.8586,DronePosition,-110.2394,59.26447,-107.379,0,CameraPosition,-103.1655,1.782948,-107.4869,CameraRotation,347.3968,268.8378,359.4794,CurrentState,End,Slider,51,Scenario,3
ID,26,Time,991.8727,DronePosition,-110.2394,59.26447,-107.379,0,CameraPosition,-103.1654,1.782961,-107.4871,CameraRotation,347.3339,268.7867,359.4878,CurrentState,End,Slider,51,Scenario,3
ID,26,Time,991.8865,DronePosition,-110.2394,59.26447,-107.379,0,CameraPosition,-103.1653,1.782979,-107.4872,CameraRotation,347.2712,268.7423,359.4886,CurrentState,End,Slider,51,Scenario,3
ID,26,Time,991.9003,DronePosition,-110.2394,59.26447,-107.379,0,CameraPosition,-103.1653,1.782973,-107.4874,CameraRotation,347.2157,268.7097,359.5107,CurrentState,End,Slider,51,Scenario,3
ID,26,Time,991.9144,DronePosition,-110.2394,59.26447,-107.379,0,CameraPosition,-103.1652,1.78299,-107.4875,CameraRotation,347.1815,268.6893,359.5132,CurrentState,End,Slider,51,Scenario,3
ID,26,Time,991.9297,DronePosition,-110.2394,59.26447,-107.379,0,CameraPosition,-103.1652,1.783034,-107.4877,CameraRotation,347.1422,268.6835,359.5071,CurrentState,End,Slider,51,Scenario,3
ID,26,Time,991.9418,DronePosition,-110.2394,59.26447,-107.379,0,CameraPosition,-103.1652,1.783096,-107.4879,CameraRotation,347.1024,268.684,359.5282,CurrentState,End,Slider,51,Scenario,3
ID,26,Time,991.9558,DronePosition,-110.2394,59.26447,-107.379,0,CameraPosition,-103.1653,1.783161,-107.4881,CameraRotation,347.0512,268.6877,359.5822,CurrentState,End,Slider,51,Scenario,3
ID,26,Time,991.9698,DronePosition,-110.2394,59.26447,-107.379,0,CameraPosition,-103.1653,1.783216,-107.4884,CameraRotation,347.019,268.6551,359.6338,CurrentState,End,Slider,51,Scenario,3
ID,26,Time,991.9838,DronePosition,-110.2394,59.26447,-107.379,0,CameraPosition,-103.1654,1.783235,-107.4886,CameraRotation,346.9975,268.6016,359.6873,CurrentState,End,Slider,51,Scenario,3
ID,26,Time,991.9979,DronePosition,-110.2394,59.26447,-107.379,0,CameraPosition,-103.1654,1.783193,-107.4888,CameraRotation,347.0118,268.5327,359.745,CurrentState,End,Slider,51,Scenario,3
ID,26,Time,992.0117,DronePosition,-110.2394,59.26447,-107.379,0,CameraPosition,-103.1655,1.783122,-107.489,CameraRotation,347.0602,268.4431,359.7856,CurrentState,End,Slider,51,Scenario,3
ID,26,Time,992.0253,DronePosition,-110.2394,59.26447,-107.379,0,CameraPosition,-103.1656,1.783054,-107.4892,CameraRotation,347.1201,268.3578,359.8042,CurrentState,End,Slider,51,Scenario,3
ID,26,Time,992.0396,DronePosition,-110.2394,59.26447,-107.379,0,CameraPosition,-103.1657,1.782983,-107.4893,CameraRotation,347.1831,268.2765,359.808,CurrentState,End,Slider,51,Scenario,3
ID,26,Time,992.0532,DronePosition,-110.2394,59.26447,-107.379,0,CameraPosition,-103.1658,1.782925,-107.4893,CameraRotation,347.2367,268.2177,359.793,CurrentState,End,Slider,51,Scenario,3
ID,26,Time,992.0673,DronePosition,-110.2394,59.26447,-107.379,0,CameraPosition,-103.1658,1.782891,-107.4893,CameraRotation,347.2763,268.1821,359.7756,CurrentState,End,Slider,51,Scenario,3
ID,26,Time,992.082,DronePosition,-110.2394,59.26447,-107.379,0,CameraPosition,-103.1659,1.782884,-107.4893,CameraRotation,347.3082,268.1826,359.7383,CurrentState,End,Slider,51,Scenario,3
ID,26,Time,992.0953,DronePosition,-110.2394,59.26447,-107.379,0,CameraPosition,-103.166,1.782915,-107.4892,CameraRotation,347.3393,268.2219,359.7,CurrentState,End,Slider,51,Scenario,3
ID,26,Time,992.1091,DronePosition,-110.2394,59.26447,-107.379,0,CameraPosition,-103.1661,1.782929,-107.4891,CameraRotation,347.382,268.2895,359.6481,CurrentState,End,Slider,51,Scenario,3
ID,26,Time,992.1229,DronePosition,-110.2394,59.26447,-107.379,0,CameraPosition,-103.1662,1.782906,-107.4889,CameraRotation,347.4527,268.3987,359.5763,CurrentState,End,Slider,51,Scenario,3
ID,26,Time,992.137,DronePosition,-110.2394,59.26447,-107.379,0,CameraPosition,-103.1663,1.782831,-107.4887,CameraRotation,347.5205,268.5226,359.48,CurrentState,End,Slider,51,Scenario,3
ID,26,Time,992.1509,DronePosition,-110.2394,59.26447,-107.379,0,CameraPosition,-103.1664,1.782721,-107.4885,CameraRotation,347.5733,268.6554,359.3824,CurrentState,End,Slider,51,Scenario,3
ID,26,Time,992.1648,DronePosition,-110.2394,59.26447,-107.379,0,CameraPosition,-103.1665,1.782593,-107.4883,CameraRotation,347.6054,268.784,359.3023,CurrentState,End,Slider,51,Scenario,3
ID,26,Time,992.1788,DronePosition,-110.2394,59.26447,-107.379,0,CameraPosition,-103.1666,1.782464,-107.4881,CameraRotation,347.6183,268.8914,359.2718,CurrentState,End,Slider,51,Scenario,3
ID,26,Time,992.1927,DronePosition,-110.2394,59.26447,-107.379,0,CameraPosition,-103.1668,1.782346,-107.4878,CameraRotation,347.6412,268.9806,359.2524,CurrentState,End,Slider,51,Scenario,3
ID,26,Time,992.2065,DronePosition,-110.2394,59.26447,-107.379,0,CameraPosition,-103.1669,1.78224,-107.4875,CameraRotation,347.6726,269.1071,359.2083,CurrentState,End,Slider,51,Scenario,3
ID,26,Time,992.2206,DronePosition,-110.2394,59.26447,-107.379,0,CameraPosition,-103.1671,1.782163,-107.4873,CameraRotation,347.7216,269.2677,359.1407,CurrentState,End,Slider,51,Scenario,3
ID,26,Time,992.2343,DronePosition,-110.2394,59.26447,-107.379,0,CameraPosition,-103.1672,1.782145,-107.4869,CameraRotation,347.7721,269.4908,359.0411,CurrentState,End,Slider,51,Scenario,3
ID,26,Time,992.2484,DronePosition,-110.2394,59.26447,-107.379,0,CameraPosition,-103.1674,1.782153,-107.4866,CameraRotation,347.8005,269.7239,358.9262,CurrentState,End,Slider,51,Scenario,3
ID,26,Time,992.2624,DronePosition,-110.2394,59.26447,-107.379,0,CameraPosition,-103.1676,1.782172,-107.4862,CameraRotation,347.805,269.9458,358.809,CurrentState,End,Slider,51,Scenario,3
ID,26,Time,992.2762,DronePosition,-110.2394,59.26447,-107.379,0,CameraPosition,-103.1679,1.782171,-107.4859,CameraRotation,347.8064,270.1438,358.7333,CurrentState,End,Slider,51,Scenario,3
ID,26,Time,992.2905,DronePosition,-110.2394,59.26447,-107.379,0,CameraPosition,-103.1681,1.78216,-107.4856,CameraRotation,347.819,270.3349,358.6943,CurrentState,End,Slider,51,Scenario,3
ID,26,Time,992.3041,DronePosition,-110.2394,59.26447,-107.379,0,CameraPosition,-103.1684,1.782114,-107.4852,CameraRotation,347.86,270.5065,358.6738,CurrentState,End,Slider,51,Scenario,3
ID,26,Time,992.3181,DronePosition,-110.2394,59.26447,-107.379,0,CameraPosition,-103.1686,1.782051,-107.4849,CameraRotation,347.9284,270.6578,358.6455,CurrentState,End,Slider,51,Scenario,3
ID,26,Time,992.3319,DronePosition,-110.2394,59.26447,-107.379,0,CameraPosition,-103.1689,1.781934,-107.4845,CameraRotation,348.0421,270.805,358.6252,CurrentState,End,Slider,51,Scenario,3
ID,26,Time,992.3458,DronePosition,-110.2394,59.26447,-107.379,0,CameraPosition,-103.1691,1.781757,-107.4842,CameraRotation,348.1661,270.9522,358.5903,CurrentState,End,Slider,51,Scenario,3
ID,26,Time,992.3597,DronePosition,-110.2394,59.26447,-107.379,0,CameraPosition,-103.1694,1.781585,-107.484,CameraRotation,348.3395,271.0976,358.5327,CurrentState,End,Slider,51,Scenario,3
ID,26,Time,992.3737,DronePosition,-110.2394,59.26447,-107.379,0,CameraPosition,-103.1697,1.781511,-107.4838,CameraRotation,348.4303,271.2298,358.5063,CurrentState,End,Slider,51,Scenario,3
ID,26,Time,992.3878,DronePosition,-110.2394,59.26447,-107.379,0,CameraPosition,-103.1699,1.781562,-107.4836,CameraRotation,348.469,271.349,358.5076,CurrentState,End,Slider,51,Scenario,3
ID,26,Time,992.4015,DronePosition,-110.2394,59.26447,-107.379,0,CameraPosition,-103.1702,1.781683,-107.4834,CameraRotation,348.4728,271.4396,358.5121,CurrentState,End,Slider,51,Scenario,3
ID,26,Time,992.4158,DronePosition,-110.2394,59.26447,-107.379,0,CameraPosition,-103.1704,1.781775,-107.4833,CameraRotation,348.5089,271.5009,358.5026,CurrentState,End,Slider,51,Scenario,3
ID,26,Time,992.4296,DronePosition,-110.2394,59.26447,-107.379,0,CameraPosition,-103.1706,1.781854,-107.4833,CameraRotation,348.574,271.5245,358.4913,CurrentState,End,Slider,51,Scenario,3
ID,26,Time,992.4434,DronePosition,-110.2394,59.26447,-107.379,0,CameraPosition,-103.1707,1.781898,-107.4832,CameraRotation,348.6629,271.5181,358.4839,CurrentState,End,Slider,51,Scenario,3
ID,26,Time,992.4572,DronePosition,-110.2394,59.26447,-107.379,0,CameraPosition,-103.1709,1.781918,-107.4832,CameraRotation,348.7341,271.476,358.4804,CurrentState,End,Slider,51,Scenario,3
ID,26,Time,992.4713,DronePosition,-110.2394,59.26447,-107.379,0,CameraPosition,-103.171,1.781907,-107.4833,CameraRotation,348.7658,271.3935,358.4968,CurrentState,End,Slider,51,Scenario,3
ID,26,Time,992.4853,DronePosition,-110.2394,59.26447,-107.379,0,CameraPosition,-103.171,1.781863,-107.4834,CameraRotation,348.7544,271.2425,358.5107,CurrentState,End,Slider,51,Scenario,3
ID,26,Time,992.4995,DronePosition,-110.2394,59.26447,-107.379,0,CameraPosition,-103.1711,1.781851,-107.4836,CameraRotation,348.733,271.1027,358.5126,CurrentState,End,Slider,51,Scenario,3
ID,26,Time,992.5131,DronePosition,-110.2394,59.26447,-107.379,0,CameraPosition,-103.1712,1.781899,-107.4838,CameraRotation,348.6714,270.9189,358.5359,CurrentState,End,Slider,51,Scenario,3
ID,26,Time,992.5269,DronePosition,-110.2394,59.26447,-107.379,0,CameraPosition,-103.1712,1.782037,-107.4841,CameraRotation,348.5928,270.6915,358.6003,CurrentState,End,Slider,51,Scenario,3
ID,26,Time,992.541,DronePosition,-110.2394,59.26447,-107.379,0,CameraPosition,-103.1712,1.782204,-107.4845,CameraRotation,348.5224,270.4279,358.6735,CurrentState,End,Slider,51,Scenario,3
ID,26,Time,992.5546,DronePosition,-110.2394,59.26447,-107.379,0,CameraPosition,-103.1711,1.782359,-107.485,CameraRotation,348.4666,270.1097,358.7646,CurrentState,End,Slider,51,Scenario,3
ID,26,Time,992.5685,DronePosition,-110.2394,59.26447,-107.379,0,CameraPosition,-103.171,1.782436,-107.4856,CameraRotation,348.4254,269.7718,358.8762,CurrentState,End,Slider,51,Scenario,3
ID,26,Time,992.5825,DronePosition,-110.2394,59.26447,-107.379,0,CameraPosition,-103.171,1.782508,-107.4863,CameraRotation,348.4147,269.3906,359.0237,CurrentState,End,Slider,51,Scenario,3
ID,26,Time,992.5965,DronePosition,-110.2394,59.26447,-107.379,0,CameraPosition,-103.1709,1.782639,-107.4871,CameraRotation,348.3593,268.9819,359.1849,CurrentState,End,Slider,51,Scenario,3
ID,26,Time,992.6103,DronePosition,-110.2394,59.26447,-107.379,0,CameraPosition,-103.1707,1.782808,-107.4878,CameraRotation,348.1967,268.5595,359.3318,CurrentState,End,Slider,51,Scenario,3
ID,26,Time,992.6248,DronePosition,-110.2394,59.26447,-107.379,0,CameraPosition,-103.1706,1.782965,-107.4885,CameraRotation,348.0349,268.1513,359.4968,CurrentState,End,Slider,51,Scenario,3
ID,26,Time,992.6386,DronePosition,-110.2394,59.26447,-107.379,0,CameraPosition,-103.1705,1.783092,-107.4892,CameraRotation,347.9268,267.7372,359.705,CurrentState,End,Slider,51,Scenario,3
ID,26,Time,992.6522,DronePosition,-110.2394,59.26447,-107.379,0,CameraPosition,-103.1703,1.783141,-107.49,CameraRotation,347.8577,267.3445,359.8954,CurrentState,End,Slider,51,Scenario,3
ID,26,Time,992.6661,DronePosition,-110.2394,59.26447,-107.379,0,CameraPosition,-103.17,1.78315,-107.4907,CameraRotation,347.8515,267.016,0.04112561,CurrentState,End,Slider,51,Scenario,3
ID,26,Time,992.6802,DronePosition,-110.2394,59.26447,-107.379,0,CameraPosition,-103.1697,1.783143,-107.4913,CameraRotation,347.8949,266.7644,0.1549333,CurrentState,End,Slider,51,Scenario,3
ID,26,Time,992.6942,DronePosition,-110.2394,59.26447,-107.379,0,CameraPosition,-103.1693,1.783199,-107.492,CameraRotation,347.9561,266.5837,0.2361855,CurrentState,End,Slider,51,Scenario,3
ID,26,Time,992.7081,DronePosition,-110.2394,59.26447,-107.379,0,CameraPosition,-103.169,1.783271,-107.4927,CameraRotation,347.9612,266.3929,0.3258975,CurrentState,End,Slider,51,Scenario,3
ID,26,Time,992.7217,DronePosition,-110.2394,59.26447,-107.379,0,CameraPosition,-103.1686,1.783342,-107.4935,CameraRotation,347.9447,266.2154,0.3542368,CurrentState,End,Slider,51,Scenario,3
ID,26,Time,992.7356,DronePosition,-110.2394,59.26447,-107.379,0,CameraPosition,-103.1682,1.783377,-107.4943,CameraRotation,347.9277,266.0685,0.3573601,CurrentState,End,Slider,51,Scenario,3
ID,26,Time,992.7495,DronePosition,-110.2394,59.26447,-107.379,0,CameraPosition,-103.1678,1.783395,-107.4951,CameraRotation,347.9147,265.9437,0.3285634,CurrentState,End,Slider,51,Scenario,3
ID,26,Time,992.764,DronePosition,-110.2394,59.26447,-107.379,0,CameraPosition,-103.1673,1.783356,-107.496,CameraRotation,347.9019,265.8452,0.2461646,CurrentState,End,Slider,51,Scenario,3
ID,26,Time,992.7783,DronePosition,-110.2394,59.26447,-107.379,0,CameraPosition,-103.1669,1.783268,-107.4969,CameraRotation,347.9029,265.7762,0.1928184,CurrentState,End,Slider,51,Scenario,3
ID,26,Time,992.7916,DronePosition,-110.2394,59.26447,-107.379,0,CameraPosition,-103.1664,1.783107,-107.4978,CameraRotation,347.9211,265.724,0.1869143,CurrentState,End,Slider,51,Scenario,3
ID,26,Time,992.8055,DronePosition,-110.2394,59.26447,-107.379,0,CameraPosition,-103.1658,1.782819,-107.4988,CameraRotation,347.9514,265.695,0.152406,CurrentState,End,Slider,51,Scenario,3
ID,26,Time,992.8196,DronePosition,-110.2394,59.26447,-107.379,0,CameraPosition,-103.1653,1.782474,-107.4998,CameraRotation,348.0008,265.6923,0.0919634,CurrentState,End,Slider,51,Scenario,3
ID,26,Time,992.8334,DronePosition,-110.2394,59.26447,-107.379,0,CameraPosition,-103.1648,1.782179,-107.5008,CameraRotation,348.0176,265.693,0.05073967,CurrentState,End,Slider,51,Scenario,3
ID,26,Time,992.8475,DronePosition,-110.2394,59.26447,-107.379,0,CameraPosition,-103.1643,1.78192,-107.5019,CameraRotation,347.9926,265.7042,0.0109541,CurrentState,End,Slider,51,Scenario,3
ID,26,Time,992.8613,DronePosition,-110.2394,59.26447,-107.379,0,CameraPosition,-103.1638,1.781644,-107.503,CameraRotation,347.9473,265.7046,359.9428,CurrentState,End,Slider,51,Scenario,3
ID,26,Time,992.8752,DronePosition,-110.2394,59.26447,-107.379,0,CameraPosition,-103.1634,1.781351,-107.5041,CameraRotation,347.9765,265.7353,359.8721,CurrentState,End,Slider,51,Scenario,3
ID,26,Time,992.8892,DronePosition,-110.2394,59.26447,-107.379,0,CameraPosition,-103.1629,1.781075,-107.5053,CameraRotation,348.0399,265.7652,359.8854,CurrentState,End,Slider,51,Scenario,3
ID,26,Time,992.9034,DronePosition,-110.2394,59.26447,-107.379,0,CameraPosition,-103.1624,1.780831,-107.5065,CameraRotation,348.0742,265.7652,359.9767,CurrentState,End,Slider,51,Scenario,3
ID,26,Time,992.9174,DronePosition,-110.2394,59.26447,-107.379,0,CameraPosition,-103.1619,1.780589,-107.5077,CameraRotation,348.088,265.7248,0.1652961,CurrentState,End,Slider,51,Scenario,3
ID,26,Time,992.9312,DronePosition,-110.2394,59.26447,-107.379,0,CameraPosition,-103.1614,1.780354,-107.5089,CameraRotation,348.1122,265.6301,0.4005088,CurrentState,End,Slider,51,Scenario,3
ID,26,Time,992.9446,DronePosition,-110.2394,59.26447,-107.379,0,CameraPosition,-103.161,1.780094,-107.51,CameraRotation,348.1211,265.5323,0.5789935,CurrentState,End,Slider,51,Scenario,3
ID,26,Time,992.9583,DronePosition,-110.2394,59.26447,-107.379,0,CameraPosition,-103.1606,1.779807,-107.511,CameraRotation,348.1289,265.4119,0.7161252,CurrentState,End,Slider,51,Scenario,3
ID,26,Time,992.9723,DronePosition,-110.2394,59.26447,-107.379,0,CameraPosition,-103.1602,1.779533,-107.5119,CameraRotation,348.1611,265.2663,0.8689819,CurrentState,End,Slider,51,Scenario,3
ID,26,Time,992.9865,DronePosition,-110.2394,59.26447,-107.379,0,CameraPosition,-103.1598,1.779305,-107.5127,CameraRotation,348.1965,265.1053,1.034821,CurrentState,End,Slider,51,Scenario,3
ID,26,Time,993.0026,DronePosition,-110.2394,59.26447,-107.379,0,CameraPosition,-103.1594,1.779149,-107.5134,CameraRotation,348.2301,264.9191,1.201766,CurrentState,End,Slider,51,Scenario,3
ID,26,Time,993.0143,DronePosition,-110.2394,59.26447,-107.379,0,CameraPosition,-103.159,1.779031,-107.514,CameraRotation,348.2117,264.7352,1.313484,CurrentState,End,Slider,51,Scenario,3
ID,26,Time,993.0281,DronePosition,-110.2394,59.26447,-107.379,0,CameraPosition,-103.1586,1.778892,-107.5146,CameraRotation,348.1927,264.588,1.361676,CurrentState,End,Slider,51,Scenario,3
ID,26,Time,993.0418,DronePosition,-110.2394,59.26447,-107.379,0,CameraPosition,-103.1583,1.778738,-107.515,CameraRotation,348.2056,264.4611,1.334673,CurrentState,End,Slider,51,Scenario,3
ID,26,Time,993.0556,DronePosition,-110.2394,59.26447,-107.379,0,CameraPosition,-103.1579,1.778599,-107.5153,CameraRotation,348.2755,264.3762,1.290681,CurrentState,End,Slider,51,Scenario,3
ID,26,Time,993.0696,DronePosition,-110.2394,59.26447,-107.379,0,CameraPosition,-103.1575,1.77854,-107.5155,CameraRotation,348.3683,264.304,1.281962,CurrentState,End,Slider,51,Scenario,3
ID,26,Time,993.0835,DronePosition,-110.2394,59.26447,-107.379,0,CameraPosition,-103.157,1.778604,-107.5155,CameraRotation,348.4821,264.2308,1.342033,CurrentState,End,Slider,51,Scenario,3
ID,26,Time,993.0976,DronePosition,-110.2394,59.26447,-107.379,0,CameraPosition,-103.1565,1.778769,-107.5154,CameraRotation,348.6274,264.1697,1.42369,CurrentState,End,Slider,51,Scenario,3
ID,26,Time,993.1115,DronePosition,-110.2394,59.26447,-107.379,0,CameraPosition,-103.1559,1.778918,-107.5151,CameraRotation,348.7545,264.1186,1.466583,CurrentState,End,Slider,51,Scenario,3
ID,26,Time,993.1255,DronePosition,-110.2394,59.26447,-107.379,0,CameraPosition,-103.1553,1.779051,-107.5147,CameraRotation,348.8895,264.093,1.466101,CurrentState,End,Slider,51,Scenario,3
ID,26,Time,993.14,DronePosition,-110.2394,59.26447,-107.379,0,CameraPosition,-103.1547,1.779212,-107.5141,CameraRotation,349.0291,264.091,1.462084,CurrentState,End,Slider,51,Scenario,3
ID,26,Time,993.1536,DronePosition,-110.2394,59.26447,-107.379,0,CameraPosition,-103.1539,1.779448,-107.5132,CameraRotation,349.1553,264.0972,1.438293,CurrentState,End,Slider,51,Scenario,3
ID,26,Time,993.1672,DronePosition,-110.2394,59.26447,-107.379,0,CameraPosition,-103.1532,1.779731,-107.5122,CameraRotation,349.2099,264.1113,1.392745,CurrentState,End,Slider,51,Scenario,3
ID,26,Time,993.181,DronePosition,-110.2394,59.26447,-107.379,0,CameraPosition,-103.1523,1.780035,-107.511,CameraRotation,349.2004,264.1323,1.312323,CurrentState,End,Slider,51,Scenario,3
ID,26,Time,993.1951,DronePosition,-110.2394,59.26447,-107.379,0,CameraPosition,-103.1515,1.780284,-107.5097,CameraRotation,349.1589,264.183,1.197526,CurrentState,End,Slider,51,Scenario,3
ID,26,Time,993.2087,DronePosition,-110.2394,59.26447,-107.379,0,CameraPosition,-103.1507,1.780511,-107.5081,CameraRotation,349.136,264.2698,1.085554,CurrentState,End,Slider,51,Scenario,3
ID,26,Time,993.2228,DronePosition,-110.2394,59.26447,-107.379,0,CameraPosition,-103.1499,1.780785,-107.5064,CameraRotation,349.1093,264.3906,0.9768437,CurrentState,End,Slider,51,Scenario,3
ID,26,Time,993.2369,DronePosition,-110.2394,59.26447,-107.379,0,CameraPosition,-103.1491,1.781055,-107.5046,CameraRotation,349.0595,264.5495,0.8519882,CurrentState,End,Slider,51,Scenario,3
ID,26,Time,993.2509,DronePosition,-110.2394,59.26447,-107.379,0,CameraPosition,-103.1484,1.781268,-107.5026,CameraRotation,349.0033,264.7675,0.6489218,CurrentState,End,Slider,51,Scenario,3
ID,26,Time,993.2647,DronePosition,-110.2394,59.26447,-107.379,0,CameraPosition,-103.1477,1.78138,-107.5003,CameraRotation,348.975,265.0616,0.3842203,CurrentState,End,Slider,51,Scenario,3
ID,26,Time,993.2785,DronePosition,-110.2394,59.26447,-107.379,0,CameraPosition,-103.1471,1.781425,-107.498,CameraRotation,348.9951,265.405,0.1036577,CurrentState,End,Slider,51,Scenario,3
ID,26,Time,993.2924,DronePosition,-110.2394,59.26447,-107.379,0,CameraPosition,-103.1465,1.781404,-107.4955,CameraRotation,349.0246,265.8209,359.7799,CurrentState,End,Slider,51,Scenario,3
ID,26,Time,993.3063,DronePosition,-110.2394,59.26447,-107.379,0,CameraPosition,-103.146,1.781412,-107.493,CameraRotation,349.0183,266.2272,359.4586,CurrentState,End,Slider,51,Scenario,3
ID,26,Time,993.3208,DronePosition,-110.2394,59.26447,-107.379,0,CameraPosition,-103.1455,1.781464,-107.4903,CameraRotation,348.976,266.6907,359.1118,CurrentState,End,Slider,51,Scenario,3
ID,26,Time,993.3345,DronePosition,-110.2394,59.26447,-107.379,0,CameraPosition,-103.1451,1.781525,-107.4876,CameraRotation,348.886,267.1897,358.7727,CurrentState,End,Slider,51,Scenario,3
ID,26,Time,993.3484,DronePosition,-110.2394,59.26447,-107.379,0,CameraPosition,-103.1447,1.781561,-107.485,CameraRotation,348.8118,267.7026,358.4287,CurrentState,End,Slider,51,Scenario,3
ID,26,Time,993.3623,DronePosition,-110.2394,59.26447,-107.379,0,CameraPosition,-103.1443,1.781482,-107.4823,CameraRotation,348.7653,268.2715,358.0512,CurrentState,End,Slider,51,Scenario,3
ID,26,Time,993.3759,DronePosition,-110.2394,59.26447,-107.379,0,CameraPosition,-103.144,1.78131,-107.4795,CameraRotation,348.7649,268.8873,357.654,CurrentState,End,Slider,51,Scenario,3
ID,26,Time,993.39,DronePosition,-110.2394,59.26447,-107.379,0,CameraPosition,-103.1437,1.781084,-107.4769,CameraRotation,348.8068,269.5237,357.2768,CurrentState,End,Slider,51,Scenario,3
ID,26,Time,993.4037,DronePosition,-110.2394,59.26447,-107.379,0,CameraPosition,-103.1435,1.780775,-107.4742,CameraRotation,348.8828,270.1968,356.9117,CurrentState,End,Slider,51,Scenario,3
ID,26,Time,993.4177,DronePosition,-110.2394,59.26447,-107.379,0,CameraPosition,-103.1432,1.78046,-107.4715,CameraRotation,348.961,270.8719,356.5588,CurrentState,End,Slider,51,Scenario,3
ID,26,Time,993.4318,DronePosition,-110.2394,59.26447,-107.379,0,CameraPosition,-103.1429,1.780147,-107.469,CameraRotation,349.0232,271.5611,356.1933,CurrentState,End,Slider,51,Scenario,3
ID,26,Time,993.4459,DronePosition,-110.2394,59.26447,-107.379,0,CameraPosition,-103.1427,1.779826,-107.4665,CameraRotation,349.0992,272.2458,355.8376,CurrentState,End,Slider,51,Scenario,3
ID,26,Time,993.4596,DronePosition,-110.2394,59.26447,-107.379,0,CameraPosition,-103.1425,1.779559,-107.4641,CameraRotation,349.2104,272.9084,355.477,CurrentState,End,Slider,51,Scenario,3
ID,26,Time,993.4735,DronePosition,-110.2394,59.26447,-107.379,0,CameraPosition,-103.1423,1.779295,-107.4618,CameraRotation,349.3347,273.5343,355.1309,CurrentState,End,Slider,51,Scenario,3
ID,26,Time,993.4875,DronePosition,-110.2394,59.26447,-107.379,0,CameraPosition,-103.1421,1.779058,-107.4596,CameraRotation,349.4546,274.1349,354.8157,CurrentState,End,Slider,51,Scenario,3
ID,26,Time,993.5016,DronePosition,-110.2394,59.26447,-107.379,0,CameraPosition,-103.142,1.778808,-107.4576,CameraRotation,349.548,274.6811,354.5171,CurrentState,End,Slider,51,Scenario,3
ID,26,Time,993.5156,DronePosition,-110.2394,59.26447,-107.379,0,CameraPosition,-103.1418,1.778569,-107.4558,CameraRotation,349.638,275.1958,354.2177,CurrentState,End,Slider,51,Scenario,3
ID,26,Time,993.5294,DronePosition,-110.2394,59.26447,-107.379,0,CameraPosition,-103.1417,1.778331,-107.454,CameraRotation,349.7527,275.6699,353.9085,CurrentState,End,Slider,51,Scenario,3
ID,26,Time,993.5436,DronePosition,-110.2394,59.26447,-107.379,0,CameraPosition,-103.1417,1.778126,-107.4524,CameraRotation,349.863,276.1613,353.6001,CurrentState,End,Slider,51,Scenario,3
ID,26,Time,993.5571,DronePosition,-110.2394,59.26447,-107.379,0,CameraPosition,-103.1417,1.777973,-107.4508,CameraRotation,349.9415,276.6375,353.332,CurrentState,End,Slider,51,Scenario,3
ID,26,Time,993.571,DronePosition,-110.2394,59.26447,-107.379,0,CameraPosition,-103.1416,1.777858,-107.4494,CameraRotation,350.0005,277.1009,353.1352,CurrentState,End,Slider,51,Scenario,3
ID,26,Time,993.585,DronePosition,-110.2394,59.26447,-107.379,0,CameraPosition,-103.1415,1.777744,-107.448,CameraRotation,350.0536,277.5378,352.9571,CurrentState,End,Slider,51,Scenario,3
ID,26,Time,993.5991,DronePosition,-110.2394,59.26447,-107.379,0,CameraPosition,-103.1415,1.777636,-107.4469,CameraRotation,350.1252,277.8921,352.7923,CurrentState,End,Slider,51,Scenario,3
ID,26,Time,993.613,DronePosition,-110.2394,59.26447,-107.379,0,CameraPosition,-103.1415,1.777518,-107.4459,CameraRotation,350.2082,278.2132,352.6109,CurrentState,End,Slider,51,Scenario,3
ID,26,Time,993.6277,DronePosition,-110.2394,59.26447,-107.379,0,CameraPosition,-103.1415,1.777373,-107.4449,CameraRotation,350.2892,278.5092,352.4301,CurrentState,End,Slider,51,Scenario,3
ID,26,Time,993.6411,DronePosition,-110.2394,59.26447,-107.379,0,CameraPosition,-103.1416,1.777205,-107.4442,CameraRotation,350.3871,278.7684,352.2665,CurrentState,End,Slider,51,Scenario,3
ID,26,Time,993.6547,DronePosition,-110.2394,59.26447,-107.379,0,CameraPosition,-103.1416,1.777003,-107.4435,CameraRotation,350.5008,279.0123,352.1308,CurrentState,End,Slider,51,Scenario,3
ID,26,Time,993.6686,DronePosition,-110.2394,59.26447,-107.379,0,CameraPosition,-103.1416,1.776825,-107.4429,CameraRotation,350.6185,279.2454,352.0131,CurrentState,End,Slider,51,Scenario,3
ID,26,Time,993.6824,DronePosition,-110.2394,59.26447,-107.379,0,CameraPosition,-103.1417,1.7767,-107.4425,CameraRotation,350.7252,279.4355,351.9482,CurrentState,End,Slider,51,Scenario,3
ID,26,Time,993.6964,DronePosition,-110.2394,59.26447,-107.379,0,CameraPosition,-103.1418,1.776702,-107.4421,CameraRotation,350.7993,279.6181,351.9279,CurrentState,End,Slider,51,Scenario,3
ID,26,Time,993.7104,DronePosition,-110.2394,59.26447,-107.379,0,CameraPosition,-103.142,1.77675,-107.4418,CameraRotation,350.8372,279.8055,351.9151,CurrentState,End,Slider,51,Scenario,3
ID,26,Time,993.7244,DronePosition,-110.2394,59.26447,-107.379,0,CameraPosition,-103.1421,1.776814,-107.4417,CameraRotation,350.8709,279.9537,351.9333,CurrentState,End,Slider,51,Scenario,3
ID,26,Time,993.7383,DronePosition,-110.2394,59.26447,-107.379,0,CameraPosition,-103.1423,1.776846,-107.4417,CameraRotation,350.921,280.0953,351.9301,CurrentState,End,Slider,51,Scenario,3
ID,26,Time,993.7527,DronePosition,-110.2394,59.26447,-107.379,0,CameraPosition,-103.1425,1.776899,-107.4417,CameraRotation,350.9547,280.2007,351.9499,CurrentState,End,Slider,51,Scenario,3
ID,26,Time,993.7662,DronePosition,-110.2394,59.26447,-107.379,0,CameraPosition,-103.1428,1.77698,-107.4419,CameraRotation,350.9613,280.2932,351.9897,CurrentState,End,Slider,51,Scenario,3
ID,26,Time,993.7803,DronePosition,-110.2394,59.26447,-107.379,0,CameraPosition,-103.1431,1.777087,-107.4421,CameraRotation,350.9617,280.3596,352.0641,CurrentState,End,Slider,51,Scenario,3
ID,26,Time,993.7938,DronePosition,-110.2394,59.26447,-107.379,0,CameraPosition,-103.1435,1.77728,-107.4424,CameraRotation,350.9333,280.3569,352.1905,CurrentState,End,Slider,51,Scenario,3
ID,26,Time,993.8078,DronePosition,-110.2394,59.26447,-107.379,0,CameraPosition,-103.1439,1.777527,-107.4428,CameraRotation,350.8465,280.2794,352.3339,CurrentState,End,Slider,51,Scenario,3
ID,26,Time,993.8217,DronePosition,-110.2394,59.26447,-107.379,0,CameraPosition,-103.1444,1.777747,-107.4432,CameraRotation,350.7524,280.1725,352.4635,CurrentState,End,Slider,51,Scenario,3
ID,26,Time,993.8357,DronePosition,-110.2394,59.26447,-107.379,0,CameraPosition,-103.1449,1.777926,-107.4438,CameraRotation,350.6808,279.9807,352.6023,CurrentState,End,Slider,51,Scenario,3
ID,26,Time,993.8496,DronePosition,-110.2394,59.26447,-107.379,0,CameraPosition,-103.1453,1.778019,-107.4444,CameraRotation,350.6631,279.8034,352.718,CurrentState,End,Slider,51,Scenario,3
ID,26,Time,993.8635,DronePosition,-110.2394,59.26447,-107.379,0,CameraPosition,-103.1459,1.778016,-107.4451,CameraRotation,350.6782,279.5784,352.8486,CurrentState,End,Slider,51,Scenario,3
ID,26,Time,993.8773,DronePosition,-110.2394,59.26447,-107.379,0,CameraPosition,-103.1465,1.777994,-107.4457,CameraRotation,350.7193,279.326,352.9918,CurrentState,End,Slider,51,Scenario,3
ID,26,Time,993.8913,DronePosition,-110.2394,59.26447,-107.379,0,CameraPosition,-103.1471,1.778011,-107.4464,CameraRotation,350.7423,279.0792,353.1489,CurrentState,End,Slider,51,Scenario,3
ID,26,Time,993.9052,DronePosition,-110.2394,59.26447,-107.379,0,CameraPosition,-103.1477,1.778072,-107.4471,CameraRotation,350.7419,278.8131,353.2999,CurrentState,End,Slider,51,Scenario,3
ID,26,Time,993.9193,DronePosition,-110.2394,59.26447,-107.379,0,CameraPosition,-103.1484,1.77817,-107.4479,CameraRotation,350.7324,278.5833,353.434,CurrentState,End,Slider,51,Scenario,3
ID,26,Time,993.9333,DronePosition,-110.2394,59.26447,-107.379,0,CameraPosition,-103.149,1.778256,-107.4485,CameraRotation,350.7306,278.3793,353.5847,CurrentState,End,Slider,51,Scenario,3
ID,26,Time,993.9469,DronePosition,-110.2394,59.26447,-107.379,0,CameraPosition,-103.1497,1.77832,-107.4492,CameraRotation,350.7384,278.1898,353.7299,CurrentState,End,Slider,51,Scenario,3
ID,26,Time,993.9614,DronePosition,-110.2394,59.26447,-107.379,0,CameraPosition,-103.1503,1.778386,-107.4498,CameraRotation,350.7457,278.0119,353.88,CurrentState,End,Slider,51,Scenario,3
ID,26,Time,993.9749,DronePosition,-110.2394,59.26447,-107.379,0,CameraPosition,-103.151,1.778485,-107.4504,CameraRotation,350.7482,277.8419,354.0322,CurrentState,End,Slider,51,Scenario,3
ID,26,Time,993.9888,DronePosition,-110.2394,59.26447,-107.379,0,CameraPosition,-103.1517,1.778591,-107.4511,CameraRotation,350.7487,277.6837,354.1888,CurrentState,End,Slider,51,Scenario,3
ID,26,Time,994.0032,DronePosition,-110.2394,59.26447,-107.379,0,CameraPosition,-103.1524,1.778678,-107.4517,CameraRotation,350.7536,277.5175,354.3224,CurrentState,End,Slider,51,Scenario,3
ID,26,Time,994.0168,DronePosition,-110.2394,59.26447,-107.379,0,CameraPosition,-103.153,1.778758,-107.4524,CameraRotation,350.7695,277.3506,354.446,CurrentState,End,Slider,51,Scenario,3
ID,26,Time,994.0306,DronePosition,-110.2394,59.26447,-107.379,0,CameraPosition,-103.1536,1.778809,-107.453,CameraRotation,350.7747,277.1588,354.5595,CurrentState,End,Slider,51,Scenario,3
ID,26,Time,994.0447,DronePosition,-110.2394,59.26447,-107.379,0,CameraPosition,-103.1542,1.778834,-107.4537,CameraRotation,350.7729,276.9628,354.6676,CurrentState,End,Slider,51,Scenario,3
ID,26,Time,994.0583,DronePosition,-110.2394,59.26447,-107.379,0,CameraPosition,-103.1548,1.778865,-107.4543,CameraRotation,350.8027,276.756,354.7696,CurrentState,End,Slider,51,Scenario,3
ID,26,Time,994.0723,DronePosition,-110.2394,59.26447,-107.379,0,CameraPosition,-103.1554,1.778883,-107.4549,CameraRotation,350.8305,276.5656,354.8393,CurrentState,End,Slider,51,Scenario,3
ID,26,Time,994.0862,DronePosition,-110.2394,59.26447,-107.379,0,CameraPosition,-103.156,1.778921,-107.4555,CameraRotation,350.8377,276.3859,354.9034,CurrentState,End,Slider,51,Scenario,3
ID,26,Time,994.1003,DronePosition,-110.2394,59.26447,-107.379,0,CameraPosition,-103.1566,1.779008,-107.4561,CameraRotation,350.8123,276.2034,354.9791,CurrentState,End,Slider,51,Scenario,3
ID,26,Time,994.1145,DronePosition,-110.2394,59.26447,-107.379,0,CameraPosition,-103.1572,1.779182,-107.4567,CameraRotation,350.727,276.0214,355.0563,CurrentState,End,Slider,51,Scenario,3
ID,26,Time,994.1285,DronePosition,-110.2394,59.26447,-107.379,0,CameraPosition,-103.1577,1.779408,-107.4573,CameraRotation,350.6305,275.8535,355.1536,CurrentState,End,Slider,51,Scenario,3
ID,26,Time,994.143,DronePosition,-110.2394,59.26447,-107.379,0,CameraPosition,-103.1583,1.779682,-107.4578,CameraRotation,350.5264,275.7114,355.2487,CurrentState,End,Slider,51,Scenario,3
ID,26,Time,994.1557,DronePosition,-110.2394,59.26447,-107.379,0,CameraPosition,-103.1588,1.779974,-107.4583,CameraRotation,350.4455,275.567,355.3399,CurrentState,End,Slider,51,Scenario,3
ID,26,Time,994.1703,DronePosition,-110.2394,59.26447,-107.379,0,CameraPosition,-103.1593,1.780293,-107.4589,CameraRotation,350.3535,275.4161,355.4364,CurrentState,End,Slider,51,Scenario,3
ID,26,Time,994.1837,DronePosition,-110.2394,59.26447,-107.379,0,CameraPosition,-103.1599,1.780654,-107.4595,CameraRotation,350.2094,275.2231,355.5454,CurrentState,End,Slider,51,Scenario,3
ID,26,Time,994.1975,DronePosition,-110.2394,59.26447,-107.379,0,CameraPosition,-103.1604,1.781093,-107.4602,CameraRotation,349.9962,274.9848,355.6706,CurrentState,End,Slider,51,Scenario,3
ID,26,Time,994.2115,DronePosition,-110.2394,59.26447,-107.379,0,CameraPosition,-103.1609,1.781604,-107.4609,CameraRotation,349.7563,274.7102,355.8181,CurrentState,End,Slider,51,Scenario,3
ID,26,Time,994.2253,DronePosition,-110.2394,59.26447,-107.379,0,CameraPosition,-103.1614,1.782239,-107.4617,CameraRotation,349.4239,274.4049,355.9969,CurrentState,End,Slider,51,Scenario,3
ID,26,Time,994.2392,DronePosition,-110.2394,59.26447,-107.379,0,CameraPosition,-103.1619,1.782933,-107.4625,CameraRotation,349.0017,274.1101,356.189,CurrentState,End,Slider,51,Scenario,3
ID,26,Time,994.2531,DronePosition,-110.2394,59.26447,-107.379,0,CameraPosition,-103.1624,1.783555,-107.4633,CameraRotation,348.5885,273.8411,356.3805,CurrentState,End,Slider,51,Scenario,3
ID,26,Time,994.2671,DronePosition,-110.2394,59.26447,-107.379,0,CameraPosition,-103.1628,1.784093,-107.4641,CameraRotation,348.1743,273.5642,356.5751,CurrentState,End,Slider,51,Scenario,3
ID,26,Time,994.2809,DronePosition,-110.2394,59.26447,-107.379,0,CameraPosition,-103.1632,1.784554,-107.465,CameraRotation,347.8099,273.2545,356.7582,CurrentState,End,Slider,51,Scenario,3
ID,26,Time,994.2951,DronePosition,-110.2394,59.26447,-107.379,0,CameraPosition,-103.1635,1.785036,-107.4659,CameraRotation,347.4657,272.9215,356.9373,CurrentState,End,Slider,51,Scenario,3
ID,26,Time,994.3089,DronePosition,-110.2394,59.26447,-107.379,0,CameraPosition,-103.1639,1.785492,-107.4668,CameraRotation,347.102,272.5639,357.1403,CurrentState,End,Slider,51,Scenario,3
ID,26,Time,994.3229,DronePosition,-110.2394,59.26447,-107.379,0,CameraPosition,-103.1642,1.785925,-107.4678,CameraRotation,346.727,272.1927,357.3369,CurrentState,End,Slider,51,Scenario,3
ID,26,Time,994.3369,DronePosition,-110.2394,59.26447,-107.379,0,CameraPosition,-103.1645,1.786241,-107.4688,CameraRotation,346.3513,271.7876,357.5276,CurrentState,End,Slider,51,Scenario,3
ID,26,Time,994.3506,DronePosition,-110.2394,59.26447,-107.379,0,CameraPosition,-103.1647,1.786368,-107.4698,CameraRotation,346.026,271.3531,357.7246,CurrentState,End,Slider,51,Scenario,3
ID,26,Time,994.3645,DronePosition,-110.2394,59.26447,-107.379,0,CameraPosition,-103.165,1.786403,-107.4709,CameraRotation,345.7425,270.9207,357.8974,CurrentState,End,Slider,51,Scenario,3
ID,26,Time,994.3787,DronePosition,-110.2394,59.26447,-107.379,0,CameraPosition,-103.1653,1.786443,-107.4719,CameraRotation,345.5062,270.4972,358.0601,CurrentState,End,Slider,51,Scenario,3
ID,26,Time,994.3921,DronePosition,-110.2394,59.26447,-107.379,0,CameraPosition,-103.1656,1.786464,-107.473,CameraRotation,345.2407,270.0979,358.2167,CurrentState,End,Slider,51,Scenario,3
ID,26,Time,994.4063,DronePosition,-110.2394,59.26447,-107.379,0,CameraPosition,-103.1658,1.786467,-107.474,CameraRotation,344.9563,269.6862,358.3862,CurrentState,End,Slider,51,Scenario,3
ID,26,Time,994.4201,DronePosition,-110.2394,59.26447,-107.379,0,CameraPosition,-103.1661,1.786441,-107.4751,CameraRotation,344.6869,269.2868,358.5636,CurrentState,End,Slider,51,Scenario,3
ID,26,Time,994.4341,DronePosition,-110.2394,59.26447,-107.379,0,CameraPosition,-103.1663,1.786363,-107.4761,CameraRotation,344.4544,268.8943,358.737,CurrentState,End,Slider,51,Scenario,3
ID,26,Time,994.4479,DronePosition,-110.2394,59.26447,-107.379,0,CameraPosition,-103.1665,1.786288,-107.4771,CameraRotation,344.2435,268.5024,358.9154,CurrentState,End,Slider,51,Scenario,3
ID,26,Time,994.4622,DronePosition,-110.2394,59.26447,-107.379,0,CameraPosition,-103.1668,1.7862,-107.4781,CameraRotation,343.9913,268.1016,359.1284,CurrentState,End,Slider,51,Scenario,3
ID,26,Time,994.476,DronePosition,-110.2394,59.26447,-107.379,0,CameraPosition,-103.167,1.786118,-107.4791,CameraRotation,343.7513,267.7002,359.3106,CurrentState,End,Slider,51,Scenario,3
ID,26,Time,994.4898,DronePosition,-110.2394,59.26447,-107.379,0,CameraPosition,-103.1672,1.785997,-107.4801,CameraRotation,343.5298,267.3212,359.4459,CurrentState,End,Slider,51,Scenario,3
ID,26,Time,994.5035,DronePosition,-110.2394,59.26447,-107.379,0,CameraPosition,-103.1674,1.78584,-107.4811,CameraRotation,343.3483,266.9596,359.5555,CurrentState,End,Slider,51,Scenario,3
ID,26,Time,994.5179,DronePosition,-110.2394,59.26447,-107.379,0,CameraPosition,-103.1675,1.785666,-107.482,CameraRotation,343.1804,266.6216,359.6471,CurrentState,End,Slider,51,Scenario,3
ID,26,Time,994.5317,DronePosition,-110.2394,59.26447,-107.379,0,CameraPosition,-103.1678,1.785475,-107.4829,CameraRotation,343.0332,266.2947,359.7167,CurrentState,End,Slider,51,Scenario,3
ID,26,Time,994.5455,DronePosition,-110.2394,59.26447,-107.379,0,CameraPosition,-103.1681,1.785201,-107.4838,CameraRotation,342.9233,266.01,359.7481,CurrentState,End,Slider,51,Scenario,3
ID,26,Time,994.5595,DronePosition,-110.2394,59.26447,-107.379,0,CameraPosition,-103.1683,1.784883,-107.4846,CameraRotation,342.8645,265.7481,359.7809,CurrentState,End,Slider,51,Scenario,3
ID,26,Time,994.5734,DronePosition,-110.2394,59.26447,-107.379,0,CameraPosition,-103.1686,1.784459,-107.4853,CameraRotation,342.8864,265.5429,359.7975,CurrentState,End,Slider,51,Scenario,3
ID,26,Time,994.5876,DronePosition,-110.2394,59.26447,-107.379,0,CameraPosition,-103.1689,1.784048,-107.4859,CameraRotation,342.9335,265.3813,359.8036,CurrentState,End,Slider,51,Scenario,3
ID,26,Time,994.6013,DronePosition,-110.2394,59.26447,-107.379,0,CameraPosition,-103.1692,1.783666,-107.4864,CameraRotation,343.0382,265.3309,359.7809,CurrentState,End,Slider,51,Scenario,3
ID,26,Time,994.6152,DronePosition,-110.2394,59.26447,-107.379,0,CameraPosition,-103.1696,1.783445,-107.4868,CameraRotation,343.182,265.4069,359.7322,CurrentState,End,Slider,51,Scenario,3
ID,26,Time,994.6296,DronePosition,-110.2394,59.26447,-107.379,0,CameraPosition,-103.17,1.783552,-107.487,CameraRotation,343.2569,265.5566,359.7442,CurrentState,End,Slider,51,Scenario,3
ID,26,Time,994.6432,DronePosition,-110.2394,59.26447,-107.379,0,CameraPosition,-103.1704,1.783852,-107.4873,CameraRotation,343.1828,265.6782,359.7753,CurrentState,End,Slider,51,Scenario,3
ID,26,Time,994.6568,DronePosition,-110.2394,59.26447,-107.379,0,CameraPosition,-103.1707,1.784275,-107.4875,CameraRotation,343.0508,265.7955,359.7613,CurrentState,End,Slider,51,Scenario,3
ID,26,Time,994.6708,DronePosition,-110.2394,59.26447,-107.379,0,CameraPosition,-103.1711,1.784576,-107.4877,CameraRotation,343.01,265.8965,359.7233,CurrentState,End,Slider,51,Scenario,3
ID,26,Time,994.6848,DronePosition,-110.2394,59.26447,-107.379,0,CameraPosition,-103.1714,1.784739,-107.4879,CameraRotation,343.0464,266.0159,359.6914,CurrentState,End,Slider,51,Scenario,3
ID,26,Time,994.6985,DronePosition,-110.2394,59.26447,-107.379,0,CameraPosition,-103.1719,1.784806,-107.488,CameraRotation,343.104,266.1644,359.6415,CurrentState,End,Slider,51,Scenario,3
ID,26,Time,994.7127,DronePosition,-110.2394,59.26447,-107.379,0,CameraPosition,-103.1723,1.784883,-107.4882,CameraRotation,343.1266,266.3086,359.593,CurrentState,End,Slider,51,Scenario,3
ID,26,Time,994.7265,DronePosition,-110.2394,59.26447,-107.379,0,CameraPosition,-103.1727,1.784959,-107.4883,CameraRotation,343.068,266.4205,359.5757,CurrentState,End,Slider,51,Scenario,3
ID,26,Time,994.7404,DronePosition,-110.2394,59.26447,-107.379,0,CameraPosition,-103.1731,1.785003,-107.4885,CameraRotation,343.0016,266.5046,359.5757,CurrentState,End,Slider,51,Scenario,3
ID,26,Time,994.7543,DronePosition,-110.2394,59.26447,-107.379,0,CameraPosition,-103.1735,1.784987,-107.4886,CameraRotation,342.9687,266.5786,359.556,CurrentState,End,Slider,51,Scenario,3
ID,26,Time,994.7682,DronePosition,-110.2394,59.26447,-107.379,0,CameraPosition,-103.1739,1.784864,-107.4888,CameraRotation,342.9734,266.6327,359.533,CurrentState,End,Slider,51,Scenario,3
ID,26,Time,994.7823,DronePosition,-110.2394,59.26447,-107.379,0,CameraPosition,-103.1742,1.78468,-107.4889,CameraRotation,342.9879,266.676,359.5179,CurrentState,End,Slider,51,Scenario,3
ID,26,Time,994.7964,DronePosition,-110.2394,59.26447,-107.379,0,CameraPosition,-103.1746,1.784491,-107.4891,CameraRotation,342.9854,266.7144,359.4881,CurrentState,End,Slider,51,Scenario,3
ID,26,Time,994.8101,DronePosition,-110.2394,59.26447,-107.379,0,CameraPosition,-103.175,1.784269,-107.4892,CameraRotation,342.9695,266.7365,359.4539,CurrentState,End,Slider,51,Scenario,3
ID,26,Time,994.824,DronePosition,-110.2394,59.26447,-107.379,0,CameraPosition,-103.1752,1.784086,-107.4893,CameraRotation,342.9603,266.7793,359.4151,CurrentState,End,Slider,51,Scenario,3
ID,26,Time,994.838,DronePosition,-110.2394,59.26447,-107.379,0,CameraPosition,-103.1755,1.78392,-107.4894,CameraRotation,342.9572,266.8635,359.3777,CurrentState,End,Slider,51,Scenario,3
ID,26,Time,994.8518,DronePosition,-110.2394,59.26447,-107.379,0,CameraPosition,-103.1758,1.783749,-107.4894,CameraRotation,342.9565,266.9765,359.3401,CurrentState,End,Slider,51,Scenario,3
ID,26,Time,994.8658,DronePosition,-110.2394,59.26447,-107.379,0,CameraPosition,-103.1762,1.783617,-107.4893,CameraRotation,342.9719,267.1378,359.3187,CurrentState,End,Slider,51,Scenario,3
ID,26,Time,994.8798,DronePosition,-110.2394,59.26447,-107.379,0,CameraPosition,-103.1765,1.783478,-107.4892,CameraRotation,342.9637,267.2859,359.2983,CurrentState,End,Slider,51,Scenario,3
ID,26,Time,994.8936,DronePosition,-110.2394,59.26447,-107.379,0,CameraPosition,-103.1768,1.783289,-107.4891,CameraRotation,342.9702,267.4186,359.2563,CurrentState,End,Slider,51,Scenario,3
ID,26,Time,994.9074,DronePosition,-110.2394,59.26447,-107.379,0,CameraPosition,-103.1771,1.783039,-107.489,CameraRotation,343.0133,267.5581,359.1998,CurrentState,End,Slider,51,Scenario,3
ID,26,Time,994.9214,DronePosition,-110.2394,59.26447,-107.379,0,CameraPosition,-103.1774,1.782783,-107.4889,CameraRotation,343.0714,267.7023,359.1346,CurrentState,End,Slider,51,Scenario,3
ID,26,Time,994.9355,DronePosition,-110.2394,59.26447,-107.379,0,CameraPosition,-103.1777,1.782557,-107.4888,CameraRotation,343.0815,267.838,359.088,CurrentState,End,Slider,51,Scenario,3
ID,26,Time,994.9493,DronePosition,-110.2394,59.26447,-107.379,0,CameraPosition,-103.178,1.782381,-107.4887,CameraRotation,343.0425,267.9547,359.0389,CurrentState,End,Slider,51,Scenario,3
ID,26,Time,994.9634,DronePosition,-110.2394,59.26447,-107.379,0,CameraPosition,-103.1784,1.782251,-107.4886,CameraRotation,343.0007,268.0612,358.9913,CurrentState,End,Slider,51,Scenario,3
ID,26,Time,994.9772,DronePosition,-110.2394,59.26447,-107.379,0,CameraPosition,-103.1786,1.782181,-107.4884,CameraRotation,342.9563,268.1623,358.9362,CurrentState,End,Slider,51,Scenario,3
ID,26,Time,994.991,DronePosition,-110.2394,59.26447,-107.379,0,CameraPosition,-103.1789,1.782138,-107.4883,CameraRotation,342.9445,268.2476,358.8962,CurrentState,End,Slider,51,Scenario,3
ID,26,Time,995.0054,DronePosition,-110.2394,59.26447,-107.379,0,CameraPosition,-103.1792,1.782055,-107.4882,CameraRotation,342.9411,268.3336,358.842,CurrentState,End,Slider,51,Scenario,3
ID,26,Time,995.0192,DronePosition,-110.2394,59.26447,-107.379,0,CameraPosition,-103.1795,1.781922,-107.4881,CameraRotation,342.9843,268.407,358.7969,CurrentState,End,Slider,51,Scenario,3
ID,26,Time,995.0328,DronePosition,-110.2394,59.26447,-107.379,0,CameraPosition,-103.1798,1.781777,-107.4881,CameraRotation,343.0538,268.485,358.7592,CurrentState,End,Slider,51,Scenario,3
ID,26,Time,995.0468,DronePosition,-110.2394,59.26447,-107.379,0,CameraPosition,-103.1801,1.781708,-107.488,CameraRotation,343.1005,268.5692,358.7205,CurrentState,End,Slider,51,Scenario,3
ID,26,Time,995.0607,DronePosition,-110.2394,59.26447,-107.379,0,CameraPosition,-103.1804,1.781769,-107.4879,CameraRotation,343.0822,268.6749,358.6823,CurrentState,End,Slider,51,Scenario,3
ID,26,Time,995.0746,DronePosition,-110.2394,59.26447,-107.379,0,CameraPosition,-103.1807,1.781896,-107.4877,CameraRotation,343.0428,268.7841,358.6447,CurrentState,End,Slider,51,Scenario,3
ID,26,Time,995.0886,DronePosition,-110.2394,59.26447,-107.379,0,CameraPosition,-103.181,1.78196,-107.4877,CameraRotation,343.0298,268.9076,358.6104,CurrentState,End,Slider,51,Scenario,3
ID,26,Time,995.1026,DronePosition,-110.2394,59.26447,-107.379,0,CameraPosition,-103.1813,1.781985,-107.4875,CameraRotation,343.0583,269.0257,358.5815,CurrentState,End,Slider,51,Scenario,3
ID,26,Time,995.1167,DronePosition,-110.2394,59.26447,-107.379,0,CameraPosition,-103.1816,1.781978,-107.4874,CameraRotation,343.105,269.1436,358.5576,CurrentState,End,Slider,51,Scenario,3
ID,26,Time,995.1304,DronePosition,-110.2394,59.26447,-107.379,0,CameraPosition,-103.1819,1.78198,-107.4873,CameraRotation,343.1518,269.2597,358.5331,CurrentState,End,Slider,51,Scenario,3
ID,26,Time,995.1442,DronePosition,-110.2394,59.26447,-107.379,0,CameraPosition,-103.1821,1.782009,-107.4872,CameraRotation,343.1889,269.3633,358.4965,CurrentState,End,Slider,51,Scenario,3
ID,26,Time,995.158,DronePosition,-110.2394,59.26447,-107.379,0,CameraPosition,-103.1824,1.782055,-107.487,CameraRotation,343.2119,269.4682,358.4364,CurrentState,End,Slider,51,Scenario,3
ID,26,Time,995.1722,DronePosition,-110.2394,59.26447,-107.379,0,CameraPosition,-103.1827,1.782097,-107.4869,CameraRotation,343.2416,269.5659,358.3602,CurrentState,End,Slider,51,Scenario,3
ID,26,Time,995.1862,DronePosition,-110.2394,59.26447,-107.379,0,CameraPosition,-103.183,1.782144,-107.4868,CameraRotation,343.2768,269.6522,358.3193,CurrentState,End,Slider,51,Scenario,3
ID,26,Time,995.1999,DronePosition,-110.2394,59.26447,-107.379,0,CameraPosition,-103.1833,1.782216,-107.4867,CameraRotation,343.3057,269.7269,358.3102,CurrentState,End,Slider,51,Scenario,3
ID,26,Time,995.2146,DronePosition,-110.2394,59.26447,-107.379,0,CameraPosition,-103.1836,1.782268,-107.4867,CameraRotation,343.2934,269.7961,358.3187,CurrentState,End,Slider,51,Scenario,3
ID,26,Time,995.2278,DronePosition,-110.2394,59.26447,-107.379,0,CameraPosition,-103.184,1.782261,-107.4866,CameraRotation,343.2571,269.8606,358.3296,CurrentState,End,Slider,51,Scenario,3
ID,26,Time,995.2416,DronePosition,-110.2394,59.26447,-107.379,0,CameraPosition,-103.1844,1.782166,-107.4865,CameraRotation,343.2232,269.9255,358.331,CurrentState,End,Slider,51,Scenario,3
ID,26,Time,995.2556,DronePosition,-110.2394,59.26447,-107.379,0,CameraPosition,-103.1847,1.781992,-107.4864,CameraRotation,343.2189,269.9818,358.3466,CurrentState,End,Slider,51,Scenario,3
ID,26,Time,995.2695,DronePosition,-110.2394,59.26447,-107.379,0,CameraPosition,-103.1852,1.781772,-107.4864,CameraRotation,343.2252,270.025,358.3667,CurrentState,End,Slider,51,Scenario,3
ID,26,Time,995.2833,DronePosition,-110.2394,59.26447,-107.379,0,CameraPosition,-103.1855,1.781551,-107.4863,CameraRotation,343.2185,270.0493,358.3967,CurrentState,End,Slider,51,Scenario,3
ID,26,Time,995.2975,DronePosition,-110.2394,59.26447,-107.379,0,CameraPosition,-103.186,1.781313,-107.4862,CameraRotation,343.2173,270.0693,358.4287,CurrentState,End,Slider,51,Scenario,3
ID,26,Time,995.3113,DronePosition,-110.2394,59.26447,-107.379,0,CameraPosition,-103.1864,1.781116,-107.4861,CameraRotation,343.2614,270.0851,358.4407,CurrentState,End,Slider,51,Scenario,3
ID,26,Time,995.3251,DronePosition,-110.2394,59.26447,-107.379,0,CameraPosition,-103.1868,1.780983,-107.486,CameraRotation,343.2974,270.1061,358.4409,CurrentState,End,Slider,51,Scenario,3
ID,26,Time,995.3391,DronePosition,-110.2394,59.26447,-107.379,0,CameraPosition,-103.1873,1.780934,-107.4858,CameraRotation,343.2937,270.1164,358.4391,CurrentState,End,Slider,51,Scenario,3
ID,26,Time,995.3531,DronePosition,-110.2394,59.26447,-107.379,0,CameraPosition,-103.1877,1.780959,-107.4857,CameraRotation,343.3076,270.1279,358.4551,CurrentState,End,Slider,51,Scenario,3
ID,26,Time,995.367,DronePosition,-110.2394,59.26447,-107.379,0,CameraPosition,-103.1882,1.780964,-107.4856,CameraRotation,343.3503,270.1287,358.4687,CurrentState,End,Slider,51,Scenario,3
ID,26,Time,995.381,DronePosition,-110.2394,59.26447,-107.379,0,CameraPosition,-103.1887,1.780906,-107.4855,CameraRotation,343.4515,270.1137,358.458,CurrentState,End,Slider,51,Scenario,3
ID,26,Time,995.3948,DronePosition,-110.2394,59.26447,-107.379,0,CameraPosition,-103.1892,1.780765,-107.4854,CameraRotation,343.6064,270.1122,358.4089,CurrentState,End,Slider,51,Scenario,3
ID,26,Time,995.4086,DronePosition,-110.2394,59.26447,-107.379,0,CameraPosition,-103.1896,1.780601,-107.4852,CameraRotation,343.7826,270.1147,358.3614,CurrentState,End,Slider,51,Scenario,3
ID,26,Time,995.423,DronePosition,-110.2394,59.26447,-107.379,0,CameraPosition,-103.1901,1.78044,-107.4851,CameraRotation,343.9617,270.1165,358.3332,CurrentState,End,Slider,51,Scenario,3
ID,26,Time,995.4366,DronePosition,-110.2394,59.26447,-107.379,0,CameraPosition,-103.1905,1.780354,-107.4849,CameraRotation,344.1297,270.1286,358.3194,CurrentState,End,Slider,51,Scenario,3
ID,26,Time,995.4504,DronePosition,-110.2394,59.26447,-107.379,0,CameraPosition,-103.1909,1.780343,-107.4848,CameraRotation,344.2708,270.1651,358.3134,CurrentState,End,Slider,51,Scenario,3
ID,26,Time,995.4644,DronePosition,-110.2394,59.26447,-107.379,0,CameraPosition,-103.1913,1.780365,-107.4846,CameraRotation,344.3998,270.2269,358.3025,CurrentState,End,Slider,51,Scenario,3
ID,26,Time,995.4783,DronePosition,-110.2394,59.26447,-107.379,0,CameraPosition,-103.1917,1.78031,-107.4844,CameraRotation,344.5324,270.2855,358.3085,CurrentState,End,Slider,51,Scenario,3
ID,26,Time,995.4924,DronePosition,-110.2394,59.26447,-107.379,0,CameraPosition,-103.192,1.780168,-107.4842,CameraRotation,344.6965,270.3547,358.315,CurrentState,End,Slider,51,Scenario,3
ID,26,Time,995.5061,DronePosition,-110.2394,59.26447,-107.379,0,CameraPosition,-103.1922,1.779995,-107.484,CameraRotation,344.864,270.4107,358.3242,CurrentState,End,Slider,51,Scenario,3
ID,26,Time,995.5201,DronePosition,-110.2394,59.26447,-107.379,0,CameraPosition,-103.1925,1.779809,-107.4838,CameraRotation,344.9947,270.457,358.3224,CurrentState,End,Slider,51,Scenario,3
ID,26,Time,995.5341,DronePosition,-110.2394,59.26447,-107.379,0,CameraPosition,-103.1927,1.779603,-107.4837,CameraRotation,345.086,270.4987,358.3032,CurrentState,End,Slider,51,Scenario,3
ID,26,Time,995.5479,DronePosition,-110.2394,59.26447,-107.379,0,CameraPosition,-103.193,1.779378,-107.4835,CameraRotation,345.145,270.5223,358.274,CurrentState,End,Slider,51,Scenario,3
ID,26,Time,995.5618,DronePosition,-110.2394,59.26447,-107.379,0,CameraPosition,-103.1932,1.779153,-107.4833,CameraRotation,345.1967,270.5447,358.2346,CurrentState,End,Slider,51,Scenario,3
ID,26,Time,995.5757,DronePosition,-110.2394,59.26447,-107.379,0,CameraPosition,-103.1934,1.778904,-107.4831,CameraRotation,345.2266,270.5518,358.2076,CurrentState,End,Slider,51,Scenario,3
ID,26,Time,995.5897,DronePosition,-110.2394,59.26447,-107.379,0,CameraPosition,-103.1935,1.778676,-107.4829,CameraRotation,345.2589,270.5489,358.1765,CurrentState,End,Slider,51,Scenario,3
ID,26,Time,995.6036,DronePosition,-110.2394,59.26447,-107.379,0,CameraPosition,-103.1937,1.778473,-107.4827,CameraRotation,345.2824,270.5422,358.1453,CurrentState,End,Slider,51,Scenario,3
ID,26,Time,995.6176,DronePosition,-110.2394,59.26447,-107.379,0,CameraPosition,-103.1938,1.778286,-107.4824,CameraRotation,345.296,270.5396,358.1128,CurrentState,End,Slider,51,Scenario,3
ID,26,Time,995.6318,DronePosition,-110.2394,59.26447,-107.379,0,CameraPosition,-103.194,1.778136,-107.4822,CameraRotation,345.3194,270.5388,358.0993,CurrentState,End,Slider,51,Scenario,3
ID,26,Time,995.6458,DronePosition,-110.2394,59.26447,-107.379,0,CameraPosition,-103.194,1.778013,-107.482,CameraRotation,345.3528,270.5438,358.0946,CurrentState,End,Slider,51,Scenario,3
ID,26,Time,995.6592,DronePosition,-110.2394,59.26447,-107.379,0,CameraPosition,-103.1941,1.777917,-107.4817,CameraRotation,345.3853,270.551,358.0871,CurrentState,End,Slider,51,Scenario,3
ID,26,Time,995.6731,DronePosition,-110.2394,59.26447,-107.379,0,CameraPosition,-103.1942,1.777845,-107.4815,CameraRotation,345.4316,270.5684,358.0867,CurrentState,End,Slider,51,Scenario,3
ID,26,Time,995.6871,DronePosition,-110.2394,59.26447,-107.379,0,CameraPosition,-103.1943,1.777817,-107.4813,CameraRotation,345.4787,270.5848,358.1055,CurrentState,End,Slider,51,Scenario,3
ID,26,Time,995.7009,DronePosition,-110.2394,59.26447,-107.379,0,CameraPosition,-103.1943,1.777807,-107.4811,CameraRotation,345.5138,270.5991,358.1393,CurrentState,End,Slider,51,Scenario,3
ID,26,Time,995.7148,DronePosition,-110.2394,59.26447,-107.379,0,CameraPosition,-103.1944,1.777826,-107.4809,CameraRotation,345.5361,270.6002,358.1709,CurrentState,End,Slider,51,Scenario,3
ID,26,Time,995.729,DronePosition,-110.2394,59.26447,-107.379,0,CameraPosition,-103.1944,1.777897,-107.4807,CameraRotation,345.5539,270.5997,358.199,CurrentState,End,Slider,51,Scenario,3
ID,26,Time,995.7427,DronePosition,-110.2394,59.26447,-107.379,0,CameraPosition,-103.1943,1.777963,-107.4805,CameraRotation,345.556,270.6004,358.2143,CurrentState,End,Slider,51,Scenario,3
ID,26,Time,995.7568,DronePosition,-110.2394,59.26447,-107.379,0,CameraPosition,-103.1942,1.778032,-107.4803,CameraRotation,345.5469,270.5804,358.2265,CurrentState,End,Slider,51,Scenario,3
ID,26,Time,995.7706,DronePosition,-110.2394,59.26447,-107.379,0,CameraPosition,-103.1941,1.778098,-107.4801,CameraRotation,345.5011,270.5566,358.249,CurrentState,End,Slider,51,Scenario,3
ID,26,Time,995.7847,DronePosition,-110.2394,59.26447,-107.379,0,CameraPosition,-103.194,1.778114,-107.4799,CameraRotation,345.4454,270.5219,358.2713,CurrentState,End,Slider,51,Scenario,3
ID,26,Time,995.7987,DronePosition,-110.2394,59.26447,-107.379,0,CameraPosition,-103.1938,1.778118,-107.4797,CameraRotation,345.4152,270.4821,358.3054,CurrentState,End,Slider,51,Scenario,3
ID,26,Time,995.8124,DronePosition,-110.2394,59.26447,-107.379,0,CameraPosition,-103.1937,1.778162,-107.4794,CameraRotation,345.3882,270.4449,358.3424,CurrentState,End,Slider,51,Scenario,3
ID,26,Time,995.8263,DronePosition,-110.2394,59.26447,-107.379,0,CameraPosition,-103.1935,1.778246,-107.4792,CameraRotation,345.3417,270.429,358.3589,CurrentState,End,Slider,51,Scenario,3
ID,26,Time,995.8406,DronePosition,-110.2394,59.26447,-107.379,0,CameraPosition,-103.1933,1.778351,-107.479,CameraRotation,345.2702,270.4227,358.3666,CurrentState,End,Slider,51,Scenario,3
ID,26,Time,995.8543,DronePosition,-110.2394,59.26447,-107.379,0,CameraPosition,-103.1931,1.778475,-107.4787,CameraRotation,345.1814,270.4339,358.3809,CurrentState,End,Slider,51,Scenario,3
ID,26,Time,995.868,DronePosition,-110.2394,59.26447,-107.379,0,CameraPosition,-103.193,1.778595,-107.4785,CameraRotation,345.1111,270.4513,358.4205,CurrentState,End,Slider,51,Scenario,3
ID,26,Time,995.882,DronePosition,-110.2394,59.26447,-107.379,0,CameraPosition,-103.1928,1.778687,-107.4783,CameraRotation,345.0358,270.4698,358.4683,CurrentState,End,Slider,51,Scenario,3
ID,26,Time,995.896,DronePosition,-110.2394,59.26447,-107.379,0,CameraPosition,-103.1926,1.778757,-107.4781,CameraRotation,344.9697,270.4888,358.5287,CurrentState,End,Slider,51,Scenario,3
ID,26,Time,995.9099,DronePosition,-110.2394,59.26447,-107.379,0,CameraPosition,-103.1923,1.7788,-107.4778,CameraRotation,344.926,270.5075,358.5688,CurrentState,End,Slider,51,Scenario,3
ID,26,Time,995.9238,DronePosition,-110.2394,59.26447,-107.379,0,CameraPosition,-103.1921,1.778815,-107.4776,CameraRotation,344.8871,270.5277,358.5959,CurrentState,End,Slider,51,Scenario,3
ID,26,Time,995.9377,DronePosition,-110.2394,59.26447,-107.379,0,CameraPosition,-103.1919,1.778835,-107.4773,CameraRotation,344.8453,270.5428,358.5868,CurrentState,End,Slider,51,Scenario,3
ID,26,Time,995.9516,DronePosition,-110.2394,59.26447,-107.379,0,CameraPosition,-103.1916,1.778877,-107.477,CameraRotation,344.8091,270.5407,358.5859,CurrentState,End,Slider,51,Scenario,3
ID,26,Time,995.9656,DronePosition,-110.2394,59.26447,-107.379,0,CameraPosition,-103.1914,1.778926,-107.4768,CameraRotation,344.7846,270.5277,358.5816,CurrentState,End,Slider,51,Scenario,3
ID,26,Time,995.9796,DronePosition,-110.2394,59.26447,-107.379,0,CameraPosition,-103.1912,1.778966,-107.4765,CameraRotation,344.7725,270.5168,358.5778,CurrentState,End,Slider,51,Scenario,3
ID,26,Time,995.9935,DronePosition,-110.2394,59.26447,-107.379,0,CameraPosition,-103.191,1.778987,-107.4762,CameraRotation,344.7752,270.5127,358.5706,CurrentState,End,Slider,51,Scenario,3
ID,26,Time,996.0076,DronePosition,-110.2394,59.26447,-107.379,0,CameraPosition,-103.1907,1.778953,-107.476,CameraRotation,344.7969,270.5266,358.5619,CurrentState,End,Slider,51,Scenario,3
ID,26,Time,996.0212,DronePosition,-110.2394,59.26447,-107.379,0,CameraPosition,-103.1906,1.778817,-107.4757,CameraRotation,344.8581,270.5653,358.5557,CurrentState,End,Slider,51,Scenario,3
ID,26,Time,996.0352,DronePosition,-110.2394,59.26447,-107.379,0,CameraPosition,-103.1904,1.778685,-107.4755,CameraRotation,344.9153,270.6246,358.5556,CurrentState,End,Slider,51,Scenario,3
ID,26,Time,996.0496,DronePosition,-110.2394,59.26447,-107.379,0,CameraPosition,-103.1902,1.778616,-107.4751,CameraRotation,344.9388,270.6939,358.5425,CurrentState,End,Slider,51,Scenario,3
ID,26,Time,996.063,DronePosition,-110.2394,59.26447,-107.379,0,CameraPosition,-103.1901,1.778613,-107.4748,CameraRotation,344.9146,270.7713,358.5246,CurrentState,End,Slider,51,Scenario,3
ID,26,Time,996.0771,DronePosition,-110.2394,59.26447,-107.379,0,CameraPosition,-103.1899,1.778616,-107.4744,CameraRotation,344.8878,270.8386,358.5004,CurrentState,End,Slider,51,Scenario,3
ID,26,Time,996.0909,DronePosition,-110.2394,59.26447,-107.379,0,CameraPosition,-103.1897,1.778635,-107.474,CameraRotation,344.8905,270.9148,358.4859,CurrentState,End,Slider,51,Scenario,3
ID,26,Time,996.105,DronePosition,-110.2394,59.26447,-107.379,0,CameraPosition,-103.1895,1.778648,-107.4737,CameraRotation,344.9001,270.9846,358.4731,CurrentState,End,Slider,51,Scenario,3
ID,26,Time,996.1188,DronePosition,-110.2394,59.26447,-107.379,0,CameraPosition,-103.1893,1.778643,-107.4733,CameraRotation,344.9067,271.0479,358.4673,CurrentState,End,Slider,51,Scenario,3
ID,26,Time,996.1328,DronePosition,-110.2394,59.26447,-107.379,0,CameraPosition,-103.1891,1.778633,-107.473,CameraRotation,344.939,271.1186,358.4367,CurrentState,End,Slider,51,Scenario,3
ID,26,Time,996.1469,DronePosition,-110.2394,59.26447,-107.379,0,CameraPosition,-103.1889,1.77858,-107.4727,CameraRotation,344.9784,271.1845,358.4072,CurrentState,End,Slider,51,Scenario,3
ID,26,Time,996.1605,DronePosition,-110.2394,59.26447,-107.379,0,CameraPosition,-103.1887,1.778537,-107.4723,CameraRotation,345.0327,271.2441,358.3663,CurrentState,End,Slider,51,Scenario,3
ID,26,Time,996.1746,DronePosition,-110.2394,59.26447,-107.379,0,CameraPosition,-103.1886,1.778496,-107.4721,CameraRotation,345.0413,271.3071,358.3312,CurrentState,End,Slider,51,Scenario,3
ID,26,Time,996.1885,DronePosition,-110.2394,59.26447,-107.379,0,CameraPosition,-103.1884,1.77847,-107.4718,CameraRotation,345.0242,271.3533,358.2972,CurrentState,End,Slider,51,Scenario,3
ID,26,Time,996.2025,DronePosition,-110.2394,59.26447,-107.379,0,CameraPosition,-103.1883,1.778443,-107.4715,CameraRotation,345.023,271.4008,358.2612,CurrentState,End,Slider,51,Scenario,3
ID,26,Time,996.2162,DronePosition,-110.2394,59.26447,-107.379,0,CameraPosition,-103.1881,1.778403,-107.4713,CameraRotation,345.0532,271.4279,358.2283,CurrentState,End,Slider,51,Scenario,3
ID,26,Time,996.2303,DronePosition,-110.2394,59.26447,-107.379,0,CameraPosition,-103.188,1.778346,-107.471,CameraRotation,345.085,271.4614,358.1826,CurrentState,End,Slider,51,Scenario,3
ID,26,Time,996.2442,DronePosition,-110.2394,59.26447,-107.379,0,CameraPosition,-103.1878,1.77829,-107.4708,CameraRotation,345.1291,271.4957,358.1185,CurrentState,End,Slider,51,Scenario,3
ID,26,Time,996.2582,DronePosition,-110.2394,59.26447,-107.379,0,CameraPosition,-103.1877,1.778267,-107.4705,CameraRotation,345.1754,271.5316,358.0716,CurrentState,End,Slider,51,Scenario,3
ID,26,Time,996.2719,DronePosition,-110.2394,59.26447,-107.379,0,CameraPosition,-103.1876,1.778279,-107.4703,CameraRotation,345.2149,271.5754,358.0242,CurrentState,End,Slider,51,Scenario,3
ID,26,Time,996.2861,DronePosition,-110.2394,59.26447,-107.379,0,CameraPosition,-103.1874,1.778282,-107.4701,CameraRotation,345.2474,271.6208,357.9869,CurrentState,End,Slider,51,Scenario,3
ID,26,Time,996.2997,DronePosition,-110.2394,59.26447,-107.379,0,CameraPosition,-103.1873,1.778285,-107.4699,CameraRotation,345.28,271.674,357.9499,CurrentState,End,Slider,51,Scenario,3
ID,26,Time,996.3136,DronePosition,-110.2394,59.26447,-107.379,0,CameraPosition,-103.1872,1.778266,-107.4698,CameraRotation,345.3152,271.7335,357.9172,CurrentState,End,Slider,51,Scenario,3
ID,26,Time,996.3277,DronePosition,-110.2394,59.26447,-107.379,0,CameraPosition,-103.1871,1.778209,-107.4696,CameraRotation,345.3668,271.7926,357.8843,CurrentState,End,Slider,51,Scenario,3
ID,26,Time,996.3414,DronePosition,-110.2394,59.26447,-107.379,0,CameraPosition,-103.187,1.778127,-107.4696,CameraRotation,345.4411,271.8429,357.8598,CurrentState,End,Slider,51,Scenario,3
ID,26,Time,996.3555,DronePosition,-110.2394,59.26447,-107.379,0,CameraPosition,-103.187,1.778057,-107.4696,CameraRotation,345.4995,271.8966,357.8465,CurrentState,End,Slider,51,Scenario,3
ID,26,Time,996.3694,DronePosition,-110.2394,59.26447,-107.379,0,CameraPosition,-103.1869,1.77803,-107.4696,CameraRotation,345.5332,271.9225,357.8369,CurrentState,End,Slider,51,Scenario,3
ID,26,Time,996.3835,DronePosition,-110.2394,59.26447,-107.379,0,CameraPosition,-103.1867,1.778035,-107.4696,CameraRotation,345.544,271.9457,357.8353,CurrentState,End,Slider,51,Scenario,3
ID,26,Time,996.3973,DronePosition,-110.2394,59.26447,-107.379,0,CameraPosition,-103.1866,1.778064,-107.4696,CameraRotation,345.5355,271.9459,357.8407,CurrentState,End,Slider,51,Scenario,3
ID,26,Time,996.4112,DronePosition,-110.2394,59.26447,-107.379,0,CameraPosition,-103.1865,1.778084,-107.4697,CameraRotation,345.5275,271.9439,357.8355,CurrentState,End,Slider,51,Scenario,3
ID,26,Time,996.4251,DronePosition,-110.2394,59.26447,-107.379,0,CameraPosition,-103.1863,1.778109,-107.4697,CameraRotation,345.5298,271.9226,357.8233,CurrentState,End,Slider,51,Scenario,3
ID,26,Time,996.439,DronePosition,-110.2394,59.26447,-107.379,0,CameraPosition,-103.1862,1.778134,-107.4698,CameraRotation,345.5302,271.903,357.827,CurrentState,End,Slider,51,Scenario,3
ID,26,Time,996.4531,DronePosition,-110.2394,59.26447,-107.379,0,CameraPosition,-103.186,1.778108,-107.4699,CameraRotation,345.5335,271.8701,357.8451,CurrentState,End,Slider,51,Scenario,3
ID,26,Time,996.4677,DronePosition,-110.2394,59.26447,-107.379,0,CameraPosition,-103.1858,1.778074,-107.47,CameraRotation,345.5639,271.8339,357.851,CurrentState,End,Slider,51,Scenario,3
ID,26,Time,996.4811,DronePosition,-110.2394,59.26447,-107.379,0,CameraPosition,-103.1856,1.778032,-107.4701,CameraRotation,345.5913,271.7998,357.85,CurrentState,End,Slider,51,Scenario,3
ID,26,Time,996.4947,DronePosition,-110.2394,59.26447,-107.379,0,CameraPosition,-103.1855,1.778,-107.4702,CameraRotation,345.588,271.7878,357.8199,CurrentState,End,Slider,51,Scenario,3
ID,26,Time,996.5085,DronePosition,-110.2394,59.26447,-107.379,0,CameraPosition,-103.1853,1.777988,-107.4704,CameraRotation,345.5692,271.8029,357.7683,CurrentState,End,Slider,51,Scenario,3
ID,26,Time,996.5225,DronePosition,-110.2394,59.26447,-107.379,0,CameraPosition,-103.1852,1.777986,-107.4705,CameraRotation,345.5464,271.8109,357.7386,CurrentState,End,Slider,51,Scenario,3
ID,26,Time,996.5366,DronePosition,-110.2394,59.26447,-107.379,0,CameraPosition,-103.185,1.778016,-107.4706,CameraRotation,345.5496,271.8351,357.7505,CurrentState,End,Slider,51,Scenario,3
ID,26,Time,996.5504,DronePosition,-110.2394,59.26447,-107.379,0,CameraPosition,-103.1848,1.778023,-107.4707,CameraRotation,345.5592,271.8474,357.7702,CurrentState,End,Slider,51,Scenario,3
ID,26,Time,996.5645,DronePosition,-110.2394,59.26447,-107.379,0,CameraPosition,-103.1846,1.778007,-107.4709,CameraRotation,345.5927,271.8576,357.7895,CurrentState,End,Slider,51,Scenario,3
ID,26,Time,996.5785,DronePosition,-110.2394,59.26447,-107.379,0,CameraPosition,-103.1844,1.777988,-107.4711,CameraRotation,345.6454,271.8658,357.784,CurrentState,End,Slider,51,Scenario,3
ID,26,Time,996.5922,DronePosition,-110.2394,59.26447,-107.379,0,CameraPosition,-103.1842,1.777966,-107.4713,CameraRotation,345.6944,271.8761,357.7795,CurrentState,End,Slider,51,Scenario,3
ID,26,Time,996.606,DronePosition,-110.2394,59.26447,-107.379,0,CameraPosition,-103.1841,1.777947,-107.4715,CameraRotation,345.7389,271.8767,357.7823,CurrentState,End,Slider,51,Scenario,3
ID,26,Time,996.6201,DronePosition,-110.2394,59.26447,-107.379,0,CameraPosition,-103.1838,1.777926,-107.4716,CameraRotation,345.7758,271.86,357.8085,CurrentState,End,Slider,51,Scenario,3
ID,26,Time,996.6342,DronePosition,-110.2394,59.26447,-107.379,0,CameraPosition,-103.1836,1.777924,-107.4718,CameraRotation,345.7885,271.836,357.8341,CurrentState,End,Slider,51,Scenario,3
ID,26,Time,996.6478,DronePosition,-110.2394,59.26447,-107.379,0,CameraPosition,-103.1834,1.777908,-107.472,CameraRotation,345.7981,271.8272,357.8525,CurrentState,End,Slider,51,Scenario,3
ID,26,Time,996.6621,DronePosition,-110.2394,59.26447,-107.379,0,CameraPosition,-103.1832,1.777889,-107.4722,CameraRotation,345.8328,271.8085,357.8572,CurrentState,End,Slider,51,Scenario,3
ID,26,Time,996.676,DronePosition,-110.2394,59.26447,-107.379,0,CameraPosition,-103.183,1.777817,-107.4724,CameraRotation,345.8521,271.8062,357.8656,CurrentState,End,Slider,51,Scenario,3
ID,26,Time,996.6897,DronePosition,-110.2394,59.26447,-107.379,0,CameraPosition,-103.1828,1.777779,-107.4726,CameraRotation,345.902,271.8049,357.885,CurrentState,End,Slider,51,Scenario,3
ID,26,Time,996.7035,DronePosition,-110.2394,59.26447,-107.379,0,CameraPosition,-103.1826,1.777752,-107.4728,CameraRotation,345.9237,271.7876,357.9442,CurrentState,End,Slider,51,Scenario,3
ID,26,Time,996.7175,DronePosition,-110.2394,59.26447,-107.379,0,CameraPosition,-103.1823,1.777775,-107.473,CameraRotation,345.9155,271.7722,358.0007,CurrentState,End,Slider,51,Scenario,3
ID,26,Time,996.7316,DronePosition,-110.2394,59.26447,-107.379,0,CameraPosition,-103.1821,1.777798,-107.4732,CameraRotation,345.8905,271.7525,358.0197,CurrentState,End,Slider,51,Scenario,3
ID,26,Time,996.7455,DronePosition,-110.2394,59.26447,-107.379,0,CameraPosition,-103.1819,1.777858,-107.4734,CameraRotation,345.8723,271.7453,358.0239,CurrentState,End,Slider,51,Scenario,3
ID,26,Time,996.7591,DronePosition,-110.2394,59.26447,-107.379,0,CameraPosition,-103.1817,1.777933,-107.4736,CameraRotation,345.8728,271.7315,358.0261,CurrentState,End,Slider,51,Scenario,3
ID,26,Time,996.7732,DronePosition,-110.2394,59.26447,-107.379,0,CameraPosition,-103.1814,1.777948,-107.4737,CameraRotation,345.8634,271.7238,358.0388,CurrentState,End,Slider,51,Scenario,3
ID,26,Time,996.7871,DronePosition,-110.2394,59.26447,-107.379,0,CameraPosition,-103.1812,1.777947,-107.4738,CameraRotation,345.8668,271.7046,358.04,CurrentState,End,Slider,51,Scenario,3
ID,26,Time,996.801,DronePosition,-110.2394,59.26447,-107.379,0,CameraPosition,-103.181,1.777925,-107.4739,CameraRotation,345.8787,271.6983,358.0411,CurrentState,End,Slider,51,Scenario,3
ID,26,Time,996.8149,DronePosition,-110.2394,59.26447,-107.379,0,CameraPosition,-103.1808,1.777891,-107.474,CameraRotation,345.8896,271.7125,358.0486,CurrentState,End,Slider,51,Scenario,3
ID,26,Time,996.829,DronePosition,-110.2394,59.26447,-107.379,0,CameraPosition,-103.1806,1.777854,-107.4742,CameraRotation,345.8922,271.7407,358.0467,CurrentState,End,Slider,51,Scenario,3
ID,26,Time,996.8428,DronePosition,-110.2394,59.26447,-107.379,0,CameraPosition,-103.1804,1.777857,-107.4742,CameraRotation,345.8979,271.7661,358.037,CurrentState,End,Slider,51,Scenario,3
ID,26,Time,996.8566,DronePosition,-110.2394,59.26447,-107.379,0,CameraPosition,-103.1802,1.777886,-107.4743,CameraRotation,345.8777,271.8013,358.0288,CurrentState,End,Slider,51,Scenario,3
ID,26,Time,996.8707,DronePosition,-110.2394,59.26447,-107.379,0,CameraPosition,-103.18,1.77794,-107.4743,CameraRotation,345.855,271.8347,358.0205,CurrentState,End,Slider,51,Scenario,3
ID,26,Time,996.8849,DronePosition,-110.2394,59.26447,-107.379,0,CameraPosition,-103.1798,1.777985,-107.4744,CameraRotation,345.8339,271.8654,358.0117,CurrentState,End,Slider,51,Scenario,3
ID,26,Time,996.8985,DronePosition,-110.2394,59.26447,-107.379,0,CameraPosition,-103.1797,1.778035,-107.4744,CameraRotation,345.8287,271.9069,358.0068,CurrentState,End,Slider,51,Scenario,3
ID,26,Time,996.9125,DronePosition,-110.2394,59.26447,-107.379,0,CameraPosition,-103.1796,1.778078,-107.4744,CameraRotation,345.841,271.9405,358.0006,CurrentState,End,Slider,51,Scenario,3
ID,26,Time,996.9276,DronePosition,-110.2394,59.26447,-107.379,0,CameraPosition,-103.1795,1.778114,-107.4745,CameraRotation,345.8492,271.9804,357.9933,CurrentState,End,Slider,51,Scenario,3
ID,26,Time,996.9402,DronePosition,-110.2394,59.26447,-107.379,0,CameraPosition,-103.1793,1.778157,-107.4745,CameraRotation,345.851,272.0003,358.0019,CurrentState,End,Slider,51,Scenario,3
ID,26,Time,996.954,DronePosition,-110.2394,59.26447,-107.379,0,CameraPosition,-103.1792,1.778203,-107.4746,CameraRotation,345.8398,272.0286,358.0068,CurrentState,End,Slider,51,Scenario,3
ID,26,Time,996.968,DronePosition,-110.2394,59.26447,-107.379,0,CameraPosition,-103.1791,1.778237,-107.4747,CameraRotation,345.8261,272.0345,358.0164,CurrentState,End,Slider,51,Scenario,3
ID,26,Time,996.9819,DronePosition,-110.2394,59.26447,-107.379,0,CameraPosition,-103.1791,1.778254,-107.4748,CameraRotation,345.8203,272.0392,358.0277,CurrentState,End,Slider,51,Scenario,3
ID,26,Time,996.9958,DronePosition,-110.2394,59.26447,-107.379,0,CameraPosition,-103.179,1.778268,-107.4749,CameraRotation,345.8214,272.031,358.0457,CurrentState,End,Slider,51,Scenario,3
ID,26,Time,997.0099,DronePosition,-110.2394,59.26447,-107.379,0,CameraPosition,-103.179,1.778304,-107.475,CameraRotation,345.828,272.028,358.0492,CurrentState,End,Slider,51,Scenario,3
ID,26,Time,997.0237,DronePosition,-110.2394,59.26447,-107.379,0,CameraPosition,-103.1789,1.778364,-107.4751,CameraRotation,345.8369,272.0205,358.0416,CurrentState,End,Slider,51,Scenario,3
ID,26,Time,997.0379,DronePosition,-110.2394,59.26447,-107.379,0,CameraPosition,-103.1788,1.778439,-107.4751,CameraRotation,345.8191,272.0179,358.0395,CurrentState,End,Slider,51,Scenario,3
ID,26,Time,997.0518,DronePosition,-110.2394,59.26447,-107.379,0,CameraPosition,-103.1788,1.778516,-107.4752,CameraRotation,345.815,272.0212,358.0346,CurrentState,End,Slider,51,Scenario,3
ID,26,Time,997.0656,DronePosition,-110.2394,59.26447,-107.379,0,CameraPosition,-103.1787,1.778581,-107.4752,CameraRotation,345.8289,272.0175,358.0515,CurrentState,End,Slider,51,Scenario,3
ID,26,Time,997.0795,DronePosition,-110.2394,59.26447,-107.379,0,CameraPosition,-103.1786,1.778642,-107.4753,CameraRotation,345.8625,272.0236,358.0417,CurrentState,End,Slider,51,Scenario,3
ID,26,Time,997.0938,DronePosition,-110.2394,59.26447,-107.379,0,CameraPosition,-103.1785,1.77868,-107.4753,CameraRotation,345.8712,272.0328,358.041,CurrentState,End,Slider,51,Scenario,3
ID,26,Time,997.1072,DronePosition,-110.2394,59.26447,-107.379,0,CameraPosition,-103.1784,1.778761,-107.4754,CameraRotation,345.859,272.0217,358.0441,CurrentState,End,Slider,51,Scenario,3
ID,26,Time,997.1212,DronePosition,-110.2394,59.26447,-107.379,0,CameraPosition,-103.1784,1.778862,-107.4754,CameraRotation,345.8049,272.0084,358.0619,CurrentState,End,Slider,51,Scenario,3
ID,26,Time,997.1351,DronePosition,-110.2394,59.26447,-107.379,0,CameraPosition,-103.1783,1.778961,-107.4755,CameraRotation,345.7631,271.9647,358.0947,CurrentState,End,Slider,51,Scenario,3
ID,26,Time,997.149,DronePosition,-110.2394,59.26447,-107.379,0,CameraPosition,-103.1782,1.779065,-107.4757,CameraRotation,345.7336,271.9002,358.1335,CurrentState,End,Slider,51,Scenario,3
ID,26,Time,997.1628,DronePosition,-110.2394,59.26447,-107.379,0,CameraPosition,-103.1781,1.779165,-107.4759,CameraRotation,345.6835,271.816,358.1547,CurrentState,End,Slider,51,Scenario,3
ID,26,Time,997.1768,DronePosition,-110.2394,59.26447,-107.379,0,CameraPosition,-103.178,1.779288,-107.476,CameraRotation,345.6191,271.7119,358.152,CurrentState,End,Slider,51,Scenario,3
ID,26,Time,997.1913,DronePosition,-110.2394,59.26447,-107.379,0,CameraPosition,-103.1779,1.779425,-107.4762,CameraRotation,345.5571,271.6,358.1538,CurrentState,End,Slider,51,Scenario,3
ID,26,Time,997.2047,DronePosition,-110.2394,59.26447,-107.379,0,CameraPosition,-103.1778,1.779541,-107.4764,CameraRotation,345.5104,271.4878,358.1656,CurrentState,End,Slider,51,Scenario,3
ID,26,Time,997.2187,DronePosition,-110.2394,59.26447,-107.379,0,CameraPosition,-103.1777,1.779627,-107.4766,CameraRotation,345.4761,271.3587,358.205,CurrentState,End,Slider,51,Scenario,3
ID,26,Time,997.2325,DronePosition,-110.2394,59.26447,-107.379,0,CameraPosition,-103.1775,1.779699,-107.4769,CameraRotation,345.4559,271.2194,358.2467,CurrentState,End,Slider,51,Scenario,3
ID,26,Time,997.2465,DronePosition,-110.2394,59.26447,-107.379,0,CameraPosition,-103.1774,1.779755,-107.4771,CameraRotation,345.4393,271.0602,358.2958,CurrentState,End,Slider,51,Scenario,3
ID,26,Time,997.2603,DronePosition,-110.2394,59.26447,-107.379,0,CameraPosition,-103.1773,1.779823,-107.4774,CameraRotation,345.4099,270.9046,358.35,CurrentState,End,Slider,51,Scenario,3
ID,26,Time,997.2742,DronePosition,-110.2394,59.26447,-107.379,0,CameraPosition,-103.1772,1.779898,-107.4777,CameraRotation,345.3574,270.7468,358.4036,CurrentState,End,Slider,51,Scenario,3
ID,26,Time,997.2881,DronePosition,-110.2394,59.26447,-107.379,0,CameraPosition,-103.177,1.779972,-107.4779,CameraRotation,345.3176,270.5907,358.45,CurrentState,End,Slider,51,Scenario,3
ID,26,Time,997.3022,DronePosition,-110.2394,59.26447,-107.379,0,CameraPosition,-103.1769,1.78002,-107.4782,CameraRotation,345.2992,270.4331,358.4855,CurrentState,End,Slider,51,Scenario,3
ID,26,Time,997.3163,DronePosition,-110.2394,59.26447,-107.379,0,CameraPosition,-103.1767,1.780064,-107.4785,CameraRotation,345.2888,270.2911,358.5149,CurrentState,End,Slider,51,Scenario,3
ID,26,Time,997.3301,DronePosition,-110.2394,59.26447,-107.379,0,CameraPosition,-103.1765,1.78017,-107.4787,CameraRotation,345.2736,270.1562,358.5511,CurrentState,End,Slider,51,Scenario,3
ID,26,Time,997.3439,DronePosition,-110.2394,59.26447,-107.379,0,CameraPosition,-103.1763,1.780312,-107.4789,CameraRotation,345.2427,270.0293,358.5714,CurrentState,End,Slider,51,Scenario,3
ID,26,Time,997.3577,DronePosition,-110.2394,59.26447,-107.379,0,CameraPosition,-103.1762,1.780433,-107.479,CameraRotation,345.19,269.9018,358.6094,CurrentState,End,Slider,51,Scenario,3
ID,26,Time,997.3717,DronePosition,-110.2394,59.26447,-107.379,0,CameraPosition,-103.176,1.780579,-107.4792,CameraRotation,345.1547,269.7848,358.6465,CurrentState,End,Slider,51,Scenario,3
ID,26,Time,997.3857,DronePosition,-110.2394,59.26447,-107.379,0,CameraPosition,-103.1758,1.780707,-107.4794,CameraRotation,345.0933,269.6693,358.6851,CurrentState,End,Slider,51,Scenario,3
ID,26,Time,997.3996,DronePosition,-110.2394,59.26447,-107.379,0,CameraPosition,-103.1756,1.780847,-107.4796,CameraRotation,345.0188,269.5643,358.7045,CurrentState,End,Slider,51,Scenario,3
ID,26,Time,997.4135,DronePosition,-110.2394,59.26447,-107.379,0,CameraPosition,-103.1755,1.781003,-107.4796,CameraRotation,344.9294,269.4684,358.7104,CurrentState,End,Slider,51,Scenario,3
ID,26,Time,997.4274,DronePosition,-110.2394,59.26447,-107.379,0,CameraPosition,-103.1754,1.781178,-107.4798,CameraRotation,344.8405,269.3841,358.7203,CurrentState,End,Slider,51,Scenario,3
ID,26,Time,997.4413,DronePosition,-110.2394,59.26447,-107.379,0,CameraPosition,-103.1753,1.781379,-107.4798,CameraRotation,344.7141,269.3132,358.7542,CurrentState,End,Slider,51,Scenario,3
ID,26,Time,997.4553,DronePosition,-110.2394,59.26447,-107.379,0,CameraPosition,-103.1753,1.781574,-107.4799,CameraRotation,344.5921,269.2401,358.7861,CurrentState,End,Slider,51,Scenario,3
ID,26,Time,997.4692,DronePosition,-110.2394,59.26447,-107.379,0,CameraPosition,-103.1753,1.78175,-107.4799,CameraRotation,344.4821,269.1729,358.8128,CurrentState,End,Slider,51,Scenario,3
ID,26,Time,997.4834,DronePosition,-110.2394,59.26447,-107.379,0,CameraPosition,-103.1753,1.781881,-107.48,CameraRotation,344.3914,269.1057,358.8196,CurrentState,End,Slider,51,Scenario,3
ID,26,Time,997.497,DronePosition,-110.2394,59.26447,-107.379,0,CameraPosition,-103.1754,1.782015,-107.48,CameraRotation,344.3452,269.0335,358.8189,CurrentState,End,Slider,51,Scenario,3
ID,26,Time,997.5111,DronePosition,-110.2394,59.26447,-107.379,0,CameraPosition,-103.1754,1.782105,-107.4801,CameraRotation,344.3127,268.9677,358.819,CurrentState,End,Slider,51,Scenario,3
ID,26,Time,997.5246,DronePosition,-110.2394,59.26447,-107.379,0,CameraPosition,-103.1755,1.782163,-107.4801,CameraRotation,344.3131,268.8831,358.8069,CurrentState,End,Slider,51,Scenario,3
ID,26,Time,997.5389,DronePosition,-110.2394,59.26447,-107.379,0,CameraPosition,-103.1756,1.782209,-107.4802,CameraRotation,344.3238,268.812,358.7809,CurrentState,End,Slider,51,Scenario,3
ID,26,Time,997.5527,DronePosition,-110.2394,59.26447,-107.379,0,CameraPosition,-103.1757,1.782251,-107.4803,CameraRotation,344.3256,268.7498,358.7475,CurrentState,End,Slider,51,Scenario,3
ID,26,Time,997.5666,DronePosition,-110.2394,59.26447,-107.379,0,CameraPosition,-103.1759,1.782289,-107.4803,CameraRotation,344.3113,268.6912,358.7233,CurrentState,End,Slider,51,Scenario,3
ID,26,Time,997.5806,DronePosition,-110.2394,59.26447,-107.379,0,CameraPosition,-103.1761,1.782312,-107.4804,CameraRotation,344.323,268.6414,358.709,CurrentState,End,Slider,51,Scenario,3
ID,26,Time,997.5944,DronePosition,-110.2394,59.26447,-107.379,0,CameraPosition,-103.1763,1.782312,-107.4804,CameraRotation,344.3578,268.5794,358.6954,CurrentState,End,Slider,51,Scenario,3
ID,26,Time,997.6082,DronePosition,-110.2394,59.26447,-107.379,0,CameraPosition,-103.1765,1.782241,-107.4804,CameraRotation,344.4228,268.5345,358.6714,CurrentState,End,Slider,51,Scenario,3
ID,26,Time,997.6222,DronePosition,-110.2394,59.26447,-107.379,0,CameraPosition,-103.1767,1.782135,-107.4805,CameraRotation,344.5147,268.5146,358.643,CurrentState,End,Slider,51,Scenario,3
ID,26,Time,997.6364,DronePosition,-110.2394,59.26447,-107.379,0,CameraPosition,-103.1768,1.782019,-107.4806,CameraRotation,344.6038,268.4855,358.6229,CurrentState,End,Slider,51,Scenario,3
ID,26,Time,997.6501,DronePosition,-110.2394,59.26447,-107.379,0,CameraPosition,-103.177,1.781915,-107.4806,CameraRotation,344.6983,268.4654,358.5988,CurrentState,End,Slider,51,Scenario,3
ID,26,Time,997.6642,DronePosition,-110.2394,59.26447,-107.379,0,CameraPosition,-103.1772,1.781812,-107.4806,CameraRotation,344.7753,268.4361,358.5761,CurrentState,End,Slider,51,Scenario,3
ID,26,Time,997.6781,DronePosition,-110.2394,59.26447,-107.379,0,CameraPosition,-103.1774,1.78173,-107.4807,CameraRotation,344.8363,268.4064,358.5599,CurrentState,End,Slider,51,Scenario,3
ID,26,Time,997.6921,DronePosition,-110.2394,59.26447,-107.379,0,CameraPosition,-103.1775,1.781647,-107.4807,CameraRotation,344.8926,268.3861,358.5437,CurrentState,End,Slider,51,Scenario,3
ID,26,Time,997.706,DronePosition,-110.2394,59.26447,-107.379,0,CameraPosition,-103.1776,1.781542,-107.4808,CameraRotation,344.9638,268.3734,358.5311,CurrentState,End,Slider,51,Scenario,3
ID,26,Time,997.7202,DronePosition,-110.2394,59.26447,-107.379,0,CameraPosition,-103.1776,1.781446,-107.4808,CameraRotation,345.0487,268.3569,358.5113,CurrentState,End,Slider,51,Scenario,3
ID,26,Time,997.7338,DronePosition,-110.2394,59.26447,-107.379,0,CameraPosition,-103.1777,1.781334,-107.4809,CameraRotation,345.1425,268.3461,358.4937,CurrentState,End,Slider,51,Scenario,3
ID,26,Time,997.7476,DronePosition,-110.2394,59.26447,-107.379,0,CameraPosition,-103.1777,1.781237,-107.4809,CameraRotation,345.2308,268.3366,358.473,CurrentState,End,Slider,51,Scenario,3
ID,26,Time,997.7618,DronePosition,-110.2394,59.26447,-107.379,0,CameraPosition,-103.1777,1.781144,-107.481,CameraRotation,345.2906,268.3367,358.4527,CurrentState,End,Slider,51,Scenario,3
ID,26,Time,997.7756,DronePosition,-110.2394,59.26447,-107.379,0,CameraPosition,-103.1777,1.781074,-107.481,CameraRotation,345.3495,268.3257,358.4474,CurrentState,End,Slider,51,Scenario,3
ID,26,Time,997.7894,DronePosition,-110.2394,59.26447,-107.379,0,CameraPosition,-103.1776,1.78101,-107.4811,CameraRotation,345.3916,268.3226,358.4391,CurrentState,End,Slider,51,Scenario,3
ID,26,Time,997.8033,DronePosition,-110.2394,59.26447,-107.379,0,CameraPosition,-103.1776,1.780978,-107.4812,CameraRotation,345.4259,268.3111,358.425,CurrentState,End,Slider,51,Scenario,3
ID,26,Time,997.8173,DronePosition,-110.2394,59.26447,-107.379,0,CameraPosition,-103.1775,1.780962,-107.4812,CameraRotation,345.4307,268.3056,358.4303,CurrentState,End,Slider,51,Scenario,3
ID,26,Time,997.8312,DronePosition,-110.2394,59.26447,-107.379,0,CameraPosition,-103.1773,1.780943,-107.4813,CameraRotation,345.4211,268.3106,358.4417,CurrentState,End,Slider,51,Scenario,3
ID,26,Time,997.8452,DronePosition,-110.2394,59.26447,-107.379,0,CameraPosition,-103.1772,1.7809,-107.4813,CameraRotation,345.4415,268.3077,358.4619,CurrentState,End,Slider,51,Scenario,3
ID,26,Time,997.8591,DronePosition,-110.2394,59.26447,-107.379,0,CameraPosition,-103.177,1.780922,-107.4814,CameraRotation,345.4608,268.3215,358.4694,CurrentState,End,Slider,51,Scenario,3
ID,26,Time,997.873,DronePosition,-110.2394,59.26447,-107.379,0,CameraPosition,-103.1768,1.780986,-107.4815,CameraRotation,345.4402,268.3558,358.4448,CurrentState,End,Slider,51,Scenario,3
ID,26,Time,997.887,DronePosition,-110.2394,59.26447,-107.379,0,CameraPosition,-103.1767,1.781088,-107.4815,CameraRotation,345.3885,268.3987,358.4023,CurrentState,End,Slider,51,Scenario,3
ID,26,Time,997.9006,DronePosition,-110.2394,59.26447,-107.379,0,CameraPosition,-103.1765,1.781173,-107.4815,CameraRotation,345.3246,268.4487,358.4017,CurrentState,End,Slider,51,Scenario,3
ID,26,Time,997.9147,DronePosition,-110.2394,59.26447,-107.379,0,CameraPosition,-103.1764,1.781277,-107.4816,CameraRotation,345.2728,268.4913,358.4253,CurrentState,End,Slider,51,Scenario,3
ID,26,Time,997.9299,DronePosition,-110.2394,59.26447,-107.379,0,CameraPosition,-103.1762,1.781341,-107.4816,CameraRotation,345.2334,268.5163,358.4426,CurrentState,End,Slider,51,Scenario,3
ID,26,Time,997.9425,DronePosition,-110.2394,59.26447,-107.379,0,CameraPosition,-103.1761,1.781366,-107.4817,CameraRotation,345.2047,268.5511,358.4721,CurrentState,End,Slider,51,Scenario,3
ID,26,Time,997.9564,DronePosition,-110.2394,59.26447,-107.379,0,CameraPosition,-103.1759,1.781369,-107.4817,CameraRotation,345.1877,268.5905,358.4826,CurrentState,End,Slider,51,Scenario,3
ID,26,Time,997.9702,DronePosition,-110.2394,59.26447,-107.379,0,CameraPosition,-103.1758,1.781345,-107.4818,CameraRotation,345.1802,268.6261,358.4875,CurrentState,End,Slider,51,Scenario,3
ID,26,Time,997.9841,DronePosition,-110.2394,59.26447,-107.379,0,CameraPosition,-103.1757,1.781327,-107.4818,CameraRotation,345.1954,268.6652,358.4757,CurrentState,End,Slider,51,Scenario,3
ID,26,Time,997.9982,DronePosition,-110.2394,59.26447,-107.379,0,CameraPosition,-103.1757,1.781302,-107.4819,CameraRotation,345.2007,268.681,358.4778,CurrentState,End,Slider,51,Scenario,3
ID,26,Time,998.0121,DronePosition,-110.2394,59.26447,-107.379,0,CameraPosition,-103.1756,1.781291,-107.4819,CameraRotation,345.2079,268.7063,358.4823,CurrentState,End,Slider,51,Scenario,3
ID,26,Time,998.0259,DronePosition,-110.2394,59.26447,-107.379,0,CameraPosition,-103.1755,1.781329,-107.4821,CameraRotation,345.2243,268.7201,358.4897,CurrentState,End,Slider,51,Scenario,3
ID,26,Time,998.04,DronePosition,-110.2394,59.26447,-107.379,0,CameraPosition,-103.1754,1.781375,-107.4822,CameraRotation,345.2428,268.7337,358.4862,CurrentState,End,Slider,51,Scenario,3
ID,26,Time,998.0538,DronePosition,-110.2394,59.26447,-107.379,0,CameraPosition,-103.1754,1.781346,-107.4822,CameraRotation,345.2364,268.7491,358.4911,CurrentState,End,Slider,51,Scenario,3
ID,26,Time,998.0679,DronePosition,-110.2394,59.26447,-107.379,0,CameraPosition,-103.1754,1.78132,-107.4823,CameraRotation,345.2735,268.7626,358.515,CurrentState,End,Slider,51,Scenario,3
ID,26,Time,998.0818,DronePosition,-110.2394,59.26447,-107.379,0,CameraPosition,-103.1753,1.781305,-107.4823,CameraRotation,345.2977,268.781,358.5197,CurrentState,End,Slider,51,Scenario,3
ID,26,Time,998.0957,DronePosition,-110.2394,59.26447,-107.379,0,CameraPosition,-103.1753,1.781281,-107.4824,CameraRotation,345.3112,268.7996,358.5201,CurrentState,End,Slider,51,Scenario,3
ID,26,Time,998.1097,DronePosition,-110.2394,59.26447,-107.379,0,CameraPosition,-103.1753,1.781245,-107.4824,CameraRotation,345.3332,268.8157,358.5011,CurrentState,End,Slider,51,Scenario,3
ID,26,Time,998.1234,DronePosition,-110.2394,59.26447,-107.379,0,CameraPosition,-103.1753,1.7812,-107.4825,CameraRotation,345.3634,268.8445,358.4691,CurrentState,End,Slider,51,Scenario,3
ID,26,Time,998.1377,DronePosition,-110.2394,59.26447,-107.379,0,CameraPosition,-103.1752,1.781164,-107.4825,CameraRotation,345.3972,268.8561,358.465,CurrentState,End,Slider,51,Scenario,3
ID,26,Time,998.1514,DronePosition,-110.2394,59.26447,-107.379,0,CameraPosition,-103.1752,1.781144,-107.4825,CameraRotation,345.4093,268.875,358.4688,CurrentState,End,Slider,51,Scenario,3
ID,26,Time,998.1653,DronePosition,-110.2394,59.26447,-107.379,0,CameraPosition,-103.1751,1.781134,-107.4825,CameraRotation,345.4069,268.8798,358.4771,CurrentState,End,Slider,51,Scenario,3
ID,26,Time,998.1792,DronePosition,-110.2394,59.26447,-107.379,0,CameraPosition,-103.1751,1.78115,-107.4825,CameraRotation,345.4101,268.8952,358.4792,CurrentState,End,Slider,51,Scenario,3
ID,26,Time,998.1931,DronePosition,-110.2394,59.26447,-107.379,0,CameraPosition,-103.175,1.781138,-107.4825,CameraRotation,345.4115,268.9178,358.4828,CurrentState,End,Slider,51,Scenario,3
ID,26,Time,998.2073,DronePosition,-110.2394,59.26447,-107.379,0,CameraPosition,-103.1749,1.781134,-107.4825,CameraRotation,345.429,268.92,358.4614,CurrentState,End,Slider,51,Scenario,3
ID,26,Time,998.221,DronePosition,-110.2394,59.26447,-107.379,0,CameraPosition,-103.1749,1.781128,-107.4825,CameraRotation,345.4397,268.9243,358.4453,CurrentState,End,Slider,51,Scenario,3
ID,26,Time,998.2348,DronePosition,-110.2394,59.26447,-107.379,0,CameraPosition,-103.1748,1.781132,-107.4825,CameraRotation,345.444,268.9286,358.4297,CurrentState,End,Slider,51,Scenario,3
ID,26,Time,998.2489,DronePosition,-110.2394,59.26447,-107.379,0,CameraPosition,-103.1747,1.78114,-107.4825,CameraRotation,345.4496,268.9311,358.4119,CurrentState,End,Slider,51,Scenario,3
ID,26,Time,998.2628,DronePosition,-110.2394,59.26447,-107.379,0,CameraPosition,-103.1746,1.781151,-107.4824,CameraRotation,345.4529,268.9202,358.3937,CurrentState,End,Slider,51,Scenario,3
ID,26,Time,998.2767,DronePosition,-110.2394,59.26447,-107.379,0,CameraPosition,-103.1745,1.781146,-107.4824,CameraRotation,345.4599,268.9091,358.3942,CurrentState,End,Slider,51,Scenario,3
ID,26,Time,998.2905,DronePosition,-110.2394,59.26447,-107.379,0,CameraPosition,-103.1744,1.78113,-107.4824,CameraRotation,345.4747,268.9016,358.3822,CurrentState,End,Slider,51,Scenario,3
ID,26,Time,998.3043,DronePosition,-110.2394,59.26447,-107.379,0,CameraPosition,-103.1743,1.781103,-107.4823,CameraRotation,345.481,268.8927,358.3735,CurrentState,End,Slider,51,Scenario,3
ID,26,Time,998.3184,DronePosition,-110.2394,59.26447,-107.379,0,CameraPosition,-103.1741,1.781099,-107.4823,CameraRotation,345.475,268.9012,358.3597,CurrentState,End,Slider,51,Scenario,3
ID,26,Time,998.3322,DronePosition,-110.2394,59.26447,-107.379,0,CameraPosition,-103.174,1.781101,-107.4823,CameraRotation,345.4581,268.9117,358.3561,CurrentState,End,Slider,51,Scenario,3
ID,26,Time,998.3468,DronePosition,-110.2394,59.26447,-107.379,0,CameraPosition,-103.1739,1.781129,-107.4822,CameraRotation,345.4466,268.9069,358.3601,CurrentState,End,Slider,51,Scenario,3
ID,26,Time,998.3604,DronePosition,-110.2394,59.26447,-107.379,0,CameraPosition,-103.1738,1.781164,-107.4822,CameraRotation,345.4407,268.908,358.3506,CurrentState,End,Slider,51,Scenario,3
ID,26,Time,998.3741,DronePosition,-110.2394,59.26447,-107.379,0,CameraPosition,-103.1737,1.781172,-107.4822,CameraRotation,345.4365,268.9006,358.363,CurrentState,End,Slider,51,Scenario,3
ID,26,Time,998.3879,DronePosition,-110.2394,59.26447,-107.379,0,CameraPosition,-103.1736,1.781185,-107.4822,CameraRotation,345.4367,268.8883,358.3665,CurrentState,End,Slider,51,Scenario,3
ID,26,Time,998.4019,DronePosition,-110.2394,59.26447,-107.379,0,CameraPosition,-103.1735,1.781183,-107.4822,CameraRotation,345.4341,268.8729,358.3649,CurrentState,End,Slider,51,Scenario,3
ID,26,Time,998.4158,DronePosition,-110.2394,59.26447,-107.379,0,CameraPosition,-103.1734,1.781165,-107.4822,CameraRotation,345.4318,268.8478,358.3725,CurrentState,End,Slider,51,Scenario,3
ID,26,Time,998.4298,DronePosition,-110.2394,59.26447,-107.379,0,CameraPosition,-103.1732,1.781144,-107.4822,CameraRotation,345.4354,268.8255,358.3799,CurrentState,End,Slider,51,Scenario,3
ID,26,Time,998.4438,DronePosition,-110.2394,59.26447,-107.379,0,CameraPosition,-103.1731,1.781112,-107.4822,CameraRotation,345.4372,268.7964,358.3828,CurrentState,End,Slider,51,Scenario,3
ID,26,Time,998.4575,DronePosition,-110.2394,59.26447,-107.379,0,CameraPosition,-103.173,1.781095,-107.4822,CameraRotation,345.4479,268.7813,358.3862,CurrentState,End,Slider,51,Scenario,3
ID,26,Time,998.4716,DronePosition,-110.2394,59.26447,-107.379,0,CameraPosition,-103.1729,1.781067,-107.4822,CameraRotation,345.4604,268.7596,358.4048,CurrentState,End,Slider,51,Scenario,3
ID,26,Time,998.4854,DronePosition,-110.2394,59.26447,-107.379,0,CameraPosition,-103.1727,1.781045,-107.4822,CameraRotation,345.4684,268.7455,358.4208,CurrentState,End,Slider,51,Scenario,3
ID,26,Time,998.4993,DronePosition,-110.2394,59.26447,-107.379,0,CameraPosition,-103.1726,1.781066,-107.4822,CameraRotation,345.4676,268.7336,358.4343,CurrentState,End,Slider,51,Scenario,3
ID,26,Time,998.5134,DronePosition,-110.2394,59.26447,-107.379,0,CameraPosition,-103.1725,1.781121,-107.4822,CameraRotation,345.4618,268.7477,358.4218,CurrentState,End,Slider,51,Scenario,3
ID,26,Time,998.5272,DronePosition,-110.2394,59.26447,-107.379,0,CameraPosition,-103.1723,1.781158,-107.4822,CameraRotation,345.4454,268.7502,358.4229,CurrentState,End,Slider,51,Scenario,3
ID,26,Time,998.541,DronePosition,-110.2394,59.26447,-107.379,0,CameraPosition,-103.1722,1.781199,-107.4821,CameraRotation,345.4149,268.774,358.4218,CurrentState,End,Slider,51,Scenario,3
ID,26,Time,998.5557,DronePosition,-110.2394,59.26447,-107.379,0,CameraPosition,-103.172,1.781227,-107.4821,CameraRotation,345.3726,268.782,358.429,CurrentState,End,Slider,51,Scenario,3
ID,26,Time,998.5691,DronePosition,-110.2394,59.26447,-107.379,0,CameraPosition,-103.1719,1.781243,-107.482,CameraRotation,345.3629,268.7995,358.4404,CurrentState,End,Slider,51,Scenario,3
ID,26,Time,998.5827,DronePosition,-110.2394,59.26447,-107.379,0,CameraPosition,-103.1718,1.781258,-107.4819,CameraRotation,345.3401,268.8129,358.4341,CurrentState,End,Slider,51,Scenario,3
ID,26,Time,998.597,DronePosition,-110.2394,59.26447,-107.379,0,CameraPosition,-103.1716,1.781283,-107.4819,CameraRotation,345.3105,268.8401,358.4106,CurrentState,End,Slider,51,Scenario,3
ID,26,Time,998.6107,DronePosition,-110.2394,59.26447,-107.379,0,CameraPosition,-103.1715,1.781331,-107.4818,CameraRotation,345.2796,268.8569,358.3843,CurrentState,End,Slider,51,Scenario,3
ID,26,Time,998.625,DronePosition,-110.2394,59.26447,-107.379,0,CameraPosition,-103.1714,1.78139,-107.4818,CameraRotation,345.249,268.8784,358.3948,CurrentState,End,Slider,51,Scenario,3
ID,26,Time,998.6387,DronePosition,-110.2394,59.26447,-107.379,0,CameraPosition,-103.1713,1.781459,-107.4818,CameraRotation,345.2199,268.8931,358.4157,CurrentState,End,Slider,51,Scenario,3
ID,26,Time,998.6524,DronePosition,-110.2394,59.26447,-107.379,0,CameraPosition,-103.1712,1.781512,-107.4817,CameraRotation,345.1937,268.9009,358.4438,CurrentState,End,Slider,51,Scenario,3
ID,26,Time,998.6664,DronePosition,-110.2394,59.26447,-107.379,0,CameraPosition,-103.1711,1.781553,-107.4817,CameraRotation,345.1796,268.9114,358.4663,CurrentState,End,Slider,51,Scenario,3
ID,26,Time,998.6803,DronePosition,-110.2394,59.26447,-107.379,0,CameraPosition,-103.171,1.781587,-107.4817,CameraRotation,345.1708,268.9242,358.4711,CurrentState,End,Slider,51,Scenario,3
ID,26,Time,998.6946,DronePosition,-110.2394,59.26447,-107.379,0,CameraPosition,-103.171,1.781592,-107.4817,CameraRotation,345.1592,268.9264,358.484,CurrentState,End,Slider,51,Scenario,3
ID,26,Time,998.7083,DronePosition,-110.2394,59.26447,-107.379,0,CameraPosition,-103.171,1.781588,-107.4817,CameraRotation,345.1448,268.9139,358.4793,CurrentState,End,Slider,51,Scenario,3
ID,26,Time,998.7224,DronePosition,-110.2394,59.26447,-107.379,0,CameraPosition,-103.1709,1.781569,-107.4817,CameraRotation,345.1488,268.885,358.4855,CurrentState,End,Slider,51,Scenario,3
ID,26,Time,998.7361,DronePosition,-110.2394,59.26447,-107.379,0,CameraPosition,-103.1709,1.781564,-107.4817,CameraRotation,345.1655,268.8585,358.4947,CurrentState,End,Slider,51,Scenario,3
ID,26,Time,998.7501,DronePosition,-110.2394,59.26447,-107.379,0,CameraPosition,-103.1709,1.781557,-107.4817,CameraRotation,345.1707,268.8342,358.4913,CurrentState,End,Slider,51,Scenario,3
ID,26,Time,998.7645,DronePosition,-110.2394,59.26447,-107.379,0,CameraPosition,-103.1709,1.781571,-107.4816,CameraRotation,345.1905,268.829,358.4872,CurrentState,End,Slider,51,Scenario,3
ID,26,Time,998.7782,DronePosition,-110.2394,59.26447,-107.379,0,CameraPosition,-103.1709,1.781556,-107.4816,CameraRotation,345.2034,268.8397,358.4951,CurrentState,End,Slider,51,Scenario,3
ID,26,Time,998.7921,DronePosition,-110.2394,59.26447,-107.379,0,CameraPosition,-103.1709,1.781548,-107.4815,CameraRotation,345.2409,268.8595,358.5003,CurrentState,End,Slider,51,Scenario,3
ID,26,Time,998.8058,DronePosition,-110.2394,59.26447,-107.379,0,CameraPosition,-103.1709,1.781542,-107.4814,CameraRotation,345.2506,268.8941,358.5074,CurrentState,End,Slider,51,Scenario,3
ID,26,Time,998.8195,DronePosition,-110.2394,59.26447,-107.379,0,CameraPosition,-103.1709,1.781568,-107.4814,CameraRotation,345.2426,268.925,358.499,CurrentState,End,Slider,51,Scenario,3
ID,26,Time,998.8335,DronePosition,-110.2394,59.26447,-107.379,0,CameraPosition,-103.1709,1.781595,-107.4813,CameraRotation,345.2389,268.9593,358.4732,CurrentState,End,Slider,51,Scenario,3
ID,26,Time,998.8475,DronePosition,-110.2394,59.26447,-107.379,0,CameraPosition,-103.1709,1.781598,-107.4812,CameraRotation,345.2523,268.9859,358.4526,CurrentState,End,Slider,51,Scenario,3
ID,26,Time,998.8615,DronePosition,-110.2394,59.26447,-107.379,0,CameraPosition,-103.171,1.781619,-107.4811,CameraRotation,345.2625,268.9995,358.4311,CurrentState,End,Slider,51,Scenario,3
ID,26,Time,998.8752,DronePosition,-110.2394,59.26447,-107.379,0,CameraPosition,-103.171,1.781654,-107.4811,CameraRotation,345.2657,269.0067,358.416,CurrentState,End,Slider,51,Scenario,3
ID,26,Time,998.8892,DronePosition,-110.2394,59.26447,-107.379,0,CameraPosition,-103.171,1.78166,-107.481,CameraRotation,345.2712,269.0189,358.3976,CurrentState,End,Slider,51,Scenario,3
ID,26,Time,998.9032,DronePosition,-110.2394,59.26447,-107.379,0,CameraPosition,-103.171,1.781617,-107.4809,CameraRotation,345.2889,269.0378,358.3793,CurrentState,End,Slider,51,Scenario,3
ID,26,Time,998.917,DronePosition,-110.2394,59.26447,-107.379,0,CameraPosition,-103.1711,1.781541,-107.4808,CameraRotation,345.3237,269.0604,358.3668,CurrentState,End,Slider,51,Scenario,3
ID,26,Time,998.931,DronePosition,-110.2394,59.26447,-107.379,0,CameraPosition,-103.1711,1.781484,-107.4807,CameraRotation,345.3355,269.0776,358.3523,CurrentState,End,Slider,51,Scenario,3
ID,26,Time,998.9449,DronePosition,-110.2394,59.26447,-107.379,0,CameraPosition,-103.1711,1.781437,-107.4807,CameraRotation,345.3382,269.0949,358.352,CurrentState,End,Slider,51,Scenario,3
ID,26,Time,998.9588,DronePosition,-110.2394,59.26447,-107.379,0,CameraPosition,-103.1711,1.781422,-107.4806,CameraRotation,345.3394,269.108,358.3446,CurrentState,End,Slider,51,Scenario,3
ID,26,Time,998.9733,DronePosition,-110.2394,59.26447,-107.379,0,CameraPosition,-103.1711,1.781469,-107.4805,CameraRotation,345.3373,269.1134,358.3336,CurrentState,End,Slider,51,Scenario,3
ID,26,Time,998.987,DronePosition,-110.2394,59.26447,-107.379,0,CameraPosition,-103.1712,1.78154,-107.4805,CameraRotation,345.3223,269.1235,358.3278,CurrentState,End,Slider,51,Scenario,3
ID,26,Time,999.0007,DronePosition,-110.2394,59.26447,-107.379,0,CameraPosition,-103.1712,1.781593,-107.4805,CameraRotation,345.3196,269.1324,358.3237,CurrentState,End,Slider,51,Scenario,3
ID,26,Time,999.0145,DronePosition,-110.2394,59.26447,-107.379,0,CameraPosition,-103.1712,1.781591,-107.4804,CameraRotation,345.3269,269.1439,358.3234,CurrentState,End,Slider,51,Scenario,3
ID,26,Time,999.0284,DronePosition,-110.2394,59.26447,-107.379,0,CameraPosition,-103.1712,1.781567,-107.4804,CameraRotation,345.353,269.1555,358.3257,CurrentState,End,Slider,51,Scenario,3
ID,26,Time,999.0423,DronePosition,-110.2394,59.26447,-107.379,0,CameraPosition,-103.1713,1.781534,-107.4804,CameraRotation,345.3617,269.1712,358.3174,CurrentState,End,Slider,51,Scenario,3
ID,26,Time,999.0564,DronePosition,-110.2394,59.26447,-107.379,0,CameraPosition,-103.1713,1.781515,-107.4804,CameraRotation,345.3623,269.1769,358.3132,CurrentState,End,Slider,51,Scenario,3
ID,26,Time,999.0703,DronePosition,-110.2394,59.26447,-107.379,0,CameraPosition,-103.1714,1.781498,-107.4804,CameraRotation,345.3564,269.1781,358.3362,CurrentState,End,Slider,51,Scenario,3
ID,26,Time,999.0842,DronePosition,-110.2394,59.26447,-107.379,0,CameraPosition,-103.1714,1.781507,-107.4804,CameraRotation,345.345,269.1729,358.3413,CurrentState,End,Slider,51,Scenario,3
ID,26,Time,999.098,DronePosition,-110.2394,59.26447,-107.379,0,CameraPosition,-103.1715,1.781529,-107.4804,CameraRotation,345.3333,269.1595,358.3445,CurrentState,End,Slider,51,Scenario,3
ID,26,Time,999.1119,DronePosition,-110.2394,59.26447,-107.379,0,CameraPosition,-103.1715,1.781539,-107.4804,CameraRotation,345.326,269.1377,358.3462,CurrentState,End,Slider,51,Scenario,3
ID,26,Time,999.126,DronePosition,-110.2394,59.26447,-107.379,0,CameraPosition,-103.1715,1.781528,-107.4805,CameraRotation,345.3464,269.1112,358.3405,CurrentState,End,Slider,51,Scenario,3
ID,26,Time,999.1398,DronePosition,-110.2394,59.26447,-107.379,0,CameraPosition,-103.1716,1.781484,-107.4805,CameraRotation,345.3592,269.0904,358.3294,CurrentState,End,Slider,51,Scenario,3
ID,26,Time,999.1538,DronePosition,-110.2394,59.26447,-107.379,0,CameraPosition,-103.1717,1.781444,-107.4806,CameraRotation,345.3611,269.0704,358.3173,CurrentState,End,Slider,51,Scenario,3
ID,26,Time,999.1677,DronePosition,-110.2394,59.26447,-107.379,0,CameraPosition,-103.1717,1.78143,-107.4807,CameraRotation,345.3628,269.0562,358.3102,CurrentState,End,Slider,51,Scenario,3
ID,26,Time,999.1819,DronePosition,-110.2394,59.26447,-107.379,0,CameraPosition,-103.1718,1.781436,-107.4807,CameraRotation,345.3615,269.0412,358.3088,CurrentState,End,Slider,51,Scenario,3
ID,26,Time,999.1956,DronePosition,-110.2394,59.26447,-107.379,0,CameraPosition,-103.1718,1.781433,-107.4807,CameraRotation,345.3463,269.034,358.3164,CurrentState,End,Slider,51,Scenario,3
ID,26,Time,999.2095,DronePosition,-110.2394,59.26447,-107.379,0,CameraPosition,-103.1718,1.781426,-107.4808,CameraRotation,345.3549,269.0315,358.3264,CurrentState,End,Slider,51,Scenario,3
ID,26,Time,999.2234,DronePosition,-110.2394,59.26447,-107.379,0,CameraPosition,-103.1719,1.781411,-107.4808,CameraRotation,345.3727,269.0314,358.3357,CurrentState,End,Slider,51,Scenario,3
ID,26,Time,999.2371,DronePosition,-110.2394,59.26447,-107.379,0,CameraPosition,-103.1719,1.781373,-107.4808,CameraRotation,345.3859,269.0378,358.3495,CurrentState,End,Slider,51,Scenario,3
ID,26,Time,999.2512,DronePosition,-110.2394,59.26447,-107.379,0,CameraPosition,-103.1719,1.781339,-107.4808,CameraRotation,345.4182,269.0439,358.3681,CurrentState,End,Slider,51,Scenario,3
ID,26,Time,999.2651,DronePosition,-110.2394,59.26447,-107.379,0,CameraPosition,-103.172,1.781284,-107.4808,CameraRotation,345.4457,269.0536,358.3961,CurrentState,End,Slider,51,Scenario,3
ID,26,Time,999.279,DronePosition,-110.2394,59.26447,-107.379,0,CameraPosition,-103.172,1.781263,-107.4808,CameraRotation,345.4687,269.0666,358.3948,CurrentState,End,Slider,51,Scenario,3
ID,26,Time,999.293,DronePosition,-110.2394,59.26447,-107.379,0,CameraPosition,-103.172,1.781243,-107.4808,CameraRotation,345.4652,269.0817,358.4015,CurrentState,End,Slider,51,Scenario,3
ID,26,Time,999.3068,DronePosition,-110.2394,59.26447,-107.379,0,CameraPosition,-103.172,1.781243,-107.4808,CameraRotation,345.4503,269.0996,358.407,CurrentState,End,Slider,51,Scenario,3
ID,26,Time,999.321,DronePosition,-110.2394,59.26447,-107.379,0,CameraPosition,-103.172,1.781226,-107.4808,CameraRotation,345.4306,269.0971,358.4217,CurrentState,End,Slider,51,Scenario,3
ID,26,Time,999.3347,DronePosition,-110.2394,59.26447,-107.379,0,CameraPosition,-103.172,1.781208,-107.4808,CameraRotation,345.4413,269.0926,358.4275,CurrentState,End,Slider,51,Scenario,3
ID,26,Time,999.3486,DronePosition,-110.2394,59.26447,-107.379,0,CameraPosition,-103.172,1.781199,-107.4808,CameraRotation,345.459,269.1006,358.4139,CurrentState,End,Slider,51,Scenario,3
ID,26,Time,999.3626,DronePosition,-110.2394,59.26447,-107.379,0,CameraPosition,-103.1721,1.781198,-107.4808,CameraRotation,345.4574,269.1071,358.3769,CurrentState,End,Slider,51,Scenario,3
ID,26,Time,999.3765,DronePosition,-110.2394,59.26447,-107.379,0,CameraPosition,-103.1721,1.781201,-107.4808,CameraRotation,345.4519,269.1313,358.3285,CurrentState,End,Slider,51,Scenario,3
ID,26,Time,999.3908,DronePosition,-110.2394,59.26447,-107.379,0,CameraPosition,-103.1721,1.781234,-107.4808,CameraRotation,345.4552,269.1481,358.3119,CurrentState,End,Slider,51,Scenario,3
ID,26,Time,999.4044,DronePosition,-110.2394,59.26447,-107.379,0,CameraPosition,-103.1721,1.781263,-107.4808,CameraRotation,345.4401,269.1708,358.3253,CurrentState,End,Slider,51,Scenario,3
ID,26,Time,999.4183,DronePosition,-110.2394,59.26447,-107.379,0,CameraPosition,-103.1721,1.781305,-107.4808,CameraRotation,345.4341,269.1923,358.3427,CurrentState,End,Slider,51,Scenario,3
ID,26,Time,999.4322,DronePosition,-110.2394,59.26447,-107.379,0,CameraPosition,-103.1722,1.781325,-107.4808,CameraRotation,345.4267,269.2375,358.3473,CurrentState,End,Slider,51,Scenario,3
ID,26,Time,999.446,DronePosition,-110.2394,59.26447,-107.379,0,CameraPosition,-103.1722,1.781301,-107.4808,CameraRotation,345.4302,269.278,358.3634,CurrentState,End,Slider,51,Scenario,3
ID,26,Time,999.4601,DronePosition,-110.2394,59.26447,-107.379,0,CameraPosition,-103.1722,1.781285,-107.4809,CameraRotation,345.4469,269.3126,358.3616,CurrentState,End,Slider,51,Scenario,3
ID,26,Time,999.4739,DronePosition,-110.2394,59.26447,-107.379,0,CameraPosition,-103.1723,1.781267,-107.4809,CameraRotation,345.4496,269.3265,358.3745,CurrentState,End,Slider,51,Scenario,3
ID,26,Time,999.4879,DronePosition,-110.2394,59.26447,-107.379,0,CameraPosition,-103.1723,1.781273,-107.481,CameraRotation,345.4525,269.3359,358.3904,CurrentState,End,Slider,51,Scenario,3
ID,26,Time,999.5018,DronePosition,-110.2394,59.26447,-107.379,0,CameraPosition,-103.1723,1.781275,-107.4811,CameraRotation,345.4469,269.3277,358.404,CurrentState,End,Slider,51,Scenario,3
ID,26,Time,999.5157,DronePosition,-110.2394,59.26447,-107.379,0,CameraPosition,-103.1723,1.781285,-107.4811,CameraRotation,345.4536,269.3168,358.4119,CurrentState,End,Slider,51,Scenario,3
ID,26,Time,999.5298,DronePosition,-110.2394,59.26447,-107.379,0,CameraPosition,-103.1724,1.781284,-107.4812,CameraRotation,345.4581,269.3101,358.424,CurrentState,End,Slider,51,Scenario,3
ID,26,Time,999.5436,DronePosition,-110.2394,59.26447,-107.379,0,CameraPosition,-103.1724,1.781298,-107.4812,CameraRotation,345.4637,269.3031,358.4362,CurrentState,End,Slider,51,Scenario,3
ID,26,Time,999.5574,DronePosition,-110.2394,59.26447,-107.379,0,CameraPosition,-103.1725,1.781326,-107.4812,CameraRotation,345.4807,269.2964,358.4596,CurrentState,End,Slider,51,Scenario,3
ID,26,Time,999.5712,DronePosition,-110.2394,59.26447,-107.379,0,CameraPosition,-103.1725,1.781331,-107.4813,CameraRotation,345.4729,269.2964,358.4685,CurrentState,End,Slider,51,Scenario,3
ID,26,Time,999.5853,DronePosition,-110.2394,59.26447,-107.379,0,CameraPosition,-103.1726,1.781334,-107.4813,CameraRotation,345.4833,269.307,358.4537,CurrentState,End,Slider,51,Scenario,3
ID,26,Time,999.5996,DronePosition,-110.2394,59.26447,-107.379,0,CameraPosition,-103.1726,1.781302,-107.4813,CameraRotation,345.4983,269.3096,358.4345,CurrentState,End,Slider,51,Scenario,3
ID,26,Time,999.6133,DronePosition,-110.2394,59.26447,-107.379,0,CameraPosition,-103.1727,1.781266,-107.4813,CameraRotation,345.5281,269.3311,358.4187,CurrentState,End,Slider,51,Scenario,3
ID,26,Time,999.6271,DronePosition,-110.2394,59.26447,-107.379,0,CameraPosition,-103.1728,1.781257,-107.4813,CameraRotation,345.5606,269.3458,358.4243,CurrentState,End,Slider,51,Scenario,3
ID,26,Time,999.6409,DronePosition,-110.2394,59.26447,-107.379,0,CameraPosition,-103.1729,1.781253,-107.4813,CameraRotation,345.5854,269.366,358.4269,CurrentState,End,Slider,51,Scenario,3
ID,26,Time,999.655,DronePosition,-110.2394,59.26447,-107.379,0,CameraPosition,-103.1729,1.781235,-107.4813,CameraRotation,345.6257,269.3882,358.4233,CurrentState,End,Slider,51,Scenario,3
ID,26,Time,999.6689,DronePosition,-110.2394,59.26447,-107.379,0,CameraPosition,-103.173,1.781203,-107.4813,CameraRotation,345.6673,269.4209,358.41,CurrentState,End,Slider,51,Scenario,3
ID,26,Time,999.6827,DronePosition,-110.2394,59.26447,-107.379,0,CameraPosition,-103.1731,1.781176,-107.4813,CameraRotation,345.7001,269.465,358.3895,CurrentState,End,Slider,51,Scenario,3
ID,26,Time,999.6967,DronePosition,-110.2394,59.26447,-107.379,0,CameraPosition,-103.1732,1.781128,-107.4813,CameraRotation,345.7249,269.4971,358.3832,CurrentState,End,Slider,51,Scenario,3
ID,26,Time,999.7108,DronePosition,-110.2394,59.26447,-107.379,0,CameraPosition,-103.1733,1.781068,-107.4813,CameraRotation,345.7467,269.5128,358.382,CurrentState,End,Slider,51,Scenario,3
ID,26,Time,999.7246,DronePosition,-110.2394,59.26447,-107.379,0,CameraPosition,-103.1734,1.781018,-107.4813,CameraRotation,345.7692,269.5182,358.3945,CurrentState,End,Slider,51,Scenario,3
ID,26,Time,999.7383,DronePosition,-110.2394,59.26447,-107.379,0,CameraPosition,-103.1735,1.780987,-107.4813,CameraRotation,345.7736,269.5051,358.4011,CurrentState,End,Slider,51,Scenario,3
ID,26,Time,999.7524,DronePosition,-110.2394,59.26447,-107.379,0,CameraPosition,-103.1736,1.780998,-107.4814,CameraRotation,345.7748,269.4813,358.4138,CurrentState,End,Slider,51,Scenario,3
ID,26,Time,999.7663,DronePosition,-110.2394,59.26447,-107.379,0,CameraPosition,-103.1737,1.781006,-107.4814,CameraRotation,345.7688,269.4671,358.4245,CurrentState,End,Slider,51,Scenario,3
ID,26,Time,999.7807,DronePosition,-110.2394,59.26447,-107.379,0,CameraPosition,-103.1738,1.781012,-107.4815,CameraRotation,345.7904,269.4514,358.4298,CurrentState,End,Slider,51,Scenario,3
ID,26,Time,999.7944,DronePosition,-110.2394,59.26447,-107.379,0,CameraPosition,-103.1739,1.780989,-107.4815,CameraRotation,345.8304,269.4418,358.4327,CurrentState,End,Slider,51,Scenario,3
ID,26,Time,999.8084,DronePosition,-110.2394,59.26447,-107.379,0,CameraPosition,-103.174,1.78095,-107.4815,CameraRotation,345.8834,269.4469,358.4348,CurrentState,End,Slider,51,Scenario,3
ID,26,Time,999.8219,DronePosition,-110.2394,59.26447,-107.379,0,CameraPosition,-103.1741,1.780916,-107.4815,CameraRotation,345.9258,269.4581,358.435,CurrentState,End,Slider,51,Scenario,3
ID,26,Time,999.836,DronePosition,-110.2394,59.26447,-107.379,0,CameraPosition,-103.1742,1.780886,-107.4815,CameraRotation,345.9459,269.4694,358.4397,CurrentState,End,Slider,51,Scenario,3
ID,26,Time,999.8497,DronePosition,-110.2394,59.26447,-107.379,0,CameraPosition,-103.1743,1.780866,-107.4815,CameraRotation,345.9563,269.4756,358.4484,CurrentState,End,Slider,51,Scenario,3
ID,26,Time,999.8638,DronePosition,-110.2394,59.26447,-107.379,0,CameraPosition,-103.1744,1.780861,-107.4814,CameraRotation,345.9439,269.4728,358.4502,CurrentState,End,Slider,51,Scenario,3
ID,26,Time,999.8777,DronePosition,-110.2394,59.26447,-107.379,0,CameraPosition,-103.1745,1.78086,-107.4814,CameraRotation,345.9273,269.469,358.4445,CurrentState,End,Slider,51,Scenario,3
ID,26,Time,999.8917,DronePosition,-110.2394,59.26447,-107.379,0,CameraPosition,-103.1746,1.780868,-107.4814,CameraRotation,345.921,269.4553,358.4322,CurrentState,End,Slider,51,Scenario,3
ID,26,Time,999.9054,DronePosition,-110.2394,59.26447,-107.379,0,CameraPosition,-103.1747,1.780878,-107.4813,CameraRotation,345.9253,269.4485,358.4131,CurrentState,End,Slider,51,Scenario,3
ID,26,Time,999.9193,DronePosition,-110.2394,59.26447,-107.379,0,CameraPosition,-103.1748,1.78089,-107.4813,CameraRotation,345.9398,269.4366,358.3916,CurrentState,End,Slider,51,Scenario,3
ID,26,Time,999.9335,DronePosition,-110.2394,59.26447,-107.379,0,CameraPosition,-103.1748,1.780869,-107.4812,CameraRotation,345.9435,269.4236,358.3726,CurrentState,End,Slider,51,Scenario,3
ID,26,Time,999.9473,DronePosition,-110.2394,59.26447,-107.379,0,CameraPosition,-103.1749,1.780838,-107.4812,CameraRotation,345.9573,269.4278,358.3365,CurrentState,End,Slider,51,Scenario,3
ID,26,Time,999.9612,DronePosition,-110.2394,59.26447,-107.379,0,CameraPosition,-103.175,1.780789,-107.4811,CameraRotation,345.982,269.4268,358.3114,CurrentState,End,Slider,51,Scenario,3
ID,26,Time,999.975,DronePosition,-110.2394,59.26447,-107.379,0,CameraPosition,-103.1751,1.780745,-107.481,CameraRotation,346.0123,269.4425,358.2843,CurrentState,End,Slider,51,Scenario,3
ID,26,Time,999.989,DronePosition,-110.2394,59.26447,-107.379,0,CameraPosition,-103.1751,1.780699,-107.4809,CameraRotation,346.0472,269.4607,358.2592,CurrentState,End,Slider,51,Scenario,3
ID,26,Time,1000.004,DronePosition,-110.2394,59.26447,-107.379,0,CameraPosition,-103.1752,1.780643,-107.4808,CameraRotation,346.0819,269.4803,358.2314,CurrentState,End,Slider,51,Scenario,3
ID,26,Time,1000.017,DronePosition,-110.2394,59.26447,-107.379,0,CameraPosition,-103.1753,1.78057,-107.4807,CameraRotation,346.1244,269.5142,358.2087,CurrentState,End,Slider,51,Scenario,3
ID,26,Time,1000.031,DronePosition,-110.2394,59.26447,-107.379,0,CameraPosition,-103.1754,1.780508,-107.4806,CameraRotation,346.1682,269.5513,358.1876,CurrentState,End,Slider,51,Scenario,3
ID,26,Time,1000.045,DronePosition,-110.2394,59.26447,-107.379,0,CameraPosition,-103.1755,1.780469,-107.4805,CameraRotation,346.2086,269.5843,358.1796,CurrentState,End,Slider,51,Scenario,3
ID,26,Time,1000.059,DronePosition,-110.2394,59.26447,-107.379,0,CameraPosition,-103.1756,1.780449,-107.4804,CameraRotation,346.2347,269.6076,358.1715,CurrentState,End,Slider,51,Scenario,3
ID,26,Time,1000.072,DronePosition,-110.2394,59.26447,-107.379,0,CameraPosition,-103.1756,1.780413,-107.4803,CameraRotation,346.2447,269.6306,358.1798,CurrentState,End,Slider,51,Scenario,3
ID,26,Time,1000.086,DronePosition,-110.2394,59.26447,-107.379,0,CameraPosition,-103.1757,1.780388,-107.4803,CameraRotation,346.2683,269.6469,358.1673,CurrentState,End,Slider,51,Scenario,3
ID,26,Time,1000.1,DronePosition,-110.2394,59.26447,-107.379,0,CameraPosition,-103.1757,1.780368,-107.4802,CameraRotation,346.2876,269.6539,358.1554,CurrentState,End,Slider,51,Scenario,3
ID,26,Time,1000.114,DronePosition,-110.2394,59.26447,-107.379,0,CameraPosition,-103.1757,1.780368,-107.4802,CameraRotation,346.2989,269.6535,358.1514,CurrentState,End,Slider,51,Scenario,3
ID,26,Time,1000.128,DronePosition,-110.2394,59.26447,-107.379,0,CameraPosition,-103.1758,1.780347,-107.4801,CameraRotation,346.291,269.6345,358.1737,CurrentState,End,Slider,51,Scenario,3
ID,26,Time,1000.142,DronePosition,-110.2394,59.26447,-107.379,0,CameraPosition,-103.1758,1.78032,-107.4801,CameraRotation,346.3074,269.6105,358.1895,CurrentState,End,Slider,51,Scenario,3
ID,26,Time,1000.156,DronePosition,-110.2394,59.26447,-107.379,0,CameraPosition,-103.1758,1.780288,-107.48,CameraRotation,346.3318,269.5858,358.1938,CurrentState,End,Slider,51,Scenario,3
ID,26,Time,1000.17,DronePosition,-110.2394,59.26447,-107.379,0,CameraPosition,-103.1759,1.78027,-107.48,CameraRotation,346.3335,269.5758,358.1733,CurrentState,End,Slider,51,Scenario,3
ID,26,Time,1000.184,DronePosition,-110.2394,59.26447,-107.379,0,CameraPosition,-103.176,1.780269,-107.4799,CameraRotation,346.3194,269.5812,358.1269,CurrentState,End,Slider,51,Scenario,3
ID,26,Time,1000.198,DronePosition,-110.2394,59.26447,-107.379,0,CameraPosition,-103.176,1.780293,-107.4798,CameraRotation,346.3008,269.5891,358.1,CurrentState,End,Slider,51,Scenario,3
ID,26,Time,1000.212,DronePosition,-110.2394,59.26447,-107.379,0,CameraPosition,-103.1761,1.780323,-107.4797,CameraRotation,346.2833,269.6133,358.1059,CurrentState,End,Slider,51,Scenario,3
ID,26,Time,1000.226,DronePosition,-110.2394,59.26447,-107.379,0,CameraPosition,-103.1761,1.78034,-107.4796,CameraRotation,346.2758,269.6288,358.1252,CurrentState,End,Slider,51,Scenario,3
ID,26,Time,1000.24,DronePosition,-110.2394,59.26447,-107.379,0,CameraPosition,-103.1761,1.780346,-107.4795,CameraRotation,346.2716,269.651,358.1321,CurrentState,End,Slider,51,Scenario,3
ID,26,Time,1000.254,DronePosition,-110.2394,59.26447,-107.379,0,CameraPosition,-103.1762,1.780331,-107.4795,CameraRotation,346.2717,269.6912,358.1174,CurrentState,End,Slider,51,Scenario,3
ID,26,Time,1000.267,DronePosition,-110.2394,59.26447,-107.379,0,CameraPosition,-103.1762,1.780295,-107.4794,CameraRotation,346.2723,269.7189,358.1064,CurrentState,End,Slider,51,Scenario,3
ID,26,Time,1000.282,DronePosition,-110.2394,59.26447,-107.379,0,CameraPosition,-103.1762,1.780255,-107.4793,CameraRotation,346.2661,269.7277,358.0989,CurrentState,End,Slider,51,Scenario,3
ID,26,Time,1000.295,DronePosition,-110.2394,59.26447,-107.379,0,CameraPosition,-103.1762,1.780235,-107.4793,CameraRotation,346.2702,269.719,358.1096,CurrentState,End,Slider,51,Scenario,3
ID,26,Time,1000.309,DronePosition,-110.2394,59.26447,-107.379,0,CameraPosition,-103.1763,1.78023,-107.4793,CameraRotation,346.2571,269.6891,358.1211,CurrentState,End,Slider,51,Scenario,3
ID,26,Time,1000.323,DronePosition,-110.2394,59.26447,-107.379,0,CameraPosition,-103.1763,1.780238,-107.4793,CameraRotation,346.231,269.6617,358.1186,CurrentState,End,Slider,51,Scenario,3
ID,26,Time,1000.337,DronePosition,-110.2394,59.26447,-107.379,0,CameraPosition,-103.1764,1.780271,-107.4793,CameraRotation,346.2206,269.6304,358.1174,CurrentState,End,Slider,51,Scenario,3
ID,26,Time,1000.351,DronePosition,-110.2394,59.26447,-107.379,0,CameraPosition,-103.1764,1.780317,-107.4793,CameraRotation,346.2031,269.6148,358.1136,CurrentState,End,Slider,51,Scenario,3
ID,26,Time,1000.365,DronePosition,-110.2394,59.26447,-107.379,0,CameraPosition,-103.1765,1.780323,-107.4793,CameraRotation,346.1833,269.5972,358.1381,CurrentState,End,Slider,51,Scenario,3
ID,26,Time,1000.379,DronePosition,-110.2394,59.26447,-107.379,0,CameraPosition,-103.1765,1.780347,-107.4793,CameraRotation,346.1918,269.5687,358.1642,CurrentState,End,Slider,51,Scenario,3
ID,26,Time,1000.393,DronePosition,-110.2394,59.26447,-107.379,0,CameraPosition,-103.1765,1.780347,-107.4793,CameraRotation,346.1685,269.5478,358.1897,CurrentState,End,Slider,51,Scenario,3
ID,26,Time,1000.407,DronePosition,-110.2394,59.26447,-107.379,0,CameraPosition,-103.1766,1.780372,-107.4793,CameraRotation,346.1541,269.53,358.189,CurrentState,End,Slider,51,Scenario,3
ID,26,Time,1000.421,DronePosition,-110.2394,59.26447,-107.379,0,CameraPosition,-103.1766,1.780427,-107.4793,CameraRotation,346.1306,269.5099,358.1805,CurrentState,End,Slider,51,Scenario,3
ID,26,Time,1000.435,DronePosition,-110.2394,59.26447,-107.379,0,CameraPosition,-103.1766,1.780511,-107.4793,CameraRotation,346.1048,269.4926,358.1747,CurrentState,End,Slider,51,Scenario,3
ID,26,Time,1000.449,DronePosition,-110.2394,59.26447,-107.379,0,CameraPosition,-103.1766,1.780591,-107.4793,CameraRotation,346.069,269.4613,358.1816,CurrentState,End,Slider,51,Scenario,3
ID,26,Time,1000.463,DronePosition,-110.2394,59.26447,-107.379,0,CameraPosition,-103.1767,1.780638,-107.4793,CameraRotation,346.0324,269.4249,358.2033,CurrentState,End,Slider,51,Scenario,3
ID,26,Time,1000.477,DronePosition,-110.2394,59.26447,-107.379,0,CameraPosition,-103.1767,1.780668,-107.4794,CameraRotation,346.0109,269.3883,358.2245,CurrentState,End,Slider,51,Scenario,3
ID,26,Time,1000.491,DronePosition,-110.2394,59.26447,-107.379,0,CameraPosition,-103.1768,1.780694,-107.4794,CameraRotation,345.9865,269.3518,358.2454,CurrentState,End,Slider,51,Scenario,3
ID,26,Time,1000.504,DronePosition,-110.2394,59.26447,-107.379,0,CameraPosition,-103.1769,1.780763,-107.4795,CameraRotation,345.9683,269.3101,358.2688,CurrentState,End,Slider,51,Scenario,3
ID,26,Time,1000.518,DronePosition,-110.2394,59.26447,-107.379,0,CameraPosition,-103.1769,1.780837,-107.4795,CameraRotation,345.9372,269.2701,358.29,CurrentState,End,Slider,51,Scenario,3
ID,26,Time,1000.532,DronePosition,-110.2394,59.26447,-107.379,0,CameraPosition,-103.177,1.780886,-107.4796,CameraRotation,345.8974,269.2255,358.3242,CurrentState,End,Slider,51,Scenario,3
ID,26,Time,1000.546,DronePosition,-110.2394,59.26447,-107.379,0,CameraPosition,-103.1771,1.780931,-107.4797,CameraRotation,345.8545,269.1784,358.3615,CurrentState,End,Slider,51,Scenario,3
ID,26,Time,1000.56,DronePosition,-110.2394,59.26447,-107.379,0,CameraPosition,-103.1772,1.780973,-107.4798,CameraRotation,345.8186,269.1223,358.3908,CurrentState,End,Slider,51,Scenario,3
ID,26,Time,1000.574,DronePosition,-110.2394,59.26447,-107.379,0,CameraPosition,-103.1773,1.781,-107.4799,CameraRotation,345.7957,269.0717,358.4191,CurrentState,End,Slider,51,Scenario,3
ID,26,Time,1000.588,DronePosition,-110.2394,59.26447,-107.379,0,CameraPosition,-103.1774,1.781004,-107.4801,CameraRotation,345.7687,269.0148,358.4422,CurrentState,End,Slider,51,Scenario,3
ID,26,Time,1000.602,DronePosition,-110.2394,59.26447,-107.379,0,CameraPosition,-103.1775,1.781008,-107.4802,CameraRotation,345.7539,268.956,358.4638,CurrentState,End,Slider,51,Scenario,3
ID,26,Time,1000.616,DronePosition,-110.2394,59.26447,-107.379,0,CameraPosition,-103.1776,1.781008,-107.4803,CameraRotation,345.7474,268.9086,358.4776,CurrentState,End,Slider,51,Scenario,3
ID,26,Time,1000.63,DronePosition,-110.2394,59.26447,-107.379,0,CameraPosition,-103.1777,1.781015,-107.4803,CameraRotation,345.7442,268.8663,358.4839,CurrentState,End,Slider,51,Scenario,3
ID,26,Time,1000.644,DronePosition,-110.2394,59.26447,-107.379,0,CameraPosition,-103.1779,1.781003,-107.4804,CameraRotation,345.7458,268.8363,358.4877,CurrentState,End,Slider,51,Scenario,3
ID,26,Time,1000.657,DronePosition,-110.2394,59.26447,-107.379,0,CameraPosition,-103.178,1.781012,-107.4804,CameraRotation,345.7617,268.8181,358.4822,CurrentState,End,Slider,51,Scenario,3
ID,26,Time,1000.671,DronePosition,-110.2394,59.26447,-107.379,0,CameraPosition,-103.1781,1.781011,-107.4804,CameraRotation,345.7772,268.8097,358.4738,CurrentState,End,Slider,51,Scenario,3
ID,26,Time,1000.685,DronePosition,-110.2394,59.26447,-107.379,0,CameraPosition,-103.1783,1.781002,-107.4804,CameraRotation,345.7869,268.8089,358.4507,CurrentState,End,Slider,51,Scenario,3
ID,26,Time,1000.699,DronePosition,-110.2394,59.26447,-107.379,0,CameraPosition,-103.1785,1.780987,-107.4804,CameraRotation,345.7899,268.8114,358.4302,CurrentState,End,Slider,51,Scenario,3
ID,26,Time,1000.713,DronePosition,-110.2394,59.26447,-107.379,0,CameraPosition,-103.1786,1.780966,-107.4805,CameraRotation,345.7871,268.8047,358.4298,CurrentState,End,Slider,51,Scenario,3
ID,26,Time,1000.727,DronePosition,-110.2394,59.26447,-107.379,0,CameraPosition,-103.1788,1.780945,-107.4805,CameraRotation,345.7883,268.7884,358.4264,CurrentState,End,Slider,51,Scenario,3
ID,26,Time,1000.741,DronePosition,-110.2394,59.26447,-107.379,0,CameraPosition,-103.179,1.780931,-107.4806,CameraRotation,345.8036,268.7687,358.412,CurrentState,End,Slider,51,Scenario,3
ID,26,Time,1000.755,DronePosition,-110.2394,59.26447,-107.379,0,CameraPosition,-103.1791,1.780916,-107.4806,CameraRotation,345.817,268.7463,358.3979,CurrentState,End,Slider,51,Scenario,3
ID,26,Time,1000.769,DronePosition,-110.2394,59.26447,-107.379,0,CameraPosition,-103.1793,1.780905,-107.4806,CameraRotation,345.8343,268.721,358.391,CurrentState,End,Slider,51,Scenario,3
ID,26,Time,1000.783,DronePosition,-110.2394,59.26447,-107.379,0,CameraPosition,-103.1795,1.780881,-107.4807,CameraRotation,345.8508,268.6937,358.3853,CurrentState,End,Slider,51,Scenario,3
ID,26,Time,1000.797,DronePosition,-110.2394,59.26447,-107.379,0,CameraPosition,-103.1797,1.780858,-107.4808,CameraRotation,345.8723,268.6538,358.3833,CurrentState,End,Slider,51,Scenario,3
ID,26,Time,1000.81,DronePosition,-110.2394,59.26447,-107.379,0,CameraPosition,-103.1799,1.780834,-107.4809,CameraRotation,345.893,268.6177,358.391,CurrentState,End,Slider,51,Scenario,3
ID,26,Time,1000.824,DronePosition,-110.2394,59.26447,-107.379,0,CameraPosition,-103.18,1.780796,-107.481,CameraRotation,345.9253,268.5929,358.4054,CurrentState,End,Slider,51,Scenario,3
ID,26,Time,1000.838,DronePosition,-110.2394,59.26447,-107.379,0,CameraPosition,-103.1802,1.780731,-107.481,CameraRotation,345.9625,268.5623,358.4067,CurrentState,End,Slider,51,Scenario,3
ID,26,Time,1000.853,DronePosition,-110.2394,59.26447,-107.379,0,CameraPosition,-103.1804,1.780689,-107.4811,CameraRotation,346.008,268.5559,358.41,CurrentState,End,Slider,51,Scenario,3
ID,26,Time,1000.866,DronePosition,-110.2394,59.26447,-107.379,0,CameraPosition,-103.1805,1.780651,-107.4812,CameraRotation,346.033,268.5546,358.4105,CurrentState,End,Slider,51,Scenario,3
ID,26,Time,1000.88,DronePosition,-110.2394,59.26447,-107.379,0,CameraPosition,-103.1807,1.780638,-107.4812,CameraRotation,346.0529,268.5632,358.4209,CurrentState,End,Slider,51,Scenario,3
ID,26,Time,1000.894,DronePosition,-110.2394,59.26447,-107.379,0,CameraPosition,-103.1808,1.78063,-107.4813,CameraRotation,346.0531,268.5774,358.4364,CurrentState,End,Slider,51,Scenario,3
ID,26,Time,1000.908,DronePosition,-110.2394,59.26447,-107.379,0,CameraPosition,-103.181,1.780609,-107.4814,CameraRotation,346.0481,268.5873,358.4491,CurrentState,End,Slider,51,Scenario,3
ID,26,Time,1000.922,DronePosition,-110.2394,59.26447,-107.379,0,CameraPosition,-103.1811,1.780608,-107.4814,CameraRotation,346.0522,268.6,358.4424,CurrentState,End,Slider,51,Scenario,3
ID,26,Time,1000.936,DronePosition,-110.2394,59.26447,-107.379,0,CameraPosition,-103.1813,1.780614,-107.4815,CameraRotation,346.0504,268.6157,358.4294,CurrentState,End,Slider,51,Scenario,3
ID,26,Time,1000.95,DronePosition,-110.2394,59.26447,-107.379,0,CameraPosition,-103.1814,1.780611,-107.4816,CameraRotation,346.0442,268.6164,358.4343,CurrentState,End,Slider,51,Scenario,3
ID,26,Time,1000.964,DronePosition,-110.2394,59.26447,-107.379,0,CameraPosition,-103.1815,1.780603,-107.4816,CameraRotation,346.0378,268.6125,358.4403,CurrentState,End,Slider,51,Scenario,3
ID,26,Time,1000.978,DronePosition,-110.2394,59.26447,-107.379,0,CameraPosition,-103.1816,1.780592,-107.4816,CameraRotation,346.0499,268.6071,358.4404,CurrentState,End,Slider,51,Scenario,3
ID,26,Time,1000.991,DronePosition,-110.2394,59.26447,-107.379,0,CameraPosition,-103.1818,1.780585,-107.4816,CameraRotation,346.0524,268.6148,358.4369,CurrentState,End,Slider,51,Scenario,3
ID,26,Time,1001.006,DronePosition,-110.2394,59.26447,-107.379,0,CameraPosition,-103.1819,1.780596,-107.4816,CameraRotation,346.0436,268.6437,358.4137,CurrentState,End,Slider,51,Scenario,3
ID,26,Time,1001.019,DronePosition,-110.2394,59.26447,-107.379,0,CameraPosition,-103.1821,1.780609,-107.4816,CameraRotation,346.0345,268.6973,358.3785,CurrentState,End,Slider,51,Scenario,3
ID,26,Time,1001.033,DronePosition,-110.2394,59.26447,-107.379,0,CameraPosition,-103.1822,1.780618,-107.4816,CameraRotation,346.0262,268.7419,358.3666,CurrentState,End,Slider,51,Scenario,3
ID,26,Time,1001.047,DronePosition,-110.2394,59.26447,-107.379,0,CameraPosition,-103.1823,1.780618,-107.4816,CameraRotation,346.0337,268.7968,358.3661,CurrentState,End,Slider,51,Scenario,3
ID,26,Time,1001.061,DronePosition,-110.2394,59.26447,-107.379,0,CameraPosition,-103.1825,1.780592,-107.4816,CameraRotation,346.0551,268.8358,358.3778,CurrentState,End,Slider,51,Scenario,3
ID,26,Time,1001.075,DronePosition,-110.2394,59.26447,-107.379,0,CameraPosition,-103.1826,1.780539,-107.4816,CameraRotation,346.0791,268.8765,358.3829,CurrentState,End,Slider,51,Scenario,3
ID,26,Time,1001.089,DronePosition,-110.2394,59.26447,-107.379,0,CameraPosition,-103.1828,1.780486,-107.4816,CameraRotation,346.1229,268.915,358.3726,CurrentState,End,Slider,51,Scenario,3
ID,26,Time,1001.103,DronePosition,-110.2394,59.26447,-107.379,0,CameraPosition,-103.1829,1.780449,-107.4817,CameraRotation,346.1718,268.9407,358.3538,CurrentState,End,Slider,51,Scenario,3
ID,26,Time,1001.117,DronePosition,-110.2394,59.26447,-107.379,0,CameraPosition,-103.1831,1.7804,-107.4817,CameraRotation,346.1884,268.9387,358.3474,CurrentState,End,Slider,51,Scenario,3
ID,26,Time,1001.131,DronePosition,-110.2394,59.26447,-107.379,0,CameraPosition,-103.1832,1.780381,-107.4818,CameraRotation,346.2215,268.9313,358.3448,CurrentState,End,Slider,51,Scenario,3
ID,26,Time,1001.145,DronePosition,-110.2394,59.26447,-107.379,0,CameraPosition,-103.1833,1.780354,-107.4818,CameraRotation,346.2588,268.9036,358.3498,CurrentState,End,Slider,51,Scenario,3
ID,26,Time,1001.159,DronePosition,-110.2394,59.26447,-107.379,0,CameraPosition,-103.1834,1.780313,-107.4819,CameraRotation,346.2936,268.8875,358.3537,CurrentState,End,Slider,51,Scenario,3
ID,26,Time,1001.172,DronePosition,-110.2394,59.26447,-107.379,0,CameraPosition,-103.1835,1.780267,-107.482,CameraRotation,346.3305,268.8772,358.3548,CurrentState,End,Slider,51,Scenario,3
ID,26,Time,1001.186,DronePosition,-110.2394,59.26447,-107.379,0,CameraPosition,-103.1836,1.780207,-107.482,CameraRotation,346.3412,268.8681,358.3558,CurrentState,End,Slider,51,Scenario,3
ID,26,Time,1001.2,DronePosition,-110.2394,59.26447,-107.379,0,CameraPosition,-103.1837,1.780178,-107.4821,CameraRotation,346.3676,268.8647,358.3661,CurrentState,End,Slider,51,Scenario,3
ID,26,Time,1001.214,DronePosition,-110.2394,59.26447,-107.379,0,CameraPosition,-103.1838,1.780197,-107.4822,CameraRotation,346.3686,268.8585,358.387,CurrentState,End,Slider,51,Scenario,3
ID,26,Time,1001.228,DronePosition,-110.2394,59.26447,-107.379,0,CameraPosition,-103.1838,1.78026,-107.4822,CameraRotation,346.3435,268.8595,358.4106,CurrentState,End,Slider,51,Scenario,3
ID,26,Time,1001.242,DronePosition,-110.2394,59.26447,-107.379,0,CameraPosition,-103.1839,1.780305,-107.4823,CameraRotation,346.3207,268.8536,358.4117,CurrentState,End,Slider,51,Scenario,3
ID,26,Time,1001.256,DronePosition,-110.2394,59.26447,-107.379,0,CameraPosition,-103.1839,1.780316,-107.4824,CameraRotation,346.3107,268.8582,358.3961,CurrentState,End,Slider,51,Scenario,3
ID,26,Time,1001.27,DronePosition,-110.2394,59.26447,-107.379,0,CameraPosition,-103.184,1.780325,-107.4824,CameraRotation,346.2995,268.8602,358.4042,CurrentState,End,Slider,51,Scenario,3
ID,26,Time,1001.284,DronePosition,-110.2394,59.26447,-107.379,0,CameraPosition,-103.184,1.780363,-107.4825,CameraRotation,346.2839,268.8556,358.4123,CurrentState,End,Slider,51,Scenario,3
ID,26,Time,1001.298,DronePosition,-110.2394,59.26447,-107.379,0,CameraPosition,-103.184,1.780396,-107.4825,CameraRotation,346.2372,268.8358,358.4208,CurrentState,End,Slider,51,Scenario,3
ID,26,Time,1001.312,DronePosition,-110.2394,59.26447,-107.379,0,CameraPosition,-103.184,1.780423,-107.4826,CameraRotation,346.2155,268.8297,358.4234,CurrentState,End,Slider,51,Scenario,3
ID,26,Time,1001.326,DronePosition,-110.2394,59.26447,-107.379,0,CameraPosition,-103.1841,1.780429,-107.4826,CameraRotation,346.2031,268.8304,358.4296,CurrentState,End,Slider,51,Scenario,3
ID,26,Time,1001.339,DronePosition,-110.2394,59.26447,-107.379,0,CameraPosition,-103.1841,1.78045,-107.4827,CameraRotation,346.201,268.8402,358.4276,CurrentState,End,Slider,51,Scenario,3
ID,26,Time,1001.353,DronePosition,-110.2394,59.26447,-107.379,0,CameraPosition,-103.1841,1.780453,-107.4827,CameraRotation,346.1801,268.836,358.4352,CurrentState,End,Slider,51,Scenario,3
ID,26,Time,1001.367,DronePosition,-110.2394,59.26447,-107.379,0,CameraPosition,-103.1841,1.78046,-107.4828,CameraRotation,346.1658,268.8377,358.4463,CurrentState,End,Slider,51,Scenario,3
ID,26,Time,1001.381,DronePosition,-110.2394,59.26447,-107.379,0,CameraPosition,-103.1841,1.78048,-107.4828,CameraRotation,346.1551,268.8373,358.456,CurrentState,End,Slider,51,Scenario,3
ID,26,Time,1001.395,DronePosition,-110.2394,59.26447,-107.379,0,CameraPosition,-103.1841,1.780496,-107.4829,CameraRotation,346.1451,268.8364,358.467,CurrentState,End,Slider,51,Scenario,3
ID,26,Time,1001.409,DronePosition,-110.2394,59.26447,-107.379,0,CameraPosition,-103.1842,1.780527,-107.483,CameraRotation,346.1357,268.8199,358.4865,CurrentState,End,Slider,51,Scenario,3
ID,26,Time,1001.423,DronePosition,-110.2394,59.26447,-107.379,0,CameraPosition,-103.1842,1.780558,-107.4831,CameraRotation,346.1161,268.808,358.5016,CurrentState,End,Slider,51,Scenario,3
ID,26,Time,1001.437,DronePosition,-110.2394,59.26447,-107.379,0,CameraPosition,-103.1842,1.780582,-107.4831,CameraRotation,346.1092,268.783,358.518,CurrentState,End,Slider,51,Scenario,3
ID,26,Time,1001.451,DronePosition,-110.2394,59.26447,-107.379,0,CameraPosition,-103.1842,1.780594,-107.4832,CameraRotation,346.1185,268.7606,358.5219,CurrentState,End,Slider,51,Scenario,3
ID,26,Time,1001.465,DronePosition,-110.2394,59.26447,-107.379,0,CameraPosition,-103.1842,1.780577,-107.4833,CameraRotation,346.1255,268.7468,358.5289,CurrentState,End,Slider,51,Scenario,3
ID,26,Time,1001.479,DronePosition,-110.2394,59.26447,-107.379,0,CameraPosition,-103.1842,1.78056,-107.4833,CameraRotation,346.1392,268.733,358.5466,CurrentState,End,Slider,51,Scenario,3
ID,26,Time,1001.493,DronePosition,-110.2394,59.26447,-107.379,0,CameraPosition,-103.1842,1.780535,-107.4834,CameraRotation,346.1398,268.7347,358.5621,CurrentState,End,Slider,51,Scenario,3
ID,26,Time,1001.507,DronePosition,-110.2394,59.26447,-107.379,0,CameraPosition,-103.1843,1.780532,-107.4834,CameraRotation,346.1373,268.7436,358.5705,CurrentState,End,Slider,51,Scenario,3
ID,26,Time,1001.52,DronePosition,-110.2394,59.26447,-107.379,0,CameraPosition,-103.1843,1.780529,-107.4835,CameraRotation,346.133,268.7598,358.5945,CurrentState,End,Slider,51,Scenario,3
ID,26,Time,1001.534,DronePosition,-110.2394,59.26447,-107.379,0,CameraPosition,-103.1843,1.780522,-107.4835,CameraRotation,346.1389,268.7671,358.619,CurrentState,End,Slider,51,Scenario,3
ID,26,Time,1001.548,DronePosition,-110.2394,59.26447,-107.379,0,CameraPosition,-103.1843,1.780502,-107.4835,CameraRotation,346.1529,268.7764,358.6309,CurrentState,End,Slider,51,Scenario,3
ID,26,Time,1001.562,DronePosition,-110.2394,59.26447,-107.379,0,CameraPosition,-103.1843,1.780474,-107.4835,CameraRotation,346.1642,268.7794,358.6248,CurrentState,End,Slider,51,Scenario,3
ID,26,Time,1001.576,DronePosition,-110.2394,59.26447,-107.379,0,CameraPosition,-103.1843,1.78045,-107.4836,CameraRotation,346.1775,268.7751,358.6227,CurrentState,End,Slider,51,Scenario,3
ID,26,Time,1001.59,DronePosition,-110.2394,59.26447,-107.379,0,CameraPosition,-103.1843,1.78043,-107.4836,CameraRotation,346.1884,268.7731,358.6274,CurrentState,End,Slider,51,Scenario,3
ID,26,Time,1001.604,DronePosition,-110.2394,59.26447,-107.379,0,CameraPosition,-103.1843,1.780409,-107.4836,CameraRotation,346.1863,268.7717,358.6169,CurrentState,End,Slider,51,Scenario,3
ID,26,Time,1001.618,DronePosition,-110.2394,59.26447,-107.379,0,CameraPosition,-103.1843,1.780395,-107.4836,CameraRotation,346.1892,268.7827,358.6133,CurrentState,End,Slider,51,Scenario,3
ID,26,Time,1001.632,DronePosition,-110.2394,59.26447,-107.379,0,CameraPosition,-103.1843,1.780393,-107.4835,CameraRotation,346.1911,268.8036,358.5947,CurrentState,End,Slider,51,Scenario,3
ID,26,Time,1001.646,DronePosition,-110.2394,59.26447,-107.379,0,CameraPosition,-103.1843,1.780382,-107.4835,CameraRotation,346.185,268.8289,358.5832,CurrentState,End,Slider,51,Scenario,3
ID,26,Time,1001.66,DronePosition,-110.2394,59.26447,-107.379,0,CameraPosition,-103.1843,1.780375,-107.4835,CameraRotation,346.1802,268.8508,358.5755,CurrentState,End,Slider,51,Scenario,3
ID,26,Time,1001.674,DronePosition,-110.2394,59.26447,-107.379,0,CameraPosition,-103.1843,1.780367,-107.4835,CameraRotation,346.177,268.8688,358.5723,CurrentState,End,Slider,51,Scenario,3
ID,26,Time,1001.688,DronePosition,-110.2394,59.26447,-107.379,0,CameraPosition,-103.1843,1.780366,-107.4835,CameraRotation,346.1801,268.887,358.5773,CurrentState,End,Slider,51,Scenario,3
ID,26,Time,1001.701,DronePosition,-110.2394,59.26447,-107.379,0,CameraPosition,-103.1842,1.780369,-107.4834,CameraRotation,346.1754,268.899,358.5782,CurrentState,End,Slider,51,Scenario,3
ID,26,Time,1001.715,DronePosition,-110.2394,59.26447,-107.379,0,CameraPosition,-103.1842,1.780381,-107.4834,CameraRotation,346.1812,268.907,358.5783,CurrentState,End,Slider,51,Scenario,3
ID,26,Time,1001.73,DronePosition,-110.2394,59.26447,-107.379,0,CameraPosition,-103.1842,1.780382,-107.4834,CameraRotation,346.1743,268.9173,358.5773,CurrentState,End,Slider,51,Scenario,3
ID,26,Time,1001.744,DronePosition,-110.2394,59.26447,-107.379,0,CameraPosition,-103.1842,1.7804,-107.4835,CameraRotation,346.1657,268.9191,358.5919,CurrentState,End,Slider,51,Scenario,3
ID,26,Time,1001.757,DronePosition,-110.2394,59.26447,-107.379,0,CameraPosition,-103.1842,1.780416,-107.4835,CameraRotation,346.1482,268.9106,358.6169,CurrentState,End,Slider,51,Scenario,3
ID,26,Time,1001.771,DronePosition,-110.2394,59.26447,-107.379,0,CameraPosition,-103.1842,1.780415,-107.4835,CameraRotation,346.1262,268.8935,358.6558,CurrentState,End,Slider,51,Scenario,3
ID,26,Time,1001.785,DronePosition,-110.2394,59.26447,-107.379,0,CameraPosition,-103.1843,1.780406,-107.4836,CameraRotation,346.131,268.8743,358.6794,CurrentState,End,Slider,51,Scenario,3
ID,26,Time,1001.799,DronePosition,-110.2394,59.26447,-107.379,0,CameraPosition,-103.1843,1.780405,-107.4836,CameraRotation,346.1317,268.8551,358.6857,CurrentState,End,Slider,51,Scenario,3
ID,26,Time,1001.813,DronePosition,-110.2394,59.26447,-107.379,0,CameraPosition,-103.1843,1.780423,-107.4837,CameraRotation,346.1094,268.8398,358.6954,CurrentState,End,Slider,51,Scenario,3
ID,26,Time,1001.827,DronePosition,-110.2394,59.26447,-107.379,0,CameraPosition,-103.1844,1.780437,-107.4837,CameraRotation,346.0794,268.8193,358.6933,CurrentState,End,Slider,51,Scenario,3
ID,26,Time,1001.841,DronePosition,-110.2394,59.26447,-107.379,0,CameraPosition,-103.1844,1.780462,-107.4837,CameraRotation,346.0843,268.796,358.6938,CurrentState,End,Slider,51,Scenario,3
ID,26,Time,1001.854,DronePosition,-110.2394,59.26447,-107.379,0,CameraPosition,-103.1844,1.780494,-107.4838,CameraRotation,346.0925,268.7927,358.7033,CurrentState,End,Slider,51,Scenario,3
ID,26,Time,1001.869,DronePosition,-110.2394,59.26447,-107.379,0,CameraPosition,-103.1844,1.780522,-107.4839,CameraRotation,346.1009,268.7836,358.7328,CurrentState,End,Slider,51,Scenario,3
ID,26,Time,1001.883,DronePosition,-110.2394,59.26447,-107.379,0,CameraPosition,-103.1844,1.780535,-107.4839,CameraRotation,346.1264,268.7902,358.7575,CurrentState,End,Slider,51,Scenario,3
ID,26,Time,1001.897,DronePosition,-110.2394,59.26447,-107.379,0,CameraPosition,-103.1844,1.78049,-107.484,CameraRotation,346.1717,268.8044,358.7725,CurrentState,End,Slider,51,Scenario,3
ID,26,Time,1001.91,DronePosition,-110.2394,59.26447,-107.379,0,CameraPosition,-103.1844,1.78044,-107.484,CameraRotation,346.2112,268.8236,358.7685,CurrentState,End,Slider,51,Scenario,3
ID,26,Time,1001.924,DronePosition,-110.2394,59.26447,-107.379,0,CameraPosition,-103.1843,1.780386,-107.4841,CameraRotation,346.2427,268.8257,358.7767,CurrentState,End,Slider,51,Scenario,3
ID,26,Time,1001.938,DronePosition,-110.2394,59.26447,-107.379,0,CameraPosition,-103.1843,1.78032,-107.4841,CameraRotation,346.2679,268.8172,358.8042,CurrentState,End,Slider,51,Scenario,3
ID,26,Time,1001.952,DronePosition,-110.2394,59.26447,-107.379,0,CameraPosition,-103.1843,1.780271,-107.4841,CameraRotation,346.2815,268.7982,358.812,CurrentState,End,Slider,51,Scenario,3
ID,26,Time,1001.966,DronePosition,-110.2394,59.26447,-107.379,0,CameraPosition,-103.1842,1.780232,-107.4841,CameraRotation,346.3026,268.769,358.8127,CurrentState,End,Slider,51,Scenario,3
ID,26,Time,1001.98,DronePosition,-110.2394,59.26447,-107.379,0,CameraPosition,-103.1841,1.780205,-107.4842,CameraRotation,346.3133,268.7562,358.7973,CurrentState,End,Slider,51,Scenario,3
ID,26,Time,1001.994,DronePosition,-110.2394,59.26447,-107.379,0,CameraPosition,-103.184,1.780214,-107.4842,CameraRotation,346.3039,268.7454,358.7912,CurrentState,End,Slider,51,Scenario,3
ID,26,Time,1002.008,DronePosition,-110.2394,59.26447,-107.379,0,CameraPosition,-103.1838,1.780235,-107.4842,CameraRotation,346.2791,268.7456,358.7928,CurrentState,End,Slider,51,Scenario,3
ID,26,Time,1002.022,DronePosition,-110.2394,59.26447,-107.379,0,CameraPosition,-103.1837,1.780294,-107.4841,CameraRotation,346.2618,268.7592,358.8029,CurrentState,End,Slider,51,Scenario,3
ID,26,Time,1002.036,DronePosition,-110.2394,59.26447,-107.379,0,CameraPosition,-103.1835,1.780365,-107.4841,CameraRotation,346.2286,268.7673,358.811,CurrentState,End,Slider,51,Scenario,3
ID,26,Time,1002.05,DronePosition,-110.2394,59.26447,-107.379,0,CameraPosition,-103.1833,1.78043,-107.4841,CameraRotation,346.1715,268.7833,358.8076,CurrentState,End,Slider,51,Scenario,3
ID,26,Time,1002.063,DronePosition,-110.2394,59.26447,-107.379,0,CameraPosition,-103.1831,1.780478,-107.4841,CameraRotation,346.1147,268.7984,358.7859,CurrentState,End,Slider,51,Scenario,3
ID,26,Time,1002.077,DronePosition,-110.2394,59.26447,-107.379,0,CameraPosition,-103.1829,1.780505,-107.484,CameraRotation,346.0639,268.7941,358.7847,CurrentState,End,Slider,51,Scenario,3
ID,26,Time,1002.091,DronePosition,-110.2394,59.26447,-107.379,0,CameraPosition,-103.1827,1.780522,-107.4841,CameraRotation,346.0137,268.7755,358.7871,CurrentState,End,Slider,51,Scenario,3
ID,26,Time,1002.105,DronePosition,-110.2394,59.26447,-107.379,0,CameraPosition,-103.1825,1.780533,-107.4841,CameraRotation,345.9799,268.7443,358.7959,CurrentState,End,Slider,51,Scenario,3
ID,26,Time,1002.119,DronePosition,-110.2394,59.26447,-107.379,0,CameraPosition,-103.1823,1.780555,-107.4841,CameraRotation,345.9539,268.7065,358.8076,CurrentState,End,Slider,51,Scenario,3
ID,26,Time,1002.133,DronePosition,-110.2394,59.26447,-107.379,0,CameraPosition,-103.1822,1.780579,-107.4842,CameraRotation,345.9152,268.6836,358.8275,CurrentState,End,Slider,51,Scenario,3
ID,26,Time,1002.147,DronePosition,-110.2394,59.26447,-107.379,0,CameraPosition,-103.182,1.78062,-107.4842,CameraRotation,345.8907,268.6625,358.8469,CurrentState,End,Slider,51,Scenario,3
ID,26,Time,1002.161,DronePosition,-110.2394,59.26447,-107.379,0,CameraPosition,-103.1818,1.780656,-107.4843,CameraRotation,345.8588,268.6477,358.8639,CurrentState,End,Slider,51,Scenario,3
ID,26,Time,1002.175,DronePosition,-110.2394,59.26447,-107.379,0,CameraPosition,-103.1817,1.780671,-107.4843,CameraRotation,345.833,268.6217,358.8953,CurrentState,End,Slider,51,Scenario,3
ID,26,Time,1002.189,DronePosition,-110.2394,59.26447,-107.379,0,CameraPosition,-103.1816,1.780679,-107.4844,CameraRotation,345.8203,268.6052,358.9183,CurrentState,End,Slider,51,Scenario,3
ID,26,Time,1002.203,DronePosition,-110.2394,59.26447,-107.379,0,CameraPosition,-103.1814,1.780676,-107.4845,CameraRotation,345.8152,268.5823,358.9185,CurrentState,End,Slider,51,Scenario,3
ID,26,Time,1002.216,DronePosition,-110.2394,59.26447,-107.379,0,CameraPosition,-103.1813,1.78068,-107.4846,CameraRotation,345.8212,268.5631,358.9228,CurrentState,End,Slider,51,Scenario,3
ID,26,Time,1002.23,DronePosition,-110.2394,59.26447,-107.379,0,CameraPosition,-103.1812,1.780674,-107.4846,CameraRotation,345.8127,268.5391,358.9324,CurrentState,End,Slider,51,Scenario,3
ID,26,Time,1002.244,DronePosition,-110.2394,59.26447,-107.379,0,CameraPosition,-103.1811,1.780667,-107.4847,CameraRotation,345.8137,268.5116,358.942,CurrentState,End,Slider,51,Scenario,3
ID,26,Time,1002.258,DronePosition,-110.2394,59.26447,-107.379,0,CameraPosition,-103.181,1.780666,-107.4847,CameraRotation,345.8157,268.4891,358.9461,CurrentState,End,Slider,51,Scenario,3
ID,26,Time,1002.272,DronePosition,-110.2394,59.26447,-107.379,0,CameraPosition,-103.1809,1.780674,-107.4848,CameraRotation,345.8158,268.4713,358.9512,CurrentState,End,Slider,51,Scenario,3
ID,26,Time,1002.286,DronePosition,-110.2394,59.26447,-107.379,0,CameraPosition,-103.1808,1.780671,-107.4848,CameraRotation,345.8067,268.46,358.9608,CurrentState,End,Slider,51,Scenario,3
ID,26,Time,1002.3,DronePosition,-110.2394,59.26447,-107.379,0,CameraPosition,-103.1807,1.780672,-107.4849,CameraRotation,345.804,268.4484,358.966,CurrentState,End,Slider,51,Scenario,3
ID,26,Time,1002.314,DronePosition,-110.2394,59.26447,-107.379,0,CameraPosition,-103.1806,1.780663,-107.4849,CameraRotation,345.8058,268.4461,358.9629,CurrentState,End,Slider,51,Scenario,3
ID,26,Time,1002.328,DronePosition,-110.2394,59.26447,-107.379,0,CameraPosition,-103.1805,1.780636,-107.4849,CameraRotation,345.8167,268.4477,358.9824,CurrentState,End,Slider,51,Scenario,3
ID,26,Time,1002.342,DronePosition,-110.2394,59.26447,-107.379,0,CameraPosition,-103.1804,1.780599,-107.4849,CameraRotation,345.8313,268.4565,359.0013,CurrentState,End,Slider,51,Scenario,3
ID,26,Time,1002.356,DronePosition,-110.2394,59.26447,-107.379,0,CameraPosition,-103.1803,1.78056,-107.485,CameraRotation,345.8527,268.469,359.0189,CurrentState,End,Slider,51,Scenario,3
ID,26,Time,1002.37,DronePosition,-110.2394,59.26447,-107.379,0,CameraPosition,-103.1802,1.78054,-107.485,CameraRotation,345.8565,268.4857,359.02,CurrentState,End,Slider,51,Scenario,3
ID,26,Time,1002.384,DronePosition,-110.2394,59.26447,-107.379,0,CameraPosition,-103.1801,1.78053,-107.485,CameraRotation,345.8564,268.5071,359.0297,CurrentState,End,Slider,51,Scenario,3
ID,26,Time,1002.398,DronePosition,-110.2394,59.26447,-107.379,0,CameraPosition,-103.1801,1.780533,-107.485,CameraRotation,345.8477,268.5193,359.0316,CurrentState,End,Slider,51,Scenario,3
ID,26,Time,1002.411,DronePosition,-110.2394,59.26447,-107.379,0,CameraPosition,-103.18,1.780533,-107.4851,CameraRotation,345.8387,268.525,359.0361,CurrentState,End,Slider,51,Scenario,3
ID,26,Time,1002.425,DronePosition,-110.2394,59.26447,-107.379,0,CameraPosition,-103.1799,1.780521,-107.4851,CameraRotation,345.8342,268.5332,359.0499,CurrentState,End,Slider,51,Scenario,3
ID,26,Time,1002.439,DronePosition,-110.2394,59.26447,-107.379,0,CameraPosition,-103.1798,1.7805,-107.4851,CameraRotation,345.8315,268.5264,359.0439,CurrentState,End,Slider,51,Scenario,3
ID,26,Time,1002.453,DronePosition,-110.2394,59.26447,-107.379,0,CameraPosition,-103.1797,1.780474,-107.4852,CameraRotation,345.8293,268.5273,359.0249,CurrentState,End,Slider,51,Scenario,3
ID,26,Time,1002.467,DronePosition,-110.2394,59.26447,-107.379,0,CameraPosition,-103.1797,1.780457,-107.4852,CameraRotation,345.8415,268.5189,359.0125,CurrentState,End,Slider,51,Scenario,3
ID,26,Time,1002.481,DronePosition,-110.2394,59.26447,-107.379,0,CameraPosition,-103.1796,1.780446,-107.4853,CameraRotation,345.8606,268.5051,359.0157,CurrentState,End,Slider,51,Scenario,3
ID,26,Time,1002.495,DronePosition,-110.2394,59.26447,-107.379,0,CameraPosition,-103.1795,1.780441,-107.4854,CameraRotation,345.8771,268.4987,359.0194,CurrentState,End,Slider,51,Scenario,3
ID,26,Time,1002.509,DronePosition,-110.2394,59.26447,-107.379,0,CameraPosition,-103.1794,1.780454,-107.4855,CameraRotation,345.9037,268.4907,359.0283,CurrentState,End,Slider,51,Scenario,3
ID,26,Time,1002.523,DronePosition,-110.2394,59.26447,-107.379,0,CameraPosition,-103.1793,1.780443,-107.4855,CameraRotation,345.9163,268.4974,359.0457,CurrentState,End,Slider,51,Scenario,3
ID,26,Time,1002.537,DronePosition,-110.2394,59.26447,-107.379,0,CameraPosition,-103.1793,1.780422,-107.4856,CameraRotation,345.933,268.5096,359.0613,CurrentState,End,Slider,51,Scenario,3
ID,26,Time,1002.551,DronePosition,-110.2394,59.26447,-107.379,0,CameraPosition,-103.1792,1.780397,-107.4857,CameraRotation,345.9353,268.5146,359.0893,CurrentState,End,Slider,51,Scenario,3
ID,26,Time,1002.565,DronePosition,-110.2394,59.26447,-107.379,0,CameraPosition,-103.1791,1.78037,-107.4858,CameraRotation,345.9465,268.5125,359.1318,CurrentState,End,Slider,51,Scenario,3
ID,26,Time,1002.579,DronePosition,-110.2394,59.26447,-107.379,0,CameraPosition,-103.179,1.780284,-107.4859,CameraRotation,345.9563,268.5029,359.1754,CurrentState,End,Slider,51,Scenario,3
ID,26,Time,1002.593,DronePosition,-110.2394,59.26447,-107.379,0,CameraPosition,-103.179,1.780215,-107.486,CameraRotation,345.9779,268.4939,359.1984,CurrentState,End,Slider,51,Scenario,3
ID,26,Time,1002.606,DronePosition,-110.2394,59.26447,-107.379,0,CameraPosition,-103.1789,1.780215,-107.4861,CameraRotation,345.9636,268.4797,359.1948,CurrentState,End,Slider,51,Scenario,3
ID,26,Time,1002.62,DronePosition,-110.2394,59.26447,-107.379,0,CameraPosition,-103.1788,1.780263,-107.4862,CameraRotation,345.9421,268.4702,359.1788,CurrentState,End,Slider,51,Scenario,3
ID,26,Time,1002.634,DronePosition,-110.2394,59.26447,-107.379,0,CameraPosition,-103.1787,1.780287,-107.4862,CameraRotation,345.9273,268.4601,359.1526,CurrentState,End,Slider,51,Scenario,3
ID,26,Time,1002.648,DronePosition,-110.2394,59.26447,-107.379,0,CameraPosition,-103.1787,1.780293,-107.4863,CameraRotation,345.9451,268.4566,359.1349,CurrentState,End,Slider,51,Scenario,3
ID,26,Time,1002.662,DronePosition,-110.2394,59.26447,-107.379,0,CameraPosition,-103.1785,1.780318,-107.4863,CameraRotation,345.9606,268.4505,359.1341,CurrentState,End,Slider,51,Scenario,3
ID,26,Time,1002.676,DronePosition,-110.2394,59.26447,-107.379,0,CameraPosition,-103.1784,1.780329,-107.4863,CameraRotation,345.9766,268.4444,359.1488,CurrentState,End,Slider,51,Scenario,3
ID,26,Time,1002.69,DronePosition,-110.2394,59.26447,-107.379,0,CameraPosition,-103.1783,1.780311,-107.4863,CameraRotation,345.991,268.4462,359.156,CurrentState,End,Slider,51,Scenario,3
ID,26,Time,1002.704,DronePosition,-110.2394,59.26447,-107.379,0,CameraPosition,-103.1782,1.780269,-107.4864,CameraRotation,345.9995,268.4636,359.1589,CurrentState,End,Slider,51,Scenario,3
ID,26,Time,1002.718,DronePosition,-110.2394,59.26447,-107.379,0,CameraPosition,-103.1781,1.780237,-107.4864,CameraRotation,345.9908,268.4753,359.1626,CurrentState,End,Slider,51,Scenario,3
ID,26,Time,1002.732,DronePosition,-110.2394,59.26447,-107.379,0,CameraPosition,-103.1781,1.78023,-107.4864,CameraRotation,345.9779,268.4867,359.1673,CurrentState,End,Slider,51,Scenario,3
ID,26,Time,1002.746,DronePosition,-110.2394,59.26447,-107.379,0,CameraPosition,-103.178,1.780253,-107.4864,CameraRotation,345.969,268.4885,359.1641,CurrentState,End,Slider,51,Scenario,3
ID,26,Time,1002.759,DronePosition,-110.2394,59.26447,-107.379,0,CameraPosition,-103.178,1.780277,-107.4864,CameraRotation,345.9703,268.5008,359.1424,CurrentState,End,Slider,51,Scenario,3
ID,26,Time,1002.774,DronePosition,-110.2394,59.26447,-107.379,0,CameraPosition,-103.1779,1.780272,-107.4863,CameraRotation,345.9647,268.5116,359.1078,CurrentState,End,Slider,51,Scenario,3
ID,26,Time,1002.787,DronePosition,-110.2394,59.26447,-107.379,0,CameraPosition,-103.1778,1.780276,-107.4863,CameraRotation,345.953,268.5191,359.0884,CurrentState,End,Slider,51,Scenario,3
ID,26,Time,1002.801,DronePosition,-110.2394,59.26447,-107.379,0,CameraPosition,-103.1777,1.780286,-107.4862,CameraRotation,345.938,268.519,359.073,CurrentState,End,Slider,51,Scenario,3
ID,26,Time,1002.815,DronePosition,-110.2394,59.26447,-107.379,0,CameraPosition,-103.1776,1.780324,-107.4862,CameraRotation,345.9306,268.5094,359.0696,CurrentState,End,Slider,51,Scenario,3
ID,26,Time,1002.829,DronePosition,-110.2394,59.26447,-107.379,0,CameraPosition,-103.1775,1.780374,-107.4861,CameraRotation,345.9211,268.5037,359.0753,CurrentState,End,Slider,51,Scenario,3
ID,26,Time,1002.843,DronePosition,-110.2394,59.26447,-107.379,0,CameraPosition,-103.1775,1.780404,-107.486,CameraRotation,345.8881,268.5076,359.0743,CurrentState,End,Slider,51,Scenario,3
ID,26,Time,1002.857,DronePosition,-110.2394,59.26447,-107.379,0,CameraPosition,-103.1774,1.7804,-107.4859,CameraRotation,345.8751,268.5347,359.0482,CurrentState,End,Slider,51,Scenario,3
ID,26,Time,1002.871,DronePosition,-110.2394,59.26447,-107.379,0,CameraPosition,-103.1773,1.780374,-107.4858,CameraRotation,345.8759,268.5717,359.0269,CurrentState,End,Slider,51,Scenario,3
ID,26,Time,1002.885,DronePosition,-110.2394,59.26447,-107.379,0,CameraPosition,-103.1772,1.780366,-107.4856,CameraRotation,345.876,268.6121,359.0299,CurrentState,End,Slider,51,Scenario,3
ID,26,Time,1002.899,DronePosition,-110.2394,59.26447,-107.379,0,CameraPosition,-103.1772,1.780403,-107.4855,CameraRotation,345.8637,268.648,359.0392,CurrentState,End,Slider,51,Scenario,3
ID,26,Time,1002.913,DronePosition,-110.2394,59.26447,-107.379,0,CameraPosition,-103.1771,1.780463,-107.4853,CameraRotation,345.8549,268.6929,359.0335,CurrentState,End,Slider,51,Scenario,3
ID,26,Time,1002.928,DronePosition,-110.2394,59.26447,-107.379,0,CameraPosition,-103.1771,1.78048,-107.4851,CameraRotation,345.8472,268.7445,359.0163,CurrentState,End,Slider,51,Scenario,3
ID,26,Time,1002.941,DronePosition,-110.2394,59.26447,-107.379,0,CameraPosition,-103.177,1.780473,-107.4849,CameraRotation,345.8581,268.819,358.9845,CurrentState,End,Slider,51,Scenario,3
ID,26,Time,1002.954,DronePosition,-110.2394,59.26447,-107.379,0,CameraPosition,-103.177,1.78048,-107.4846,CameraRotation,345.8543,268.8917,358.9533,CurrentState,End,Slider,51,Scenario,3
ID,26,Time,1002.969,DronePosition,-110.2394,59.26447,-107.379,0,CameraPosition,-103.1769,1.780493,-107.4844,CameraRotation,345.8304,268.9572,358.9275,CurrentState,End,Slider,51,Scenario,3
ID,26,Time,1002.982,DronePosition,-110.2394,59.26447,-107.379,0,CameraPosition,-103.1768,1.780519,-107.4842,CameraRotation,345.8035,269.0355,358.8872,CurrentState,End,Slider,51,Scenario,3
ID,26,Time,1002.996,DronePosition,-110.2394,59.26447,-107.379,0,CameraPosition,-103.1768,1.780507,-107.484,CameraRotation,345.7938,269.1143,358.8366,CurrentState,End,Slider,51,Scenario,3
ID,26,Time,1003.01,DronePosition,-110.2394,59.26447,-107.379,0,CameraPosition,-103.1768,1.780482,-107.4837,CameraRotation,345.8016,269.1825,358.7939,CurrentState,End,Slider,51,Scenario,3
ID,26,Time,1003.024,DronePosition,-110.2394,59.26447,-107.379,0,CameraPosition,-103.1767,1.780465,-107.4835,CameraRotation,345.8092,269.2345,358.7447,CurrentState,End,Slider,51,Scenario,3
ID,26,Time,1003.038,DronePosition,-110.2394,59.26447,-107.379,0,CameraPosition,-103.1767,1.780465,-107.4833,CameraRotation,345.8165,269.2636,358.7125,CurrentState,End,Slider,51,Scenario,3
ID,26,Time,1003.052,DronePosition,-110.2394,59.26447,-107.379,0,CameraPosition,-103.1767,1.780469,-107.4831,CameraRotation,345.8212,269.2893,358.6794,CurrentState,End,Slider,51,Scenario,3
ID,26,Time,1003.066,DronePosition,-110.2394,59.26447,-107.379,0,CameraPosition,-103.1766,1.780467,-107.4829,CameraRotation,345.8282,269.3094,358.6468,CurrentState,End,Slider,51,Scenario,3
ID,26,Time,1003.08,DronePosition,-110.2394,59.26447,-107.379,0,CameraPosition,-103.1766,1.780465,-107.4828,CameraRotation,345.8543,269.3245,358.6117,CurrentState,End,Slider,51,Scenario,3
ID,26,Time,1003.094,DronePosition,-110.2394,59.26447,-107.379,0,CameraPosition,-103.1765,1.780427,-107.4827,CameraRotation,345.8651,269.3399,358.593,CurrentState,End,Slider,51,Scenario,3
ID,26,Time,1003.107,DronePosition,-110.2394,59.26447,-107.379,0,CameraPosition,-103.1765,1.780404,-107.4826,CameraRotation,345.8837,269.3551,358.5731,CurrentState,End,Slider,51,Scenario,3
ID,26,Time,1003.121,DronePosition,-110.2394,59.26447,-107.379,0,CameraPosition,-103.1764,1.78038,-107.4825,CameraRotation,345.8891,269.3742,358.5715,CurrentState,End,Slider,51,Scenario,3
ID,26,Time,1003.136,DronePosition,-110.2394,59.26447,-107.379,0,CameraPosition,-103.1764,1.780379,-107.4824,CameraRotation,345.8868,269.392,358.569,CurrentState,End,Slider,51,Scenario,3
ID,26,Time,1003.15,DronePosition,-110.2394,59.26447,-107.379,0,CameraPosition,-103.1764,1.780399,-107.4823,CameraRotation,345.8756,269.412,358.5743,CurrentState,End,Slider,51,Scenario,3
ID,26,Time,1003.163,DronePosition,-110.2394,59.26447,-107.379,0,CameraPosition,-103.1763,1.780432,-107.4823,CameraRotation,345.8562,269.4242,358.5788,CurrentState,End,Slider,51,Scenario,3
ID,26,Time,1003.177,DronePosition,-110.2394,59.26447,-107.379,0,CameraPosition,-103.1762,1.780456,-107.4823,CameraRotation,345.8393,269.4222,358.5909,CurrentState,End,Slider,51,Scenario,3
ID,26,Time,1003.191,DronePosition,-110.2394,59.26447,-107.379,0,CameraPosition,-103.1762,1.780463,-107.4822,CameraRotation,345.8176,269.4001,358.6076,CurrentState,End,Slider,51,Scenario,3
ID,26,Time,1003.205,DronePosition,-110.2394,59.26447,-107.379,0,CameraPosition,-103.1761,1.780464,-107.4822,CameraRotation,345.811,269.3694,358.6214,CurrentState,End,Slider,51,Scenario,3
ID,26,Time,1003.219,DronePosition,-110.2394,59.26447,-107.379,0,CameraPosition,-103.176,1.780489,-107.4822,CameraRotation,345.8061,269.337,358.6227,CurrentState,End,Slider,51,Scenario,3
ID,26,Time,1003.233,DronePosition,-110.2394,59.26447,-107.379,0,CameraPosition,-103.176,1.78051,-107.4823,CameraRotation,345.7935,269.2943,358.63,CurrentState,End,Slider,51,Scenario,3
ID,26,Time,1003.247,DronePosition,-110.2394,59.26447,-107.379,0,CameraPosition,-103.1759,1.780517,-107.4823,CameraRotation,345.7715,269.2659,358.6361,CurrentState,End,Slider,51,Scenario,3
ID,26,Time,1003.261,DronePosition,-110.2394,59.26447,-107.379,0,CameraPosition,-103.1758,1.780528,-107.4823,CameraRotation,345.7491,269.2533,358.6357,CurrentState,End,Slider,51,Scenario,3
ID,26,Time,1003.275,DronePosition,-110.2394,59.26447,-107.379,0,CameraPosition,-103.1758,1.780539,-107.4823,CameraRotation,345.7281,269.2349,358.6467,CurrentState,End,Slider,51,Scenario,3
ID,26,Time,1003.289,DronePosition,-110.2394,59.26447,-107.379,0,CameraPosition,-103.1757,1.780566,-107.4823,CameraRotation,345.7005,269.2176,358.6516,CurrentState,End,Slider,51,Scenario,3
ID,26,Time,1003.303,DronePosition,-110.2394,59.26447,-107.379,0,CameraPosition,-103.1756,1.780651,-107.4824,CameraRotation,345.6859,269.2025,358.6598,CurrentState,End,Slider,51,Scenario,3
ID,26,Time,1003.316,DronePosition,-110.2394,59.26447,-107.379,0,CameraPosition,-103.1755,1.780733,-107.4825,CameraRotation,345.6778,269.1724,358.6835,CurrentState,End,Slider,51,Scenario,3
ID,26,Time,1003.33,DronePosition,-110.2394,59.26447,-107.379,0,CameraPosition,-103.1755,1.780758,-107.4825,CameraRotation,345.6716,269.126,358.7153,CurrentState,End,Slider,51,Scenario,3
ID,26,Time,1003.344,DronePosition,-110.2394,59.26447,-107.379,0,CameraPosition,-103.1754,1.780766,-107.4826,CameraRotation,345.6584,269.0842,358.734,CurrentState,End,Slider,51,Scenario,3
ID,26,Time,1003.359,DronePosition,-110.2394,59.26447,-107.379,0,CameraPosition,-103.1754,1.780785,-107.4827,CameraRotation,345.6531,269.043,358.7455,CurrentState,End,Slider,51,Scenario,3
ID,26,Time,1003.372,DronePosition,-110.2394,59.26447,-107.379,0,CameraPosition,-103.1754,1.780812,-107.4827,CameraRotation,345.6414,269.0118,358.7598,CurrentState,End,Slider,51,Scenario,3
ID,26,Time,1003.386,DronePosition,-110.2394,59.26447,-107.379,0,CameraPosition,-103.1753,1.780842,-107.4828,CameraRotation,345.6155,268.9991,358.7555,CurrentState,End,Slider,51,Scenario,3
ID,26,Time,1003.4,DronePosition,-110.2394,59.26447,-107.379,0,CameraPosition,-103.1753,1.78086,-107.4829,CameraRotation,345.5936,268.9969,358.734,CurrentState,End,Slider,51,Scenario,3
ID,26,Time,1003.414,DronePosition,-110.2394,59.26447,-107.379,0,CameraPosition,-103.1753,1.780884,-107.4829,CameraRotation,345.5915,268.9969,358.7351,CurrentState,End,Slider,51,Scenario,3
ID,26,Time,1003.428,DronePosition,-110.2394,59.26447,-107.379,0,CameraPosition,-103.1754,1.78089,-107.483,CameraRotation,345.5892,268.9951,358.7597,CurrentState,End,Slider,51,Scenario,3
ID,26,Time,1003.442,DronePosition,-110.2394,59.26447,-107.379,0,CameraPosition,-103.1754,1.780903,-107.4831,CameraRotation,345.6031,268.9816,358.7739,CurrentState,End,Slider,51,Scenario,3
ID,26,Time,1003.456,DronePosition,-110.2394,59.26447,-107.379,0,CameraPosition,-103.1754,1.780899,-107.4832,CameraRotation,345.6194,268.95,358.7881,CurrentState,End,Slider,51,Scenario,3
ID,26,Time,1003.47,DronePosition,-110.2394,59.26447,-107.379,0,CameraPosition,-103.1754,1.780877,-107.4833,CameraRotation,345.6417,268.925,358.8005,CurrentState,End,Slider,51,Scenario,3
ID,26,Time,1003.483,DronePosition,-110.2394,59.26447,-107.379,0,CameraPosition,-103.1754,1.780868,-107.4834,CameraRotation,345.6614,268.8835,358.8022,CurrentState,End,Slider,51,Scenario,3
ID,26,Time,1003.497,DronePosition,-110.2394,59.26447,-107.379,0,CameraPosition,-103.1755,1.780855,-107.4836,CameraRotation,345.6757,268.8296,358.805,CurrentState,End,Slider,51,Scenario,3
ID,26,Time,1003.511,DronePosition,-110.2394,59.26447,-107.379,0,CameraPosition,-103.1755,1.780826,-107.4837,CameraRotation,345.6815,268.7755,358.8331,CurrentState,End,Slider,51,Scenario,3
ID,26,Time,1003.525,DronePosition,-110.2394,59.26447,-107.379,0,CameraPosition,-103.1756,1.780812,-107.4838,CameraRotation,345.6797,268.7266,358.8622,CurrentState,End,Slider,51,Scenario,3
ID,26,Time,1003.539,DronePosition,-110.2394,59.26447,-107.379,0,CameraPosition,-103.1757,1.780804,-107.484,CameraRotation,345.6871,268.6761,358.8842,CurrentState,End,Slider,51,Scenario,3
ID,26,Time,1003.553,DronePosition,-110.2394,59.26447,-107.379,0,CameraPosition,-103.1758,1.780793,-107.4841,CameraRotation,345.693,268.646,358.9021,CurrentState,End,Slider,51,Scenario,3
ID,26,Time,1003.567,DronePosition,-110.2394,59.26447,-107.379,0,CameraPosition,-103.1759,1.780769,-107.4842,CameraRotation,345.697,268.6279,358.9151,CurrentState,End,Slider,51,Scenario,3
ID,26,Time,1003.581,DronePosition,-110.2394,59.26447,-107.379,0,CameraPosition,-103.1759,1.780753,-107.4843,CameraRotation,345.7271,268.6028,358.9472,CurrentState,End,Slider,51,Scenario,3
ID,26,Time,1003.595,DronePosition,-110.2394,59.26447,-107.379,0,CameraPosition,-103.176,1.780725,-107.4844,CameraRotation,345.7446,268.5957,358.9759,CurrentState,End,Slider,51,Scenario,3
ID,26,Time,1003.609,DronePosition,-110.2394,59.26447,-107.379,0,CameraPosition,-103.1761,1.780729,-107.4845,CameraRotation,345.7535,268.5831,359.0089,CurrentState,End,Slider,51,Scenario,3
ID,26,Time,1003.623,DronePosition,-110.2394,59.26447,-107.379,0,CameraPosition,-103.1762,1.780741,-107.4845,CameraRotation,345.7378,268.5876,359.0123,CurrentState,End,Slider,51,Scenario,3
ID,26,Time,1003.636,DronePosition,-110.2394,59.26447,-107.379,0,CameraPosition,-103.1763,1.780758,-107.4845,CameraRotation,345.7303,268.5996,358.9962,CurrentState,End,Slider,51,Scenario,3
ID,26,Time,1003.65,DronePosition,-110.2394,59.26447,-107.379,0,CameraPosition,-103.1764,1.780765,-107.4845,CameraRotation,345.7193,268.6087,358.9913,CurrentState,End,Slider,51,Scenario,3
ID,26,Time,1003.664,DronePosition,-110.2394,59.26447,-107.379,0,CameraPosition,-103.1765,1.780787,-107.4845,CameraRotation,345.7293,268.6227,358.99,CurrentState,End,Slider,51,Scenario,3
ID,26,Time,1003.678,DronePosition,-110.2394,59.26447,-107.379,0,CameraPosition,-103.1767,1.780771,-107.4846,CameraRotation,345.7445,268.6335,358.997,CurrentState,End,Slider,51,Scenario,3
ID,26,Time,1003.692,DronePosition,-110.2394,59.26447,-107.379,0,CameraPosition,-103.1768,1.780753,-107.4846,CameraRotation,345.7675,268.6607,358.9976,CurrentState,End,Slider,51,Scenario,3
ID,26,Time,1003.706,DronePosition,-110.2394,59.26447,-107.379,0,CameraPosition,-103.1769,1.780748,-107.4846,CameraRotation,345.7842,268.6791,358.9823,CurrentState,End,Slider,51,Scenario,3
ID,26,Time,1003.72,DronePosition,-110.2394,59.26447,-107.379,0,CameraPosition,-103.177,1.78073,-107.4846,CameraRotation,345.7982,268.6965,358.9697,CurrentState,End,Slider,51,Scenario,3
ID,26,Time,1003.734,DronePosition,-110.2394,59.26447,-107.379,0,CameraPosition,-103.1772,1.780712,-107.4846,CameraRotation,345.8212,268.7088,358.974,CurrentState,End,Slider,51,Scenario,3
ID,26,Time,1003.748,DronePosition,-110.2394,59.26447,-107.379,0,CameraPosition,-103.1774,1.780664,-107.4846,CameraRotation,345.8465,268.7171,358.9939,CurrentState,End,Slider,51,Scenario,3
ID,26,Time,1003.762,DronePosition,-110.2394,59.26447,-107.379,0,CameraPosition,-103.1775,1.780649,-107.4846,CameraRotation,345.8797,268.7248,358.9926,CurrentState,End,Slider,51,Scenario,3
ID,26,Time,1003.777,DronePosition,-110.2394,59.26447,-107.379,0,CameraPosition,-103.1776,1.780639,-107.4847,CameraRotation,345.9002,268.7363,358.994,CurrentState,End,Slider,51,Scenario,3
ID,26,Time,1003.79,DronePosition,-110.2394,59.26447,-107.379,0,CameraPosition,-103.1778,1.78064,-107.4847,CameraRotation,345.924,268.7444,358.9855,CurrentState,End,Slider,51,Scenario,3
ID,26,Time,1003.804,DronePosition,-110.2394,59.26447,-107.379,0,CameraPosition,-103.1779,1.780634,-107.4847,CameraRotation,345.9464,268.7477,358.9765,CurrentState,End,Slider,51,Scenario,3
ID,26,Time,1003.818,DronePosition,-110.2394,59.26447,-107.379,0,CameraPosition,-103.1781,1.780614,-107.4847,CameraRotation,345.9649,268.7493,358.9727,CurrentState,End,Slider,51,Scenario,3
ID,26,Time,1003.831,DronePosition,-110.2394,59.26447,-107.379,0,CameraPosition,-103.1782,1.78059,-107.4848,CameraRotation,345.9887,268.7402,358.9666,CurrentState,End,Slider,51,Scenario,3
ID,26,Time,1003.846,DronePosition,-110.2394,59.26447,-107.379,0,CameraPosition,-103.1784,1.780547,-107.4848,CameraRotation,346.0232,268.7286,358.9633,CurrentState,End,Slider,51,Scenario,3
ID,26,Time,1003.859,DronePosition,-110.2394,59.26447,-107.379,0,CameraPosition,-103.1785,1.780499,-107.4848,CameraRotation,346.0555,268.7316,358.9519,CurrentState,End,Slider,51,Scenario,3
ID,26,Time,1003.873,DronePosition,-110.2394,59.26447,-107.379,0,CameraPosition,-103.1787,1.78046,-107.4849,CameraRotation,346.0951,268.7402,358.949,CurrentState,End,Slider,51,Scenario,3
ID,26,Time,1003.887,DronePosition,-110.2394,59.26447,-107.379,0,CameraPosition,-103.1788,1.780437,-107.4849,CameraRotation,346.1323,268.7679,358.9421,CurrentState,End,Slider,51,Scenario,3
ID,26,Time,1003.901,DronePosition,-110.2394,59.26447,-107.379,0,CameraPosition,-103.1789,1.780409,-107.485,CameraRotation,346.1635,268.7935,358.9575,CurrentState,End,Slider,51,Scenario,3
ID,26,Time,1003.915,DronePosition,-110.2394,59.26447,-107.379,0,CameraPosition,-103.179,1.780373,-107.485,CameraRotation,346.1986,268.8164,358.9648,CurrentState,End,Slider,51,Scenario,3
ID,26,Time,1003.93,DronePosition,-110.2394,59.26447,-107.379,0,CameraPosition,-103.1792,1.780342,-107.4851,CameraRotation,346.2338,268.8304,358.9779,CurrentState,End,Slider,51,Scenario,3
ID,26,Time,1003.943,DronePosition,-110.2394,59.26447,-107.379,0,CameraPosition,-103.1793,1.780314,-107.4851,CameraRotation,346.2413,268.8301,358.9775,CurrentState,End,Slider,51,Scenario,3
ID,26,Time,1003.957,DronePosition,-110.2394,59.26447,-107.379,0,CameraPosition,-103.1794,1.780321,-107.4852,CameraRotation,346.2281,268.8163,358.9791,CurrentState,End,Slider,51,Scenario,3
ID,26,Time,1003.971,DronePosition,-110.2394,59.26447,-107.379,0,CameraPosition,-103.1795,1.780347,-107.4853,CameraRotation,346.206,268.7928,358.9878,CurrentState,End,Slider,51,Scenario,3
ID,26,Time,1003.985,DronePosition,-110.2394,59.26447,-107.379,0,CameraPosition,-103.1795,1.780378,-107.4853,CameraRotation,346.1927,268.7695,358.9939,CurrentState,End,Slider,51,Scenario,3
ID,26,Time,1003.999,DronePosition,-110.2394,59.26447,-107.379,0,CameraPosition,-103.1796,1.780402,-107.4854,CameraRotation,346.1917,268.7632,359.0051,CurrentState,End,Slider,51,Scenario,3
ID,26,Time,1004.013,DronePosition,-110.2394,59.26447,-107.379,0,CameraPosition,-103.1797,1.780401,-107.4855,CameraRotation,346.2049,268.7717,359.0176,CurrentState,End,Slider,51,Scenario,3
ID,26,Time,1004.026,DronePosition,-110.2394,59.26447,-107.379,0,CameraPosition,-103.1798,1.780393,-107.4856,CameraRotation,346.2234,268.7801,359.0295,CurrentState,End,Slider,51,Scenario,3
ID,26,Time,1004.04,DronePosition,-110.2394,59.26447,-107.379,0,CameraPosition,-103.1799,1.780377,-107.4857,CameraRotation,346.2357,268.7946,359.0381,CurrentState,End,Slider,51,Scenario,3
ID,26,Time,1004.054,DronePosition,-110.2394,59.26447,-107.379,0,CameraPosition,-103.18,1.780386,-107.4857,CameraRotation,346.2485,268.7971,359.0509,CurrentState,End,Slider,51,Scenario,3
ID,26,Time,1004.068,DronePosition,-110.2394,59.26447,-107.379,0,CameraPosition,-103.18,1.780393,-107.4858,CameraRotation,346.2298,268.7776,359.069,CurrentState,End,Slider,51,Scenario,3
ID,26,Time,1004.082,DronePosition,-110.2394,59.26447,-107.379,0,CameraPosition,-103.1801,1.780414,-107.4859,CameraRotation,346.1958,268.7375,359.0972,CurrentState,End,Slider,51,Scenario,3
ID,26,Time,1004.096,DronePosition,-110.2394,59.26447,-107.379,0,CameraPosition,-103.1802,1.780407,-107.486,CameraRotation,346.1679,268.6895,359.1172,CurrentState,End,Slider,51,Scenario,3
ID,26,Time,1004.11,DronePosition,-110.2394,59.26447,-107.379,0,CameraPosition,-103.1803,1.780385,-107.4861,CameraRotation,346.1552,268.6328,359.1274,CurrentState,End,Slider,51,Scenario,3
ID,26,Time,1004.124,DronePosition,-110.2394,59.26447,-107.379,0,CameraPosition,-103.1804,1.780393,-107.4862,CameraRotation,346.1484,268.6008,359.1514,CurrentState,End,Slider,51,Scenario,3
ID,26,Time,1004.138,DronePosition,-110.2394,59.26447,-107.379,0,CameraPosition,-103.1805,1.780416,-107.4862,CameraRotation,346.1268,268.5754,359.1784,CurrentState,End,Slider,51,Scenario,3
ID,26,Time,1004.152,DronePosition,-110.2394,59.26447,-107.379,0,CameraPosition,-103.1806,1.780433,-107.4862,CameraRotation,346.1201,268.5738,359.1776,CurrentState,End,Slider,51,Scenario,3
ID,26,Time,1004.166,DronePosition,-110.2394,59.26447,-107.379,0,CameraPosition,-103.1807,1.780433,-107.4862,CameraRotation,346.1483,268.609,359.1792,CurrentState,End,Slider,51,Scenario,3
ID,26,Time,1004.18,DronePosition,-110.2394,59.26447,-107.379,0,CameraPosition,-103.1807,1.780396,-107.4862,CameraRotation,346.187,268.665,359.194,CurrentState,End,Slider,51,Scenario,3
ID,26,Time,1004.194,DronePosition,-110.2394,59.26447,-107.379,0,CameraPosition,-103.1808,1.780325,-107.4862,CameraRotation,346.2312,268.7323,359.2177,CurrentState,End,Slider,51,Scenario,3
ID,26,Time,1004.207,DronePosition,-110.2394,59.26447,-107.379,0,CameraPosition,-103.1809,1.780263,-107.4862,CameraRotation,346.2867,268.7858,359.2254,CurrentState,End,Slider,51,Scenario,3
ID,26,Time,1004.221,DronePosition,-110.2394,59.26447,-107.379,0,CameraPosition,-103.1809,1.7802,-107.4862,CameraRotation,346.3225,268.8303,359.2313,CurrentState,End,Slider,51,Scenario,3
ID,26,Time,1004.235,DronePosition,-110.2394,59.26447,-107.379,0,CameraPosition,-103.181,1.780143,-107.4862,CameraRotation,346.3572,268.855,359.2457,CurrentState,End,Slider,51,Scenario,3
ID,26,Time,1004.249,DronePosition,-110.2394,59.26447,-107.379,0,CameraPosition,-103.181,1.780091,-107.4863,CameraRotation,346.3795,268.8474,359.2563,CurrentState,End,Slider,51,Scenario,3
ID,26,Time,1004.263,DronePosition,-110.2394,59.26447,-107.379,0,CameraPosition,-103.181,1.780067,-107.4863,CameraRotation,346.3916,268.8361,359.2493,CurrentState,End,Slider,51,Scenario,3
ID,26,Time,1004.277,DronePosition,-110.2394,59.26447,-107.379,0,CameraPosition,-103.181,1.78005,-107.4864,CameraRotation,346.387,268.7979,359.2438,CurrentState,End,Slider,51,Scenario,3
ID,26,Time,1004.291,DronePosition,-110.2394,59.26447,-107.379,0,CameraPosition,-103.181,1.780064,-107.4864,CameraRotation,346.3844,268.7638,359.2144,CurrentState,End,Slider,51,Scenario,3
ID,26,Time,1004.305,DronePosition,-110.2394,59.26447,-107.379,0,CameraPosition,-103.181,1.780105,-107.4865,CameraRotation,346.3676,268.7452,359.1789,CurrentState,End,Slider,51,Scenario,3
ID,26,Time,1004.319,DronePosition,-110.2394,59.26447,-107.379,0,CameraPosition,-103.181,1.780189,-107.4865,CameraRotation,346.3272,268.7295,359.1241,CurrentState,End,Slider,51,Scenario,3
ID,26,Time,1004.333,DronePosition,-110.2394,59.26447,-107.379,0,CameraPosition,-103.181,1.780223,-107.4865,CameraRotation,346.2962,268.7217,359.1204,CurrentState,End,Slider,51,Scenario,3
ID,26,Time,1004.347,DronePosition,-110.2394,59.26447,-107.379,0,CameraPosition,-103.181,1.780197,-107.4866,CameraRotation,346.2994,268.7112,359.1291,CurrentState,End,Slider,51,Scenario,3
ID,26,Time,1004.361,DronePosition,-110.2394,59.26447,-107.379,0,CameraPosition,-103.181,1.780147,-107.4866,CameraRotation,346.2705,268.6932,359.1432,CurrentState,End,Slider,51,Scenario,3
ID,26,Time,1004.374,DronePosition,-110.2394,59.26447,-107.379,0,CameraPosition,-103.181,1.78014,-107.4867,CameraRotation,346.2433,268.6661,359.1531,CurrentState,End,Slider,51,Scenario,3
ID,26,Time,1004.388,DronePosition,-110.2394,59.26447,-107.379,0,CameraPosition,-103.1811,1.780113,-107.4868,CameraRotation,346.2092,268.6281,359.1519,CurrentState,End,Slider,51,Scenario,3
ID,26,Time,1004.403,DronePosition,-110.2394,59.26447,-107.379,0,CameraPosition,-103.1811,1.780112,-107.487,CameraRotation,346.1815,268.574,359.1681,CurrentState,End,Slider,51,Scenario,3
ID,26,Time,1004.416,DronePosition,-110.2394,59.26447,-107.379,0,CameraPosition,-103.1811,1.780132,-107.4871,CameraRotation,346.144,268.5184,359.2001,CurrentState,End,Slider,51,Scenario,3
ID,26,Time,1004.43,DronePosition,-110.2394,59.26447,-107.379,0,CameraPosition,-103.1812,1.780178,-107.4873,CameraRotation,346.1103,268.4428,359.2378,CurrentState,End,Slider,51,Scenario,3
ID,26,Time,1004.444,DronePosition,-110.2394,59.26447,-107.379,0,CameraPosition,-103.1812,1.7802,-107.4875,CameraRotation,346.0999,268.3796,359.2624,CurrentState,End,Slider,51,Scenario,3
ID,26,Time,1004.458,DronePosition,-110.2394,59.26447,-107.379,0,CameraPosition,-103.1814,1.780188,-107.4877,CameraRotation,346.1118,268.3262,359.2756,CurrentState,End,Slider,51,Scenario,3
ID,26,Time,1004.472,DronePosition,-110.2394,59.26447,-107.379,0,CameraPosition,-103.1814,1.780162,-107.4879,CameraRotation,346.1364,268.2646,359.3104,CurrentState,End,Slider,51,Scenario,3
ID,26,Time,1004.486,DronePosition,-110.2394,59.26447,-107.379,0,CameraPosition,-103.1816,1.780118,-107.488,CameraRotation,346.17,268.2109,359.3433,CurrentState,End,Slider,51,Scenario,3
ID,26,Time,1004.5,DronePosition,-110.2394,59.26447,-107.379,0,CameraPosition,-103.1817,1.780025,-107.4882,CameraRotation,346.2,268.1579,359.3754,CurrentState,End,Slider,51,Scenario,3
ID,26,Time,1004.514,DronePosition,-110.2394,59.26447,-107.379,0,CameraPosition,-103.1818,1.779925,-107.4883,CameraRotation,346.236,268.1193,359.4055,CurrentState,End,Slider,51,Scenario,3
ID,26,Time,1004.528,DronePosition,-110.2394,59.26447,-107.379,0,CameraPosition,-103.1819,1.779873,-107.4884,CameraRotation,346.2918,268.107,359.4014,CurrentState,End,Slider,51,Scenario,3
ID,26,Time,1004.542,DronePosition,-110.2394,59.26447,-107.379,0,CameraPosition,-103.1821,1.779818,-107.4884,CameraRotation,346.3388,268.1049,359.3998,CurrentState,End,Slider,51,Scenario,3
ID,26,Time,1004.555,DronePosition,-110.2394,59.26447,-107.379,0,CameraPosition,-103.1822,1.779747,-107.4885,CameraRotation,346.4007,268.1221,359.4074,CurrentState,End,Slider,51,Scenario,3
ID,26,Time,1004.569,DronePosition,-110.2394,59.26447,-107.379,0,CameraPosition,-103.1823,1.779677,-107.4885,CameraRotation,346.4746,268.1527,359.4099,CurrentState,End,Slider,51,Scenario,3
ID,26,Time,1004.583,DronePosition,-110.2394,59.26447,-107.379,0,CameraPosition,-103.1824,1.779632,-107.4886,CameraRotation,346.5508,268.172,359.3963,CurrentState,End,Slider,51,Scenario,3
ID,26,Time,1004.597,DronePosition,-110.2394,59.26447,-107.379,0,CameraPosition,-103.1824,1.779586,-107.4886,CameraRotation,346.619,268.2225,359.3705,CurrentState,End,Slider,51,Scenario,3
ID,26,Time,1004.612,DronePosition,-110.2394,59.26447,-107.379,0,CameraPosition,-103.1825,1.779498,-107.4886,CameraRotation,346.6724,268.2733,359.3624,CurrentState,End,Slider,51,Scenario,3
ID,26,Time,1004.625,DronePosition,-110.2394,59.26447,-107.379,0,CameraPosition,-103.1826,1.779418,-107.4886,CameraRotation,346.7101,268.3149,359.3655,CurrentState,End,Slider,51,Scenario,3
ID,26,Time,1004.639,DronePosition,-110.2394,59.26447,-107.379,0,CameraPosition,-103.1826,1.779379,-107.4886,CameraRotation,346.7043,268.3545,359.3669,CurrentState,End,Slider,51,Scenario,3
ID,26,Time,1004.653,DronePosition,-110.2394,59.26447,-107.379,0,CameraPosition,-103.1827,1.779355,-107.4886,CameraRotation,346.6647,268.3974,359.35,CurrentState,End,Slider,51,Scenario,3
ID,26,Time,1004.667,DronePosition,-110.2394,59.26447,-107.379,0,CameraPosition,-103.1827,1.779325,-107.4886,CameraRotation,346.6272,268.4364,359.3243,CurrentState,End,Slider,51,Scenario,3
ID,26,Time,1004.681,DronePosition,-110.2394,59.26447,-107.379,0,CameraPosition,-103.1827,1.779313,-107.4886,CameraRotation,346.5976,268.477,359.3156,CurrentState,End,Slider,51,Scenario,3
ID,26,Time,1004.695,DronePosition,-110.2394,59.26447,-107.379,0,CameraPosition,-103.1827,1.779332,-107.4887,CameraRotation,346.5909,268.5053,359.3257,CurrentState,End,Slider,51,Scenario,3
ID,26,Time,1004.709,DronePosition,-110.2394,59.26447,-107.379,0,CameraPosition,-103.1828,1.779328,-107.4887,CameraRotation,346.5974,268.5162,359.362,CurrentState,End,Slider,51,Scenario,3
ID,26,Time,1004.722,DronePosition,-110.2394,59.26447,-107.379,0,CameraPosition,-103.1828,1.779282,-107.4887,CameraRotation,346.6287,268.5372,359.3978,CurrentState,End,Slider,51,Scenario,3
ID,26,Time,1004.737,DronePosition,-110.2394,59.26447,-107.379,0,CameraPosition,-103.1827,1.779213,-107.4887,CameraRotation,346.6955,268.5667,359.4309,CurrentState,End,Slider,51,Scenario,3
ID,26,Time,1004.75,DronePosition,-110.2394,59.26447,-107.379,0,CameraPosition,-103.1827,1.779143,-107.4887,CameraRotation,346.7638,268.6132,359.4522,CurrentState,End,Slider,51,Scenario,3
ID,26,Time,1004.764,DronePosition,-110.2394,59.26447,-107.379,0,CameraPosition,-103.1827,1.779063,-107.4887,CameraRotation,346.8072,268.674,359.4713,CurrentState,End,Slider,51,Scenario,3
ID,26,Time,1004.779,DronePosition,-110.2394,59.26447,-107.379,0,CameraPosition,-103.1826,1.779009,-107.4887,CameraRotation,346.817,268.7207,359.5094,CurrentState,End,Slider,51,Scenario,3
ID,26,Time,1004.792,DronePosition,-110.2394,59.26447,-107.379,0,CameraPosition,-103.1826,1.778983,-107.4887,CameraRotation,346.7977,268.7625,359.5346,CurrentState,End,Slider,51,Scenario,3
ID,26,Time,1004.806,DronePosition,-110.2394,59.26447,-107.379,0,CameraPosition,-103.1826,1.778972,-107.4886,CameraRotation,346.7677,268.803,359.578,CurrentState,End,Slider,51,Scenario,3
ID,26,Time,1004.82,DronePosition,-110.2394,59.26447,-107.379,0,CameraPosition,-103.1825,1.778909,-107.4885,CameraRotation,346.7838,268.8357,359.6403,CurrentState,End,Slider,51,Scenario,3
ID,26,Time,1004.834,DronePosition,-110.2394,59.26447,-107.379,0,CameraPosition,-103.1825,1.778782,-107.4884,CameraRotation,346.8521,268.8927,359.6996,CurrentState,End,Slider,51,Scenario,3
ID,26,Time,1004.848,DronePosition,-110.2394,59.26447,-107.379,0,CameraPosition,-103.1825,1.778676,-107.4882,CameraRotation,346.9725,269.0013,359.7072,CurrentState,End,Slider,51,Scenario,3
ID,26,Time,1004.862,DronePosition,-110.2394,59.26447,-107.379,0,CameraPosition,-103.1824,1.778616,-107.488,CameraRotation,347.0589,269.1353,359.6782,CurrentState,End,Slider,51,Scenario,3
ID,26,Time,1004.876,DronePosition,-110.2394,59.26447,-107.379,0,CameraPosition,-103.1824,1.778587,-107.4878,CameraRotation,347.0904,269.3224,359.6115,CurrentState,End,Slider,51,Scenario,3
ID,26,Time,1004.889,DronePosition,-110.2394,59.26447,-107.379,0,CameraPosition,-103.1823,1.778587,-107.4876,CameraRotation,347.1189,269.4901,359.5594,CurrentState,End,Slider,51,Scenario,3
ID,26,Time,1004.904,DronePosition,-110.2394,59.26447,-107.379,0,CameraPosition,-103.1822,1.778584,-107.4874,CameraRotation,347.1357,269.6271,359.5265,CurrentState,End,Slider,51,Scenario,3
ID,26,Time,1004.917,DronePosition,-110.2394,59.26447,-107.379,0,CameraPosition,-103.1821,1.778573,-107.4873,CameraRotation,347.1707,269.7129,359.5065,CurrentState,End,Slider,51,Scenario,3
ID,26,Time,1004.931,DronePosition,-110.2394,59.26447,-107.379,0,CameraPosition,-103.182,1.778502,-107.4871,CameraRotation,347.2153,269.7436,359.4999,CurrentState,End,Slider,51,Scenario,3
ID,26,Time,1004.945,DronePosition,-110.2394,59.26447,-107.379,0,CameraPosition,-103.1819,1.778428,-107.4871,CameraRotation,347.2473,269.7421,359.4547,CurrentState,End,Slider,51,Scenario,3
ID,26,Time,1004.959,DronePosition,-110.2394,59.26447,-107.379,0,CameraPosition,-103.1817,1.77836,-107.4871,CameraRotation,347.2607,269.6893,359.4077,CurrentState,End,Slider,51,Scenario,3
ID,26,Time,1004.973,DronePosition,-110.2394,59.26447,-107.379,0,CameraPosition,-103.1816,1.778347,-107.4871,CameraRotation,347.2537,269.6001,359.3589,CurrentState,End,Slider,51,Scenario,3
ID,26,Time,1004.987,DronePosition,-110.2394,59.26447,-107.379,0,CameraPosition,-103.1814,1.778344,-107.4871,CameraRotation,347.2252,269.518,359.3161,CurrentState,End,Slider,51,Scenario,3
ID,26,Time,1005.001,DronePosition,-110.2394,59.26447,-107.379,0,CameraPosition,-103.1813,1.778396,-107.4871,CameraRotation,347.179,269.435,359.2666,CurrentState,End,Slider,51,Scenario,3
ID,26,Time,1005.015,DronePosition,-110.2394,59.26447,-107.379,0,CameraPosition,-103.1812,1.778474,-107.4872,CameraRotation,347.1431,269.3709,359.249,CurrentState,End,Slider,51,Scenario,3
ID,26,Time,1005.029,DronePosition,-110.2394,59.26447,-107.379,0,CameraPosition,-103.1811,1.778561,-107.4873,CameraRotation,347.1068,269.3264,359.2456,CurrentState,End,Slider,51,Scenario,3
ID,26,Time,1005.043,DronePosition,-110.2394,59.26447,-107.379,0,CameraPosition,-103.181,1.77864,-107.4874,CameraRotation,347.0739,269.2829,359.2626,CurrentState,End,Slider,51,Scenario,3
ID,26,Time,1005.057,DronePosition,-110.2394,59.26447,-107.379,0,CameraPosition,-103.1809,1.778723,-107.4875,CameraRotation,347.0311,269.2295,359.2914,CurrentState,End,Slider,51,Scenario,3
ID,26,Time,1005.071,DronePosition,-110.2394,59.26447,-107.379,0,CameraPosition,-103.1807,1.778815,-107.4876,CameraRotation,347.0058,269.1718,359.3,CurrentState,End,Slider,51,Scenario,3
ID,26,Time,1005.084,DronePosition,-110.2394,59.26447,-107.379,0,CameraPosition,-103.1806,1.778873,-107.4877,CameraRotation,346.9944,269.0855,359.3177,CurrentState,End,Slider,51,Scenario,3
ID,26,Time,1005.098,DronePosition,-110.2394,59.26447,-107.379,0,CameraPosition,-103.1805,1.778867,-107.4878,CameraRotation,346.9825,269.0011,359.3316,CurrentState,End,Slider,51,Scenario,3
ID,26,Time,1005.113,DronePosition,-110.2394,59.26447,-107.379,0,CameraPosition,-103.1804,1.778845,-107.4879,CameraRotation,346.9739,268.9347,359.3268,CurrentState,End,Slider,51,Scenario,3
ID,26,Time,1005.126,DronePosition,-110.2394,59.26447,-107.379,0,CameraPosition,-103.1804,1.778795,-107.4879,CameraRotation,346.9723,268.9039,359.3334,CurrentState,End,Slider,51,Scenario,3
ID,26,Time,1005.14,DronePosition,-110.2394,59.26447,-107.379,0,CameraPosition,-103.1803,1.778763,-107.4879,CameraRotation,346.9698,268.871,359.3472,CurrentState,End,Slider,51,Scenario,3
ID,26,Time,1005.154,DronePosition,-110.2394,59.26447,-107.379,0,CameraPosition,-103.1802,1.778748,-107.4879,CameraRotation,346.954,268.8453,359.3782,CurrentState,End,Slider,51,Scenario,3
ID,26,Time,1005.168,DronePosition,-110.2394,59.26447,-107.379,0,CameraPosition,-103.1802,1.778797,-107.4878,CameraRotation,346.9334,268.8143,359.4079,CurrentState,End,Slider,51,Scenario,3
ID,26,Time,1005.182,DronePosition,-110.2394,59.26447,-107.379,0,CameraPosition,-103.1801,1.778868,-107.4878,CameraRotation,346.9234,268.799,359.3997,CurrentState,End,Slider,51,Scenario,3
ID,26,Time,1005.196,DronePosition,-110.2394,59.26447,-107.379,0,CameraPosition,-103.18,1.778888,-107.4877,CameraRotation,346.9289,268.8203,359.3551,CurrentState,End,Slider,51,Scenario,3
ID,26,Time,1005.21,DronePosition,-110.2394,59.26447,-107.379,0,CameraPosition,-103.1799,1.778863,-107.4876,CameraRotation,346.9708,268.858,359.3006,CurrentState,End,Slider,51,Scenario,3
ID,26,Time,1005.224,DronePosition,-110.2394,59.26447,-107.379,0,CameraPosition,-103.1798,1.778804,-107.4875,CameraRotation,347.0177,268.9029,359.2564,CurrentState,End,Slider,51,Scenario,3
ID,26,Time,1005.238,DronePosition,-110.2394,59.26447,-107.379,0,CameraPosition,-103.1797,1.778741,-107.4874,CameraRotation,347.059,268.9595,359.2096,CurrentState,End,Slider,51,Scenario,3
ID,26,Time,1005.252,DronePosition,-110.2394,59.26447,-107.379,0,CameraPosition,-103.1796,1.778719,-107.4873,CameraRotation,347.0536,269.0316,359.1869,CurrentState,End,Slider,51,Scenario,3
ID,26,Time,1005.265,DronePosition,-110.2394,59.26447,-107.379,0,CameraPosition,-103.1795,1.778722,-107.4871,CameraRotation,347.0047,269.0865,359.1981,CurrentState,End,Slider,51,Scenario,3
ID,26,Time,1005.279,DronePosition,-110.2394,59.26447,-107.379,0,CameraPosition,-103.1794,1.778776,-107.487,CameraRotation,346.946,269.1371,359.1973,CurrentState,End,Slider,51,Scenario,3
ID,26,Time,1005.294,DronePosition,-110.2394,59.26447,-107.379,0,CameraPosition,-103.1793,1.778847,-107.4868,CameraRotation,346.8995,269.1876,359.1667,CurrentState,End,Slider,51,Scenario,3
ID,26,Time,1005.307,DronePosition,-110.2394,59.26447,-107.379,0,CameraPosition,-103.1792,1.778894,-107.4867,CameraRotation,346.8815,269.2255,359.1272,CurrentState,End,Slider,51,Scenario,3
ID,26,Time,1005.321,DronePosition,-110.2394,59.26447,-107.379,0,CameraPosition,-103.1791,1.778902,-107.4865,CameraRotation,346.886,269.2697,359.0902,CurrentState,End,Slider,51,Scenario,3
ID,26,Time,1005.335,DronePosition,-110.2394,59.26447,-107.379,0,CameraPosition,-103.1789,1.778859,-107.4863,CameraRotation,346.9139,269.3039,359.0652,CurrentState,End,Slider,51,Scenario,3
ID,26,Time,1005.349,DronePosition,-110.2394,59.26447,-107.379,0,CameraPosition,-103.1788,1.778785,-107.4861,CameraRotation,346.9413,269.362,359.0544,CurrentState,End,Slider,51,Scenario,3
ID,26,Time,1005.363,DronePosition,-110.2394,59.26447,-107.379,0,CameraPosition,-103.1787,1.778709,-107.486,CameraRotation,346.9625,269.4422,359.049,CurrentState,End,Slider,51,Scenario,3
ID,26,Time,1005.377,DronePosition,-110.2394,59.26447,-107.379,0,CameraPosition,-103.1786,1.778684,-107.4857,CameraRotation,346.951,269.5539,359.0633,CurrentState,End,Slider,51,Scenario,3
ID,26,Time,1005.391,DronePosition,-110.2394,59.26447,-107.379,0,CameraPosition,-103.1785,1.778714,-107.4855,CameraRotation,346.9143,269.6837,359.071,CurrentState,End,Slider,51,Scenario,3
ID,26,Time,1005.405,DronePosition,-110.2394,59.26447,-107.379,0,CameraPosition,-103.1784,1.778784,-107.4853,CameraRotation,346.8917,269.8479,359.0599,CurrentState,End,Slider,51,Scenario,3
ID,26,Time,1005.419,DronePosition,-110.2394,59.26447,-107.379,0,CameraPosition,-103.1784,1.778848,-107.4851,CameraRotation,346.9059,270.0258,359.046,CurrentState,End,Slider,51,Scenario,3
ID,26,Time,1005.432,DronePosition,-110.2394,59.26447,-107.379,0,CameraPosition,-103.1783,1.77886,-107.4848,CameraRotation,346.9341,270.1816,359.0398,CurrentState,End,Slider,51,Scenario,3
ID,26,Time,1005.447,DronePosition,-110.2394,59.26447,-107.379,0,CameraPosition,-103.1782,1.778848,-107.4846,CameraRotation,346.9899,270.3295,359.0324,CurrentState,End,Slider,51,Scenario,3
ID,26,Time,1005.461,DronePosition,-110.2394,59.26447,-107.379,0,CameraPosition,-103.1781,1.778805,-107.4844,CameraRotation,347.0336,270.4607,359.0257,CurrentState,End,Slider,51,Scenario,3
ID,26,Time,1005.474,DronePosition,-110.2394,59.26447,-107.379,0,CameraPosition,-103.178,1.778746,-107.4842,CameraRotation,347.0409,270.5771,359.0179,CurrentState,End,Slider,51,Scenario,3
ID,26,Time,1005.488,DronePosition,-110.2394,59.26447,-107.379,0,CameraPosition,-103.1779,1.778744,-107.484,CameraRotation,347.0532,270.6739,358.9966,CurrentState,End,Slider,51,Scenario,3
ID,26,Time,1005.502,DronePosition,-110.2394,59.26447,-107.379,0,CameraPosition,-103.1778,1.778776,-107.4839,CameraRotation,347.0453,270.7702,358.9615,CurrentState,End,Slider,51,Scenario,3
ID,26,Time,1005.516,DronePosition,-110.2394,59.26447,-107.379,0,CameraPosition,-103.1777,1.778836,-107.4837,CameraRotation,347.0156,270.8307,358.9524,CurrentState,End,Slider,51,Scenario,3
ID,26,Time,1005.53,DronePosition,-110.2394,59.26447,-107.379,0,CameraPosition,-103.1777,1.77893,-107.4836,CameraRotation,346.9634,270.8962,358.9627,CurrentState,End,Slider,51,Scenario,3
ID,26,Time,1005.544,DronePosition,-110.2394,59.26447,-107.379,0,CameraPosition,-103.1776,1.779045,-107.4835,CameraRotation,346.9113,270.9286,358.9959,CurrentState,End,Slider,51,Scenario,3
ID,26,Time,1005.558,DronePosition,-110.2394,59.26447,-107.379,0,CameraPosition,-103.1775,1.779126,-107.4834,CameraRotation,346.8944,270.9576,359.0075,CurrentState,End,Slider,51,Scenario,3
ID,26,Time,1005.572,DronePosition,-110.2394,59.26447,-107.379,0,CameraPosition,-103.1775,1.779187,-107.4834,CameraRotation,346.8861,270.9778,359.0219,CurrentState,End,Slider,51,Scenario,3
ID,26,Time,1005.586,DronePosition,-110.2394,59.26447,-107.379,0,CameraPosition,-103.1775,1.779249,-107.4833,CameraRotation,346.8465,270.9861,359.0443,CurrentState,End,Slider,51,Scenario,3
ID,26,Time,1005.6,DronePosition,-110.2394,59.26447,-107.379,0,CameraPosition,-103.1776,1.779291,-107.4832,CameraRotation,346.7943,270.9807,359.0469,CurrentState,End,Slider,51,Scenario,3
ID,26,Time,1005.614,DronePosition,-110.2394,59.26447,-107.379,0,CameraPosition,-103.1776,1.779303,-107.4831,CameraRotation,346.7968,270.9772,359.0489,CurrentState,End,Slider,51,Scenario,3
ID,26,Time,1005.628,DronePosition,-110.2394,59.26447,-107.379,0,CameraPosition,-103.1776,1.779294,-107.483,CameraRotation,346.821,270.979,359.0462,CurrentState,End,Slider,51,Scenario,3
ID,26,Time,1005.641,DronePosition,-110.2394,59.26447,-107.379,0,CameraPosition,-103.1777,1.779273,-107.4829,CameraRotation,346.8409,270.9723,359.0616,CurrentState,End,Slider,51,Scenario,3
ID,26,Time,1005.656,DronePosition,-110.2394,59.26447,-107.379,0,CameraPosition,-103.1777,1.77927,-107.4828,CameraRotation,346.8611,270.9738,359.0751,CurrentState,End,Slider,51,Scenario,3
ID,26,Time,1005.669,DronePosition,-110.2394,59.26447,-107.379,0,CameraPosition,-103.1778,1.77922,-107.4827,CameraRotation,346.8927,270.9795,359.0821,CurrentState,End,Slider,51,Scenario,3
ID,26,Time,1005.683,DronePosition,-110.2394,59.26447,-107.379,0,CameraPosition,-103.1778,1.779141,-107.4826,CameraRotation,346.9572,271.0031,359.0663,CurrentState,End,Slider,51,Scenario,3
ID,26,Time,1005.697,DronePosition,-110.2394,59.26447,-107.379,0,CameraPosition,-103.1778,1.779077,-107.4825,CameraRotation,347.0376,271.0295,359.0522,CurrentState,End,Slider,51,Scenario,3
ID,26,Time,1005.711,DronePosition,-110.2394,59.26447,-107.379,0,CameraPosition,-103.1779,1.778982,-107.4824,CameraRotation,347.1024,271.0519,359.043,CurrentState,End,Slider,51,Scenario,3
ID,26,Time,1005.725,DronePosition,-110.2394,59.26447,-107.379,0,CameraPosition,-103.1779,1.778907,-107.4823,CameraRotation,347.1677,271.0607,359.0317,CurrentState,End,Slider,51,Scenario,3
ID,26,Time,1005.739,DronePosition,-110.2394,59.26447,-107.379,0,CameraPosition,-103.1779,1.778836,-107.4822,CameraRotation,347.2121,271.0721,359.0236,CurrentState,End,Slider,51,Scenario,3
ID,26,Time,1005.753,DronePosition,-110.2394,59.26447,-107.379,0,CameraPosition,-103.1779,1.778805,-107.4821,CameraRotation,347.2449,271.0858,359.0039,CurrentState,End,Slider,51,Scenario,3
ID,26,Time,1005.767,DronePosition,-110.2394,59.26447,-107.379,0,CameraPosition,-103.1779,1.778791,-107.482,CameraRotation,347.2704,271.0886,358.9831,CurrentState,End,Slider,51,Scenario,3
ID,26,Time,1005.781,DronePosition,-110.2394,59.26447,-107.379,0,CameraPosition,-103.1778,1.778735,-107.4819,CameraRotation,347.2905,271.0826,358.9715,CurrentState,End,Slider,51,Scenario,3
ID,26,Time,1005.795,DronePosition,-110.2394,59.26447,-107.379,0,CameraPosition,-103.1777,1.778693,-107.4819,CameraRotation,347.3361,271.0848,358.9647,CurrentState,End,Slider,51,Scenario,3
ID,26,Time,1005.809,DronePosition,-110.2394,59.26447,-107.379,0,CameraPosition,-103.1776,1.77867,-107.4818,CameraRotation,347.3535,271.0651,358.9593,CurrentState,End,Slider,51,Scenario,3
ID,26,Time,1005.822,DronePosition,-110.2394,59.26447,-107.379,0,CameraPosition,-103.1775,1.778659,-107.4817,CameraRotation,347.3432,271.0443,358.9401,CurrentState,End,Slider,51,Scenario,3
ID,26,Time,1005.837,DronePosition,-110.2394,59.26447,-107.379,0,CameraPosition,-103.1774,1.778635,-107.4817,CameraRotation,347.3295,271.0118,358.9144,CurrentState,End,Slider,51,Scenario,3
ID,26,Time,1005.85,DronePosition,-110.2394,59.26447,-107.379,0,CameraPosition,-103.1773,1.778623,-107.4816,CameraRotation,347.3273,270.9868,358.8984,CurrentState,End,Slider,51,Scenario,3
ID,26,Time,1005.865,DronePosition,-110.2394,59.26447,-107.379,0,CameraPosition,-103.1772,1.778671,-107.4816,CameraRotation,347.3102,270.951,358.8964,CurrentState,End,Slider,51,Scenario,3
ID,26,Time,1005.878,DronePosition,-110.2394,59.26447,-107.379,0,CameraPosition,-103.177,1.778747,-107.4815,CameraRotation,347.2632,270.8982,358.9087,CurrentState,End,Slider,51,Scenario,3
ID,26,Time,1005.892,DronePosition,-110.2394,59.26447,-107.379,0,CameraPosition,-103.1769,1.778793,-107.4815,CameraRotation,347.2266,270.8489,358.9105,CurrentState,End,Slider,51,Scenario,3
ID,26,Time,1005.906,DronePosition,-110.2394,59.26447,-107.379,0,CameraPosition,-103.1768,1.778841,-107.4815,CameraRotation,347.194,270.8169,358.8844,CurrentState,End,Slider,51,Scenario,3
ID,26,Time,1005.92,DronePosition,-110.2394,59.26447,-107.379,0,CameraPosition,-103.1767,1.778888,-107.4814,CameraRotation,347.1577,270.7849,358.8637,CurrentState,End,Slider,51,Scenario,3
ID,26,Time,1005.934,DronePosition,-110.2394,59.26447,-107.379,0,CameraPosition,-103.1766,1.778952,-107.4814,CameraRotation,347.1232,270.752,358.8623,CurrentState,End,Slider,51,Scenario,3
ID,26,Time,1005.948,DronePosition,-110.2394,59.26447,-107.379,0,CameraPosition,-103.1765,1.779003,-107.4815,CameraRotation,347.0757,270.701,358.8718,CurrentState,End,Slider,51,Scenario,3
ID,26,Time,1005.962,DronePosition,-110.2394,59.26447,-107.379,0,CameraPosition,-103.1764,1.77906,-107.4815,CameraRotation,347.0474,270.6561,358.865,CurrentState,End,Slider,51,Scenario,3
ID,26,Time,1005.976,DronePosition,-110.2394,59.26447,-107.379,0,CameraPosition,-103.1763,1.779114,-107.4815,CameraRotation,347.0227,270.6094,358.8509,CurrentState,End,Slider,51,Scenario,3
ID,26,Time,1005.99,DronePosition,-110.2394,59.26447,-107.379,0,CameraPosition,-103.1762,1.779158,-107.4815,CameraRotation,346.996,270.5609,358.8422,CurrentState,End,Slider,51,Scenario,3
ID,26,Time,1006.003,DronePosition,-110.2394,59.26447,-107.379,0,CameraPosition,-103.1761,1.779184,-107.4815,CameraRotation,346.9675,270.5153,358.8356,CurrentState,End,Slider,51,Scenario,3
ID,26,Time,1006.017,DronePosition,-110.2394,59.26447,-107.379,0,CameraPosition,-103.176,1.779214,-107.4815,CameraRotation,346.9425,270.4722,358.8357,CurrentState,End,Slider,51,Scenario,3
ID,26,Time,1006.031,DronePosition,-110.2394,59.26447,-107.379,0,CameraPosition,-103.176,1.779259,-107.4816,CameraRotation,346.9227,270.4437,358.827,CurrentState,End,Slider,51,Scenario,3
ID,26,Time,1006.045,DronePosition,-110.2394,59.26447,-107.379,0,CameraPosition,-103.1759,1.779319,-107.4816,CameraRotation,346.9079,270.4174,358.8254,CurrentState,End,Slider,51,Scenario,3
ID,26,Time,1006.059,DronePosition,-110.2394,59.26447,-107.379,0,CameraPosition,-103.1758,1.779382,-107.4816,CameraRotation,346.873,270.3928,358.8324,CurrentState,End,Slider,51,Scenario,3
ID,26,Time,1006.073,DronePosition,-110.2394,59.26447,-107.379,0,CameraPosition,-103.1758,1.779433,-107.4816,CameraRotation,346.8371,270.3741,358.8367,CurrentState,End,Slider,51,Scenario,3
ID,26,Time,1006.087,DronePosition,-110.2394,59.26447,-107.379,0,CameraPosition,-103.1757,1.779492,-107.4817,CameraRotation,346.8087,270.3553,358.8361,CurrentState,End,Slider,51,Scenario,3
ID,26,Time,1006.101,DronePosition,-110.2394,59.26447,-107.379,0,CameraPosition,-103.1756,1.779521,-107.4817,CameraRotation,346.7845,270.332,358.8376,CurrentState,End,Slider,51,Scenario,3
ID,26,Time,1006.115,DronePosition,-110.2394,59.26447,-107.379,0,CameraPosition,-103.1756,1.77955,-107.4818,CameraRotation,346.7707,270.3047,358.8379,CurrentState,End,Slider,51,Scenario,3
ID,26,Time,1006.129,DronePosition,-110.2394,59.26447,-107.379,0,CameraPosition,-103.1755,1.779579,-107.4818,CameraRotation,346.7607,270.2586,358.8387,CurrentState,End,Slider,51,Scenario,3
ID,26,Time,1006.142,DronePosition,-110.2394,59.26447,-107.379,0,CameraPosition,-103.1754,1.77962,-107.4819,CameraRotation,346.7526,270.199,358.842,CurrentState,End,Slider,51,Scenario,3
ID,26,Time,1006.156,DronePosition,-110.2394,59.26447,-107.379,0,CameraPosition,-103.1754,1.779659,-107.482,CameraRotation,346.7167,270.1381,358.8441,CurrentState,End,Slider,51,Scenario,3
ID,26,Time,1006.171,DronePosition,-110.2394,59.26447,-107.379,0,CameraPosition,-103.1753,1.779727,-107.4821,CameraRotation,346.6801,270.0537,358.8617,CurrentState,End,Slider,51,Scenario,3
ID,26,Time,1006.184,DronePosition,-110.2394,59.26447,-107.379,0,CameraPosition,-103.1752,1.779815,-107.4822,CameraRotation,346.6474,269.9676,358.875,CurrentState,End,Slider,51,Scenario,3
ID,26,Time,1006.198,DronePosition,-110.2394,59.26447,-107.379,0,CameraPosition,-103.1751,1.779927,-107.4823,CameraRotation,346.6135,269.8884,358.8797,CurrentState,End,Slider,51,Scenario,3
ID,26,Time,1006.212,DronePosition,-110.2394,59.26447,-107.379,0,CameraPosition,-103.1751,1.780043,-107.4824,CameraRotation,346.5708,269.8082,358.908,CurrentState,End,Slider,51,Scenario,3
ID,26,Time,1006.226,DronePosition,-110.2394,59.26447,-107.379,0,CameraPosition,-103.175,1.780186,-107.4825,CameraRotation,346.5209,269.7322,358.9388,CurrentState,End,Slider,51,Scenario,3
ID,26,Time,1006.24,DronePosition,-110.2394,59.26447,-107.379,0,CameraPosition,-103.1749,1.78037,-107.4825,CameraRotation,346.4705,269.6614,358.9622,CurrentState,End,Slider,51,Scenario,3
ID,26,Time,1006.254,DronePosition,-110.2394,59.26447,-107.379,0,CameraPosition,-103.1749,1.780535,-107.4826,CameraRotation,346.4058,269.5983,358.9887,CurrentState,End,Slider,51,Scenario,3
ID,26,Time,1006.268,DronePosition,-110.2394,59.26447,-107.379,0,CameraPosition,-103.1748,1.780705,-107.4826,CameraRotation,346.3317,269.5489,358.9809,CurrentState,End,Slider,51,Scenario,3
ID,26,Time,1006.282,DronePosition,-110.2394,59.26447,-107.379,0,CameraPosition,-103.1748,1.78085,-107.4826,CameraRotation,346.2405,269.5037,358.9463,CurrentState,End,Slider,51,Scenario,3
ID,26,Time,1006.296,DronePosition,-110.2394,59.26447,-107.379,0,CameraPosition,-103.1747,1.781006,-107.4826,CameraRotation,346.1715,269.466,358.9282,CurrentState,End,Slider,51,Scenario,3
ID,26,Time,1006.31,DronePosition,-110.2394,59.26447,-107.379,0,CameraPosition,-103.1747,1.781182,-107.4826,CameraRotation,346.0938,269.4235,358.9264,CurrentState,End,Slider,51,Scenario,3
ID,26,Time,1006.323,DronePosition,-110.2394,59.26447,-107.379,0,CameraPosition,-103.1747,1.781395,-107.4826,CameraRotation,346.0239,269.3796,358.9297,CurrentState,End,Slider,51,Scenario,3
ID,26,Time,1006.337,DronePosition,-110.2394,59.26447,-107.379,0,CameraPosition,-103.1746,1.781596,-107.4826,CameraRotation,345.9454,269.3252,358.9421,CurrentState,End,Slider,51,Scenario,3
ID,26,Time,1006.351,DronePosition,-110.2394,59.26447,-107.379,0,CameraPosition,-103.1746,1.781736,-107.4827,CameraRotation,345.9029,269.2642,358.9444,CurrentState,End,Slider,51,Scenario,3
ID,26,Time,1006.365,DronePosition,-110.2394,59.26447,-107.379,0,CameraPosition,-103.1746,1.781823,-107.4827,CameraRotation,345.8807,269.2141,358.9316,CurrentState,End,Slider,51,Scenario,3
ID,26,Time,1006.379,DronePosition,-110.2394,59.26447,-107.379,0,CameraPosition,-103.1746,1.781854,-107.4827,CameraRotation,345.8698,269.145,358.9313,CurrentState,End,Slider,51,Scenario,3
ID,26,Time,1006.393,DronePosition,-110.2394,59.26447,-107.379,0,CameraPosition,-103.1747,1.781889,-107.4828,CameraRotation,345.8659,269.066,358.9539,CurrentState,End,Slider,51,Scenario,3
ID,26,Time,1006.407,DronePosition,-110.2394,59.26447,-107.379,0,CameraPosition,-103.1747,1.781951,-107.4829,CameraRotation,345.8587,268.979,358.9834,CurrentState,End,Slider,51,Scenario,3
ID,26,Time,1006.421,DronePosition,-110.2394,59.26447,-107.379,0,CameraPosition,-103.1748,1.782011,-107.4829,CameraRotation,345.834,268.8882,358.9995,CurrentState,End,Slider,51,Scenario,3
ID,26,Time,1006.435,DronePosition,-110.2394,59.26447,-107.379,0,CameraPosition,-103.1749,1.782066,-107.483,CameraRotation,345.8211,268.7903,359.0027,CurrentState,End,Slider,51,Scenario,3
ID,26,Time,1006.449,DronePosition,-110.2394,59.26447,-107.379,0,CameraPosition,-103.1751,1.782141,-107.483,CameraRotation,345.8168,268.7081,358.9982,CurrentState,End,Slider,51,Scenario,3
ID,26,Time,1006.463,DronePosition,-110.2394,59.26447,-107.379,0,CameraPosition,-103.1752,1.782191,-107.4831,CameraRotation,345.8251,268.6274,359.0011,CurrentState,End,Slider,51,Scenario,3
ID,26,Time,1006.477,DronePosition,-110.2394,59.26447,-107.379,0,CameraPosition,-103.1753,1.782199,-107.4831,CameraRotation,345.8613,268.5424,359.0379,CurrentState,End,Slider,51,Scenario,3
ID,26,Time,1006.491,DronePosition,-110.2394,59.26447,-107.379,0,CameraPosition,-103.1754,1.782212,-107.4831,CameraRotation,345.89,268.4651,359.0686,CurrentState,End,Slider,51,Scenario,3
ID,26,Time,1006.504,DronePosition,-110.2394,59.26447,-107.379,0,CameraPosition,-103.1756,1.782234,-107.4831,CameraRotation,345.8996,268.4081,359.081,CurrentState,End,Slider,51,Scenario,3
ID,26,Time,1006.519,DronePosition,-110.2394,59.26447,-107.379,0,CameraPosition,-103.1757,1.782263,-107.4831,CameraRotation,345.8826,268.3779,359.0544,CurrentState,End,Slider,51,Scenario,3
ID,26,Time,1006.532,DronePosition,-110.2394,59.26447,-107.379,0,CameraPosition,-103.1758,1.782285,-107.4831,CameraRotation,345.881,268.3508,359.0331,CurrentState,End,Slider,51,Scenario,3
ID,26,Time,1006.546,DronePosition,-110.2394,59.26447,-107.379,0,CameraPosition,-103.176,1.782289,-107.483,CameraRotation,345.8895,268.3333,359.0081,CurrentState,End,Slider,51,Scenario,3
ID,26,Time,1006.56,DronePosition,-110.2394,59.26447,-107.379,0,CameraPosition,-103.1761,1.782285,-107.4829,CameraRotation,345.9058,268.3152,358.9919,CurrentState,End,Slider,51,Scenario,3
ID,26,Time,1006.574,DronePosition,-110.2394,59.26447,-107.379,0,CameraPosition,-103.1763,1.78226,-107.4828,CameraRotation,345.9362,268.2922,358.994,CurrentState,End,Slider,51,Scenario,3
ID,26,Time,1006.588,DronePosition,-110.2394,59.26447,-107.379,0,CameraPosition,-103.1764,1.782201,-107.4827,CameraRotation,345.9729,268.2785,358.9642,CurrentState,End,Slider,51,Scenario,3
ID,26,Time,1006.602,DronePosition,-110.2394,59.26447,-107.379,0,CameraPosition,-103.1766,1.782107,-107.4826,CameraRotation,346.0264,268.2724,358.9186,CurrentState,End,Slider,51,Scenario,3
ID,26,Time,1006.616,DronePosition,-110.2394,59.26447,-107.379,0,CameraPosition,-103.1767,1.782016,-107.4825,CameraRotation,346.093,268.2589,358.8785,CurrentState,End,Slider,51,Scenario,3
ID,26,Time,1006.63,DronePosition,-110.2394,59.26447,-107.379,0,CameraPosition,-103.1768,1.781939,-107.4823,CameraRotation,346.1511,268.2476,358.8408,CurrentState,End,Slider,51,Scenario,3
ID,26,Time,1006.644,DronePosition,-110.2394,59.26447,-107.379,0,CameraPosition,-103.1769,1.781885,-107.4822,CameraRotation,346.2026,268.236,358.8072,CurrentState,End,Slider,51,Scenario,3
ID,26,Time,1006.658,DronePosition,-110.2394,59.26447,-107.379,0,CameraPosition,-103.177,1.781837,-107.4821,CameraRotation,346.2351,268.2258,358.762,CurrentState,End,Slider,51,Scenario,3
ID,26,Time,1006.672,DronePosition,-110.2394,59.26447,-107.379,0,CameraPosition,-103.177,1.781777,-107.482,CameraRotation,346.2526,268.2282,358.746,CurrentState,End,Slider,51,Scenario,3
ID,26,Time,1006.685,DronePosition,-110.2394,59.26447,-107.379,0,CameraPosition,-103.1771,1.781721,-107.4819,CameraRotation,346.2669,268.2307,358.7318,CurrentState,End,Slider,51,Scenario,3
ID,26,Time,1006.7,DronePosition,-110.2394,59.26447,-107.379,0,CameraPosition,-103.1771,1.781679,-107.4818,CameraRotation,346.282,268.2366,358.7201,CurrentState,End,Slider,51,Scenario,3
ID,26,Time,1006.714,DronePosition,-110.2394,59.26447,-107.379,0,CameraPosition,-103.177,1.781637,-107.4817,CameraRotation,346.2799,268.2393,358.7102,CurrentState,End,Slider,51,Scenario,3
ID,26,Time,1006.727,DronePosition,-110.2394,59.26447,-107.379,0,CameraPosition,-103.177,1.78161,-107.4816,CameraRotation,346.2678,268.2523,358.6945,CurrentState,End,Slider,51,Scenario,3
ID,26,Time,1006.741,DronePosition,-110.2394,59.26447,-107.379,0,CameraPosition,-103.177,1.781578,-107.4815,CameraRotation,346.2491,268.261,358.6911,CurrentState,End,Slider,51,Scenario,3
ID,26,Time,1006.755,DronePosition,-110.2394,59.26447,-107.379,0,CameraPosition,-103.1769,1.781549,-107.4814,CameraRotation,346.2461,268.2562,358.6842,CurrentState,End,Slider,51,Scenario,3
ID,26,Time,1006.769,DronePosition,-110.2394,59.26447,-107.379,0,CameraPosition,-103.1769,1.781524,-107.4814,CameraRotation,346.2268,268.2426,358.685,CurrentState,End,Slider,51,Scenario,3
ID,26,Time,1006.783,DronePosition,-110.2394,59.26447,-107.379,0,CameraPosition,-103.1768,1.781523,-107.4813,CameraRotation,346.1811,268.2296,358.6883,CurrentState,End,Slider,51,Scenario,3
ID,26,Time,1006.797,DronePosition,-110.2394,59.26447,-107.379,0,CameraPosition,-103.1767,1.78153,-107.4813,CameraRotation,346.1413,268.2094,358.6968,CurrentState,End,Slider,51,Scenario,3
ID,26,Time,1006.811,DronePosition,-110.2394,59.26447,-107.379,0,CameraPosition,-103.1766,1.781536,-107.4812,CameraRotation,346.1045,268.1887,358.7071,CurrentState,End,Slider,51,Scenario,3
ID,26,Time,1006.825,DronePosition,-110.2394,59.26447,-107.379,0,CameraPosition,-103.1764,1.781595,-107.4812,CameraRotation,346.0804,268.1667,358.724,CurrentState,End,Slider,51,Scenario,3
ID,26,Time,1006.839,DronePosition,-110.2394,59.26447,-107.379,0,CameraPosition,-103.1763,1.781654,-107.4812,CameraRotation,346.0461,268.1496,358.7534,CurrentState,End,Slider,51,Scenario,3
ID,26,Time,1006.853,DronePosition,-110.2394,59.26447,-107.379,0,CameraPosition,-103.1762,1.781684,-107.4811,CameraRotation,346.0125,268.1274,358.7795,CurrentState,End,Slider,51,Scenario,3
ID,26,Time,1006.866,DronePosition,-110.2394,59.26447,-107.379,0,CameraPosition,-103.1761,1.781699,-107.481,CameraRotation,345.9742,268.1111,358.7931,CurrentState,End,Slider,51,Scenario,3
ID,26,Time,1006.88,DronePosition,-110.2394,59.26447,-107.379,0,CameraPosition,-103.176,1.781736,-107.481,CameraRotation,345.9488,268.0876,358.795,CurrentState,End,Slider,51,Scenario,3
ID,26,Time,1006.895,DronePosition,-110.2394,59.26447,-107.379,0,CameraPosition,-103.1759,1.781774,-107.4809,CameraRotation,345.9159,268.0546,358.8103,CurrentState,End,Slider,51,Scenario,3
ID,26,Time,1006.909,DronePosition,-110.2394,59.26447,-107.379,0,CameraPosition,-103.1759,1.781837,-107.4808,CameraRotation,345.886,268.0231,358.8095,CurrentState,End,Slider,51,Scenario,3
ID,26,Time,1006.922,DronePosition,-110.2394,59.26447,-107.379,0,CameraPosition,-103.1759,1.781873,-107.4807,CameraRotation,345.8629,267.992,358.8169,CurrentState,End,Slider,51,Scenario,3
ID,26,Time,1006.936,DronePosition,-110.2394,59.26447,-107.379,0,CameraPosition,-103.1758,1.781883,-107.4806,CameraRotation,345.8568,267.9582,358.8169,CurrentState,End,Slider,51,Scenario,3
ID,26,Time,1006.95,DronePosition,-110.2394,59.26447,-107.379,0,CameraPosition,-103.1758,1.781898,-107.4805,CameraRotation,345.8358,267.942,358.7947,CurrentState,End,Slider,51,Scenario,3
ID,26,Time,1006.964,DronePosition,-110.2394,59.26447,-107.379,0,CameraPosition,-103.1758,1.781912,-107.4803,CameraRotation,345.8097,267.9391,358.772,CurrentState,End,Slider,51,Scenario,3
ID,26,Time,1006.978,DronePosition,-110.2394,59.26447,-107.379,0,CameraPosition,-103.1757,1.781936,-107.4802,CameraRotation,345.791,267.9521,358.7363,CurrentState,End,Slider,51,Scenario,3
ID,26,Time,1006.992,DronePosition,-110.2394,59.26447,-107.379,0,CameraPosition,-103.1757,1.781972,-107.48,CameraRotation,345.777,267.977,358.7063,CurrentState,End,Slider,51,Scenario,3
ID,26,Time,1007.006,DronePosition,-110.2394,59.26447,-107.379,0,CameraPosition,-103.1757,1.782014,-107.4799,CameraRotation,345.7641,268.0136,358.6767,CurrentState,End,Slider,51,Scenario,3
ID,26,Time,1007.02,DronePosition,-110.2394,59.26447,-107.379,0,CameraPosition,-103.1757,1.782043,-107.4797,CameraRotation,345.7318,268.0545,358.6584,CurrentState,End,Slider,51,Scenario,3
ID,26,Time,1007.034,DronePosition,-110.2394,59.26447,-107.379,0,CameraPosition,-103.1757,1.782083,-107.4795,CameraRotation,345.7032,268.1072,358.6433,CurrentState,End,Slider,51,Scenario,3
ID,26,Time,1007.048,DronePosition,-110.2394,59.26447,-107.379,0,CameraPosition,-103.1757,1.782107,-107.4794,CameraRotation,345.6917,268.1627,358.6172,CurrentState,End,Slider,51,Scenario,3
ID,26,Time,1007.061,DronePosition,-110.2394,59.26447,-107.379,0,CameraPosition,-103.1757,1.782103,-107.4792,CameraRotation,345.6898,268.1944,358.5871,CurrentState,End,Slider,51,Scenario,3
ID,26,Time,1007.075,DronePosition,-110.2394,59.26447,-107.379,0,CameraPosition,-103.1757,1.782073,-107.4791,CameraRotation,345.6922,268.2231,358.5622,CurrentState,End,Slider,51,Scenario,3
ID,26,Time,1007.089,DronePosition,-110.2394,59.26447,-107.379,0,CameraPosition,-103.1757,1.782035,-107.479,CameraRotation,345.6914,268.2234,358.5431,CurrentState,End,Slider,51,Scenario,3
ID,26,Time,1007.103,DronePosition,-110.2394,59.26447,-107.379,0,CameraPosition,-103.1757,1.782013,-107.4789,CameraRotation,345.693,268.2163,358.5256,CurrentState,End,Slider,51,Scenario,3
ID,26,Time,1007.118,DronePosition,-110.2394,59.26447,-107.379,0,CameraPosition,-103.1758,1.781995,-107.4788,CameraRotation,345.6854,268.2098,358.5006,CurrentState,End,Slider,51,Scenario,3
ID,26,Time,1007.131,DronePosition,-110.2394,59.26447,-107.379,0,CameraPosition,-103.1758,1.782,-107.4787,CameraRotation,345.675,268.2029,358.4719,CurrentState,End,Slider,51,Scenario,3
ID,26,Time,1007.145,DronePosition,-110.2394,59.26447,-107.379,0,CameraPosition,-103.1758,1.782015,-107.4787,CameraRotation,345.6537,268.2168,358.4385,CurrentState,End,Slider,51,Scenario,3
ID,26,Time,1007.159,DronePosition,-110.2394,59.26447,-107.379,0,CameraPosition,-103.1759,1.782041,-107.4786,CameraRotation,345.6462,268.233,358.4289,CurrentState,End,Slider,51,Scenario,3
ID,26,Time,1007.173,DronePosition,-110.2394,59.26447,-107.379,0,CameraPosition,-103.176,1.782035,-107.4785,CameraRotation,345.6425,268.2494,358.4341,CurrentState,End,Slider,51,Scenario,3
ID,26,Time,1007.187,DronePosition,-110.2394,59.26447,-107.379,0,CameraPosition,-103.1761,1.782026,-107.4784,CameraRotation,345.6486,268.2692,358.4359,CurrentState,End,Slider,51,Scenario,3
ID,26,Time,1007.201,DronePosition,-110.2394,59.26447,-107.379,0,CameraPosition,-103.1762,1.781992,-107.4782,CameraRotation,345.6686,268.2929,358.422,CurrentState,End,Slider,51,Scenario,3
ID,26,Time,1007.215,DronePosition,-110.2394,59.26447,-107.379,0,CameraPosition,-103.1763,1.781933,-107.4781,CameraRotation,345.7086,268.3231,358.3876,CurrentState,End,Slider,51,Scenario,3
ID,26,Time,1007.229,DronePosition,-110.2394,59.26447,-107.379,0,CameraPosition,-103.1764,1.781884,-107.478,CameraRotation,345.7549,268.3532,358.3424,CurrentState,End,Slider,51,Scenario,3
ID,26,Time,1007.243,DronePosition,-110.2394,59.26447,-107.379,0,CameraPosition,-103.1766,1.781823,-107.4779,CameraRotation,345.7947,268.3822,358.3099,CurrentState,End,Slider,51,Scenario,3
ID,26,Time,1007.256,DronePosition,-110.2394,59.26447,-107.379,0,CameraPosition,-103.1767,1.781757,-107.4778,CameraRotation,345.8358,268.4059,358.2923,CurrentState,End,Slider,51,Scenario,3
ID,26,Time,1007.27,DronePosition,-110.2394,59.26447,-107.379,0,CameraPosition,-103.1768,1.781682,-107.4776,CameraRotation,345.8776,268.4322,358.2792,CurrentState,End,Slider,51,Scenario,3
ID,26,Time,1007.284,DronePosition,-110.2394,59.26447,-107.379,0,CameraPosition,-103.177,1.781591,-107.4775,CameraRotation,345.9197,268.4488,358.2637,CurrentState,End,Slider,51,Scenario,3
ID,26,Time,1007.298,DronePosition,-110.2394,59.26447,-107.379,0,CameraPosition,-103.1771,1.781512,-107.4774,CameraRotation,345.9748,268.4599,358.239,CurrentState,End,Slider,51,Scenario,3
ID,26,Time,1007.312,DronePosition,-110.2394,59.26447,-107.379,0,CameraPosition,-103.1772,1.781429,-107.4772,CameraRotation,346.0203,268.4652,358.2094,CurrentState,End,Slider,51,Scenario,3
ID,26,Time,1007.327,DronePosition,-110.2394,59.26447,-107.379,0,CameraPosition,-103.1773,1.78133,-107.4771,CameraRotation,346.0577,268.4745,358.1665,CurrentState,End,Slider,51,Scenario,3
ID,26,Time,1007.34,DronePosition,-110.2394,59.26447,-107.379,0,CameraPosition,-103.1774,1.781228,-107.477,CameraRotation,346.1154,268.4736,358.1321,CurrentState,End,Slider,51,Scenario,3
ID,26,Time,1007.354,DronePosition,-110.2394,59.26447,-107.379,0,CameraPosition,-103.1775,1.781093,-107.4769,CameraRotation,346.1628,268.4769,358.1129,CurrentState,End,Slider,51,Scenario,3
ID,26,Time,1007.368,DronePosition,-110.2394,59.26447,-107.379,0,CameraPosition,-103.1776,1.780976,-107.4768,CameraRotation,346.2205,268.4772,358.0991,CurrentState,End,Slider,51,Scenario,3
ID,26,Time,1007.382,DronePosition,-110.2394,59.26447,-107.379,0,CameraPosition,-103.1777,1.780873,-107.4767,CameraRotation,346.2647,268.4719,358.086,CurrentState,End,Slider,51,Scenario,3
ID,26,Time,1007.396,DronePosition,-110.2394,59.26447,-107.379,0,CameraPosition,-103.1778,1.780772,-107.4766,CameraRotation,346.2958,268.45,358.0743,CurrentState,End,Slider,51,Scenario,3
ID,26,Time,1007.41,DronePosition,-110.2394,59.26447,-107.379,0,CameraPosition,-103.1779,1.78068,-107.4765,CameraRotation,346.3214,268.4308,358.0588,CurrentState,End,Slider,51,Scenario,3
ID,26,Time,1007.423,DronePosition,-110.2394,59.26447,-107.379,0,CameraPosition,-103.178,1.780581,-107.4764,CameraRotation,346.3387,268.4178,358.0343,CurrentState,End,Slider,51,Scenario,3
ID,26,Time,1007.437,DronePosition,-110.2394,59.26447,-107.379,0,CameraPosition,-103.178,1.78048,-107.4764,CameraRotation,346.352,268.394,358.0219,CurrentState,End,Slider,51,Scenario,3
ID,26,Time,1007.451,DronePosition,-110.2394,59.26447,-107.379,0,CameraPosition,-103.1781,1.780414,-107.4763,CameraRotation,346.3591,268.3825,358.0001,CurrentState,End,Slider,51,Scenario,3
ID,26,Time,1007.465,DronePosition,-110.2394,59.26447,-107.379,0,CameraPosition,-103.1782,1.780349,-107.4762,CameraRotation,346.3586,268.3751,357.9835,CurrentState,End,Slider,51,Scenario,3
ID,26,Time,1007.479,DronePosition,-110.2394,59.26447,-107.379,0,CameraPosition,-103.1783,1.780296,-107.4761,CameraRotation,346.3549,268.3661,357.9679,CurrentState,End,Slider,51,Scenario,3
ID,26,Time,1007.493,DronePosition,-110.2394,59.26447,-107.379,0,CameraPosition,-103.1783,1.780244,-107.4761,CameraRotation,346.3543,268.3749,357.942,CurrentState,End,Slider,51,Scenario,3
ID,26,Time,1007.507,DronePosition,-110.2394,59.26447,-107.379,0,CameraPosition,-103.1783,1.780198,-107.476,CameraRotation,346.3568,268.392,357.9209,CurrentState,End,Slider,51,Scenario,3
ID,26,Time,1007.521,DronePosition,-110.2394,59.26447,-107.379,0,CameraPosition,-103.1784,1.780143,-107.4759,CameraRotation,346.3403,268.425,357.9007,CurrentState,End,Slider,51,Scenario,3
ID,26,Time,1007.535,DronePosition,-110.2394,59.26447,-107.379,0,CameraPosition,-103.1784,1.780084,-107.4758,CameraRotation,346.3292,268.459,357.8887,CurrentState,End,Slider,51,Scenario,3
ID,26,Time,1007.549,DronePosition,-110.2394,59.26447,-107.379,0,CameraPosition,-103.1785,1.780022,-107.4758,CameraRotation,346.3106,268.5152,357.8605,CurrentState,End,Slider,51,Scenario,3
ID,26,Time,1007.563,DronePosition,-110.2394,59.26447,-107.379,0,CameraPosition,-103.1785,1.779981,-107.4757,CameraRotation,346.3041,268.5793,357.8407,CurrentState,End,Slider,51,Scenario,3
ID,26,Time,1007.577,DronePosition,-110.2394,59.26447,-107.379,0,CameraPosition,-103.1786,1.77997,-107.4757,CameraRotation,346.2806,268.6424,357.8451,CurrentState,End,Slider,51,Scenario,3
ID,26,Time,1007.59,DronePosition,-110.2394,59.26447,-107.379,0,CameraPosition,-103.1787,1.780009,-107.4756,CameraRotation,346.2535,268.7085,357.864,CurrentState,End,Slider,51,Scenario,3
ID,26,Time,1007.604,DronePosition,-110.2394,59.26447,-107.379,0,CameraPosition,-103.1787,1.780047,-107.4756,CameraRotation,346.2357,268.7621,357.8659,CurrentState,End,Slider,51,Scenario,3
ID,26,Time,1007.618,DronePosition,-110.2394,59.26447,-107.379,0,CameraPosition,-103.1788,1.780092,-107.4756,CameraRotation,346.2573,268.8166,357.8677,CurrentState,End,Slider,51,Scenario,3
ID,26,Time,1007.632,DronePosition,-110.2394,59.26447,-107.379,0,CameraPosition,-103.1789,1.780127,-107.4756,CameraRotation,346.2731,268.8692,357.8643,CurrentState,End,Slider,51,Scenario,3
ID,26,Time,1007.646,DronePosition,-110.2394,59.26447,-107.379,0,CameraPosition,-103.179,1.780163,-107.4756,CameraRotation,346.2763,268.9124,357.844,CurrentState,End,Slider,51,Scenario,3
ID,26,Time,1007.66,DronePosition,-110.2394,59.26447,-107.379,0,CameraPosition,-103.1792,1.780206,-107.4757,CameraRotation,346.2763,268.9586,357.8254,CurrentState,End,Slider,51,Scenario,3
ID,26,Time,1007.674,DronePosition,-110.2394,59.26447,-107.379,0,CameraPosition,-103.1793,1.780251,-107.4758,CameraRotation,346.2647,268.9995,357.8315,CurrentState,End,Slider,51,Scenario,3
ID,26,Time,1007.688,DronePosition,-110.2394,59.26447,-107.379,0,CameraPosition,-103.1794,1.780309,-107.4759,CameraRotation,346.2498,269.0373,357.8459,CurrentState,End,Slider,51,Scenario,3
ID,26,Time,1007.702,DronePosition,-110.2394,59.26447,-107.379,0,CameraPosition,-103.1796,1.780367,-107.476,CameraRotation,346.221,269.0597,357.8642,CurrentState,End,Slider,51,Scenario,3
ID,26,Time,1007.716,DronePosition,-110.2394,59.26447,-107.379,0,CameraPosition,-103.1798,1.780382,-107.4762,CameraRotation,346.2197,269.0934,357.8914,CurrentState,End,Slider,51,Scenario,3
ID,26,Time,1007.73,DronePosition,-110.2394,59.26447,-107.379,0,CameraPosition,-103.18,1.780348,-107.4763,CameraRotation,346.2399,269.1153,357.9112,CurrentState,End,Slider,51,Scenario,3
ID,26,Time,1007.744,DronePosition,-110.2394,59.26447,-107.379,0,CameraPosition,-103.1801,1.780308,-107.4765,CameraRotation,346.2774,269.1345,357.9236,CurrentState,End,Slider,51,Scenario,3
ID,26,Time,1007.757,DronePosition,-110.2394,59.26447,-107.379,0,CameraPosition,-103.1803,1.780278,-107.4766,CameraRotation,346.3096,269.1587,357.9196,CurrentState,End,Slider,51,Scenario,3
ID,26,Time,1007.772,DronePosition,-110.2394,59.26447,-107.379,0,CameraPosition,-103.1805,1.78025,-107.4767,CameraRotation,346.3369,269.1774,357.9303,CurrentState,End,Slider,51,Scenario,3
ID,26,Time,1007.785,DronePosition,-110.2394,59.26447,-107.379,0,CameraPosition,-103.1807,1.780221,-107.4768,CameraRotation,346.3828,269.2146,357.9304,CurrentState,End,Slider,51,Scenario,3
ID,26,Time,1007.799,DronePosition,-110.2394,59.26447,-107.379,0,CameraPosition,-103.1809,1.780189,-107.4769,CameraRotation,346.4314,269.2426,357.9234,CurrentState,End,Slider,51,Scenario,3
ID,26,Time,1007.813,DronePosition,-110.2394,59.26447,-107.379,0,CameraPosition,-103.1811,1.780153,-107.477,CameraRotation,346.457,269.2831,357.9134,CurrentState,End,Slider,51,Scenario,3
ID,26,Time,1007.827,DronePosition,-110.2394,59.26447,-107.379,0,CameraPosition,-103.1814,1.780096,-107.4771,CameraRotation,346.4998,269.3365,357.9119,CurrentState,End,Slider,51,Scenario,3
ID,26,Time,1007.841,DronePosition,-110.2394,59.26447,-107.379,0,CameraPosition,-103.1816,1.780039,-107.4772,CameraRotation,346.5583,269.4019,357.9208,CurrentState,End,Slider,51,Scenario,3
ID,26,Time,1007.855,DronePosition,-110.2394,59.26447,-107.379,0,CameraPosition,-103.1818,1.779993,-107.4773,CameraRotation,346.5976,269.4636,357.9236,CurrentState,End,Slider,51,Scenario,3
ID,26,Time,1007.869,DronePosition,-110.2394,59.26447,-107.379,0,CameraPosition,-103.1821,1.779949,-107.4774,CameraRotation,346.6143,269.5352,357.9227,CurrentState,End,Slider,51,Scenario,3
ID,26,Time,1007.883,DronePosition,-110.2394,59.26447,-107.379,0,CameraPosition,-103.1823,1.779909,-107.4775,CameraRotation,346.6387,269.6222,357.8976,CurrentState,End,Slider,51,Scenario,3
ID,26,Time,1007.897,DronePosition,-110.2394,59.26447,-107.379,0,CameraPosition,-103.1825,1.779893,-107.4777,CameraRotation,346.6713,269.7006,357.8812,CurrentState,End,Slider,51,Scenario,3
ID,26,Time,1007.911,DronePosition,-110.2394,59.26447,-107.379,0,CameraPosition,-103.1828,1.77989,-107.4778,CameraRotation,346.699,269.7551,357.8797,CurrentState,End,Slider,51,Scenario,3
ID,26,Time,1007.925,DronePosition,-110.2394,59.26447,-107.379,0,CameraPosition,-103.183,1.779901,-107.478,CameraRotation,346.718,269.7883,357.8946,CurrentState,End,Slider,51,Scenario,3
ID,26,Time,1007.939,DronePosition,-110.2394,59.26447,-107.379,0,CameraPosition,-103.1832,1.779893,-107.4782,CameraRotation,346.7335,269.8122,357.9006,CurrentState,End,Slider,51,Scenario,3
ID,26,Time,1007.953,DronePosition,-110.2394,59.26447,-107.379,0,CameraPosition,-103.1835,1.779863,-107.4783,CameraRotation,346.7608,269.8265,357.9133,CurrentState,End,Slider,51,Scenario,3
ID,26,Time,1007.966,DronePosition,-110.2394,59.26447,-107.379,0,CameraPosition,-103.1837,1.779815,-107.4786,CameraRotation,346.7897,269.856,357.9225,CurrentState,End,Slider,51,Scenario,3
ID,26,Time,1007.98,DronePosition,-110.2394,59.26447,-107.379,0,CameraPosition,-103.1839,1.779781,-107.4788,CameraRotation,346.8122,269.8858,357.9286,CurrentState,End,Slider,51,Scenario,3
ID,26,Time,1007.994,DronePosition,-110.2394,59.26447,-107.379,0,CameraPosition,-103.1842,1.779755,-107.479,CameraRotation,346.8256,269.9148,357.9316,CurrentState,End,Slider,51,Scenario,3
ID,26,Time,1008.01,DronePosition,-110.2394,59.26447,-107.379,0,CameraPosition,-103.1844,1.779725,-107.4793,CameraRotation,346.8338,269.9572,357.9422,CurrentState,End,Slider,51,Scenario,3
ID,26,Time,1008.022,DronePosition,-110.2394,59.26447,-107.379,0,CameraPosition,-103.1846,1.779685,-107.4795,CameraRotation,346.8528,269.9994,357.9649,CurrentState,End,Slider,51,Scenario,3
ID,26,Time,1008.036,DronePosition,-110.2394,59.26447,-107.379,0,CameraPosition,-103.1849,1.77964,-107.4798,CameraRotation,346.8945,270.0458,358.0059,CurrentState,End,Slider,51,Scenario,3
ID,26,Time,1008.05,DronePosition,-110.2394,59.26447,-107.379,0,CameraPosition,-103.1851,1.779607,-107.48,CameraRotation,346.9364,270.0806,358.0424,CurrentState,End,Slider,51,Scenario,3
ID,26,Time,1008.064,DronePosition,-110.2394,59.26447,-107.379,0,CameraPosition,-103.1853,1.779555,-107.4803,CameraRotation,346.9797,270.1191,358.0638,CurrentState,End,Slider,51,Scenario,3
ID,26,Time,1008.078,DronePosition,-110.2394,59.26447,-107.379,0,CameraPosition,-103.1855,1.779488,-107.4805,CameraRotation,347.0602,270.1783,358.0667,CurrentState,End,Slider,51,Scenario,3
ID,26,Time,1008.092,DronePosition,-110.2394,59.26447,-107.379,0,CameraPosition,-103.1857,1.779407,-107.4808,CameraRotation,347.1371,270.2239,358.0734,CurrentState,End,Slider,51,Scenario,3
ID,26,Time,1008.105,DronePosition,-110.2394,59.26447,-107.379,0,CameraPosition,-103.1858,1.779356,-107.4811,CameraRotation,347.21,270.2789,358.0868,CurrentState,End,Slider,51,Scenario,3
ID,26,Time,1008.12,DronePosition,-110.2394,59.26447,-107.379,0,CameraPosition,-103.1859,1.779324,-107.4813,CameraRotation,347.2512,270.326,358.1124,CurrentState,End,Slider,51,Scenario,3
ID,26,Time,1008.134,DronePosition,-110.2394,59.26447,-107.379,0,CameraPosition,-103.1861,1.779304,-107.4815,CameraRotation,347.2744,270.3773,358.1329,CurrentState,End,Slider,51,Scenario,3
ID,26,Time,1008.147,DronePosition,-110.2394,59.26447,-107.379,0,CameraPosition,-103.1862,1.77928,-107.4818,CameraRotation,347.2733,270.4333,358.1474,CurrentState,End,Slider,51,Scenario,3
ID,26,Time,1008.162,DronePosition,-110.2394,59.26447,-107.379,0,CameraPosition,-103.1863,1.779289,-107.482,CameraRotation,347.273,270.4885,358.1529,CurrentState,End,Slider,51,Scenario,3
ID,26,Time,1008.175,DronePosition,-110.2394,59.26447,-107.379,0,CameraPosition,-103.1864,1.779248,-107.4822,CameraRotation,347.2781,270.5357,358.1644,CurrentState,End,Slider,51,Scenario,3
ID,26,Time,1008.189,DronePosition,-110.2394,59.26447,-107.379,0,CameraPosition,-103.1864,1.779198,-107.4824,CameraRotation,347.2952,270.5789,358.1787,CurrentState,End,Slider,51,Scenario,3
ID,26,Time,1008.203,DronePosition,-110.2394,59.26447,-107.379,0,CameraPosition,-103.1865,1.779158,-107.4827,CameraRotation,347.3196,270.627,358.1925,CurrentState,End,Slider,51,Scenario,3
ID,26,Time,1008.217,DronePosition,-110.2394,59.26447,-107.379,0,CameraPosition,-103.1865,1.779143,-107.4829,CameraRotation,347.3342,270.6765,358.1957,CurrentState,End,Slider,51,Scenario,3
ID,26,Time,1008.231,DronePosition,-110.2394,59.26447,-107.379,0,CameraPosition,-103.1866,1.779155,-107.4831,CameraRotation,347.3363,270.7335,358.1912,CurrentState,End,Slider,51,Scenario,3
ID,26,Time,1008.245,DronePosition,-110.2394,59.26447,-107.379,0,CameraPosition,-103.1866,1.779191,-107.4833,CameraRotation,347.2985,270.7809,358.2092,CurrentState,End,Slider,51,Scenario,3
ID,26,Time,1008.259,DronePosition,-110.2394,59.26447,-107.379,0,CameraPosition,-103.1866,1.779254,-107.4835,CameraRotation,347.2408,270.8143,358.2245,CurrentState,End,Slider,51,Scenario,3
ID,26,Time,1008.273,DronePosition,-110.2394,59.26447,-107.379,0,CameraPosition,-103.1866,1.779291,-107.4837,CameraRotation,347.1838,270.8398,358.2358,CurrentState,End,Slider,51,Scenario,3
ID,26,Time,1008.287,DronePosition,-110.2394,59.26447,-107.379,0,CameraPosition,-103.1867,1.779327,-107.4839,CameraRotation,347.1458,270.8593,358.2357,CurrentState,End,Slider,51,Scenario,3
ID,26,Time,1008.3,DronePosition,-110.2394,59.26447,-107.379,0,CameraPosition,-103.1867,1.77937,-107.4841,CameraRotation,347.1057,270.8838,358.2315,CurrentState,End,Slider,51,Scenario,3
ID,26,Time,1008.314,DronePosition,-110.2394,59.26447,-107.379,0,CameraPosition,-103.1868,1.779457,-107.4843,CameraRotation,347.0475,270.9171,358.2002,CurrentState,End,Slider,51,Scenario,3
ID,26,Time,1008.329,DronePosition,-110.2394,59.26447,-107.379,0,CameraPosition,-103.1869,1.779535,-107.4844,CameraRotation,346.9904,270.9539,358.1642,CurrentState,End,Slider,51,Scenario,3
ID,26,Time,1008.343,DronePosition,-110.2394,59.26447,-107.379,0,CameraPosition,-103.187,1.779554,-107.4846,CameraRotation,346.9705,271.0033,358.1348,CurrentState,End,Slider,51,Scenario,3
ID,26,Time,1008.356,DronePosition,-110.2394,59.26447,-107.379,0,CameraPosition,-103.187,1.779559,-107.4848,CameraRotation,346.9786,271.0547,358.1213,CurrentState,End,Slider,51,Scenario,3
ID,26,Time,1008.371,DronePosition,-110.2394,59.26447,-107.379,0,CameraPosition,-103.1871,1.77952,-107.485,CameraRotation,347.0002,271.1024,358.1422,CurrentState,End,Slider,51,Scenario,3
ID,26,Time,1008.384,DronePosition,-110.2394,59.26447,-107.379,0,CameraPosition,-103.1873,1.779479,-107.4853,CameraRotation,347.0175,271.148,358.1648,CurrentState,End,Slider,51,Scenario,3
ID,26,Time,1008.398,DronePosition,-110.2394,59.26447,-107.379,0,CameraPosition,-103.1874,1.779436,-107.4855,CameraRotation,347.0363,271.1837,358.1745,CurrentState,End,Slider,51,Scenario,3
ID,26,Time,1008.412,DronePosition,-110.2394,59.26447,-107.379,0,CameraPosition,-103.1875,1.779395,-107.4857,CameraRotation,347.0418,271.2146,358.1791,CurrentState,End,Slider,51,Scenario,3
ID,26,Time,1008.426,DronePosition,-110.2394,59.26447,-107.379,0,CameraPosition,-103.1876,1.779382,-107.486,CameraRotation,347.0525,271.2349,358.1762,CurrentState,End,Slider,51,Scenario,3
ID,26,Time,1008.44,DronePosition,-110.2394,59.26447,-107.379,0,CameraPosition,-103.1876,1.779361,-107.4862,CameraRotation,347.0734,271.2389,358.1812,CurrentState,End,Slider,51,Scenario,3
ID,26,Time,1008.454,DronePosition,-110.2394,59.26447,-107.379,0,CameraPosition,-103.1878,1.779302,-107.4865,CameraRotation,347.1055,271.224,358.1935,CurrentState,End,Slider,51,Scenario,3
ID,26,Time,1008.468,DronePosition,-110.2394,59.26447,-107.379,0,CameraPosition,-103.1879,1.779253,-107.4868,CameraRotation,347.1537,271.2001,358.1939,CurrentState,End,Slider,51,Scenario,3
ID,26,Time,1008.482,DronePosition,-110.2394,59.26447,-107.379,0,CameraPosition,-103.1879,1.77921,-107.4871,CameraRotation,347.1935,271.1747,358.1946,CurrentState,End,Slider,51,Scenario,3
ID,26,Time,1008.495,DronePosition,-110.2394,59.26447,-107.379,0,CameraPosition,-103.188,1.779149,-107.4873,CameraRotation,347.2109,271.1531,358.2018,CurrentState,End,Slider,51,Scenario,3
ID,26,Time,1008.51,DronePosition,-110.2394,59.26447,-107.379,0,CameraPosition,-103.1881,1.77909,-107.4876,CameraRotation,347.2307,271.1259,358.2185,CurrentState,End,Slider,51,Scenario,3
ID,26,Time,1008.523,DronePosition,-110.2394,59.26447,-107.379,0,CameraPosition,-103.1881,1.779051,-107.4879,CameraRotation,347.2456,271.0862,358.2494,CurrentState,End,Slider,51,Scenario,3
ID,26,Time,1008.537,DronePosition,-110.2394,59.26447,-107.379,0,CameraPosition,-103.1882,1.779035,-107.4881,CameraRotation,347.2311,271.0511,358.2691,CurrentState,End,Slider,51,Scenario,3
ID,26,Time,1008.551,DronePosition,-110.2394,59.26447,-107.379,0,CameraPosition,-103.1882,1.779023,-107.4884,CameraRotation,347.2182,271.0117,358.2721,CurrentState,End,Slider,51,Scenario,3
ID,26,Time,1008.565,DronePosition,-110.2394,59.26447,-107.379,0,CameraPosition,-103.1883,1.779027,-107.4886,CameraRotation,347.222,270.9865,358.273,CurrentState,End,Slider,51,Scenario,3
ID,26,Time,1008.579,DronePosition,-110.2394,59.26447,-107.379,0,CameraPosition,-103.1883,1.779081,-107.4889,CameraRotation,347.2299,270.9568,358.2838,CurrentState,End,Slider,51,Scenario,3
ID,26,Time,1008.593,DronePosition,-110.2394,59.26447,-107.379,0,CameraPosition,-103.1882,1.77913,-107.4891,CameraRotation,347.2395,270.9235,358.295,CurrentState,End,Slider,51,Scenario,3
ID,26,Time,1008.607,DronePosition,-110.2394,59.26447,-107.379,0,CameraPosition,-103.1882,1.779151,-107.4894,CameraRotation,347.2534,270.891,358.2957,CurrentState,End,Slider,51,Scenario,3
ID,26,Time,1008.621,DronePosition,-110.2394,59.26447,-107.379,0,CameraPosition,-103.1882,1.779138,-107.4895,CameraRotation,347.2654,270.862,358.295,CurrentState,End,Slider,51,Scenario,3
ID,26,Time,1008.635,DronePosition,-110.2394,59.26447,-107.379,0,CameraPosition,-103.1883,1.779132,-107.4897,CameraRotation,347.2716,270.8548,358.2734,CurrentState,End,Slider,51,Scenario,3
ID,26,Time,1008.649,DronePosition,-110.2394,59.26447,-107.379,0,CameraPosition,-103.1883,1.779116,-107.4899,CameraRotation,347.2497,270.8498,358.2539,CurrentState,End,Slider,51,Scenario,3
ID,26,Time,1008.662,DronePosition,-110.2394,59.26447,-107.379,0,CameraPosition,-103.1883,1.779086,-107.49,CameraRotation,347.2261,270.853,358.2252,CurrentState,End,Slider,51,Scenario,3
ID,26,Time,1008.676,DronePosition,-110.2394,59.26447,-107.379,0,CameraPosition,-103.1882,1.77903,-107.4901,CameraRotation,347.1826,270.8629,358.2049,CurrentState,End,Slider,51,Scenario,3
ID,26,Time,1008.69,DronePosition,-110.2394,59.26447,-107.379,0,CameraPosition,-103.1883,1.779041,-107.4902,CameraRotation,347.1493,270.8948,358.1719,CurrentState,End,Slider,51,Scenario,3
ID,26,Time,1008.704,DronePosition,-110.2394,59.26447,-107.379,0,CameraPosition,-103.1883,1.779055,-107.4903,CameraRotation,347.1174,270.9213,358.1527,CurrentState,End,Slider,51,Scenario,3
ID,26,Time,1008.718,DronePosition,-110.2394,59.26447,-107.379,0,CameraPosition,-103.1883,1.779089,-107.4904,CameraRotation,347.0958,270.9432,358.1455,CurrentState,End,Slider,51,Scenario,3
ID,26,Time,1008.732,DronePosition,-110.2394,59.26447,-107.379,0,CameraPosition,-103.1883,1.779132,-107.4905,CameraRotation,347.0733,270.9582,358.1541,CurrentState,End,Slider,51,Scenario,3
ID,26,Time,1008.746,DronePosition,-110.2394,59.26447,-107.379,0,CameraPosition,-103.1882,1.779167,-107.4906,CameraRotation,347.0581,270.9857,358.1521,CurrentState,End,Slider,51,Scenario,3
ID,26,Time,1008.76,DronePosition,-110.2394,59.26447,-107.379,0,CameraPosition,-103.1882,1.779191,-107.4907,CameraRotation,347.0555,271.0048,358.1511,CurrentState,End,Slider,51,Scenario,3
ID,26,Time,1008.774,DronePosition,-110.2394,59.26447,-107.379,0,CameraPosition,-103.1882,1.7792,-107.4908,CameraRotation,347.0509,271.0355,358.1526,CurrentState,End,Slider,51,Scenario,3
ID,26,Time,1008.788,DronePosition,-110.2394,59.26447,-107.379,0,CameraPosition,-103.1883,1.779207,-107.4909,CameraRotation,347.049,271.0651,358.157,CurrentState,End,Slider,51,Scenario,3
ID,26,Time,1008.802,DronePosition,-110.2394,59.26447,-107.379,0,CameraPosition,-103.1883,1.779217,-107.491,CameraRotation,347.0461,271.0928,358.1609,CurrentState,End,Slider,51,Scenario,3
ID,26,Time,1008.816,DronePosition,-110.2394,59.26447,-107.379,0,CameraPosition,-103.1883,1.779195,-107.491,CameraRotation,347.0448,271.1116,358.1609,CurrentState,End,Slider,51,Scenario,3
ID,26,Time,1008.83,DronePosition,-110.2394,59.26447,-107.379,0,CameraPosition,-103.1884,1.779155,-107.4911,CameraRotation,347.0487,271.1328,358.1723,CurrentState,End,Slider,51,Scenario,3
ID,26,Time,1008.844,DronePosition,-110.2394,59.26447,-107.379,0,CameraPosition,-103.1884,1.779118,-107.4912,CameraRotation,347.0571,271.1512,358.1938,CurrentState,End,Slider,51,Scenario,3
ID,26,Time,1008.858,DronePosition,-110.2394,59.26447,-107.379,0,CameraPosition,-103.1885,1.779104,-107.4913,CameraRotation,347.0583,271.1596,358.2214,CurrentState,End,Slider,51,Scenario,3
ID,26,Time,1008.871,DronePosition,-110.2394,59.26447,-107.379,0,CameraPosition,-103.1886,1.779109,-107.4913,CameraRotation,347.0637,271.1588,358.2433,CurrentState,End,Slider,51,Scenario,3
ID,26,Time,1008.885,DronePosition,-110.2394,59.26447,-107.379,0,CameraPosition,-103.1887,1.779096,-107.4914,CameraRotation,347.064,271.1511,358.2515,CurrentState,End,Slider,51,Scenario,3
ID,26,Time,1008.899,DronePosition,-110.2394,59.26447,-107.379,0,CameraPosition,-103.1887,1.779114,-107.4914,CameraRotation,347.0864,271.1493,358.256,CurrentState,End,Slider,51,Scenario,3
ID,26,Time,1008.913,DronePosition,-110.2394,59.26447,-107.379,0,CameraPosition,-103.1888,1.779144,-107.4915,CameraRotation,347.0998,271.1481,358.2618,CurrentState,End,Slider,51,Scenario,3
ID,26,Time,1008.929,DronePosition,-110.2394,59.26447,-107.379,0,CameraPosition,-103.1889,1.779154,-107.4915,CameraRotation,347.1112,271.1372,358.2937,CurrentState,End,Slider,51,Scenario,3
ID,26,Time,1008.941,DronePosition,-110.2394,59.26447,-107.379,0,CameraPosition,-103.189,1.77914,-107.4915,CameraRotation,347.1339,271.1377,358.3087,CurrentState,End,Slider,51,Scenario,3
ID,26,Time,1008.955,DronePosition,-110.2394,59.26447,-107.379,0,CameraPosition,-103.1891,1.779112,-107.4915,CameraRotation,347.1709,271.1454,358.3186,CurrentState,End,Slider,51,Scenario,3
ID,26,Time,1008.969,DronePosition,-110.2394,59.26447,-107.379,0,CameraPosition,-103.1892,1.779071,-107.4914,CameraRotation,347.1928,271.1728,358.3197,CurrentState,End,Slider,51,Scenario,3
ID,26,Time,1008.983,DronePosition,-110.2394,59.26447,-107.379,0,CameraPosition,-103.1892,1.779011,-107.4913,CameraRotation,347.2111,271.204,358.3074,CurrentState,End,Slider,51,Scenario,3
ID,26,Time,1008.997,DronePosition,-110.2394,59.26447,-107.379,0,CameraPosition,-103.1893,1.77895,-107.4912,CameraRotation,347.2265,271.2511,358.2834,CurrentState,End,Slider,51,Scenario,3
ID,26,Time,1009.014,DronePosition,-110.2394,59.26447,-107.379,0,CameraPosition,-103.1894,1.778938,-107.491,CameraRotation,347.2486,271.3018,358.2722,CurrentState,End,Slider,51,Scenario,3
ID,26,Time,1009.025,DronePosition,-110.2394,59.26447,-107.379,0,CameraPosition,-103.1895,1.778923,-107.4909,CameraRotation,347.2786,271.3495,358.2751,CurrentState,End,Slider,51,Scenario,3
ID,26,Time,1009.038,DronePosition,-110.2394,59.26447,-107.379,0,CameraPosition,-103.1896,1.778908,-107.4908,CameraRotation,347.306,271.405,358.264,CurrentState,End,Slider,51,Scenario,3
ID,26,Time,1009.052,DronePosition,-110.2394,59.26447,-107.379,0,CameraPosition,-103.1896,1.778903,-107.4906,CameraRotation,347.3348,271.4663,358.2408,CurrentState,End,Slider,51,Scenario,3
ID,26,Time,1009.066,DronePosition,-110.2394,59.26447,-107.379,0,CameraPosition,-103.1897,1.778887,-107.4905,CameraRotation,347.373,271.5204,358.2298,CurrentState,End,Slider,51,Scenario,3
ID,26,Time,1009.08,DronePosition,-110.2394,59.26447,-107.379,0,CameraPosition,-103.1897,1.778867,-107.4904,CameraRotation,347.4106,271.5561,358.2117,CurrentState,End,Slider,51,Scenario,3
ID,26,Time,1009.094,DronePosition,-110.2394,59.26447,-107.379,0,CameraPosition,-103.1897,1.778819,-107.4903,CameraRotation,347.4281,271.5825,358.2075,CurrentState,End,Slider,51,Scenario,3
ID,26,Time,1009.108,DronePosition,-110.2394,59.26447,-107.379,0,CameraPosition,-103.1898,1.778776,-107.4902,CameraRotation,347.4509,271.5992,358.2165,CurrentState,End,Slider,51,Scenario,3
ID,26,Time,1009.122,DronePosition,-110.2394,59.26447,-107.379,0,CameraPosition,-103.1898,1.778736,-107.4901,CameraRotation,347.4716,271.6005,358.2103,CurrentState,End,Slider,51,Scenario,3
ID,26,Time,1009.136,DronePosition,-110.2394,59.26447,-107.379,0,CameraPosition,-103.1899,1.778689,-107.49,CameraRotation,347.4963,271.6216,358.2098,CurrentState,End,Slider,51,Scenario,3
ID,26,Time,1009.15,DronePosition,-110.2394,59.26447,-107.379,0,CameraPosition,-103.1899,1.778644,-107.4899,CameraRotation,347.5001,271.6177,358.2257,CurrentState,End,Slider,51,Scenario,3
ID,26,Time,1009.164,DronePosition,-110.2394,59.26447,-107.379,0,CameraPosition,-103.1899,1.778621,-107.4899,CameraRotation,347.5056,271.6302,358.2418,CurrentState,End,Slider,51,Scenario,3
ID,26,Time,1009.178,DronePosition,-110.2394,59.26447,-107.379,0,CameraPosition,-103.1899,1.778615,-107.4898,CameraRotation,347.5389,271.632,358.2826,CurrentState,End,Slider,51,Scenario,3
ID,26,Time,1009.191,DronePosition,-110.2394,59.26447,-107.379,0,CameraPosition,-103.19,1.778611,-107.4897,CameraRotation,347.5562,271.6288,358.3359,CurrentState,End,Slider,51,Scenario,3
ID,26,Time,1009.206,DronePosition,-110.2394,59.26447,-107.379,0,CameraPosition,-103.19,1.778597,-107.4896,CameraRotation,347.5684,271.6122,358.3853,CurrentState,End,Slider,51,Scenario,3
ID,26,Time,1009.219,DronePosition,-110.2394,59.26447,-107.379,0,CameraPosition,-103.1899,1.778609,-107.4896,CameraRotation,347.5899,271.6014,358.3911,CurrentState,End,Slider,51,Scenario,3
ID,26,Time,1009.233,DronePosition,-110.2394,59.26447,-107.379,0,CameraPosition,-103.1899,1.778628,-107.4895,CameraRotation,347.6119,271.5881,358.3987,CurrentState,End,Slider,51,Scenario,3
ID,26,Time,1009.247,DronePosition,-110.2394,59.26447,-107.379,0,CameraPosition,-103.1898,1.778638,-107.4894,CameraRotation,347.6204,271.5707,358.4219,CurrentState,End,Slider,51,Scenario,3
ID,26,Time,1009.261,DronePosition,-110.2394,59.26447,-107.379,0,CameraPosition,-103.1898,1.778639,-107.4893,CameraRotation,347.6223,271.5424,358.4465,CurrentState,End,Slider,51,Scenario,3
ID,26,Time,1009.275,DronePosition,-110.2394,59.26447,-107.379,0,CameraPosition,-103.1897,1.778623,-107.4892,CameraRotation,347.6105,271.5052,358.4697,CurrentState,End,Slider,51,Scenario,3
ID,26,Time,1009.289,DronePosition,-110.2394,59.26447,-107.379,0,CameraPosition,-103.1897,1.778614,-107.4891,CameraRotation,347.6039,271.4736,358.4658,CurrentState,End,Slider,51,Scenario,3
ID,26,Time,1009.303,DronePosition,-110.2394,59.26447,-107.379,0,CameraPosition,-103.1896,1.778593,-107.4891,CameraRotation,347.5886,271.4458,358.4599,CurrentState,End,Slider,51,Scenario,3
ID,26,Time,1009.317,DronePosition,-110.2394,59.26447,-107.379,0,CameraPosition,-103.1895,1.778578,-107.489,CameraRotation,347.5584,271.4132,358.4571,CurrentState,End,Slider,51,Scenario,3
ID,26,Time,1009.331,DronePosition,-110.2394,59.26447,-107.379,0,CameraPosition,-103.1895,1.778613,-107.4889,CameraRotation,347.5436,271.385,358.4654,CurrentState,End,Slider,51,Scenario,3
ID,26,Time,1009.345,DronePosition,-110.2394,59.26447,-107.379,0,CameraPosition,-103.1894,1.778653,-107.4887,CameraRotation,347.5195,271.3631,358.476,CurrentState,End,Slider,51,Scenario,3
ID,26,Time,1009.358,DronePosition,-110.2394,59.26447,-107.379,0,CameraPosition,-103.1894,1.778703,-107.4886,CameraRotation,347.4778,271.3497,358.4748,CurrentState,End,Slider,51,Scenario,3
ID,26,Time,1009.372,DronePosition,-110.2394,59.26447,-107.379,0,CameraPosition,-103.1893,1.778775,-107.4885,CameraRotation,347.4381,271.346,358.4768,CurrentState,End,Slider,51,Scenario,3
ID,26,Time,1009.386,DronePosition,-110.2394,59.26447,-107.379,0,CameraPosition,-103.1892,1.778853,-107.4883,CameraRotation,347.4138,271.3399,358.4866,CurrentState,End,Slider,51,Scenario,3
ID,26,Time,1009.4,DronePosition,-110.2394,59.26447,-107.379,0,CameraPosition,-103.1892,1.778915,-107.4882,CameraRotation,347.3894,271.3426,358.4937,CurrentState,End,Slider,51,Scenario,3
ID,26,Time,1009.415,DronePosition,-110.2394,59.26447,-107.379,0,CameraPosition,-103.1892,1.778942,-107.488,CameraRotation,347.3724,271.3361,358.503,CurrentState,End,Slider,51,Scenario,3
ID,26,Time,1009.428,DronePosition,-110.2394,59.26447,-107.379,0,CameraPosition,-103.1891,1.778967,-107.4879,CameraRotation,347.3546,271.3434,358.5034,CurrentState,End,Slider,51,Scenario,3
ID,26,Time,1009.442,DronePosition,-110.2394,59.26447,-107.379,0,CameraPosition,-103.1891,1.778993,-107.4877,CameraRotation,347.3445,271.34,358.5,CurrentState,End,Slider,51,Scenario,3
ID,26,Time,1009.456,DronePosition,-110.2394,59.26447,-107.379,0,CameraPosition,-103.189,1.778994,-107.4876,CameraRotation,347.3361,271.3323,358.4896,CurrentState,End,Slider,51,Scenario,3
ID,26,Time,1009.47,DronePosition,-110.2394,59.26447,-107.379,0,CameraPosition,-103.189,1.778987,-107.4875,CameraRotation,347.3261,271.3218,358.4837,CurrentState,End,Slider,51,Scenario,3
ID,26,Time,1009.484,DronePosition,-110.2394,59.26447,-107.379,0,CameraPosition,-103.189,1.778984,-107.4874,CameraRotation,347.3192,271.2964,358.4931,CurrentState,End,Slider,51,Scenario,3
ID,26,Time,1009.498,DronePosition,-110.2394,59.26447,-107.379,0,CameraPosition,-103.189,1.779,-107.4873,CameraRotation,347.3117,271.2732,358.4938,CurrentState,End,Slider,51,Scenario,3
ID,26,Time,1009.512,DronePosition,-110.2394,59.26447,-107.379,0,CameraPosition,-103.1889,1.779005,-107.4871,CameraRotation,347.3138,271.2584,358.4963,CurrentState,End,Slider,51,Scenario,3
ID,26,Time,1009.526,DronePosition,-110.2394,59.26447,-107.379,0,CameraPosition,-103.1889,1.778999,-107.487,CameraRotation,347.3268,271.2434,358.5023,CurrentState,End,Slider,51,Scenario,3
ID,26,Time,1009.539,DronePosition,-110.2394,59.26447,-107.379,0,CameraPosition,-103.1889,1.779017,-107.4869,CameraRotation,347.3299,271.2409,358.5095,CurrentState,End,Slider,51,Scenario,3
ID,26,Time,1009.553,DronePosition,-110.2394,59.26447,-107.379,0,CameraPosition,-103.1888,1.779049,-107.4867,CameraRotation,347.3356,271.2445,358.5134,CurrentState,End,Slider,51,Scenario,3
ID,26,Time,1009.567,DronePosition,-110.2394,59.26447,-107.379,0,CameraPosition,-103.1888,1.779084,-107.4866,CameraRotation,347.3465,271.2589,358.5195,CurrentState,End,Slider,51,Scenario,3
ID,26,Time,1009.581,DronePosition,-110.2394,59.26447,-107.379,0,CameraPosition,-103.1888,1.779111,-107.4864,CameraRotation,347.3468,271.2748,358.5086,CurrentState,End,Slider,51,Scenario,3
ID,26,Time,1009.595,DronePosition,-110.2394,59.26447,-107.379,0,CameraPosition,-103.1887,1.779131,-107.4863,CameraRotation,347.3428,271.2841,358.5038,CurrentState,End,Slider,51,Scenario,3
ID,26,Time,1009.609,DronePosition,-110.2394,59.26447,-107.379,0,CameraPosition,-103.1887,1.779155,-107.4861,CameraRotation,347.344,271.2953,358.494,CurrentState,End,Slider,51,Scenario,3
ID,26,Time,1009.623,DronePosition,-110.2394,59.26447,-107.379,0,CameraPosition,-103.1886,1.779151,-107.486,CameraRotation,347.3545,271.3043,358.505,CurrentState,End,Slider,51,Scenario,3
ID,26,Time,1009.637,DronePosition,-110.2394,59.26447,-107.379,0,CameraPosition,-103.1885,1.779139,-107.4858,CameraRotation,347.3551,271.3177,358.5142,CurrentState,End,Slider,51,Scenario,3
ID,26,Time,1009.651,DronePosition,-110.2394,59.26447,-107.379,0,CameraPosition,-103.1884,1.779153,-107.4857,CameraRotation,347.3473,271.3359,358.4959,CurrentState,End,Slider,51,Scenario,3
ID,26,Time,1009.665,DronePosition,-110.2394,59.26447,-107.379,0,CameraPosition,-103.1883,1.779183,-107.4855,CameraRotation,347.3234,271.3508,358.4456,CurrentState,End,Slider,51,Scenario,3
ID,26,Time,1009.679,DronePosition,-110.2394,59.26447,-107.379,0,CameraPosition,-103.1882,1.779245,-107.4853,CameraRotation,347.2939,271.3748,358.4044,CurrentState,End,Slider,51,Scenario,3
ID,26,Time,1009.693,DronePosition,-110.2394,59.26447,-107.379,0,CameraPosition,-103.1881,1.779366,-107.4852,CameraRotation,347.2569,271.4015,358.381,CurrentState,End,Slider,51,Scenario,3
ID,26,Time,1009.707,DronePosition,-110.2394,59.26447,-107.379,0,CameraPosition,-103.188,1.779523,-107.485,CameraRotation,347.2064,271.4274,358.3866,CurrentState,End,Slider,51,Scenario,3
ID,26,Time,1009.72,DronePosition,-110.2394,59.26447,-107.379,0,CameraPosition,-103.1878,1.77964,-107.4849,CameraRotation,347.1633,271.4582,358.3943,CurrentState,End,Slider,51,Scenario,3
ID,26,Time,1009.734,DronePosition,-110.2394,59.26447,-107.379,0,CameraPosition,-103.1877,1.779705,-107.4848,CameraRotation,347.1458,271.4977,358.413,CurrentState,End,Slider,51,Scenario,3
ID,26,Time,1009.749,DronePosition,-110.2394,59.26447,-107.379,0,CameraPosition,-103.1876,1.779751,-107.4847,CameraRotation,347.1366,271.5483,358.4401,CurrentState,End,Slider,51,Scenario,3
ID,26,Time,1009.762,DronePosition,-110.2394,59.26447,-107.379,0,CameraPosition,-103.1875,1.77979,-107.4846,CameraRotation,347.1212,271.579,358.463,CurrentState,End,Slider,51,Scenario,3
ID,26,Time,1009.776,DronePosition,-110.2394,59.26447,-107.379,0,CameraPosition,-103.1875,1.779789,-107.4846,CameraRotation,347.1256,271.5948,358.4984,CurrentState,End,Slider,51,Scenario,3
ID,26,Time,1009.79,DronePosition,-110.2394,59.26447,-107.379,0,CameraPosition,-103.1874,1.779737,-107.4845,CameraRotation,347.142,271.5861,358.5253,CurrentState,End,Slider,51,Scenario,3
ID,26,Time,1009.804,DronePosition,-110.2394,59.26447,-107.379,0,CameraPosition,-103.1873,1.779706,-107.4845,CameraRotation,347.1572,271.5831,358.5293,CurrentState,End,Slider,51,Scenario,3
ID,26,Time,1009.818,DronePosition,-110.2394,59.26447,-107.379,0,CameraPosition,-103.1872,1.779699,-107.4844,CameraRotation,347.1762,271.5784,358.5274,CurrentState,End,Slider,51,Scenario,3
ID,26,Time,1009.832,DronePosition,-110.2394,59.26447,-107.379,0,CameraPosition,-103.1871,1.779704,-107.4843,CameraRotation,347.1644,271.5556,358.531,CurrentState,End,Slider,51,Scenario,3
ID,26,Time,1009.846,DronePosition,-110.2394,59.26447,-107.379,0,CameraPosition,-103.187,1.779711,-107.4843,CameraRotation,347.1548,271.532,358.5384,CurrentState,End,Slider,51,Scenario,3
ID,26,Time,1009.86,DronePosition,-110.2394,59.26447,-107.379,0,CameraPosition,-103.1869,1.7797,-107.4842,CameraRotation,347.1556,271.5059,358.552,CurrentState,End,Slider,51,Scenario,3
ID,26,Time,1009.874,DronePosition,-110.2394,59.26447,-107.379,0,CameraPosition,-103.1869,1.779693,-107.4841,CameraRotation,347.1648,271.4997,358.5538,CurrentState,End,Slider,51,Scenario,3
ID,26,Time,1009.888,DronePosition,-110.2394,59.26447,-107.379,0,CameraPosition,-103.1868,1.779676,-107.484,CameraRotation,347.1589,271.5053,358.5192,CurrentState,End,Slider,51,Scenario,3
ID,26,Time,1009.902,DronePosition,-110.2394,59.26447,-107.379,0,CameraPosition,-103.1867,1.779673,-107.4838,CameraRotation,347.1624,271.5292,358.4747,CurrentState,End,Slider,51,Scenario,3
ID,26,Time,1009.916,DronePosition,-110.2394,59.26447,-107.379,0,CameraPosition,-103.1866,1.779678,-107.4837,CameraRotation,347.1637,271.5581,358.4342,CurrentState,End,Slider,51,Scenario,3
ID,26,Time,1009.93,DronePosition,-110.2394,59.26447,-107.379,0,CameraPosition,-103.1865,1.779675,-107.4835,CameraRotation,347.175,271.6073,358.409,CurrentState,End,Slider,51,Scenario,3
ID,26,Time,1009.943,DronePosition,-110.2394,59.26447,-107.379,0,CameraPosition,-103.1864,1.779656,-107.4834,CameraRotation,347.2029,271.6622,358.385,CurrentState,End,Slider,51,Scenario,3
ID,26,Time,1009.957,DronePosition,-110.2394,59.26447,-107.379,0,CameraPosition,-103.1864,1.779614,-107.4832,CameraRotation,347.2381,271.7249,358.3631,CurrentState,End,Slider,51,Scenario,3
ID,26,Time,1009.971,DronePosition,-110.2394,59.26447,-107.379,0,CameraPosition,-103.1862,1.779589,-107.4831,CameraRotation,347.2715,271.8002,358.3263,CurrentState,End,Slider,51,Scenario,3
ID,26,Time,1009.985,DronePosition,-110.2394,59.26447,-107.379,0,CameraPosition,-103.1861,1.779573,-107.483,CameraRotation,347.2849,271.8628,358.3116,CurrentState,End,Slider,51,Scenario,3
ID,26,Time,1009.999,DronePosition,-110.2394,59.26447,-107.379,0,CameraPosition,-103.186,1.779567,-107.4829,CameraRotation,347.293,271.9044,358.3127,CurrentState,End,Slider,51,Scenario,3
ID,26,Time,1010.016,DronePosition,-110.2394,59.26447,-107.379,0,CameraPosition,-103.1858,1.779537,-107.4828,CameraRotation,347.3002,271.9256,358.3197,CurrentState,End,Slider,51,Scenario,3
ID,26,Time,1010.027,DronePosition,-110.2394,59.26447,-107.379,0,CameraPosition,-103.1856,1.779483,-107.4828,CameraRotation,347.2915,271.9256,358.3239,CurrentState,End,Slider,51,Scenario,3
ID,26,Time,1010.041,DronePosition,-110.2394,59.26447,-107.379,0,CameraPosition,-103.1855,1.779455,-107.4828,CameraRotation,347.2646,271.9199,358.3156,CurrentState,End,Slider,51,Scenario,3
ID,26,Time,1010.054,DronePosition,-110.2394,59.26447,-107.379,0,CameraPosition,-103.1853,1.779492,-107.4828,CameraRotation,347.2246,271.8772,358.3263,CurrentState,End,Slider,51,Scenario,3
ID,26,Time,1010.068,DronePosition,-110.2394,59.26447,-107.379,0,CameraPosition,-103.1851,1.779544,-107.4829,CameraRotation,347.1815,271.8313,358.3386,CurrentState,End,Slider,51,Scenario,3
ID,26,Time,1010.082,DronePosition,-110.2394,59.26447,-107.379,0,CameraPosition,-103.1849,1.779586,-107.4829,CameraRotation,347.1415,271.7708,358.3625,CurrentState,End,Slider,51,Scenario,3
ID,26,Time,1010.096,DronePosition,-110.2394,59.26447,-107.379,0,CameraPosition,-103.1848,1.779641,-107.483,CameraRotation,347.108,271.7236,358.3812,CurrentState,End,Slider,51,Scenario,3
ID,26,Time,1010.11,DronePosition,-110.2394,59.26447,-107.379,0,CameraPosition,-103.1846,1.779693,-107.483,CameraRotation,347.0752,271.6877,358.3996,CurrentState,End,Slider,51,Scenario,3
ID,26,Time,1010.124,DronePosition,-110.2394,59.26447,-107.379,0,CameraPosition,-103.1845,1.77975,-107.4831,CameraRotation,347.0417,271.6575,358.4148,CurrentState,End,Slider,51,Scenario,3
ID,26,Time,1010.138,DronePosition,-110.2394,59.26447,-107.379,0,CameraPosition,-103.1843,1.779795,-107.4831,CameraRotation,347.0034,271.6325,358.4261,CurrentState,End,Slider,51,Scenario,3
ID,26,Time,1010.152,DronePosition,-110.2394,59.26447,-107.379,0,CameraPosition,-103.1841,1.779836,-107.4832,CameraRotation,346.9723,271.5935,358.4361,CurrentState,End,Slider,51,Scenario,3
ID,26,Time,1010.166,DronePosition,-110.2394,59.26447,-107.379,0,CameraPosition,-103.1839,1.779871,-107.4832,CameraRotation,346.9154,271.5495,358.4473,CurrentState,End,Slider,51,Scenario,3
ID,26,Time,1010.18,DronePosition,-110.2394,59.26447,-107.379,0,CameraPosition,-103.1837,1.779945,-107.4833,CameraRotation,346.8627,271.5017,358.4617,CurrentState,End,Slider,51,Scenario,3
ID,26,Time,1010.194,DronePosition,-110.2394,59.26447,-107.379,0,CameraPosition,-103.1836,1.78002,-107.4833,CameraRotation,346.7924,271.439,358.4581,CurrentState,End,Slider,51,Scenario,3
ID,26,Time,1010.208,DronePosition,-110.2394,59.26447,-107.379,0,CameraPosition,-103.1834,1.780096,-107.4834,CameraRotation,346.7228,271.3827,358.4633,CurrentState,End,Slider,51,Scenario,3
ID,26,Time,1010.222,DronePosition,-110.2394,59.26447,-107.379,0,CameraPosition,-103.1832,1.780165,-107.4835,CameraRotation,346.6517,271.3224,358.4742,CurrentState,End,Slider,51,Scenario,3
ID,26,Time,1010.236,DronePosition,-110.2394,59.26447,-107.379,0,CameraPosition,-103.1831,1.780228,-107.4836,CameraRotation,346.5847,271.2532,358.498,CurrentState,End,Slider,51,Scenario,3
ID,26,Time,1010.25,DronePosition,-110.2394,59.26447,-107.379,0,CameraPosition,-103.1829,1.780277,-107.4837,CameraRotation,346.5348,271.1796,358.5283,CurrentState,End,Slider,51,Scenario,3
ID,26,Time,1010.264,DronePosition,-110.2394,59.26447,-107.379,0,CameraPosition,-103.1828,1.780297,-107.4838,CameraRotation,346.4908,271.1021,358.5523,CurrentState,End,Slider,51,Scenario,3
ID,26,Time,1010.277,DronePosition,-110.2394,59.26447,-107.379,0,CameraPosition,-103.1827,1.780286,-107.484,CameraRotation,346.4829,271.0162,358.5764,CurrentState,End,Slider,51,Scenario,3
ID,26,Time,1010.291,DronePosition,-110.2394,59.26447,-107.379,0,CameraPosition,-103.1826,1.780272,-107.4841,CameraRotation,346.4799,270.9272,358.5977,CurrentState,End,Slider,51,Scenario,3
ID,26,Time,1010.305,DronePosition,-110.2394,59.26447,-107.379,0,CameraPosition,-103.1825,1.780253,-107.4842,CameraRotation,346.4675,270.8127,358.6088,CurrentState,End,Slider,51,Scenario,3
ID,26,Time,1010.319,DronePosition,-110.2394,59.26447,-107.379,0,CameraPosition,-103.1824,1.780262,-107.4844,CameraRotation,346.4418,270.6895,358.6223,CurrentState,End,Slider,51,Scenario,3
ID,26,Time,1010.333,DronePosition,-110.2394,59.26447,-107.379,0,CameraPosition,-103.1823,1.78029,-107.4845,CameraRotation,346.4082,270.5456,358.6585,CurrentState,End,Slider,51,Scenario,3
ID,26,Time,1010.347,DronePosition,-110.2394,59.26447,-107.379,0,CameraPosition,-103.1822,1.780322,-107.4847,CameraRotation,346.3719,270.4004,358.6846,CurrentState,End,Slider,51,Scenario,3
ID,26,Time,1010.361,DronePosition,-110.2394,59.26447,-107.379,0,CameraPosition,-103.1821,1.780344,-107.4848,CameraRotation,346.372,270.2423,358.6994,CurrentState,End,Slider,51,Scenario,3
ID,26,Time,1010.375,DronePosition,-110.2394,59.26447,-107.379,0,CameraPosition,-103.182,1.78031,-107.485,CameraRotation,346.3564,270.0961,358.7039,CurrentState,End,Slider,51,Scenario,3
ID,26,Time,1010.389,DronePosition,-110.2394,59.26447,-107.379,0,CameraPosition,-103.182,1.780297,-107.4851,CameraRotation,346.3308,269.9619,358.7077,CurrentState,End,Slider,51,Scenario,3
ID,26,Time,1010.403,DronePosition,-110.2394,59.26447,-107.379,0,CameraPosition,-103.1819,1.780272,-107.4852,CameraRotation,346.3014,269.8273,358.6971,CurrentState,End,Slider,51,Scenario,3
ID,26,Time,1010.417,DronePosition,-110.2394,59.26447,-107.379,0,CameraPosition,-103.1818,1.780249,-107.4853,CameraRotation,346.2956,269.718,358.6965,CurrentState,End,Slider,51,Scenario,3
ID,26,Time,1010.43,DronePosition,-110.2394,59.26447,-107.379,0,CameraPosition,-103.1818,1.78022,-107.4854,CameraRotation,346.2944,269.6209,358.7083,CurrentState,End,Slider,51,Scenario,3
ID,26,Time,1010.444,DronePosition,-110.2394,59.26447,-107.379,0,CameraPosition,-103.1817,1.78018,-107.4855,CameraRotation,346.2934,269.5379,358.729,CurrentState,End,Slider,51,Scenario,3
ID,26,Time,1010.459,DronePosition,-110.2394,59.26447,-107.379,0,CameraPosition,-103.1816,1.780136,-107.4856,CameraRotation,346.311,269.4699,358.7483,CurrentState,End,Slider,51,Scenario,3
ID,26,Time,1010.472,DronePosition,-110.2394,59.26447,-107.379,0,CameraPosition,-103.1815,1.780085,-107.4857,CameraRotation,346.3319,269.4098,358.7589,CurrentState,End,Slider,51,Scenario,3
ID,26,Time,1010.486,DronePosition,-110.2394,59.26447,-107.379,0,CameraPosition,-103.1814,1.780012,-107.4857,CameraRotation,346.3479,269.3479,358.7679,CurrentState,End,Slider,51,Scenario,3
ID,26,Time,1010.5,DronePosition,-110.2394,59.26447,-107.379,0,CameraPosition,-103.1813,1.779973,-107.4858,CameraRotation,346.3718,269.2902,358.7698,CurrentState,End,Slider,51,Scenario,3
ID,26,Time,1010.514,DronePosition,-110.2394,59.26447,-107.379,0,CameraPosition,-103.1812,1.779939,-107.4859,CameraRotation,346.3814,269.2239,358.7729,CurrentState,End,Slider,51,Scenario,3
ID,26,Time,1010.528,DronePosition,-110.2394,59.26447,-107.379,0,CameraPosition,-103.181,1.779914,-107.486,CameraRotation,346.3947,269.1514,358.7731,CurrentState,End,Slider,51,Scenario,3
ID,26,Time,1010.542,DronePosition,-110.2394,59.26447,-107.379,0,CameraPosition,-103.1809,1.779888,-107.486,CameraRotation,346.3939,269.0691,358.7657,CurrentState,End,Slider,51,Scenario,3
ID,26,Time,1010.556,DronePosition,-110.2394,59.26447,-107.379,0,CameraPosition,-103.1808,1.779856,-107.4861,CameraRotation,346.395,268.9817,358.7601,CurrentState,End,Slider,51,Scenario,3
ID,26,Time,1010.569,DronePosition,-110.2394,59.26447,-107.379,0,CameraPosition,-103.1807,1.779804,-107.4862,CameraRotation,346.3999,268.8877,358.7457,CurrentState,End,Slider,51,Scenario,3
ID,26,Time,1010.584,DronePosition,-110.2394,59.26447,-107.379,0,CameraPosition,-103.1806,1.779742,-107.4863,CameraRotation,346.4178,268.8012,358.7438,CurrentState,End,Slider,51,Scenario,3
ID,26,Time,1010.598,DronePosition,-110.2394,59.26447,-107.379,0,CameraPosition,-103.1805,1.779696,-107.4863,CameraRotation,346.4225,268.7144,358.7559,CurrentState,End,Slider,51,Scenario,3
ID,26,Time,1010.611,DronePosition,-110.2394,59.26447,-107.379,0,CameraPosition,-103.1804,1.779672,-107.4864,CameraRotation,346.4088,268.6416,358.761,CurrentState,End,Slider,51,Scenario,3
ID,26,Time,1010.626,DronePosition,-110.2394,59.26447,-107.379,0,CameraPosition,-103.1803,1.77966,-107.4864,CameraRotation,346.4043,268.5755,358.7525,CurrentState,End,Slider,51,Scenario,3
ID,26,Time,1010.639,DronePosition,-110.2394,59.26447,-107.379,0,CameraPosition,-103.1802,1.779651,-107.4865,CameraRotation,346.3734,268.533,358.7614,CurrentState,End,Slider,51,Scenario,3
ID,26,Time,1010.653,DronePosition,-110.2394,59.26447,-107.379,0,CameraPosition,-103.1801,1.779693,-107.4865,CameraRotation,346.3456,268.5185,358.7751,CurrentState,End,Slider,51,Scenario,3
ID,26,Time,1010.667,DronePosition,-110.2394,59.26447,-107.379,0,CameraPosition,-103.1799,1.779711,-107.4865,CameraRotation,346.316,268.4879,358.7956,CurrentState,End,Slider,51,Scenario,3
ID,26,Time,1010.681,DronePosition,-110.2394,59.26447,-107.379,0,CameraPosition,-103.1798,1.779728,-107.4865,CameraRotation,346.3111,268.4855,358.8116,CurrentState,End,Slider,51,Scenario,3
ID,26,Time,1010.695,DronePosition,-110.2394,59.26447,-107.379,0,CameraPosition,-103.1797,1.77973,-107.4864,CameraRotation,346.313,268.4836,358.8236,CurrentState,End,Slider,51,Scenario,3
ID,26,Time,1010.709,DronePosition,-110.2394,59.26447,-107.379,0,CameraPosition,-103.1796,1.77975,-107.4864,CameraRotation,346.31,268.4942,358.8312,CurrentState,End,Slider,51,Scenario,3
ID,26,Time,1010.723,DronePosition,-110.2394,59.26447,-107.379,0,CameraPosition,-103.1795,1.77977,-107.4863,CameraRotation,346.2981,268.4955,358.8351,CurrentState,End,Slider,51,Scenario,3
ID,26,Time,1010.737,DronePosition,-110.2394,59.26447,-107.379,0,CameraPosition,-103.1794,1.779749,-107.4863,CameraRotation,346.2958,268.4904,358.8449,CurrentState,End,Slider,51,Scenario,3
ID,26,Time,1010.75,DronePosition,-110.2394,59.26447,-107.379,0,CameraPosition,-103.1793,1.779686,-107.4862,CameraRotation,346.299,268.4816,358.8453,CurrentState,End,Slider,51,Scenario,3
ID,26,Time,1010.765,DronePosition,-110.2394,59.26447,-107.379,0,CameraPosition,-103.1792,1.779641,-107.4862,CameraRotation,346.3029,268.4842,358.8347,CurrentState,End,Slider,51,Scenario,3
ID,26,Time,1010.779,DronePosition,-110.2394,59.26447,-107.379,0,CameraPosition,-103.1791,1.779634,-107.4861,CameraRotation,346.3007,268.4825,358.8254,CurrentState,End,Slider,51,Scenario,3
ID,26,Time,1010.792,DronePosition,-110.2394,59.26447,-107.379,0,CameraPosition,-103.179,1.779642,-107.486,CameraRotation,346.287,268.4793,358.8201,CurrentState,End,Slider,51,Scenario,3
ID,26,Time,1010.806,DronePosition,-110.2394,59.26447,-107.379,0,CameraPosition,-103.1789,1.779661,-107.4859,CameraRotation,346.2777,268.4885,358.8081,CurrentState,End,Slider,51,Scenario,3
ID,26,Time,1010.82,DronePosition,-110.2394,59.26447,-107.379,0,CameraPosition,-103.1789,1.779682,-107.4857,CameraRotation,346.2617,268.505,358.7856,CurrentState,End,Slider,51,Scenario,3
ID,26,Time,1010.834,DronePosition,-110.2394,59.26447,-107.379,0,CameraPosition,-103.1788,1.779712,-107.4856,CameraRotation,346.2498,268.5336,358.7674,CurrentState,End,Slider,51,Scenario,3
ID,26,Time,1010.848,DronePosition,-110.2394,59.26447,-107.379,0,CameraPosition,-103.1787,1.77973,-107.4855,CameraRotation,346.2265,268.5794,358.7551,CurrentState,End,Slider,51,Scenario,3
ID,26,Time,1010.862,DronePosition,-110.2394,59.26447,-107.379,0,CameraPosition,-103.1786,1.779741,-107.4854,CameraRotation,346.2254,268.6171,358.7468,CurrentState,End,Slider,51,Scenario,3
ID,26,Time,1010.876,DronePosition,-110.2394,59.26447,-107.379,0,CameraPosition,-103.1785,1.779732,-107.4852,CameraRotation,346.2226,268.6506,358.7342,CurrentState,End,Slider,51,Scenario,3
ID,26,Time,1010.89,DronePosition,-110.2394,59.26447,-107.379,0,CameraPosition,-103.1785,1.779702,-107.4851,CameraRotation,346.2361,268.6864,358.7245,CurrentState,End,Slider,51,Scenario,3
ID,26,Time,1010.904,DronePosition,-110.2394,59.26447,-107.379,0,CameraPosition,-103.1784,1.779654,-107.485,CameraRotation,346.2471,268.7175,358.7198,CurrentState,End,Slider,51,Scenario,3
ID,26,Time,1010.918,DronePosition,-110.2394,59.26447,-107.379,0,CameraPosition,-103.1784,1.779602,-107.4848,CameraRotation,346.255,268.7386,358.7114,CurrentState,End,Slider,51,Scenario,3
ID,26,Time,1010.932,DronePosition,-110.2394,59.26447,-107.379,0,CameraPosition,-103.1783,1.779578,-107.4847,CameraRotation,346.2644,268.7649,358.6961,CurrentState,End,Slider,51,Scenario,3
ID,26,Time,1010.946,DronePosition,-110.2394,59.26447,-107.379,0,CameraPosition,-103.1782,1.779545,-107.4846,CameraRotation,346.2687,268.7697,358.6828,CurrentState,End,Slider,51,Scenario,3
ID,26,Time,1010.96,DronePosition,-110.2394,59.26447,-107.379,0,CameraPosition,-103.1781,1.77954,-107.4844,CameraRotation,346.2845,268.7906,358.6613,CurrentState,End,Slider,51,Scenario,3
ID,26,Time,1010.973,DronePosition,-110.2394,59.26447,-107.379,0,CameraPosition,-103.178,1.779545,-107.4843,CameraRotation,346.2804,268.8039,358.6465,CurrentState,End,Slider,51,Scenario,3
ID,26,Time,1010.987,DronePosition,-110.2394,59.26447,-107.379,0,CameraPosition,-103.1779,1.779571,-107.4842,CameraRotation,346.2763,268.8166,358.6262,CurrentState,End,Slider,51,Scenario,3
ID,26,Time,1011.001,DronePosition,-110.2394,59.26447,-107.379,0,CameraPosition,-103.1778,1.7796,-107.4841,CameraRotation,346.274,268.8467,358.6113,CurrentState,End,Slider,51,Scenario,3
ID,26,Time,1011.015,DronePosition,-110.2394,59.26447,-107.379,0,CameraPosition,-103.1777,1.779606,-107.484,CameraRotation,346.2651,268.8705,358.5955,CurrentState,End,Slider,51,Scenario,3
ID,26,Time,1011.029,DronePosition,-110.2394,59.26447,-107.379,0,CameraPosition,-103.1776,1.779604,-107.4838,CameraRotation,346.2562,268.9025,358.581,CurrentState,End,Slider,51,Scenario,3
ID,26,Time,1011.043,DronePosition,-110.2394,59.26447,-107.379,0,CameraPosition,-103.1775,1.779586,-107.4837,CameraRotation,346.2504,268.9263,358.5664,CurrentState,End,Slider,51,Scenario,3
ID,26,Time,1011.057,DronePosition,-110.2394,59.26447,-107.379,0,CameraPosition,-103.1774,1.779587,-107.4836,CameraRotation,346.2497,268.9463,358.5563,CurrentState,End,Slider,51,Scenario,3
ID,26,Time,1011.071,DronePosition,-110.2394,59.26447,-107.379,0,CameraPosition,-103.1773,1.779594,-107.4834,CameraRotation,346.2494,268.9586,358.5301,CurrentState,End,Slider,51,Scenario,3
ID,26,Time,1011.085,DronePosition,-110.2394,59.26447,-107.379,0,CameraPosition,-103.1772,1.7796,-107.4833,CameraRotation,346.2394,268.9714,358.5074,CurrentState,End,Slider,51,Scenario,3
ID,26,Time,1011.099,DronePosition,-110.2394,59.26447,-107.379,0,CameraPosition,-103.177,1.779608,-107.4832,CameraRotation,346.231,268.9745,358.4927,CurrentState,End,Slider,51,Scenario,3
ID,26,Time,1011.113,DronePosition,-110.2394,59.26447,-107.379,0,CameraPosition,-103.1769,1.779602,-107.4831,CameraRotation,346.2114,268.9782,358.4891,CurrentState,End,Slider,51,Scenario,3
ID,26,Time,1011.127,DronePosition,-110.2394,59.26447,-107.379,0,CameraPosition,-103.1768,1.7796,-107.483,CameraRotation,346.2164,268.9796,358.4777,CurrentState,End,Slider,51,Scenario,3
ID,26,Time,1011.141,DronePosition,-110.2394,59.26447,-107.379,0,CameraPosition,-103.1766,1.779608,-107.4829,CameraRotation,346.2141,268.9862,358.4761,CurrentState,End,Slider,51,Scenario,3
ID,26,Time,1011.154,DronePosition,-110.2394,59.26447,-107.379,0,CameraPosition,-103.1765,1.779632,-107.4828,CameraRotation,346.1877,269.0002,358.4611,CurrentState,End,Slider,51,Scenario,3
ID,26,Time,1011.168,DronePosition,-110.2394,59.26447,-107.379,0,CameraPosition,-103.1764,1.779655,-107.4827,CameraRotation,346.1461,269.0226,358.4309,CurrentState,End,Slider,51,Scenario,3
ID,26,Time,1011.182,DronePosition,-110.2394,59.26447,-107.379,0,CameraPosition,-103.1762,1.779686,-107.4826,CameraRotation,346.1324,269.0207,358.4292,CurrentState,End,Slider,51,Scenario,3
ID,26,Time,1011.196,DronePosition,-110.2394,59.26447,-107.379,0,CameraPosition,-103.1761,1.77971,-107.4825,CameraRotation,346.1223,269.0254,358.4467,CurrentState,End,Slider,51,Scenario,3
ID,26,Time,1011.21,DronePosition,-110.2394,59.26447,-107.379,0,CameraPosition,-103.1759,1.779733,-107.4824,CameraRotation,346.1116,269.0143,358.4606,CurrentState,End,Slider,51,Scenario,3
ID,26,Time,1011.224,DronePosition,-110.2394,59.26447,-107.379,0,CameraPosition,-103.1758,1.779742,-107.4824,CameraRotation,346.1044,268.995,358.4804,CurrentState,End,Slider,51,Scenario,3
ID,26,Time,1011.238,DronePosition,-110.2394,59.26447,-107.379,0,CameraPosition,-103.1756,1.779739,-107.4823,CameraRotation,346.0961,268.9788,358.4772,CurrentState,End,Slider,51,Scenario,3
ID,26,Time,1011.252,DronePosition,-110.2394,59.26447,-107.379,0,CameraPosition,-103.1755,1.779729,-107.4823,CameraRotation,346.0847,268.959,358.4724,CurrentState,End,Slider,51,Scenario,3
ID,26,Time,1011.266,DronePosition,-110.2394,59.26447,-107.379,0,CameraPosition,-103.1753,1.779738,-107.4823,CameraRotation,346.0694,268.9243,358.4749,CurrentState,End,Slider,51,Scenario,3
ID,26,Time,1011.28,DronePosition,-110.2394,59.26447,-107.379,0,CameraPosition,-103.1752,1.779767,-107.4822,CameraRotation,346.0549,268.8795,358.4867,CurrentState,End,Slider,51,Scenario,3
ID,26,Time,1011.294,DronePosition,-110.2394,59.26447,-107.379,0,CameraPosition,-103.1751,1.779794,-107.4822,CameraRotation,346.0239,268.8255,358.5009,CurrentState,End,Slider,51,Scenario,3
ID,26,Time,1011.308,DronePosition,-110.2394,59.26447,-107.379,0,CameraPosition,-103.1749,1.779826,-107.4822,CameraRotation,346.0037,268.7887,358.4977,CurrentState,End,Slider,51,Scenario,3
ID,26,Time,1011.322,DronePosition,-110.2394,59.26447,-107.379,0,CameraPosition,-103.1748,1.779843,-107.4822,CameraRotation,345.984,268.7469,358.4936,CurrentState,End,Slider,51,Scenario,3
ID,26,Time,1011.335,DronePosition,-110.2394,59.26447,-107.379,0,CameraPosition,-103.1747,1.77985,-107.4822,CameraRotation,345.9743,268.713,358.489,CurrentState,End,Slider,51,Scenario,3
ID,26,Time,1011.349,DronePosition,-110.2394,59.26447,-107.379,0,CameraPosition,-103.1745,1.779857,-107.4821,CameraRotation,345.9722,268.6898,358.4937,CurrentState,End,Slider,51,Scenario,3
ID,26,Time,1011.363,DronePosition,-110.2394,59.26447,-107.379,0,CameraPosition,-103.1744,1.779887,-107.482,CameraRotation,345.9666,268.6655,358.5118,CurrentState,End,Slider,51,Scenario,3
ID,26,Time,1011.377,DronePosition,-110.2394,59.26447,-107.379,0,CameraPosition,-103.1743,1.779932,-107.4819,CameraRotation,345.9397,268.6481,358.5222,CurrentState,End,Slider,51,Scenario,3
ID,26,Time,1011.391,DronePosition,-110.2394,59.26447,-107.379,0,CameraPosition,-103.1741,1.779955,-107.4818,CameraRotation,345.9024,268.6444,358.5012,CurrentState,End,Slider,51,Scenario,3
ID,26,Time,1011.405,DronePosition,-110.2394,59.26447,-107.379,0,CameraPosition,-103.174,1.779978,-107.4817,CameraRotation,345.8854,268.6416,358.4962,CurrentState,End,Slider,51,Scenario,3
ID,26,Time,1011.419,DronePosition,-110.2394,59.26447,-107.379,0,CameraPosition,-103.174,1.780005,-107.4816,CameraRotation,345.8625,268.6425,358.4901,CurrentState,End,Slider,51,Scenario,3
ID,26,Time,1011.433,DronePosition,-110.2394,59.26447,-107.379,0,CameraPosition,-103.1739,1.780035,-107.4815,CameraRotation,345.839,268.6319,358.4968,CurrentState,End,Slider,51,Scenario,3
ID,26,Time,1011.447,DronePosition,-110.2394,59.26447,-107.379,0,CameraPosition,-103.1738,1.780071,-107.4814,CameraRotation,345.8148,268.6049,358.5042,CurrentState,End,Slider,51,Scenario,3
ID,26,Time,1011.461,DronePosition,-110.2394,59.26447,-107.379,0,CameraPosition,-103.1738,1.780097,-107.4813,CameraRotation,345.7997,268.5936,358.5048,CurrentState,End,Slider,51,Scenario,3
ID,26,Time,1011.475,DronePosition,-110.2394,59.26447,-107.379,0,CameraPosition,-103.1737,1.780117,-107.4812,CameraRotation,345.791,268.5831,358.4987,CurrentState,End,Slider,51,Scenario,3
ID,26,Time,1011.489,DronePosition,-110.2394,59.26447,-107.379,0,CameraPosition,-103.1737,1.78013,-107.4811,CameraRotation,345.7913,268.5725,358.498,CurrentState,End,Slider,51,Scenario,3
ID,26,Time,1011.503,DronePosition,-110.2394,59.26447,-107.379,0,CameraPosition,-103.1737,1.78014,-107.481,CameraRotation,345.7923,268.5475,358.4983,CurrentState,End,Slider,51,Scenario,3
ID,26,Time,1011.516,DronePosition,-110.2394,59.26447,-107.379,0,CameraPosition,-103.1737,1.780138,-107.4809,CameraRotation,345.7921,268.5205,358.5061,CurrentState,End,Slider,51,Scenario,3
ID,26,Time,1011.53,DronePosition,-110.2394,59.26447,-107.379,0,CameraPosition,-103.1738,1.78014,-107.4808,CameraRotation,345.7924,268.4946,358.5161,CurrentState,End,Slider,51,Scenario,3
ID,26,Time,1011.544,DronePosition,-110.2394,59.26447,-107.379,0,CameraPosition,-103.1738,1.780169,-107.4807,CameraRotation,345.7932,268.4787,358.5142,CurrentState,End,Slider,51,Scenario,3
ID,26,Time,1011.558,DronePosition,-110.2394,59.26447,-107.379,0,CameraPosition,-103.1738,1.780186,-107.4805,CameraRotation,345.7931,268.4627,358.5085,CurrentState,End,Slider,51,Scenario,3
ID,26,Time,1011.572,DronePosition,-110.2394,59.26447,-107.379,0,CameraPosition,-103.1739,1.780184,-107.4804,CameraRotation,345.8084,268.4405,358.5134,CurrentState,End,Slider,51,Scenario,3
ID,26,Time,1011.586,DronePosition,-110.2394,59.26447,-107.379,0,CameraPosition,-103.174,1.780183,-107.4803,CameraRotation,345.8291,268.4254,358.5033,CurrentState,End,Slider,51,Scenario,3
ID,26,Time,1011.6,DronePosition,-110.2394,59.26447,-107.379,0,CameraPosition,-103.1741,1.780169,-107.4802,CameraRotation,345.8563,268.4171,358.5077,CurrentState,End,Slider,51,Scenario,3
ID,26,Time,1011.614,DronePosition,-110.2394,59.26447,-107.379,0,CameraPosition,-103.1741,1.780143,-107.48,CameraRotation,345.8905,268.4076,358.5053,CurrentState,End,Slider,51,Scenario,3
ID,26,Time,1011.628,DronePosition,-110.2394,59.26447,-107.379,0,CameraPosition,-103.1742,1.7801,-107.4799,CameraRotation,345.9242,268.4075,358.4942,CurrentState,End,Slider,51,Scenario,3
ID,26,Time,1011.642,DronePosition,-110.2394,59.26447,-107.379,0,CameraPosition,-103.1742,1.780035,-107.4797,CameraRotation,345.9654,268.3992,358.4943,CurrentState,End,Slider,51,Scenario,3
ID,26,Time,1011.656,DronePosition,-110.2394,59.26447,-107.379,0,CameraPosition,-103.1744,1.779998,-107.4796,CameraRotation,346.0173,268.3996,358.4832,CurrentState,End,Slider,51,Scenario,3
ID,26,Time,1011.67,DronePosition,-110.2394,59.26447,-107.379,0,CameraPosition,-103.1745,1.779964,-107.4794,CameraRotation,346.0527,268.4024,358.4799,CurrentState,End,Slider,51,Scenario,3
ID,26,Time,1011.684,DronePosition,-110.2394,59.26447,-107.379,0,CameraPosition,-103.1746,1.779921,-107.4792,CameraRotation,346.0827,268.4052,358.4845,CurrentState,End,Slider,51,Scenario,3
ID,26,Time,1011.697,DronePosition,-110.2394,59.26447,-107.379,0,CameraPosition,-103.1747,1.779872,-107.4791,CameraRotation,346.1285,268.416,358.4855,CurrentState,End,Slider,51,Scenario,3
ID,26,Time,1011.712,DronePosition,-110.2394,59.26447,-107.379,0,CameraPosition,-103.1748,1.779812,-107.479,CameraRotation,346.1667,268.4199,358.4795,CurrentState,End,Slider,51,Scenario,3
ID,26,Time,1011.725,DronePosition,-110.2394,59.26447,-107.379,0,CameraPosition,-103.1749,1.779757,-107.4788,CameraRotation,346.1992,268.4249,358.4765,CurrentState,End,Slider,51,Scenario,3
ID,26,Time,1011.739,DronePosition,-110.2394,59.26447,-107.379,0,CameraPosition,-103.175,1.779724,-107.4786,CameraRotation,346.228,268.4396,358.4641,CurrentState,End,Slider,51,Scenario,3
ID,26,Time,1011.753,DronePosition,-110.2394,59.26447,-107.379,0,CameraPosition,-103.1751,1.779696,-107.4785,CameraRotation,346.2473,268.4442,358.4512,CurrentState,End,Slider,51,Scenario,3
ID,26,Time,1011.767,DronePosition,-110.2394,59.26447,-107.379,0,CameraPosition,-103.1752,1.779671,-107.4783,CameraRotation,346.2745,268.4494,358.4406,CurrentState,End,Slider,51,Scenario,3
ID,26,Time,1011.781,DronePosition,-110.2394,59.26447,-107.379,0,CameraPosition,-103.1752,1.779646,-107.4782,CameraRotation,346.3039,268.4517,358.4228,CurrentState,End,Slider,51,Scenario,3
ID,26,Time,1011.795,DronePosition,-110.2394,59.26447,-107.379,0,CameraPosition,-103.1752,1.779625,-107.478,CameraRotation,346.3253,268.4672,358.4067,CurrentState,End,Slider,51,Scenario,3
ID,26,Time,1011.809,DronePosition,-110.2394,59.26447,-107.379,0,CameraPosition,-103.1753,1.779622,-107.4779,CameraRotation,346.3355,268.4804,358.4002,CurrentState,End,Slider,51,Scenario,3
ID,26,Time,1011.823,DronePosition,-110.2394,59.26447,-107.379,0,CameraPosition,-103.1753,1.779621,-107.4777,CameraRotation,346.3339,268.4886,358.4124,CurrentState,End,Slider,51,Scenario,3
ID,26,Time,1011.837,DronePosition,-110.2394,59.26447,-107.379,0,CameraPosition,-103.1754,1.779633,-107.4775,CameraRotation,346.3308,268.5045,358.4123,CurrentState,End,Slider,51,Scenario,3
ID,26,Time,1011.851,DronePosition,-110.2394,59.26447,-107.379,0,CameraPosition,-103.1755,1.779621,-107.4774,CameraRotation,346.3392,268.5217,358.41,CurrentState,End,Slider,51,Scenario,3
ID,26,Time,1011.865,DronePosition,-110.2394,59.26447,-107.379,0,CameraPosition,-103.1755,1.779615,-107.4772,CameraRotation,346.3424,268.5486,358.4102,CurrentState,End,Slider,51,Scenario,3
ID,26,Time,1011.879,DronePosition,-110.2394,59.26447,-107.379,0,CameraPosition,-103.1756,1.779632,-107.4771,CameraRotation,346.3317,268.5608,358.4144,CurrentState,End,Slider,51,Scenario,3
ID,26,Time,1011.893,DronePosition,-110.2394,59.26447,-107.379,0,CameraPosition,-103.1756,1.779644,-107.4769,CameraRotation,346.3088,268.5807,358.4112,CurrentState,End,Slider,51,Scenario,3
ID,26,Time,1011.906,DronePosition,-110.2394,59.26447,-107.379,0,CameraPosition,-103.1757,1.779666,-107.4768,CameraRotation,346.3249,268.5924,358.4143,CurrentState,End,Slider,51,Scenario,3
ID,26,Time,1011.921,DronePosition,-110.2394,59.26447,-107.379,0,CameraPosition,-103.1758,1.779683,-107.4766,CameraRotation,346.3344,268.6038,358.4186,CurrentState,End,Slider,51,Scenario,3
ID,26,Time,1011.934,DronePosition,-110.2394,59.26447,-107.379,0,CameraPosition,-103.1758,1.779703,-107.4765,CameraRotation,346.3373,268.6258,358.4322,CurrentState,End,Slider,51,Scenario,3
ID,26,Time,1011.948,DronePosition,-110.2394,59.26447,-107.379,0,CameraPosition,-103.1758,1.779714,-107.4764,CameraRotation,346.3358,268.6412,358.443,CurrentState,End,Slider,51,Scenario,3
ID,26,Time,1011.962,DronePosition,-110.2394,59.26447,-107.379,0,CameraPosition,-103.1759,1.779721,-107.4763,CameraRotation,346.3406,268.6673,358.4607,CurrentState,End,Slider,51,Scenario,3
ID,26,Time,1011.976,DronePosition,-110.2394,59.26447,-107.379,0,CameraPosition,-103.176,1.779726,-107.4761,CameraRotation,346.3367,268.6773,358.4745,CurrentState,End,Slider,51,Scenario,3
ID,26,Time,1011.99,DronePosition,-110.2394,59.26447,-107.379,0,CameraPosition,-103.1761,1.77974,-107.476,CameraRotation,346.3302,268.6977,358.4797,CurrentState,End,Slider,51,Scenario,3
ID,26,Time,1012.004,DronePosition,-110.2394,59.26447,-107.379,0,CameraPosition,-103.1762,1.779752,-107.4759,CameraRotation,346.3297,268.7036,358.4848,CurrentState,End,Slider,51,Scenario,3
ID,26,Time,1012.018,DronePosition,-110.2394,59.26447,-107.379,0,CameraPosition,-103.1762,1.77974,-107.4758,CameraRotation,346.3403,268.7145,358.4983,CurrentState,End,Slider,51,Scenario,3
ID,26,Time,1012.032,DronePosition,-110.2394,59.26447,-107.379,0,CameraPosition,-103.1763,1.779723,-107.4756,CameraRotation,346.3567,268.7245,358.5043,CurrentState,End,Slider,51,Scenario,3
ID,26,Time,1012.045,DronePosition,-110.2394,59.26447,-107.379,0,CameraPosition,-103.1764,1.779704,-107.4755,CameraRotation,346.376,268.7336,358.4955,CurrentState,End,Slider,51,Scenario,3
ID,26,Time,1012.059,DronePosition,-110.2394,59.26447,-107.379,0,CameraPosition,-103.1765,1.779671,-107.4754,CameraRotation,346.3966,268.7484,358.4807,CurrentState,End,Slider,51,Scenario,3
ID,26,Time,1012.073,DronePosition,-110.2394,59.26447,-107.379,0,CameraPosition,-103.1766,1.779652,-107.4752,CameraRotation,346.4483,268.7723,358.4756,CurrentState,End,Slider,51,Scenario,3
ID,26,Time,1012.087,DronePosition,-110.2394,59.26447,-107.379,0,CameraPosition,-103.1768,1.779635,-107.475,CameraRotation,346.48,268.7984,358.4793,CurrentState,End,Slider,51,Scenario,3
ID,26,Time,1012.101,DronePosition,-110.2394,59.26447,-107.379,0,CameraPosition,-103.1768,1.779623,-107.4749,CameraRotation,346.4855,268.8395,358.4729,CurrentState,End,Slider,51,Scenario,3
ID,26,Time,1012.115,DronePosition,-110.2394,59.26447,-107.379,0,CameraPosition,-103.1769,1.779621,-107.4747,CameraRotation,346.484,268.886,358.429,CurrentState,End,Slider,51,Scenario,3
ID,26,Time,1012.129,DronePosition,-110.2394,59.26447,-107.379,0,CameraPosition,-103.177,1.779611,-107.4744,CameraRotation,346.4883,268.9492,358.3987,CurrentState,End,Slider,51,Scenario,3
ID,26,Time,1012.143,DronePosition,-110.2394,59.26447,-107.379,0,CameraPosition,-103.1771,1.779602,-107.4742,CameraRotation,346.4972,269.0133,358.3805,CurrentState,End,Slider,51,Scenario,3
ID,26,Time,1012.157,DronePosition,-110.2394,59.26447,-107.379,0,CameraPosition,-103.1772,1.77959,-107.4741,CameraRotation,346.4996,269.0854,358.3644,CurrentState,End,Slider,51,Scenario,3
ID,26,Time,1012.171,DronePosition,-110.2394,59.26447,-107.379,0,CameraPosition,-103.1773,1.779586,-107.4738,CameraRotation,346.5131,269.1424,358.3499,CurrentState,End,Slider,51,Scenario,3
ID,26,Time,1012.185,DronePosition,-110.2394,59.26447,-107.379,0,CameraPosition,-103.1775,1.779559,-107.4736,CameraRotation,346.5093,269.2057,358.331,CurrentState,End,Slider,51,Scenario,3
ID,26,Time,1012.199,DronePosition,-110.2394,59.26447,-107.379,0,CameraPosition,-103.1776,1.779534,-107.4734,CameraRotation,346.506,269.2711,358.3119,CurrentState,End,Slider,51,Scenario,3
ID,26,Time,1012.213,DronePosition,-110.2394,59.26447,-107.379,0,CameraPosition,-103.1777,1.779519,-107.4733,CameraRotation,346.4922,269.3242,358.3011,CurrentState,End,Slider,51,Scenario,3
ID,26,Time,1012.226,DronePosition,-110.2394,59.26447,-107.379,0,CameraPosition,-103.1779,1.779522,-107.4731,CameraRotation,346.4877,269.3655,358.2849,CurrentState,End,Slider,51,Scenario,3
ID,26,Time,1012.24,DronePosition,-110.2394,59.26447,-107.379,0,CameraPosition,-103.178,1.779507,-107.473,CameraRotation,346.4786,269.3919,358.2843,CurrentState,End,Slider,51,Scenario,3
ID,26,Time,1012.254,DronePosition,-110.2394,59.26447,-107.379,0,CameraPosition,-103.1781,1.779496,-107.4729,CameraRotation,346.4857,269.4133,358.274,CurrentState,End,Slider,51,Scenario,3
ID,26,Time,1012.268,DronePosition,-110.2394,59.26447,-107.379,0,CameraPosition,-103.1782,1.779477,-107.4728,CameraRotation,346.4912,269.431,358.2496,CurrentState,End,Slider,51,Scenario,3
ID,26,Time,1012.282,DronePosition,-110.2394,59.26447,-107.379,0,CameraPosition,-103.1783,1.779443,-107.4727,CameraRotation,346.524,269.4402,358.2267,CurrentState,End,Slider,51,Scenario,3
ID,26,Time,1012.296,DronePosition,-110.2394,59.26447,-107.379,0,CameraPosition,-103.1785,1.779384,-107.4727,CameraRotation,346.5678,269.4495,358.2115,CurrentState,End,Slider,51,Scenario,3
ID,26,Time,1012.31,DronePosition,-110.2394,59.26447,-107.379,0,CameraPosition,-103.1787,1.779343,-107.4726,CameraRotation,346.6172,269.4578,358.1925,CurrentState,End,Slider,51,Scenario,3
ID,26,Time,1012.324,DronePosition,-110.2394,59.26447,-107.379,0,CameraPosition,-103.1788,1.779306,-107.4725,CameraRotation,346.6449,269.4673,358.1716,CurrentState,End,Slider,51,Scenario,3
ID,26,Time,1012.338,DronePosition,-110.2394,59.26447,-107.379,0,CameraPosition,-103.179,1.779254,-107.4725,CameraRotation,346.6639,269.493,358.1518,CurrentState,End,Slider,51,Scenario,3
ID,26,Time,1012.352,DronePosition,-110.2394,59.26447,-107.379,0,CameraPosition,-103.1791,1.779204,-107.4724,CameraRotation,346.6827,269.5213,358.135,CurrentState,End,Slider,51,Scenario,3
ID,26,Time,1012.366,DronePosition,-110.2394,59.26447,-107.379,0,CameraPosition,-103.1793,1.779186,-107.4724,CameraRotation,346.7132,269.5498,358.1077,CurrentState,End,Slider,51,Scenario,3
ID,26,Time,1012.38,DronePosition,-110.2394,59.26447,-107.379,0,CameraPosition,-103.1794,1.779174,-107.4724,CameraRotation,346.7369,269.576,358.091,CurrentState,End,Slider,51,Scenario,3
ID,26,Time,1012.394,DronePosition,-110.2394,59.26447,-107.379,0,CameraPosition,-103.1795,1.779153,-107.4723,CameraRotation,346.7639,269.5922,358.0779,CurrentState,End,Slider,51,Scenario,3
ID,26,Time,1012.408,DronePosition,-110.2394,59.26447,-107.379,0,CameraPosition,-103.1796,1.779114,-107.4723,CameraRotation,346.7962,269.6063,358.0759,CurrentState,End,Slider,51,Scenario,3
ID,26,Time,1012.421,DronePosition,-110.2394,59.26447,-107.379,0,CameraPosition,-103.1797,1.779057,-107.4724,CameraRotation,346.8271,269.6144,358.0715,CurrentState,End,Slider,51,Scenario,3
ID,26,Time,1012.435,DronePosition,-110.2394,59.26447,-107.379,0,CameraPosition,-103.1798,1.779012,-107.4724,CameraRotation,346.8498,269.6174,358.0739,CurrentState,End,Slider,51,Scenario,3
ID,26,Time,1012.449,DronePosition,-110.2394,59.26447,-107.379,0,CameraPosition,-103.1799,1.778975,-107.4725,CameraRotation,346.8474,269.6141,358.0758,CurrentState,End,Slider,51,Scenario,3
ID,26,Time,1012.463,DronePosition,-110.2394,59.26447,-107.379,0,CameraPosition,-103.1799,1.778943,-107.4725,CameraRotation,346.8451,269.6135,358.0785,CurrentState,End,Slider,51,Scenario,3
ID,26,Time,1012.477,DronePosition,-110.2394,59.26447,-107.379,0,CameraPosition,-103.18,1.778909,-107.4726,CameraRotation,346.8412,269.5999,358.0858,CurrentState,End,Slider,51,Scenario,3
ID,26,Time,1012.491,DronePosition,-110.2394,59.26447,-107.379,0,CameraPosition,-103.18,1.778882,-107.4726,CameraRotation,346.8403,269.5956,358.0823,CurrentState,End,Slider,51,Scenario,3
ID,26,Time,1012.505,DronePosition,-110.2394,59.26447,-107.379,0,CameraPosition,-103.1801,1.77887,-107.4727,CameraRotation,346.8241,269.5788,358.0808,CurrentState,End,Slider,51,Scenario,3
ID,26,Time,1012.519,DronePosition,-110.2394,59.26447,-107.379,0,CameraPosition,-103.1802,1.7789,-107.4727,CameraRotation,346.7939,269.5655,358.0775,CurrentState,End,Slider,51,Scenario,3
ID,26,Time,1012.533,DronePosition,-110.2394,59.26447,-107.379,0,CameraPosition,-103.1802,1.778926,-107.4728,CameraRotation,346.754,269.5455,358.0897,CurrentState,End,Slider,51,Scenario,3
ID,26,Time,1012.547,DronePosition,-110.2394,59.26447,-107.379,0,CameraPosition,-103.1802,1.778964,-107.4729,CameraRotation,346.7188,269.5323,358.0992,CurrentState,End,Slider,51,Scenario,3
ID,26,Time,1012.561,DronePosition,-110.2394,59.26447,-107.379,0,CameraPosition,-103.1803,1.77898,-107.4729,CameraRotation,346.6924,269.5149,358.107,CurrentState,End,Slider,51,Scenario,3
ID,26,Time,1012.575,DronePosition,-110.2394,59.26447,-107.379,0,CameraPosition,-103.1803,1.779001,-107.473,CameraRotation,346.6611,269.5146,358.0939,CurrentState,End,Slider,51,Scenario,3
ID,26,Time,1012.588,DronePosition,-110.2394,59.26447,-107.379,0,CameraPosition,-103.1803,1.779006,-107.4731,CameraRotation,346.6028,269.532,358.0809,CurrentState,End,Slider,51,Scenario,3
ID,26,Time,1012.602,DronePosition,-110.2394,59.26447,-107.379,0,CameraPosition,-103.1803,1.779035,-107.4732,CameraRotation,346.5608,269.5485,358.0511,CurrentState,End,Slider,51,Scenario,3
ID,26,Time,1012.616,DronePosition,-110.2394,59.26447,-107.379,0,CameraPosition,-103.1804,1.779059,-107.4732,CameraRotation,346.5348,269.5793,358.031,CurrentState,End,Slider,51,Scenario,3
ID,26,Time,1012.63,DronePosition,-110.2394,59.26447,-107.379,0,CameraPosition,-103.1804,1.779094,-107.4733,CameraRotation,346.5173,269.6009,358.024,CurrentState,End,Slider,51,Scenario,3
ID,26,Time,1012.644,DronePosition,-110.2394,59.26447,-107.379,0,CameraPosition,-103.1804,1.779123,-107.4734,CameraRotation,346.4842,269.613,358.0311,CurrentState,End,Slider,51,Scenario,3
ID,26,Time,1012.658,DronePosition,-110.2394,59.26447,-107.379,0,CameraPosition,-103.1805,1.779134,-107.4735,CameraRotation,346.4547,269.6333,358.0304,CurrentState,End,Slider,51,Scenario,3
ID,26,Time,1012.672,DronePosition,-110.2394,59.26447,-107.379,0,CameraPosition,-103.1807,1.779106,-107.4736,CameraRotation,346.4471,269.6397,358.0313,CurrentState,End,Slider,51,Scenario,3
ID,26,Time,1012.686,DronePosition,-110.2394,59.26447,-107.379,0,CameraPosition,-103.1808,1.779102,-107.4737,CameraRotation,346.456,269.6438,358.0223,CurrentState,End,Slider,51,Scenario,3
ID,26,Time,1012.7,DronePosition,-110.2394,59.26447,-107.379,0,CameraPosition,-103.1809,1.779105,-107.4739,CameraRotation,346.4554,269.6277,358.0134,CurrentState,End,Slider,51,Scenario,3
ID,26,Time,1012.714,DronePosition,-110.2394,59.26447,-107.379,0,CameraPosition,-103.181,1.779117,-107.4741,CameraRotation,346.4492,269.6014,358.0176,CurrentState,End,Slider,51,Scenario,3
ID,26,Time,1012.727,DronePosition,-110.2394,59.26447,-107.379,0,CameraPosition,-103.1812,1.779135,-107.4743,CameraRotation,346.4472,269.5721,358.0097,CurrentState,End,Slider,51,Scenario,3
ID,26,Time,1012.742,DronePosition,-110.2394,59.26447,-107.379,0,CameraPosition,-103.1813,1.779124,-107.4745,CameraRotation,346.4475,269.5366,358.0156,CurrentState,End,Slider,51,Scenario,3
ID,26,Time,1012.756,DronePosition,-110.2394,59.26447,-107.379,0,CameraPosition,-103.1814,1.77912,-107.4747,CameraRotation,346.4629,269.5086,358.0242,CurrentState,End,Slider,51,Scenario,3
ID,26,Time,1012.769,DronePosition,-110.2394,59.26447,-107.379,0,CameraPosition,-103.1816,1.779085,-107.4749,CameraRotation,346.4677,269.4753,358.046,CurrentState,End,Slider,51,Scenario,3
ID,26,Time,1012.783,DronePosition,-110.2394,59.26447,-107.379,0,CameraPosition,-103.1818,1.77906,-107.4752,CameraRotation,346.4931,269.4485,358.0738,CurrentState,End,Slider,51,Scenario,3
ID,26,Time,1012.797,DronePosition,-110.2394,59.26447,-107.379,0,CameraPosition,-103.182,1.779038,-107.4754,CameraRotation,346.5171,269.4136,358.1057,CurrentState,End,Slider,51,Scenario,3
ID,26,Time,1012.811,DronePosition,-110.2394,59.26447,-107.379,0,CameraPosition,-103.1822,1.779024,-107.4756,CameraRotation,346.5228,269.3801,358.1487,CurrentState,End,Slider,51,Scenario,3
ID,26,Time,1012.825,DronePosition,-110.2394,59.26447,-107.379,0,CameraPosition,-103.1824,1.779016,-107.4759,CameraRotation,346.532,269.3423,358.1619,CurrentState,End,Slider,51,Scenario,3
ID,26,Time,1012.839,DronePosition,-110.2394,59.26447,-107.379,0,CameraPosition,-103.1827,1.778982,-107.4761,CameraRotation,346.563,269.3078,358.1747,CurrentState,End,Slider,51,Scenario,3
ID,26,Time,1012.853,DronePosition,-110.2394,59.26447,-107.379,0,CameraPosition,-103.1829,1.778935,-107.4763,CameraRotation,346.5987,269.2619,358.1933,CurrentState,End,Slider,51,Scenario,3
ID,26,Time,1012.867,DronePosition,-110.2394,59.26447,-107.379,0,CameraPosition,-103.1831,1.778897,-107.4766,CameraRotation,346.6324,269.2166,358.2076,CurrentState,End,Slider,51,Scenario,3
ID,26,Time,1012.881,DronePosition,-110.2394,59.26447,-107.379,0,CameraPosition,-103.1833,1.778856,-107.4768,CameraRotation,346.6686,269.1674,358.2251,CurrentState,End,Slider,51,Scenario,3
ID,26,Time,1012.895,DronePosition,-110.2394,59.26447,-107.379,0,CameraPosition,-103.1835,1.778819,-107.477,CameraRotation,346.6975,269.1317,358.2349,CurrentState,End,Slider,51,Scenario,3
ID,26,Time,1012.909,DronePosition,-110.2394,59.26447,-107.379,0,CameraPosition,-103.1838,1.778797,-107.4772,CameraRotation,346.7253,269.1097,358.247,CurrentState,End,Slider,51,Scenario,3
ID,26,Time,1012.923,DronePosition,-110.2394,59.26447,-107.379,0,CameraPosition,-103.184,1.778788,-107.4774,CameraRotation,346.7317,269.0795,358.2533,CurrentState,End,Slider,51,Scenario,3
ID,26,Time,1012.937,DronePosition,-110.2394,59.26447,-107.379,0,CameraPosition,-103.1842,1.778806,-107.4776,CameraRotation,346.7404,269.053,358.2577,CurrentState,End,Slider,51,Scenario,3
ID,26,Time,1012.951,DronePosition,-110.2394,59.26447,-107.379,0,CameraPosition,-103.1844,1.778785,-107.4778,CameraRotation,346.7444,269.0291,358.2734,CurrentState,End,Slider,51,Scenario,3
ID,26,Time,1012.965,DronePosition,-110.2394,59.26447,-107.379,0,CameraPosition,-103.1846,1.778764,-107.478,CameraRotation,346.76,269.005,358.2898,CurrentState,End,Slider,51,Scenario,3
ID,26,Time,1012.979,DronePosition,-110.2394,59.26447,-107.379,0,CameraPosition,-103.1848,1.778775,-107.4782,CameraRotation,346.7686,268.9722,358.3039,CurrentState,End,Slider,51,Scenario,3
ID,26,Time,1012.992,DronePosition,-110.2394,59.26447,-107.379,0,CameraPosition,-103.185,1.778803,-107.4784,CameraRotation,346.7617,268.9434,358.3335,CurrentState,End,Slider,51,Scenario,3
ID,26,Time,1013.006,DronePosition,-110.2394,59.26447,-107.379,0,CameraPosition,-103.1852,1.778845,-107.4785,CameraRotation,346.7526,268.9185,358.3563,CurrentState,End,Slider,51,Scenario,3
ID,26,Time,1013.02,DronePosition,-110.2394,59.26447,-107.379,0,CameraPosition,-103.1854,1.778855,-107.4787,CameraRotation,346.7317,268.8957,358.3808,CurrentState,End,Slider,51,Scenario,3
ID,26,Time,1013.034,DronePosition,-110.2394,59.26447,-107.379,0,CameraPosition,-103.1855,1.778879,-107.4789,CameraRotation,346.7296,268.8873,358.3962,CurrentState,End,Slider,51,Scenario,3
ID,26,Time,1013.048,DronePosition,-110.2394,59.26447,-107.379,0,CameraPosition,-103.1857,1.778885,-107.4791,CameraRotation,346.7212,268.883,358.4037,CurrentState,End,Slider,51,Scenario,3
ID,26,Time,1013.062,DronePosition,-110.2394,59.26447,-107.379,0,CameraPosition,-103.1859,1.778912,-107.4792,CameraRotation,346.7213,268.8795,358.4237,CurrentState,End,Slider,51,Scenario,3
ID,26,Time,1013.076,DronePosition,-110.2394,59.26447,-107.379,0,CameraPosition,-103.1861,1.778936,-107.4794,CameraRotation,346.7116,268.872,358.4507,CurrentState,End,Slider,51,Scenario,3
ID,26,Time,1013.09,DronePosition,-110.2394,59.26447,-107.379,0,CameraPosition,-103.1863,1.778966,-107.4795,CameraRotation,346.7077,268.8743,358.4836,CurrentState,End,Slider,51,Scenario,3
ID,26,Time,1013.104,DronePosition,-110.2394,59.26447,-107.379,0,CameraPosition,-103.1866,1.778983,-107.4797,CameraRotation,346.6864,268.8719,358.507,CurrentState,End,Slider,51,Scenario,3
ID,26,Time,1013.117,DronePosition,-110.2394,59.26447,-107.379,0,CameraPosition,-103.1868,1.778998,-107.4798,CameraRotation,346.6751,268.8793,358.5296,CurrentState,End,Slider,51,Scenario,3
ID,26,Time,1013.131,DronePosition,-110.2394,59.26447,-107.379,0,CameraPosition,-103.187,1.779001,-107.48,CameraRotation,346.6781,268.8901,358.5414,CurrentState,End,Slider,51,Scenario,3
ID,26,Time,1013.145,DronePosition,-110.2394,59.26447,-107.379,0,CameraPosition,-103.1873,1.77898,-107.4801,CameraRotation,346.6945,268.903,358.567,CurrentState,End,Slider,51,Scenario,3
ID,26,Time,1013.159,DronePosition,-110.2394,59.26447,-107.379,0,CameraPosition,-103.1876,1.778952,-107.4802,CameraRotation,346.7191,268.9196,358.5891,CurrentState,End,Slider,51,Scenario,3
ID,26,Time,1013.174,DronePosition,-110.2394,59.26447,-107.379,0,CameraPosition,-103.1878,1.778925,-107.4803,CameraRotation,346.7497,268.931,358.6274,CurrentState,End,Slider,51,Scenario,3
ID,26,Time,1013.187,DronePosition,-110.2394,59.26447,-107.379,0,CameraPosition,-103.188,1.778897,-107.4805,CameraRotation,346.775,268.9413,358.6564,CurrentState,End,Slider,51,Scenario,3
ID,26,Time,1013.201,DronePosition,-110.2394,59.26447,-107.379,0,CameraPosition,-103.1883,1.778869,-107.4806,CameraRotation,346.808,268.9557,358.682,CurrentState,End,Slider,51,Scenario,3
ID,26,Time,1013.215,DronePosition,-110.2394,59.26447,-107.379,0,CameraPosition,-103.1885,1.778856,-107.4808,CameraRotation,346.8301,268.9731,358.6996,CurrentState,End,Slider,51,Scenario,3
ID,26,Time,1013.229,DronePosition,-110.2394,59.26447,-107.379,0,CameraPosition,-103.1887,1.778871,-107.4809,CameraRotation,346.8457,268.9844,358.7276,CurrentState,End,Slider,51,Scenario,3
ID,26,Time,1013.243,DronePosition,-110.2394,59.26447,-107.379,0,CameraPosition,-103.189,1.778906,-107.481,CameraRotation,346.8389,268.9895,358.7645,CurrentState,End,Slider,51,Scenario,3
ID,26,Time,1013.257,DronePosition,-110.2394,59.26447,-107.379,0,CameraPosition,-103.1892,1.778922,-107.4811,CameraRotation,346.8327,268.9882,358.8086,CurrentState,End,Slider,51,Scenario,3
ID,26,Time,1013.271,DronePosition,-110.2394,59.26447,-107.379,0,CameraPosition,-103.1895,1.778928,-107.4813,CameraRotation,346.8437,268.9882,358.8384,CurrentState,End,Slider,51,Scenario,3
ID,26,Time,1013.285,DronePosition,-110.2394,59.26447,-107.379,0,CameraPosition,-103.1897,1.778934,-107.4814,CameraRotation,346.8605,268.9939,358.8554,CurrentState,End,Slider,51,Scenario,3
ID,26,Time,1013.298,DronePosition,-110.2394,59.26447,-107.379,0,CameraPosition,-103.19,1.778919,-107.4814,CameraRotation,346.8645,269.0008,358.8577,CurrentState,End,Slider,51,Scenario,3
ID,26,Time,1013.312,DronePosition,-110.2394,59.26447,-107.379,0,CameraPosition,-103.1903,1.778904,-107.4815,CameraRotation,346.8757,269.0186,358.8369,CurrentState,End,Slider,51,Scenario,3
ID,26,Time,1013.326,DronePosition,-110.2394,59.26447,-107.379,0,CameraPosition,-103.1906,1.778904,-107.4816,CameraRotation,346.8855,269.045,358.8338,CurrentState,End,Slider,51,Scenario,3
ID,26,Time,1013.34,DronePosition,-110.2394,59.26447,-107.379,0,CameraPosition,-103.1909,1.778918,-107.4816,CameraRotation,346.8765,269.0678,358.8502,CurrentState,End,Slider,51,Scenario,3
ID,26,Time,1013.354,DronePosition,-110.2394,59.26447,-107.379,0,CameraPosition,-103.1911,1.778938,-107.4817,CameraRotation,346.8605,269.0865,358.8813,CurrentState,End,Slider,51,Scenario,3
ID,26,Time,1013.368,DronePosition,-110.2394,59.26447,-107.379,0,CameraPosition,-103.1914,1.778942,-107.4817,CameraRotation,346.854,269.109,358.9161,CurrentState,End,Slider,51,Scenario,3
ID,26,Time,1013.382,DronePosition,-110.2394,59.26447,-107.379,0,CameraPosition,-103.1916,1.778971,-107.4818,CameraRotation,346.8769,269.1416,358.9397,CurrentState,End,Slider,51,Scenario,3
ID,26,Time,1013.396,DronePosition,-110.2394,59.26447,-107.379,0,CameraPosition,-103.1919,1.778967,-107.4818,CameraRotation,346.9014,269.1656,358.9596,CurrentState,End,Slider,51,Scenario,3
ID,26,Time,1013.41,DronePosition,-110.2394,59.26447,-107.379,0,CameraPosition,-103.1922,1.778941,-107.4818,CameraRotation,346.9284,269.1732,358.9695,CurrentState,End,Slider,51,Scenario,3
ID,26,Time,1013.424,DronePosition,-110.2394,59.26447,-107.379,0,CameraPosition,-103.1924,1.778911,-107.4819,CameraRotation,346.9673,269.1692,358.983,CurrentState,End,Slider,51,Scenario,3
ID,26,Time,1013.438,DronePosition,-110.2394,59.26447,-107.379,0,CameraPosition,-103.1927,1.778875,-107.4819,CameraRotation,347.0014,269.1603,358.9837,CurrentState,End,Slider,51,Scenario,3
ID,26,Time,1013.452,DronePosition,-110.2394,59.26447,-107.379,0,CameraPosition,-103.193,1.778839,-107.4819,CameraRotation,347.0291,269.1391,358.9782,CurrentState,End,Slider,51,Scenario,3
ID,26,Time,1013.466,DronePosition,-110.2394,59.26447,-107.379,0,CameraPosition,-103.1933,1.77883,-107.4819,CameraRotation,347.0603,269.1222,358.969,CurrentState,End,Slider,51,Scenario,3
ID,26,Time,1013.48,DronePosition,-110.2394,59.26447,-107.379,0,CameraPosition,-103.1936,1.778796,-107.4819,CameraRotation,347.0642,269.1131,358.9601,CurrentState,End,Slider,51,Scenario,3
ID,26,Time,1013.493,DronePosition,-110.2394,59.26447,-107.379,0,CameraPosition,-103.1938,1.778786,-107.4819,CameraRotation,347.0889,269.1016,358.963,CurrentState,End,Slider,51,Scenario,3
ID,26,Time,1013.507,DronePosition,-110.2394,59.26447,-107.379,0,CameraPosition,-103.1941,1.778788,-107.4819,CameraRotation,347.1132,269.0995,358.9642,CurrentState,End,Slider,51,Scenario,3
ID,26,Time,1013.521,DronePosition,-110.2394,59.26447,-107.379,0,CameraPosition,-103.1944,1.778772,-107.4819,CameraRotation,347.1204,269.1091,358.9659,CurrentState,End,Slider,51,Scenario,3
ID,26,Time,1013.535,DronePosition,-110.2394,59.26447,-107.379,0,CameraPosition,-103.1946,1.778772,-107.4818,CameraRotation,347.1394,269.1233,358.9376,CurrentState,End,Slider,51,Scenario,3
ID,26,Time,1013.549,DronePosition,-110.2394,59.26447,-107.379,0,CameraPosition,-103.1949,1.778792,-107.4817,CameraRotation,347.1804,269.1513,358.9005,CurrentState,End,Slider,51,Scenario,3
ID,26,Time,1013.563,DronePosition,-110.2394,59.26447,-107.379,0,CameraPosition,-103.1952,1.778805,-107.4817,CameraRotation,347.215,269.17,358.8931,CurrentState,End,Slider,51,Scenario,3
ID,26,Time,1013.577,DronePosition,-110.2394,59.26447,-107.379,0,CameraPosition,-103.1954,1.778796,-107.4816,CameraRotation,347.2308,269.1877,358.8765,CurrentState,End,Slider,51,Scenario,3
ID,26,Time,1013.591,DronePosition,-110.2394,59.26447,-107.379,0,CameraPosition,-103.1956,1.778772,-107.4815,CameraRotation,347.2431,269.1849,358.8671,CurrentState,End,Slider,51,Scenario,3
ID,26,Time,1013.605,DronePosition,-110.2394,59.26447,-107.379,0,CameraPosition,-103.1959,1.77873,-107.4815,CameraRotation,347.2695,269.1973,358.8396,CurrentState,End,Slider,51,Scenario,3
ID,26,Time,1013.619,DronePosition,-110.2394,59.26447,-107.379,0,CameraPosition,-103.1961,1.778677,-107.4814,CameraRotation,347.314,269.2067,358.8095,CurrentState,End,Slider,51,Scenario,3
ID,26,Time,1013.633,DronePosition,-110.2394,59.26447,-107.379,0,CameraPosition,-103.1963,1.778638,-107.4813,CameraRotation,347.3558,269.2056,358.7888,CurrentState,End,Slider,51,Scenario,3
ID,26,Time,1013.646,DronePosition,-110.2394,59.26447,-107.379,0,CameraPosition,-103.1965,1.778622,-107.4813,CameraRotation,347.3967,269.1978,358.781,CurrentState,End,Slider,51,Scenario,3
ID,26,Time,1013.66,DronePosition,-110.2394,59.26447,-107.379,0,CameraPosition,-103.1967,1.778592,-107.4812,CameraRotation,347.425,269.1824,358.7726,CurrentState,End,Slider,51,Scenario,3
ID,26,Time,1013.674,DronePosition,-110.2394,59.26447,-107.379,0,CameraPosition,-103.1968,1.778559,-107.4812,CameraRotation,347.4616,269.1706,358.743,CurrentState,End,Slider,51,Scenario,3
ID,26,Time,1013.688,DronePosition,-110.2394,59.26447,-107.379,0,CameraPosition,-103.197,1.778514,-107.4812,CameraRotation,347.5022,269.1632,358.7221,CurrentState,End,Slider,51,Scenario,3
ID,26,Time,1013.702,DronePosition,-110.2394,59.26447,-107.379,0,CameraPosition,-103.1971,1.778454,-107.4811,CameraRotation,347.537,269.1584,358.7105,CurrentState,End,Slider,51,Scenario,3
ID,26,Time,1013.716,DronePosition,-110.2394,59.26447,-107.379,0,CameraPosition,-103.1972,1.778402,-107.4811,CameraRotation,347.5494,269.1474,358.7092,CurrentState,End,Slider,51,Scenario,3
ID,26,Time,1013.73,DronePosition,-110.2394,59.26447,-107.379,0,CameraPosition,-103.1973,1.778389,-107.481,CameraRotation,347.5621,269.1528,358.7071,CurrentState,End,Slider,51,Scenario,3
ID,26,Time,1013.744,DronePosition,-110.2394,59.26447,-107.379,0,CameraPosition,-103.1973,1.778379,-107.481,CameraRotation,347.5663,269.1561,358.6985,CurrentState,End,Slider,51,Scenario,3
ID,26,Time,1013.758,DronePosition,-110.2394,59.26447,-107.379,0,CameraPosition,-103.1973,1.778356,-107.4809,CameraRotation,347.572,269.1621,358.6887,CurrentState,End,Slider,51,Scenario,3
ID,26,Time,1013.772,DronePosition,-110.2394,59.26447,-107.379,0,CameraPosition,-103.1974,1.778341,-107.4809,CameraRotation,347.5853,269.1662,358.6635,CurrentState,End,Slider,51,Scenario,3
ID,26,Time,1013.786,DronePosition,-110.2394,59.26447,-107.379,0,CameraPosition,-103.1974,1.778313,-107.4808,CameraRotation,347.5913,269.167,358.6542,CurrentState,End,Slider,51,Scenario,3
ID,26,Time,1013.8,DronePosition,-110.2394,59.26447,-107.379,0,CameraPosition,-103.1974,1.778301,-107.4807,CameraRotation,347.5876,269.1648,358.6345,CurrentState,End,Slider,51,Scenario,3
ID,26,Time,1013.814,DronePosition,-110.2394,59.26447,-107.379,0,CameraPosition,-103.1973,1.778307,-107.4807,CameraRotation,347.5731,269.1652,358.6204,CurrentState,End,Slider,51,Scenario,3
ID,26,Time,1013.828,DronePosition,-110.2394,59.26447,-107.379,0,CameraPosition,-103.1973,1.778328,-107.4806,CameraRotation,347.5521,269.1729,358.6006,CurrentState,End,Slider,51,Scenario,3
ID,26,Time,1013.841,DronePosition,-110.2394,59.26447,-107.379,0,CameraPosition,-103.1972,1.778357,-107.4805,CameraRotation,347.5237,269.1835,358.5829,CurrentState,End,Slider,51,Scenario,3
ID,26,Time,1013.855,DronePosition,-110.2394,59.26447,-107.379,0,CameraPosition,-103.1972,1.778383,-107.4805,CameraRotation,347.4922,269.2051,358.5693,CurrentState,End,Slider,51,Scenario,3
ID,26,Time,1013.869,DronePosition,-110.2394,59.26447,-107.379,0,CameraPosition,-103.1971,1.778394,-107.4804,CameraRotation,347.4742,269.2202,358.5522,CurrentState,End,Slider,51,Scenario,3
ID,26,Time,1013.883,DronePosition,-110.2394,59.26447,-107.379,0,CameraPosition,-103.1971,1.778394,-107.4804,CameraRotation,347.4565,269.2456,358.5402,CurrentState,End,Slider,51,Scenario,3
ID,26,Time,1013.897,DronePosition,-110.2394,59.26447,-107.379,0,CameraPosition,-103.197,1.778418,-107.4803,CameraRotation,347.4599,269.2778,358.5291,CurrentState,End,Slider,51,Scenario,3
ID,26,Time,1013.911,DronePosition,-110.2394,59.26447,-107.379,0,CameraPosition,-103.1969,1.778418,-107.4803,CameraRotation,347.4523,269.3028,358.5305,CurrentState,End,Slider,51,Scenario,3
ID,26,Time,1013.926,DronePosition,-110.2394,59.26447,-107.379,0,CameraPosition,-103.1968,1.778429,-107.4802,CameraRotation,347.4422,269.3336,358.5217,CurrentState,End,Slider,51,Scenario,3
ID,26,Time,1013.939,DronePosition,-110.2394,59.26447,-107.379,0,CameraPosition,-103.1968,1.778439,-107.4803,CameraRotation,347.4406,269.3547,358.516,CurrentState,End,Slider,51,Scenario,3
ID,26,Time,1013.953,DronePosition,-110.2394,59.26447,-107.379,0,CameraPosition,-103.1967,1.778459,-107.4803,CameraRotation,347.4177,269.3736,358.5256,CurrentState,End,Slider,51,Scenario,3
ID,26,Time,1013.967,DronePosition,-110.2394,59.26447,-107.379,0,CameraPosition,-103.1967,1.778504,-107.4803,CameraRotation,347.3878,269.3905,358.5442,CurrentState,End,Slider,51,Scenario,3
ID,26,Time,1013.981,DronePosition,-110.2394,59.26447,-107.379,0,CameraPosition,-103.1966,1.778524,-107.4803,CameraRotation,347.3681,269.4032,358.5827,CurrentState,End,Slider,51,Scenario,3
ID,26,Time,1013.995,DronePosition,-110.2394,59.26447,-107.379,0,CameraPosition,-103.1965,1.778529,-107.4804,CameraRotation,347.3893,269.4204,358.6067,CurrentState,End,Slider,51,Scenario,3
ID,26,Time,1014.009,DronePosition,-110.2394,59.26447,-107.379,0,CameraPosition,-103.1964,1.778532,-107.4804,CameraRotation,347.4134,269.4525,358.642,CurrentState,End,Slider,51,Scenario,3
ID,26,Time,1014.023,DronePosition,-110.2394,59.26447,-107.379,0,CameraPosition,-103.1964,1.778532,-107.4804,CameraRotation,347.42,269.4953,358.6634,CurrentState,End,Slider,51,Scenario,3
ID,26,Time,1014.037,DronePosition,-110.2394,59.26447,-107.379,0,CameraPosition,-103.1964,1.77853,-107.4805,CameraRotation,347.436,269.5399,358.6702,CurrentState,End,Slider,51,Scenario,3
ID,26,Time,1014.05,DronePosition,-110.2394,59.26447,-107.379,0,CameraPosition,-103.1963,1.778513,-107.4805,CameraRotation,347.477,269.5893,358.6577,CurrentState,End,Slider,51,Scenario,3
ID,26,Time,1014.064,DronePosition,-110.2394,59.26447,-107.379,0,CameraPosition,-103.1962,1.778459,-107.4805,CameraRotation,347.5266,269.6536,358.6371,CurrentState,End,Slider,51,Scenario,3
ID,26,Time,1014.078,DronePosition,-110.2394,59.26447,-107.379,0,CameraPosition,-103.1961,1.778393,-107.4804,CameraRotation,347.5782,269.7174,358.6354,CurrentState,End,Slider,51,Scenario,3
ID,26,Time,1014.092,DronePosition,-110.2394,59.26447,-107.379,0,CameraPosition,-103.1959,1.778315,-107.4804,CameraRotation,347.6224,269.769,358.6255,CurrentState,End,Slider,51,Scenario,3
ID,26,Time,1014.106,DronePosition,-110.2394,59.26447,-107.379,0,CameraPosition,-103.1958,1.778248,-107.4805,CameraRotation,347.6602,269.8218,358.6157,CurrentState,End,Slider,51,Scenario,3
ID,26,Time,1014.12,DronePosition,-110.2394,59.26447,-107.379,0,CameraPosition,-103.1957,1.778213,-107.4805,CameraRotation,347.7087,269.868,358.6005,CurrentState,End,Slider,51,Scenario,3
ID,26,Time,1014.134,DronePosition,-110.2394,59.26447,-107.379,0,CameraPosition,-103.1956,1.778194,-107.4806,CameraRotation,347.7277,269.8984,358.598,CurrentState,End,Slider,51,Scenario,3
ID,26,Time,1014.148,DronePosition,-110.2394,59.26447,-107.379,0,CameraPosition,-103.1954,1.778233,-107.4807,CameraRotation,347.7185,269.914,358.5979,CurrentState,End,Slider,51,Scenario,3
ID,26,Time,1014.162,DronePosition,-110.2394,59.26447,-107.379,0,CameraPosition,-103.1952,1.778279,-107.4808,CameraRotation,347.6862,269.9294,358.6125,CurrentState,End,Slider,51,Scenario,3
ID,26,Time,1014.176,DronePosition,-110.2394,59.26447,-107.379,0,CameraPosition,-103.1951,1.778348,-107.4809,CameraRotation,347.6387,269.9144,358.625,CurrentState,End,Slider,51,Scenario,3
ID,26,Time,1014.19,DronePosition,-110.2394,59.26447,-107.379,0,CameraPosition,-103.1949,1.778417,-107.4811,CameraRotation,347.6003,269.8947,358.6433,CurrentState,End,Slider,51,Scenario,3
ID,26,Time,1014.204,DronePosition,-110.2394,59.26447,-107.379,0,CameraPosition,-103.1947,1.778479,-107.4813,CameraRotation,347.5281,269.8361,358.6784,CurrentState,End,Slider,51,Scenario,3
ID,26,Time,1014.217,DronePosition,-110.2394,59.26447,-107.379,0,CameraPosition,-103.1946,1.778527,-107.4815,CameraRotation,347.4752,269.748,358.7306,CurrentState,End,Slider,51,Scenario,3
ID,26,Time,1014.231,DronePosition,-110.2394,59.26447,-107.379,0,CameraPosition,-103.1944,1.778588,-107.4818,CameraRotation,347.4427,269.6505,358.7837,CurrentState,End,Slider,51,Scenario,3
ID,26,Time,1014.245,DronePosition,-110.2394,59.26447,-107.379,0,CameraPosition,-103.1943,1.778644,-107.4821,CameraRotation,347.3983,269.5099,358.8491,CurrentState,End,Slider,51,Scenario,3
ID,26,Time,1014.259,DronePosition,-110.2394,59.26447,-107.379,0,CameraPosition,-103.1942,1.778659,-107.4825,CameraRotation,347.3767,269.3687,358.8945,CurrentState,End,Slider,51,Scenario,3
ID,26,Time,1014.273,DronePosition,-110.2394,59.26447,-107.379,0,CameraPosition,-103.194,1.77864,-107.4828,CameraRotation,347.3696,269.2448,358.9364,CurrentState,End,Slider,51,Scenario,3
ID,26,Time,1014.287,DronePosition,-110.2394,59.26447,-107.379,0,CameraPosition,-103.1939,1.778617,-107.4831,CameraRotation,347.3903,269.1258,358.983,CurrentState,End,Slider,51,Scenario,3
ID,26,Time,1014.301,DronePosition,-110.2394,59.26447,-107.379,0,CameraPosition,-103.1938,1.778622,-107.4833,CameraRotation,347.3977,269.0291,359.0238,CurrentState,End,Slider,51,Scenario,3
ID,26,Time,1014.315,DronePosition,-110.2394,59.26447,-107.379,0,CameraPosition,-103.1936,1.778641,-107.4835,CameraRotation,347.3993,268.9524,359.0611,CurrentState,End,Slider,51,Scenario,3
ID,26,Time,1014.329,DronePosition,-110.2394,59.26447,-107.379,0,CameraPosition,-103.1935,1.778643,-107.4837,CameraRotation,347.4067,268.9107,359.084,CurrentState,End,Slider,51,Scenario,3
ID,26,Time,1014.343,DronePosition,-110.2394,59.26447,-107.379,0,CameraPosition,-103.1933,1.778603,-107.4838,CameraRotation,347.4146,268.9044,359.086,CurrentState,End,Slider,51,Scenario,3
ID,26,Time,1014.357,DronePosition,-110.2394,59.26447,-107.379,0,CameraPosition,-103.1932,1.778556,-107.4839,CameraRotation,347.4359,268.9325,359.0796,CurrentState,End,Slider,51,Scenario,3
ID,26,Time,1014.37,DronePosition,-110.2394,59.26447,-107.379,0,CameraPosition,-103.1931,1.778535,-107.484,CameraRotation,347.4584,268.9597,359.0779,CurrentState,End,Slider,51,Scenario,3
ID,26,Time,1014.385,DronePosition,-110.2394,59.26447,-107.379,0,CameraPosition,-103.1929,1.778535,-107.4841,CameraRotation,347.479,268.9862,359.0852,CurrentState,End,Slider,51,Scenario,3
ID,26,Time,1014.398,DronePosition,-110.2394,59.26447,-107.379,0,CameraPosition,-103.1927,1.77855,-107.4841,CameraRotation,347.4982,269.0288,359.0789,CurrentState,End,Slider,51,Scenario,3
ID,26,Time,1014.412,DronePosition,-110.2394,59.26447,-107.379,0,CameraPosition,-103.1925,1.778547,-107.4842,CameraRotation,347.5127,269.0848,359.0725,CurrentState,End,Slider,51,Scenario,3
ID,26,Time,1014.427,DronePosition,-110.2394,59.26447,-107.379,0,CameraPosition,-103.1923,1.778531,-107.4843,CameraRotation,347.5313,269.137,359.0793,CurrentState,End,Slider,51,Scenario,3
ID,26,Time,1014.44,DronePosition,-110.2394,59.26447,-107.379,0,CameraPosition,-103.1921,1.778524,-107.4844,CameraRotation,347.529,269.195,359.0833,CurrentState,End,Slider,51,Scenario,3
ID,26,Time,1014.454,DronePosition,-110.2394,59.26447,-107.379,0,CameraPosition,-103.1919,1.778545,-107.4845,CameraRotation,347.5248,269.226,359.1031,CurrentState,End,Slider,51,Scenario,3
ID,26,Time,1014.468,DronePosition,-110.2394,59.26447,-107.379,0,CameraPosition,-103.1916,1.778589,-107.4846,CameraRotation,347.5044,269.2572,359.1256,CurrentState,End,Slider,51,Scenario,3
ID,26,Time,1014.482,DronePosition,-110.2394,59.26447,-107.379,0,CameraPosition,-103.1914,1.778653,-107.4847,CameraRotation,347.4727,269.2667,359.1599,CurrentState,End,Slider,51,Scenario,3
ID,26,Time,1014.496,DronePosition,-110.2394,59.26447,-107.379,0,CameraPosition,-103.1912,1.778718,-107.4849,CameraRotation,347.4391,269.2671,359.2192,CurrentState,End,Slider,51,Scenario,3
ID,26,Time,1014.51,DronePosition,-110.2394,59.26447,-107.379,0,CameraPosition,-103.1909,1.778755,-107.4851,CameraRotation,347.4025,269.2389,359.2929,CurrentState,End,Slider,51,Scenario,3
ID,26,Time,1014.524,DronePosition,-110.2394,59.26447,-107.379,0,CameraPosition,-103.1907,1.778784,-107.4853,CameraRotation,347.3832,269.1998,359.3551,CurrentState,End,Slider,51,Scenario,3
ID,26,Time,1014.538,DronePosition,-110.2394,59.26447,-107.379,0,CameraPosition,-103.1904,1.778816,-107.4854,CameraRotation,347.3712,269.1483,359.4002,CurrentState,End,Slider,51,Scenario,3
ID,26,Time,1014.552,DronePosition,-110.2394,59.26447,-107.379,0,CameraPosition,-103.1902,1.778831,-107.4856,CameraRotation,347.349,269.0945,359.4389,CurrentState,End,Slider,51,Scenario,3
ID,26,Time,1014.565,DronePosition,-110.2394,59.26447,-107.379,0,CameraPosition,-103.19,1.778857,-107.4857,CameraRotation,347.3232,269.0516,359.4773,CurrentState,End,Slider,51,Scenario,3
ID,26,Time,1014.58,DronePosition,-110.2394,59.26447,-107.379,0,CameraPosition,-103.1897,1.778903,-107.4858,CameraRotation,347.2996,269.023,359.5154,CurrentState,End,Slider,51,Scenario,3
ID,26,Time,1014.594,DronePosition,-110.2394,59.26447,-107.379,0,CameraPosition,-103.1895,1.778933,-107.4859,CameraRotation,347.2898,269.0132,359.5568,CurrentState,End,Slider,51,Scenario,3
ID,26,Time,1014.607,DronePosition,-110.2394,59.26447,-107.379,0,CameraPosition,-103.1892,1.778938,-107.4859,CameraRotation,347.3145,269.0264,359.576,CurrentState,End,Slider,51,Scenario,3
ID,26,Time,1014.621,DronePosition,-110.2394,59.26447,-107.379,0,CameraPosition,-103.1889,1.778908,-107.4859,CameraRotation,347.3461,269.0567,359.5767,CurrentState,End,Slider,51,Scenario,3
ID,26,Time,1014.636,DronePosition,-110.2394,59.26447,-107.379,0,CameraPosition,-103.1887,1.778842,-107.4858,CameraRotation,347.3852,269.115,359.5627,CurrentState,End,Slider,51,Scenario,3
ID,26,Time,1014.649,DronePosition,-110.2394,59.26447,-107.379,0,CameraPosition,-103.1884,1.778789,-107.4858,CameraRotation,347.4125,269.1584,359.5338,CurrentState,End,Slider,51,Scenario,3
ID,26,Time,1014.663,DronePosition,-110.2394,59.26447,-107.379,0,CameraPosition,-103.1881,1.778722,-107.4858,CameraRotation,347.4222,269.192,359.5047,CurrentState,End,Slider,51,Scenario,3
ID,26,Time,1014.677,DronePosition,-110.2394,59.26447,-107.379,0,CameraPosition,-103.1879,1.778686,-107.4857,CameraRotation,347.408,269.2314,359.489,CurrentState,End,Slider,51,Scenario,3
ID,26,Time,1014.691,DronePosition,-110.2394,59.26447,-107.379,0,CameraPosition,-103.1876,1.7787,-107.4857,CameraRotation,347.3864,269.2682,359.4775,CurrentState,End,Slider,51,Scenario,3
ID,26,Time,1014.705,DronePosition,-110.2394,59.26447,-107.379,0,CameraPosition,-103.1874,1.778698,-107.4856,CameraRotation,347.3592,269.3146,359.4521,CurrentState,End,Slider,51,Scenario,3
ID,26,Time,1014.719,DronePosition,-110.2394,59.26447,-107.379,0,CameraPosition,-103.1871,1.778678,-107.4856,CameraRotation,347.3781,269.3587,359.4308,CurrentState,End,Slider,51,Scenario,3
ID,26,Time,1014.733,DronePosition,-110.2394,59.26447,-107.379,0,CameraPosition,-103.1868,1.77868,-107.4855,CameraRotation,347.3759,269.4125,359.4161,CurrentState,End,Slider,51,Scenario,3
ID,26,Time,1014.746,DronePosition,-110.2394,59.26447,-107.379,0,CameraPosition,-103.1866,1.778769,-107.4855,CameraRotation,347.3467,269.4457,359.4092,CurrentState,End,Slider,51,Scenario,3
ID,26,Time,1014.76,DronePosition,-110.2394,59.26447,-107.379,0,CameraPosition,-103.1863,1.778895,-107.4855,CameraRotation,347.3034,269.4638,359.4066,CurrentState,End,Slider,51,Scenario,3
ID,26,Time,1014.775,DronePosition,-110.2394,59.26447,-107.379,0,CameraPosition,-103.1861,1.778963,-107.4855,CameraRotation,347.2585,269.4537,359.4129,CurrentState,End,Slider,51,Scenario,3
ID,26,Time,1014.788,DronePosition,-110.2394,59.26447,-107.379,0,CameraPosition,-103.1858,1.779002,-107.4856,CameraRotation,347.2238,269.4221,359.4334,CurrentState,End,Slider,51,Scenario,3
ID,26,Time,1014.802,DronePosition,-110.2394,59.26447,-107.379,0,CameraPosition,-103.1856,1.779,-107.4857,CameraRotation,347.1985,269.3666,359.4551,CurrentState,End,Slider,51,Scenario,3
ID,26,Time,1014.816,DronePosition,-110.2394,59.26447,-107.379,0,CameraPosition,-103.1853,1.779,-107.4858,CameraRotation,347.1828,269.3089,359.4691,CurrentState,End,Slider,51,Scenario,3
ID,26,Time,1014.83,DronePosition,-110.2394,59.26447,-107.379,0,CameraPosition,-103.1851,1.778959,-107.4859,CameraRotation,347.1809,269.2356,359.4816,CurrentState,End,Slider,51,Scenario,3
ID,26,Time,1014.844,DronePosition,-110.2394,59.26447,-107.379,0,CameraPosition,-103.1849,1.778924,-107.486,CameraRotation,347.1889,269.1721,359.4828,CurrentState,End,Slider,51,Scenario,3
ID,26,Time,1014.858,DronePosition,-110.2394,59.26447,-107.379,0,CameraPosition,-103.1846,1.778894,-107.4861,CameraRotation,347.1917,269.0992,359.4952,CurrentState,End,Slider,51,Scenario,3
ID,26,Time,1014.872,DronePosition,-110.2394,59.26447,-107.379,0,CameraPosition,-103.1844,1.77889,-107.4862,CameraRotation,347.1869,269.0156,359.508,CurrentState,End,Slider,51,Scenario,3
ID,26,Time,1014.886,DronePosition,-110.2394,59.26447,-107.379,0,CameraPosition,-103.1842,1.77887,-107.4862,CameraRotation,347.1865,268.9368,359.5148,CurrentState,End,Slider,51,Scenario,3
ID,26,Time,1014.9,DronePosition,-110.2394,59.26447,-107.379,0,CameraPosition,-103.184,1.778839,-107.4863,CameraRotation,347.2055,268.8622,359.5129,CurrentState,End,Slider,51,Scenario,3
ID,26,Time,1014.913,DronePosition,-110.2394,59.26447,-107.379,0,CameraPosition,-103.1838,1.7788,-107.4863,CameraRotation,347.2236,268.8203,359.4895,CurrentState,End,Slider,51,Scenario,3
ID,26,Time,1014.929,DronePosition,-110.2394,59.26447,-107.379,0,CameraPosition,-103.1835,1.778736,-107.4863,CameraRotation,347.2525,268.7988,359.4916,CurrentState,End,Slider,51,Scenario,3
ID,26,Time,1014.942,DronePosition,-110.2394,59.26447,-107.379,0,CameraPosition,-103.1833,1.778685,-107.4863,CameraRotation,347.281,268.8221,359.4976,CurrentState,End,Slider,51,Scenario,3
ID,26,Time,1014.955,DronePosition,-110.2394,59.26447,-107.379,0,CameraPosition,-103.1831,1.778669,-107.4862,CameraRotation,347.2918,268.8459,359.5083,CurrentState,End,Slider,51,Scenario,3
ID,26,Time,1014.969,DronePosition,-110.2394,59.26447,-107.379,0,CameraPosition,-103.1828,1.778663,-107.4862,CameraRotation,347.2911,268.8773,359.498,CurrentState,End,Slider,51,Scenario,3
ID,26,Time,1014.983,DronePosition,-110.2394,59.26447,-107.379,0,CameraPosition,-103.1825,1.778642,-107.4861,CameraRotation,347.294,268.9298,359.4671,CurrentState,End,Slider,51,Scenario,3
ID,26,Time,1014.997,DronePosition,-110.2394,59.26447,-107.379,0,CameraPosition,-103.1822,1.77861,-107.486,CameraRotation,347.3072,268.9785,359.4354,CurrentState,End,Slider,51,Scenario,3
ID,26,Time,1015.011,DronePosition,-110.2394,59.26447,-107.379,0,CameraPosition,-103.182,1.778586,-107.486,CameraRotation,347.317,269.0069,359.4196,CurrentState,End,Slider,51,Scenario,3
ID,26,Time,1015.025,DronePosition,-110.2394,59.26447,-107.379,0,CameraPosition,-103.1817,1.778586,-107.4859,CameraRotation,347.3041,269.0264,359.4169,CurrentState,End,Slider,51,Scenario,3
ID,26,Time,1015.039,DronePosition,-110.2394,59.26447,-107.379,0,CameraPosition,-103.1814,1.778632,-107.4859,CameraRotation,347.287,269.0156,359.4078,CurrentState,End,Slider,51,Scenario,3
ID,26,Time,1015.053,DronePosition,-110.2394,59.26447,-107.379,0,CameraPosition,-103.1811,1.778663,-107.4859,CameraRotation,347.2745,269.0058,359.3954,CurrentState,End,Slider,51,Scenario,3
ID,26,Time,1015.067,DronePosition,-110.2394,59.26447,-107.379,0,CameraPosition,-103.1808,1.778693,-107.4858,CameraRotation,347.2714,269.0016,359.3718,CurrentState,End,Slider,51,Scenario,3
ID,26,Time,1015.08,DronePosition,-110.2394,59.26447,-107.379,0,CameraPosition,-103.1805,1.778724,-107.4858,CameraRotation,347.2536,269.002,359.3582,CurrentState,End,Slider,51,Scenario,3
ID,26,Time,1015.095,DronePosition,-110.2394,59.26447,-107.379,0,CameraPosition,-103.1802,1.778769,-107.4857,CameraRotation,347.2151,268.9879,359.3559,CurrentState,End,Slider,51,Scenario,3
ID,26,Time,1015.108,DronePosition,-110.2394,59.26447,-107.379,0,CameraPosition,-103.1799,1.778828,-107.4857,CameraRotation,347.1715,268.9953,359.3539,CurrentState,End,Slider,51,Scenario,3
ID,26,Time,1015.122,DronePosition,-110.2394,59.26447,-107.379,0,CameraPosition,-103.1796,1.778877,-107.4856,CameraRotation,347.1184,269.0006,359.3436,CurrentState,End,Slider,51,Scenario,3
ID,26,Time,1015.136,DronePosition,-110.2394,59.26447,-107.379,0,CameraPosition,-103.1793,1.778922,-107.4856,CameraRotation,347.0826,269.0107,359.3396,CurrentState,End,Slider,51,Scenario,3
ID,26,Time,1015.15,DronePosition,-110.2394,59.26447,-107.379,0,CameraPosition,-103.1791,1.778954,-107.4855,CameraRotation,347.054,269.0149,359.3495,CurrentState,End,Slider,51,Scenario,3
ID,26,Time,1015.164,DronePosition,-110.2394,59.26447,-107.379,0,CameraPosition,-103.1788,1.77898,-107.4855,CameraRotation,347.0195,269.0221,359.3561,CurrentState,End,Slider,51,Scenario,3
ID,26,Time,1015.178,DronePosition,-110.2394,59.26447,-107.379,0,CameraPosition,-103.1786,1.778983,-107.4854,CameraRotation,346.9892,269.0222,359.36,CurrentState,End,Slider,51,Scenario,3
ID,26,Time,1015.192,DronePosition,-110.2394,59.26447,-107.379,0,CameraPosition,-103.1784,1.779001,-107.4854,CameraRotation,346.9726,269.0333,359.3541,CurrentState,End,Slider,51,Scenario,3
ID,26,Time,1015.206,DronePosition,-110.2394,59.26447,-107.379,0,CameraPosition,-103.1782,1.779032,-107.4853,CameraRotation,346.9453,269.0457,359.3406,CurrentState,End,Slider,51,Scenario,3
ID,26,Time,1015.22,DronePosition,-110.2394,59.26447,-107.379,0,CameraPosition,-103.178,1.779096,-107.4852,CameraRotation,346.9107,269.0532,359.3426,CurrentState,End,Slider,51,Scenario,3
ID,26,Time,1015.234,DronePosition,-110.2394,59.26447,-107.379,0,CameraPosition,-103.1779,1.77916,-107.4851,CameraRotation,346.8808,269.0687,359.33,CurrentState,End,Slider,51,Scenario,3
ID,26,Time,1015.248,DronePosition,-110.2394,59.26447,-107.379,0,CameraPosition,-103.1777,1.77918,-107.4849,CameraRotation,346.8663,269.0818,359.3169,CurrentState,End,Slider,51,Scenario,3
ID,26,Time,1015.262,DronePosition,-110.2394,59.26447,-107.379,0,CameraPosition,-103.1776,1.779166,-107.4848,CameraRotation,346.8693,269.1026,359.2977,CurrentState,End,Slider,51,Scenario,3
ID,26,Time,1015.275,DronePosition,-110.2394,59.26447,-107.379,0,CameraPosition,-103.1775,1.779123,-107.4847,CameraRotation,346.8828,269.1187,359.2872,CurrentState,End,Slider,51,Scenario,3
ID,26,Time,1015.289,DronePosition,-110.2394,59.26447,-107.379,0,CameraPosition,-103.1774,1.779087,-107.4846,CameraRotation,346.9005,269.1353,359.2693,CurrentState,End,Slider,51,Scenario,3
ID,26,Time,1015.303,DronePosition,-110.2394,59.26447,-107.379,0,CameraPosition,-103.1773,1.779058,-107.4845,CameraRotation,346.9172,269.1467,359.2543,CurrentState,End,Slider,51,Scenario,3
ID,26,Time,1015.318,DronePosition,-110.2394,59.26447,-107.379,0,CameraPosition,-103.1772,1.779032,-107.4844,CameraRotation,346.9406,269.1757,359.2381,CurrentState,End,Slider,51,Scenario,3
ID,26,Time,1015.331,DronePosition,-110.2394,59.26447,-107.379,0,CameraPosition,-103.1771,1.779,-107.4843,CameraRotation,346.9605,269.1958,359.2185,CurrentState,End,Slider,51,Scenario,3
ID,26,Time,1015.345,DronePosition,-110.2394,59.26447,-107.379,0,CameraPosition,-103.1771,1.778957,-107.4842,CameraRotation,346.9814,269.2277,359.1981,CurrentState,End,Slider,51,Scenario,3
ID,26,Time,1015.359,DronePosition,-110.2394,59.26447,-107.379,0,CameraPosition,-103.177,1.778917,-107.4841,CameraRotation,347.0191,269.2447,359.1684,CurrentState,End,Slider,51,Scenario,3
ID,26,Time,1015.373,DronePosition,-110.2394,59.26447,-107.379,0,CameraPosition,-103.1769,1.77888,-107.4839,CameraRotation,347.0489,269.272,359.1442,CurrentState,End,Slider,51,Scenario,3
ID,26,Time,1015.387,DronePosition,-110.2394,59.26447,-107.379,0,CameraPosition,-103.1769,1.778842,-107.4837,CameraRotation,347.0771,269.2861,359.1364,CurrentState,End,Slider,51,Scenario,3
ID,26,Time,1015.401,DronePosition,-110.2394,59.26447,-107.379,0,CameraPosition,-103.1769,1.778793,-107.4836,CameraRotation,347.0992,269.3058,359.1297,CurrentState,End,Slider,51,Scenario,3
ID,26,Time,1015.415,DronePosition,-110.2394,59.26447,-107.379,0,CameraPosition,-103.1768,1.778754,-107.4835,CameraRotation,347.1292,269.3213,359.119,CurrentState,End,Slider,51,Scenario,3
ID,26,Time,1015.429,DronePosition,-110.2394,59.26447,-107.379,0,CameraPosition,-103.1767,1.778742,-107.4834,CameraRotation,347.1534,269.3477,359.1144,CurrentState,End,Slider,51,Scenario,3
ID,26,Time,1015.442,DronePosition,-110.2394,59.26447,-107.379,0,CameraPosition,-103.1767,1.778751,-107.4833,CameraRotation,347.1266,269.376,359.0902,CurrentState,End,Slider,51,Scenario,3
ID,26,Time,1015.456,DronePosition,-110.2394,59.26447,-107.379,0,CameraPosition,-103.1766,1.778786,-107.4832,CameraRotation,347.0989,269.3917,359.0664,CurrentState,End,Slider,51,Scenario,3
ID,26,Time,1015.471,DronePosition,-110.2394,59.26447,-107.379,0,CameraPosition,-103.1765,1.778815,-107.4831,CameraRotation,347.0787,269.4052,359.0504,CurrentState,End,Slider,51,Scenario,3
ID,26,Time,1015.484,DronePosition,-110.2394,59.26447,-107.379,0,CameraPosition,-103.1765,1.778853,-107.483,CameraRotation,347.0653,269.4056,359.0414,CurrentState,End,Slider,51,Scenario,3
ID,26,Time,1015.498,DronePosition,-110.2394,59.26447,-107.379,0,CameraPosition,-103.1764,1.778873,-107.4829,CameraRotation,347.048,269.3921,359.0534,CurrentState,End,Slider,51,Scenario,3
ID,26,Time,1015.512,DronePosition,-110.2394,59.26447,-107.379,0,CameraPosition,-103.1764,1.778873,-107.4829,CameraRotation,347.0541,269.3783,359.0601,CurrentState,End,Slider,51,Scenario,3
ID,26,Time,1015.526,DronePosition,-110.2394,59.26447,-107.379,0,CameraPosition,-103.1763,1.778841,-107.4828,CameraRotation,347.0749,269.3629,359.0562,CurrentState,End,Slider,51,Scenario,3
ID,26,Time,1015.54,DronePosition,-110.2394,59.26447,-107.379,0,CameraPosition,-103.1763,1.778813,-107.4828,CameraRotation,347.0947,269.3387,359.0605,CurrentState,End,Slider,51,Scenario,3
ID,26,Time,1015.554,DronePosition,-110.2394,59.26447,-107.379,0,CameraPosition,-103.1763,1.778794,-107.4827,CameraRotation,347.1115,269.3093,359.0738,CurrentState,End,Slider,51,Scenario,3
ID,26,Time,1015.568,DronePosition,-110.2394,59.26447,-107.379,0,CameraPosition,-103.1763,1.778793,-107.4827,CameraRotation,347.1111,269.2668,359.0856,CurrentState,End,Slider,51,Scenario,3
ID,26,Time,1015.582,DronePosition,-110.2394,59.26447,-107.379,0,CameraPosition,-103.1763,1.778805,-107.4826,CameraRotation,347.091,269.2333,359.0813,CurrentState,End,Slider,51,Scenario,3
ID,26,Time,1015.596,DronePosition,-110.2394,59.26447,-107.379,0,CameraPosition,-103.1763,1.778818,-107.4826,CameraRotation,347.0825,269.1998,359.0715,CurrentState,End,Slider,51,Scenario,3
ID,26,Time,1015.609,DronePosition,-110.2394,59.26447,-107.379,0,CameraPosition,-103.1763,1.778847,-107.4825,CameraRotation,347.0916,269.1751,359.0519,CurrentState,End,Slider,51,Scenario,3
ID,26,Time,1015.623,DronePosition,-110.2394,59.26447,-107.379,0,CameraPosition,-103.1762,1.778853,-107.4825,CameraRotation,347.0806,269.1581,359.0486,CurrentState,End,Slider,51,Scenario,3
ID,26,Time,1015.637,DronePosition,-110.2394,59.26447,-107.379,0,CameraPosition,-103.1761,1.778875,-107.4824,CameraRotation,347.0886,269.1463,359.0521,CurrentState,End,Slider,51,Scenario,3
ID,26,Time,1015.651,DronePosition,-110.2394,59.26447,-107.379,0,CameraPosition,-103.1761,1.778909,-107.4823,CameraRotation,347.0749,269.1259,359.0557,CurrentState,End,Slider,51,Scenario,3
ID,26,Time,1015.665,DronePosition,-110.2394,59.26447,-107.379,0,CameraPosition,-103.1761,1.77897,-107.4822,CameraRotation,347.0435,269.1123,359.0599,CurrentState,End,Slider,51,Scenario,3
ID,26,Time,1015.68,DronePosition,-110.2394,59.26447,-107.379,0,CameraPosition,-103.1761,1.779027,-107.4822,CameraRotation,347.0035,269.0938,359.0407,CurrentState,End,Slider,51,Scenario,3
ID,26,Time,1015.693,DronePosition,-110.2394,59.26447,-107.379,0,CameraPosition,-103.1761,1.779067,-107.4821,CameraRotation,346.9621,269.0735,359.0073,CurrentState,End,Slider,51,Scenario,3
ID,26,Time,1015.707,DronePosition,-110.2394,59.26447,-107.379,0,CameraPosition,-103.1761,1.779119,-107.4821,CameraRotation,346.937,269.0438,358.9944,CurrentState,End,Slider,51,Scenario,3
ID,26,Time,1015.721,DronePosition,-110.2394,59.26447,-107.379,0,CameraPosition,-103.1762,1.779176,-107.482,CameraRotation,346.9165,268.9969,358.9915,CurrentState,End,Slider,51,Scenario,3
ID,26,Time,1015.735,DronePosition,-110.2394,59.26447,-107.379,0,CameraPosition,-103.1762,1.779226,-107.482,CameraRotation,346.89,268.946,358.991,CurrentState,End,Slider,51,Scenario,3
ID,26,Time,1015.749,DronePosition,-110.2394,59.26447,-107.379,0,CameraPosition,-103.1763,1.779271,-107.482,CameraRotation,346.8517,268.8826,358.9944,CurrentState,End,Slider,51,Scenario,3
ID,26,Time,1015.763,DronePosition,-110.2394,59.26447,-107.379,0,CameraPosition,-103.1763,1.779327,-107.482,CameraRotation,346.8178,268.8263,359.0003,CurrentState,End,Slider,51,Scenario,3
ID,26,Time,1015.777,DronePosition,-110.2394,59.26447,-107.379,0,CameraPosition,-103.1764,1.779343,-107.4821,CameraRotation,346.7816,268.7666,359.015,CurrentState,End,Slider,51,Scenario,3
ID,26,Time,1015.79,DronePosition,-110.2394,59.26447,-107.379,0,CameraPosition,-103.1764,1.779335,-107.4821,CameraRotation,346.7714,268.7069,359.0336,CurrentState,End,Slider,51,Scenario,3
ID,26,Time,1015.804,DronePosition,-110.2394,59.26447,-107.379,0,CameraPosition,-103.1764,1.779323,-107.4822,CameraRotation,346.771,268.6523,359.0557,CurrentState,End,Slider,51,Scenario,3
ID,26,Time,1015.818,DronePosition,-110.2394,59.26447,-107.379,0,CameraPosition,-103.1765,1.779326,-107.4822,CameraRotation,346.7805,268.6157,359.0622,CurrentState,End,Slider,51,Scenario,3
ID,26,Time,1015.832,DronePosition,-110.2394,59.26447,-107.379,0,CameraPosition,-103.1766,1.779338,-107.4822,CameraRotation,346.7795,268.5753,359.0699,CurrentState,End,Slider,51,Scenario,3
ID,26,Time,1015.846,DronePosition,-110.2394,59.26447,-107.379,0,CameraPosition,-103.1767,1.779366,-107.4822,CameraRotation,346.7771,268.5357,359.088,CurrentState,End,Slider,51,Scenario,3
ID,26,Time,1015.86,DronePosition,-110.2394,59.26447,-107.379,0,CameraPosition,-103.1769,1.779393,-107.4822,CameraRotation,346.7718,268.4764,359.1143,CurrentState,End,Slider,51,Scenario,3
ID,26,Time,1015.874,DronePosition,-110.2394,59.26447,-107.379,0,CameraPosition,-103.177,1.779438,-107.4823,CameraRotation,346.7685,268.4224,359.1223,CurrentState,End,Slider,51,Scenario,3
ID,26,Time,1015.888,DronePosition,-110.2394,59.26447,-107.379,0,CameraPosition,-103.1771,1.779499,-107.4824,CameraRotation,346.7256,268.3471,359.1335,CurrentState,End,Slider,51,Scenario,3
ID,26,Time,1015.902,DronePosition,-110.2394,59.26447,-107.379,0,CameraPosition,-103.1772,1.779608,-107.4824,CameraRotation,346.653,268.2616,359.1378,CurrentState,End,Slider,51,Scenario,3
ID,26,Time,1015.916,DronePosition,-110.2394,59.26447,-107.379,0,CameraPosition,-103.1773,1.779753,-107.4825,CameraRotation,346.5598,268.1623,359.142,CurrentState,End,Slider,51,Scenario,3
ID,26,Time,1015.93,DronePosition,-110.2394,59.26447,-107.379,0,CameraPosition,-103.1774,1.779873,-107.4827,CameraRotation,346.4756,268.0614,359.1567,CurrentState,End,Slider,51,Scenario,3
ID,26,Time,1015.944,DronePosition,-110.2394,59.26447,-107.379,0,CameraPosition,-103.1775,1.779934,-107.4828,CameraRotation,346.4395,267.9724,359.1708,CurrentState,End,Slider,51,Scenario,3
ID,26,Time,1015.958,DronePosition,-110.2394,59.26447,-107.379,0,CameraPosition,-103.1775,1.77994,-107.4829,CameraRotation,346.4189,267.9065,359.187,CurrentState,End,Slider,51,Scenario,3
ID,26,Time,1015.971,DronePosition,-110.2394,59.26447,-107.379,0,CameraPosition,-103.1776,1.77997,-107.483,CameraRotation,346.4099,267.8694,359.2079,CurrentState,End,Slider,51,Scenario,3
ID,26,Time,1015.985,DronePosition,-110.2394,59.26447,-107.379,0,CameraPosition,-103.1777,1.780012,-107.483,CameraRotation,346.3931,267.8569,359.2276,CurrentState,End,Slider,51,Scenario,3
ID,26,Time,1015.999,DronePosition,-110.2394,59.26447,-107.379,0,CameraPosition,-103.1777,1.780055,-107.483,CameraRotation,346.3726,267.8592,359.252,CurrentState,End,Slider,51,Scenario,3
ID,26,Time,1016.014,DronePosition,-110.2394,59.26447,-107.379,0,CameraPosition,-103.1778,1.780049,-107.483,CameraRotation,346.3515,267.8691,359.2901,CurrentState,End,Slider,51,Scenario,3
ID,26,Time,1016.027,DronePosition,-110.2394,59.26447,-107.379,0,CameraPosition,-103.1779,1.78002,-107.483,CameraRotation,346.3715,267.8971,359.3081,CurrentState,End,Slider,51,Scenario,3
ID,26,Time,1016.041,DronePosition,-110.2394,59.26447,-107.379,0,CameraPosition,-103.178,1.779979,-107.483,CameraRotation,346.3858,267.932,359.3151,CurrentState,End,Slider,51,Scenario,3
ID,26,Time,1016.055,DronePosition,-110.2394,59.26447,-107.379,0,CameraPosition,-103.1781,1.779963,-107.483,CameraRotation,346.3871,267.9646,359.318,CurrentState,End,Slider,51,Scenario,3
ID,26,Time,1016.069,DronePosition,-110.2394,59.26447,-107.379,0,CameraPosition,-103.1782,1.779985,-107.483,CameraRotation,346.3851,267.9889,359.3098,CurrentState,End,Slider,51,Scenario,3
ID,26,Time,1016.083,DronePosition,-110.2394,59.26447,-107.379,0,CameraPosition,-103.1783,1.779999,-107.4829,CameraRotation,346.3637,268.0103,359.3043,CurrentState,End,Slider,51,Scenario,3
ID,26,Time,1016.097,DronePosition,-110.2394,59.26447,-107.379,0,CameraPosition,-103.1783,1.780006,-107.4829,CameraRotation,346.3658,268.0164,359.2983,CurrentState,End,Slider,51,Scenario,3
ID,26,Time,1016.111,DronePosition,-110.2394,59.26447,-107.379,0,CameraPosition,-103.1784,1.780012,-107.4828,CameraRotation,346.3888,268.0246,359.2952,CurrentState,End,Slider,51,Scenario,3
ID,26,Time,1016.125,DronePosition,-110.2394,59.26447,-107.379,0,CameraPosition,-103.1785,1.780027,-107.4828,CameraRotation,346.391,268.0363,359.2635,CurrentState,End,Slider,51,Scenario,3
ID,26,Time,1016.138,DronePosition,-110.2394,59.26447,-107.379,0,CameraPosition,-103.1786,1.780057,-107.4827,CameraRotation,346.3885,268.0584,359.2276,CurrentState,End,Slider,51,Scenario,3
ID,26,Time,1016.152,DronePosition,-110.2394,59.26447,-107.379,0,CameraPosition,-103.1787,1.780077,-107.4827,CameraRotation,346.396,268.086,359.2036,CurrentState,End,Slider,51,Scenario,3
ID,26,Time,1016.167,DronePosition,-110.2394,59.26447,-107.379,0,CameraPosition,-103.1788,1.780092,-107.4827,CameraRotation,346.416,268.1019,359.203,CurrentState,End,Slider,51,Scenario,3
ID,26,Time,1016.18,DronePosition,-110.2394,59.26447,-107.379,0,CameraPosition,-103.1789,1.780082,-107.4827,CameraRotation,346.428,268.1223,359.2151,CurrentState,End,Slider,51,Scenario,3
ID,26,Time,1016.194,DronePosition,-110.2394,59.26447,-107.379,0,CameraPosition,-103.1791,1.780042,-107.4827,CameraRotation,346.4427,268.1421,359.2367,CurrentState,End,Slider,51,Scenario,3
ID,26,Time,1016.208,DronePosition,-110.2394,59.26447,-107.379,0,CameraPosition,-103.1792,1.780011,-107.4827,CameraRotation,346.4695,268.1528,359.2497,CurrentState,End,Slider,51,Scenario,3
ID,26,Time,1016.222,DronePosition,-110.2394,59.26447,-107.379,0,CameraPosition,-103.1793,1.779966,-107.4827,CameraRotation,346.487,268.1649,359.2542,CurrentState,End,Slider,51,Scenario,3
ID,26,Time,1016.236,DronePosition,-110.2394,59.26447,-107.379,0,CameraPosition,-103.1794,1.779926,-107.4827,CameraRotation,346.5012,268.1544,359.26,CurrentState,End,Slider,51,Scenario,3
ID,26,Time,1016.25,DronePosition,-110.2394,59.26447,-107.379,0,CameraPosition,-103.1796,1.779896,-107.4827,CameraRotation,346.5233,268.1417,359.2623,CurrentState,End,Slider,51,Scenario,3
ID,26,Time,1016.264,DronePosition,-110.2394,59.26447,-107.379,0,CameraPosition,-103.1797,1.779876,-107.4828,CameraRotation,346.5345,268.1169,359.255,CurrentState,End,Slider,51,Scenario,3
ID,26,Time,1016.278,DronePosition,-110.2394,59.26447,-107.379,0,CameraPosition,-103.1798,1.779851,-107.4828,CameraRotation,346.5348,268.0919,359.2509,CurrentState,End,Slider,51,Scenario,3
ID,26,Time,1016.292,DronePosition,-110.2394,59.26447,-107.379,0,CameraPosition,-103.1799,1.779841,-107.4829,CameraRotation,346.5536,268.0649,359.2434,CurrentState,End,Slider,51,Scenario,3
ID,26,Time,1016.306,DronePosition,-110.2394,59.26447,-107.379,0,CameraPosition,-103.18,1.779799,-107.4829,CameraRotation,346.5709,268.035,359.2376,CurrentState,End,Slider,51,Scenario,3
ID,26,Time,1016.32,DronePosition,-110.2394,59.26447,-107.379,0,CameraPosition,-103.1801,1.779763,-107.4829,CameraRotation,346.6103,268.0183,359.2385,CurrentState,End,Slider,51,Scenario,3
ID,26,Time,1016.333,DronePosition,-110.2394,59.26447,-107.379,0,CameraPosition,-103.1802,1.779747,-107.4829,CameraRotation,346.6312,268.0054,359.2426,CurrentState,End,Slider,51,Scenario,3
ID,26,Time,1016.348,DronePosition,-110.2394,59.26447,-107.379,0,CameraPosition,-103.1803,1.779758,-107.4829,CameraRotation,346.6232,268.0119,359.245,CurrentState,End,Slider,51,Scenario,3
ID,26,Time,1016.361,DronePosition,-110.2394,59.26447,-107.379,0,CameraPosition,-103.1804,1.779777,-107.4829,CameraRotation,346.6057,268.0276,359.2245,CurrentState,End,Slider,51,Scenario,3
ID,26,Time,1016.375,DronePosition,-110.2394,59.26447,-107.379,0,CameraPosition,-103.1805,1.779787,-107.4828,CameraRotation,346.5941,268.0758,359.1993,CurrentState,End,Slider,51,Scenario,3
ID,26,Time,1016.389,DronePosition,-110.2394,59.26447,-107.379,0,CameraPosition,-103.1806,1.779806,-107.4828,CameraRotation,346.5858,268.1247,359.1905,CurrentState,End,Slider,51,Scenario,3
ID,26,Time,1016.403,DronePosition,-110.2394,59.26447,-107.379,0,CameraPosition,-103.1807,1.779825,-107.4827,CameraRotation,346.574,268.1681,359.1756,CurrentState,End,Slider,51,Scenario,3
ID,26,Time,1016.417,DronePosition,-110.2394,59.26447,-107.379,0,CameraPosition,-103.1809,1.779846,-107.4827,CameraRotation,346.5644,268.2186,359.1638,CurrentState,End,Slider,51,Scenario,3
ID,26,Time,1016.431,DronePosition,-110.2394,59.26447,-107.379,0,CameraPosition,-103.181,1.779855,-107.4827,CameraRotation,346.5666,268.2642,359.1454,CurrentState,End,Slider,51,Scenario,3
ID,26,Time,1016.445,DronePosition,-110.2394,59.26447,-107.379,0,CameraPosition,-103.1812,1.779866,-107.4827,CameraRotation,346.5681,268.3208,359.1198,CurrentState,End,Slider,51,Scenario,3
ID,26,Time,1016.459,DronePosition,-110.2394,59.26447,-107.379,0,CameraPosition,-103.1814,1.779871,-107.4827,CameraRotation,346.554,268.3564,359.1012,CurrentState,End,Slider,51,Scenario,3
ID,26,Time,1016.473,DronePosition,-110.2394,59.26447,-107.379,0,CameraPosition,-103.1815,1.779871,-107.4828,CameraRotation,346.542,268.3831,359.0876,CurrentState,End,Slider,51,Scenario,3
ID,26,Time,1016.487,DronePosition,-110.2394,59.26447,-107.379,0,CameraPosition,-103.1817,1.779869,-107.4828,CameraRotation,346.5578,268.3958,359.0661,CurrentState,End,Slider,51,Scenario,3
ID,26,Time,1016.501,DronePosition,-110.2394,59.26447,-107.379,0,CameraPosition,-103.1819,1.779857,-107.4828,CameraRotation,346.5845,268.4072,359.0546,CurrentState,End,Slider,51,Scenario,3
ID,26,Time,1016.515,DronePosition,-110.2394,59.26447,-107.379,0,CameraPosition,-103.1821,1.779815,-107.4828,CameraRotation,346.6215,268.4032,359.0524,CurrentState,End,Slider,51,Scenario,3
ID,26,Time,1016.529,DronePosition,-110.2394,59.26447,-107.379,0,CameraPosition,-103.1823,1.779767,-107.4829,CameraRotation,346.6704,268.4105,359.0424,CurrentState,End,Slider,51,Scenario,3
ID,26,Time,1016.542,DronePosition,-110.2394,59.26447,-107.379,0,CameraPosition,-103.1825,1.779706,-107.483,CameraRotation,346.7213,268.3956,359.0421,CurrentState,End,Slider,51,Scenario,3
ID,26,Time,1016.556,DronePosition,-110.2394,59.26447,-107.379,0,CameraPosition,-103.1828,1.779659,-107.4831,CameraRotation,346.7673,268.4006,359.0265,CurrentState,End,Slider,51,Scenario,3
ID,26,Time,1016.57,DronePosition,-110.2394,59.26447,-107.379,0,CameraPosition,-103.183,1.779615,-107.4831,CameraRotation,346.8033,268.4004,359.0143,CurrentState,End,Slider,51,Scenario,3
ID,26,Time,1016.584,DronePosition,-110.2394,59.26447,-107.379,0,CameraPosition,-103.1832,1.779581,-107.4832,CameraRotation,346.8394,268.4029,359.0033,CurrentState,End,Slider,51,Scenario,3
ID,26,Time,1016.598,DronePosition,-110.2394,59.26447,-107.379,0,CameraPosition,-103.1835,1.77953,-107.4833,CameraRotation,346.8736,268.4103,359.0008,CurrentState,End,Slider,51,Scenario,3
ID,26,Time,1016.612,DronePosition,-110.2394,59.26447,-107.379,0,CameraPosition,-103.1837,1.779485,-107.4834,CameraRotation,346.9256,268.4128,359.0045,CurrentState,End,Slider,51,Scenario,3
ID,26,Time,1016.626,DronePosition,-110.2394,59.26447,-107.379,0,CameraPosition,-103.1839,1.779441,-107.4835,CameraRotation,346.9558,268.4139,359.0059,CurrentState,End,Slider,51,Scenario,3
ID,26,Time,1016.64,DronePosition,-110.2394,59.26447,-107.379,0,CameraPosition,-103.1842,1.779408,-107.4836,CameraRotation,346.9818,268.4291,359.0019,CurrentState,End,Slider,51,Scenario,3
ID,26,Time,1016.654,DronePosition,-110.2394,59.26447,-107.379,0,CameraPosition,-103.1844,1.779362,-107.4837,CameraRotation,347.0155,268.439,358.9934,CurrentState,End,Slider,51,Scenario,3
ID,26,Time,1016.668,DronePosition,-110.2394,59.26447,-107.379,0,CameraPosition,-103.1846,1.779288,-107.4838,CameraRotation,347.0493,268.4426,358.9893,CurrentState,End,Slider,51,Scenario,3
ID,26,Time,1016.682,DronePosition,-110.2394,59.26447,-107.379,0,CameraPosition,-103.1848,1.77922,-107.4839,CameraRotation,347.0844,268.4501,358.9841,CurrentState,End,Slider,51,Scenario,3
ID,26,Time,1016.695,DronePosition,-110.2394,59.26447,-107.379,0,CameraPosition,-103.185,1.779186,-107.484,CameraRotation,347.1003,268.4607,358.9734,CurrentState,End,Slider,51,Scenario,3
ID,26,Time,1016.71,DronePosition,-110.2394,59.26447,-107.379,0,CameraPosition,-103.1852,1.779162,-107.4841,CameraRotation,347.0971,268.4674,358.9601,CurrentState,End,Slider,51,Scenario,3
ID,26,Time,1016.724,DronePosition,-110.2394,59.26447,-107.379,0,CameraPosition,-103.1853,1.779153,-107.4843,CameraRotation,347.0976,268.46,358.9477,CurrentState,End,Slider,51,Scenario,3
ID,26,Time,1016.737,DronePosition,-110.2394,59.26447,-107.379,0,CameraPosition,-103.1855,1.779163,-107.4844,CameraRotation,347.0871,268.4542,358.9404,CurrentState,End,Slider,51,Scenario,3
ID,26,Time,1016.751,DronePosition,-110.2394,59.26447,-107.379,0,CameraPosition,-103.1857,1.779193,-107.4846,CameraRotation,347.0836,268.4339,358.9503,CurrentState,End,Slider,51,Scenario,3
ID,26,Time,1016.765,DronePosition,-110.2394,59.26447,-107.379,0,CameraPosition,-103.1858,1.779207,-107.4847,CameraRotation,347.0827,268.4158,358.9635,CurrentState,End,Slider,51,Scenario,3
ID,26,Time,1016.779,DronePosition,-110.2394,59.26447,-107.379,0,CameraPosition,-103.186,1.779209,-107.4849,CameraRotation,347.0872,268.3969,358.9846,CurrentState,End,Slider,51,Scenario,3
ID,26,Time,1016.793,DronePosition,-110.2394,59.26447,-107.379,0,CameraPosition,-103.1861,1.779207,-107.485,CameraRotation,347.0958,268.3873,359.015,CurrentState,End,Slider,51,Scenario,3
ID,26,Time,1016.807,DronePosition,-110.2394,59.26447,-107.379,0,CameraPosition,-103.1863,1.779214,-107.4852,CameraRotation,347.0942,268.3964,359.0286,CurrentState,End,Slider,51,Scenario,3
ID,26,Time,1016.821,DronePosition,-110.2394,59.26447,-107.379,0,CameraPosition,-103.1864,1.779192,-107.4854,CameraRotation,347.0897,268.4063,359.041,CurrentState,End,Slider,51,Scenario,3
ID,26,Time,1016.835,DronePosition,-110.2394,59.26447,-107.379,0,CameraPosition,-103.1866,1.779175,-107.4855,CameraRotation,347.0995,268.4228,359.064,CurrentState,End,Slider,51,Scenario,3
ID,26,Time,1016.849,DronePosition,-110.2394,59.26447,-107.379,0,CameraPosition,-103.1868,1.779183,-107.4857,CameraRotation,347.0995,268.4323,359.098,CurrentState,End,Slider,51,Scenario,3
ID,26,Time,1016.862,DronePosition,-110.2394,59.26447,-107.379,0,CameraPosition,-103.1869,1.779198,-107.4859,CameraRotation,347.0875,268.4321,359.1457,CurrentState,End,Slider,51,Scenario,3
ID,26,Time,1016.877,DronePosition,-110.2394,59.26447,-107.379,0,CameraPosition,-103.187,1.7792,-107.4861,CameraRotation,347.0794,268.4208,359.1878,CurrentState,End,Slider,51,Scenario,3
ID,26,Time,1016.891,DronePosition,-110.2394,59.26447,-107.379,0,CameraPosition,-103.1872,1.779191,-107.4863,CameraRotation,347.0776,268.4092,359.2202,CurrentState,End,Slider,51,Scenario,3
ID,26,Time,1016.904,DronePosition,-110.2394,59.26447,-107.379,0,CameraPosition,-103.1872,1.779185,-107.4865,CameraRotation,347.0859,268.3801,359.2501,CurrentState,End,Slider,51,Scenario,3
ID,26,Time,1016.918,DronePosition,-110.2394,59.26447,-107.379,0,CameraPosition,-103.1873,1.779177,-107.4867,CameraRotation,347.0796,268.3412,359.2803,CurrentState,End,Slider,51,Scenario,3
ID,26,Time,1016.933,DronePosition,-110.2394,59.26447,-107.379,0,CameraPosition,-103.1874,1.77919,-107.4869,CameraRotation,347.0824,268.2889,359.3116,CurrentState,End,Slider,51,Scenario,3
ID,26,Time,1016.946,DronePosition,-110.2394,59.26447,-107.379,0,CameraPosition,-103.1876,1.779182,-107.487,CameraRotation,347.0749,268.2498,359.3294,CurrentState,End,Slider,51,Scenario,3
ID,26,Time,1016.96,DronePosition,-110.2394,59.26447,-107.379,0,CameraPosition,-103.1877,1.779168,-107.4872,CameraRotation,347.0913,268.2297,359.3295,CurrentState,End,Slider,51,Scenario,3
ID,26,Time,1016.974,DronePosition,-110.2394,59.26447,-107.379,0,CameraPosition,-103.1879,1.779131,-107.4873,CameraRotation,347.1191,268.2137,359.3309,CurrentState,End,Slider,51,Scenario,3
ID,26,Time,1016.988,DronePosition,-110.2394,59.26447,-107.379,0,CameraPosition,-103.188,1.779075,-107.4875,CameraRotation,347.1388,268.2076,359.3512,CurrentState,End,Slider,51,Scenario,3
ID,26,Time,1017.002,DronePosition,-110.2394,59.26447,-107.379,0,CameraPosition,-103.1882,1.779035,-107.4876,CameraRotation,347.1813,268.2099,359.3827,CurrentState,End,Slider,51,Scenario,3
ID,26,Time,1017.016,DronePosition,-110.2394,59.26447,-107.379,0,CameraPosition,-103.1883,1.779006,-107.4876,CameraRotation,347.2036,268.2221,359.4089,CurrentState,End,Slider,51,Scenario,3
ID,26,Time,1017.03,DronePosition,-110.2394,59.26447,-107.379,0,CameraPosition,-103.1884,1.778991,-107.4876,CameraRotation,347.2015,268.2512,359.4122,CurrentState,End,Slider,51,Scenario,3
ID,26,Time,1017.044,DronePosition,-110.2394,59.26447,-107.379,0,CameraPosition,-103.1885,1.77896,-107.4876,CameraRotation,347.2061,268.294,359.3759,CurrentState,End,Slider,51,Scenario,3
ID,26,Time,1017.057,DronePosition,-110.2394,59.26447,-107.379,0,CameraPosition,-103.1887,1.778924,-107.4876,CameraRotation,347.2257,268.3522,359.3294,CurrentState,End,Slider,51,Scenario,3
ID,26,Time,1017.071,DronePosition,-110.2394,59.26447,-107.379,0,CameraPosition,-103.1888,1.778892,-107.4876,CameraRotation,347.2362,268.4105,359.3078,CurrentState,End,Slider,51,Scenario,3
ID,26,Time,1017.085,DronePosition,-110.2394,59.26447,-107.379,0,CameraPosition,-103.1889,1.778883,-107.4876,CameraRotation,347.2382,268.4482,359.2919,CurrentState,End,Slider,51,Scenario,3
ID,26,Time,1017.099,DronePosition,-110.2394,59.26447,-107.379,0,CameraPosition,-103.189,1.778866,-107.4876,CameraRotation,347.238,268.4841,359.2724,CurrentState,End,Slider,51,Scenario,3
ID,26,Time,1017.113,DronePosition,-110.2394,59.26447,-107.379,0,CameraPosition,-103.1891,1.778852,-107.4875,CameraRotation,347.2533,268.5281,359.2489,CurrentState,End,Slider,51,Scenario,3
ID,26,Time,1017.127,DronePosition,-110.2394,59.26447,-107.379,0,CameraPosition,-103.1893,1.778799,-107.4875,CameraRotation,347.269,268.5674,359.2182,CurrentState,End,Slider,51,Scenario,3
ID,26,Time,1017.141,DronePosition,-110.2394,59.26447,-107.379,0,CameraPosition,-103.1894,1.778736,-107.4875,CameraRotation,347.291,268.6081,359.2057,CurrentState,End,Slider,51,Scenario,3
ID,26,Time,1017.155,DronePosition,-110.2394,59.26447,-107.379,0,CameraPosition,-103.1895,1.778687,-107.4875,CameraRotation,347.3051,268.6309,359.2058,CurrentState,End,Slider,51,Scenario,3
ID,26,Time,1017.169,DronePosition,-110.2394,59.26447,-107.379,0,CameraPosition,-103.1896,1.778647,-107.4875,CameraRotation,347.3183,268.6418,359.2046,CurrentState,End,Slider,51,Scenario,3
ID,26,Time,1017.183,DronePosition,-110.2394,59.26447,-107.379,0,CameraPosition,-103.1897,1.778602,-107.4875,CameraRotation,347.3352,268.6549,359.1902,CurrentState,End,Slider,51,Scenario,3
ID,26,Time,1017.197,DronePosition,-110.2394,59.26447,-107.379,0,CameraPosition,-103.1898,1.778546,-107.4876,CameraRotation,347.3711,268.6501,359.1922,CurrentState,End,Slider,51,Scenario,3
ID,26,Time,1017.211,DronePosition,-110.2394,59.26447,-107.379,0,CameraPosition,-103.1899,1.778495,-107.4876,CameraRotation,347.3978,268.6439,359.1853,CurrentState,End,Slider,51,Scenario,3
ID,26,Time,1017.224,DronePosition,-110.2394,59.26447,-107.379,0,CameraPosition,-103.19,1.778478,-107.4876,CameraRotation,347.423,268.641,359.1774,CurrentState,End,Slider,51,Scenario,3
ID,26,Time,1017.238,DronePosition,-110.2394,59.26447,-107.379,0,CameraPosition,-103.19,1.778459,-107.4877,CameraRotation,347.429,268.6238,359.1784,CurrentState,End,Slider,51,Scenario,3
ID,26,Time,1017.252,DronePosition,-110.2394,59.26447,-107.379,0,CameraPosition,-103.1901,1.77842,-107.4877,CameraRotation,347.4482,268.6088,359.1722,CurrentState,End,Slider,51,Scenario,3
ID,26,Time,1017.266,DronePosition,-110.2394,59.26447,-107.379,0,CameraPosition,-103.1901,1.778374,-107.4878,CameraRotation,347.4814,268.5997,359.161,CurrentState,End,Slider,51,Scenario,3
ID,26,Time,1017.28,DronePosition,-110.2394,59.26447,-107.379,0,CameraPosition,-103.1902,1.77832,-107.4878,CameraRotation,347.5081,268.5958,359.1432,CurrentState,End,Slider,51,Scenario,3
ID,26,Time,1017.294,DronePosition,-110.2394,59.26447,-107.379,0,CameraPosition,-103.1902,1.778283,-107.4878,CameraRotation,347.531,268.5878,359.1417,CurrentState,End,Slider,51,Scenario,3
ID,26,Time,1017.308,DronePosition,-110.2394,59.26447,-107.379,0,CameraPosition,-103.1903,1.778255,-107.4879,CameraRotation,347.5454,268.587,359.1409,CurrentState,End,Slider,51,Scenario,3
ID,26,Time,1017.322,DronePosition,-110.2394,59.26447,-107.379,0,CameraPosition,-103.1904,1.778208,-107.4879,CameraRotation,347.5508,268.5842,359.1524,CurrentState,End,Slider,51,Scenario,3
ID,26,Time,1017.336,DronePosition,-110.2394,59.26447,-107.379,0,CameraPosition,-103.1904,1.778169,-107.4879,CameraRotation,347.5625,268.5992,359.1526,CurrentState,End,Slider,51,Scenario,3
ID,26,Time,1017.35,DronePosition,-110.2394,59.26447,-107.379,0,CameraPosition,-103.1904,1.778148,-107.4879,CameraRotation,347.5897,268.6001,359.1513,CurrentState,End,Slider,51,Scenario,3
ID,26,Time,1017.364,DronePosition,-110.2394,59.26447,-107.379,0,CameraPosition,-103.1904,1.778119,-107.488,CameraRotation,347.604,268.6043,359.1466,CurrentState,End,Slider,51,Scenario,3
ID,26,Time,1017.378,DronePosition,-110.2394,59.26447,-107.379,0,CameraPosition,-103.1903,1.778096,-107.488,CameraRotation,347.6258,268.5991,359.1641,CurrentState,End,Slider,51,Scenario,3
ID,26,Time,1017.392,DronePosition,-110.2394,59.26447,-107.379,0,CameraPosition,-103.1902,1.778089,-107.488,CameraRotation,347.6502,268.5966,359.1561,CurrentState,End,Slider,51,Scenario,3
ID,26,Time,1017.406,DronePosition,-110.2394,59.26447,-107.379,0,CameraPosition,-103.1902,1.778061,-107.4881,CameraRotation,347.6692,268.5857,359.1406,CurrentState,End,Slider,51,Scenario,3
ID,26,Time,1017.419,DronePosition,-110.2394,59.26447,-107.379,0,CameraPosition,-103.1901,1.77804,-107.4881,CameraRotation,347.6682,268.5865,359.1463,CurrentState,End,Slider,51,Scenario,3
ID,26,Time,1017.433,DronePosition,-110.2394,59.26447,-107.379,0,CameraPosition,-103.19,1.778043,-107.4882,CameraRotation,347.6407,268.5762,359.1528,CurrentState,End,Slider,51,Scenario,3
ID,26,Time,1017.447,DronePosition,-110.2394,59.26447,-107.379,0,CameraPosition,-103.1899,1.778035,-107.4882,CameraRotation,347.627,268.5544,359.171,CurrentState,End,Slider,51,Scenario,3
ID,26,Time,1017.461,DronePosition,-110.2394,59.26447,-107.379,0,CameraPosition,-103.1898,1.778003,-107.4882,CameraRotation,347.6449,268.547,359.1832,CurrentState,End,Slider,51,Scenario,3
ID,26,Time,1017.475,DronePosition,-110.2394,59.26447,-107.379,0,CameraPosition,-103.1898,1.777971,-107.4883,CameraRotation,347.6609,268.5497,359.202,CurrentState,End,Slider,51,Scenario,3
ID,26,Time,1017.489,DronePosition,-110.2394,59.26447,-107.379,0,CameraPosition,-103.1897,1.777963,-107.4883,CameraRotation,347.647,268.5469,359.2142,CurrentState,End,Slider,51,Scenario,3
ID,26,Time,1017.503,DronePosition,-110.2394,59.26447,-107.379,0,CameraPosition,-103.1896,1.777981,-107.4884,CameraRotation,347.6414,268.5342,359.2222,CurrentState,End,Slider,51,Scenario,3
ID,26,Time,1017.517,DronePosition,-110.2394,59.26447,-107.379,0,CameraPosition,-103.1895,1.778006,-107.4884,CameraRotation,347.6302,268.5276,359.2381,CurrentState,End,Slider,51,Scenario,3
ID,26,Time,1017.531,DronePosition,-110.2394,59.26447,-107.379,0,CameraPosition,-103.1893,1.778064,-107.4885,CameraRotation,347.6203,268.5119,359.2867,CurrentState,End,Slider,51,Scenario,3
ID,26,Time,1017.545,DronePosition,-110.2394,59.26447,-107.379,0,CameraPosition,-103.1892,1.778128,-107.4885,CameraRotation,347.5934,268.495,359.3477,CurrentState,End,Slider,51,Scenario,3
ID,26,Time,1017.559,DronePosition,-110.2394,59.26447,-107.379,0,CameraPosition,-103.189,1.778148,-107.4886,CameraRotation,347.583,268.4944,359.4183,CurrentState,End,Slider,51,Scenario,3
ID,26,Time,1017.573,DronePosition,-110.2394,59.26447,-107.379,0,CameraPosition,-103.1889,1.778123,-107.4886,CameraRotation,347.603,268.505,359.4604,CurrentState,End,Slider,51,Scenario,3
ID,26,Time,1017.587,DronePosition,-110.2394,59.26447,-107.379,0,CameraPosition,-103.1887,1.778047,-107.4886,CameraRotation,347.6674,268.5175,359.4642,CurrentState,End,Slider,51,Scenario,3
ID,26,Time,1017.6,DronePosition,-110.2394,59.26447,-107.379,0,CameraPosition,-103.1885,1.77797,-107.4886,CameraRotation,347.7355,268.533,359.4389,CurrentState,End,Slider,51,Scenario,3
ID,26,Time,1017.614,DronePosition,-110.2394,59.26447,-107.379,0,CameraPosition,-103.1883,1.777901,-107.4886,CameraRotation,347.766,268.5332,359.4172,CurrentState,End,Slider,51,Scenario,3
ID,26,Time,1017.628,DronePosition,-110.2394,59.26447,-107.379,0,CameraPosition,-103.1881,1.777873,-107.4887,CameraRotation,347.7758,268.5179,359.4004,CurrentState,End,Slider,51,Scenario,3
ID,26,Time,1017.642,DronePosition,-110.2394,59.26447,-107.379,0,CameraPosition,-103.1879,1.777877,-107.4887,CameraRotation,347.7732,268.4914,359.3908,CurrentState,End,Slider,51,Scenario,3
ID,26,Time,1017.656,DronePosition,-110.2394,59.26447,-107.379,0,CameraPosition,-103.1877,1.777863,-107.4888,CameraRotation,347.7575,268.4694,359.3936,CurrentState,End,Slider,51,Scenario,3
ID,26,Time,1017.67,DronePosition,-110.2394,59.26447,-107.379,0,CameraPosition,-103.1874,1.77782,-107.4888,CameraRotation,347.7433,268.4392,359.4232,CurrentState,End,Slider,51,Scenario,3
ID,26,Time,1017.684,DronePosition,-110.2394,59.26447,-107.379,0,CameraPosition,-103.1871,1.777782,-107.4889,CameraRotation,347.7697,268.4189,359.4872,CurrentState,End,Slider,51,Scenario,3
ID,26,Time,1017.698,DronePosition,-110.2394,59.26447,-107.379,0,CameraPosition,-103.1869,1.777824,-107.4889,CameraRotation,347.7604,268.3938,359.5712,CurrentState,End,Slider,51,Scenario,3
ID,26,Time,1017.712,DronePosition,-110.2394,59.26447,-107.379,0,CameraPosition,-103.1865,1.777947,-107.489,CameraRotation,347.7112,268.3896,359.6291,CurrentState,End,Slider,51,Scenario,3
ID,26,Time,1017.726,DronePosition,-110.2394,59.26447,-107.379,0,CameraPosition,-103.1863,1.778058,-107.489,CameraRotation,347.6429,268.3991,359.6385,CurrentState,End,Slider,51,Scenario,3
ID,26,Time,1017.74,DronePosition,-110.2394,59.26447,-107.379,0,CameraPosition,-103.186,1.778162,-107.489,CameraRotation,347.5888,268.4197,359.6393,CurrentState,End,Slider,51,Scenario,3
ID,26,Time,1017.753,DronePosition,-110.2394,59.26447,-107.379,0,CameraPosition,-103.1857,1.77825,-107.489,CameraRotation,347.5365,268.4326,359.6514,CurrentState,End,Slider,51,Scenario,3
ID,26,Time,1017.768,DronePosition,-110.2394,59.26447,-107.379,0,CameraPosition,-103.1854,1.778306,-107.489,CameraRotation,347.5012,268.4117,359.6825,CurrentState,End,Slider,51,Scenario,3
ID,26,Time,1017.781,DronePosition,-110.2394,59.26447,-107.379,0,CameraPosition,-103.1852,1.77832,-107.489,CameraRotation,347.4701,268.3747,359.7,CurrentState,End,Slider,51,Scenario,3
ID,26,Time,1017.795,DronePosition,-110.2394,59.26447,-107.379,0,CameraPosition,-103.1849,1.778317,-107.489,CameraRotation,347.4503,268.3309,359.7005,CurrentState,End,Slider,51,Scenario,3
ID,26,Time,1017.809,DronePosition,-110.2394,59.26447,-107.379,0,CameraPosition,-103.1846,1.778326,-107.489,CameraRotation,347.4163,268.2872,359.687,CurrentState,End,Slider,51,Scenario,3
ID,26,Time,1017.823,DronePosition,-110.2394,59.26447,-107.379,0,CameraPosition,-103.1844,1.778358,-107.489,CameraRotation,347.3808,268.2403,359.6726,CurrentState,End,Slider,51,Scenario,3
ID,26,Time,1017.837,DronePosition,-110.2394,59.26447,-107.379,0,CameraPosition,-103.1841,1.778401,-107.489,CameraRotation,347.3224,268.1952,359.6469,CurrentState,End,Slider,51,Scenario,3
ID,26,Time,1017.851,DronePosition,-110.2394,59.26447,-107.379,0,CameraPosition,-103.1839,1.778456,-107.489,CameraRotation,347.2734,268.1534,359.6391,CurrentState,End,Slider,51,Scenario,3
ID,26,Time,1017.865,DronePosition,-110.2394,59.26447,-107.379,0,CameraPosition,-103.1836,1.778498,-107.489,CameraRotation,347.2364,268.1253,359.6259,CurrentState,End,Slider,51,Scenario,3
ID,26,Time,1017.879,DronePosition,-110.2394,59.26447,-107.379,0,CameraPosition,-103.1834,1.778529,-107.489,CameraRotation,347.2255,268.1322,359.6031,CurrentState,End,Slider,51,Scenario,3
ID,26,Time,1017.893,DronePosition,-110.2394,59.26447,-107.379,0,CameraPosition,-103.1831,1.778532,-107.4889,CameraRotation,347.222,268.1453,359.5747,CurrentState,End,Slider,51,Scenario,3
ID,26,Time,1017.907,DronePosition,-110.2394,59.26447,-107.379,0,CameraPosition,-103.1829,1.778525,-107.4888,CameraRotation,347.2316,268.1816,359.5506,CurrentState,End,Slider,51,Scenario,3
ID,26,Time,1017.921,DronePosition,-110.2394,59.26447,-107.379,0,CameraPosition,-103.1826,1.778505,-107.4887,CameraRotation,347.2422,268.2472,359.524,CurrentState,End,Slider,51,Scenario,3
ID,26,Time,1017.935,DronePosition,-110.2394,59.26447,-107.379,0,CameraPosition,-103.1824,1.778487,-107.4886,CameraRotation,347.2464,268.3135,359.505,CurrentState,End,Slider,51,Scenario,3
ID,26,Time,1017.948,DronePosition,-110.2394,59.26447,-107.379,0,CameraPosition,-103.1821,1.778489,-107.4885,CameraRotation,347.2528,268.4055,359.4973,CurrentState,End,Slider,51,Scenario,3
ID,26,Time,1017.962,DronePosition,-110.2394,59.26447,-107.379,0,CameraPosition,-103.1819,1.778501,-107.4884,CameraRotation,347.2408,268.4888,359.5041,CurrentState,End,Slider,51,Scenario,3
ID,26,Time,1017.977,DronePosition,-110.2394,59.26447,-107.379,0,CameraPosition,-103.1816,1.778522,-107.4883,CameraRotation,347.2276,268.5404,359.5148,CurrentState,End,Slider,51,Scenario,3
ID,26,Time,1017.99,DronePosition,-110.2394,59.26447,-107.379,0,CameraPosition,-103.1814,1.778549,-107.4883,CameraRotation,347.2085,268.5764,359.5298,CurrentState,End,Slider,51,Scenario,3
ID,26,Time,1018.004,DronePosition,-110.2394,59.26447,-107.379,0,CameraPosition,-103.1811,1.778591,-107.4883,CameraRotation,347.194,268.5913,359.5361,CurrentState,End,Slider,51,Scenario,3
ID,26,Time,1018.019,DronePosition,-110.2394,59.26447,-107.379,0,CameraPosition,-103.1808,1.778628,-107.4883,CameraRotation,347.1711,268.5797,359.5512,CurrentState,End,Slider,51,Scenario,3
ID,26,Time,1018.032,DronePosition,-110.2394,59.26447,-107.379,0,CameraPosition,-103.1805,1.778668,-107.4883,CameraRotation,347.1638,268.5491,359.5644,CurrentState,End,Slider,51,Scenario,3
ID,26,Time,1018.046,DronePosition,-110.2394,59.26447,-107.379,0,CameraPosition,-103.1802,1.778691,-107.4884,CameraRotation,347.1589,268.5083,359.5825,CurrentState,End,Slider,51,Scenario,3
ID,26,Time,1018.06,DronePosition,-110.2394,59.26447,-107.379,0,CameraPosition,-103.1799,1.778692,-107.4884,CameraRotation,347.1407,268.455,359.6003,CurrentState,End,Slider,51,Scenario,3
ID,26,Time,1018.074,DronePosition,-110.2394,59.26447,-107.379,0,CameraPosition,-103.1796,1.778709,-107.4884,CameraRotation,347.1174,268.4041,359.6016,CurrentState,End,Slider,51,Scenario,3
ID,26,Time,1018.087,DronePosition,-110.2394,59.26447,-107.379,0,CameraPosition,-103.1793,1.778767,-107.4885,CameraRotation,347.0894,268.3682,359.6026,CurrentState,End,Slider,51,Scenario,3
ID,26,Time,1018.102,DronePosition,-110.2394,59.26447,-107.379,0,CameraPosition,-103.179,1.778822,-107.4884,CameraRotation,347.0249,268.3397,359.6133,CurrentState,End,Slider,51,Scenario,3
ID,26,Time,1018.116,DronePosition,-110.2394,59.26447,-107.379,0,CameraPosition,-103.1788,1.778873,-107.4884,CameraRotation,346.9875,268.3217,359.6201,CurrentState,End,Slider,51,Scenario,3
ID,26,Time,1018.129,DronePosition,-110.2394,59.26447,-107.379,0,CameraPosition,-103.1785,1.778898,-107.4883,CameraRotation,346.959,268.324,359.618,CurrentState,End,Slider,51,Scenario,3
ID,26,Time,1018.143,DronePosition,-110.2394,59.26447,-107.379,0,CameraPosition,-103.1782,1.778941,-107.4882,CameraRotation,346.9391,268.3474,359.6001,CurrentState,End,Slider,51,Scenario,3
ID,26,Time,1018.157,DronePosition,-110.2394,59.26447,-107.379,0,CameraPosition,-103.178,1.778997,-107.4881,CameraRotation,346.8929,268.3953,359.573,CurrentState,End,Slider,51,Scenario,3
ID,26,Time,1018.171,DronePosition,-110.2394,59.26447,-107.379,0,CameraPosition,-103.1777,1.779079,-107.488,CameraRotation,346.8534,268.4376,359.54,CurrentState,End,Slider,51,Scenario,3
ID,26,Time,1018.186,DronePosition,-110.2394,59.26447,-107.379,0,CameraPosition,-103.1774,1.779159,-107.4879,CameraRotation,346.8293,268.4828,359.5093,CurrentState,End,Slider,51,Scenario,3
ID,26,Time,1018.199,DronePosition,-110.2394,59.26447,-107.379,0,CameraPosition,-103.1771,1.779216,-107.4878,CameraRotation,346.8145,268.5307,359.4903,CurrentState,End,Slider,51,Scenario,3
ID,26,Time,1018.213,DronePosition,-110.2394,59.26447,-107.379,0,CameraPosition,-103.1769,1.779241,-107.4876,CameraRotation,346.8039,268.5721,359.4874,CurrentState,End,Slider,51,Scenario,3
ID,26,Time,1018.227,DronePosition,-110.2394,59.26447,-107.379,0,CameraPosition,-103.1766,1.779258,-107.4875,CameraRotation,346.792,268.5956,359.4829,CurrentState,End,Slider,51,Scenario,3
ID,26,Time,1018.241,DronePosition,-110.2394,59.26447,-107.379,0,CameraPosition,-103.1764,1.779284,-107.4874,CameraRotation,346.7863,268.6325,359.4702,CurrentState,End,Slider,51,Scenario,3
ID,26,Time,1018.255,DronePosition,-110.2394,59.26447,-107.379,0,CameraPosition,-103.1762,1.77932,-107.4873,CameraRotation,346.7618,268.6671,359.4574,CurrentState,End,Slider,51,Scenario,3
ID,26,Time,1018.269,DronePosition,-110.2394,59.26447,-107.379,0,CameraPosition,-103.1759,1.779368,-107.4871,CameraRotation,346.7322,268.6838,359.4436,CurrentState,End,Slider,51,Scenario,3
ID,26,Time,1018.283,DronePosition,-110.2394,59.26447,-107.379,0,CameraPosition,-103.1757,1.7794,-107.4871,CameraRotation,346.7033,268.7007,359.4258,CurrentState,End,Slider,51,Scenario,3
ID,26,Time,1018.296,DronePosition,-110.2394,59.26447,-107.379,0,CameraPosition,-103.1755,1.779407,-107.487,CameraRotation,346.6992,268.6884,359.4206,CurrentState,End,Slider,51,Scenario,3
ID,26,Time,1018.311,DronePosition,-110.2394,59.26447,-107.379,0,CameraPosition,-103.1753,1.779401,-107.4869,CameraRotation,346.7069,268.6797,359.4153,CurrentState,End,Slider,51,Scenario,3
ID,26,Time,1018.324,DronePosition,-110.2394,59.26447,-107.379,0,CameraPosition,-103.1751,1.779398,-107.4868,CameraRotation,346.7157,268.675,359.4122,CurrentState,End,Slider,51,Scenario,3
ID,26,Time,1018.338,DronePosition,-110.2394,59.26447,-107.379,0,CameraPosition,-103.1748,1.779427,-107.4867,CameraRotation,346.7045,268.6719,359.399,CurrentState,End,Slider,51,Scenario,3
ID,26,Time,1018.352,DronePosition,-110.2394,59.26447,-107.379,0,CameraPosition,-103.1746,1.779477,-107.4866,CameraRotation,346.7032,268.6874,359.4016,CurrentState,End,Slider,51,Scenario,3
ID,26,Time,1018.366,DronePosition,-110.2394,59.26447,-107.379,0,CameraPosition,-103.1743,1.779533,-107.4865,CameraRotation,346.6824,268.6944,359.405,CurrentState,End,Slider,51,Scenario,3
ID,26,Time,1018.38,DronePosition,-110.2394,59.26447,-107.379,0,CameraPosition,-103.1741,1.779581,-107.4864,CameraRotation,346.6435,268.7025,359.3974,CurrentState,End,Slider,51,Scenario,3
ID,26,Time,1018.394,DronePosition,-110.2394,59.26447,-107.379,0,CameraPosition,-103.1739,1.779598,-107.4863,CameraRotation,346.6083,268.7165,359.3882,CurrentState,End,Slider,51,Scenario,3
ID,26,Time,1018.408,DronePosition,-110.2394,59.26447,-107.379,0,CameraPosition,-103.1738,1.779615,-107.4862,CameraRotation,346.6058,268.718,359.3723,CurrentState,End,Slider,51,Scenario,3
ID,26,Time,1018.422,DronePosition,-110.2394,59.26447,-107.379,0,CameraPosition,-103.1736,1.779617,-107.4861,CameraRotation,346.5928,268.7216,359.3613,CurrentState,End,Slider,51,Scenario,3
ID,26,Time,1018.436,DronePosition,-110.2394,59.26447,-107.379,0,CameraPosition,-103.1734,1.779651,-107.486,CameraRotation,346.5986,268.7137,359.3412,CurrentState,End,Slider,51,Scenario,3
ID,26,Time,1018.45,DronePosition,-110.2394,59.26447,-107.379,0,CameraPosition,-103.1733,1.779659,-107.4859,CameraRotation,346.599,268.7097,359.317,CurrentState,End,Slider,51,Scenario,3
ID,26,Time,1018.464,DronePosition,-110.2394,59.26447,-107.379,0,CameraPosition,-103.1731,1.779658,-107.4858,CameraRotation,346.6156,268.7297,359.28,CurrentState,End,Slider,51,Scenario,3
ID,26,Time,1018.477,DronePosition,-110.2394,59.26447,-107.379,0,CameraPosition,-103.1729,1.779634,-107.4856,CameraRotation,346.6423,268.755,359.2493,CurrentState,End,Slider,51,Scenario,3
ID,26,Time,1018.491,DronePosition,-110.2394,59.26447,-107.379,0,CameraPosition,-103.1727,1.779621,-107.4855,CameraRotation,346.6784,268.8089,359.2314,CurrentState,End,Slider,51,Scenario,3
ID,26,Time,1018.505,DronePosition,-110.2394,59.26447,-107.379,0,CameraPosition,-103.1725,1.779644,-107.4854,CameraRotation,346.6885,268.8508,359.2193,CurrentState,End,Slider,51,Scenario,3
ID,26,Time,1018.519,DronePosition,-110.2394,59.26447,-107.379,0,CameraPosition,-103.1723,1.779688,-107.4853,CameraRotation,346.6783,268.8981,359.2023,CurrentState,End,Slider,51,Scenario,3
ID,26,Time,1018.533,DronePosition,-110.2394,59.26447,-107.379,0,CameraPosition,-103.1721,1.779725,-107.4851,CameraRotation,346.6568,268.9396,359.1892,CurrentState,End,Slider,51,Scenario,3
ID,26,Time,1018.547,DronePosition,-110.2394,59.26447,-107.379,0,CameraPosition,-103.1719,1.779745,-107.485,CameraRotation,346.6361,268.9773,359.1598,CurrentState,End,Slider,51,Scenario,3
ID,26,Time,1018.561,DronePosition,-110.2394,59.26447,-107.379,0,CameraPosition,-103.1717,1.779756,-107.4849,CameraRotation,346.6238,269.0044,359.1331,CurrentState,End,Slider,51,Scenario,3
ID,26,Time,1018.575,DronePosition,-110.2394,59.26447,-107.379,0,CameraPosition,-103.1715,1.77977,-107.4848,CameraRotation,346.603,269.0264,359.1172,CurrentState,End,Slider,51,Scenario,3
ID,26,Time,1018.589,DronePosition,-110.2394,59.26447,-107.379,0,CameraPosition,-103.1713,1.779805,-107.4847,CameraRotation,346.5863,269.0311,359.1028,CurrentState,End,Slider,51,Scenario,3
ID,26,Time,1018.603,DronePosition,-110.2394,59.26447,-107.379,0,CameraPosition,-103.1711,1.779851,-107.4846,CameraRotation,346.5596,269.0335,359.0992,CurrentState,End,Slider,51,Scenario,3
ID,26,Time,1018.617,DronePosition,-110.2394,59.26447,-107.379,0,CameraPosition,-103.1709,1.779907,-107.4846,CameraRotation,346.5301,269.0414,359.0895,CurrentState,End,Slider,51,Scenario,3
ID,26,Time,1018.631,DronePosition,-110.2394,59.26447,-107.379,0,CameraPosition,-103.1707,1.779949,-107.4846,CameraRotation,346.5074,269.0421,359.0896,CurrentState,End,Slider,51,Scenario,3
ID,26,Time,1018.644,DronePosition,-110.2394,59.26447,-107.379,0,CameraPosition,-103.1706,1.779987,-107.4845,CameraRotation,346.4844,269.0475,359.1026,CurrentState,End,Slider,51,Scenario,3
ID,26,Time,1018.659,DronePosition,-110.2394,59.26447,-107.379,0,CameraPosition,-103.1704,1.779993,-107.4845,CameraRotation,346.4673,269.0574,359.1052,CurrentState,End,Slider,51,Scenario,3
ID,26,Time,1018.672,DronePosition,-110.2394,59.26447,-107.379,0,CameraPosition,-103.1702,1.779978,-107.4846,CameraRotation,346.4547,269.0676,359.1166,CurrentState,End,Slider,51,Scenario,3
ID,26,Time,1018.686,DronePosition,-110.2394,59.26447,-107.379,0,CameraPosition,-103.17,1.779955,-107.4846,CameraRotation,346.4517,269.0742,359.1209,CurrentState,End,Slider,51,Scenario,3
ID,26,Time,1018.7,DronePosition,-110.2394,59.26447,-107.379,0,CameraPosition,-103.1699,1.779954,-107.4846,CameraRotation,346.4478,269.0665,359.1291,CurrentState,End,Slider,51,Scenario,3
ID,26,Time,1018.714,DronePosition,-110.2394,59.26447,-107.379,0,CameraPosition,-103.1697,1.779954,-107.4846,CameraRotation,346.4355,269.0576,359.139,CurrentState,End,Slider,51,Scenario,3
ID,26,Time,1018.728,DronePosition,-110.2394,59.26447,-107.379,0,CameraPosition,-103.1696,1.779948,-107.4846,CameraRotation,346.4369,269.0257,359.1599,CurrentState,End,Slider,51,Scenario,3
ID,26,Time,1018.742,DronePosition,-110.2394,59.26447,-107.379,0,CameraPosition,-103.1694,1.779931,-107.4847,CameraRotation,346.4453,268.979,359.175,CurrentState,End,Slider,51,Scenario,3
ID,26,Time,1018.756,DronePosition,-110.2394,59.26447,-107.379,0,CameraPosition,-103.1693,1.779914,-107.4847,CameraRotation,346.4455,268.9449,359.1743,CurrentState,End,Slider,51,Scenario,3
ID,26,Time,1018.77,DronePosition,-110.2394,59.26447,-107.379,0,CameraPosition,-103.1692,1.779904,-107.4847,CameraRotation,346.4455,268.9143,359.1692,CurrentState,End,Slider,51,Scenario,3
ID,26,Time,1018.784,DronePosition,-110.2394,59.26447,-107.379,0,CameraPosition,-103.1691,1.779896,-107.4847,CameraRotation,346.45,268.9032,359.1643,CurrentState,End,Slider,51,Scenario,3
ID,26,Time,1018.798,DronePosition,-110.2394,59.26447,-107.379,0,CameraPosition,-103.169,1.77988,-107.4847,CameraRotation,346.4527,268.8904,359.1836,CurrentState,End,Slider,51,Scenario,3
ID,26,Time,1018.812,DronePosition,-110.2394,59.26447,-107.379,0,CameraPosition,-103.1689,1.7799,-107.4848,CameraRotation,346.4416,268.9009,359.1859,CurrentState,End,Slider,51,Scenario,3
ID,26,Time,1018.826,DronePosition,-110.2394,59.26447,-107.379,0,CameraPosition,-103.1688,1.779957,-107.4848,CameraRotation,346.4283,268.9119,359.1604,CurrentState,End,Slider,51,Scenario,3
ID,26,Time,1018.839,DronePosition,-110.2394,59.26447,-107.379,0,CameraPosition,-103.1687,1.779993,-107.4848,CameraRotation,346.4263,268.9366,359.1367,CurrentState,End,Slider,51,Scenario,3
ID,26,Time,1018.853,DronePosition,-110.2394,59.26447,-107.379,0,CameraPosition,-103.1686,1.780003,-107.4848,CameraRotation,346.463,268.9721,359.1213,CurrentState,End,Slider,51,Scenario,3
ID,26,Time,1018.867,DronePosition,-110.2394,59.26447,-107.379,0,CameraPosition,-103.1686,1.779973,-107.4848,CameraRotation,346.494,268.9882,359.1224,CurrentState,End,Slider,51,Scenario,3
ID,26,Time,1018.881,DronePosition,-110.2394,59.26447,-107.379,0,CameraPosition,-103.1685,1.779929,-107.4849,CameraRotation,346.5534,268.9878,359.1314,CurrentState,End,Slider,51,Scenario,3
ID,26,Time,1018.895,DronePosition,-110.2394,59.26447,-107.379,0,CameraPosition,-103.1685,1.77987,-107.4849,CameraRotation,346.6227,268.9834,359.1505,CurrentState,End,Slider,51,Scenario,3
ID,26,Time,1018.909,DronePosition,-110.2394,59.26447,-107.379,0,CameraPosition,-103.1684,1.77984,-107.4849,CameraRotation,346.6822,268.9725,359.1612,CurrentState,End,Slider,51,Scenario,3
ID,26,Time,1018.923,DronePosition,-110.2394,59.26447,-107.379,0,CameraPosition,-103.1684,1.779795,-107.4849,CameraRotation,346.7005,268.9411,359.1583,CurrentState,End,Slider,51,Scenario,3
ID,26,Time,1018.937,DronePosition,-110.2394,59.26447,-107.379,0,CameraPosition,-103.1684,1.779713,-107.485,CameraRotation,346.7349,268.9089,359.1625,CurrentState,End,Slider,51,Scenario,3
ID,26,Time,1018.951,DronePosition,-110.2394,59.26447,-107.379,0,CameraPosition,-103.1683,1.779591,-107.4851,CameraRotation,346.7878,268.8704,359.1641,CurrentState,End,Slider,51,Scenario,3
ID,26,Time,1018.965,DronePosition,-110.2394,59.26447,-107.379,0,CameraPosition,-103.1682,1.779451,-107.4851,CameraRotation,346.8598,268.8333,359.1721,CurrentState,End,Slider,51,Scenario,3
ID,26,Time,1018.979,DronePosition,-110.2394,59.26447,-107.379,0,CameraPosition,-103.1681,1.779289,-107.4852,CameraRotation,346.9208,268.8026,359.1852,CurrentState,End,Slider,51,Scenario,3
ID,26,Time,1018.993,DronePosition,-110.2394,59.26447,-107.379,0,CameraPosition,-103.168,1.779166,-107.4853,CameraRotation,346.9534,268.7855,359.1995,CurrentState,End,Slider,51,Scenario,3
ID,26,Time,1019.007,DronePosition,-110.2394,59.26447,-107.379,0,CameraPosition,-103.1678,1.7791,-107.4854,CameraRotation,346.9843,268.777,359.214,CurrentState,End,Slider,51,Scenario,3
ID,26,Time,1019.023,DronePosition,-110.2394,59.26447,-107.379,0,CameraPosition,-103.1677,1.779092,-107.4854,CameraRotation,347.0161,268.7723,359.2281,CurrentState,End,Slider,51,Scenario,3
ID,26,Time,1019.035,DronePosition,-110.2394,59.26447,-107.379,0,CameraPosition,-103.1676,1.779099,-107.4854,CameraRotation,347.0262,268.7789,359.2339,CurrentState,End,Slider,51,Scenario,3
ID,26,Time,1019.048,DronePosition,-110.2394,59.26447,-107.379,0,CameraPosition,-103.1675,1.779132,-107.4854,CameraRotation,347.0195,268.79,359.2271,CurrentState,End,Slider,51,Scenario,3
ID,26,Time,1019.062,DronePosition,-110.2394,59.26447,-107.379,0,CameraPosition,-103.1673,1.77919,-107.4853,CameraRotation,347.0048,268.8107,359.2122,CurrentState,End,Slider,51,Scenario,3
ID,26,Time,1019.076,DronePosition,-110.2394,59.26447,-107.379,0,CameraPosition,-103.1672,1.779265,-107.4853,CameraRotation,346.9865,268.8304,359.2036,CurrentState,End,Slider,51,Scenario,3
ID,26,Time,1019.09,DronePosition,-110.2394,59.26447,-107.379,0,CameraPosition,-103.1671,1.779358,-107.4853,CameraRotation,346.9524,268.847,359.2026,CurrentState,End,Slider,51,Scenario,3
ID,26,Time,1019.104,DronePosition,-110.2394,59.26447,-107.379,0,CameraPosition,-103.167,1.779439,-107.4853,CameraRotation,346.9133,268.8584,359.2174,CurrentState,End,Slider,51,Scenario,3
ID,26,Time,1019.118,DronePosition,-110.2394,59.26447,-107.379,0,CameraPosition,-103.1669,1.779503,-107.4852,CameraRotation,346.891,268.8623,359.2212,CurrentState,End,Slider,51,Scenario,3
ID,26,Time,1019.132,DronePosition,-110.2394,59.26447,-107.379,0,CameraPosition,-103.1669,1.77951,-107.4852,CameraRotation,346.8619,268.8551,359.2181,CurrentState,End,Slider,51,Scenario,3
ID,26,Time,1019.146,DronePosition,-110.2394,59.26447,-107.379,0,CameraPosition,-103.1669,1.779466,-107.4853,CameraRotation,346.8586,268.8414,359.2061,CurrentState,End,Slider,51,Scenario,3
ID,26,Time,1019.159,DronePosition,-110.2394,59.26447,-107.379,0,CameraPosition,-103.1669,1.779399,-107.4853,CameraRotation,346.8803,268.8168,359.1933,CurrentState,End,Slider,51,Scenario,3
ID,26,Time,1019.173,DronePosition,-110.2394,59.26447,-107.379,0,CameraPosition,-103.1669,1.779314,-107.4853,CameraRotation,346.9092,268.7885,359.1694,CurrentState,End,Slider,51,Scenario,3
ID,26,Time,1019.187,DronePosition,-110.2394,59.26447,-107.379,0,CameraPosition,-103.1669,1.779271,-107.4853,CameraRotation,346.9406,268.7586,359.1612,CurrentState,End,Slider,51,Scenario,3
ID,26,Time,1019.201,DronePosition,-110.2394,59.26447,-107.379,0,CameraPosition,-103.167,1.779257,-107.4853,CameraRotation,346.9567,268.7291,359.1773,CurrentState,End,Slider,51,Scenario,3
ID,26,Time,1019.215,DronePosition,-110.2394,59.26447,-107.379,0,CameraPosition,-103.167,1.779222,-107.4853,CameraRotation,346.9715,268.7175,359.1913,CurrentState,End,Slider,51,Scenario,3
ID,26,Time,1019.23,DronePosition,-110.2394,59.26447,-107.379,0,CameraPosition,-103.1671,1.77917,-107.4852,CameraRotation,347.0094,268.7033,359.1883,CurrentState,End,Slider,51,Scenario,3
ID,26,Time,1019.243,DronePosition,-110.2394,59.26447,-107.379,0,CameraPosition,-103.1672,1.779153,-107.4852,CameraRotation,347.0457,268.7086,359.1792,CurrentState,End,Slider,51,Scenario,3
ID,26,Time,1019.257,DronePosition,-110.2394,59.26447,-107.379,0,CameraPosition,-103.1672,1.779193,-107.4851,CameraRotation,347.0681,268.7309,359.1595,CurrentState,End,Slider,51,Scenario,3
ID,26,Time,1019.271,DronePosition,-110.2394,59.26447,-107.379,0,CameraPosition,-103.1673,1.779236,-107.485,CameraRotation,347.0684,268.7611,359.1489,CurrentState,End,Slider,51,Scenario,3
ID,26,Time,1019.285,DronePosition,-110.2394,59.26447,-107.379,0,CameraPosition,-103.1673,1.779299,-107.4848,CameraRotation,347.0715,268.7982,359.1308,CurrentState,End,Slider,51,Scenario,3
ID,26,Time,1019.299,DronePosition,-110.2394,59.26447,-107.379,0,CameraPosition,-103.1674,1.779312,-107.4847,CameraRotation,347.0752,268.8354,359.1075,CurrentState,End,Slider,51,Scenario,3
ID,26,Time,1019.313,DronePosition,-110.2394,59.26447,-107.379,0,CameraPosition,-103.1675,1.779327,-107.4846,CameraRotation,347.0507,268.8718,359.0791,CurrentState,End,Slider,51,Scenario,3
ID,26,Time,1019.327,DronePosition,-110.2394,59.26447,-107.379,0,CameraPosition,-103.1675,1.779386,-107.4844,CameraRotation,347.0145,268.9089,359.0595,CurrentState,End,Slider,51,Scenario,3
ID,26,Time,1019.341,DronePosition,-110.2394,59.26447,-107.379,0,CameraPosition,-103.1676,1.779443,-107.4843,CameraRotation,346.9724,268.9423,359.0508,CurrentState,End,Slider,51,Scenario,3
ID,26,Time,1019.354,DronePosition,-110.2394,59.26447,-107.379,0,CameraPosition,-103.1676,1.779492,-107.4842,CameraRotation,346.9572,268.9661,359.0363,CurrentState,End,Slider,51,Scenario,3
ID,26,Time,1019.368,DronePosition,-110.2394,59.26447,-107.379,0,CameraPosition,-103.1676,1.779498,-107.4841,CameraRotation,346.9351,268.9789,359.035,CurrentState,End,Slider,51,Scenario,3
ID,26,Time,1019.382,DronePosition,-110.2394,59.26447,-107.379,0,CameraPosition,-103.1677,1.779513,-107.4839,CameraRotation,346.9149,268.9956,359.0233,CurrentState,End,Slider,51,Scenario,3
ID,26,Time,1019.396,DronePosition,-110.2394,59.26447,-107.379,0,CameraPosition,-103.1677,1.779554,-107.4838,CameraRotation,346.8837,269.0038,359.0097,CurrentState,End,Slider,51,Scenario,3
ID,26,Time,1019.41,DronePosition,-110.2394,59.26447,-107.379,0,CameraPosition,-103.1678,1.779625,-107.4837,CameraRotation,346.8376,269.0088,358.9856,CurrentState,End,Slider,51,Scenario,3
ID,26,Time,1019.424,DronePosition,-110.2394,59.26447,-107.379,0,CameraPosition,-103.1678,1.779699,-107.4836,CameraRotation,346.7742,269.0056,358.9808,CurrentState,End,Slider,51,Scenario,3
ID,26,Time,1019.438,DronePosition,-110.2394,59.26447,-107.379,0,CameraPosition,-103.1679,1.779747,-107.4834,CameraRotation,346.7133,268.995,358.9839,CurrentState,End,Slider,51,Scenario,3
ID,26,Time,1019.453,DronePosition,-110.2394,59.26447,-107.379,0,CameraPosition,-103.1679,1.779786,-107.4834,CameraRotation,346.6897,268.99,358.9851,CurrentState,End,Slider,51,Scenario,3
ID,26,Time,1019.467,DronePosition,-110.2394,59.26447,-107.379,0,CameraPosition,-103.1679,1.779824,-107.4833,CameraRotation,346.6779,268.9922,358.973,CurrentState,End,Slider,51,Scenario,3
ID,26,Time,1019.48,DronePosition,-110.2394,59.26447,-107.379,0,CameraPosition,-103.168,1.779864,-107.4832,CameraRotation,346.6495,268.9989,358.9476,CurrentState,End,Slider,51,Scenario,3
ID,26,Time,1019.494,DronePosition,-110.2394,59.26447,-107.379,0,CameraPosition,-103.1681,1.77994,-107.4831,CameraRotation,346.6266,269.0057,358.9197,CurrentState,End,Slider,51,Scenario,3
ID,26,Time,1019.508,DronePosition,-110.2394,59.26447,-107.379,0,CameraPosition,-103.1682,1.780035,-107.4831,CameraRotation,346.5905,268.9998,358.8955,CurrentState,End,Slider,51,Scenario,3
ID,26,Time,1019.522,DronePosition,-110.2394,59.26447,-107.379,0,CameraPosition,-103.1682,1.780128,-107.483,CameraRotation,346.5608,268.9901,358.8925,CurrentState,End,Slider,51,Scenario,3
ID,26,Time,1019.536,DronePosition,-110.2394,59.26447,-107.379,0,CameraPosition,-103.1684,1.780172,-107.4829,CameraRotation,346.5403,268.9708,358.9008,CurrentState,End,Slider,51,Scenario,3
ID,26,Time,1019.55,DronePosition,-110.2394,59.26447,-107.379,0,CameraPosition,-103.1684,1.780188,-107.4829,CameraRotation,346.5411,268.9473,358.8931,CurrentState,End,Slider,51,Scenario,3
ID,26,Time,1019.563,DronePosition,-110.2394,59.26447,-107.379,0,CameraPosition,-103.1685,1.780187,-107.4828,CameraRotation,346.5456,268.9377,358.8698,CurrentState,End,Slider,51,Scenario,3
ID,26,Time,1019.577,DronePosition,-110.2394,59.26447,-107.379,0,CameraPosition,-103.1687,1.780206,-107.4828,CameraRotation,346.5273,268.929,358.8401,CurrentState,End,Slider,51,Scenario,3
ID,26,Time,1019.591,DronePosition,-110.2394,59.26447,-107.379,0,CameraPosition,-103.1688,1.780258,-107.4827,CameraRotation,346.4999,268.9211,358.8127,CurrentState,End,Slider,51,Scenario,3
ID,26,Time,1019.605,DronePosition,-110.2394,59.26447,-107.379,0,CameraPosition,-103.1689,1.780319,-107.4827,CameraRotation,346.4664,268.9164,358.7926,CurrentState,End,Slider,51,Scenario,3
ID,26,Time,1019.619,DronePosition,-110.2394,59.26447,-107.379,0,CameraPosition,-103.1691,1.780356,-107.4827,CameraRotation,346.454,268.912,358.8053,CurrentState,End,Slider,51,Scenario,3
ID,26,Time,1019.633,DronePosition,-110.2394,59.26447,-107.379,0,CameraPosition,-103.1692,1.780391,-107.4827,CameraRotation,346.4484,268.9091,358.8004,CurrentState,End,Slider,51,Scenario,3
ID,26,Time,1019.647,DronePosition,-110.2394,59.26447,-107.379,0,CameraPosition,-103.1693,1.780444,-107.4828,CameraRotation,346.4359,268.9015,358.7979,CurrentState,End,Slider,51,Scenario,3
ID,26,Time,1019.661,DronePosition,-110.2394,59.26447,-107.379,0,CameraPosition,-103.1695,1.780519,-107.4828,CameraRotation,346.4018,268.896,358.7952,CurrentState,End,Slider,51,Scenario,3
ID,26,Time,1019.675,DronePosition,-110.2394,59.26447,-107.379,0,CameraPosition,-103.1696,1.780596,-107.4828,CameraRotation,346.3785,268.8849,358.8036,CurrentState,End,Slider,51,Scenario,3
ID,26,Time,1019.689,DronePosition,-110.2394,59.26447,-107.379,0,CameraPosition,-103.1698,1.780688,-107.4828,CameraRotation,346.3548,268.8549,358.7909,CurrentState,End,Slider,51,Scenario,3
ID,26,Time,1019.703,DronePosition,-110.2394,59.26447,-107.379,0,CameraPosition,-103.17,1.780741,-107.4829,CameraRotation,346.2967,268.8278,358.7846,CurrentState,End,Slider,51,Scenario,3
ID,26,Time,1019.717,DronePosition,-110.2394,59.26447,-107.379,0,CameraPosition,-103.1702,1.780791,-107.4829,CameraRotation,346.2596,268.7932,358.7897,CurrentState,End,Slider,51,Scenario,3
ID,26,Time,1019.731,DronePosition,-110.2394,59.26447,-107.379,0,CameraPosition,-103.1703,1.780867,-107.483,CameraRotation,346.2217,268.759,358.7861,CurrentState,End,Slider,51,Scenario,3
ID,26,Time,1019.744,DronePosition,-110.2394,59.26447,-107.379,0,CameraPosition,-103.1705,1.780964,-107.483,CameraRotation,346.1705,268.7164,358.7987,CurrentState,End,Slider,51,Scenario,3
ID,26,Time,1019.758,DronePosition,-110.2394,59.26447,-107.379,0,CameraPosition,-103.1707,1.781063,-107.4831,CameraRotation,346.1255,268.6583,358.8022,CurrentState,End,Slider,51,Scenario,3
ID,26,Time,1019.772,DronePosition,-110.2394,59.26447,-107.379,0,CameraPosition,-103.1709,1.781151,-107.4832,CameraRotation,346.0986,268.6018,358.7943,CurrentState,End,Slider,51,Scenario,3
ID,26,Time,1019.786,DronePosition,-110.2394,59.26447,-107.379,0,CameraPosition,-103.1711,1.781205,-107.4834,CameraRotation,346.087,268.5584,358.7846,CurrentState,End,Slider,51,Scenario,3
ID,26,Time,1019.8,DronePosition,-110.2394,59.26447,-107.379,0,CameraPosition,-103.1712,1.78122,-107.4835,CameraRotation,346.084,268.5081,358.7987,CurrentState,End,Slider,51,Scenario,3
ID,26,Time,1019.814,DronePosition,-110.2394,59.26447,-107.379,0,CameraPosition,-103.1715,1.781214,-107.4837,CameraRotation,346.0923,268.4529,358.8177,CurrentState,End,Slider,51,Scenario,3
ID,26,Time,1019.828,DronePosition,-110.2394,59.26447,-107.379,0,CameraPosition,-103.1717,1.781196,-107.4838,CameraRotation,346.0909,268.4092,358.8255,CurrentState,End,Slider,51,Scenario,3
ID,26,Time,1019.842,DronePosition,-110.2394,59.26447,-107.379,0,CameraPosition,-103.1719,1.781151,-107.4839,CameraRotation,346.0847,268.3706,358.8392,CurrentState,End,Slider,51,Scenario,3
ID,26,Time,1019.856,DronePosition,-110.2394,59.26447,-107.379,0,CameraPosition,-103.1722,1.781099,-107.484,CameraRotation,346.0889,268.3412,358.8614,CurrentState,End,Slider,51,Scenario,3
ID,26,Time,1019.87,DronePosition,-110.2394,59.26447,-107.379,0,CameraPosition,-103.1725,1.781052,-107.4841,CameraRotation,346.107,268.3112,358.881,CurrentState,End,Slider,51,Scenario,3
ID,26,Time,1019.884,DronePosition,-110.2394,59.26447,-107.379,0,CameraPosition,-103.1728,1.781032,-107.4843,CameraRotation,346.1434,268.2724,358.8838,CurrentState,End,Slider,51,Scenario,3
ID,26,Time,1019.898,DronePosition,-110.2394,59.26447,-107.379,0,CameraPosition,-103.173,1.781022,-107.4844,CameraRotation,346.1759,268.2347,358.8834,CurrentState,End,Slider,51,Scenario,3
ID,26,Time,1019.912,DronePosition,-110.2394,59.26447,-107.379,0,CameraPosition,-103.1733,1.780981,-107.4845,CameraRotation,346.2142,268.215,358.8816,CurrentState,End,Slider,51,Scenario,3
ID,26,Time,1019.927,DronePosition,-110.2394,59.26447,-107.379,0,CameraPosition,-103.1736,1.780909,-107.4846,CameraRotation,346.2798,268.1991,358.874,CurrentState,End,Slider,51,Scenario,3
ID,26,Time,1019.94,DronePosition,-110.2394,59.26447,-107.379,0,CameraPosition,-103.1738,1.780845,-107.4847,CameraRotation,346.3493,268.1841,358.8731,CurrentState,End,Slider,51,Scenario,3
ID,26,Time,1019.953,DronePosition,-110.2394,59.26447,-107.379,0,CameraPosition,-103.174,1.780793,-107.4848,CameraRotation,346.3992,268.1806,358.8661,CurrentState,End,Slider,51,Scenario,3
ID,26,Time,1019.967,DronePosition,-110.2394,59.26447,-107.379,0,CameraPosition,-103.1742,1.780747,-107.4849,CameraRotation,346.4204,268.1777,358.8757,CurrentState,End,Slider,51,Scenario,3
ID,26,Time,1019.982,DronePosition,-110.2394,59.26447,-107.379,0,CameraPosition,-103.1745,1.780711,-107.485,CameraRotation,346.4249,268.1689,358.878,CurrentState,End,Slider,51,Scenario,3
ID,26,Time,1019.995,DronePosition,-110.2394,59.26447,-107.379,0,CameraPosition,-103.1747,1.780693,-107.4851,CameraRotation,346.4292,268.155,358.8839,CurrentState,End,Slider,51,Scenario,3
ID,26,Time,1020.009,DronePosition,-110.2394,59.26447,-107.379,0,CameraPosition,-103.1749,1.780666,-107.4853,CameraRotation,346.4272,268.1342,358.8955,CurrentState,End,Slider,51,Scenario,3
ID,26,Time,1020.023,DronePosition,-110.2394,59.26447,-107.379,0,CameraPosition,-103.1751,1.780638,-107.4854,CameraRotation,346.4482,268.1075,358.9137,CurrentState,End,Slider,51,Scenario,3
ID,26,Time,1020.037,DronePosition,-110.2394,59.26447,-107.379,0,CameraPosition,-103.1753,1.78059,-107.4855,CameraRotation,346.4737,268.0823,358.9161,CurrentState,End,Slider,51,Scenario,3
ID,26,Time,1020.051,DronePosition,-110.2394,59.26447,-107.379,0,CameraPosition,-103.1755,1.780538,-107.4857,CameraRotation,346.5087,268.0597,358.8951,CurrentState,End,Slider,51,Scenario,3
ID,26,Time,1020.065,DronePosition,-110.2394,59.26447,-107.379,0,CameraPosition,-103.1757,1.7805,-107.4858,CameraRotation,346.5543,268.0492,358.8862,CurrentState,End,Slider,51,Scenario,3
ID,26,Time,1020.079,DronePosition,-110.2394,59.26447,-107.379,0,CameraPosition,-103.1759,1.780465,-107.4859,CameraRotation,346.5685,268.027,358.8914,CurrentState,End,Slider,51,Scenario,3
ID,26,Time,1020.093,DronePosition,-110.2394,59.26447,-107.379,0,CameraPosition,-103.1761,1.780423,-107.4861,CameraRotation,346.5866,268.011,358.9252,CurrentState,End,Slider,51,Scenario,3
ID,26,Time,1020.106,DronePosition,-110.2394,59.26447,-107.379,0,CameraPosition,-103.1763,1.780368,-107.4863,CameraRotation,346.6127,267.9995,358.946,CurrentState,End,Slider,51,Scenario,3
ID,26,Time,1020.12,DronePosition,-110.2394,59.26447,-107.379,0,CameraPosition,-103.1765,1.780304,-107.4864,CameraRotation,346.648,267.9824,358.976,CurrentState,End,Slider,51,Scenario,3
ID,26,Time,1020.134,DronePosition,-110.2394,59.26447,-107.379,0,CameraPosition,-103.1767,1.780282,-107.4866,CameraRotation,346.6579,267.9876,358.9802,CurrentState,End,Slider,51,Scenario,3
ID,26,Time,1020.148,DronePosition,-110.2394,59.26447,-107.379,0,CameraPosition,-103.1769,1.78029,-107.4867,CameraRotation,346.6508,267.9913,358.9738,CurrentState,End,Slider,51,Scenario,3
ID,26,Time,1020.162,DronePosition,-110.2394,59.26447,-107.379,0,CameraPosition,-103.177,1.780312,-107.4868,CameraRotation,346.6351,267.9945,358.9608,CurrentState,End,Slider,51,Scenario,3
ID,26,Time,1020.176,DronePosition,-110.2394,59.26447,-107.379,0,CameraPosition,-103.1772,1.780334,-107.487,CameraRotation,346.6612,268.0001,358.9616,CurrentState,End,Slider,51,Scenario,3
ID,26,Time,1020.19,DronePosition,-110.2394,59.26447,-107.379,0,CameraPosition,-103.1774,1.780308,-107.4871,CameraRotation,346.6994,268.0081,358.974,CurrentState,End,Slider,51,Scenario,3
ID,26,Time,1020.204,DronePosition,-110.2394,59.26447,-107.379,0,CameraPosition,-103.1776,1.780247,-107.4872,CameraRotation,346.7498,268.0115,359.0027,CurrentState,End,Slider,51,Scenario,3
ID,26,Time,1020.218,DronePosition,-110.2394,59.26447,-107.379,0,CameraPosition,-103.1777,1.780171,-107.4874,CameraRotation,346.7999,268.0263,359.0311,CurrentState,End,Slider,51,Scenario,3
ID,26,Time,1020.232,DronePosition,-110.2394,59.26447,-107.379,0,CameraPosition,-103.1779,1.780111,-107.4875,CameraRotation,346.8384,268.0406,359.0577,CurrentState,End,Slider,51,Scenario,3
ID,26,Time,1020.246,DronePosition,-110.2394,59.26447,-107.379,0,CameraPosition,-103.178,1.780066,-107.4877,CameraRotation,346.8534,268.0432,359.0868,CurrentState,End,Slider,51,Scenario,3
ID,26,Time,1020.259,DronePosition,-110.2394,59.26447,-107.379,0,CameraPosition,-103.1781,1.780026,-107.4878,CameraRotation,346.8571,268.0313,359.118,CurrentState,End,Slider,51,Scenario,3
ID,26,Time,1020.274,DronePosition,-110.2394,59.26447,-107.379,0,CameraPosition,-103.1782,1.779966,-107.488,CameraRotation,346.8798,268.007,359.136,CurrentState,End,Slider,51,Scenario,3
ID,26,Time,1020.287,DronePosition,-110.2394,59.26447,-107.379,0,CameraPosition,-103.1783,1.779885,-107.4881,CameraRotation,346.921,267.9816,359.1441,CurrentState,End,Slider,51,Scenario,3
ID,26,Time,1020.301,DronePosition,-110.2394,59.26447,-107.379,0,CameraPosition,-103.1784,1.779805,-107.4883,CameraRotation,346.9529,267.9569,359.1523,CurrentState,End,Slider,51,Scenario,3
ID,26,Time,1020.315,DronePosition,-110.2394,59.26447,-107.379,0,CameraPosition,-103.1785,1.779727,-107.4884,CameraRotation,346.9711,267.9327,359.1567,CurrentState,End,Slider,51,Scenario,3
ID,26,Time,1020.329,DronePosition,-110.2394,59.26447,-107.379,0,CameraPosition,-103.1786,1.779664,-107.4885,CameraRotation,347.0163,267.9154,359.1778,CurrentState,End,Slider,51,Scenario,3
ID,26,Time,1020.343,DronePosition,-110.2394,59.26447,-107.379,0,CameraPosition,-103.1787,1.779664,-107.4885,CameraRotation,347.0546,267.8995,359.2114,CurrentState,End,Slider,51,Scenario,3
ID,26,Time,1020.357,DronePosition,-110.2394,59.26447,-107.379,0,CameraPosition,-103.1788,1.779708,-107.4886,CameraRotation,347.0505,267.8992,359.2299,CurrentState,End,Slider,51,Scenario,3
ID,26,Time,1020.371,DronePosition,-110.2394,59.26447,-107.379,0,CameraPosition,-103.1789,1.779728,-107.4886,CameraRotation,347.0241,267.9102,359.2178,CurrentState,End,Slider,51,Scenario,3
ID,26,Time,1020.385,DronePosition,-110.2394,59.26447,-107.379,0,CameraPosition,-103.179,1.779727,-107.4886,CameraRotation,347.0252,267.9464,359.202,CurrentState,End,Slider,51,Scenario,3
ID,26,Time,1020.399,DronePosition,-110.2394,59.26447,-107.379,0,CameraPosition,-103.1791,1.779701,-107.4886,CameraRotation,347.031,267.9569,359.2023,CurrentState,End,Slider,51,Scenario,3
ID,26,Time,1020.413,DronePosition,-110.2394,59.26447,-107.379,0,CameraPosition,-103.1791,1.779697,-107.4887,CameraRotation,347.0468,267.9587,359.2157,CurrentState,End,Slider,51,Scenario,3
ID,26,Time,1020.427,DronePosition,-110.2394,59.26447,-107.379,0,CameraPosition,-103.1792,1.779711,-107.4888,CameraRotation,347.0494,267.9519,359.2248,CurrentState,End,Slider,51,Scenario,3
ID,26,Time,1020.441,DronePosition,-110.2394,59.26447,-107.379,0,CameraPosition,-103.1793,1.779716,-107.4888,CameraRotation,347.05,267.946,359.2261,CurrentState,End,Slider,51,Scenario,3
ID,26,Time,1020.455,DronePosition,-110.2394,59.26447,-107.379,0,CameraPosition,-103.1793,1.779702,-107.4888,CameraRotation,347.046,267.9416,359.2165,CurrentState,End,Slider,51,Scenario,3
ID,26,Time,1020.468,DronePosition,-110.2394,59.26447,-107.379,0,CameraPosition,-103.1794,1.779691,-107.4889,CameraRotation,347.0432,267.9363,359.208,CurrentState,End,Slider,51,Scenario,3
ID,26,Time,1020.482,DronePosition,-110.2394,59.26447,-107.379,0,CameraPosition,-103.1794,1.779682,-107.4889,CameraRotation,347.0457,267.9196,359.2142,CurrentState,End,Slider,51,Scenario,3
ID,26,Time,1020.496,DronePosition,-110.2394,59.26447,-107.379,0,CameraPosition,-103.1795,1.779651,-107.4889,CameraRotation,347.0406,267.8925,359.2273,CurrentState,End,Slider,51,Scenario,3
ID,26,Time,1020.51,DronePosition,-110.2394,59.26447,-107.379,0,CameraPosition,-103.1795,1.77961,-107.4889,CameraRotation,347.0556,267.8684,359.235,CurrentState,End,Slider,51,Scenario,3
ID,26,Time,1020.524,DronePosition,-110.2394,59.26447,-107.379,0,CameraPosition,-103.1796,1.779579,-107.4889,CameraRotation,347.0745,267.8574,359.24,CurrentState,End,Slider,51,Scenario,3
ID,26,Time,1020.538,DronePosition,-110.2394,59.26447,-107.379,0,CameraPosition,-103.1796,1.779585,-107.4889,CameraRotation,347.0781,267.8319,359.2407,CurrentState,End,Slider,51,Scenario,3
ID,26,Time,1020.552,DronePosition,-110.2394,59.26447,-107.379,0,CameraPosition,-103.1796,1.779588,-107.4889,CameraRotation,347.0637,267.8052,359.2549,CurrentState,End,Slider,51,Scenario,3
ID,26,Time,1020.566,DronePosition,-110.2394,59.26447,-107.379,0,CameraPosition,-103.1796,1.779592,-107.4889,CameraRotation,347.0474,267.7918,359.2553,CurrentState,End,Slider,51,Scenario,3
ID,26,Time,1020.58,DronePosition,-110.2394,59.26447,-107.379,0,CameraPosition,-103.1796,1.779642,-107.4889,CameraRotation,347.0269,267.7828,359.2469,CurrentState,End,Slider,51,Scenario,3
ID,26,Time,1020.594,DronePosition,-110.2394,59.26447,-107.379,0,CameraPosition,-103.1795,1.779699,-107.4889,CameraRotation,346.9955,267.7847,359.2336,CurrentState,End,Slider,51,Scenario,3
ID,26,Time,1020.608,DronePosition,-110.2394,59.26447,-107.379,0,CameraPosition,-103.1795,1.779738,-107.4888,CameraRotation,346.9644,267.776,359.2239,CurrentState,End,Slider,51,Scenario,3
ID,26,Time,1020.622,DronePosition,-110.2394,59.26447,-107.379,0,CameraPosition,-103.1795,1.779755,-107.4888,CameraRotation,346.9251,267.7622,359.2143,CurrentState,End,Slider,51,Scenario,3
ID,26,Time,1020.636,DronePosition,-110.2394,59.26447,-107.379,0,CameraPosition,-103.1796,1.779758,-107.4887,CameraRotation,346.9027,267.7625,359.2067,CurrentState,End,Slider,51,Scenario,3
ID,26,Time,1020.649,DronePosition,-110.2394,59.26447,-107.379,0,CameraPosition,-103.1796,1.779733,-107.4887,CameraRotation,346.8915,267.7623,359.196,CurrentState,End,Slider,51,Scenario,3
ID,26,Time,1020.663,DronePosition,-110.2394,59.26447,-107.379,0,CameraPosition,-103.1796,1.779701,-107.4886,CameraRotation,346.9004,267.7778,359.1878,CurrentState,End,Slider,51,Scenario,3
ID,26,Time,1020.677,DronePosition,-110.2394,59.26447,-107.379,0,CameraPosition,-103.1797,1.779684,-107.4885,CameraRotation,346.8983,267.7917,359.1771,CurrentState,End,Slider,51,Scenario,3
ID,26,Time,1020.691,DronePosition,-110.2394,59.26447,-107.379,0,CameraPosition,-103.1798,1.779672,-107.4884,CameraRotation,346.8987,267.8156,359.1796,CurrentState,End,Slider,51,Scenario,3
ID,26,Time,1020.705,DronePosition,-110.2394,59.26447,-107.379,0,CameraPosition,-103.1798,1.77966,-107.4884,CameraRotation,346.9131,267.8231,359.1719,CurrentState,End,Slider,51,Scenario,3
ID,26,Time,1020.719,DronePosition,-110.2394,59.26447,-107.379,0,CameraPosition,-103.1799,1.77964,-107.4883,CameraRotation,346.9254,267.8523,359.1676,CurrentState,End,Slider,51,Scenario,3
ID,26,Time,1020.733,DronePosition,-110.2394,59.26447,-107.379,0,CameraPosition,-103.1799,1.779618,-107.4882,CameraRotation,346.9297,267.8713,359.1746,CurrentState,End,Slider,51,Scenario,3
ID,26,Time,1020.747,DronePosition,-110.2394,59.26447,-107.379,0,CameraPosition,-103.18,1.779589,-107.4882,CameraRotation,346.9164,267.8897,359.1883,CurrentState,End,Slider,51,Scenario,3
ID,26,Time,1020.761,DronePosition,-110.2394,59.26447,-107.379,0,CameraPosition,-103.1801,1.779575,-107.4882,CameraRotation,346.8968,267.9128,359.1906,CurrentState,End,Slider,51,Scenario,3
ID,26,Time,1020.775,DronePosition,-110.2394,59.26447,-107.379,0,CameraPosition,-103.1802,1.779594,-107.4881,CameraRotation,346.8874,267.9324,359.1948,CurrentState,End,Slider,51,Scenario,3
ID,26,Time,1020.789,DronePosition,-110.2394,59.26447,-107.379,0,CameraPosition,-103.1802,1.779618,-107.488,CameraRotation,346.8626,267.9537,359.185,CurrentState,End,Slider,51,Scenario,3
ID,26,Time,1020.802,DronePosition,-110.2394,59.26447,-107.379,0,CameraPosition,-103.1803,1.779646,-107.488,CameraRotation,346.8339,267.9828,359.1566,CurrentState,End,Slider,51,Scenario,3
ID,26,Time,1020.816,DronePosition,-110.2394,59.26447,-107.379,0,CameraPosition,-103.1804,1.779657,-107.4879,CameraRotation,346.815,268.0049,359.1417,CurrentState,End,Slider,51,Scenario,3
ID,26,Time,1020.83,DronePosition,-110.2394,59.26447,-107.379,0,CameraPosition,-103.1806,1.779664,-107.4878,CameraRotation,346.8245,268.033,359.1492,CurrentState,End,Slider,51,Scenario,3
ID,26,Time,1020.844,DronePosition,-110.2394,59.26447,-107.379,0,CameraPosition,-103.1807,1.779666,-107.4877,CameraRotation,346.8251,268.0558,359.1624,CurrentState,End,Slider,51,Scenario,3
ID,26,Time,1020.858,DronePosition,-110.2394,59.26447,-107.379,0,CameraPosition,-103.1808,1.779662,-107.4877,CameraRotation,346.8421,268.0707,359.1822,CurrentState,End,Slider,51,Scenario,3
ID,26,Time,1020.872,DronePosition,-110.2394,59.26447,-107.379,0,CameraPosition,-103.1809,1.779625,-107.4877,CameraRotation,346.857,268.0917,359.2011,CurrentState,End,Slider,51,Scenario,3
ID,26,Time,1020.886,DronePosition,-110.2394,59.26447,-107.379,0,CameraPosition,-103.181,1.779581,-107.4877,CameraRotation,346.8845,268.12,359.2072,CurrentState,End,Slider,51,Scenario,3
ID,26,Time,1020.9,DronePosition,-110.2394,59.26447,-107.379,0,CameraPosition,-103.1812,1.77953,-107.4876,CameraRotation,346.8898,268.1545,359.2112,CurrentState,End,Slider,51,Scenario,3
ID,26,Time,1020.914,DronePosition,-110.2394,59.26447,-107.379,0,CameraPosition,-103.1812,1.779516,-107.4876,CameraRotation,346.9017,268.1788,359.2209,CurrentState,End,Slider,51,Scenario,3
ID,26,Time,1020.929,DronePosition,-110.2394,59.26447,-107.379,0,CameraPosition,-103.1814,1.779501,-107.4876,CameraRotation,346.9012,268.2004,359.2363,CurrentState,End,Slider,51,Scenario,3
ID,26,Time,1020.942,DronePosition,-110.2394,59.26447,-107.379,0,CameraPosition,-103.1815,1.779482,-107.4876,CameraRotation,346.9184,268.2307,359.2587,CurrentState,End,Slider,51,Scenario,3
ID,26,Time,1020.956,DronePosition,-110.2394,59.26447,-107.379,0,CameraPosition,-103.1816,1.779441,-107.4876,CameraRotation,346.9576,268.26,359.2712,CurrentState,End,Slider,51,Scenario,3
ID,26,Time,1020.969,DronePosition,-110.2394,59.26447,-107.379,0,CameraPosition,-103.1818,1.779368,-107.4876,CameraRotation,346.9739,268.302,359.284,CurrentState,End,Slider,51,Scenario,3
ID,26,Time,1020.984,DronePosition,-110.2394,59.26447,-107.379,0,CameraPosition,-103.1819,1.779291,-107.4876,CameraRotation,347.0092,268.3512,359.303,CurrentState,End,Slider,51,Scenario,3
ID,26,Time,1020.997,DronePosition,-110.2394,59.26447,-107.379,0,CameraPosition,-103.1821,1.779258,-107.4876,CameraRotation,347.0301,268.4038,359.3238,CurrentState,End,Slider,51,Scenario,3
ID,26,Time,1021.011,DronePosition,-110.2394,59.26447,-107.379,0,CameraPosition,-103.1822,1.779242,-107.4875,CameraRotation,347.0182,268.4461,359.3452,CurrentState,End,Slider,51,Scenario,3
ID,26,Time,1021.026,DronePosition,-110.2394,59.26447,-107.379,0,CameraPosition,-103.1823,1.779213,-107.4875,CameraRotation,347.0112,268.4979,359.3224,CurrentState,End,Slider,51,Scenario,3
ID,26,Time,1021.039,DronePosition,-110.2394,59.26447,-107.379,0,CameraPosition,-103.1825,1.779161,-107.4874,CameraRotation,347.028,268.5496,359.299,CurrentState,End,Slider,51,Scenario,3
ID,26,Time,1021.053,DronePosition,-110.2394,59.26447,-107.379,0,CameraPosition,-103.1825,1.779096,-107.4874,CameraRotation,347.0752,268.6093,359.2923,CurrentState,End,Slider,51,Scenario,3
ID,26,Time,1021.067,DronePosition,-110.2394,59.26447,-107.379,0,CameraPosition,-103.1826,1.779051,-107.4873,CameraRotation,347.1187,268.6563,359.2986,CurrentState,End,Slider,51,Scenario,3
ID,26,Time,1021.081,DronePosition,-110.2394,59.26447,-107.379,0,CameraPosition,-103.1826,1.779008,-107.4872,CameraRotation,347.1496,268.7078,359.3019,CurrentState,End,Slider,51,Scenario,3
ID,26,Time,1021.095,DronePosition,-110.2394,59.26447,-107.379,0,CameraPosition,-103.1827,1.778972,-107.4871,CameraRotation,347.1752,268.7743,359.2853,CurrentState,End,Slider,51,Scenario,3
ID,26,Time,1021.109,DronePosition,-110.2394,59.26447,-107.379,0,CameraPosition,-103.1828,1.778949,-107.4871,CameraRotation,347.1828,268.866,359.26,CurrentState,End,Slider,51,Scenario,3
ID,26,Time,1021.123,DronePosition,-110.2394,59.26447,-107.379,0,CameraPosition,-103.1829,1.778942,-107.487,CameraRotation,347.1801,268.9762,359.245,CurrentState,End,Slider,51,Scenario,3
ID,26,Time,1021.137,DronePosition,-110.2394,59.26447,-107.379,0,CameraPosition,-103.183,1.778926,-107.4869,CameraRotation,347.1777,269.0718,359.2455,CurrentState,End,Slider,51,Scenario,3
ID,26,Time,1021.151,DronePosition,-110.2394,59.26447,-107.379,0,CameraPosition,-103.1831,1.778911,-107.4869,CameraRotation,347.1986,269.1647,359.2426,CurrentState,End,Slider,51,Scenario,3
ID,26,Time,1021.164,DronePosition,-110.2394,59.26447,-107.379,0,CameraPosition,-103.1832,1.778876,-107.4868,CameraRotation,347.2271,269.2349,359.2353,CurrentState,End,Slider,51,Scenario,3
ID,26,Time,1021.178,DronePosition,-110.2394,59.26447,-107.379,0,CameraPosition,-103.1833,1.778847,-107.4868,CameraRotation,347.256,269.2916,359.2191,CurrentState,End,Slider,51,Scenario,3
ID,26,Time,1021.192,DronePosition,-110.2394,59.26447,-107.379,0,CameraPosition,-103.1833,1.778826,-107.4868,CameraRotation,347.279,269.3325,359.2029,CurrentState,End,Slider,51,Scenario,3
ID,26,Time,1021.206,DronePosition,-110.2394,59.26447,-107.379,0,CameraPosition,-103.1834,1.778818,-107.4868,CameraRotation,347.2971,269.3576,359.1866,CurrentState,End,Slider,51,Scenario,3
ID,26,Time,1021.22,DronePosition,-110.2394,59.26447,-107.379,0,CameraPosition,-103.1834,1.778821,-107.4869,CameraRotation,347.3058,269.3844,359.1808,CurrentState,End,Slider,51,Scenario,3
ID,26,Time,1021.234,DronePosition,-110.2394,59.26447,-107.379,0,CameraPosition,-103.1835,1.778834,-107.4869,CameraRotation,347.3166,269.4039,359.1778,CurrentState,End,Slider,51,Scenario,3
ID,26,Time,1021.248,DronePosition,-110.2394,59.26447,-107.379,0,CameraPosition,-103.1835,1.778833,-107.487,CameraRotation,347.32,269.4427,359.1729,CurrentState,End,Slider,51,Scenario,3
ID,26,Time,1021.262,DronePosition,-110.2394,59.26447,-107.379,0,CameraPosition,-103.1835,1.778839,-107.487,CameraRotation,347.3152,269.4657,359.1905,CurrentState,End,Slider,51,Scenario,3
ID,26,Time,1021.276,DronePosition,-110.2394,59.26447,-107.379,0,CameraPosition,-103.1835,1.778865,-107.4871,CameraRotation,347.3025,269.4964,359.207,CurrentState,End,Slider,51,Scenario,3
ID,26,Time,1021.29,DronePosition,-110.2394,59.26447,-107.379,0,CameraPosition,-103.1835,1.778899,-107.4872,CameraRotation,347.2909,269.5141,359.2274,CurrentState,End,Slider,51,Scenario,3
ID,26,Time,1021.304,DronePosition,-110.2394,59.26447,-107.379,0,CameraPosition,-103.1835,1.778905,-107.4872,CameraRotation,347.2798,269.5341,359.2434,CurrentState,End,Slider,51,Scenario,3
ID,26,Time,1021.318,DronePosition,-110.2394,59.26447,-107.379,0,CameraPosition,-103.1835,1.778903,-107.4873,CameraRotation,347.2807,269.5329,359.2597,CurrentState,End,Slider,51,Scenario,3
ID,26,Time,1021.332,DronePosition,-110.2394,59.26447,-107.379,0,CameraPosition,-103.1835,1.778915,-107.4874,CameraRotation,347.2762,269.5292,359.2755,CurrentState,End,Slider,51,Scenario,3
ID,26,Time,1021.346,DronePosition,-110.2394,59.26447,-107.379,0,CameraPosition,-103.1835,1.778936,-107.4875,CameraRotation,347.2537,269.5296,359.305,CurrentState,End,Slider,51,Scenario,3
ID,26,Time,1021.359,DronePosition,-110.2394,59.26447,-107.379,0,CameraPosition,-103.1834,1.778972,-107.4877,CameraRotation,347.2313,269.5196,359.3266,CurrentState,End,Slider,51,Scenario,3
ID,26,Time,1021.373,DronePosition,-110.2394,59.26447,-107.379,0,CameraPosition,-103.1834,1.778971,-107.4878,CameraRotation,347.2033,269.5119,359.3541,CurrentState,End,Slider,51,Scenario,3
ID,26,Time,1021.387,DronePosition,-110.2394,59.26447,-107.379,0,CameraPosition,-103.1833,1.778994,-107.4879,CameraRotation,347.1957,269.5049,359.3822,CurrentState,End,Slider,51,Scenario,3
ID,26,Time,1021.401,DronePosition,-110.2394,59.26447,-107.379,0,CameraPosition,-103.1833,1.779005,-107.488,CameraRotation,347.1563,269.498,359.4169,CurrentState,End,Slider,51,Scenario,3
ID,26,Time,1021.415,DronePosition,-110.2394,59.26447,-107.379,0,CameraPosition,-103.1832,1.77903,-107.4881,CameraRotation,347.1403,269.4913,359.446,CurrentState,End,Slider,51,Scenario,3
ID,26,Time,1021.429,DronePosition,-110.2394,59.26447,-107.379,0,CameraPosition,-103.1832,1.779044,-107.4882,CameraRotation,347.129,269.4959,359.4632,CurrentState,End,Slider,51,Scenario,3
ID,26,Time,1021.443,DronePosition,-110.2394,59.26447,-107.379,0,CameraPosition,-103.1831,1.779066,-107.4883,CameraRotation,347.1083,269.5061,359.4668,CurrentState,End,Slider,51,Scenario,3
ID,26,Time,1021.457,DronePosition,-110.2394,59.26447,-107.379,0,CameraPosition,-103.1831,1.779111,-107.4883,CameraRotation,347.0781,269.5161,359.4439,CurrentState,End,Slider,51,Scenario,3
ID,26,Time,1021.471,DronePosition,-110.2394,59.26447,-107.379,0,CameraPosition,-103.1831,1.779174,-107.4883,CameraRotation,347.0622,269.554,359.4172,CurrentState,End,Slider,51,Scenario,3
ID,26,Time,1021.485,DronePosition,-110.2394,59.26447,-107.379,0,CameraPosition,-103.1831,1.77925,-107.4883,CameraRotation,347.0502,269.5955,359.3969,CurrentState,End,Slider,51,Scenario,3
ID,26,Time,1021.499,DronePosition,-110.2394,59.26447,-107.379,0,CameraPosition,-103.1831,1.779298,-107.4883,CameraRotation,347.0322,269.6502,359.399,CurrentState,End,Slider,51,Scenario,3
ID,26,Time,1021.513,DronePosition,-110.2394,59.26447,-107.379,0,CameraPosition,-103.183,1.77931,-107.4883,CameraRotation,347.0218,269.6986,359.4058,CurrentState,End,Slider,51,Scenario,3
ID,26,Time,1021.527,DronePosition,-110.2394,59.26447,-107.379,0,CameraPosition,-103.183,1.77929,-107.4883,CameraRotation,347.0425,269.7526,359.3938,CurrentState,End,Slider,51,Scenario,3
ID,26,Time,1021.541,DronePosition,-110.2394,59.26447,-107.379,0,CameraPosition,-103.183,1.779232,-107.4883,CameraRotation,347.063,269.8131,359.3824,CurrentState,End,Slider,51,Scenario,3
ID,26,Time,1021.554,DronePosition,-110.2394,59.26447,-107.379,0,CameraPosition,-103.1829,1.779205,-107.4884,CameraRotation,347.0682,269.8591,359.3729,CurrentState,End,Slider,51,Scenario,3
ID,26,Time,1021.568,DronePosition,-110.2394,59.26447,-107.379,0,CameraPosition,-103.1829,1.779191,-107.4884,CameraRotation,347.0499,269.8779,359.3714,CurrentState,End,Slider,51,Scenario,3
ID,26,Time,1021.582,DronePosition,-110.2394,59.26447,-107.379,0,CameraPosition,-103.1829,1.779205,-107.4885,CameraRotation,347.0352,269.8973,359.3669,CurrentState,End,Slider,51,Scenario,3
ID,26,Time,1021.596,DronePosition,-110.2394,59.26447,-107.379,0,CameraPosition,-103.1829,1.779204,-107.4886,CameraRotation,347.0252,269.9045,359.3601,CurrentState,End,Slider,51,Scenario,3
ID,26,Time,1021.61,DronePosition,-110.2394,59.26447,-107.379,0,CameraPosition,-103.1829,1.779206,-107.4887,CameraRotation,347.0468,269.9207,359.3573,CurrentState,End,Slider,51,Scenario,3
ID,26,Time,1021.624,DronePosition,-110.2394,59.26447,-107.379,0,CameraPosition,-103.1829,1.779177,-107.4888,CameraRotation,347.0602,269.933,359.3667,CurrentState,End,Slider,51,Scenario,3
ID,26,Time,1021.638,DronePosition,-110.2394,59.26447,-107.379,0,CameraPosition,-103.1829,1.779125,-107.4889,CameraRotation,347.1027,269.9357,359.3914,CurrentState,End,Slider,51,Scenario,3
ID,26,Time,1021.652,DronePosition,-110.2394,59.26447,-107.379,0,CameraPosition,-103.1829,1.779085,-107.489,CameraRotation,347.151,269.9385,359.4109,CurrentState,End,Slider,51,Scenario,3
ID,26,Time,1021.665,DronePosition,-110.2394,59.26447,-107.379,0,CameraPosition,-103.183,1.779078,-107.4891,CameraRotation,347.1681,269.9487,359.4241,CurrentState,End,Slider,51,Scenario,3
ID,26,Time,1021.68,DronePosition,-110.2394,59.26447,-107.379,0,CameraPosition,-103.183,1.779087,-107.4892,CameraRotation,347.17,269.9507,359.4247,CurrentState,End,Slider,51,Scenario,3
ID,26,Time,1021.693,DronePosition,-110.2394,59.26447,-107.379,0,CameraPosition,-103.183,1.77909,-107.4894,CameraRotation,347.1717,269.9615,359.4142,CurrentState,End,Slider,51,Scenario,3
ID,26,Time,1021.707,DronePosition,-110.2394,59.26447,-107.379,0,CameraPosition,-103.183,1.779089,-107.4895,CameraRotation,347.1881,269.9642,359.4147,CurrentState,End,Slider,51,Scenario,3
ID,26,Time,1021.721,DronePosition,-110.2394,59.26447,-107.379,0,CameraPosition,-103.183,1.779085,-107.4896,CameraRotation,347.1971,269.9547,359.4173,CurrentState,End,Slider,51,Scenario,3
ID,26,Time,1021.736,DronePosition,-110.2394,59.26447,-107.379,0,CameraPosition,-103.183,1.77908,-107.4897,CameraRotation,347.2202,269.9411,359.428,CurrentState,End,Slider,51,Scenario,3
ID,26,Time,1021.749,DronePosition,-110.2394,59.26447,-107.379,0,CameraPosition,-103.1829,1.779061,-107.4899,CameraRotation,347.2491,269.9443,359.4316,CurrentState,End,Slider,51,Scenario,3
ID,26,Time,1021.763,DronePosition,-110.2394,59.26447,-107.379,0,CameraPosition,-103.1829,1.779047,-107.49,CameraRotation,347.2722,269.9478,359.4242,CurrentState,End,Slider,51,Scenario,3
ID,26,Time,1021.777,DronePosition,-110.2394,59.26447,-107.379,0,CameraPosition,-103.1829,1.779035,-107.4902,CameraRotation,347.2956,269.9568,359.4242,CurrentState,End,Slider,51,Scenario,3
ID,26,Time,1021.791,DronePosition,-110.2394,59.26447,-107.379,0,CameraPosition,-103.1828,1.779024,-107.4903,CameraRotation,347.308,269.9594,359.4435,CurrentState,End,Slider,51,Scenario,3
ID,26,Time,1021.805,DronePosition,-110.2394,59.26447,-107.379,0,CameraPosition,-103.1828,1.77902,-107.4904,CameraRotation,347.312,269.962,359.4597,CurrentState,End,Slider,51,Scenario,3
ID,26,Time,1021.819,DronePosition,-110.2394,59.26447,-107.379,0,CameraPosition,-103.1827,1.779033,-107.4906,CameraRotation,347.3098,269.9615,359.4762,CurrentState,End,Slider,51,Scenario,3
ID,26,Time,1021.833,DronePosition,-110.2394,59.26447,-107.379,0,CameraPosition,-103.1827,1.779042,-107.4907,CameraRotation,347.2991,269.9639,359.4829,CurrentState,End,Slider,51,Scenario,3
ID,26,Time,1021.847,DronePosition,-110.2394,59.26447,-107.379,0,CameraPosition,-103.1826,1.779036,-107.4908,CameraRotation,347.2943,269.9632,359.492,CurrentState,End,Slider,51,Scenario,3
ID,26,Time,1021.861,DronePosition,-110.2394,59.26447,-107.379,0,CameraPosition,-103.1824,1.779053,-107.4909,CameraRotation,347.2976,269.9765,359.4798,CurrentState,End,Slider,51,Scenario,3
ID,26,Time,1021.874,DronePosition,-110.2394,59.26447,-107.379,0,CameraPosition,-103.1823,1.77906,-107.4911,CameraRotation,347.2997,269.9766,359.4915,CurrentState,End,Slider,51,Scenario,3
ID,26,Time,1021.888,DronePosition,-110.2394,59.26447,-107.379,0,CameraPosition,-103.1822,1.779071,-107.4912,CameraRotation,347.2878,269.9834,359.5043,CurrentState,End,Slider,51,Scenario,3
ID,26,Time,1021.902,DronePosition,-110.2394,59.26447,-107.379,0,CameraPosition,-103.1821,1.779103,-107.4913,CameraRotation,347.2592,269.9869,359.5154,CurrentState,End,Slider,51,Scenario,3
ID,26,Time,1021.916,DronePosition,-110.2394,59.26447,-107.379,0,CameraPosition,-103.1819,1.779167,-107.4914,CameraRotation,347.2209,269.9948,359.5159,CurrentState,End,Slider,51,Scenario,3
ID,26,Time,1021.93,DronePosition,-110.2394,59.26447,-107.379,0,CameraPosition,-103.1818,1.779204,-107.4916,CameraRotation,347.1911,270.0027,359.5253,CurrentState,End,Slider,51,Scenario,3
ID,26,Time,1021.945,DronePosition,-110.2394,59.26447,-107.379,0,CameraPosition,-103.1817,1.779192,-107.4917,CameraRotation,347.1733,269.9977,359.5319,CurrentState,End,Slider,51,Scenario,3
ID,26,Time,1021.958,DronePosition,-110.2394,59.26447,-107.379,0,CameraPosition,-103.1816,1.77915,-107.4918,CameraRotation,347.1658,269.994,359.5448,CurrentState,End,Slider,51,Scenario,3
ID,26,Time,1021.972,DronePosition,-110.2394,59.26447,-107.379,0,CameraPosition,-103.1815,1.779158,-107.4919,CameraRotation,347.1648,269.9914,359.5501,CurrentState,End,Slider,51,Scenario,3
ID,26,Time,1021.986,DronePosition,-110.2394,59.26447,-107.379,0,CameraPosition,-103.1814,1.779161,-107.492,CameraRotation,347.1554,269.9923,359.5539,CurrentState,End,Slider,51,Scenario,3
ID,26,Time,1022,DronePosition,-110.2394,59.26447,-107.379,0,CameraPosition,-103.1812,1.779162,-107.4921,CameraRotation,347.1402,269.9962,359.556,CurrentState,End,Slider,51,Scenario,3
ID,26,Time,1022.014,DronePosition,-110.2394,59.26447,-107.379,0,CameraPosition,-103.1811,1.779159,-107.4922,CameraRotation,347.1218,269.9974,359.5647,CurrentState,End,Slider,51,Scenario,3
ID,26,Time,1022.028,DronePosition,-110.2394,59.26447,-107.379,0,CameraPosition,-103.181,1.779182,-107.4923,CameraRotation,347.1133,270.0058,359.5685,CurrentState,End,Slider,51,Scenario,3
ID,26,Time,1022.042,DronePosition,-110.2394,59.26447,-107.379,0,CameraPosition,-103.1809,1.779223,-107.4924,CameraRotation,347.0934,270.0015,359.5823,CurrentState,End,Slider,51,Scenario,3
ID,26,Time,1022.056,DronePosition,-110.2394,59.26447,-107.379,0,CameraPosition,-103.1808,1.779282,-107.4925,CameraRotation,347.067,270.0025,359.6014,CurrentState,End,Slider,51,Scenario,3
ID,26,Time,1022.069,DronePosition,-110.2394,59.26447,-107.379,0,CameraPosition,-103.1807,1.779313,-107.4926,CameraRotation,347.049,269.9851,359.6264,CurrentState,End,Slider,51,Scenario,3
ID,26,Time,1022.083,DronePosition,-110.2394,59.26447,-107.379,0,CameraPosition,-103.1806,1.779328,-107.4927,CameraRotation,347.0504,269.9749,359.6382,CurrentState,End,Slider,51,Scenario,3
ID,26,Time,1022.097,DronePosition,-110.2394,59.26447,-107.379,0,CameraPosition,-103.1805,1.779339,-107.4928,CameraRotation,347.0457,269.9675,359.6207,CurrentState,End,Slider,51,Scenario,3
ID,26,Time,1022.112,DronePosition,-110.2394,59.26447,-107.379,0,CameraPosition,-103.1804,1.779342,-107.4929,CameraRotation,347.0172,269.9697,359.5815,CurrentState,End,Slider,51,Scenario,3
ID,26,Time,1022.125,DronePosition,-110.2394,59.26447,-107.379,0,CameraPosition,-103.1804,1.779367,-107.493,CameraRotation,346.996,269.9877,359.53,CurrentState,End,Slider,51,Scenario,3
ID,26,Time,1022.139,DronePosition,-110.2394,59.26447,-107.379,0,CameraPosition,-103.1803,1.779388,-107.493,CameraRotation,346.9928,269.9966,359.5276,CurrentState,End,Slider,51,Scenario,3
ID,26,Time,1022.153,DronePosition,-110.2394,59.26447,-107.379,0,CameraPosition,-103.1802,1.779386,-107.4931,CameraRotation,346.9959,270.0072,359.5452,CurrentState,End,Slider,51,Scenario,3
ID,26,Time,1022.167,DronePosition,-110.2394,59.26447,-107.379,0,CameraPosition,-103.1802,1.779374,-107.4932,CameraRotation,347.0136,270.0229,359.5627,CurrentState,End,Slider,51,Scenario,3
ID,26,Time,1022.181,DronePosition,-110.2394,59.26447,-107.379,0,CameraPosition,-103.1801,1.779386,-107.4933,CameraRotation,347.0461,270.0226,359.5828,CurrentState,End,Slider,51,Scenario,3
ID,26,Time,1022.195,DronePosition,-110.2394,59.26447,-107.379,0,CameraPosition,-103.18,1.779384,-107.4934,CameraRotation,347.0728,270.0323,359.5905,CurrentState,End,Slider,51,Scenario,3
ID,26,Time,1022.209,DronePosition,-110.2394,59.26447,-107.379,0,CameraPosition,-103.1799,1.779361,-107.4935,CameraRotation,347.0948,270.0133,359.6022,CurrentState,End,Slider,51,Scenario,3
ID,26,Time,1022.222,DronePosition,-110.2394,59.26447,-107.379,0,CameraPosition,-103.1798,1.779334,-107.4937,CameraRotation,347.1094,269.9818,359.6196,CurrentState,End,Slider,51,Scenario,3
ID,26,Time,1022.236,DronePosition,-110.2394,59.26447,-107.379,0,CameraPosition,-103.1798,1.77933,-107.4938,CameraRotation,347.1188,269.9489,359.6415,CurrentState,End,Slider,51,Scenario,3
ID,26,Time,1022.25,DronePosition,-110.2394,59.26447,-107.379,0,CameraPosition,-103.1797,1.779319,-107.494,CameraRotation,347.1096,269.9027,359.6544,CurrentState,End,Slider,51,Scenario,3
ID,26,Time,1022.264,DronePosition,-110.2394,59.26447,-107.379,0,CameraPosition,-103.1796,1.779299,-107.4941,CameraRotation,347.1031,269.8716,359.6586,CurrentState,End,Slider,51,Scenario,3
ID,26,Time,1022.278,DronePosition,-110.2394,59.26447,-107.379,0,CameraPosition,-103.1796,1.779263,-107.4943,CameraRotation,347.0899,269.8409,359.6566,CurrentState,End,Slider,51,Scenario,3
ID,26,Time,1022.292,DronePosition,-110.2394,59.26447,-107.379,0,CameraPosition,-103.1795,1.779238,-107.4944,CameraRotation,347.0897,269.8159,359.6612,CurrentState,End,Slider,51,Scenario,3
ID,26,Time,1022.306,DronePosition,-110.2394,59.26447,-107.379,0,CameraPosition,-103.1795,1.779223,-107.4945,CameraRotation,347.0996,269.7829,359.6776,CurrentState,End,Slider,51,Scenario,3
ID,26,Time,1022.32,DronePosition,-110.2394,59.26447,-107.379,0,CameraPosition,-103.1794,1.77921,-107.4946,CameraRotation,347.0799,269.7483,359.6946,CurrentState,End,Slider,51,Scenario,3
ID,26,Time,1022.334,DronePosition,-110.2394,59.26447,-107.379,0,CameraPosition,-103.1793,1.779254,-107.4947,CameraRotation,347.0734,269.7205,359.6701,CurrentState,End,Slider,51,Scenario,3
ID,26,Time,1022.348,DronePosition,-110.2394,59.26447,-107.379,0,CameraPosition,-103.1792,1.779282,-107.4948,CameraRotation,347.0732,269.7106,359.6389,CurrentState,End,Slider,51,Scenario,3
ID,26,Time,1022.362,DronePosition,-110.2394,59.26447,-107.379,0,CameraPosition,-103.1792,1.779324,-107.4949,CameraRotation,347.0989,269.7051,359.6194,CurrentState,End,Slider,51,Scenario,3
ID,26,Time,1022.376,DronePosition,-110.2394,59.26447,-107.379,0,CameraPosition,-103.1791,1.779317,-107.495,CameraRotation,347.1164,269.711,359.6119,CurrentState,End,Slider,51,Scenario,3
ID,26,Time,1022.39,DronePosition,-110.2394,59.26447,-107.379,0,CameraPosition,-103.179,1.779308,-107.495,CameraRotation,347.1491,269.7193,359.6129,CurrentState,End,Slider,51,Scenario,3
ID,26,Time,1022.404,DronePosition,-110.2394,59.26447,-107.379,0,CameraPosition,-103.179,1.779285,-107.4951,CameraRotation,347.1772,269.7484,359.6178,CurrentState,End,Slider,51,Scenario,3
ID,26,Time,1022.417,DronePosition,-110.2394,59.26447,-107.379,0,CameraPosition,-103.1789,1.779278,-107.4952,CameraRotation,347.2088,269.7857,359.6203,CurrentState,End,Slider,51,Scenario,3
ID,26,Time,1022.431,DronePosition,-110.2394,59.26447,-107.379,0,CameraPosition,-103.1789,1.779259,-107.4952,CameraRotation,347.2216,269.8089,359.6321,CurrentState,End,Slider,51,Scenario,3
ID,26,Time,1022.445,DronePosition,-110.2394,59.26447,-107.379,0,CameraPosition,-103.1789,1.779251,-107.4953,CameraRotation,347.2327,269.8213,359.64,CurrentState,End,Slider,51,Scenario,3
ID,26,Time,1022.459,DronePosition,-110.2394,59.26447,-107.379,0,CameraPosition,-103.1788,1.779243,-107.4954,CameraRotation,347.2348,269.8111,359.6554,CurrentState,End,Slider,51,Scenario,3
ID,26,Time,1022.473,DronePosition,-110.2394,59.26447,-107.379,0,CameraPosition,-103.1787,1.779241,-107.4955,CameraRotation,347.235,269.7696,359.6715,CurrentState,End,Slider,51,Scenario,3
ID,26,Time,1022.487,DronePosition,-110.2394,59.26447,-107.379,0,CameraPosition,-103.1786,1.779233,-107.4956,CameraRotation,347.2302,269.7218,359.6774,CurrentState,End,Slider,51,Scenario,3
ID,26,Time,1022.501,DronePosition,-110.2394,59.26447,-107.379,0,CameraPosition,-103.1785,1.779265,-107.4957,CameraRotation,347.2264,269.6845,359.6724,CurrentState,End,Slider,51,Scenario,3
ID,26,Time,1022.515,DronePosition,-110.2394,59.26447,-107.379,0,CameraPosition,-103.1784,1.779303,-107.4958,CameraRotation,347.2157,269.6345,359.6796,CurrentState,End,Slider,51,Scenario,3
ID,26,Time,1022.529,DronePosition,-110.2394,59.26447,-107.379,0,CameraPosition,-103.1783,1.779345,-107.4959,CameraRotation,347.2049,269.6041,359.6925,CurrentState,End,Slider,51,Scenario,3
ID,26,Time,1022.543,DronePosition,-110.2394,59.26447,-107.379,0,CameraPosition,-103.1782,1.779366,-107.4959,CameraRotation,347.1841,269.576,359.7037,CurrentState,End,Slider,51,Scenario,3
ID,26,Time,1022.557,DronePosition,-110.2394,59.26447,-107.379,0,CameraPosition,-103.1781,1.779379,-107.4959,CameraRotation,347.1701,269.5706,359.7103,CurrentState,End,Slider,51,Scenario,3
ID,26,Time,1022.571,DronePosition,-110.2394,59.26447,-107.379,0,CameraPosition,-103.178,1.779371,-107.4959,CameraRotation,347.1622,269.5716,359.7205,CurrentState,End,Slider,51,Scenario,3
ID,26,Time,1022.584,DronePosition,-110.2394,59.26447,-107.379,0,CameraPosition,-103.178,1.779327,-107.4959,CameraRotation,347.1594,269.5986,359.7149,CurrentState,End,Slider,51,Scenario,3
ID,26,Time,1022.599,DronePosition,-110.2394,59.26447,-107.379,0,CameraPosition,-103.178,1.779292,-107.4958,CameraRotation,347.1645,269.6325,359.7101,CurrentState,End,Slider,51,Scenario,3
ID,26,Time,1022.612,DronePosition,-110.2394,59.26447,-107.379,0,CameraPosition,-103.1779,1.779301,-107.4958,CameraRotation,347.1609,269.6613,359.7031,CurrentState,End,Slider,51,Scenario,3
ID,26,Time,1022.627,DronePosition,-110.2394,59.26447,-107.379,0,CameraPosition,-103.1779,1.779314,-107.4958,CameraRotation,347.1674,269.7001,359.6933,CurrentState,End,Slider,51,Scenario,3
ID,26,Time,1022.64,DronePosition,-110.2394,59.26447,-107.379,0,CameraPosition,-103.1778,1.779313,-107.4957,CameraRotation,347.1648,269.7375,359.6802,CurrentState,End,Slider,51,Scenario,3
ID,26,Time,1022.654,DronePosition,-110.2394,59.26447,-107.379,0,CameraPosition,-103.1777,1.779329,-107.4957,CameraRotation,347.1662,269.7653,359.6743,CurrentState,End,Slider,51,Scenario,3
ID,26,Time,1022.668,DronePosition,-110.2394,59.26447,-107.379,0,CameraPosition,-103.1776,1.779374,-107.4957,CameraRotation,347.1762,269.7845,359.6697,CurrentState,End,Slider,51,Scenario,3
ID,26,Time,1022.682,DronePosition,-110.2394,59.26447,-107.379,0,CameraPosition,-103.1775,1.77941,-107.4956,CameraRotation,347.1807,269.7914,359.664,CurrentState,End,Slider,51,Scenario,3
ID,26,Time,1022.696,DronePosition,-110.2394,59.26447,-107.379,0,CameraPosition,-103.1775,1.779423,-107.4956,CameraRotation,347.1722,269.7924,359.6624,CurrentState,End,Slider,51,Scenario,3
ID,26,Time,1022.71,DronePosition,-110.2394,59.26447,-107.379,0,CameraPosition,-103.1774,1.779459,-107.4957,CameraRotation,347.1554,269.7772,359.6639,CurrentState,End,Slider,51,Scenario,3
ID,26,Time,1022.724,DronePosition,-110.2394,59.26447,-107.379,0,CameraPosition,-103.1773,1.779502,-107.4957,CameraRotation,347.144,269.7582,359.6781,CurrentState,End,Slider,51,Scenario,3
ID,26,Time,1022.738,DronePosition,-110.2394,59.26447,-107.379,0,CameraPosition,-103.1773,1.779501,-107.4957,CameraRotation,347.1168,269.7212,359.6771,CurrentState,End,Slider,51,Scenario,3
ID,26,Time,1022.752,DronePosition,-110.2394,59.26447,-107.379,0,CameraPosition,-103.1773,1.779484,-107.4957,CameraRotation,347.1265,269.6804,359.6851,CurrentState,End,Slider,51,Scenario,3
ID,26,Time,1022.766,DronePosition,-110.2394,59.26447,-107.379,0,CameraPosition,-103.1773,1.779475,-107.4957,CameraRotation,347.139,269.6682,359.6839,CurrentState,End,Slider,51,Scenario,3
ID,26,Time,1022.78,DronePosition,-110.2394,59.26447,-107.379,0,CameraPosition,-103.1773,1.779482,-107.4957,CameraRotation,347.1376,269.653,359.668,CurrentState,End,Slider,51,Scenario,3
ID,26,Time,1022.793,DronePosition,-110.2394,59.26447,-107.379,0,CameraPosition,-103.1772,1.779499,-107.4957,CameraRotation,347.1332,269.6563,359.6287,CurrentState,End,Slider,51,Scenario,3
ID,26,Time,1022.807,DronePosition,-110.2394,59.26447,-107.379,0,CameraPosition,-103.1772,1.779517,-107.4957,CameraRotation,347.1355,269.6597,359.6034,CurrentState,End,Slider,51,Scenario,3
ID,26,Time,1022.821,DronePosition,-110.2394,59.26447,-107.379,0,CameraPosition,-103.1771,1.779541,-107.4957,CameraRotation,347.1378,269.6635,359.6003,CurrentState,End,Slider,51,Scenario,3
ID,26,Time,1022.835,DronePosition,-110.2394,59.26447,-107.379,0,CameraPosition,-103.177,1.779556,-107.4958,CameraRotation,347.1361,269.6729,359.61,CurrentState,End,Slider,51,Scenario,3
ID,26,Time,1022.849,DronePosition,-110.2394,59.26447,-107.379,0,CameraPosition,-103.177,1.779557,-107.4958,CameraRotation,347.142,269.6758,359.6243,CurrentState,End,Slider,51,Scenario,3
ID,26,Time,1022.863,DronePosition,-110.2394,59.26447,-107.379,0,CameraPosition,-103.1769,1.779556,-107.4958,CameraRotation,347.1498,269.6869,359.6343,CurrentState,End,Slider,51,Scenario,3
ID,26,Time,1022.877,DronePosition,-110.2394,59.26447,-107.379,0,CameraPosition,-103.1769,1.779574,-107.4958,CameraRotation,347.1479,269.6967,359.6371,CurrentState,End,Slider,51,Scenario,3
ID,26,Time,1022.891,DronePosition,-110.2394,59.26447,-107.379,0,CameraPosition,-103.1768,1.779572,-107.4958,CameraRotation,347.128,269.6969,359.6428,CurrentState,End,Slider,51,Scenario,3
ID,26,Time,1022.905,DronePosition,-110.2394,59.26447,-107.379,0,CameraPosition,-103.1768,1.779527,-107.4958,CameraRotation,347.1238,269.6747,359.6552,CurrentState,End,Slider,51,Scenario,3
ID,26,Time,1022.919,DronePosition,-110.2394,59.26447,-107.379,0,CameraPosition,-103.1768,1.779483,-107.4958,CameraRotation,347.1359,269.6588,359.6606,CurrentState,End,Slider,51,Scenario,3
ID,26,Time,1022.933,DronePosition,-110.2394,59.26447,-107.379,0,CameraPosition,-103.1767,1.779493,-107.4958,CameraRotation,347.1182,269.6562,359.658,CurrentState,End,Slider,51,Scenario,3
ID,26,Time,1022.947,DronePosition,-110.2394,59.26447,-107.379,0,CameraPosition,-103.1767,1.779539,-107.4958,CameraRotation,347.0823,269.6527,359.6499,CurrentState,End,Slider,51,Scenario,3
ID,26,Time,1022.961,DronePosition,-110.2394,59.26447,-107.379,0,CameraPosition,-103.1766,1.779551,-107.4958,CameraRotation,347.0574,269.6506,359.6678,CurrentState,End,Slider,51,Scenario,3
ID,26,Time,1022.974,DronePosition,-110.2394,59.26447,-107.379,0,CameraPosition,-103.1766,1.779553,-107.4957,CameraRotation,347.0675,269.6508,359.6821,CurrentState,End,Slider,51,Scenario,3
ID,26,Time,1022.989,DronePosition,-110.2394,59.26447,-107.379,0,CameraPosition,-103.1766,1.779567,-107.4957,CameraRotation,347.0667,269.6555,359.6935,CurrentState,End,Slider,51,Scenario,3
ID,26,Time,1023.002,DronePosition,-110.2394,59.26447,-107.379,0,CameraPosition,-103.1766,1.779592,-107.4957,CameraRotation,347.0606,269.6539,359.7022,CurrentState,End,Slider,51,Scenario,3
ID,26,Time,1023.016,DronePosition,-110.2394,59.26447,-107.379,0,CameraPosition,-103.1766,1.779604,-107.4957,CameraRotation,347.0533,269.6567,359.691,CurrentState,End,Slider,51,Scenario,3
ID,26,Time,1023.03,DronePosition,-110.2394,59.26447,-107.379,0,CameraPosition,-103.1766,1.779604,-107.4956,CameraRotation,347.0609,269.6573,359.6835,CurrentState,End,Slider,51,Scenario,3
ID,26,Time,1023.044,DronePosition,-110.2394,59.26447,-107.379,0,CameraPosition,-103.1766,1.779597,-107.4956,CameraRotation,347.0688,269.6513,359.6754,CurrentState,End,Slider,51,Scenario,3
ID,26,Time,1023.058,DronePosition,-110.2394,59.26447,-107.379,0,CameraPosition,-103.1766,1.779596,-107.4956,CameraRotation,347.0763,269.6392,359.6796,CurrentState,End,Slider,51,Scenario,3
ID,26,Time,1023.072,DronePosition,-110.2394,59.26447,-107.379,0,CameraPosition,-103.1767,1.779546,-107.4956,CameraRotation,347.0692,269.6196,359.6794,CurrentState,End,Slider,51,Scenario,3
ID,26,Time,1023.086,DronePosition,-110.2394,59.26447,-107.379,0,CameraPosition,-103.1767,1.779492,-107.4956,CameraRotation,347.1119,269.6038,359.6714,CurrentState,End,Slider,51,Scenario,3
ID,26,Time,1023.1,DronePosition,-110.2394,59.26447,-107.379,0,CameraPosition,-103.1767,1.779454,-107.4955,CameraRotation,347.132,269.5902,359.6715,CurrentState,End,Slider,51,Scenario,3
ID,26,Time,1023.114,DronePosition,-110.2394,59.26447,-107.379,0,CameraPosition,-103.1767,1.77943,-107.4955,CameraRotation,347.1334,269.5869,359.669,CurrentState,End,Slider,51,Scenario,3
ID,26,Time,1023.128,DronePosition,-110.2394,59.26447,-107.379,0,CameraPosition,-103.1767,1.779441,-107.4954,CameraRotation,347.1313,269.5921,359.6679,CurrentState,End,Slider,51,Scenario,3
ID,26,Time,1023.142,DronePosition,-110.2394,59.26447,-107.379,0,CameraPosition,-103.1767,1.779439,-107.4954,CameraRotation,347.1223,269.5905,359.6682,CurrentState,End,Slider,51,Scenario,3
ID,26,Time,1023.155,DronePosition,-110.2394,59.26447,-107.379,0,CameraPosition,-103.1767,1.779417,-107.4954,CameraRotation,347.1217,269.6119,359.6573,CurrentState,End,Slider,51,Scenario,3
ID,26,Time,1023.169,DronePosition,-110.2394,59.26447,-107.379,0,CameraPosition,-103.1768,1.77937,-107.4953,CameraRotation,347.1314,269.6216,359.6555,CurrentState,End,Slider,51,Scenario,3
ID,26,Time,1023.183,DronePosition,-110.2394,59.26447,-107.379,0,CameraPosition,-103.1768,1.779324,-107.4953,CameraRotation,347.1472,269.6558,359.6313,CurrentState,End,Slider,51,Scenario,3
ID,26,Time,1023.198,DronePosition,-110.2394,59.26447,-107.379,0,CameraPosition,-103.1768,1.77928,-107.4952,CameraRotation,347.1577,269.6733,359.6257,CurrentState,End,Slider,51,Scenario,3
ID,26,Time,1023.211,DronePosition,-110.2394,59.26447,-107.379,0,CameraPosition,-103.1768,1.779244,-107.4951,CameraRotation,347.166,269.69,359.6105,CurrentState,End,Slider,51,Scenario,3
ID,26,Time,1023.225,DronePosition,-110.2394,59.26447,-107.379,0,CameraPosition,-103.1769,1.77919,-107.495,CameraRotation,347.1807,269.6996,359.5941,CurrentState,End,Slider,51,Scenario,3
ID,26,Time,1023.239,DronePosition,-110.2394,59.26447,-107.379,0,CameraPosition,-103.1769,1.779145,-107.495,CameraRotation,347.2239,269.697,359.5757,CurrentState,End,Slider,51,Scenario,3
ID,26,Time,1023.253,DronePosition,-110.2394,59.26447,-107.379,0,CameraPosition,-103.1769,1.779114,-107.4949,CameraRotation,347.2591,269.6919,359.5692,CurrentState,End,Slider,51,Scenario,3
ID,26,Time,1023.267,DronePosition,-110.2394,59.26447,-107.379,0,CameraPosition,-103.1769,1.779102,-107.4949,CameraRotation,347.2769,269.6901,359.5594,CurrentState,End,Slider,51,Scenario,3
ID,26,Time,1023.28,DronePosition,-110.2394,59.26447,-107.379,0,CameraPosition,-103.1769,1.779094,-107.4948,CameraRotation,347.2856,269.6781,359.5563,CurrentState,End,Slider,51,Scenario,3
ID,26,Time,1023.294,DronePosition,-110.2394,59.26447,-107.379,0,CameraPosition,-103.1769,1.779061,-107.4948,CameraRotation,347.2991,269.67,359.5558,CurrentState,End,Slider,51,Scenario,3
ID,26,Time,1023.308,DronePosition,-110.2394,59.26447,-107.379,0,CameraPosition,-103.1769,1.779041,-107.4948,CameraRotation,347.3118,269.6461,359.5711,CurrentState,End,Slider,51,Scenario,3
ID,26,Time,1023.323,DronePosition,-110.2394,59.26447,-107.379,0,CameraPosition,-103.1769,1.779051,-107.4948,CameraRotation,347.3062,269.6354,359.5657,CurrentState,End,Slider,51,Scenario,3
ID,26,Time,1023.336,DronePosition,-110.2394,59.26447,-107.379,0,CameraPosition,-103.1769,1.779057,-107.4947,CameraRotation,347.2815,269.6054,359.5607,CurrentState,End,Slider,51,Scenario,3
ID,26,Time,1023.35,DronePosition,-110.2394,59.26447,-107.379,0,CameraPosition,-103.1768,1.779073,-107.4947,CameraRotation,347.2732,269.5895,359.5579,CurrentState,End,Slider,51,Scenario,3
ID,26,Time,1023.364,DronePosition,-110.2394,59.26447,-107.379,0,CameraPosition,-103.1768,1.779073,-107.4946,CameraRotation,347.2659,269.5681,359.5638,CurrentState,End,Slider,51,Scenario,3
ID,26,Time,1023.378,DronePosition,-110.2394,59.26447,-107.379,0,CameraPosition,-103.1768,1.779036,-107.4946,CameraRotation,347.2536,269.5417,359.5765,CurrentState,End,Slider,51,Scenario,3
ID,26,Time,1023.392,DronePosition,-110.2394,59.26447,-107.379,0,CameraPosition,-103.1768,1.779015,-107.4945,CameraRotation,347.2506,269.5207,359.5684,CurrentState,End,Slider,51,Scenario,3
ID,26,Time,1023.406,DronePosition,-110.2394,59.26447,-107.379,0,CameraPosition,-103.1768,1.779031,-107.4945,CameraRotation,347.2472,269.5139,359.5538,CurrentState,End,Slider,51,Scenario,3
ID,26,Time,1023.42,DronePosition,-110.2394,59.26447,-107.379,0,CameraPosition,-103.1768,1.779062,-107.4944,CameraRotation,347.2178,269.4937,359.5481,CurrentState,End,Slider,51,Scenario,3
ID,26,Time,1023.434,DronePosition,-110.2394,59.26447,-107.379,0,CameraPosition,-103.1768,1.779092,-107.4943,CameraRotation,347.1854,269.4834,359.5575,CurrentState,End,Slider,51,Scenario,3
ID,26,Time,1023.448,DronePosition,-110.2394,59.26447,-107.379,0,CameraPosition,-103.1768,1.779121,-107.4943,CameraRotation,347.1476,269.4637,359.5638,CurrentState,End,Slider,51,Scenario,3
ID,26,Time,1023.461,DronePosition,-110.2394,59.26447,-107.379,0,CameraPosition,-103.1768,1.779142,-107.4942,CameraRotation,347.1239,269.4436,359.5644,CurrentState,End,Slider,51,Scenario,3
ID,26,Time,1023.475,DronePosition,-110.2394,59.26447,-107.379,0,CameraPosition,-103.1768,1.779179,-107.4941,CameraRotation,347.0807,269.4384,359.5561,CurrentState,End,Slider,51,Scenario,3
ID,26,Time,1023.489,DronePosition,-110.2394,59.26447,-107.379,0,CameraPosition,-103.1769,1.779244,-107.494,CameraRotation,347.0263,269.4462,359.5387,CurrentState,End,Slider,51,Scenario,3
ID,26,Time,1023.503,DronePosition,-110.2394,59.26447,-107.379,0,CameraPosition,-103.1769,1.779328,-107.4939,CameraRotation,346.9886,269.4516,359.5124,CurrentState,End,Slider,51,Scenario,3
ID,26,Time,1023.517,DronePosition,-110.2394,59.26447,-107.379,0,CameraPosition,-103.177,1.779392,-107.4938,CameraRotation,346.9576,269.4574,359.5072,CurrentState,End,Slider,51,Scenario,3
ID,26,Time,1023.531,DronePosition,-110.2394,59.26447,-107.379,0,CameraPosition,-103.1771,1.779434,-107.4938,CameraRotation,346.9456,269.4732,359.5089,CurrentState,End,Slider,51,Scenario,3
ID,26,Time,1023.545,DronePosition,-110.2394,59.26447,-107.379,0,CameraPosition,-103.1773,1.779415,-107.4937,CameraRotation,346.9556,269.4738,359.5185,CurrentState,End,Slider,51,Scenario,3
ID,26,Time,1023.559,DronePosition,-110.2394,59.26447,-107.379,0,CameraPosition,-103.1774,1.779377,-107.4936,CameraRotation,346.9651,269.4676,359.5321,CurrentState,End,Slider,51,Scenario,3
ID,26,Time,1023.573,DronePosition,-110.2394,59.26447,-107.379,0,CameraPosition,-103.1776,1.779341,-107.4936,CameraRotation,346.9811,269.4596,359.5422,CurrentState,End,Slider,51,Scenario,3
ID,26,Time,1023.587,DronePosition,-110.2394,59.26447,-107.379,0,CameraPosition,-103.1777,1.77928,-107.4935,CameraRotation,346.9899,269.4431,359.5485,CurrentState,End,Slider,51,Scenario,3
ID,26,Time,1023.601,DronePosition,-110.2394,59.26447,-107.379,0,CameraPosition,-103.1779,1.779251,-107.4935,CameraRotation,347.0134,269.4307,359.5434,CurrentState,End,Slider,51,Scenario,3
ID,26,Time,1023.615,DronePosition,-110.2394,59.26447,-107.379,0,CameraPosition,-103.178,1.779238,-107.4934,CameraRotation,347.0246,269.4121,359.5451,CurrentState,End,Slider,51,Scenario,3
ID,26,Time,1023.629,DronePosition,-110.2394,59.26447,-107.379,0,CameraPosition,-103.1782,1.779262,-107.4934,CameraRotation,347.0337,269.4012,359.5402,CurrentState,End,Slider,51,Scenario,3
ID,26,Time,1023.643,DronePosition,-110.2394,59.26447,-107.379,0,CameraPosition,-103.1784,1.779278,-107.4933,CameraRotation,347.0508,269.3941,359.533,CurrentState,End,Slider,51,Scenario,3
ID,26,Time,1023.656,DronePosition,-110.2394,59.26447,-107.379,0,CameraPosition,-103.1786,1.779255,-107.4932,CameraRotation,347.0716,269.4023,359.5307,CurrentState,End,Slider,51,Scenario,3
ID,26,Time,1023.671,DronePosition,-110.2394,59.26447,-107.379,0,CameraPosition,-103.1788,1.779239,-107.4931,CameraRotation,347.1046,269.411,359.5324,CurrentState,End,Slider,51,Scenario,3
ID,26,Time,1023.684,DronePosition,-110.2394,59.26447,-107.379,0,CameraPosition,-103.1791,1.779238,-107.493,CameraRotation,347.143,269.4233,359.5361,CurrentState,End,Slider,51,Scenario,3
ID,26,Time,1023.698,DronePosition,-110.2394,59.26447,-107.379,0,CameraPosition,-103.1794,1.779183,-107.4929,CameraRotation,347.1575,269.4392,359.5373,CurrentState,End,Slider,51,Scenario,3
ID,26,Time,1023.712,DronePosition,-110.2394,59.26447,-107.379,0,CameraPosition,-103.1797,1.779102,-107.4928,CameraRotation,347.1862,269.4557,359.5196,CurrentState,End,Slider,51,Scenario,3
ID,26,Time,1023.726,DronePosition,-110.2394,59.26447,-107.379,0,CameraPosition,-103.18,1.779012,-107.4927,CameraRotation,347.2342,269.4871,359.496,CurrentState,End,Slider,51,Scenario,3
ID,26,Time,1023.74,DronePosition,-110.2394,59.26447,-107.379,0,CameraPosition,-103.1802,1.778953,-107.4926,CameraRotation,347.2876,269.5002,359.5029,CurrentState,End,Slider,51,Scenario,3
ID,26,Time,1023.754,DronePosition,-110.2394,59.26447,-107.379,0,CameraPosition,-103.1805,1.778916,-107.4925,CameraRotation,347.3289,269.5092,359.5025,CurrentState,End,Slider,51,Scenario,3
ID,26,Time,1023.768,DronePosition,-110.2394,59.26447,-107.379,0,CameraPosition,-103.1808,1.778881,-107.4925,CameraRotation,347.371,269.5053,359.5063,CurrentState,End,Slider,51,Scenario,3
ID,26,Time,1023.782,DronePosition,-110.2394,59.26447,-107.379,0,CameraPosition,-103.181,1.778835,-107.4924,CameraRotation,347.4116,269.5101,359.4973,CurrentState,End,Slider,51,Scenario,3
ID,26,Time,1023.796,DronePosition,-110.2394,59.26447,-107.379,0,CameraPosition,-103.1813,1.778783,-107.4924,CameraRotation,347.4531,269.5256,359.4876,CurrentState,End,Slider,51,Scenario,3
ID,26,Time,1023.81,DronePosition,-110.2394,59.26447,-107.379,0,CameraPosition,-103.1815,1.778727,-107.4923,CameraRotation,347.4817,269.536,359.4859,CurrentState,End,Slider,51,Scenario,3
ID,26,Time,1023.824,DronePosition,-110.2394,59.26447,-107.379,0,CameraPosition,-103.1818,1.778685,-107.4922,CameraRotation,347.4969,269.5418,359.5005,CurrentState,End,Slider,51,Scenario,3
ID,26,Time,1023.838,DronePosition,-110.2394,59.26447,-107.379,0,CameraPosition,-103.1821,1.778651,-107.4922,CameraRotation,347.5032,269.5459,359.5232,CurrentState,End,Slider,51,Scenario,3
ID,26,Time,1023.851,DronePosition,-110.2394,59.26447,-107.379,0,CameraPosition,-103.1824,1.778621,-107.4921,CameraRotation,347.5072,269.5487,359.5517,CurrentState,End,Slider,51,Scenario,3
ID,26,Time,1023.865,DronePosition,-110.2394,59.26447,-107.379,0,CameraPosition,-103.1826,1.778579,-107.4921,CameraRotation,347.5138,269.5558,359.5659,CurrentState,End,Slider,51,Scenario,3
ID,26,Time,1023.879,DronePosition,-110.2394,59.26447,-107.379,0,CameraPosition,-103.183,1.77855,-107.4921,CameraRotation,347.5316,269.5739,359.569,CurrentState,End,Slider,51,Scenario,3
ID,26,Time,1023.893,DronePosition,-110.2394,59.26447,-107.379,0,CameraPosition,-103.1832,1.778548,-107.492,CameraRotation,347.5484,269.5868,359.5774,CurrentState,End,Slider,51,Scenario,3
ID,26,Time,1023.907,DronePosition,-110.2394,59.26447,-107.379,0,CameraPosition,-103.1835,1.778538,-107.4919,CameraRotation,347.5755,269.6067,359.5893,CurrentState,End,Slider,51,Scenario,3
ID,26,Time,1023.921,DronePosition,-110.2394,59.26447,-107.379,0,CameraPosition,-103.1838,1.778495,-107.4918,CameraRotation,347.624,269.6192,359.5988,CurrentState,End,Slider,51,Scenario,3
ID,26,Time,1023.935,DronePosition,-110.2394,59.26447,-107.379,0,CameraPosition,-103.1841,1.778427,-107.4917,CameraRotation,347.6963,269.6534,359.5958,CurrentState,End,Slider,51,Scenario,3
ID,26,Time,1023.949,DronePosition,-110.2394,59.26447,-107.379,0,CameraPosition,-103.1844,1.778336,-107.4916,CameraRotation,347.7653,269.6712,359.5988,CurrentState,End,Slider,51,Scenario,3
ID,26,Time,1023.963,DronePosition,-110.2394,59.26447,-107.379,0,CameraPosition,-103.1847,1.778239,-107.4914,CameraRotation,347.8418,269.7056,359.6052,CurrentState,End,Slider,51,Scenario,3
ID,26,Time,1023.977,DronePosition,-110.2394,59.26447,-107.379,0,CameraPosition,-103.185,1.778134,-107.4913,CameraRotation,347.8978,269.736,359.6094,CurrentState,End,Slider,51,Scenario,3
ID,26,Time,1023.991,DronePosition,-110.2394,59.26447,-107.379,0,CameraPosition,-103.1853,1.778058,-107.4912,CameraRotation,347.9512,269.7597,359.6121,CurrentState,End,Slider,51,Scenario,3
ID,26,Time,1024.005,DronePosition,-110.2394,59.26447,-107.379,0,CameraPosition,-103.1856,1.777986,-107.4911,CameraRotation,347.9874,269.7643,359.6064,CurrentState,End,Slider,51,Scenario,3
ID,26,Time,1024.02,DronePosition,-110.2394,59.26447,-107.379,0,CameraPosition,-103.1859,1.777906,-107.491,CameraRotation,348.0381,269.7625,359.5996,CurrentState,End,Slider,51,Scenario,3
ID,26,Time,1024.033,DronePosition,-110.2394,59.26447,-107.379,0,CameraPosition,-103.1862,1.777818,-107.4909,CameraRotation,348.0919,269.7581,359.5822,CurrentState,End,Slider,51,Scenario,3
ID,26,Time,1024.046,DronePosition,-110.2394,59.26447,-107.379,0,CameraPosition,-103.1865,1.777731,-107.4907,CameraRotation,348.1428,269.7528,359.5526,CurrentState,End,Slider,51,Scenario,3
ID,26,Time,1024.06,DronePosition,-110.2394,59.26447,-107.379,0,CameraPosition,-103.1867,1.777659,-107.4906,CameraRotation,348.1979,269.7552,359.5226,CurrentState,End,Slider,51,Scenario,3
ID,26,Time,1024.074,DronePosition,-110.2394,59.26447,-107.379,0,CameraPosition,-103.187,1.777585,-107.4904,CameraRotation,348.2455,269.7676,359.5022,CurrentState,End,Slider,51,Scenario,3
ID,26,Time,1024.088,DronePosition,-110.2394,59.26447,-107.379,0,CameraPosition,-103.1872,1.777524,-107.4903,CameraRotation,348.2989,269.797,359.468,CurrentState,End,Slider,51,Scenario,3
ID,26,Time,1024.102,DronePosition,-110.2394,59.26447,-107.379,0,CameraPosition,-103.1874,1.777474,-107.4901,CameraRotation,348.3434,269.8262,359.4449,CurrentState,End,Slider,51,Scenario,3
ID,26,Time,1024.116,DronePosition,-110.2394,59.26447,-107.379,0,CameraPosition,-103.1876,1.777428,-107.49,CameraRotation,348.3723,269.8536,359.4176,CurrentState,End,Slider,51,Scenario,3
ID,26,Time,1024.13,DronePosition,-110.2394,59.26447,-107.379,0,CameraPosition,-103.1878,1.777386,-107.4898,CameraRotation,348.3955,269.884,359.4073,CurrentState,End,Slider,51,Scenario,3
ID,26,Time,1024.144,DronePosition,-110.2394,59.26447,-107.379,0,CameraPosition,-103.1879,1.777323,-107.4897,CameraRotation,348.4061,269.9051,359.4165,CurrentState,End,Slider,51,Scenario,3
ID,26,Time,1024.158,DronePosition,-110.2394,59.26447,-107.379,0,CameraPosition,-103.1881,1.77727,-107.4895,CameraRotation,348.4346,269.9222,359.4117,CurrentState,End,Slider,51,Scenario,3
ID,26,Time,1024.172,DronePosition,-110.2394,59.26447,-107.379,0,CameraPosition,-103.1883,1.777226,-107.4894,CameraRotation,348.4376,269.9323,359.4202,CurrentState,End,Slider,51,Scenario,3
ID,26,Time,1024.185,DronePosition,-110.2394,59.26447,-107.379,0,CameraPosition,-103.1884,1.777257,-107.4892,CameraRotation,348.4272,269.9441,359.4151,CurrentState,End,Slider,51,Scenario,3
ID,26,Time,1024.199,DronePosition,-110.2394,59.26447,-107.379,0,CameraPosition,-103.1886,1.777291,-107.4891,CameraRotation,348.3939,269.9544,359.3904,CurrentState,End,Slider,51,Scenario,3
ID,26,Time,1024.213,DronePosition,-110.2394,59.26447,-107.379,0,CameraPosition,-103.1888,1.777345,-107.489,CameraRotation,348.3589,269.9627,359.373,CurrentState,End,Slider,51,Scenario,3
ID,26,Time,1024.227,DronePosition,-110.2394,59.26447,-107.379,0,CameraPosition,-103.1889,1.777385,-107.4889,CameraRotation,348.3396,269.9614,359.3853,CurrentState,End,Slider,51,Scenario,3
ID,26,Time,1024.241,DronePosition,-110.2394,59.26447,-107.379,0,CameraPosition,-103.189,1.777426,-107.4889,CameraRotation,348.3268,269.9493,359.4087,CurrentState,End,Slider,51,Scenario,3
ID,26,Time,1024.255,DronePosition,-110.2394,59.26447,-107.379,0,CameraPosition,-103.1891,1.777457,-107.4888,CameraRotation,348.3097,269.9347,359.427,CurrentState,End,Slider,51,Scenario,3
ID,26,Time,1024.269,DronePosition,-110.2394,59.26447,-107.379,0,CameraPosition,-103.1892,1.777501,-107.4888,CameraRotation,348.2954,269.9122,359.436,CurrentState,End,Slider,51,Scenario,3
ID,26,Time,1024.283,DronePosition,-110.2394,59.26447,-107.379,0,CameraPosition,-103.1893,1.777546,-107.4888,CameraRotation,348.2873,269.8923,359.4421,CurrentState,End,Slider,51,Scenario,3
ID,26,Time,1024.297,DronePosition,-110.2394,59.26447,-107.379,0,CameraPosition,-103.1894,1.777555,-107.4888,CameraRotation,348.2656,269.8593,359.4532,CurrentState,End,Slider,51,Scenario,3
ID,26,Time,1024.311,DronePosition,-110.2394,59.26447,-107.379,0,CameraPosition,-103.1896,1.777574,-107.4887,CameraRotation,348.2586,269.8303,359.4636,CurrentState,End,Slider,51,Scenario,3
ID,26,Time,1024.325,DronePosition,-110.2394,59.26447,-107.379,0,CameraPosition,-103.1897,1.77757,-107.4887,CameraRotation,348.2574,269.7894,359.4727,CurrentState,End,Slider,51,Scenario,3
ID,26,Time,1024.339,DronePosition,-110.2394,59.26447,-107.379,0,CameraPosition,-103.1898,1.777582,-107.4887,CameraRotation,348.2625,269.7696,359.4704,CurrentState,End,Slider,51,Scenario,3
ID,26,Time,1024.353,DronePosition,-110.2394,59.26447,-107.379,0,CameraPosition,-103.19,1.777599,-107.4887,CameraRotation,348.2684,269.7526,359.4674,CurrentState,End,Slider,51,Scenario,3
ID,26,Time,1024.367,DronePosition,-110.2394,59.26447,-107.379,0,CameraPosition,-103.1901,1.777618,-107.4886,CameraRotation,348.2535,269.7538,359.451,CurrentState,End,Slider,51,Scenario,3
ID,26,Time,1024.38,DronePosition,-110.2394,59.26447,-107.379,0,CameraPosition,-103.1903,1.777622,-107.4885,CameraRotation,348.2473,269.7589,359.4638,CurrentState,End,Slider,51,Scenario,3
ID,26,Time,1024.395,DronePosition,-110.2394,59.26447,-107.379,0,CameraPosition,-103.1904,1.77765,-107.4884,CameraRotation,348.2415,269.7667,359.4731,CurrentState,End,Slider,51,Scenario,3
ID,26,Time,1024.408,DronePosition,-110.2394,59.26447,-107.379,0,CameraPosition,-103.1905,1.777674,-107.4883,CameraRotation,348.2161,269.7751,359.4821,CurrentState,End,Slider,51,Scenario,3
ID,26,Time,1024.422,DronePosition,-110.2394,59.26447,-107.379,0,CameraPosition,-103.1906,1.777707,-107.4883,CameraRotation,348.1912,269.795,359.4645,CurrentState,End,Slider,51,Scenario,3
ID,26,Time,1024.436,DronePosition,-110.2394,59.26447,-107.379,0,CameraPosition,-103.1907,1.77773,-107.4882,CameraRotation,348.1809,269.8055,359.4472,CurrentState,End,Slider,51,Scenario,3
ID,26,Time,1024.455,DronePosition,-110.2394,59.26447,-107.379,0,CameraPosition,-103.1908,1.777754,-107.4881,CameraRotation,348.1681,269.8117,359.4269,CurrentState,End,Slider,51,Scenario,3
ID,26,Time,1024.48,DronePosition,-110.2394,59.26447,-107.379,0,CameraPosition,-103.191,1.777797,-107.488,CameraRotation,348.1268,269.7886,359.4247,CurrentState,End,Slider,51,Scenario,3
ID,26,Time,1024.494,DronePosition,-110.2394,59.26447,-107.379,0,CameraPosition,-103.1911,1.777835,-107.488,CameraRotation,348.1142,269.76,359.4394,CurrentState,End,Slider,51,Scenario,3
ID,26,Time,1024.507,DronePosition,-110.2394,59.26447,-107.379,0,CameraPosition,-103.1913,1.777891,-107.4879,CameraRotation,348.1026,269.7377,359.4451,CurrentState,End,Slider,51,Scenario,3
ID,26,Time,1024.521,DronePosition,-110.2394,59.26447,-107.379,0,CameraPosition,-103.1914,1.777975,-107.4879,CameraRotation,348.0841,269.7111,359.4592,CurrentState,End,Slider,51,Scenario,3
ID,26,Time,1024.534,DronePosition,-110.2394,59.26447,-107.379,0,CameraPosition,-103.1915,1.778016,-107.4879,CameraRotation,348.0539,269.6816,359.4776,CurrentState,End,Slider,51,Scenario,3
ID,26,Time,1024.548,DronePosition,-110.2394,59.26447,-107.379,0,CameraPosition,-103.1916,1.778049,-107.4879,CameraRotation,348.0356,269.6414,359.4966,CurrentState,End,Slider,51,Scenario,3
ID,26,Time,1024.562,DronePosition,-110.2394,59.26447,-107.379,0,CameraPosition,-103.1917,1.778087,-107.4879,CameraRotation,348.0138,269.6098,359.5085,CurrentState,End,Slider,51,Scenario,3
ID,26,Time,1024.576,DronePosition,-110.2394,59.26447,-107.379,0,CameraPosition,-103.1918,1.778159,-107.488,CameraRotation,347.9864,269.5653,359.5273,CurrentState,End,Slider,51,Scenario,3
ID,26,Time,1024.589,DronePosition,-110.2394,59.26447,-107.379,0,CameraPosition,-103.1918,1.77824,-107.488,CameraRotation,347.9246,269.5088,359.5487,CurrentState,End,Slider,51,Scenario,3
ID,26,Time,1024.603,DronePosition,-110.2394,59.26447,-107.379,0,CameraPosition,-103.1919,1.778331,-107.488,CameraRotation,347.8684,269.4501,359.564,CurrentState,End,Slider,51,Scenario,3
ID,26,Time,1024.617,DronePosition,-110.2394,59.26447,-107.379,0,CameraPosition,-103.192,1.778428,-107.488,CameraRotation,347.8109,269.398,359.563,CurrentState,End,Slider,51,Scenario,3
ID,26,Time,1024.631,DronePosition,-110.2394,59.26447,-107.379,0,CameraPosition,-103.192,1.778525,-107.488,CameraRotation,347.7378,269.3435,359.5544,CurrentState,End,Slider,51,Scenario,3
ID,26,Time,1024.645,DronePosition,-110.2394,59.26447,-107.379,0,CameraPosition,-103.192,1.778608,-107.488,CameraRotation,347.6602,269.3006,359.5415,CurrentState,End,Slider,51,Scenario,3
ID,26,Time,1024.659,DronePosition,-110.2394,59.26447,-107.379,0,CameraPosition,-103.1921,1.778715,-107.488,CameraRotation,347.5836,269.2582,359.5395,CurrentState,End,Slider,51,Scenario,3
ID,26,Time,1024.673,DronePosition,-110.2394,59.26447,-107.379,0,CameraPosition,-103.1921,1.778854,-107.4879,CameraRotation,347.4785,269.2246,359.541,CurrentState,End,Slider,51,Scenario,3
ID,26,Time,1024.686,DronePosition,-110.2394,59.26447,-107.379,0,CameraPosition,-103.1921,1.779066,-107.4879,CameraRotation,347.3405,269.1966,359.5457,CurrentState,End,Slider,51,Scenario,3
ID,26,Time,1024.7,DronePosition,-110.2394,59.26447,-107.379,0,CameraPosition,-103.1921,1.779323,-107.4879,CameraRotation,347.1706,269.1684,359.5409,CurrentState,End,Slider,51,Scenario,3
ID,26,Time,1024.714,DronePosition,-110.2394,59.26447,-107.379,0,CameraPosition,-103.1921,1.779595,-107.4878,CameraRotation,346.9913,269.1325,359.5365,CurrentState,End,Slider,51,Scenario,3
ID,26,Time,1024.728,DronePosition,-110.2394,59.26447,-107.379,0,CameraPosition,-103.192,1.77989,-107.4878,CameraRotation,346.7949,269.107,359.522,CurrentState,End,Slider,51,Scenario,3
ID,26,Time,1024.742,DronePosition,-110.2394,59.26447,-107.379,0,CameraPosition,-103.1919,1.780181,-107.4878,CameraRotation,346.6252,269.0686,359.5153,CurrentState,End,Slider,51,Scenario,3
ID,26,Time,1024.756,DronePosition,-110.2394,59.26447,-107.379,0,CameraPosition,-103.1917,1.78045,-107.4878,CameraRotation,346.4807,269.0156,359.5071,CurrentState,End,Slider,51,Scenario,3
ID,26,Time,1024.77,DronePosition,-110.2394,59.26447,-107.379,0,CameraPosition,-103.1916,1.780659,-107.4878,CameraRotation,346.3412,268.9467,359.516,CurrentState,End,Slider,51,Scenario,3
ID,26,Time,1024.784,DronePosition,-110.2394,59.26447,-107.379,0,CameraPosition,-103.1914,1.78083,-107.4878,CameraRotation,346.2033,268.8705,359.5289,CurrentState,End,Slider,51,Scenario,3
ID,26,Time,1024.798,DronePosition,-110.2394,59.26447,-107.379,0,CameraPosition,-103.1912,1.780916,-107.4878,CameraRotation,346.1075,268.7767,359.5454,CurrentState,End,Slider,51,Scenario,3
ID,26,Time,1024.812,DronePosition,-110.2394,59.26447,-107.379,0,CameraPosition,-103.1909,1.780942,-107.4879,CameraRotation,346.059,268.685,359.5442,CurrentState,End,Slider,51,Scenario,3
ID,26,Time,1024.826,DronePosition,-110.2394,59.26447,-107.379,0,CameraPosition,-103.1907,1.780957,-107.4879,CameraRotation,346.0488,268.6013,359.5424,CurrentState,End,Slider,51,Scenario,3
ID,26,Time,1024.84,DronePosition,-110.2394,59.26447,-107.379,0,CameraPosition,-103.1905,1.781002,-107.4879,CameraRotation,345.9933,268.5207,359.5552,CurrentState,End,Slider,51,Scenario,3
ID,26,Time,1024.853,DronePosition,-110.2394,59.26447,-107.379,0,CameraPosition,-103.1902,1.781061,-107.4879,CameraRotation,345.9309,268.4306,359.582,CurrentState,End,Slider,51,Scenario,3
ID,26,Time,1024.868,DronePosition,-110.2394,59.26447,-107.379,0,CameraPosition,-103.19,1.781105,-107.4879,CameraRotation,345.8898,268.3594,359.6016,CurrentState,End,Slider,51,Scenario,3
ID,26,Time,1024.881,DronePosition,-110.2394,59.26447,-107.379,0,CameraPosition,-103.1897,1.781109,-107.4878,CameraRotation,345.8724,268.2906,359.6196,CurrentState,End,Slider,51,Scenario,3
ID,26,Time,1024.895,DronePosition,-110.2394,59.26447,-107.379,0,CameraPosition,-103.1895,1.781052,-107.4878,CameraRotation,345.8838,268.2529,359.6218,CurrentState,End,Slider,51,Scenario,3
ID,26,Time,1024.909,DronePosition,-110.2394,59.26447,-107.379,0,CameraPosition,-103.1892,1.780972,-107.4878,CameraRotation,345.8983,268.2176,359.6042,CurrentState,End,Slider,51,Scenario,3
ID,26,Time,1024.923,DronePosition,-110.2394,59.26447,-107.379,0,CameraPosition,-103.189,1.780924,-107.4877,CameraRotation,345.9114,268.1922,359.5755,CurrentState,End,Slider,51,Scenario,3
ID,26,Time,1024.937,DronePosition,-110.2394,59.26447,-107.379,0,CameraPosition,-103.1888,1.780956,-107.4876,CameraRotation,345.8898,268.1705,359.569,CurrentState,End,Slider,51,Scenario,3
ID,26,Time,1024.951,DronePosition,-110.2394,59.26447,-107.379,0,CameraPosition,-103.1886,1.780988,-107.4876,CameraRotation,345.8561,268.1337,359.5707,CurrentState,End,Slider,51,Scenario,3
ID,26,Time,1024.965,DronePosition,-110.2394,59.26447,-107.379,0,CameraPosition,-103.1884,1.780986,-107.4875,CameraRotation,345.8493,268.1059,359.5766,CurrentState,End,Slider,51,Scenario,3
ID,26,Time,1024.979,DronePosition,-110.2394,59.26447,-107.379,0,CameraPosition,-103.1882,1.780933,-107.4874,CameraRotation,345.8708,268.0782,359.5734,CurrentState,End,Slider,51,Scenario,3
ID,26,Time,1024.993,DronePosition,-110.2394,59.26447,-107.379,0,CameraPosition,-103.188,1.780888,-107.4874,CameraRotation,345.895,268.0581,359.5609,CurrentState,End,Slider,51,Scenario,3
ID,26,Time,1025.007,DronePosition,-110.2394,59.26447,-107.379,0,CameraPosition,-103.1878,1.780837,-107.4873,CameraRotation,345.9124,268.0468,359.5444,CurrentState,End,Slider,51,Scenario,3
ID,26,Time,1025.022,DronePosition,-110.2394,59.26447,-107.379,0,CameraPosition,-103.1877,1.780805,-107.4872,CameraRotation,345.9292,268.0267,359.5287,CurrentState,End,Slider,51,Scenario,3
ID,26,Time,1025.034,DronePosition,-110.2394,59.26447,-107.379,0,CameraPosition,-103.1875,1.780769,-107.4872,CameraRotation,345.9388,267.993,359.5176,CurrentState,End,Slider,51,Scenario,3
ID,26,Time,1025.048,DronePosition,-110.2394,59.26447,-107.379,0,CameraPosition,-103.1874,1.780735,-107.4871,CameraRotation,345.9426,267.9579,359.5033,CurrentState,End,Slider,51,Scenario,3
ID,26,Time,1025.062,DronePosition,-110.2394,59.26447,-107.379,0,CameraPosition,-103.1872,1.780702,-107.4871,CameraRotation,345.935,267.9138,359.5003,CurrentState,End,Slider,51,Scenario,3
ID,26,Time,1025.077,DronePosition,-110.2394,59.26447,-107.379,0,CameraPosition,-103.187,1.780675,-107.487,CameraRotation,345.9196,267.8694,359.498,CurrentState,End,Slider,51,Scenario,3
ID,26,Time,1025.09,DronePosition,-110.2394,59.26447,-107.379,0,CameraPosition,-103.1869,1.780673,-107.487,CameraRotation,345.9136,267.8225,359.5005,CurrentState,End,Slider,51,Scenario,3
ID,26,Time,1025.104,DronePosition,-110.2394,59.26447,-107.379,0,CameraPosition,-103.1868,1.780697,-107.487,CameraRotation,345.9001,267.7738,359.5047,CurrentState,End,Slider,51,Scenario,3
ID,26,Time,1025.118,DronePosition,-110.2394,59.26447,-107.379,0,CameraPosition,-103.1867,1.780733,-107.4869,CameraRotation,345.8757,267.7259,359.5074,CurrentState,End,Slider,51,Scenario,3
ID,26,Time,1025.132,DronePosition,-110.2394,59.26447,-107.379,0,CameraPosition,-103.1866,1.780751,-107.4869,CameraRotation,345.8659,267.691,359.4965,CurrentState,End,Slider,51,Scenario,3
ID,26,Time,1025.146,DronePosition,-110.2394,59.26447,-107.379,0,CameraPosition,-103.1866,1.780737,-107.4868,CameraRotation,345.8822,267.6586,359.469,CurrentState,End,Slider,51,Scenario,3
ID,26,Time,1025.16,DronePosition,-110.2394,59.26447,-107.379,0,CameraPosition,-103.1866,1.780713,-107.4868,CameraRotation,345.9306,267.6357,359.4602,CurrentState,End,Slider,51,Scenario,3
ID,26,Time,1025.174,DronePosition,-110.2394,59.26447,-107.379,0,CameraPosition,-103.1865,1.780677,-107.4868,CameraRotation,345.9647,267.6102,359.4672,CurrentState,End,Slider,51,Scenario,3
ID,26,Time,1025.188,DronePosition,-110.2394,59.26447,-107.379,0,CameraPosition,-103.1865,1.780663,-107.4867,CameraRotation,346.0038,267.576,359.4769,CurrentState,End,Slider,51,Scenario,3
ID,26,Time,1025.201,DronePosition,-110.2394,59.26447,-107.379,0,CameraPosition,-103.1865,1.780627,-107.4867,CameraRotation,346.0273,267.554,359.4828,CurrentState,End,Slider,51,Scenario,3
ID,26,Time,1025.215,DronePosition,-110.2394,59.26447,-107.379,0,CameraPosition,-103.1864,1.780588,-107.4866,CameraRotation,346.0599,267.5394,359.4787,CurrentState,End,Slider,51,Scenario,3
ID,26,Time,1025.229,DronePosition,-110.2394,59.26447,-107.379,0,CameraPosition,-103.1864,1.780538,-107.4865,CameraRotation,346.0904,267.5467,359.4696,CurrentState,End,Slider,51,Scenario,3
ID,26,Time,1025.243,DronePosition,-110.2394,59.26447,-107.379,0,CameraPosition,-103.1864,1.780478,-107.4864,CameraRotation,346.1273,267.5461,359.4701,CurrentState,End,Slider,51,Scenario,3
ID,26,Time,1025.257,DronePosition,-110.2394,59.26447,-107.379,0,CameraPosition,-103.1864,1.780424,-107.4864,CameraRotation,346.1669,267.5417,359.4701,CurrentState,End,Slider,51,Scenario,3
ID,26,Time,1025.271,DronePosition,-110.2394,59.26447,-107.379,0,CameraPosition,-103.1864,1.780372,-107.4863,CameraRotation,346.2046,267.5417,359.4621,CurrentState,End,Slider,51,Scenario,3
ID,26,Time,1025.285,DronePosition,-110.2394,59.26447,-107.379,0,CameraPosition,-103.1865,1.780346,-107.4862,CameraRotation,346.2347,267.5465,359.4367,CurrentState,End,Slider,51,Scenario,3
ID,26,Time,1025.299,DronePosition,-110.2394,59.26447,-107.379,0,CameraPosition,-103.1865,1.780349,-107.4861,CameraRotation,346.2563,267.5467,359.4161,CurrentState,End,Slider,51,Scenario,3
ID,26,Time,1025.313,DronePosition,-110.2394,59.26447,-107.379,0,CameraPosition,-103.1866,1.78033,-107.4859,CameraRotation,346.2818,267.5474,359.403,CurrentState,End,Slider,51,Scenario,3
ID,26,Time,1025.327,DronePosition,-110.2394,59.26447,-107.379,0,CameraPosition,-103.1866,1.780304,-107.4858,CameraRotation,346.3353,267.5633,359.369,CurrentState,End,Slider,51,Scenario,3
ID,26,Time,1025.341,DronePosition,-110.2394,59.26447,-107.379,0,CameraPosition,-103.1866,1.78023,-107.4857,CameraRotation,346.3934,267.5908,359.3466,CurrentState,End,Slider,51,Scenario,3
ID,26,Time,1025.355,DronePosition,-110.2394,59.26447,-107.379,0,CameraPosition,-103.1866,1.780168,-107.4855,CameraRotation,346.4466,267.6238,359.3374,CurrentState,End,Slider,51,Scenario,3
ID,26,Time,1025.368,DronePosition,-110.2394,59.26447,-107.379,0,CameraPosition,-103.1866,1.780113,-107.4854,CameraRotation,346.4796,267.6627,359.3299,CurrentState,End,Slider,51,Scenario,3
ID,26,Time,1025.382,DronePosition,-110.2394,59.26447,-107.379,0,CameraPosition,-103.1866,1.780079,-107.4853,CameraRotation,346.5031,267.7111,359.3156,CurrentState,End,Slider,51,Scenario,3
ID,26,Time,1025.396,DronePosition,-110.2394,59.26447,-107.379,0,CameraPosition,-103.1866,1.780035,-107.4852,CameraRotation,346.5371,267.7452,359.3034,CurrentState,End,Slider,51,Scenario,3
ID,26,Time,1025.41,DronePosition,-110.2394,59.26447,-107.379,0,CameraPosition,-103.1866,1.779973,-107.485,CameraRotation,346.58,267.7922,359.2958,CurrentState,End,Slider,51,Scenario,3
ID,26,Time,1025.424,DronePosition,-110.2394,59.26447,-107.379,0,CameraPosition,-103.1865,1.779919,-107.4849,CameraRotation,346.6276,267.8237,359.2736,CurrentState,End,Slider,51,Scenario,3
ID,26,Time,1025.438,DronePosition,-110.2394,59.26447,-107.379,0,CameraPosition,-103.1865,1.779865,-107.4847,CameraRotation,346.6534,267.8562,359.2526,CurrentState,End,Slider,51,Scenario,3
ID,26,Time,1025.452,DronePosition,-110.2394,59.26447,-107.379,0,CameraPosition,-103.1864,1.779827,-107.4846,CameraRotation,346.6764,267.8925,359.2364,CurrentState,End,Slider,51,Scenario,3
ID,26,Time,1025.466,DronePosition,-110.2394,59.26447,-107.379,0,CameraPosition,-103.1864,1.779792,-107.4845,CameraRotation,346.6926,267.9286,359.2127,CurrentState,End,Slider,51,Scenario,3
ID,26,Time,1025.48,DronePosition,-110.2394,59.26447,-107.379,0,CameraPosition,-103.1863,1.779754,-107.4843,CameraRotation,346.7133,267.9559,359.2068,CurrentState,End,Slider,51,Scenario,3
ID,26,Time,1025.495,DronePosition,-110.2394,59.26447,-107.379,0,CameraPosition,-103.1863,1.779711,-107.4842,CameraRotation,346.7297,268.0004,359.1949,CurrentState,End,Slider,51,Scenario,3
ID,26,Time,1025.508,DronePosition,-110.2394,59.26447,-107.379,0,CameraPosition,-103.1862,1.779691,-107.484,CameraRotation,346.7481,268.0359,359.1724,CurrentState,End,Slider,51,Scenario,3
ID,26,Time,1025.522,DronePosition,-110.2394,59.26447,-107.379,0,CameraPosition,-103.1862,1.779676,-107.4839,CameraRotation,346.7538,268.0717,359.1556,CurrentState,End,Slider,51,Scenario,3
ID,26,Time,1025.536,DronePosition,-110.2394,59.26447,-107.379,0,CameraPosition,-103.1861,1.779686,-107.4838,CameraRotation,346.761,268.0999,359.1365,CurrentState,End,Slider,51,Scenario,3
ID,26,Time,1025.55,DronePosition,-110.2394,59.26447,-107.379,0,CameraPosition,-103.186,1.77968,-107.4836,CameraRotation,346.7587,268.1299,359.124,CurrentState,End,Slider,51,Scenario,3
ID,26,Time,1025.563,DronePosition,-110.2394,59.26447,-107.379,0,CameraPosition,-103.1859,1.779673,-107.4835,CameraRotation,346.7735,268.1438,359.1307,CurrentState,End,Slider,51,Scenario,3
ID,26,Time,1025.577,DronePosition,-110.2394,59.26447,-107.379,0,CameraPosition,-103.1858,1.779654,-107.4834,CameraRotation,346.8154,268.1676,359.132,CurrentState,End,Slider,51,Scenario,3
ID,26,Time,1025.591,DronePosition,-110.2394,59.26447,-107.379,0,CameraPosition,-103.1858,1.779679,-107.4833,CameraRotation,346.9252,268.1902,359.148,CurrentState,End,Slider,51,Scenario,3
ID,26,Time,1025.605,DronePosition,-110.2394,59.26447,-107.379,0,CameraPosition,-103.1857,1.779794,-107.4831,CameraRotation,347.0975,268.2259,359.2027,CurrentState,End,Slider,51,Scenario,3
ID,26,Time,1025.619,DronePosition,-110.2394,59.26447,-107.379,0,CameraPosition,-103.1855,1.780023,-107.483,CameraRotation,347.3136,268.2539,359.2644,CurrentState,End,Slider,51,Scenario,3
ID,26,Time,1025.633,DronePosition,-110.2394,59.26447,-107.379,0,CameraPosition,-103.1852,1.780458,-107.4828,CameraRotation,347.6333,268.2816,359.3359,CurrentState,End,Slider,51,Scenario,3
ID,26,Time,1025.647,DronePosition,-110.2394,59.26447,-107.379,0,CameraPosition,-103.1848,1.781075,-107.4827,CameraRotation,348.0339,268.3162,359.4099,CurrentState,End,Slider,51,Scenario,3
ID,26,Time,1025.661,DronePosition,-110.2394,59.26447,-107.379,0,CameraPosition,-103.1843,1.78166,-107.4825,CameraRotation,348.4429,268.3488,359.4462,CurrentState,End,Slider,51,Scenario,3
ID,26,Time,1025.675,DronePosition,-110.2394,59.26447,-107.379,0,CameraPosition,-103.1836,1.782109,-107.4824,CameraRotation,348.9341,268.4058,359.3711,CurrentState,End,Slider,51,Scenario,3
ID,26,Time,1025.689,DronePosition,-110.2394,59.26447,-107.379,0,CameraPosition,-103.1828,1.782103,-107.4823,CameraRotation,349.5476,268.5198,359.2921,CurrentState,End,Slider,51,Scenario,3
ID,26,Time,1025.703,DronePosition,-110.2394,59.26447,-107.379,0,CameraPosition,-103.1819,1.781665,-107.4823,CameraRotation,350.2729,268.6987,359.2336,CurrentState,End,Slider,51,Scenario,3
ID,26,Time,1025.716,DronePosition,-110.2394,59.26447,-107.379,0,CameraPosition,-103.1809,1.780558,-107.4824,CameraRotation,351.1722,268.9403,359.1729,CurrentState,End,Slider,51,Scenario,3
ID,26,Time,1025.731,DronePosition,-110.2394,59.26447,-107.379,0,CameraPosition,-103.1798,1.778903,-107.4823,CameraRotation,352.2032,269.1927,359.1027,CurrentState,End,Slider,51,Scenario,3
ID,26,Time,1025.745,DronePosition,-110.2394,59.26447,-107.379,0,CameraPosition,-103.1787,1.777025,-107.4823,CameraRotation,353.3134,269.4242,359.0854,CurrentState,End,Slider,51,Scenario,3
ID,26,Time,1025.758,DronePosition,-110.2394,59.26447,-107.379,0,CameraPosition,-103.1776,1.77494,-107.4822,CameraRotation,354.5347,269.597,359.1586,CurrentState,End,Slider,51,Scenario,3
ID,26,Time,1025.772,DronePosition,-110.2394,59.26447,-107.379,0,CameraPosition,-103.1766,1.772989,-107.4822,CameraRotation,355.6609,269.6569,359.297,CurrentState,End,Slider,51,Scenario,3
ID,26,Time,1025.786,DronePosition,-110.2394,59.26447,-107.379,0,CameraPosition,-103.1756,1.771566,-107.4822,CameraRotation,356.5461,269.6485,359.3559,CurrentState,End,Slider,51,Scenario,3
ID,26,Time,1025.8,DronePosition,-110.2394,59.26447,-107.379,0,CameraPosition,-103.1749,1.770739,-107.4823,CameraRotation,357.159,269.5233,359.2891,CurrentState,End,Slider,51,Scenario,3
ID,26,Time,1025.814,DronePosition,-110.2394,59.26447,-107.379,0,CameraPosition,-103.174,1.770458,-107.4824,CameraRotation,357.4334,269.2949,359.0721,CurrentState,End,Slider,51,Scenario,3
ID,26,Time,1025.828,DronePosition,-110.2394,59.26447,-107.379,0,CameraPosition,-103.1732,1.770301,-107.4826,CameraRotation,357.6829,269.0421,358.8871,CurrentState,End,Slider,51,Scenario,3
ID,26,Time,1025.842,DronePosition,-110.2394,59.26447,-107.379,0,CameraPosition,-103.1724,1.770325,-107.4827,CameraRotation,357.8633,268.7035,358.7453,CurrentState,End,Slider,51,Scenario,3
ID,26,Time,1025.856,DronePosition,-110.2394,59.26447,-107.379,0,CameraPosition,-103.1713,1.770134,-107.4827,CameraRotation,358.1305,268.3889,358.5627,CurrentState,End,Slider,51,Scenario,3
ID,26,Time,1025.87,DronePosition,-110.2394,59.26447,-107.379,0,CameraPosition,-103.1702,1.769646,-107.4827,CameraRotation,358.5127,268.1304,358.4013,CurrentState,End,Slider,51,Scenario,3
ID,26,Time,1025.884,DronePosition,-110.2394,59.26447,-107.379,0,CameraPosition,-103.1689,1.768842,-107.4825,CameraRotation,359.0396,267.8981,358.3039,CurrentState,End,Slider,51,Scenario,3
ID,26,Time,1025.897,DronePosition,-110.2394,59.26447,-107.379,0,CameraPosition,-103.1675,1.767896,-107.4824,CameraRotation,359.6213,267.6527,358.1732,CurrentState,End,Slider,51,Scenario,3
ID,26,Time,1025.912,DronePosition,-110.2394,59.26447,-107.379,0,CameraPosition,-103.1661,1.767079,-107.4822,CameraRotation,0.03815131,267.3135,357.937,CurrentState,End,Slider,51,Scenario,3
ID,26,Time,1025.926,DronePosition,-110.2394,59.26447,-107.379,0,CameraPosition,-103.1645,1.766558,-107.4821,CameraRotation,0.1828339,266.8963,357.6261,CurrentState,End,Slider,51,Scenario,3
ID,26,Time,1025.939,DronePosition,-110.2394,59.26447,-107.379,0,CameraPosition,-103.1629,1.766295,-107.482,CameraRotation,0.08157106,266.4203,357.2889,CurrentState,End,Slider,51,Scenario,3
ID,26,Time,1025.953,DronePosition,-110.2394,59.26447,-107.379,0,CameraPosition,-103.1612,1.766057,-107.4819,CameraRotation,0.01149862,265.9895,356.9441,CurrentState,End,Slider,51,Scenario,3
ID,26,Time,1025.967,DronePosition,-110.2394,59.26447,-107.379,0,CameraPosition,-103.1594,1.766023,-107.4818,CameraRotation,359.8018,265.5321,356.4487,CurrentState,End,Slider,51,Scenario,3
ID,26,Time,1025.981,DronePosition,-110.2394,59.26447,-107.379,0,CameraPosition,-103.1574,1.766268,-107.4817,CameraRotation,359.4432,265.0125,355.8947,CurrentState,End,Slider,51,Scenario,3
ID,26,Time,1025.995,DronePosition,-110.2394,59.26447,-107.379,0,CameraPosition,-103.1554,1.766698,-107.4817,CameraRotation,358.9164,264.4547,355.4159,CurrentState,End,Slider,51,Scenario,3
ID,26,Time,1026.009,DronePosition,-110.2394,59.26447,-107.379,0,CameraPosition,-103.1532,1.767231,-107.4818,CameraRotation,358.3715,263.9349,355.0219,CurrentState,End,Slider,51,Scenario,3
ID,26,Time,1026.025,DronePosition,-110.2394,59.26447,-107.379,0,CameraPosition,-103.151,1.767758,-107.4818,CameraRotation,357.8895,263.55,354.5521,CurrentState,End,Slider,51,Scenario,3
ID,26,Time,1026.036,DronePosition,-110.2394,59.26447,-107.379,0,CameraPosition,-103.1488,1.768355,-107.4818,CameraRotation,357.4024,263.2796,354.0647,CurrentState,End,Slider,51,Scenario,3
ID,26,Time,1026.05,DronePosition,-110.2394,59.26447,-107.379,0,CameraPosition,-103.1467,1.769132,-107.4817,CameraRotation,356.7754,263.1348,353.5924,CurrentState,End,Slider,51,Scenario,3
ID,26,Time,1026.064,DronePosition,-110.2394,59.26447,-107.379,0,CameraPosition,-103.1446,1.769878,-107.4817,CameraRotation,356.1333,263.0481,353.1891,CurrentState,End,Slider,51,Scenario,3
ID,26,Time,1026.078,DronePosition,-110.2394,59.26447,-107.379,0,CameraPosition,-103.1425,1.770641,-107.4817,CameraRotation,355.5058,263.0947,352.9068,CurrentState,End,Slider,51,Scenario,3
ID,26,Time,1026.092,DronePosition,-110.2394,59.26447,-107.379,0,CameraPosition,-103.1405,1.771278,-107.4816,CameraRotation,354.9446,263.1769,352.7038,CurrentState,End,Slider,51,Scenario,3
ID,26,Time,1026.106,DronePosition,-110.2394,59.26447,-107.379,0,CameraPosition,-103.1387,1.771845,-107.4816,CameraRotation,354.442,263.2037,352.4957,CurrentState,End,Slider,51,Scenario,3
ID,26,Time,1026.12,DronePosition,-110.2394,59.26447,-107.379,0,CameraPosition,-103.1369,1.77238,-107.4817,CameraRotation,353.9333,263.2352,352.3351,CurrentState,End,Slider,51,Scenario,3
ID,26,Time,1026.134,DronePosition,-110.2394,59.26447,-107.379,0,CameraPosition,-103.1352,1.772837,-107.4818,CameraRotation,353.4174,263.2852,352.191,CurrentState,End,Slider,51,Scenario,3
ID,26,Time,1026.148,DronePosition,-110.2394,59.26447,-107.379,0,CameraPosition,-103.1337,1.773268,-107.4819,CameraRotation,352.9875,263.3446,352.0163,CurrentState,End,Slider,51,Scenario,3
ID,26,Time,1026.162,DronePosition,-110.2394,59.26447,-107.379,0,CameraPosition,-103.1322,1.773724,-107.4821,CameraRotation,352.6349,263.3388,351.8266,CurrentState,End,Slider,51,Scenario,3
ID,26,Time,1026.176,DronePosition,-110.2394,59.26447,-107.379,0,CameraPosition,-103.1309,1.774127,-107.4823,CameraRotation,352.2952,263.3217,351.6852,CurrentState,End,Slider,51,Scenario,3
ID,26,Time,1026.19,DronePosition,-110.2394,59.26447,-107.379,0,CameraPosition,-103.1297,1.774456,-107.4825,CameraRotation,351.9953,263.3185,351.5986,CurrentState,End,Slider,51,Scenario,3
ID,26,Time,1026.204,DronePosition,-110.2394,59.26447,-107.379,0,CameraPosition,-103.1286,1.774725,-107.4826,CameraRotation,351.7538,263.3855,351.5077,CurrentState,End,Slider,51,Scenario,3
ID,26,Time,1026.217,DronePosition,-110.2394,59.26447,-107.379,0,CameraPosition,-103.1278,1.774932,-107.4827,CameraRotation,351.536,263.5174,351.3871,CurrentState,End,Slider,51,Scenario,3
ID,26,Time,1026.231,DronePosition,-110.2394,59.26447,-107.379,0,CameraPosition,-103.1271,1.775046,-107.4827,CameraRotation,351.4315,263.6982,351.3175,CurrentState,End,Slider,51,Scenario,3
ID,26,Time,1026.245,DronePosition,-110.2394,59.26447,-107.379,0,CameraPosition,-103.1266,1.775079,-107.4827,CameraRotation,351.4418,263.8948,351.3474,CurrentState,End,Slider,51,Scenario,3
ID,26,Time,1026.259,DronePosition,-110.2394,59.26447,-107.379,0,CameraPosition,-103.1262,1.775062,-107.4827,CameraRotation,351.4603,264.0875,351.4323,CurrentState,End,Slider,51,Scenario,3
ID,26,Time,1026.273,DronePosition,-110.2394,59.26447,-107.379,0,CameraPosition,-103.126,1.775054,-107.4828,CameraRotation,351.51,264.2477,351.5112,CurrentState,End,Slider,51,Scenario,3
ID,26,Time,1026.287,DronePosition,-110.2394,59.26447,-107.379,0,CameraPosition,-103.126,1.775038,-107.4829,CameraRotation,351.5576,264.3185,351.6097,CurrentState,End,Slider,51,Scenario,3
ID,26,Time,1026.301,DronePosition,-110.2394,59.26447,-107.379,0,CameraPosition,-103.126,1.775021,-107.4829,CameraRotation,351.582,264.3461,351.6592,CurrentState,End,Slider,51,Scenario,3
ID,26,Time,1026.315,DronePosition,-110.2394,59.26447,-107.379,0,CameraPosition,-103.126,1.77493,-107.4829,CameraRotation,351.6225,264.3918,351.7084,CurrentState,End,Slider,51,Scenario,3
ID,26,Time,1026.329,DronePosition,-110.2394,59.26447,-107.379,0,CameraPosition,-103.1261,1.774703,-107.4828,CameraRotation,351.7186,264.4147,351.7085,CurrentState,End,Slider,51,Scenario,3
ID,26,Time,1026.343,DronePosition,-110.2394,59.26447,-107.379,0,CameraPosition,-103.1262,1.774378,-107.4826,CameraRotation,351.8423,264.4064,351.6165,CurrentState,End,Slider,51,Scenario,3
ID,26,Time,1026.357,DronePosition,-110.2394,59.26447,-107.379,0,CameraPosition,-103.1262,1.774028,-107.4823,CameraRotation,351.9582,264.3846,351.4682,CurrentState,End,Slider,51,Scenario,3
ID,26,Time,1026.371,DronePosition,-110.2394,59.26447,-107.379,0,CameraPosition,-103.1264,1.773715,-107.4821,CameraRotation,352.0984,264.4051,351.2661,CurrentState,End,Slider,51,Scenario,3
ID,26,Time,1026.385,DronePosition,-110.2394,59.26447,-107.379,0,CameraPosition,-103.1265,1.773375,-107.4819,CameraRotation,352.2654,264.4713,351.0561,CurrentState,End,Slider,51,Scenario,3
ID,26,Time,1026.399,DronePosition,-110.2394,59.26447,-107.379,0,CameraPosition,-103.1265,1.772991,-107.4817,CameraRotation,352.4796,264.571,350.8967,CurrentState,End,Slider,51,Scenario,3
ID,26,Time,1026.412,DronePosition,-110.2394,59.26447,-107.379,0,CameraPosition,-103.1266,1.772518,-107.4815,CameraRotation,352.7854,264.7757,350.7746,CurrentState,End,Slider,51,Scenario,3
ID,26,Time,1026.426,DronePosition,-110.2394,59.26447,-107.379,0,CameraPosition,-103.1266,1.772042,-107.4812,CameraRotation,353.1055,265.0587,350.6847,CurrentState,End,Slider,51,Scenario,3
ID,26,Time,1026.44,DronePosition,-110.2394,59.26447,-107.379,0,CameraPosition,-103.1267,1.771649,-107.4809,CameraRotation,353.3509,265.3767,350.6478,CurrentState,End,Slider,51,Scenario,3
ID,26,Time,1026.454,DronePosition,-110.2394,59.26447,-107.379,0,CameraPosition,-103.1267,1.771358,-107.4806,CameraRotation,353.5148,265.6779,350.7035,CurrentState,End,Slider,51,Scenario,3
ID,26,Time,1026.468,DronePosition,-110.2394,59.26447,-107.379,0,CameraPosition,-103.1267,1.771173,-107.4804,CameraRotation,353.631,265.9259,350.8392,CurrentState,End,Slider,51,Scenario,3
ID,26,Time,1026.482,DronePosition,-110.2394,59.26447,-107.379,0,CameraPosition,-103.1267,1.771069,-107.4801,CameraRotation,353.7192,266.111,350.973,CurrentState,End,Slider,51,Scenario,3
ID,26,Time,1026.496,DronePosition,-110.2394,59.26447,-107.379,0,CameraPosition,-103.1266,1.771046,-107.48,CameraRotation,353.7645,266.2584,351.0817,CurrentState,End,Slider,51,Scenario,3
ID,26,Time,1026.51,DronePosition,-110.2394,59.26447,-107.379,0,CameraPosition,-103.1264,1.771043,-107.4801,CameraRotation,353.7804,266.3311,351.1534,CurrentState,End,Slider,51,Scenario,3
ID,26,Time,1026.524,DronePosition,-110.2394,59.26447,-107.379,0,CameraPosition,-103.1263,1.770977,-107.4802,CameraRotation,353.8159,266.3631,351.249,CurrentState,End,Slider,51,Scenario,3
ID,26,Time,1026.538,DronePosition,-110.2394,59.26447,-107.379,0,CameraPosition,-103.1261,1.770921,-107.4804,CameraRotation,353.8769,266.3351,351.3853,CurrentState,End,Slider,51,Scenario,3
ID,26,Time,1026.552,DronePosition,-110.2394,59.26447,-107.379,0,CameraPosition,-103.126,1.770887,-107.4808,CameraRotation,353.9127,266.2354,351.5399,CurrentState,End,Slider,51,Scenario,3
ID,26,Time,1026.566,DronePosition,-110.2394,59.26447,-107.379,0,CameraPosition,-103.1259,1.770989,-107.4813,CameraRotation,353.8591,265.9713,351.7155,CurrentState,End,Slider,51,Scenario,3
ID,26,Time,1026.58,DronePosition,-110.2394,59.26447,-107.379,0,CameraPosition,-103.1258,1.771218,-107.482,CameraRotation,353.7031,265.5247,351.8923,CurrentState,End,Slider,51,Scenario,3
ID,26,Time,1026.594,DronePosition,-110.2394,59.26447,-107.379,0,CameraPosition,-103.1256,1.771411,-107.4826,CameraRotation,353.5763,265.052,352.0376,CurrentState,End,Slider,51,Scenario,3
ID,26,Time,1026.608,DronePosition,-110.2394,59.26447,-107.379,0,CameraPosition,-103.1254,1.771461,-107.4831,CameraRotation,353.5029,264.5833,352.1537,CurrentState,End,Slider,51,Scenario,3
ID,26,Time,1026.622,DronePosition,-110.2394,59.26447,-107.379,0,CameraPosition,-103.1252,1.771284,-107.4833,CameraRotation,353.567,264.2434,352.1813,CurrentState,End,Slider,51,Scenario,3
ID,26,Time,1026.635,DronePosition,-110.2394,59.26447,-107.379,0,CameraPosition,-103.1249,1.77106,-107.4834,CameraRotation,353.7046,264.0415,352.1096,CurrentState,End,Slider,51,Scenario,3
ID,26,Time,1026.649,DronePosition,-110.2394,59.26447,-107.379,0,CameraPosition,-103.1245,1.770908,-107.4833,CameraRotation,353.7769,263.9389,352.0063,CurrentState,End,Slider,51,Scenario,3
ID,26,Time,1026.663,DronePosition,-110.2394,59.26447,-107.379,0,CameraPosition,-103.1242,1.770898,-107.483,CameraRotation,353.7742,263.8882,351.9452,CurrentState,End,Slider,51,Scenario,3
ID,26,Time,1026.677,DronePosition,-110.2394,59.26447,-107.379,0,CameraPosition,-103.124,1.770995,-107.4825,CameraRotation,353.6851,263.9054,351.8598,CurrentState,End,Slider,51,Scenario,3
ID,26,Time,1026.691,DronePosition,-110.2394,59.26447,-107.379,0,CameraPosition,-103.1239,1.771149,-107.4819,CameraRotation,353.5622,263.9716,351.6884,CurrentState,End,Slider,51,Scenario,3
ID,26,Time,1026.705,DronePosition,-110.2394,59.26447,-107.379,0,CameraPosition,-103.1238,1.771265,-107.4812,CameraRotation,353.4762,264.0899,351.487,CurrentState,End,Slider,51,Scenario,3
ID,26,Time,1026.719,DronePosition,-110.2394,59.26447,-107.379,0,CameraPosition,-103.1238,1.771327,-107.4806,CameraRotation,353.4868,264.3242,351.3173,CurrentState,End,Slider,51,Scenario,3
ID,26,Time,1026.733,DronePosition,-110.2394,59.26447,-107.379,0,CameraPosition,-103.1238,1.77132,-107.4801,CameraRotation,353.5691,264.5836,351.3465,CurrentState,End,Slider,51,Scenario,3
ID,26,Time,1026.747,DronePosition,-110.2394,59.26447,-107.379,0,CameraPosition,-103.1238,1.771321,-107.4798,CameraRotation,353.6979,264.7802,351.6059,CurrentState,End,Slider,51,Scenario,3
ID,26,Time,1026.761,DronePosition,-110.2394,59.26447,-107.379,0,CameraPosition,-103.1237,1.771376,-107.4798,CameraRotation,353.8192,264.8934,352.0465,CurrentState,End,Slider,51,Scenario,3
ID,26,Time,1026.775,DronePosition,-110.2394,59.26447,-107.379,0,CameraPosition,-103.1237,1.771484,-107.4799,CameraRotation,353.8407,264.953,352.4908,CurrentState,End,Slider,51,Scenario,3
ID,26,Time,1026.789,DronePosition,-110.2394,59.26447,-107.379,0,CameraPosition,-103.1236,1.771655,-107.48,CameraRotation,353.8115,265.0259,352.8996,CurrentState,End,Slider,51,Scenario,3
ID,26,Time,1026.802,DronePosition,-110.2394,59.26447,-107.379,0,CameraPosition,-103.1235,1.771954,-107.4802,CameraRotation,353.7697,265.1852,353.2671,CurrentState,End,Slider,51,Scenario,3
ID,26,Time,1026.816,DronePosition,-110.2394,59.26447,-107.379,0,CameraPosition,-103.1234,1.772328,-107.4802,CameraRotation,353.6597,265.3881,353.5705,CurrentState,End,Slider,51,Scenario,3
ID,26,Time,1026.83,DronePosition,-110.2394,59.26447,-107.379,0,CameraPosition,-103.1234,1.77278,-107.4803,CameraRotation,353.5067,265.6007,353.8736,CurrentState,End,Slider,51,Scenario,3
ID,26,Time,1026.844,DronePosition,-110.2394,59.26447,-107.379,0,CameraPosition,-103.1233,1.773105,-107.4802,CameraRotation,353.3607,265.8422,354.154,CurrentState,End,Slider,51,Scenario,3
ID,26,Time,1026.858,DronePosition,-110.2394,59.26447,-107.379,0,CameraPosition,-103.1233,1.77325,-107.4801,CameraRotation,353.3334,266.1118,354.3657,CurrentState,End,Slider,51,Scenario,3
ID,26,Time,1026.872,DronePosition,-110.2394,59.26447,-107.379,0,CameraPosition,-103.1232,1.773261,-107.4799,CameraRotation,353.3985,266.4255,354.6302,CurrentState,End,Slider,51,Scenario,3
ID,26,Time,1026.886,DronePosition,-110.2394,59.26447,-107.379,0,CameraPosition,-103.1232,1.773305,-107.4795,CameraRotation,353.4711,266.7263,354.9676,CurrentState,End,Slider,51,Scenario,3
ID,26,Time,1026.9,DronePosition,-110.2394,59.26447,-107.379,0,CameraPosition,-103.1233,1.773508,-107.4792,CameraRotation,353.4482,267.0069,355.3439,CurrentState,End,Slider,51,Scenario,3
ID,26,Time,1026.914,DronePosition,-110.2394,59.26447,-107.379,0,CameraPosition,-103.1235,1.773806,-107.4787,CameraRotation,353.3798,267.2859,355.6725,CurrentState,End,Slider,51,Scenario,3
ID,26,Time,1026.929,DronePosition,-110.2394,59.26447,-107.379,0,CameraPosition,-103.1236,1.774004,-107.4783,CameraRotation,353.3464,267.6114,355.8828,CurrentState,End,Slider,51,Scenario,3
ID,26,Time,1026.942,DronePosition,-110.2394,59.26447,-107.379,0,CameraPosition,-103.1238,1.773982,-107.4777,CameraRotation,353.3982,268.0456,355.9728,CurrentState,End,Slider,51,Scenario,3
ID,26,Time,1026.956,DronePosition,-110.2394,59.26447,-107.379,0,CameraPosition,-103.1241,1.773775,-107.4771,CameraRotation,353.5338,268.5425,356.0408,CurrentState,End,Slider,51,Scenario,3
ID,26,Time,1026.969,DronePosition,-110.2394,59.26447,-107.379,0,CameraPosition,-103.1243,1.77357,-107.4764,CameraRotation,353.72,269.0145,356.1798,CurrentState,End,Slider,51,Scenario,3
ID,26,Time,1026.984,DronePosition,-110.2394,59.26447,-107.379,0,CameraPosition,-103.1246,1.773499,-107.4758,CameraRotation,353.8304,269.4211,356.418,CurrentState,End,Slider,51,Scenario,3
ID,26,Time,1026.997,DronePosition,-110.2394,59.26447,-107.379,0,CameraPosition,-103.125,1.773589,-107.4751,CameraRotation,353.8323,269.7463,356.7205,CurrentState,End,Slider,51,Scenario,3
ID,26,Time,1027.011,DronePosition,-110.2394,59.26447,-107.379,0,CameraPosition,-103.1253,1.773734,-107.4744,CameraRotation,353.7625,270.0223,356.9294,CurrentState,End,Slider,51,Scenario,3
ID,26,Time,1027.025,DronePosition,-110.2394,59.26447,-107.379,0,CameraPosition,-103.1257,1.77383,-107.4737,CameraRotation,353.6951,270.3025,357.0325,CurrentState,End,Slider,51,Scenario,3
ID,26,Time,1027.039,DronePosition,-110.2394,59.26447,-107.379,0,CameraPosition,-103.1261,1.773857,-107.4728,CameraRotation,353.6997,270.5807,357.0562,CurrentState,End,Slider,51,Scenario,3
ID,26,Time,1027.053,DronePosition,-110.2394,59.26447,-107.379,0,CameraPosition,-103.1266,1.773859,-107.4719,CameraRotation,353.7875,270.872,357.1028,CurrentState,End,Slider,51,Scenario,3
ID,26,Time,1027.067,DronePosition,-110.2394,59.26447,-107.379,0,CameraPosition,-103.127,1.773888,-107.471,CameraRotation,353.8549,271.1342,357.1838,CurrentState,End,Slider,51,Scenario,3
ID,26,Time,1027.081,DronePosition,-110.2394,59.26447,-107.379,0,CameraPosition,-103.1275,1.773974,-107.4701,CameraRotation,353.8802,271.3398,357.2235,CurrentState,End,Slider,51,Scenario,3
ID,26,Time,1027.095,DronePosition,-110.2394,59.26447,-107.379,0,CameraPosition,-103.1279,1.774015,-107.4692,CameraRotation,353.8828,271.5172,357.2286,CurrentState,End,Slider,51,Scenario,3
ID,26,Time,1027.109,DronePosition,-110.2394,59.26447,-107.379,0,CameraPosition,-103.1283,1.773997,-107.4683,CameraRotation,353.9305,271.6948,357.2125,CurrentState,End,Slider,51,Scenario,3
ID,26,Time,1027.123,DronePosition,-110.2394,59.26447,-107.379,0,CameraPosition,-103.1287,1.773881,-107.4674,CameraRotation,354.0365,271.8868,357.1553,CurrentState,End,Slider,51,Scenario,3
ID,26,Time,1027.137,DronePosition,-110.2394,59.26447,-107.379,0,CameraPosition,-103.1291,1.773685,-107.4665,CameraRotation,354.1397,272.101,357.1059,CurrentState,End,Slider,51,Scenario,3
ID,26,Time,1027.151,DronePosition,-110.2394,59.26447,-107.379,0,CameraPosition,-103.1294,1.773473,-107.4655,CameraRotation,354.2786,272.3323,357.0998,CurrentState,End,Slider,51,Scenario,3
ID,26,Time,1027.165,DronePosition,-110.2394,59.26447,-107.379,0,CameraPosition,-103.1298,1.7733,-107.4646,CameraRotation,354.434,272.5909,357.1566,CurrentState,End,Slider,51,Scenario,3
ID,26,Time,1027.179,DronePosition,-110.2394,59.26447,-107.379,0,CameraPosition,-103.1301,1.773203,-107.4636,CameraRotation,354.5448,272.8449,357.2039,CurrentState,End,Slider,51,Scenario,3
ID,26,Time,1027.193,DronePosition,-110.2394,59.26447,-107.379,0,CameraPosition,-103.1304,1.773175,-107.4626,CameraRotation,354.5903,273.0953,357.2233,CurrentState,End,Slider,51,Scenario,3
ID,26,Time,1027.207,DronePosition,-110.2394,59.26447,-107.379,0,CameraPosition,-103.1308,1.773216,-107.4618,CameraRotation,354.6111,273.3348,357.2149,CurrentState,End,Slider,51,Scenario,3
ID,26,Time,1027.22,DronePosition,-110.2394,59.26447,-107.379,0,CameraPosition,-103.1311,1.773271,-107.4609,CameraRotation,354.6311,273.5516,357.2127,CurrentState,End,Slider,51,Scenario,3
ID,26,Time,1027.234,DronePosition,-110.2394,59.26447,-107.379,0,CameraPosition,-103.1315,1.773375,-107.46,CameraRotation,354.6327,273.7451,357.1962,CurrentState,End,Slider,51,Scenario,3
ID,26,Time,1027.248,DronePosition,-110.2394,59.26447,-107.379,0,CameraPosition,-103.1319,1.773486,-107.4592,CameraRotation,354.5995,273.8951,357.1964,CurrentState,End,Slider,51,Scenario,3
ID,26,Time,1027.262,DronePosition,-110.2394,59.26447,-107.379,0,CameraPosition,-103.1322,1.773562,-107.4585,CameraRotation,354.5535,274.0222,357.2249,CurrentState,End,Slider,51,Scenario,3
ID,26,Time,1027.276,DronePosition,-110.2394,59.26447,-107.379,0,CameraPosition,-103.1326,1.77364,-107.4578,CameraRotation,354.5298,274.128,357.2449,CurrentState,End,Slider,51,Scenario,3
ID,26,Time,1027.29,DronePosition,-110.2394,59.26447,-107.379,0,CameraPosition,-103.1329,1.773704,-107.4571,CameraRotation,354.5207,274.2364,357.2419,CurrentState,End,Slider,51,Scenario,3
ID,26,Time,1027.304,DronePosition,-110.2394,59.26447,-107.379,0,CameraPosition,-103.1333,1.773765,-107.4565,CameraRotation,354.5001,274.3492,357.2213,CurrentState,End,Slider,51,Scenario,3
ID,26,Time,1027.318,DronePosition,-110.2394,59.26447,-107.379,0,CameraPosition,-103.1338,1.773838,-107.4559,CameraRotation,354.4774,274.4749,357.1989,CurrentState,End,Slider,51,Scenario,3
ID,26,Time,1027.332,DronePosition,-110.2394,59.26447,-107.379,0,CameraPosition,-103.1343,1.773956,-107.4552,CameraRotation,354.4422,274.5919,357.1819,CurrentState,End,Slider,51,Scenario,3
ID,26,Time,1027.346,DronePosition,-110.2394,59.26447,-107.379,0,CameraPosition,-103.1348,1.774068,-107.4546,CameraRotation,354.3845,274.6956,357.194,CurrentState,End,Slider,51,Scenario,3
ID,26,Time,1027.36,DronePosition,-110.2394,59.26447,-107.379,0,CameraPosition,-103.1354,1.774194,-107.4539,CameraRotation,354.331,274.787,357.2232,CurrentState,End,Slider,51,Scenario,3
ID,26,Time,1027.374,DronePosition,-110.2394,59.26447,-107.379,0,CameraPosition,-103.1361,1.774313,-107.4533,CameraRotation,354.2773,274.8648,357.2738,CurrentState,End,Slider,51,Scenario,3
ID,26,Time,1027.388,DronePosition,-110.2394,59.26447,-107.379,0,CameraPosition,-103.1368,1.774433,-107.4525,CameraRotation,354.2499,274.9288,357.3235,CurrentState,End,Slider,51,Scenario,3
ID,26,Time,1027.401,DronePosition,-110.2394,59.26447,-107.379,0,CameraPosition,-103.1376,1.774519,-107.4519,CameraRotation,354.2468,275.0064,357.3578,CurrentState,End,Slider,51,Scenario,3
ID,26,Time,1027.415,DronePosition,-110.2394,59.26447,-107.379,0,CameraPosition,-103.1384,1.774527,-107.4512,CameraRotation,354.2735,275.0874,357.3863,CurrentState,End,Slider,51,Scenario,3
ID,26,Time,1027.429,DronePosition,-110.2394,59.26447,-107.379,0,CameraPosition,-103.1392,1.77447,-107.4505,CameraRotation,354.3347,275.1517,357.449,CurrentState,End,Slider,51,Scenario,3
ID,26,Time,1027.443,DronePosition,-110.2394,59.26447,-107.379,0,CameraPosition,-103.1401,1.774391,-107.4499,CameraRotation,354.4247,275.2013,357.5618,CurrentState,End,Slider,51,Scenario,3
ID,26,Time,1027.457,DronePosition,-110.2394,59.26447,-107.379,0,CameraPosition,-103.141,1.774286,-107.4492,CameraRotation,354.5178,275.1955,357.7275,CurrentState,End,Slider,51,Scenario,3
ID,26,Time,1027.471,DronePosition,-110.2394,59.26447,-107.379,0,CameraPosition,-103.1419,1.7742,-107.4486,CameraRotation,354.5865,275.1695,357.8958,CurrentState,End,Slider,51,Scenario,3
ID,26,Time,1027.485,DronePosition,-110.2394,59.26447,-107.379,0,CameraPosition,-103.1429,1.774137,-107.448,CameraRotation,354.679,275.097,358.0844,CurrentState,End,Slider,51,Scenario,3
ID,26,Time,1027.499,DronePosition,-110.2394,59.26447,-107.379,0,CameraPosition,-103.1439,1.774098,-107.4473,CameraRotation,354.7514,274.9937,358.278,CurrentState,End,Slider,51,Scenario,3
ID,26,Time,1027.513,DronePosition,-110.2394,59.26447,-107.379,0,CameraPosition,-103.1449,1.774047,-107.4466,CameraRotation,354.8207,274.8999,358.4646,CurrentState,End,Slider,51,Scenario,3
ID,26,Time,1027.527,DronePosition,-110.2394,59.26447,-107.379,0,CameraPosition,-103.146,1.773968,-107.4458,CameraRotation,354.9028,274.7786,358.6343,CurrentState,End,Slider,51,Scenario,3
ID,26,Time,1027.541,DronePosition,-110.2394,59.26447,-107.379,0,CameraPosition,-103.1471,1.773938,-107.4449,CameraRotation,354.9766,274.6596,358.7766,CurrentState,End,Slider,51,Scenario,3
ID,26,Time,1027.555,DronePosition,-110.2394,59.26447,-107.379,0,CameraPosition,-103.1482,1.773982,-107.444,CameraRotation,354.9929,274.5558,358.8862,CurrentState,End,Slider,51,Scenario,3
ID,26,Time,1027.569,DronePosition,-110.2394,59.26447,-107.379,0,CameraPosition,-103.1494,1.774134,-107.443,CameraRotation,354.9203,274.4525,358.9559,CurrentState,End,Slider,51,Scenario,3
ID,26,Time,1027.583,DronePosition,-110.2394,59.26447,-107.379,0,CameraPosition,-103.1506,1.774343,-107.4419,CameraRotation,354.762,274.3582,358.9906,CurrentState,End,Slider,51,Scenario,3
ID,26,Time,1027.597,DronePosition,-110.2394,59.26447,-107.379,0,CameraPosition,-103.1518,1.77453,-107.4407,CameraRotation,354.6242,274.2593,359.0421,CurrentState,End,Slider,51,Scenario,3
ID,26,Time,1027.61,DronePosition,-110.2394,59.26447,-107.379,0,CameraPosition,-103.1531,1.774689,-107.4395,CameraRotation,354.5217,274.1528,359.0666,CurrentState,End,Slider,51,Scenario,3
ID,26,Time,1027.624,DronePosition,-110.2394,59.26447,-107.379,0,CameraPosition,-103.1543,1.774777,-107.4383,CameraRotation,354.486,274.0723,359.0482,CurrentState,End,Slider,51,Scenario,3
ID,26,Time,1027.638,DronePosition,-110.2394,59.26447,-107.379,0,CameraPosition,-103.1555,1.774897,-107.437,CameraRotation,354.4253,274.0092,358.9486,CurrentState,End,Slider,51,Scenario,3
ID,26,Time,1027.652,DronePosition,-110.2394,59.26447,-107.379,0,CameraPosition,-103.1569,1.775095,-107.4357,CameraRotation,354.2665,273.9582,358.7955,CurrentState,End,Slider,51,Scenario,3
ID,26,Time,1027.666,DronePosition,-110.2394,59.26447,-107.379,0,CameraPosition,-103.1582,1.77531,-107.4343,CameraRotation,354.0755,273.9182,358.6831,CurrentState,End,Slider,51,Scenario,3
ID,26,Time,1027.68,DronePosition,-110.2394,59.26447,-107.379,0,CameraPosition,-103.1596,1.775508,-107.4329,CameraRotation,353.9056,273.87,358.6094,CurrentState,End,Slider,51,Scenario,3
ID,26,Time,1027.694,DronePosition,-110.2394,59.26447,-107.379,0,CameraPosition,-103.1609,1.775661,-107.4315,CameraRotation,353.7954,273.7991,358.564,CurrentState,End,Slider,51,Scenario,3
ID,26,Time,1027.708,DronePosition,-110.2394,59.26447,-107.379,0,CameraPosition,-103.1623,1.775831,-107.43,CameraRotation,353.7455,273.6965,358.5318,CurrentState,End,Slider,51,Scenario,3
ID,26,Time,1027.722,DronePosition,-110.2394,59.26447,-107.379,0,CameraPosition,-103.1637,1.776065,-107.4286,CameraRotation,353.6858,273.5656,358.4631,CurrentState,End,Slider,51,Scenario,3
ID,26,Time,1027.735,DronePosition,-110.2394,59.26447,-107.379,0,CameraPosition,-103.1651,1.776369,-107.4272,CameraRotation,353.5718,273.3976,358.3521,CurrentState,End,Slider,51,Scenario,3
ID,26,Time,1027.749,DronePosition,-110.2394,59.26447,-107.379,0,CameraPosition,-103.1665,1.776669,-107.4259,CameraRotation,353.4114,273.1905,358.286,CurrentState,End,Slider,51,Scenario,3
ID,26,Time,1027.763,DronePosition,-110.2394,59.26447,-107.379,0,CameraPosition,-103.1681,1.776925,-107.4245,CameraRotation,353.2539,272.9773,358.2984,CurrentState,End,Slider,51,Scenario,3
ID,26,Time,1027.778,DronePosition,-110.2394,59.26447,-107.379,0,CameraPosition,-103.1696,1.777097,-107.4231,CameraRotation,353.1357,272.778,358.3842,CurrentState,End,Slider,51,Scenario,3
ID,26,Time,1027.792,DronePosition,-110.2394,59.26447,-107.379,0,CameraPosition,-103.1712,1.777221,-107.4216,CameraRotation,353.0265,272.5768,358.5124,CurrentState,End,Slider,51,Scenario,3
ID,26,Time,1027.806,DronePosition,-110.2394,59.26447,-107.379,0,CameraPosition,-103.1728,1.777388,-107.4202,CameraRotation,352.9137,272.364,358.6404,CurrentState,End,Slider,51,Scenario,3
ID,26,Time,1027.819,DronePosition,-110.2394,59.26447,-107.379,0,CameraPosition,-103.1744,1.7776,-107.4187,CameraRotation,352.7778,272.1219,358.7675,CurrentState,End,Slider,51,Scenario,3
ID,26,Time,1027.833,DronePosition,-110.2394,59.26447,-107.379,0,CameraPosition,-103.1761,1.77778,-107.4172,CameraRotation,352.6696,271.8446,358.8962,CurrentState,End,Slider,51,Scenario,3
ID,26,Time,1027.847,DronePosition,-110.2394,59.26447,-107.379,0,CameraPosition,-103.1777,1.777884,-107.4157,CameraRotation,352.6374,271.5289,359.019,CurrentState,End,Slider,51,Scenario,3
ID,26,Time,1027.861,DronePosition,-110.2394,59.26447,-107.379,0,CameraPosition,-103.1793,1.777835,-107.4142,CameraRotation,352.6787,271.1983,359.1389,CurrentState,End,Slider,51,Scenario,3
ID,26,Time,1027.875,DronePosition,-110.2394,59.26447,-107.379,0,CameraPosition,-103.1809,1.777583,-107.4125,CameraRotation,352.7998,270.8444,359.2349,CurrentState,End,Slider,51,Scenario,3
ID,26,Time,1027.889,DronePosition,-110.2394,59.26447,-107.379,0,CameraPosition,-103.1825,1.777195,-107.4108,CameraRotation,353.0126,270.5014,359.2963,CurrentState,End,Slider,51,Scenario,3
ID,26,Time,1027.903,DronePosition,-110.2394,59.26447,-107.379,0,CameraPosition,-103.1841,1.776702,-107.409,CameraRotation,353.2692,270.1645,359.3259,CurrentState,End,Slider,51,Scenario,3
ID,26,Time,1027.917,DronePosition,-110.2394,59.26447,-107.379,0,CameraPosition,-103.1857,1.776248,-107.4072,CameraRotation,353.5152,269.8441,359.372,CurrentState,End,Slider,51,Scenario,3
ID,26,Time,1027.931,DronePosition,-110.2394,59.26447,-107.379,0,CameraPosition,-103.1873,1.775897,-107.4051,CameraRotation,353.7104,269.5394,359.4147,CurrentState,End,Slider,51,Scenario,3
ID,26,Time,1027.944,DronePosition,-110.2394,59.26447,-107.379,0,CameraPosition,-103.1889,1.775704,-107.403,CameraRotation,353.7991,269.2664,359.4705,CurrentState,End,Slider,51,Scenario,3
ID,26,Time,1027.958,DronePosition,-110.2394,59.26447,-107.379,0,CameraPosition,-103.1903,1.775648,-107.4006,CameraRotation,353.7632,269.0112,359.5157,CurrentState,End,Slider,51,Scenario,3
ID,26,Time,1027.972,DronePosition,-110.2394,59.26447,-107.379,0,CameraPosition,-103.1918,1.775622,-107.3982,CameraRotation,353.7068,268.7728,359.5439,CurrentState,End,Slider,51,Scenario,3
ID,26,Time,1027.986,DronePosition,-110.2394,59.26447,-107.379,0,CameraPosition,-103.1932,1.775584,-107.3957,CameraRotation,353.6845,268.5292,359.5558,CurrentState,End,Slider,51,Scenario,3
ID,26,Time,1028,DronePosition,-110.2394,59.26447,-107.379,0,CameraPosition,-103.1946,1.775571,-107.3932,CameraRotation,353.6199,268.2862,359.5673,CurrentState,End,Slider,51,Scenario,3
ID,26,Time,1028.014,DronePosition,-110.2394,59.26447,-107.379,0,CameraPosition,-103.1959,1.775546,-107.3905,CameraRotation,353.5408,268.0583,359.5652,CurrentState,End,Slider,51,Scenario,3
ID,26,Time,1028.029,DronePosition,-110.2394,59.26447,-107.379,0,CameraPosition,-103.1973,1.775454,-107.3878,CameraRotation,353.4682,267.8248,359.5074,CurrentState,End,Slider,51,Scenario,3
ID,26,Time,1028.042,DronePosition,-110.2394,59.26447,-107.379,0,CameraPosition,-103.1987,1.775225,-107.385,CameraRotation,353.4074,267.5972,359.3734,CurrentState,End,Slider,51,Scenario,3
ID,26,Time,1028.056,DronePosition,-110.2394,59.26447,-107.379,0,CameraPosition,-103.2,1.774888,-107.3822,CameraRotation,353.3937,267.3951,359.1961,CurrentState,End,Slider,51,Scenario,3
ID,26,Time,1028.07,DronePosition,-110.2394,59.26447,-107.379,0,CameraPosition,-103.2014,1.774485,-107.3794,CameraRotation,353.3377,267.2284,359.0087,CurrentState,End,Slider,51,Scenario,3
ID,26,Time,1028.083,DronePosition,-110.2394,59.26447,-107.379,0,CameraPosition,-103.2027,1.773932,-107.3765,CameraRotation,353.2418,267.1138,358.7559,CurrentState,End,Slider,51,Scenario,3
ID,26,Time,1028.098,DronePosition,-110.2394,59.26447,-107.379,0,CameraPosition,-103.204,1.773308,-107.3735,CameraRotation,353.1939,267.025,358.5003,CurrentState,End,Slider,51,Scenario,3
ID,26,Time,1028.111,DronePosition,-110.2394,59.26447,-107.379,0,CameraPosition,-103.2054,1.772726,-107.3705,CameraRotation,353.1688,266.9527,358.2466,CurrentState,End,Slider,51,Scenario,3
ID,26,Time,1028.125,DronePosition,-110.2394,59.26447,-107.379,0,CameraPosition,-103.2066,1.772236,-107.3676,CameraRotation,353.1559,266.9139,357.9098,CurrentState,End,Slider,51,Scenario,3
ID,26,Time,1028.139,DronePosition,-110.2394,59.26447,-107.379,0,CameraPosition,-103.2079,1.771976,-107.3648,CameraRotation,353.1624,266.9091,357.5165,CurrentState,End,Slider,51,Scenario,3
ID,26,Time,1028.153,DronePosition,-110.2394,59.26447,-107.379,0,CameraPosition,-103.2092,1.771928,-107.362,CameraRotation,353.1292,266.9342,357.1293,CurrentState,End,Slider,51,Scenario,3
ID,26,Time,1028.167,DronePosition,-110.2394,59.26447,-107.379,0,CameraPosition,-103.2103,1.772143,-107.3592,CameraRotation,353.0277,267.0513,356.7049,CurrentState,End,Slider,51,Scenario,3
ID,26,Time,1028.181,DronePosition,-110.2394,59.26447,-107.379,0,CameraPosition,-103.2114,1.77242,-107.3565,CameraRotation,352.9368,267.2236,356.2939,CurrentState,End,Slider,51,Scenario,3
ID,26,Time,1028.195,DronePosition,-110.2394,59.26447,-107.379,0,CameraPosition,-103.2125,1.772624,-107.3539,CameraRotation,352.8857,267.4384,355.9531,CurrentState,End,Slider,51,Scenario,3
ID,26,Time,1028.209,DronePosition,-110.2394,59.26447,-107.379,0,CameraPosition,-103.2133,1.772762,-107.3514,CameraRotation,352.8999,267.7634,355.7088,CurrentState,End,Slider,51,Scenario,3
ID,26,Time,1028.223,DronePosition,-110.2394,59.26447,-107.379,0,CameraPosition,-103.2141,1.772762,-107.3491,CameraRotation,352.9556,268.0823,355.5142,CurrentState,End,Slider,51,Scenario,3
ID,26,Time,1028.237,DronePosition,-110.2394,59.26447,-107.379,0,CameraPosition,-103.2148,1.772717,-107.3468,CameraRotation,353.0077,268.3639,355.3203,CurrentState,End,Slider,51,Scenario,3
ID,26,Time,1028.251,DronePosition,-110.2394,59.26447,-107.379,0,CameraPosition,-103.2154,1.772673,-107.3447,CameraRotation,353.0518,268.6405,355.1059,CurrentState,End,Slider,51,Scenario,3
ID,26,Time,1028.265,DronePosition,-110.2394,59.26447,-107.379,0,CameraPosition,-103.2159,1.772641,-107.3427,CameraRotation,353.0912,268.9241,354.8923,CurrentState,End,Slider,51,Scenario,3
ID,26,Time,1028.278,DronePosition,-110.2394,59.26447,-107.379,0,CameraPosition,-103.2164,1.772662,-107.3408,CameraRotation,353.1244,269.1882,354.7154,CurrentState,End,Slider,51,Scenario,3
ID,26,Time,1028.292,DronePosition,-110.2394,59.26447,-107.379,0,CameraPosition,-103.2168,1.772769,-107.3392,CameraRotation,353.101,269.4503,354.5769,CurrentState,End,Slider,51,Scenario,3
ID,26,Time,1028.306,DronePosition,-110.2394,59.26447,-107.379,0,CameraPosition,-103.217,1.772957,-107.338,CameraRotation,353.0327,269.6768,354.4875,CurrentState,End,Slider,51,Scenario,3
ID,26,Time,1028.32,DronePosition,-110.2394,59.26447,-107.379,0,CameraPosition,-103.2172,1.773125,-107.3367,CameraRotation,352.9802,269.8844,354.3809,CurrentState,End,Slider,51,Scenario,3
ID,26,Time,1028.334,DronePosition,-110.2394,59.26447,-107.379,0,CameraPosition,-103.2173,1.773262,-107.3357,CameraRotation,352.9411,270.0715,354.2639,CurrentState,End,Slider,51,Scenario,3
ID,26,Time,1028.348,DronePosition,-110.2394,59.26447,-107.379,0,CameraPosition,-103.2173,1.773326,-107.335,CameraRotation,352.9898,270.2469,354.1258,CurrentState,End,Slider,51,Scenario,3
ID,26,Time,1028.362,DronePosition,-110.2394,59.26447,-107.379,0,CameraPosition,-103.2173,1.773324,-107.3342,CameraRotation,353.0482,270.4444,354.0301,CurrentState,End,Slider,51,Scenario,3
ID,26,Time,1028.376,DronePosition,-110.2394,59.26447,-107.379,0,CameraPosition,-103.2171,1.773268,-107.3336,CameraRotation,353.1041,270.6867,354.0024,CurrentState,End,Slider,51,Scenario,3
ID,26,Time,1028.39,DronePosition,-110.2394,59.26447,-107.379,0,CameraPosition,-103.217,1.773221,-107.333,CameraRotation,353.1622,270.9365,353.9661,CurrentState,End,Slider,51,Scenario,3
ID,26,Time,1028.404,DronePosition,-110.2394,59.26447,-107.379,0,CameraPosition,-103.2168,1.773194,-107.3327,CameraRotation,353.2135,271.2122,353.8787,CurrentState,End,Slider,51,Scenario,3
ID,26,Time,1028.418,DronePosition,-110.2394,59.26447,-107.379,0,CameraPosition,-103.2165,1.773143,-107.3324,CameraRotation,353.1968,271.5126,353.7594,CurrentState,End,Slider,51,Scenario,3
ID,26,Time,1028.432,DronePosition,-110.2394,59.26447,-107.379,0,CameraPosition,-103.2162,1.77316,-107.3321,CameraRotation,353.1791,271.8121,353.6758,CurrentState,End,Slider,51,Scenario,3
ID,26,Time,1028.446,DronePosition,-110.2394,59.26447,-107.379,0,CameraPosition,-103.2159,1.773263,-107.3321,CameraRotation,353.0929,272.1134,353.6346,CurrentState,End,Slider,51,Scenario,3
ID,26,Time,1028.46,DronePosition,-110.2394,59.26447,-107.379,0,CameraPosition,-103.2154,1.773439,-107.3323,CameraRotation,352.947,272.3856,353.6069,CurrentState,End,Slider,51,Scenario,3
ID,26,Time,1028.474,DronePosition,-110.2394,59.26447,-107.379,0,CameraPosition,-103.2149,1.77356,-107.3325,CameraRotation,352.8121,272.6447,353.566,CurrentState,End,Slider,51,Scenario,3
ID,26,Time,1028.488,DronePosition,-110.2394,59.26447,-107.379,0,CameraPosition,-103.2143,1.773614,-107.333,CameraRotation,352.6954,272.89,353.4798,CurrentState,End,Slider,51,Scenario,3
ID,26,Time,1028.501,DronePosition,-110.2394,59.26447,-107.379,0,CameraPosition,-103.2136,1.773649,-107.3336,CameraRotation,352.6392,273.1579,353.3632,CurrentState,End,Slider,51,Scenario,3
ID,26,Time,1028.516,DronePosition,-110.2394,59.26447,-107.379,0,CameraPosition,-103.213,1.773744,-107.3343,CameraRotation,352.5821,273.4798,353.1762,CurrentState,End,Slider,51,Scenario,3
ID,26,Time,1028.529,DronePosition,-110.2394,59.26447,-107.379,0,CameraPosition,-103.2122,1.773958,-107.3351,CameraRotation,352.491,273.8557,352.9841,CurrentState,End,Slider,51,Scenario,3
ID,26,Time,1028.543,DronePosition,-110.2394,59.26447,-107.379,0,CameraPosition,-103.2115,1.774301,-107.336,CameraRotation,352.3625,274.2605,352.8164,CurrentState,End,Slider,51,Scenario,3
ID,26,Time,1028.557,DronePosition,-110.2394,59.26447,-107.379,0,CameraPosition,-103.2108,1.774734,-107.3371,CameraRotation,352.2065,274.7208,352.6592,CurrentState,End,Slider,51,Scenario,3
ID,26,Time,1028.571,DronePosition,-110.2394,59.26447,-107.379,0,CameraPosition,-103.21,1.775174,-107.3384,CameraRotation,352.068,275.211,352.4897,CurrentState,End,Slider,51,Scenario,3
ID,26,Time,1028.585,DronePosition,-110.2394,59.26447,-107.379,0,CameraPosition,-103.2092,1.775611,-107.3397,CameraRotation,351.9442,275.7092,352.3481,CurrentState,End,Slider,51,Scenario,3
ID,26,Time,1028.599,DronePosition,-110.2394,59.26447,-107.379,0,CameraPosition,-103.2084,1.776062,-107.3413,CameraRotation,351.7843,276.2278,352.3047,CurrentState,End,Slider,51,Scenario,3
ID,26,Time,1028.613,DronePosition,-110.2394,59.26447,-107.379,0,CameraPosition,-103.2075,1.77644,-107.3432,CameraRotation,351.6269,276.7176,352.3333,CurrentState,End,Slider,51,Scenario,3
ID,26,Time,1028.628,DronePosition,-110.2394,59.26447,-107.379,0,CameraPosition,-103.2066,1.776767,-107.3453,CameraRotation,351.571,277.1405,352.4148,CurrentState,End,Slider,51,Scenario,3
ID,26,Time,1028.641,DronePosition,-110.2394,59.26447,-107.379,0,CameraPosition,-103.2056,1.777056,-107.3475,CameraRotation,351.5998,277.5041,352.5089,CurrentState,End,Slider,51,Scenario,3
ID,26,Time,1028.655,DronePosition,-110.2394,59.26447,-107.379,0,CameraPosition,-103.2046,1.777304,-107.3501,CameraRotation,351.6865,277.8101,352.6171,CurrentState,End,Slider,51,Scenario,3
ID,26,Time,1028.668,DronePosition,-110.2394,59.26447,-107.379,0,CameraPosition,-103.2035,1.777525,-107.3526,CameraRotation,351.7685,278.0636,352.6883,CurrentState,End,Slider,51,Scenario,3
ID,26,Time,1028.682,DronePosition,-110.2394,59.26447,-107.379,0,CameraPosition,-103.2025,1.777679,-107.3553,CameraRotation,351.8761,278.2659,352.7743,CurrentState,End,Slider,51,Scenario,3
ID,26,Time,1028.696,DronePosition,-110.2394,59.26447,-107.379,0,CameraPosition,-103.2014,1.777689,-107.3582,CameraRotation,352.0191,278.3846,352.908,CurrentState,End,Slider,51,Scenario,3
ID,26,Time,1028.71,DronePosition,-110.2394,59.26447,-107.379,0,CameraPosition,-103.2004,1.777646,-107.3612,CameraRotation,352.1544,278.4416,353.0872,CurrentState,End,Slider,51,Scenario,3
ID,26,Time,1028.724,DronePosition,-110.2394,59.26447,-107.379,0,CameraPosition,-103.1994,1.777508,-107.3643,CameraRotation,352.2661,278.4191,353.34,CurrentState,End,Slider,51,Scenario,3
ID,26,Time,1028.738,DronePosition,-110.2394,59.26447,-107.379,0,CameraPosition,-103.1983,1.777365,-107.3675,CameraRotation,352.3682,278.2773,353.616,CurrentState,End,Slider,51,Scenario,3
ID,26,Time,1028.752,DronePosition,-110.2394,59.26447,-107.379,0,CameraPosition,-103.1973,1.777359,-107.3706,CameraRotation,352.4434,278.1107,353.8586,CurrentState,End,Slider,51,Scenario,3
ID,26,Time,1028.766,DronePosition,-110.2394,59.26447,-107.379,0,CameraPosition,-103.1963,1.77754,-107.3738,CameraRotation,352.4356,277.9112,354.0515,CurrentState,End,Slider,51,Scenario,3
ID,26,Time,1028.78,DronePosition,-110.2394,59.26447,-107.379,0,CameraPosition,-103.1954,1.777907,-107.377,CameraRotation,352.3388,277.7129,354.1688,CurrentState,End,Slider,51,Scenario,3
ID,26,Time,1028.794,DronePosition,-110.2394,59.26447,-107.379,0,CameraPosition,-103.1944,1.778293,-107.3802,CameraRotation,352.2742,277.5486,354.2571,CurrentState,End,Slider,51,Scenario,3
ID,26,Time,1028.808,DronePosition,-110.2394,59.26447,-107.379,0,CameraPosition,-103.1935,1.778493,-107.3834,CameraRotation,352.3088,277.3926,354.3349,CurrentState,End,Slider,51,Scenario,3
ID,26,Time,1028.822,DronePosition,-110.2394,59.26447,-107.379,0,CameraPosition,-103.1927,1.77836,-107.3865,CameraRotation,352.5179,277.2422,354.3544,CurrentState,End,Slider,51,Scenario,3
ID,26,Time,1028.836,DronePosition,-110.2394,59.26447,-107.379,0,CameraPosition,-103.1919,1.77794,-107.3896,CameraRotation,352.8588,277.0925,354.3418,CurrentState,End,Slider,51,Scenario,3
ID,26,Time,1028.849,DronePosition,-110.2394,59.26447,-107.379,0,CameraPosition,-103.1913,1.777448,-107.3926,CameraRotation,353.181,276.9467,354.4171,CurrentState,End,Slider,51,Scenario,3
ID,26,Time,1028.864,DronePosition,-110.2394,59.26447,-107.379,0,CameraPosition,-103.1907,1.777127,-107.3956,CameraRotation,353.3135,276.8359,354.656,CurrentState,End,Slider,51,Scenario,3
ID,26,Time,1028.878,DronePosition,-110.2394,59.26447,-107.379,0,CameraPosition,-103.1902,1.776948,-107.3984,CameraRotation,353.2941,276.77,355.0341,CurrentState,End,Slider,51,Scenario,3
ID,26,Time,1028.891,DronePosition,-110.2394,59.26447,-107.379,0,CameraPosition,-103.1897,1.776809,-107.401,CameraRotation,353.1968,276.7118,355.4438,CurrentState,End,Slider,51,Scenario,3
ID,26,Time,1028.905,DronePosition,-110.2394,59.26447,-107.379,0,CameraPosition,-103.1893,1.776614,-107.4036,CameraRotation,353.1622,276.603,355.7496,CurrentState,End,Slider,51,Scenario,3
ID,26,Time,1028.919,DronePosition,-110.2394,59.26447,-107.379,0,CameraPosition,-103.1891,1.776358,-107.4061,CameraRotation,353.1762,276.4619,355.981,CurrentState,End,Slider,51,Scenario,3
ID,26,Time,1028.933,DronePosition,-110.2394,59.26447,-107.379,0,CameraPosition,-103.1889,1.776132,-107.4086,CameraRotation,353.2317,276.3057,356.1408,CurrentState,End,Slider,51,Scenario,3
ID,26,Time,1028.947,DronePosition,-110.2394,59.26447,-107.379,0,CameraPosition,-103.1888,1.775973,-107.4111,CameraRotation,353.3127,276.1422,356.2728,CurrentState,End,Slider,51,Scenario,3
ID,26,Time,1028.961,DronePosition,-110.2394,59.26447,-107.379,0,CameraPosition,-103.1888,1.775899,-107.4136,CameraRotation,353.358,275.9958,356.4232,CurrentState,End,Slider,51,Scenario,3
ID,26,Time,1028.975,DronePosition,-110.2394,59.26447,-107.379,0,CameraPosition,-103.1888,1.775797,-107.4159,CameraRotation,353.3897,275.8577,356.6172,CurrentState,End,Slider,51,Scenario,3
ID,26,Time,1028.989,DronePosition,-110.2394,59.26447,-107.379,0,CameraPosition,-103.1888,1.775627,-107.418,CameraRotation,353.4558,275.7476,356.8029,CurrentState,End,Slider,51,Scenario,3
ID,26,Time,1029.002,DronePosition,-110.2394,59.26447,-107.379,0,CameraPosition,-103.1888,1.77538,-107.4201,CameraRotation,353.558,275.6713,357.0084,CurrentState,End,Slider,51,Scenario,3
ID,26,Time,1029.017,DronePosition,-110.2394,59.26447,-107.379,0,CameraPosition,-103.1889,1.775123,-107.4222,CameraRotation,353.6484,275.5827,357.2232,CurrentState,End,Slider,51,Scenario,3
ID,26,Time,1029.031,DronePosition,-110.2394,59.26447,-107.379,0,CameraPosition,-103.1889,1.774921,-107.4242,CameraRotation,353.7179,275.4682,357.4666,CurrentState,End,Slider,51,Scenario,3
ID,26,Time,1029.045,DronePosition,-110.2394,59.26447,-107.379,0,CameraPosition,-103.189,1.774815,-107.426,CameraRotation,353.7375,275.3166,357.7397,CurrentState,End,Slider,51,Scenario,3
ID,26,Time,1029.058,DronePosition,-110.2394,59.26447,-107.379,0,CameraPosition,-103.189,1.774796,-107.4277,CameraRotation,353.7232,275.1746,357.9732,CurrentState,End,Slider,51,Scenario,3
ID,26,Time,1029.072,DronePosition,-110.2394,59.26447,-107.379,0,CameraPosition,-103.189,1.774891,-107.4292,CameraRotation,353.6158,275.041,358.1363,CurrentState,End,Slider,51,Scenario,3
ID,26,Time,1029.086,DronePosition,-110.2394,59.26447,-107.379,0,CameraPosition,-103.1891,1.775015,-107.4307,CameraRotation,353.5512,274.9351,358.2569,CurrentState,End,Slider,51,Scenario,3
ID,26,Time,1029.1,DronePosition,-110.2394,59.26447,-107.379,0,CameraPosition,-103.1894,1.775112,-107.4321,CameraRotation,353.541,274.8827,358.3021,CurrentState,End,Slider,51,Scenario,3
ID,26,Time,1029.114,DronePosition,-110.2394,59.26447,-107.379,0,CameraPosition,-103.1896,1.775124,-107.4334,CameraRotation,353.6065,274.8732,358.3713,CurrentState,End,Slider,51,Scenario,3
ID,26,Time,1029.128,DronePosition,-110.2394,59.26447,-107.379,0,CameraPosition,-103.19,1.775101,-107.4346,CameraRotation,353.6799,274.8877,358.5224,CurrentState,End,Slider,51,Scenario,3
ID,26,Time,1029.142,DronePosition,-110.2394,59.26447,-107.379,0,CameraPosition,-103.1904,1.775044,-107.4357,CameraRotation,353.7074,274.9105,358.7004,CurrentState,End,Slider,51,Scenario,3
ID,26,Time,1029.156,DronePosition,-110.2394,59.26447,-107.379,0,CameraPosition,-103.191,1.775006,-107.4369,CameraRotation,353.7236,274.9035,358.8555,CurrentState,End,Slider,51,Scenario,3
ID,26,Time,1029.17,DronePosition,-110.2394,59.26447,-107.379,0,CameraPosition,-103.1917,1.775031,-107.4379,CameraRotation,353.748,274.8812,358.9972,CurrentState,End,Slider,51,Scenario,3
ID,26,Time,1029.184,DronePosition,-110.2394,59.26447,-107.379,0,CameraPosition,-103.1924,1.775185,-107.4388,CameraRotation,353.7468,274.8725,359.1031,CurrentState,End,Slider,51,Scenario,3
ID,26,Time,1029.198,DronePosition,-110.2394,59.26447,-107.379,0,CameraPosition,-103.1931,1.775369,-107.4397,CameraRotation,353.7108,274.8875,359.1868,CurrentState,End,Slider,51,Scenario,3
ID,26,Time,1029.211,DronePosition,-110.2394,59.26447,-107.379,0,CameraPosition,-103.1939,1.775516,-107.4405,CameraRotation,353.7021,274.9201,359.2558,CurrentState,End,Slider,51,Scenario,3
ID,26,Time,1029.225,DronePosition,-110.2394,59.26447,-107.379,0,CameraPosition,-103.1945,1.775593,-107.4412,CameraRotation,353.7749,274.9791,359.2744,CurrentState,End,Slider,51,Scenario,3
ID,26,Time,1029.239,DronePosition,-110.2394,59.26447,-107.379,0,CameraPosition,-103.1952,1.775538,-107.4419,CameraRotation,353.9054,275.0381,359.3097,CurrentState,End,Slider,51,Scenario,3
ID,26,Time,1029.254,DronePosition,-110.2394,59.26447,-107.379,0,CameraPosition,-103.196,1.775449,-107.4425,CameraRotation,354.0265,275.0811,359.3976,CurrentState,End,Slider,51,Scenario,3
ID,26,Time,1029.267,DronePosition,-110.2394,59.26447,-107.379,0,CameraPosition,-103.1967,1.775358,-107.4431,CameraRotation,354.128,275.0978,359.5073,CurrentState,End,Slider,51,Scenario,3
ID,26,Time,1029.281,DronePosition,-110.2394,59.26447,-107.379,0,CameraPosition,-103.1973,1.775286,-107.4436,CameraRotation,354.2391,275.1181,359.6275,CurrentState,End,Slider,51,Scenario,3
ID,26,Time,1029.295,DronePosition,-110.2394,59.26447,-107.379,0,CameraPosition,-103.1979,1.775262,-107.4442,CameraRotation,354.3793,275.112,359.71,CurrentState,End,Slider,51,Scenario,3
ID,26,Time,1029.309,DronePosition,-110.2394,59.26447,-107.379,0,CameraPosition,-103.1985,1.775316,-107.4447,CameraRotation,354.4817,275.0904,359.7626,CurrentState,End,Slider,51,Scenario,3
ID,26,Time,1029.323,DronePosition,-110.2394,59.26447,-107.379,0,CameraPosition,-103.199,1.775393,-107.4452,CameraRotation,354.5196,275.0733,359.8296,CurrentState,End,Slider,51,Scenario,3
ID,26,Time,1029.337,DronePosition,-110.2394,59.26447,-107.379,0,CameraPosition,-103.1995,1.775443,-107.4456,CameraRotation,354.5206,275.0357,359.8935,CurrentState,End,Slider,51,Scenario,3
ID,26,Time,1029.35,DronePosition,-110.2394,59.26447,-107.379,0,CameraPosition,-103.1999,1.775478,-107.4459,CameraRotation,354.5375,274.967,-0.004314716,CurrentState,End,Slider,51,Scenario,3
ID,26,Time,1029.365,DronePosition,-110.2394,59.26447,-107.379,0,CameraPosition,-103.2003,1.775514,-107.4462,CameraRotation,354.5189,274.8602,0.1169147,CurrentState,End,Slider,51,Scenario,3
ID,26,Time,1029.378,DronePosition,-110.2394,59.26447,-107.379,0,CameraPosition,-103.2006,1.775605,-107.4465,CameraRotation,354.458,274.7019,0.2173167,CurrentState,End,Slider,51,Scenario,3
ID,26,Time,1029.392,DronePosition,-110.2394,59.26447,-107.379,0,CameraPosition,-103.2008,1.775691,-107.4467,CameraRotation,354.4105,274.5519,0.258572,CurrentState,End,Slider,51,Scenario,3
ID,26,Time,1029.406,DronePosition,-110.2394,59.26447,-107.379,0,CameraPosition,-103.2009,1.775739,-107.4469,CameraRotation,354.4043,274.4138,0.22912,CurrentState,End,Slider,51,Scenario,3
ID,26,Time,1029.42,DronePosition,-110.2394,59.26447,-107.379,0,CameraPosition,-103.201,1.775667,-107.4471,CameraRotation,354.449,274.2914,0.1646947,CurrentState,End,Slider,51,Scenario,3
ID,26,Time,1029.434,DronePosition,-110.2394,59.26447,-107.379,0,CameraPosition,-103.2011,1.77553,-107.4472,CameraRotation,354.5718,274.1917,0.1444231,CurrentState,End,Slider,51,Scenario,3
ID,26,Time,1029.448,DronePosition,-110.2394,59.26447,-107.379,0,CameraPosition,-103.201,1.775342,-107.4473,CameraRotation,354.7164,274.0865,0.1531976,CurrentState,End,Slider,51,Scenario,3
ID,26,Time,1029.463,DronePosition,-110.2394,59.26447,-107.379,0,CameraPosition,-103.2009,1.775166,-107.4474,CameraRotation,354.7625,273.9698,0.1681861,CurrentState,End,Slider,51,Scenario,3
ID,26,Time,1029.476,DronePosition,-110.2394,59.26447,-107.379,0,CameraPosition,-103.2007,1.775074,-107.4476,CameraRotation,354.7892,273.837,0.1659201,CurrentState,End,Slider,51,Scenario,3
ID,26,Time,1029.49,DronePosition,-110.2394,59.26447,-107.379,0,CameraPosition,-103.2005,1.774999,-107.4476,CameraRotation,354.7789,273.6943,0.1589549,CurrentState,End,Slider,51,Scenario,3
ID,26,Time,1029.504,DronePosition,-110.2394,59.26447,-107.379,0,CameraPosition,-103.2003,1.774882,-107.4477,CameraRotation,354.8098,273.5588,0.1520937,CurrentState,End,Slider,51,Scenario,3
ID,26,Time,1029.518,DronePosition,-110.2394,59.26447,-107.379,0,CameraPosition,-103.2,1.774764,-107.4477,CameraRotation,354.8789,273.4248,0.138797,CurrentState,End,Slider,51,Scenario,3
ID,26,Time,1029.532,DronePosition,-110.2394,59.26447,-107.379,0,CameraPosition,-103.1997,1.774704,-107.4477,CameraRotation,354.8983,273.283,0.1313759,CurrentState,End,Slider,51,Scenario,3
ID,26,Time,1029.546,DronePosition,-110.2394,59.26447,-107.379,0,CameraPosition,-103.1993,1.774743,-107.4477,CameraRotation,354.8764,273.1098,0.1351705,CurrentState,End,Slider,51,Scenario,3
ID,26,Time,1029.559,DronePosition,-110.2394,59.26447,-107.379,0,CameraPosition,-103.1989,1.77488,-107.4477,CameraRotation,354.8546,272.9463,0.1617728,CurrentState,End,Slider,51,Scenario,3
ID,26,Time,1029.573,DronePosition,-110.2394,59.26447,-107.379,0,CameraPosition,-103.1986,1.77511,-107.4477,CameraRotation,354.7335,272.7703,0.2245853,CurrentState,End,Slider,51,Scenario,3
ID,26,Time,1029.587,DronePosition,-110.2394,59.26447,-107.379,0,CameraPosition,-103.1982,1.775302,-107.4476,CameraRotation,354.6212,272.6122,0.2756683,CurrentState,End,Slider,51,Scenario,3
ID,26,Time,1029.601,DronePosition,-110.2394,59.26447,-107.379,0,CameraPosition,-103.1979,1.775417,-107.4475,CameraRotation,354.5411,272.4798,0.3189025,CurrentState,End,Slider,51,Scenario,3
ID,26,Time,1029.615,DronePosition,-110.2394,59.26447,-107.379,0,CameraPosition,-103.1975,1.77542,-107.4474,CameraRotation,354.5076,272.3769,0.3334085,CurrentState,End,Slider,51,Scenario,3
ID,26,Time,1029.629,DronePosition,-110.2394,59.26447,-107.379,0,CameraPosition,-103.1972,1.775329,-107.4473,CameraRotation,354.485,272.2818,0.3526789,CurrentState,End,Slider,51,Scenario,3
ID,26,Time,1029.643,DronePosition,-110.2394,59.26447,-107.379,0,CameraPosition,-103.1968,1.775287,-107.4472,CameraRotation,354.4485,272.179,0.3780172,CurrentState,End,Slider,51,Scenario,3
ID,26,Time,1029.657,DronePosition,-110.2394,59.26447,-107.379,0,CameraPosition,-103.1965,1.77531,-107.447,CameraRotation,354.3763,272.0745,0.4155067,CurrentState,End,Slider,51,Scenario,3
ID,26,Time,1029.671,DronePosition,-110.2394,59.26447,-107.379,0,CameraPosition,-103.1962,1.77536,-107.4468,CameraRotation,354.2714,271.9447,0.473896,CurrentState,End,Slider,51,Scenario,3
ID,26,Time,1029.685,DronePosition,-110.2394,59.26447,-107.379,0,CameraPosition,-103.1959,1.775411,-107.4466,CameraRotation,354.2112,271.8058,0.5191362,CurrentState,End,Slider,51,Scenario,3
ID,26,Time,1029.698,DronePosition,-110.2394,59.26447,-107.379,0,CameraPosition,-103.1955,1.775455,-107.4464,CameraRotation,354.1874,271.6533,0.5351478,CurrentState,End,Slider,51,Scenario,3
ID,26,Time,1029.712,DronePosition,-110.2394,59.26447,-107.379,0,CameraPosition,-103.1952,1.775468,-107.4461,CameraRotation,354.179,271.4993,0.548096,CurrentState,End,Slider,51,Scenario,3
ID,26,Time,1029.726,DronePosition,-110.2394,59.26447,-107.379,0,CameraPosition,-103.1949,1.775443,-107.4459,CameraRotation,354.2006,271.353,0.5524155,CurrentState,End,Slider,51,Scenario,3
ID,26,Time,1029.74,DronePosition,-110.2394,59.26447,-107.379,0,CameraPosition,-103.1946,1.775367,-107.4456,CameraRotation,354.265,271.2231,0.5169816,CurrentState,End,Slider,51,Scenario,3
ID,26,Time,1029.754,DronePosition,-110.2394,59.26447,-107.379,0,CameraPosition,-103.1944,1.775186,-107.4453,CameraRotation,354.3462,271.105,0.4572891,CurrentState,End,Slider,51,Scenario,3
ID,26,Time,1029.768,DronePosition,-110.2394,59.26447,-107.379,0,CameraPosition,-103.1942,1.775021,-107.445,CameraRotation,354.4835,270.9886,0.449695,CurrentState,End,Slider,51,Scenario,3
ID,26,Time,1029.782,DronePosition,-110.2394,59.26447,-107.379,0,CameraPosition,-103.194,1.774902,-107.4446,CameraRotation,354.583,270.9031,0.4609594,CurrentState,End,Slider,51,Scenario,3
ID,26,Time,1029.796,DronePosition,-110.2394,59.26447,-107.379,0,CameraPosition,-103.1939,1.774852,-107.4442,CameraRotation,354.5593,270.8223,0.4495775,CurrentState,End,Slider,51,Scenario,3
ID,26,Time,1029.81,DronePosition,-110.2394,59.26447,-107.379,0,CameraPosition,-103.1937,1.77488,-107.4438,CameraRotation,354.5542,270.7492,0.4330602,CurrentState,End,Slider,51,Scenario,3
ID,26,Time,1029.824,DronePosition,-110.2394,59.26447,-107.379,0,CameraPosition,-103.1935,1.774915,-107.4433,CameraRotation,354.5353,270.6653,0.3981389,CurrentState,End,Slider,51,Scenario,3
ID,26,Time,1029.838,DronePosition,-110.2394,59.26447,-107.379,0,CameraPosition,-103.1933,1.77493,-107.4429,CameraRotation,354.5056,270.5555,0.3296606,CurrentState,End,Slider,51,Scenario,3
ID,26,Time,1029.852,DronePosition,-110.2394,59.26447,-107.379,0,CameraPosition,-103.193,1.774964,-107.4425,CameraRotation,354.5281,270.3846,0.2588802,CurrentState,End,Slider,51,Scenario,3
ID,26,Time,1029.866,DronePosition,-110.2394,59.26447,-107.379,0,CameraPosition,-103.1926,1.774966,-107.4422,CameraRotation,354.5746,270.1491,0.2263732,CurrentState,End,Slider,51,Scenario,3
ID,26,Time,1029.88,DronePosition,-110.2394,59.26447,-107.379,0,CameraPosition,-103.1922,1.774914,-107.4418,CameraRotation,354.6619,269.9047,0.1819821,CurrentState,End,Slider,51,Scenario,3
ID,26,Time,1029.894,DronePosition,-110.2394,59.26447,-107.379,0,CameraPosition,-103.1918,1.774774,-107.4415,CameraRotation,354.7804,269.639,0.1051632,CurrentState,End,Slider,51,Scenario,3
ID,26,Time,1029.907,DronePosition,-110.2394,59.26447,-107.379,0,CameraPosition,-103.1913,1.774637,-107.4412,CameraRotation,354.881,269.3843,0.002644224,CurrentState,End,Slider,51,Scenario,3
ID,26,Time,1029.922,DronePosition,-110.2394,59.26447,-107.379,0,CameraPosition,-103.1907,1.774551,-107.4408,CameraRotation,354.9283,269.1479,359.9151,CurrentState,End,Slider,51,Scenario,3
ID,26,Time,1029.935,DronePosition,-110.2394,59.26447,-107.379,0,CameraPosition,-103.1901,1.774519,-107.4404,CameraRotation,354.9429,268.9189,359.8553,CurrentState,End,Slider,51,Scenario,3
ID,26,Time,1029.949,DronePosition,-110.2394,59.26447,-107.379,0,CameraPosition,-103.1895,1.774516,-107.44,CameraRotation,354.9057,268.696,359.818,CurrentState,End,Slider,51,Scenario,3
ID,26,Time,1029.963,DronePosition,-110.2394,59.26447,-107.379,0,CameraPosition,-103.1889,1.77453,-107.4395,CameraRotation,354.843,268.4689,359.8022,CurrentState,End,Slider,51,Scenario,3
ID,26,Time,1029.977,DronePosition,-110.2394,59.26447,-107.379,0,CameraPosition,-103.1882,1.774524,-107.439,CameraRotation,354.7518,268.2654,359.8163,CurrentState,End,Slider,51,Scenario,3
ID,26,Time,1029.991,DronePosition,-110.2394,59.26447,-107.379,0,CameraPosition,-103.1875,1.774505,-107.4385,CameraRotation,354.6665,268.0737,359.7945,CurrentState,End,Slider,51,Scenario,3
ID,26,Time,1030.005,DronePosition,-110.2394,59.26447,-107.379,0,CameraPosition,-103.1867,1.774464,-107.4379,CameraRotation,354.6373,267.9031,359.7421,CurrentState,End,Slider,51,Scenario,3
ID,26,Time,1030.019,DronePosition,-110.2394,59.26447,-107.379,0,CameraPosition,-103.1859,1.774381,-107.4372,CameraRotation,354.6395,267.7418,359.6771,CurrentState,End,Slider,51,Scenario,3
ID,26,Time,1030.033,DronePosition,-110.2394,59.26447,-107.379,0,CameraPosition,-103.1851,1.774308,-107.4365,CameraRotation,354.6578,267.6081,359.6149,CurrentState,End,Slider,51,Scenario,3
ID,26,Time,1030.047,DronePosition,-110.2394,59.26447,-107.379,0,CameraPosition,-103.1843,1.774292,-107.4357,CameraRotation,354.6504,267.4833,359.5746,CurrentState,End,Slider,51,Scenario,3
ID,26,Time,1030.061,DronePosition,-110.2394,59.26447,-107.379,0,CameraPosition,-103.1835,1.774345,-107.4349,CameraRotation,354.5614,267.3758,359.5258,CurrentState,End,Slider,51,Scenario,3
ID,26,Time,1030.074,DronePosition,-110.2394,59.26447,-107.379,0,CameraPosition,-103.1827,1.774457,-107.434,CameraRotation,354.4245,267.2848,359.4907,CurrentState,End,Slider,51,Scenario,3
ID,26,Time,1030.089,DronePosition,-110.2394,59.26447,-107.379,0,CameraPosition,-103.182,1.774598,-107.433,CameraRotation,354.2813,267.1916,359.4611,CurrentState,End,Slider,51,Scenario,3
ID,26,Time,1030.102,DronePosition,-110.2394,59.26447,-107.379,0,CameraPosition,-103.1813,1.774798,-107.432,CameraRotation,354.1469,267.1048,359.4285,CurrentState,End,Slider,51,Scenario,3
ID,26,Time,1030.116,DronePosition,-110.2394,59.26447,-107.379,0,CameraPosition,-103.1807,1.774997,-107.4309,CameraRotation,353.9779,267.0124,359.3918,CurrentState,End,Slider,51,Scenario,3
ID,26,Time,1030.13,DronePosition,-110.2394,59.26447,-107.379,0,CameraPosition,-103.18,1.775185,-107.4298,CameraRotation,353.8224,266.9151,359.3449,CurrentState,End,Slider,51,Scenario,3
ID,26,Time,1030.144,DronePosition,-110.2394,59.26447,-107.379,0,CameraPosition,-103.1793,1.775375,-107.4286,CameraRotation,353.6725,266.8181,359.3007,CurrentState,End,Slider,51,Scenario,3
ID,26,Time,1030.158,DronePosition,-110.2394,59.26447,-107.379,0,CameraPosition,-103.1788,1.775549,-107.4274,CameraRotation,353.5126,266.7241,359.2517,CurrentState,End,Slider,51,Scenario,3
ID,26,Time,1030.172,DronePosition,-110.2394,59.26447,-107.379,0,CameraPosition,-103.1782,1.775741,-107.4261,CameraRotation,353.363,266.6252,359.2232,CurrentState,End,Slider,51,Scenario,3
ID,26,Time,1030.186,DronePosition,-110.2394,59.26447,-107.379,0,CameraPosition,-103.1777,1.775993,-107.4247,CameraRotation,353.2068,266.4989,359.1972,CurrentState,End,Slider,51,Scenario,3
ID,26,Time,1030.2,DronePosition,-110.2394,59.26447,-107.379,0,CameraPosition,-103.1773,1.77629,-107.4234,CameraRotation,353.0392,266.338,359.1605,CurrentState,End,Slider,51,Scenario,3
ID,26,Time,1030.214,DronePosition,-110.2394,59.26447,-107.379,0,CameraPosition,-103.1769,1.776634,-107.422,CameraRotation,352.8532,266.15,359.0965,CurrentState,End,Slider,51,Scenario,3
ID,26,Time,1030.228,DronePosition,-110.2394,59.26447,-107.379,0,CameraPosition,-103.1767,1.776983,-107.4205,CameraRotation,352.6563,265.9531,359.0229,CurrentState,End,Slider,51,Scenario,3
ID,26,Time,1030.242,DronePosition,-110.2394,59.26447,-107.379,0,CameraPosition,-103.1764,1.777304,-107.419,CameraRotation,352.4924,265.7588,358.9437,CurrentState,End,Slider,51,Scenario,3
ID,26,Time,1030.256,DronePosition,-110.2394,59.26447,-107.379,0,CameraPosition,-103.1763,1.777608,-107.4175,CameraRotation,352.3301,265.569,358.8737,CurrentState,End,Slider,51,Scenario,3
ID,26,Time,1030.269,DronePosition,-110.2394,59.26447,-107.379,0,CameraPosition,-103.1763,1.777964,-107.4158,CameraRotation,352.1945,265.377,358.8288,CurrentState,End,Slider,51,Scenario,3
ID,26,Time,1030.283,DronePosition,-110.2394,59.26447,-107.379,0,CameraPosition,-103.1763,1.778354,-107.4142,CameraRotation,352.0322,265.1998,358.8046,CurrentState,End,Slider,51,Scenario,3
ID,26,Time,1030.298,DronePosition,-110.2394,59.26447,-107.379,0,CameraPosition,-103.1764,1.778819,-107.4124,CameraRotation,351.8266,265.0128,358.8133,CurrentState,End,Slider,51,Scenario,3
ID,26,Time,1030.311,DronePosition,-110.2394,59.26447,-107.379,0,CameraPosition,-103.1767,1.77939,-107.4106,CameraRotation,351.5538,264.8395,358.785,CurrentState,End,Slider,51,Scenario,3
ID,26,Time,1030.325,DronePosition,-110.2394,59.26447,-107.379,0,CameraPosition,-103.177,1.779955,-107.4087,CameraRotation,351.261,264.6749,358.7627,CurrentState,End,Slider,51,Scenario,3
ID,26,Time,1030.339,DronePosition,-110.2394,59.26447,-107.379,0,CameraPosition,-103.1774,1.780565,-107.4066,CameraRotation,350.9458,264.5236,358.7548,CurrentState,End,Slider,51,Scenario,3
ID,26,Time,1030.353,DronePosition,-110.2394,59.26447,-107.379,0,CameraPosition,-103.178,1.781099,-107.4046,CameraRotation,350.6379,264.3493,358.7451,CurrentState,End,Slider,51,Scenario,3
ID,26,Time,1030.367,DronePosition,-110.2394,59.26447,-107.379,0,CameraPosition,-103.1786,1.781531,-107.4024,CameraRotation,350.3517,264.1625,358.6995,CurrentState,End,Slider,51,Scenario,3
ID,26,Time,1030.381,DronePosition,-110.2394,59.26447,-107.379,0,CameraPosition,-103.1793,1.781803,-107.4002,CameraRotation,350.1244,263.9669,358.6507,CurrentState,End,Slider,51,Scenario,3
ID,26,Time,1030.394,DronePosition,-110.2394,59.26447,-107.379,0,CameraPosition,-103.1802,1.781895,-107.3979,CameraRotation,349.904,263.7597,358.5621,CurrentState,End,Slider,51,Scenario,3
ID,26,Time,1030.409,DronePosition,-110.2394,59.26447,-107.379,0,CameraPosition,-103.1812,1.781898,-107.3955,CameraRotation,349.683,263.5603,358.4668,CurrentState,End,Slider,51,Scenario,3
ID,26,Time,1030.423,DronePosition,-110.2394,59.26447,-107.379,0,CameraPosition,-103.1823,1.781702,-107.3931,CameraRotation,349.458,263.3694,358.332,CurrentState,End,Slider,51,Scenario,3
ID,26,Time,1030.436,DronePosition,-110.2394,59.26447,-107.379,0,CameraPosition,-103.1835,1.781399,-107.3905,CameraRotation,349.3142,263.2061,358.1772,CurrentState,End,Slider,51,Scenario,3
ID,26,Time,1030.45,DronePosition,-110.2394,59.26447,-107.379,0,CameraPosition,-103.1847,1.781064,-107.388,CameraRotation,349.261,263.0578,358.0087,CurrentState,End,Slider,51,Scenario,3
ID,26,Time,1030.464,DronePosition,-110.2394,59.26447,-107.379,0,CameraPosition,-103.186,1.780689,-107.3854,CameraRotation,349.2757,262.9534,357.8243,CurrentState,End,Slider,51,Scenario,3
ID,26,Time,1030.478,DronePosition,-110.2394,59.26447,-107.379,0,CameraPosition,-103.1874,1.780388,-107.3828,CameraRotation,349.2926,262.9267,357.601,CurrentState,End,Slider,51,Scenario,3
ID,26,Time,1030.492,DronePosition,-110.2394,59.26447,-107.379,0,CameraPosition,-103.1887,1.78021,-107.3802,CameraRotation,349.2583,262.937,357.3548,CurrentState,End,Slider,51,Scenario,3
ID,26,Time,1030.506,DronePosition,-110.2394,59.26447,-107.379,0,CameraPosition,-103.19,1.780092,-107.3777,CameraRotation,349.2055,263.0245,357.1305,CurrentState,End,Slider,51,Scenario,3
ID,26,Time,1030.52,DronePosition,-110.2394,59.26447,-107.379,0,CameraPosition,-103.1912,1.779958,-107.3753,CameraRotation,349.1999,263.1335,356.9527,CurrentState,End,Slider,51,Scenario,3
ID,26,Time,1030.534,DronePosition,-110.2394,59.26447,-107.379,0,CameraPosition,-103.1922,1.779773,-107.3731,CameraRotation,349.2646,263.2233,356.8267,CurrentState,End,Slider,51,Scenario,3
ID,26,Time,1030.548,DronePosition,-110.2394,59.26447,-107.379,0,CameraPosition,-103.1931,1.779566,-107.371,CameraRotation,349.3605,263.3301,356.7138,CurrentState,End,Slider,51,Scenario,3
ID,26,Time,1030.562,DronePosition,-110.2394,59.26447,-107.379,0,CameraPosition,-103.1938,1.77933,-107.3691,CameraRotation,349.4531,263.4558,356.5822,CurrentState,End,Slider,52,Scenario,3
ID,26,Time,1030.576,DronePosition,-110.2394,59.26447,-107.379,0,CameraPosition,-103.1943,1.779054,-107.3675,CameraRotation,349.5839,263.6068,356.5039,CurrentState,End,Slider,52,Scenario,3
ID,26,Time,1030.59,DronePosition,-110.2394,59.26447,-107.379,0,CameraPosition,-103.1946,1.778782,-107.3662,CameraRotation,349.7582,263.7278,356.4736,CurrentState,End,Slider,52,Scenario,3
ID,26,Time,1030.603,DronePosition,-110.2394,59.26447,-107.379,0,CameraPosition,-103.1948,1.778575,-107.3652,CameraRotation,349.9164,263.8109,356.4242,CurrentState,End,Slider,52,Scenario,3
ID,26,Time,1030.617,DronePosition,-110.2394,59.26447,-107.379,0,CameraPosition,-103.1948,1.778506,-107.3644,CameraRotation,350.0223,263.8922,356.3202,CurrentState,End,Slider,52,Scenario,3
ID,26,Time,1030.632,DronePosition,-110.2394,59.26447,-107.379,0,CameraPosition,-103.1947,1.77863,-107.3638,CameraRotation,350.0529,264.0131,356.18,CurrentState,End,Slider,52,Scenario,3
ID,26,Time,1030.645,DronePosition,-110.2394,59.26447,-107.379,0,CameraPosition,-103.1945,1.778875,-107.3634,CameraRotation,349.9992,264.1766,356.0438,CurrentState,End,Slider,52,Scenario,3
ID,26,Time,1030.659,DronePosition,-110.2394,59.26447,-107.379,0,CameraPosition,-103.1941,1.779152,-107.3631,CameraRotation,349.9562,264.3666,355.9426,CurrentState,End,Slider,52,Scenario,3
ID,26,Time,1030.673,DronePosition,-110.2394,59.26447,-107.379,0,CameraPosition,-103.1936,1.779509,-107.3633,CameraRotation,349.9977,264.5696,355.9263,CurrentState,End,Slider,52,Scenario,3
ID,26,Time,1030.687,DronePosition,-110.2394,59.26447,-107.379,0,CameraPosition,-103.193,1.779829,-107.3635,CameraRotation,350.0372,264.7434,355.9709,CurrentState,End,Slider,52,Scenario,3
ID,26,Time,1030.701,DronePosition,-110.2394,59.26447,-107.379,0,CameraPosition,-103.1923,1.780203,-107.3642,CameraRotation,350.0628,264.9339,356.057,CurrentState,End,Slider,52,Scenario,3
ID,26,Time,1030.715,DronePosition,-110.2394,59.26447,-107.379,0,CameraPosition,-103.1916,1.780609,-107.365,CameraRotation,350.0443,265.1149,356.1306,CurrentState,End,Slider,52,Scenario,3
ID,26,Time,1030.729,DronePosition,-110.2394,59.26447,-107.379,0,CameraPosition,-103.1908,1.781054,-107.3659,CameraRotation,350.0168,265.3007,356.1962,CurrentState,End,Slider,52,Scenario,3
ID,26,Time,1030.743,DronePosition,-110.2394,59.26447,-107.379,0,CameraPosition,-103.1901,1.781552,-107.367,CameraRotation,349.9661,265.4643,356.271,CurrentState,End,Slider,52,Scenario,3
ID,26,Time,1030.757,DronePosition,-110.2394,59.26447,-107.379,0,CameraPosition,-103.1894,1.781954,-107.3684,CameraRotation,349.8852,265.5975,356.3521,CurrentState,End,Slider,52,Scenario,3
ID,26,Time,1030.771,DronePosition,-110.2394,59.26447,-107.379,0,CameraPosition,-103.1887,1.782179,-107.3699,CameraRotation,349.8522,265.6884,356.4537,CurrentState,End,Slider,52,Scenario,3
ID,26,Time,1030.785,DronePosition,-110.2394,59.26447,-107.379,0,CameraPosition,-103.188,1.782184,-107.3716,CameraRotation,349.923,265.7374,356.5447,CurrentState,End,Slider,52,Scenario,3
ID,26,Time,1030.798,DronePosition,-110.2394,59.26447,-107.379,0,CameraPosition,-103.1873,1.782077,-107.3734,CameraRotation,350.0565,265.7864,356.5918,CurrentState,End,Slider,52,Scenario,3
ID,26,Time,1030.812,DronePosition,-110.2394,59.26447,-107.379,0,CameraPosition,-103.1867,1.781792,-107.3752,CameraRotation,350.2105,265.8332,356.6141,CurrentState,End,Slider,52,Scenario,3
ID,26,Time,1030.826,DronePosition,-110.2394,59.26447,-107.379,0,CameraPosition,-103.1861,1.781343,-107.3772,CameraRotation,350.3489,265.9198,356.5982,CurrentState,End,Slider,52,Scenario,3
ID,26,Time,1030.84,DronePosition,-110.2394,59.26447,-107.379,0,CameraPosition,-103.1855,1.780675,-107.3793,CameraRotation,350.515,266.0405,356.5439,CurrentState,End,Slider,52,Scenario,3
ID,26,Time,1030.854,DronePosition,-110.2394,59.26447,-107.379,0,CameraPosition,-103.185,1.779918,-107.3814,CameraRotation,350.7091,266.1951,356.468,CurrentState,End,Slider,52,Scenario,3
ID,26,Time,1030.868,DronePosition,-110.2394,59.26447,-107.379,0,CameraPosition,-103.1846,1.778992,-107.3837,CameraRotation,350.8913,266.4057,356.3376,CurrentState,End,Slider,52,Scenario,3
ID,26,Time,1030.882,DronePosition,-110.2394,59.26447,-107.379,0,CameraPosition,-103.1842,1.777958,-107.3861,CameraRotation,351.0266,266.674,356.1883,CurrentState,End,Slider,52,Scenario,3
ID,26,Time,1030.896,DronePosition,-110.2394,59.26447,-107.379,0,CameraPosition,-103.1838,1.777061,-107.3887,CameraRotation,351.2249,266.9645,356.0575,CurrentState,End,Slider,52,Scenario,3
ID,26,Time,1030.91,DronePosition,-110.2394,59.26447,-107.379,0,CameraPosition,-103.1833,1.77652,-107.3915,CameraRotation,351.5932,267.2547,355.9807,CurrentState,End,Slider,52,Scenario,3
ID,26,Time,1030.925,DronePosition,-110.2394,59.26447,-107.379,0,CameraPosition,-103.1828,1.77656,-107.3948,CameraRotation,351.9308,267.5313,355.8745,CurrentState,End,Slider,52,Scenario,3
ID,26,Time,1030.938,DronePosition,-110.2394,59.26447,-107.379,0,CameraPosition,-103.1823,1.776958,-107.3981,CameraRotation,352.1324,267.7822,355.7302,CurrentState,End,Slider,52,Scenario,3
ID,26,Time,1030.952,DronePosition,-110.2394,59.26447,-107.379,0,CameraPosition,-103.1818,1.778038,-107.4019,CameraRotation,352.1345,268.0393,355.6101,CurrentState,End,Slider,52,Scenario,3
ID,26,Time,1030.965,DronePosition,-110.2394,59.26447,-107.379,0,CameraPosition,-103.1813,1.779294,-107.4058,CameraRotation,351.9622,268.2937,355.6795,CurrentState,End,Slider,52,Scenario,3
ID,26,Time,1030.979,DronePosition,-110.2394,59.26447,-107.379,0,CameraPosition,-103.1809,1.780485,-107.4097,CameraRotation,351.7275,268.5112,355.9019,CurrentState,End,Slider,52,Scenario,3
ID,26,Time,1030.993,DronePosition,-110.2394,59.26447,-107.379,0,CameraPosition,-103.1805,1.781437,-107.4138,CameraRotation,351.5214,268.6278,356.2351,CurrentState,End,Slider,52,Scenario,3
ID,26,Time,1031.007,DronePosition,-110.2394,59.26447,-107.379,0,CameraPosition,-103.1802,1.781951,-107.4181,CameraRotation,351.4341,268.6533,356.592,CurrentState,End,Slider,52,Scenario,3
ID,26,Time,1031.021,DronePosition,-110.2394,59.26447,-107.379,0,CameraPosition,-103.1798,1.782076,-107.4225,CameraRotation,351.436,268.6369,356.8907,CurrentState,End,Slider,52,Scenario,3
ID,26,Time,1031.035,DronePosition,-110.2394,59.26447,-107.379,0,CameraPosition,-103.1795,1.781878,-107.427,CameraRotation,351.4978,268.5452,357.1083,CurrentState,End,Slider,52,Scenario,3
ID,26,Time,1031.049,DronePosition,-110.2394,59.26447,-107.379,0,CameraPosition,-103.1792,1.781594,-107.4315,CameraRotation,351.5652,268.4064,357.1999,CurrentState,End,Slider,52,Scenario,3
