ID,8,Time,253.9005,DronePosition,-355.2362,45,-107.379,0.13481,CameraPosition,-103.1997,1.740627,-107.3638,CameraRotation,336.6776,265.8272,3.102793,CurrentState,MoveToInitial,Slider,51,Scenario,1
ID,8,Time,253.9163,DronePosition,-355.2328,45,-107.379,0.213726,CameraPosition,-103.1996,1.740697,-107.3625,CameraRotation,336.6332,265.8838,3.061696,CurrentState,MoveToInitial,Slider,51,Scenario,1
ID,8,Time,253.9301,DronePosition,-355.2289,45,-107.379,0.2826765,CameraPosition,-103.1995,1.740754,-107.3612,CameraRotation,336.604,265.9495,3.031716,CurrentState,MoveToInitial,Slider,51,Scenario,1
ID,8,Time,253.9437,DronePosition,-355.2241,45,-107.379,0.350789,CameraPosition,-103.1994,1.740823,-107.3597,CameraRotation,336.5955,266.008,3.018857,CurrentState,MoveToInitial,Slider,51,Scenario,1
ID,8,Time,253.9571,DronePosition,-355.2185,45,-107.379,0.4176785,CameraPosition,-103.1993,1.740891,-107.3582,CameraRotation,336.6073,266.0773,2.997001,CurrentState,MoveToInitial,Slider,51,Scenario,1
ID,8,Time,253.9711,DronePosition,-355.2117,45,-107.379,0.4876545,CameraPosition,-103.1992,1.740961,-107.3568,CameraRotation,336.6011,266.1435,2.977548,CurrentState,MoveToInitial,Slider,51,Scenario,1
ID,8,Time,253.9849,DronePosition,-355.204,45,-107.379,0.5568015,CameraPosition,-103.1991,1.74101,-107.3554,CameraRotation,336.5841,266.2083,2.949733,CurrentState,MoveToInitial,Slider,51,Scenario,1
ID,8,Time,253.9986,DronePosition,-355.1954,45,-107.379,0.6251735,CameraPosition,-103.1989,1.74099,-107.3539,CameraRotation,336.5557,266.2606,2.923749,CurrentState,MoveToInitial,Slider,51,Scenario,1
ID,8,Time,254.0129,DronePosition,-355.1854,45,-107.379,0.696932,CameraPosition,-103.1987,1.740946,-107.3525,CameraRotation,336.5446,266.3021,2.903754,CurrentState,MoveToInitial,Slider,51,Scenario,1
ID,8,Time,254.0259,DronePosition,-355.1755,45,-107.379,0.761995,CameraPosition,-103.1985,1.740892,-107.351,CameraRotation,336.5553,266.3414,2.877247,CurrentState,MoveToInitial,Slider,51,Scenario,1
ID,8,Time,254.04,DronePosition,-355.1638,45,-107.379,0.832096,CameraPosition,-103.1983,1.740822,-107.3496,CameraRotation,336.5829,266.3655,2.844805,CurrentState,MoveToInitial,Slider,51,Scenario,1
ID,8,Time,254.0543,DronePosition,-355.1509,45,-107.379,0.9036821,CameraPosition,-103.1981,1.740749,-107.3481,CameraRotation,336.6004,266.4012,2.777923,CurrentState,MoveToInitial,Slider,51,Scenario,1
ID,8,Time,254.0676,DronePosition,-355.138,45,-107.379,0.9701875,CameraPosition,-103.1978,1.740657,-107.3467,CameraRotation,336.6106,266.4311,2.716463,CurrentState,MoveToInitial,Slider,51,Scenario,1
ID,8,Time,254.0813,DronePosition,-355.1238,45,-107.379,1.038546,CameraPosition,-103.1974,1.740607,-107.3452,CameraRotation,336.5943,266.4636,2.666169,CurrentState,MoveToInitial,Slider,51,Scenario,1
ID,8,Time,254.0957,DronePosition,-355.1078,45,-107.379,1.110756,CameraPosition,-103.1971,1.740646,-107.3437,CameraRotation,336.5571,266.5052,2.6269,CurrentState,MoveToInitial,Slider,51,Scenario,1
ID,8,Time,254.1094,DronePosition,-355.0916,45,-107.379,1.179413,CameraPosition,-103.1968,1.740745,-107.3422,CameraRotation,336.485,266.558,2.580958,CurrentState,MoveToInitial,Slider,51,Scenario,1
ID,8,Time,254.1232,DronePosition,-355.0744,45,-107.379,1.248193,CameraPosition,-103.1965,1.740842,-107.3407,CameraRotation,336.3808,266.6196,2.546614,CurrentState,MoveToInitial,Slider,51,Scenario,1
ID,8,Time,254.1369,DronePosition,-355.0562,45,-107.379,1.317037,CameraPosition,-103.1962,1.740893,-107.3391,CameraRotation,336.3054,266.6845,2.503746,CurrentState,MoveToInitial,Slider,51,Scenario,1
ID,8,Time,254.1511,DronePosition,-355.0367,45,-107.379,1.387639,CameraPosition,-103.1958,1.740858,-107.3376,CameraRotation,336.2826,266.7659,2.451323,CurrentState,MoveToInitial,Slider,51,Scenario,1
ID,8,Time,254.1647,DronePosition,-355.0168,45,-107.379,1.455927,CameraPosition,-103.1955,1.740722,-107.3361,CameraRotation,336.2996,266.8401,2.383065,CurrentState,MoveToInitial,Slider,51,Scenario,1
ID,8,Time,254.1786,DronePosition,-354.9957,45,-107.379,1.525074,CameraPosition,-103.1952,1.740555,-107.3346,CameraRotation,336.3304,266.9215,2.300787,CurrentState,MoveToInitial,Slider,51,Scenario,1
ID,8,Time,254.193,DronePosition,-354.9727,45,-107.379,1.597098,CameraPosition,-103.1949,1.740434,-107.3331,CameraRotation,336.3191,267.0078,2.220447,CurrentState,MoveToInitial,Slider,51,Scenario,1
ID,8,Time,254.2066,DronePosition,-354.95,45,-107.379,1.665223,CameraPosition,-103.1946,1.740364,-107.3316,CameraRotation,336.2528,267.0895,2.137821,CurrentState,MoveToInitial,Slider,51,Scenario,1
ID,8,Time,254.2206,DronePosition,-354.9257,45,-107.379,1.735252,CameraPosition,-103.1944,1.740289,-107.3302,CameraRotation,336.1398,267.1794,2.062239,CurrentState,MoveToInitial,Slider,51,Scenario,1
ID,8,Time,254.2343,DronePosition,-354.9009,45,-107.379,1.803853,CameraPosition,-103.1941,1.74016,-107.3288,CameraRotation,336.0385,267.2475,1.999708,CurrentState,MoveToInitial,Slider,51,Scenario,1
ID,8,Time,254.2483,DronePosition,-354.8747,45,-107.379,1.873941,CameraPosition,-103.1938,1.739975,-107.3274,CameraRotation,335.9812,267.2855,1.939495,CurrentState,MoveToInitial,Slider,51,Scenario,1
ID,8,Time,254.2625,DronePosition,-354.8471,45,-107.379,1.944813,CameraPosition,-103.1936,1.739857,-107.326,CameraRotation,335.9757,267.3031,1.882257,CurrentState,MoveToInitial,Slider,51,Scenario,1
ID,8,Time,254.2762,DronePosition,-354.8195,45,-107.379,2.013403,CameraPosition,-103.1935,1.739782,-107.3247,CameraRotation,335.9857,267.2889,1.842548,CurrentState,MoveToInitial,Slider,51,Scenario,1
ID,8,Time,254.2901,DronePosition,-354.7905,45,-107.379,2.082893,CameraPosition,-103.1933,1.739811,-107.3233,CameraRotation,335.9874,267.2769,1.782574,CurrentState,MoveToInitial,Slider,51,Scenario,1
ID,8,Time,254.3044,DronePosition,-354.7599,45,-107.379,2.154066,CameraPosition,-103.1932,1.739819,-107.322,CameraRotation,335.9453,267.2629,1.729257,CurrentState,MoveToInitial,Slider,51,Scenario,1
ID,8,Time,254.318,DronePosition,-354.7295,45,-107.379,2.222316,CameraPosition,-103.1931,1.739734,-107.3207,CameraRotation,335.9268,267.2282,1.681574,CurrentState,MoveToInitial,Slider,51,Scenario,1
ID,8,Time,254.3319,DronePosition,-354.6976,45,-107.379,2.291939,CameraPosition,-103.1929,1.739529,-107.3195,CameraRotation,335.9841,267.1864,1.647405,CurrentState,MoveToInitial,Slider,51,Scenario,1
ID,8,Time,254.3458,DronePosition,-354.6649,45,-107.379,2.361259,CameraPosition,-103.1929,1.739243,-107.3182,CameraRotation,336.1084,267.1339,1.658841,CurrentState,MoveToInitial,Slider,51,Scenario,1
ID,8,Time,254.3596,DronePosition,-354.6312,45,-107.379,2.430444,CameraPosition,-103.1928,1.738882,-107.3169,CameraRotation,336.2737,267.0621,1.702083,CurrentState,MoveToInitial,Slider,51,Scenario,1
ID,8,Time,254.3737,DronePosition,-354.596,45,-107.379,2.500926,CameraPosition,-103.1927,1.73849,-107.3157,CameraRotation,336.4257,266.9771,1.77284,CurrentState,MoveToInitial,Slider,51,Scenario,1
ID,8,Time,254.3875,DronePosition,-354.5607,45,-107.379,2.569565,CameraPosition,-103.1926,1.738119,-107.3145,CameraRotation,336.5355,266.9006,1.837481,CurrentState,MoveToInitial,Slider,51,Scenario,1
ID,8,Time,254.4014,DronePosition,-354.524,45,-107.379,2.639188,CameraPosition,-103.1926,1.737727,-107.3132,CameraRotation,336.5991,266.8413,1.883993,CurrentState,MoveToInitial,Slider,51,Scenario,1
ID,8,Time,254.4151,DronePosition,-354.4867,45,-107.379,2.708037,CameraPosition,-103.1925,1.737356,-107.312,CameraRotation,336.6591,266.7961,1.917042,CurrentState,MoveToInitial,Slider,51,Scenario,1
ID,8,Time,254.4293,DronePosition,-354.4475,45,-107.379,2.778566,CameraPosition,-103.1925,1.737047,-107.3107,CameraRotation,336.7392,266.757,1.941993,CurrentState,MoveToInitial,Slider,51,Scenario,1
ID,8,Time,254.4432,DronePosition,-354.4079,45,-107.379,2.848085,CameraPosition,-103.1924,1.736802,-107.3095,CameraRotation,336.8471,266.7146,1.95159,CurrentState,MoveToInitial,Slider,51,Scenario,1
ID,8,Time,254.4571,DronePosition,-354.3672,45,-107.379,2.917766,CameraPosition,-103.1923,1.736572,-107.3083,CameraRotation,336.9478,266.6773,1.939582,CurrentState,MoveToInitial,Slider,51,Scenario,1
ID,8,Time,254.471,DronePosition,-354.3258,45,-107.379,2.987137,CameraPosition,-103.1922,1.736316,-107.307,CameraRotation,337.0574,266.638,1.933585,CurrentState,MoveToInitial,Slider,51,Scenario,1
ID,8,Time,254.4848,DronePosition,-354.2837,45,-107.379,3.05606,CameraPosition,-103.1921,1.736053,-107.3058,CameraRotation,337.1849,266.6172,1.916217,CurrentState,MoveToInitial,Slider,51,Scenario,1
ID,8,Time,254.4989,DronePosition,-354.2393,45,-107.379,3.126898,CameraPosition,-103.1919,1.735814,-107.3045,CameraRotation,337.3026,266.6235,1.847051,CurrentState,MoveToInitial,Slider,51,Scenario,1
ID,8,Time,254.5131,DronePosition,-354.1939,45,-107.379,3.197928,CameraPosition,-103.1918,1.735637,-107.3033,CameraRotation,337.4285,266.6325,1.74939,CurrentState,MoveToInitial,Slider,51,Scenario,1
ID,8,Time,254.527,DronePosition,-354.1485,45,-107.379,3.26735,CameraPosition,-103.1917,1.735572,-107.3021,CameraRotation,337.564,266.6492,1.670744,CurrentState,MoveToInitial,Slider,51,Scenario,1
ID,8,Time,254.5408,DronePosition,-354.1026,45,-107.379,3.336201,CameraPosition,-103.1915,1.735596,-107.3009,CameraRotation,337.7005,266.6703,1.614958,CurrentState,MoveToInitial,Slider,51,Scenario,1
ID,8,Time,254.5552,DronePosition,-354.0535,45,-107.379,3.4082,CameraPosition,-103.1913,1.735672,-107.2998,CameraRotation,337.7988,266.709,1.548136,CurrentState,MoveToInitial,Slider,51,Scenario,1
ID,8,Time,254.5687,DronePosition,-354.0064,45,-107.379,3.476005,CameraPosition,-103.1912,1.735729,-107.2987,CameraRotation,337.8757,266.7609,1.460521,CurrentState,MoveToInitial,Slider,51,Scenario,1
ID,8,Time,254.5822,DronePosition,-353.9586,45,-107.379,3.54336,CameraPosition,-103.191,1.735729,-107.2975,CameraRotation,337.9547,266.829,1.387994,CurrentState,MoveToInitial,Slider,51,Scenario,1
ID,8,Time,254.5962,DronePosition,-353.9082,45,-107.379,3.613137,CameraPosition,-103.1908,1.735668,-107.2964,CameraRotation,338.0457,266.9189,1.32343,CurrentState,MoveToInitial,Slider,51,Scenario,1
ID,8,Time,254.61,DronePosition,-353.8571,45,-107.379,3.68252,CameraPosition,-103.1905,1.735521,-107.2952,CameraRotation,338.1466,267.0034,1.302654,CurrentState,MoveToInitial,Slider,51,Scenario,1
ID,8,Time,254.6242,DronePosition,-353.8041,45,-107.379,3.753227,CameraPosition,-103.1902,1.735297,-107.2941,CameraRotation,338.2754,267.096,1.283852,CurrentState,MoveToInitial,Slider,51,Scenario,1
ID,8,Time,254.6381,DronePosition,-353.7508,45,-107.379,3.822876,CameraPosition,-103.19,1.734981,-107.293,CameraRotation,338.4041,267.201,1.279343,CurrentState,MoveToInitial,Slider,51,Scenario,1
ID,8,Time,254.652,DronePosition,-353.6968,45,-107.379,3.892292,CameraPosition,-103.1897,1.734709,-107.2919,CameraRotation,338.5434,267.3047,1.270111,CurrentState,MoveToInitial,Slider,51,Scenario,1
ID,8,Time,254.6658,DronePosition,-353.642,45,-107.379,3.961464,CameraPosition,-103.1894,1.734491,-107.2908,CameraRotation,338.6273,267.4274,1.253786,CurrentState,MoveToInitial,Slider,51,Scenario,1
ID,8,Time,254.6798,DronePosition,-353.5856,45,-107.379,4.031413,CameraPosition,-103.1891,1.734322,-107.2897,CameraRotation,338.6959,267.5604,1.251892,CurrentState,MoveToInitial,Slider,51,Scenario,1
ID,8,Time,254.6938,DronePosition,-353.5281,45,-107.379,4.101423,CameraPosition,-103.1888,1.734125,-107.2887,CameraRotation,338.7541,267.6927,1.25605,CurrentState,MoveToInitial,Slider,51,Scenario,1
ID,8,Time,254.7079,DronePosition,-353.4693,45,-107.379,4.171991,CameraPosition,-103.1885,1.733886,-107.2877,CameraRotation,338.8299,267.8457,1.225168,CurrentState,MoveToInitial,Slider,51,Scenario,1
ID,8,Time,254.7222,DronePosition,-353.4085,45,-107.379,4.243557,CameraPosition,-103.1883,1.733622,-107.2867,CameraRotation,338.9201,267.9945,1.181013,CurrentState,MoveToInitial,Slider,51,Scenario,1
ID,8,Time,254.7358,DronePosition,-353.3503,45,-107.379,4.311111,CameraPosition,-103.188,1.733373,-107.2858,CameraRotation,339.0218,268.1561,1.135086,CurrentState,MoveToInitial,Slider,51,Scenario,1
ID,8,Time,254.7495,DronePosition,-353.29,45,-107.379,4.379961,CameraPosition,-103.1876,1.733178,-107.2848,CameraRotation,339.1312,268.3255,1.0827,CurrentState,MoveToInitial,Slider,51,Scenario,1
ID,8,Time,254.7661,DronePosition,-353.216,45,-107.379,4.46279,CameraPosition,-103.1873,1.732973,-107.2839,CameraRotation,339.2077,268.5009,1.036759,CurrentState,MoveToInitial,Slider,51,Scenario,1
ID,8,Time,254.7771,DronePosition,-353.1662,45,-107.379,4.517932,CameraPosition,-103.1869,1.732754,-107.283,CameraRotation,339.2984,268.685,0.9882765,CurrentState,MoveToInitial,Slider,51,Scenario,1
ID,8,Time,254.7909,DronePosition,-353.1028,45,-107.379,4.587017,CameraPosition,-103.1865,1.732481,-107.2821,CameraRotation,339.4104,268.8854,0.9209657,CurrentState,MoveToInitial,Slider,51,Scenario,1
ID,8,Time,254.8047,DronePosition,-353.039,45,-107.379,4.655579,CameraPosition,-103.1861,1.732234,-107.2812,CameraRotation,339.5317,269.0945,0.8509216,CurrentState,MoveToInitial,Slider,51,Scenario,1
ID,8,Time,254.8188,DronePosition,-352.9719,45,-107.379,4.726563,CameraPosition,-103.1858,1.732056,-107.2804,CameraRotation,339.6173,269.3103,0.7787299,CurrentState,MoveToInitial,Slider,51,Scenario,1
ID,8,Time,254.8326,DronePosition,-352.9058,45,-107.379,4.795474,CameraPosition,-103.1855,1.73189,-107.2796,CameraRotation,339.6578,269.5494,0.7174082,CurrentState,MoveToInitial,Slider,51,Scenario,1
ID,8,Time,254.8467,DronePosition,-352.8375,45,-107.379,4.865638,CameraPosition,-103.1851,1.731686,-107.2789,CameraRotation,339.7094,269.7764,0.6864965,CurrentState,MoveToInitial,Slider,51,Scenario,1
ID,8,Time,254.8609,DronePosition,-352.767,45,-107.379,4.937041,CameraPosition,-103.1849,1.731402,-107.2782,CameraRotation,339.7967,270.0072,0.6751711,CurrentState,MoveToInitial,Slider,51,Scenario,1
ID,8,Time,254.8749,DronePosition,-352.6972,45,-107.379,5.006746,CameraPosition,-103.1846,1.73109,-107.2776,CameraRotation,339.9417,270.225,0.6842644,CurrentState,MoveToInitial,Slider,51,Scenario,1
ID,8,Time,254.889,DronePosition,-352.6254,45,-107.379,5.077486,CameraPosition,-103.1843,1.730758,-107.277,CameraRotation,340.0823,270.4452,0.6970958,CurrentState,MoveToInitial,Slider,51,Scenario,1
ID,8,Time,254.9026,DronePosition,-352.5558,45,-107.379,5.145084,CameraPosition,-103.184,1.73047,-107.2764,CameraRotation,340.2336,270.6762,0.7149669,CurrentState,MoveToInitial,Slider,51,Scenario,1
ID,8,Time,254.9161,DronePosition,-352.4853,45,-107.379,5.212699,CameraPosition,-103.1838,1.730216,-107.2759,CameraRotation,340.4225,270.8958,0.7543217,CurrentState,MoveToInitial,Slider,51,Scenario,1
ID,8,Time,254.9306,DronePosition,-352.4085,45,-107.379,5.285352,CameraPosition,-103.1836,1.730028,-107.2754,CameraRotation,340.649,271.1272,0.7726023,CurrentState,MoveToInitial,Slider,51,Scenario,1
ID,8,Time,254.9444,DronePosition,-352.3347,45,-107.379,5.35429,CameraPosition,-103.1833,1.729773,-107.2749,CameraRotation,340.8766,271.3653,0.7716727,CurrentState,MoveToInitial,Slider,51,Scenario,1
ID,8,Time,254.9581,DronePosition,-352.2606,45,-107.379,5.422585,CameraPosition,-103.183,1.729393,-107.2745,CameraRotation,341.1383,271.6039,0.7420977,CurrentState,MoveToInitial,Slider,51,Scenario,1
ID,8,Time,254.972,DronePosition,-352.184,45,-107.379,5.492383,CameraPosition,-103.1828,1.728946,-107.2741,CameraRotation,341.4658,271.8301,0.7326714,CurrentState,MoveToInitial,Slider,51,Scenario,1
ID,8,Time,254.986,DronePosition,-352.106,45,-107.379,5.562418,CameraPosition,-103.1826,1.728528,-107.2737,CameraRotation,341.8215,272.044,0.755394,CurrentState,MoveToInitial,Slider,51,Scenario,1
ID,8,Time,254.9998,DronePosition,-352.0283,45,-107.379,5.631478,CameraPosition,-103.1824,1.728145,-107.2733,CameraRotation,342.1211,272.2304,0.8128954,CurrentState,MoveToInitial,Slider,51,Scenario,1
ID,8,Time,255.0138,DronePosition,-351.9485,45,-107.379,5.7014,CameraPosition,-103.1823,1.727743,-107.273,CameraRotation,342.3611,272.4112,0.8737859,CurrentState,MoveToInitial,Slider,51,Scenario,1
ID,8,Time,255.0282,DronePosition,-351.8658,45,-107.379,5.773082,CameraPosition,-103.1821,1.727259,-107.2727,CameraRotation,342.6041,272.5669,0.9220307,CurrentState,MoveToInitial,Slider,51,Scenario,1
ID,8,Time,255.0418,DronePosition,-351.7859,45,-107.379,5.841379,CameraPosition,-103.182,1.726692,-107.2724,CameraRotation,342.9152,272.6936,0.960131,CurrentState,MoveToInitial,Slider,51,Scenario,1
ID,8,Time,255.0562,DronePosition,-351.7012,45,-107.379,5.913067,CameraPosition,-103.1818,1.726186,-107.2721,CameraRotation,343.2624,272.8108,0.9838943,CurrentState,MoveToInitial,Slider,51,Scenario,1
ID,8,Time,255.0696,DronePosition,-351.6209,45,-107.379,5.980152,CameraPosition,-103.1817,1.725827,-107.2718,CameraRotation,343.5327,272.9252,1.005833,CurrentState,MoveToInitial,Slider,51,Scenario,1
ID,8,Time,255.0834,DronePosition,-351.537,45,-107.379,6.04948,CameraPosition,-103.1815,1.725671,-107.2715,CameraRotation,343.6969,273.0224,1.035395,CurrentState,MoveToInitial,Slider,51,Scenario,1
ID,8,Time,255.0975,DronePosition,-351.4508,45,-107.379,6.119956,CameraPosition,-103.1814,1.725638,-107.2713,CameraRotation,343.8012,273.1154,1.066623,CurrentState,MoveToInitial,Slider,51,Scenario,1
ID,8,Time,255.1113,DronePosition,-351.3657,45,-107.379,6.188728,CameraPosition,-103.1812,1.725624,-107.271,CameraRotation,343.8648,273.1638,1.10395,CurrentState,MoveToInitial,Slider,51,Scenario,1
ID,8,Time,255.1253,DronePosition,-351.2779,45,-107.379,6.258849,CameraPosition,-103.181,1.725541,-107.2708,CameraRotation,343.9741,273.1897,1.131673,CurrentState,MoveToInitial,Slider,51,Scenario,1
ID,8,Time,255.1397,DronePosition,-351.1865,45,-107.379,6.331032,CameraPosition,-103.1808,1.725439,-107.2706,CameraRotation,344.1622,273.208,1.161737,CurrentState,MoveToInitial,Slider,51,Scenario,1
ID,8,Time,255.1537,DronePosition,-351.0969,45,-107.379,6.400996,CameraPosition,-103.1806,1.72535,-107.2704,CameraRotation,344.3478,273.1944,1.179978,CurrentState,MoveToInitial,Slider,51,Scenario,1
ID,8,Time,255.1667,DronePosition,-351.013,45,-107.379,6.46586,CameraPosition,-103.1804,1.725253,-107.2702,CameraRotation,344.479,273.1637,1.187476,CurrentState,MoveToInitial,Slider,51,Scenario,1
ID,8,Time,255.181,DronePosition,-350.9195,45,-107.379,6.537382,CameraPosition,-103.1801,1.725121,-107.27,CameraRotation,344.5948,273.1099,1.201243,CurrentState,MoveToInitial,Slider,51,Scenario,1
ID,8,Time,255.1948,DronePosition,-350.8283,45,-107.379,6.606416,CameraPosition,-103.1799,1.724932,-107.2699,CameraRotation,344.692,273.0425,1.224851,CurrentState,MoveToInitial,Slider,51,Scenario,1
ID,8,Time,255.2088,DronePosition,-350.7351,45,-107.379,6.676231,CameraPosition,-103.1796,1.724682,-107.2697,CameraRotation,344.7957,272.9352,1.270304,CurrentState,MoveToInitial,Slider,51,Scenario,1
ID,8,Time,255.2228,DronePosition,-350.6406,45,-107.379,6.746263,CameraPosition,-103.1793,1.724416,-107.2696,CameraRotation,344.9156,272.8208,1.319043,CurrentState,MoveToInitial,Slider,51,Scenario,1
ID,8,Time,255.2376,DronePosition,-350.5395,45,-107.379,6.820393,CameraPosition,-103.179,1.724141,-107.2696,CameraRotation,345.0258,272.669,1.337414,CurrentState,MoveToInitial,Slider,51,Scenario,1
ID,8,Time,255.2502,DronePosition,-350.4527,45,-107.379,6.883418,CameraPosition,-103.1786,1.723892,-107.2695,CameraRotation,345.106,272.5204,1.33316,CurrentState,MoveToInitial,Slider,51,Scenario,1
ID,8,Time,255.2647,DronePosition,-350.3522,45,-107.379,6.955706,CameraPosition,-103.1783,1.723699,-107.2695,CameraRotation,345.1707,272.3715,1.319898,CurrentState,MoveToInitial,Slider,51,Scenario,1
ID,8,Time,255.2783,DronePosition,-350.2566,45,-107.379,7.023735,CameraPosition,-103.178,1.723569,-107.2694,CameraRotation,345.1845,272.2241,1.340129,CurrentState,MoveToInitial,Slider,51,Scenario,1
ID,8,Time,255.2922,DronePosition,-350.1579,45,-107.379,7.093348,CameraPosition,-103.1777,1.723524,-107.2694,CameraRotation,345.1624,272.0691,1.403508,CurrentState,MoveToInitial,Slider,51,Scenario,1
ID,8,Time,255.3064,DronePosition,-350.0559,45,-107.379,7.164501,CameraPosition,-103.1774,1.723488,-107.2693,CameraRotation,345.1218,271.9119,1.476956,CurrentState,MoveToInitial,Slider,51,Scenario,1
ID,8,Time,255.3202,DronePosition,-349.9565,45,-107.379,7.23323,CameraPosition,-103.1771,1.723492,-107.2693,CameraRotation,345.0946,271.7589,1.530428,CurrentState,MoveToInitial,Slider,51,Scenario,1
ID,8,Time,255.3342,DronePosition,-349.8544,45,-107.379,7.303129,CameraPosition,-103.1768,1.723572,-107.2693,CameraRotation,345.0845,271.6137,1.532211,CurrentState,MoveToInitial,Slider,51,Scenario,1
ID,8,Time,255.3484,DronePosition,-349.7495,45,-107.379,7.374257,CameraPosition,-103.1766,1.723668,-107.2693,CameraRotation,345.0293,271.4682,1.531332,CurrentState,MoveToInitial,Slider,51,Scenario,1
ID,8,Time,255.3622,DronePosition,-349.6468,45,-107.379,7.443238,CameraPosition,-103.1764,1.723799,-107.2692,CameraRotation,344.9209,271.3167,1.525053,CurrentState,MoveToInitial,Slider,51,Scenario,1
ID,8,Time,255.3759,DronePosition,-349.5434,45,-107.379,7.512062,CameraPosition,-103.1762,1.723921,-107.2693,CameraRotation,344.8186,271.1684,1.527908,CurrentState,MoveToInitial,Slider,51,Scenario,1
ID,8,Time,255.39,DronePosition,-349.437,45,-107.379,7.582201,CameraPosition,-103.1759,1.72401,-107.2693,CameraRotation,344.7415,271.0086,1.526828,CurrentState,MoveToInitial,Slider,51,Scenario,1
ID,8,Time,255.4039,DronePosition,-349.3303,45,-107.379,7.651936,CameraPosition,-103.1756,1.724105,-107.2694,CameraRotation,344.7003,270.8426,1.535523,CurrentState,MoveToInitial,Slider,51,Scenario,1
ID,8,Time,255.4174,DronePosition,-349.2265,45,-107.379,7.719176,CameraPosition,-103.1754,1.724204,-107.2695,CameraRotation,344.6509,270.6826,1.558759,CurrentState,MoveToInitial,Slider,51,Scenario,1
ID,8,Time,255.4314,DronePosition,-349.1171,45,-107.379,7.789411,CameraPosition,-103.1752,1.724286,-107.2695,CameraRotation,344.5831,270.5281,1.577146,CurrentState,MoveToInitial,Slider,51,Scenario,1
ID,8,Time,255.4455,DronePosition,-349.0062,45,-107.379,7.859936,CameraPosition,-103.175,1.72433,-107.2696,CameraRotation,344.5032,270.3918,1.5807,CurrentState,MoveToInitial,Slider,51,Scenario,1
ID,8,Time,255.4595,DronePosition,-348.8957,45,-107.379,7.92961,CameraPosition,-103.1748,1.724382,-107.2697,CameraRotation,344.4685,270.2658,1.572694,CurrentState,MoveToInitial,Slider,51,Scenario,1
ID,8,Time,255.4733,DronePosition,-348.785,45,-107.379,7.998826,CameraPosition,-103.1746,1.724386,-107.2698,CameraRotation,344.4683,270.1388,1.554113,CurrentState,MoveToInitial,Slider,51,Scenario,1
ID,8,Time,255.4872,DronePosition,-348.673,45,-107.379,8.068209,CameraPosition,-103.1744,1.724356,-107.27,CameraRotation,344.4907,270.0085,1.535913,CurrentState,MoveToInitial,Slider,51,Scenario,1
ID,8,Time,255.5011,DronePosition,-348.5594,45,-107.379,8.138059,CameraPosition,-103.1742,1.724329,-107.2701,CameraRotation,344.5227,269.8876,1.520819,CurrentState,MoveToInitial,Slider,51,Scenario,1
ID,8,Time,255.5149,DronePosition,-348.4465,45,-107.379,8.206789,CameraPosition,-103.1741,1.724321,-107.2702,CameraRotation,344.5361,269.7656,1.500651,CurrentState,MoveToInitial,Slider,51,Scenario,1
ID,8,Time,255.53,DronePosition,-348.3216,45,-107.379,8.282205,CameraPosition,-103.174,1.724373,-107.2704,CameraRotation,344.5178,269.6526,1.479662,CurrentState,MoveToInitial,Slider,51,Scenario,1
ID,8,Time,255.5428,DronePosition,-348.2142,45,-107.379,8.346547,CameraPosition,-103.174,1.724481,-107.2705,CameraRotation,344.4409,269.545,1.461362,CurrentState,MoveToInitial,Slider,51,Scenario,1
ID,8,Time,255.5572,DronePosition,-348.0935,45,-107.379,8.418213,CameraPosition,-103.1739,1.724601,-107.2707,CameraRotation,344.3363,269.4199,1.444161,CurrentState,MoveToInitial,Slider,51,Scenario,1
ID,8,Time,255.5711,DronePosition,-347.9757,45,-107.379,8.487631,CameraPosition,-103.1738,1.724706,-107.2709,CameraRotation,344.2466,269.2769,1.427497,CurrentState,MoveToInitial,Slider,51,Scenario,1
ID,8,Time,255.5848,DronePosition,-347.8579,45,-107.379,8.556467,CameraPosition,-103.1738,1.724766,-107.2712,CameraRotation,344.1817,269.1267,1.414577,CurrentState,MoveToInitial,Slider,51,Scenario,1
ID,8,Time,255.5985,DronePosition,-347.7399,45,-107.379,8.624878,CameraPosition,-103.1737,1.724782,-107.2715,CameraRotation,344.1514,268.9907,1.402068,CurrentState,MoveToInitial,Slider,51,Scenario,1
ID,8,Time,255.6124,DronePosition,-347.6196,45,-107.379,8.694047,CameraPosition,-103.1737,1.724783,-107.2719,CameraRotation,344.1491,268.847,1.391794,CurrentState,MoveToInitial,Slider,51,Scenario,1
ID,8,Time,255.6265,DronePosition,-347.4958,45,-107.379,8.764702,CameraPosition,-103.1736,1.72477,-107.2722,CameraRotation,344.1513,268.7279,1.385767,CurrentState,MoveToInitial,Slider,51,Scenario,1
ID,8,Time,255.6403,DronePosition,-347.3737,45,-107.379,8.833775,CameraPosition,-103.1735,1.724791,-107.2726,CameraRotation,344.1543,268.6124,1.384811,CurrentState,MoveToInitial,Slider,51,Scenario,1
ID,8,Time,255.6544,DronePosition,-347.248,45,-107.379,8.904408,CameraPosition,-103.1734,1.724886,-107.2729,CameraRotation,344.131,268.5179,1.386175,CurrentState,MoveToInitial,Slider,51,Scenario,1
ID,8,Time,255.6683,DronePosition,-347.1231,45,-107.379,8.973994,CameraPosition,-103.1734,1.725013,-107.2733,CameraRotation,344.0694,268.4301,1.385005,CurrentState,MoveToInitial,Slider,51,Scenario,1
ID,8,Time,255.6818,DronePosition,-347.0015,45,-107.379,9.041245,CameraPosition,-103.1734,1.725147,-107.2737,CameraRotation,343.9992,268.3493,1.393335,CurrentState,MoveToInitial,Slider,51,Scenario,1
ID,8,Time,255.696,DronePosition,-346.8718,45,-107.379,9.112386,CameraPosition,-103.1734,1.725279,-107.2741,CameraRotation,343.9353,268.2766,1.433918,CurrentState,MoveToInitial,Slider,51,Scenario,1
ID,8,Time,255.7102,DronePosition,-346.742,45,-107.379,9.183096,CameraPosition,-103.1733,1.725392,-107.2745,CameraRotation,343.9135,268.2047,1.475142,CurrentState,MoveToInitial,Slider,51,Scenario,1
ID,8,Time,255.7241,DronePosition,-346.6134,45,-107.379,9.252572,CameraPosition,-103.1733,1.725484,-107.2749,CameraRotation,343.915,268.1436,1.483319,CurrentState,MoveToInitial,Slider,51,Scenario,1
ID,8,Time,255.7378,DronePosition,-346.485,45,-107.379,9.321446,CameraPosition,-103.1733,1.725579,-107.2753,CameraRotation,343.9091,268.0831,1.472721,CurrentState,MoveToInitial,Slider,51,Scenario,1
ID,8,Time,255.7522,DronePosition,-346.3503,45,-107.379,9.393158,CameraPosition,-103.1732,1.725712,-107.2758,CameraRotation,343.8976,268.0274,1.470009,CurrentState,MoveToInitial,Slider,51,Scenario,1
ID,8,Time,255.7686,DronePosition,-346.195,45,-107.379,9.475099,CameraPosition,-103.1732,1.72587,-107.2763,CameraRotation,343.8779,267.9695,1.496939,CurrentState,MoveToInitial,Slider,51,Scenario,1
ID,8,Time,255.7795,DronePosition,-346.0909,45,-107.379,9.529706,CameraPosition,-103.1731,1.725983,-107.2768,CameraRotation,343.8405,267.9025,1.549905,CurrentState,MoveToInitial,Slider,51,Scenario,1
ID,8,Time,255.7935,DronePosition,-345.9563,45,-107.379,9.599843,CameraPosition,-103.1731,1.726043,-107.2774,CameraRotation,343.8415,267.8331,1.604214,CurrentState,MoveToInitial,Slider,51,Scenario,1
ID,8,Time,255.8074,DronePosition,-345.8221,45,-107.379,9.669249,CameraPosition,-103.1731,1.726005,-107.278,CameraRotation,343.8706,267.7581,1.642401,CurrentState,MoveToInitial,Slider,51,Scenario,1
ID,8,Time,255.821,DronePosition,-345.6893,45,-107.379,9.737402,CameraPosition,-103.1731,1.725985,-107.2786,CameraRotation,343.9331,267.6747,1.659767,CurrentState,MoveToInitial,Slider,51,Scenario,1
ID,8,Time,255.8351,DronePosition,-345.551,45,-107.379,9.80792,CameraPosition,-103.1732,1.726002,-107.2792,CameraRotation,343.9842,267.5738,1.666481,CurrentState,MoveToInitial,Slider,51,Scenario,1
ID,8,Time,255.8491,DronePosition,-345.4132,45,-107.379,9.877664,CameraPosition,-103.1733,1.72603,-107.2799,CameraRotation,344.0081,267.4685,1.664541,CurrentState,MoveToInitial,Slider,51,Scenario,1
ID,8,Time,255.8636,DronePosition,-345.2683,45,-107.379,9.950466,CameraPosition,-103.1732,1.726027,-107.2807,CameraRotation,344.0653,267.3472,1.650872,CurrentState,MoveToInitial,Slider,51,Scenario,1
ID,8,Time,255.8771,DronePosition,-345.1334,45,-107.379,10.01781,CameraPosition,-103.1732,1.725997,-107.2815,CameraRotation,344.1104,267.2152,1.636995,CurrentState,MoveToInitial,Slider,51,Scenario,1
ID,8,Time,255.8915,DronePosition,-344.9885,45,-107.379,10.08963,CameraPosition,-103.1732,1.725934,-107.2824,CameraRotation,344.1453,267.0337,1.625334,CurrentState,MoveToInitial,Slider,51,Scenario,1
ID,8,Time,255.905,DronePosition,-344.8506,45,-107.379,10.15749,CameraPosition,-103.1732,1.725972,-107.2834,CameraRotation,344.1972,266.8242,1.632624,CurrentState,MoveToInitial,Slider,51,Scenario,1
ID,8,Time,255.9187,DronePosition,-344.7108,45,-107.379,10.22587,CameraPosition,-103.1732,1.726043,-107.2845,CameraRotation,344.2219,266.6028,1.631081,CurrentState,MoveToInitial,Slider,51,Scenario,1
ID,8,Time,255.9324,DronePosition,-344.5697,45,-107.379,10.29439,CameraPosition,-103.1732,1.726113,-107.2856,CameraRotation,344.2334,266.3856,1.621144,CurrentState,MoveToInitial,Slider,51,Scenario,1
ID,8,Time,255.9466,DronePosition,-344.4223,45,-107.379,10.36547,CameraPosition,-103.1731,1.726134,-107.2867,CameraRotation,344.2458,266.167,1.609095,CurrentState,MoveToInitial,Slider,51,Scenario,1
ID,8,Time,255.9607,DronePosition,-344.276,45,-107.379,10.43559,CameraPosition,-103.173,1.726142,-107.2878,CameraRotation,344.2973,265.9561,1.612642,CurrentState,MoveToInitial,Slider,51,Scenario,1
ID,8,Time,255.9749,DronePosition,-344.1265,45,-107.379,10.50672,CameraPosition,-103.173,1.726101,-107.2889,CameraRotation,344.3434,265.7359,1.640938,CurrentState,MoveToInitial,Slider,51,Scenario,1
ID,8,Time,255.9886,DronePosition,-343.9819,45,-107.379,10.57507,CameraPosition,-103.173,1.726061,-107.2901,CameraRotation,344.4052,265.5201,1.686764,CurrentState,MoveToInitial,Slider,51,Scenario,1
ID,8,Time,256.0023,DronePosition,-343.8354,45,-107.379,10.64388,CameraPosition,-103.1729,1.726009,-107.2913,CameraRotation,344.45,265.3217,1.735726,CurrentState,MoveToInitial,Slider,51,Scenario,1
ID,8,Time,256.0157,DronePosition,-343.6915,45,-107.379,10.71107,CameraPosition,-103.1729,1.725983,-107.2925,CameraRotation,344.4634,265.1149,1.798883,CurrentState,MoveToInitial,Slider,51,Scenario,1
ID,8,Time,256.0302,DronePosition,-343.536,45,-107.379,10.78316,CameraPosition,-103.1728,1.726004,-107.2938,CameraRotation,344.4329,264.899,1.880332,CurrentState,MoveToInitial,Slider,51,Scenario,1
ID,8,Time,256.0441,DronePosition,-343.3847,45,-107.379,10.85289,CameraPosition,-103.1727,1.726072,-107.2951,CameraRotation,344.3832,264.6978,1.96958,CurrentState,MoveToInitial,Slider,51,Scenario,1
ID,8,Time,256.0581,DronePosition,-343.2322,45,-107.379,10.92268,CameraPosition,-103.1726,1.72621,-107.2964,CameraRotation,344.2945,264.4955,2.067466,CurrentState,MoveToInitial,Slider,51,Scenario,1
ID,8,Time,256.0721,DronePosition,-343.078,45,-107.379,10.99282,CameraPosition,-103.1726,1.726389,-107.2977,CameraRotation,344.1847,264.3017,2.176265,CurrentState,MoveToInitial,Slider,51,Scenario,1
ID,8,Time,256.0858,DronePosition,-342.9267,45,-107.379,11.06123,CameraPosition,-103.1725,1.726566,-107.299,CameraRotation,344.1082,264.1324,2.249461,CurrentState,MoveToInitial,Slider,51,Scenario,1
ID,8,Time,256.0994,DronePosition,-342.7754,45,-107.379,11.1,CameraPosition,-103.1723,1.726696,-107.3003,CameraRotation,344.0545,263.9667,2.324206,CurrentState,MoveToInitial,Slider,51,Scenario,1
ID,8,Time,256.1136,DronePosition,-342.6177,45,-107.379,11.1,CameraPosition,-103.1722,1.726778,-107.3017,CameraRotation,343.9924,263.8126,2.39747,CurrentState,MoveToInitial,Slider,51,Scenario,1
ID,8,Time,256.1275,DronePosition,-342.4633,45,-107.379,11.1,CameraPosition,-103.172,1.726827,-107.303,CameraRotation,343.9424,263.6676,2.455127,CurrentState,MoveToInitial,Slider,51,Scenario,1
ID,8,Time,256.1416,DronePosition,-342.3069,45,-107.379,11.1,CameraPosition,-103.1719,1.726927,-107.3044,CameraRotation,343.9512,263.5556,2.510455,CurrentState,MoveToInitial,Slider,51,Scenario,1
ID,8,Time,256.1554,DronePosition,-342.1538,45,-107.379,11.1,CameraPosition,-103.1718,1.727095,-107.3056,CameraRotation,343.9413,263.4533,2.577602,CurrentState,MoveToInitial,Slider,51,Scenario,1
ID,8,Time,256.1693,DronePosition,-341.9998,45,-107.379,11.1,CameraPosition,-103.1717,1.727356,-107.3069,CameraRotation,343.8965,263.3755,2.651743,CurrentState,MoveToInitial,Slider,51,Scenario,1
ID,8,Time,256.1838,DronePosition,-341.839,45,-107.379,11.1,CameraPosition,-103.1715,1.727594,-107.3082,CameraRotation,343.8145,263.3107,2.705337,CurrentState,MoveToInitial,Slider,51,Scenario,1
ID,8,Time,256.197,DronePosition,-341.692,45,-107.379,11.1,CameraPosition,-103.1714,1.72778,-107.3095,CameraRotation,343.7436,263.2691,2.742923,CurrentState,MoveToInitial,Slider,51,Scenario,1
ID,8,Time,256.2111,DronePosition,-341.5353,45,-107.379,11.1,CameraPosition,-103.1713,1.727912,-107.3107,CameraRotation,343.7036,263.2383,2.784138,CurrentState,MoveToInitial,Slider,51,Scenario,1
ID,8,Time,256.2249,DronePosition,-341.3831,45,-107.379,11.1,CameraPosition,-103.1711,1.728008,-107.312,CameraRotation,343.6804,263.2371,2.834849,CurrentState,MoveToInitial,Slider,51,Scenario,1
ID,8,Time,256.2388,DronePosition,-341.2282,45,-107.379,11.1,CameraPosition,-103.171,1.728137,-107.3132,CameraRotation,343.6307,263.2525,2.881249,CurrentState,MoveToInitial,Slider,51,Scenario,1
ID,8,Time,256.2531,DronePosition,-341.0698,45,-107.379,11.1,CameraPosition,-103.1709,1.728346,-107.3144,CameraRotation,343.5675,263.279,2.919522,CurrentState,MoveToInitial,Slider,51,Scenario,1
ID,8,Time,256.2666,DronePosition,-340.9195,45,-107.379,11.1,CameraPosition,-103.1708,1.728662,-107.3156,CameraRotation,343.4813,263.3288,2.934654,CurrentState,MoveToInitial,Slider,51,Scenario,1
ID,8,Time,256.2806,DronePosition,-340.764,45,-107.379,11.1,CameraPosition,-103.1707,1.728995,-107.3168,CameraRotation,343.3875,263.3887,2.941853,CurrentState,MoveToInitial,Slider,51,Scenario,1
ID,8,Time,256.2945,DronePosition,-340.6104,45,-107.379,11.1,CameraPosition,-103.1706,1.7293,-107.3179,CameraRotation,343.3007,263.4432,2.950434,CurrentState,MoveToInitial,Slider,51,Scenario,1
ID,8,Time,256.3086,DronePosition,-340.4539,45,-107.379,11.1,CameraPosition,-103.1706,1.729567,-107.3191,CameraRotation,343.2343,263.5093,2.986734,CurrentState,MoveToInitial,Slider,51,Scenario,1
ID,8,Time,256.3223,DronePosition,-340.3011,45,-107.379,11.1,CameraPosition,-103.1706,1.729768,-107.3202,CameraRotation,343.1625,263.588,2.998332,CurrentState,MoveToInitial,Slider,51,Scenario,1
ID,8,Time,256.3364,DronePosition,-340.145,45,-107.379,11.1,CameraPosition,-103.1706,1.729928,-107.3213,CameraRotation,343.0862,263.6781,2.969074,CurrentState,MoveToInitial,Slider,51,Scenario,1
ID,8,Time,256.3503,DronePosition,-339.9911,45,-107.379,11.1,CameraPosition,-103.1705,1.730068,-107.3224,CameraRotation,343.0141,263.7652,2.933501,CurrentState,MoveToInitial,Slider,51,Scenario,1
ID,8,Time,256.3641,DronePosition,-339.8374,45,-107.379,11.1,CameraPosition,-103.1704,1.730241,-107.3235,CameraRotation,342.9492,263.8416,2.926593,CurrentState,MoveToInitial,Slider,51,Scenario,1
ID,8,Time,256.3782,DronePosition,-339.6812,45,-107.379,11.1,CameraPosition,-103.1704,1.730451,-107.3246,CameraRotation,342.882,263.9062,2.948848,CurrentState,MoveToInitial,Slider,51,Scenario,1
ID,8,Time,256.3925,DronePosition,-339.5219,45,-107.379,11.1,CameraPosition,-103.1704,1.730635,-107.3257,CameraRotation,342.8157,263.9663,2.968282,CurrentState,MoveToInitial,Slider,51,Scenario,1
ID,8,Time,256.4062,DronePosition,-339.3701,45,-107.379,11.1,CameraPosition,-103.1704,1.730781,-107.3267,CameraRotation,342.7823,264.0352,2.960698,CurrentState,MoveToInitial,Slider,51,Scenario,1
ID,8,Time,256.4199,DronePosition,-339.2178,45,-107.379,11.1,CameraPosition,-103.1704,1.730874,-107.3278,CameraRotation,342.7437,264.1083,2.96311,CurrentState,MoveToInitial,Slider,51,Scenario,1
ID,8,Time,256.4335,DronePosition,-339.067,45,-107.379,11.1,CameraPosition,-103.1703,1.730958,-107.3288,CameraRotation,342.7281,264.1777,2.954512,CurrentState,MoveToInitial,Slider,51,Scenario,1
ID,8,Time,256.4478,DronePosition,-338.9077,45,-107.379,11.1,CameraPosition,-103.1703,1.731023,-107.3298,CameraRotation,342.7043,264.2358,2.962074,CurrentState,MoveToInitial,Slider,51,Scenario,1
ID,8,Time,256.4619,DronePosition,-338.7522,45,-107.379,11.1,CameraPosition,-103.1703,1.731128,-107.3308,CameraRotation,342.7011,264.2955,2.978434,CurrentState,MoveToInitial,Slider,51,Scenario,1
ID,8,Time,256.4757,DronePosition,-338.5983,45,-107.379,11.1,CameraPosition,-103.1703,1.731261,-107.3317,CameraRotation,342.6771,264.3405,2.99019,CurrentState,MoveToInitial,Slider,51,Scenario,1
ID,8,Time,256.4895,DronePosition,-338.4453,45,-107.379,11.1,CameraPosition,-103.1703,1.731422,-107.3325,CameraRotation,342.6051,264.3932,2.99301,CurrentState,MoveToInitial,Slider,51,Scenario,1
ID,8,Time,256.5035,DronePosition,-338.2899,45,-107.379,11.1,CameraPosition,-103.1703,1.731607,-107.3334,CameraRotation,342.5067,264.4433,2.968157,CurrentState,MoveToInitial,Slider,51,Scenario,1
ID,8,Time,256.5173,DronePosition,-338.1365,45,-107.379,11.1,CameraPosition,-103.1703,1.731809,-107.3343,CameraRotation,342.432,264.4864,2.974794,CurrentState,MoveToInitial,Slider,51,Scenario,1
ID,8,Time,256.5312,DronePosition,-337.9829,45,-107.379,11.1,CameraPosition,-103.1702,1.732037,-107.3351,CameraRotation,342.3813,264.5331,2.966682,CurrentState,MoveToInitial,Slider,51,Scenario,1
ID,8,Time,256.5452,DronePosition,-337.8275,45,-107.379,11.1,CameraPosition,-103.1702,1.732301,-107.3359,CameraRotation,342.3323,264.5777,2.945226,CurrentState,MoveToInitial,Slider,51,Scenario,1
ID,8,Time,256.5591,DronePosition,-337.6728,45,-107.379,11.1,CameraPosition,-103.1702,1.732578,-107.3367,CameraRotation,342.2598,264.6079,2.919031,CurrentState,MoveToInitial,Slider,51,Scenario,1
ID,8,Time,256.5736,DronePosition,-337.5122,45,-107.379,11.1,CameraPosition,-103.1702,1.732833,-107.3374,CameraRotation,342.1886,264.6424,2.885909,CurrentState,MoveToInitial,Slider,51,Scenario,1
ID,8,Time,256.5871,DronePosition,-337.3625,45,-107.379,11.1,CameraPosition,-103.1701,1.733029,-107.3381,CameraRotation,342.1135,264.6735,2.861938,CurrentState,MoveToInitial,Slider,51,Scenario,1
ID,8,Time,256.6013,DronePosition,-337.2047,45,-107.379,11.1,CameraPosition,-103.17,1.733247,-107.3388,CameraRotation,342.0314,264.6973,2.841758,CurrentState,MoveToInitial,Slider,51,Scenario,1
ID,8,Time,256.6148,DronePosition,-337.0546,45,-107.379,11.1,CameraPosition,-103.17,1.733464,-107.3395,CameraRotation,341.9273,264.7119,2.811984,CurrentState,MoveToInitial,Slider,51,Scenario,1
ID,8,Time,256.6289,DronePosition,-336.8979,45,-107.379,11.1,CameraPosition,-103.1699,1.733668,-107.3401,CameraRotation,341.8338,264.7193,2.787829,CurrentState,MoveToInitial,Slider,51,Scenario,1
ID,8,Time,256.6427,DronePosition,-336.745,45,-107.379,11.1,CameraPosition,-103.17,1.733863,-107.3407,CameraRotation,341.7338,264.7107,2.766192,CurrentState,MoveToInitial,Slider,51,Scenario,1
ID,8,Time,256.6567,DronePosition,-336.5895,45,-107.379,11.1,CameraPosition,-103.1698,1.73408,-107.3412,CameraRotation,341.6358,264.6907,2.731081,CurrentState,MoveToInitial,Slider,51,Scenario,1
ID,8,Time,256.6707,DronePosition,-336.4338,45,-107.379,11.1,CameraPosition,-103.1697,1.73432,-107.3418,CameraRotation,341.5081,264.6644,2.694086,CurrentState,MoveToInitial,Slider,51,Scenario,1
ID,8,Time,256.6846,DronePosition,-336.2797,45,-107.379,11.1,CameraPosition,-103.1696,1.734655,-107.3423,CameraRotation,341.341,264.5996,2.638186,CurrentState,MoveToInitial,Slider,51,Scenario,1
ID,8,Time,256.6985,DronePosition,-336.1259,45,-107.379,11.1,CameraPosition,-103.1694,1.735034,-107.3428,CameraRotation,341.1266,264.5332,2.578494,CurrentState,MoveToInitial,Slider,51,Scenario,1
ID,8,Time,256.7125,DronePosition,-335.9698,45,-107.379,11.1,CameraPosition,-103.1692,1.735506,-107.3432,CameraRotation,340.905,264.4324,2.508524,CurrentState,MoveToInitial,Slider,51,Scenario,1
ID,8,Time,256.7263,DronePosition,-335.8174,45,-107.379,11.1,CameraPosition,-103.169,1.735971,-107.3437,CameraRotation,340.6875,264.3177,2.44411,CurrentState,MoveToInitial,Slider,51,Scenario,1
ID,8,Time,256.7402,DronePosition,-335.6628,45,-107.379,11.1,CameraPosition,-103.1687,1.736352,-107.3441,CameraRotation,340.502,264.1909,2.373205,CurrentState,MoveToInitial,Slider,51,Scenario,1
ID,8,Time,256.754,DronePosition,-335.5094,45,-107.379,11.1,CameraPosition,-103.1684,1.736724,-107.3445,CameraRotation,340.2806,264.0462,2.259052,CurrentState,MoveToInitial,Slider,51,Scenario,1
ID,8,Time,256.7693,DronePosition,-335.3392,45,-107.379,11.1,CameraPosition,-103.1681,1.737153,-107.3449,CameraRotation,339.9774,263.8785,2.138543,CurrentState,MoveToInitial,Slider,51,Scenario,1
ID,8,Time,256.7817,DronePosition,-335.2018,45,-107.379,11.1,CameraPosition,-103.1678,1.737603,-107.3452,CameraRotation,339.6144,263.6928,2.019755,CurrentState,MoveToInitial,Slider,51,Scenario,1
ID,8,Time,256.7957,DronePosition,-335.0462,45,-107.379,11.1,CameraPosition,-103.1675,1.738071,-107.3455,CameraRotation,339.2331,263.4834,1.884792,CurrentState,MoveToInitial,Slider,51,Scenario,1
ID,8,Time,256.8101,DronePosition,-334.887,45,-107.379,11.1,CameraPosition,-103.1672,1.738481,-107.3458,CameraRotation,338.8397,263.265,1.745073,CurrentState,MoveToInitial,Slider,51,Scenario,1
ID,8,Time,256.8238,DronePosition,-334.7346,45,-107.379,11.1,CameraPosition,-103.1668,1.73886,-107.3461,CameraRotation,338.5179,263.0598,1.58936,CurrentState,MoveToInitial,Slider,51,Scenario,1
ID,8,Time,256.8376,DronePosition,-334.5815,45,-107.379,11.1,CameraPosition,-103.1665,1.739165,-107.3463,CameraRotation,338.2062,262.8541,1.42478,CurrentState,MoveToInitial,Slider,51,Scenario,1
ID,8,Time,256.8517,DronePosition,-334.4254,45,-107.379,11.1,CameraPosition,-103.1661,1.739501,-107.3465,CameraRotation,337.8768,262.6182,1.259608,CurrentState,MoveToInitial,Slider,51,Scenario,1
ID,8,Time,256.8657,DronePosition,-334.2699,45,-107.379,11.1,CameraPosition,-103.1657,1.73991,-107.3468,CameraRotation,337.4754,262.3519,1.11869,CurrentState,MoveToInitial,Slider,51,Scenario,1
ID,8,Time,256.8797,DronePosition,-334.1146,45,-107.379,11.1,CameraPosition,-103.1654,1.74037,-107.347,CameraRotation,337.0409,262.0297,0.9957802,CurrentState,MoveToInitial,Slider,51,Scenario,1
ID,8,Time,256.8932,DronePosition,-333.9644,45,-107.379,11.1,CameraPosition,-103.165,1.740836,-107.3472,CameraRotation,336.6325,261.7014,0.8386816,CurrentState,MoveToInitial,Slider,51,Scenario,1
ID,8,Time,256.9074,DronePosition,-333.807,45,-107.379,11.1,CameraPosition,-103.1645,1.741301,-107.3474,CameraRotation,336.2891,261.3944,0.6753768,CurrentState,MoveToInitial,Slider,51,Scenario,1
ID,8,Time,256.9214,DronePosition,-333.6511,45,-107.379,11.1,CameraPosition,-103.1641,1.741771,-107.3475,CameraRotation,335.9143,261.0767,0.4780542,CurrentState,MoveToInitial,Slider,51,Scenario,1
ID,8,Time,256.9355,DronePosition,-333.4954,45,-107.379,11.1,CameraPosition,-103.1637,1.742251,-107.3477,CameraRotation,335.5102,260.7348,0.2781535,CurrentState,MoveToInitial,Slider,51,Scenario,1
ID,8,Time,256.9489,DronePosition,-333.3465,45,-107.379,11.1,CameraPosition,-103.1633,1.742765,-107.3479,CameraRotation,335.1002,260.3691,0.07820061,CurrentState,MoveToInitial,Slider,51,Scenario,1
ID,8,Time,256.963,DronePosition,-333.1892,45,-107.379,11.1,CameraPosition,-103.1629,1.743281,-107.348,CameraRotation,334.6902,260.0273,359.8749,CurrentState,MoveToInitial,Slider,51,Scenario,1
ID,8,Time,256.9774,DronePosition,-333.0301,45,-107.379,11.1,CameraPosition,-103.1625,1.743785,-107.3481,CameraRotation,334.3127,259.6981,359.6762,CurrentState,MoveToInitial,Slider,51,Scenario,1
ID,8,Time,256.9908,DronePosition,-332.8804,45,-107.379,11.1,CameraPosition,-103.1621,1.744265,-107.3482,CameraRotation,333.9145,259.3723,359.5033,CurrentState,MoveToInitial,Slider,51,Scenario,1
ID,8,Time,257.0047,DronePosition,-332.7269,45,-107.379,11.1,CameraPosition,-103.1618,1.744753,-107.3482,CameraRotation,333.4853,259.0243,359.3873,CurrentState,MoveToInitial,Slider,51,Scenario,1
ID,8,Time,257.0191,DronePosition,-332.5664,45,-107.379,11.1,CameraPosition,-103.1614,1.745216,-107.3484,CameraRotation,333.0315,258.6421,359.304,CurrentState,MoveToInitial,Slider,51,Scenario,1
ID,8,Time,257.0326,DronePosition,-332.4173,45,-107.379,11.1,CameraPosition,-103.161,1.745651,-107.3486,CameraRotation,332.611,258.2256,359.255,CurrentState,MoveToInitial,Slider,51,Scenario,1
ID,8,Time,257.0467,DronePosition,-332.2607,45,-107.379,11.1,CameraPosition,-103.1606,1.746022,-107.3489,CameraRotation,332.2314,257.7726,359.1998,CurrentState,MoveToInitial,Slider,51,Scenario,1
ID,8,Time,257.0604,DronePosition,-332.1089,45,-107.379,11.1,CameraPosition,-103.1601,1.746413,-107.3491,CameraRotation,331.9353,257.3198,359.1566,CurrentState,MoveToInitial,Slider,51,Scenario,1
ID,8,Time,257.0746,DronePosition,-331.9504,45,-107.379,11.1,CameraPosition,-103.1597,1.746827,-107.3493,CameraRotation,331.6457,256.8498,359.1516,CurrentState,MoveToInitial,Slider,51,Scenario,1
ID,8,Time,257.0881,DronePosition,-331.8004,45,-107.379,11.1,CameraPosition,-103.1593,1.747299,-107.3494,CameraRotation,331.2734,256.3935,359.1872,CurrentState,MoveToInitial,Slider,51,Scenario,1
ID,8,Time,257.1021,DronePosition,-331.6461,45,-107.379,11.1,CameraPosition,-103.1589,1.747772,-107.3495,CameraRotation,330.8354,255.9266,359.2284,CurrentState,MoveToInitial,Slider,51,Scenario,1
ID,8,Time,257.1159,DronePosition,-331.4923,45,-107.379,11.1,CameraPosition,-103.1584,1.748227,-107.3497,CameraRotation,330.4492,255.4253,359.2831,CurrentState,MoveToInitial,Slider,51,Scenario,1
ID,8,Time,257.1301,DronePosition,-331.3347,45,-107.379,11.1,CameraPosition,-103.158,1.748621,-107.3499,CameraRotation,330.1186,254.8838,359.333,CurrentState,MoveToInitial,Slider,51,Scenario,1
ID,8,Time,257.1441,DronePosition,-331.179,45,-107.379,11.1,CameraPosition,-103.1575,1.748924,-107.3501,CameraRotation,329.7928,254.3252,359.3847,CurrentState,MoveToInitial,Slider,51,Scenario,1
ID,8,Time,257.1582,DronePosition,-331.0229,45,-107.379,11.1,CameraPosition,-103.157,1.749159,-107.3503,CameraRotation,329.5359,253.7306,359.4373,CurrentState,MoveToInitial,Slider,51,Scenario,1
ID,8,Time,257.1722,DronePosition,-330.8669,45,-107.379,11.1,CameraPosition,-103.1566,1.749404,-107.3504,CameraRotation,329.3089,253.1396,359.4754,CurrentState,MoveToInitial,Slider,51,Scenario,1
ID,8,Time,257.1862,DronePosition,-330.7119,45,-107.379,11.1,CameraPosition,-103.1561,1.749616,-107.3506,CameraRotation,329.0502,252.5587,359.4816,CurrentState,MoveToInitial,Slider,51,Scenario,1
ID,8,Time,257.1996,DronePosition,-330.5631,45,-107.379,11.1,CameraPosition,-103.1556,1.749788,-107.3508,CameraRotation,328.8008,251.9583,359.4771,CurrentState,MoveToInitial,Slider,51,Scenario,1
ID,8,Time,257.2138,DronePosition,-330.4058,45,-107.379,11.1,CameraPosition,-103.1551,1.749933,-107.3509,CameraRotation,328.589,251.3419,359.5016,CurrentState,MoveToInitial,Slider,51,Scenario,1
ID,8,Time,257.2285,DronePosition,-330.243,45,-107.379,11.1,CameraPosition,-103.1546,1.749997,-107.3509,CameraRotation,328.3945,250.7142,359.5444,CurrentState,MoveToInitial,Slider,51,Scenario,1
ID,8,Time,257.2421,DronePosition,-330.0911,45,-107.379,11.1,CameraPosition,-103.1542,1.750043,-107.351,CameraRotation,328.2463,250.1106,359.5741,CurrentState,MoveToInitial,Slider,51,Scenario,1
ID,8,Time,257.2558,DronePosition,-329.9389,45,-107.379,11.1,CameraPosition,-103.1537,1.750038,-107.351,CameraRotation,328.1218,249.5336,359.5772,CurrentState,MoveToInitial,Slider,51,Scenario,1
ID,8,Time,257.2698,DronePosition,-329.7836,45,-107.379,11.1,CameraPosition,-103.1534,1.750112,-107.3509,CameraRotation,327.9876,248.9995,359.5529,CurrentState,MoveToInitial,Slider,51,Scenario,1
ID,8,Time,257.2834,DronePosition,-329.6326,45,-107.379,11.1,CameraPosition,-103.153,1.750289,-107.3508,CameraRotation,327.8083,248.4847,359.502,CurrentState,MoveToInitial,Slider,51,Scenario,1
ID,8,Time,257.2976,DronePosition,-329.4748,45,-107.379,11.1,CameraPosition,-103.1526,1.750549,-107.3507,CameraRotation,327.5862,248.0118,359.3974,CurrentState,MoveToInitial,Slider,51,Scenario,1
ID,8,Time,257.3114,DronePosition,-329.3226,45,-107.379,11.1,CameraPosition,-103.1522,1.75082,-107.3504,CameraRotation,327.35,247.5695,359.3132,CurrentState,MoveToInitial,Slider,51,Scenario,1
ID,8,Time,257.3253,DronePosition,-329.168,45,-107.379,11.1,CameraPosition,-103.1518,1.751014,-107.3501,CameraRotation,327.1338,247.1384,359.2557,CurrentState,MoveToInitial,Slider,51,Scenario,1
ID,8,Time,257.3393,DronePosition,-329.013,45,-107.379,11.1,CameraPosition,-103.1515,1.75112,-107.3498,CameraRotation,327.0065,246.7391,359.2116,CurrentState,MoveToInitial,Slider,51,Scenario,1
ID,8,Time,257.3531,DronePosition,-328.8588,45,-107.379,11.1,CameraPosition,-103.1512,1.751213,-107.3494,CameraRotation,326.9354,246.3708,359.1442,CurrentState,MoveToInitial,Slider,51,Scenario,1
ID,8,Time,257.3672,DronePosition,-328.7025,45,-107.379,11.1,CameraPosition,-103.1509,1.751257,-107.3491,CameraRotation,326.8209,246.01,359.0441,CurrentState,MoveToInitial,Slider,51,Scenario,1
ID,8,Time,257.381,DronePosition,-328.5493,45,-107.379,11.1,CameraPosition,-103.1506,1.751172,-107.3488,CameraRotation,326.7525,245.6952,358.9376,CurrentState,MoveToInitial,Slider,51,Scenario,1
ID,8,Time,257.3951,DronePosition,-328.3937,45,-107.379,11.1,CameraPosition,-103.1504,1.750973,-107.3485,CameraRotation,326.7368,245.4056,358.8337,CurrentState,MoveToInitial,Slider,51,Scenario,1
ID,8,Time,257.4089,DronePosition,-328.2397,45,-107.379,11.1,CameraPosition,-103.1501,1.750796,-107.3481,CameraRotation,326.764,245.1216,358.7701,CurrentState,MoveToInitial,Slider,51,Scenario,1
ID,8,Time,257.4228,DronePosition,-328.0855,45,-107.379,11.1,CameraPosition,-103.15,1.750682,-107.3477,CameraRotation,326.7356,244.8287,358.7611,CurrentState,MoveToInitial,Slider,51,Scenario,1
ID,8,Time,257.4374,DronePosition,-327.9233,45,-107.379,11.1,CameraPosition,-103.1498,1.75069,-107.3473,CameraRotation,326.6271,244.5051,358.7697,CurrentState,MoveToInitial,Slider,51,Scenario,1
ID,8,Time,257.4505,DronePosition,-327.7778,45,-107.379,11.1,CameraPosition,-103.1496,1.750745,-107.3469,CameraRotation,326.516,244.1898,358.765,CurrentState,MoveToInitial,Slider,51,Scenario,1
ID,8,Time,257.4648,DronePosition,-327.6201,45,-107.379,11.1,CameraPosition,-103.1494,1.750787,-107.3465,CameraRotation,326.42,243.8956,358.743,CurrentState,MoveToInitial,Slider,51,Scenario,1
ID,8,Time,257.4784,DronePosition,-327.4686,45,-107.379,11.1,CameraPosition,-103.1493,1.750755,-107.3461,CameraRotation,326.4122,243.6239,358.7072,CurrentState,MoveToInitial,Slider,51,Scenario,1
ID,8,Time,257.4928,DronePosition,-327.309,45,-107.379,11.1,CameraPosition,-103.1492,1.750652,-107.3456,CameraRotation,326.4395,243.3804,358.6612,CurrentState,MoveToInitial,Slider,51,Scenario,1
ID,8,Time,257.5065,DronePosition,-327.1569,45,-107.379,11.1,CameraPosition,-103.1492,1.750503,-107.3452,CameraRotation,326.4829,243.1295,358.6534,CurrentState,MoveToInitial,Slider,51,Scenario,1
ID,8,Time,257.5203,DronePosition,-327.0037,45,-107.379,11.1,CameraPosition,-103.1491,1.750382,-107.3448,CameraRotation,326.5027,242.8617,358.6671,CurrentState,MoveToInitial,Slider,51,Scenario,1
ID,8,Time,257.5341,DronePosition,-326.8505,45,-107.379,11.1,CameraPosition,-103.1491,1.750248,-107.3443,CameraRotation,326.5384,242.6223,358.6787,CurrentState,MoveToInitial,Slider,51,Scenario,1
ID,8,Time,257.5479,DronePosition,-326.6969,45,-107.379,11.1,CameraPosition,-103.1491,1.750072,-107.3438,CameraRotation,326.6213,242.4139,358.6125,CurrentState,MoveToInitial,Slider,51,Scenario,1
ID,8,Time,257.562,DronePosition,-326.5412,45,-107.379,11.1,CameraPosition,-103.1492,1.749885,-107.3434,CameraRotation,326.7003,242.2372,358.4905,CurrentState,MoveToInitial,Slider,51,Scenario,1
ID,8,Time,257.5759,DronePosition,-326.3867,45,-107.379,11.1,CameraPosition,-103.1492,1.749739,-107.3429,CameraRotation,326.7881,242.0853,358.3677,CurrentState,MoveToInitial,Slider,51,Scenario,1
ID,8,Time,257.5899,DronePosition,-326.2307,45,-107.379,11.1,CameraPosition,-103.1493,1.749609,-107.3424,CameraRotation,326.8389,241.9078,358.3122,CurrentState,MoveToInitial,Slider,51,Scenario,1
ID,8,Time,257.6039,DronePosition,-326.0754,45,-107.379,11.1,CameraPosition,-103.1493,1.749487,-107.342,CameraRotation,326.9009,241.7169,358.2762,CurrentState,MoveToInitial,Slider,51,Scenario,1
ID,8,Time,257.6176,DronePosition,-325.9235,45,-107.379,11.1,CameraPosition,-103.1493,1.74934,-107.3415,CameraRotation,327.0217,241.4897,358.2804,CurrentState,MoveToInitial,Slider,51,Scenario,1
ID,8,Time,257.6316,DronePosition,-325.768,45,-107.379,11.1,CameraPosition,-103.1493,1.749097,-107.3411,CameraRotation,327.1245,241.2593,358.2505,CurrentState,MoveToInitial,Slider,51,Scenario,1
ID,8,Time,257.6457,DronePosition,-325.6111,45,-107.379,11.1,CameraPosition,-103.1492,1.748784,-107.3408,CameraRotation,327.254,241.0016,358.2061,CurrentState,MoveToInitial,Slider,51,Scenario,1
ID,8,Time,257.6596,DronePosition,-325.4568,45,-107.379,11.1,CameraPosition,-103.1492,1.748531,-107.3405,CameraRotation,327.3809,240.7404,358.1635,CurrentState,MoveToInitial,Slider,51,Scenario,1
ID,8,Time,257.6736,DronePosition,-325.3012,45,-107.379,11.1,CameraPosition,-103.1492,1.748302,-107.3402,CameraRotation,327.4884,240.4891,358.1413,CurrentState,MoveToInitial,Slider,51,Scenario,1
ID,8,Time,257.6873,DronePosition,-325.149,45,-107.379,11.1,CameraPosition,-103.1492,1.748091,-107.34,CameraRotation,327.6335,240.2257,358.1433,CurrentState,MoveToInitial,Slider,51,Scenario,1
ID,8,Time,257.7011,DronePosition,-324.9963,45,-107.379,11.1,CameraPosition,-103.1493,1.747951,-107.3397,CameraRotation,327.7829,239.9481,358.1563,CurrentState,MoveToInitial,Slider,51,Scenario,1
ID,8,Time,257.7152,DronePosition,-324.8402,45,-107.379,11.1,CameraPosition,-103.1493,1.747888,-107.3394,CameraRotation,327.8954,239.677,358.1674,CurrentState,MoveToInitial,Slider,51,Scenario,1
ID,8,Time,257.7292,DronePosition,-324.6844,45,-107.379,11.1,CameraPosition,-103.1493,1.747853,-107.3393,CameraRotation,327.9723,239.3588,358.2296,CurrentState,MoveToInitial,Slider,51,Scenario,1
ID,8,Time,257.7429,DronePosition,-324.5325,45,-107.379,11.1,CameraPosition,-103.1493,1.747749,-107.3392,CameraRotation,328.0367,238.9776,358.3393,CurrentState,MoveToInitial,Slider,51,Scenario,1
ID,8,Time,257.7568,DronePosition,-324.3779,45,-107.379,11.1,CameraPosition,-103.1492,1.747619,-107.3393,CameraRotation,328.1321,238.5706,358.4497,CurrentState,MoveToInitial,Slider,51,Scenario,1
ID,8,Time,257.7717,DronePosition,-324.2133,45,-107.379,11.1,CameraPosition,-103.1492,1.747429,-107.3394,CameraRotation,328.2723,238.1309,358.5453,CurrentState,MoveToInitial,Slider,51,Scenario,1
ID,8,Time,257.7847,DronePosition,-324.0687,45,-107.379,11.1,CameraPosition,-103.1492,1.747113,-107.3396,CameraRotation,328.4829,237.709,358.6118,CurrentState,MoveToInitial,Slider,51,Scenario,1
ID,8,Time,257.7988,DronePosition,-323.912,45,-107.379,11.1,CameraPosition,-103.1492,1.746746,-107.3399,CameraRotation,328.7658,237.2536,358.7129,CurrentState,MoveToInitial,Slider,51,Scenario,1
ID,8,Time,257.8127,DronePosition,-323.7571,45,-107.379,11.1,CameraPosition,-103.1491,1.746356,-107.3403,CameraRotation,329.0614,236.7509,358.8654,CurrentState,MoveToInitial,Slider,51,Scenario,1
ID,8,Time,257.8267,DronePosition,-323.603,45,-107.379,11.1,CameraPosition,-103.1491,1.746021,-107.3407,CameraRotation,329.3355,236.1819,359.0589,CurrentState,MoveToInitial,Slider,51,Scenario,1
ID,8,Time,257.8408,DronePosition,-323.4455,45,-107.379,11.1,CameraPosition,-103.149,1.745678,-107.3412,CameraRotation,329.5992,235.5809,359.2713,CurrentState,MoveToInitial,Slider,51,Scenario,1
ID,8,Time,257.8546,DronePosition,-323.2926,45,-107.379,11.1,CameraPosition,-103.1489,1.745313,-107.3418,CameraRotation,329.8937,234.8949,359.4978,CurrentState,MoveToInitial,Slider,51,Scenario,1
ID,8,Time,257.8682,DronePosition,-323.1418,45,-107.379,11.1,CameraPosition,-103.1489,1.744916,-107.3424,CameraRotation,330.2142,234.1889,359.7023,CurrentState,MoveToInitial,Slider,51,Scenario,1
ID,8,Time,257.8822,DronePosition,-322.9864,45,-107.379,11.1,CameraPosition,-103.1489,1.744473,-107.3431,CameraRotation,330.5585,233.4298,359.9159,CurrentState,MoveToInitial,Slider,51,Scenario,1
ID,8,Time,257.8963,DronePosition,-322.8297,45,-107.379,11.1,CameraPosition,-103.1488,1.74405,-107.3439,CameraRotation,330.9533,232.6279,0.1694669,CurrentState,MoveToInitial,Slider,51,Scenario,1
ID,8,Time,257.9101,DronePosition,-322.6769,45,-107.379,11.1,CameraPosition,-103.1487,1.74361,-107.3448,CameraRotation,331.3568,231.7558,0.4286798,CurrentState,MoveToInitial,Slider,51,Scenario,1
ID,8,Time,257.9238,DronePosition,-322.5243,45,-107.379,11.1,CameraPosition,-103.1486,1.743171,-107.3459,CameraRotation,331.7658,230.8528,0.6553913,CurrentState,MoveToInitial,Slider,51,Scenario,1
ID,8,Time,257.938,DronePosition,-322.3669,45,-107.379,11.1,CameraPosition,-103.1485,1.742771,-107.3469,CameraRotation,332.164,229.9638,0.8432526,CurrentState,MoveToInitial,Slider,51,Scenario,1
ID,8,Time,257.9519,DronePosition,-322.2127,45,-107.379,11.1,CameraPosition,-103.1484,1.742371,-107.348,CameraRotation,332.525,229.0968,0.9977592,CurrentState,MoveToInitial,Slider,51,Scenario,1
ID,8,Time,257.9654,DronePosition,-322.0633,45,-107.379,11.1,CameraPosition,-103.1483,1.741968,-107.3492,CameraRotation,332.8822,228.2413,1.130187,CurrentState,MoveToInitial,Slider,51,Scenario,1
ID,8,Time,257.9797,DronePosition,-321.9037,45,-107.379,11.1,CameraPosition,-103.1483,1.741583,-107.3503,CameraRotation,333.2624,227.3904,1.251819,CurrentState,MoveToInitial,Slider,51,Scenario,1
ID,8,Time,257.9932,DronePosition,-321.7547,45,-107.379,11.1,CameraPosition,-103.1483,1.741176,-107.3513,CameraRotation,333.6644,226.5493,1.366903,CurrentState,MoveToInitial,Slider,51,Scenario,1
ID,8,Time,258.0074,DronePosition,-321.5964,45,-107.379,11.1,CameraPosition,-103.1483,1.740771,-107.3524,CameraRotation,334.0914,225.7387,1.453388,CurrentState,MoveToInitial,Slider,51,Scenario,1
ID,8,Time,258.0213,DronePosition,-321.4421,45,-107.379,11.1,CameraPosition,-103.1484,1.740363,-107.3534,CameraRotation,334.4874,224.9525,1.522471,CurrentState,MoveToInitial,Slider,51,Scenario,1
ID,8,Time,258.0351,DronePosition,-321.2887,45,-107.379,11.1,CameraPosition,-103.1485,1.740001,-107.3545,CameraRotation,334.8862,224.1566,1.590409,CurrentState,MoveToInitial,Slider,51,Scenario,1
ID,8,Time,258.0492,DronePosition,-321.1326,45,-107.379,11.1,CameraPosition,-103.1486,1.739663,-107.3556,CameraRotation,335.2457,223.3816,1.645332,CurrentState,MoveToInitial,Slider,51,Scenario,1
ID,8,Time,258.0635,DronePosition,-320.9743,45,-107.379,11.1,CameraPosition,-103.1487,1.739365,-107.3567,CameraRotation,335.5979,222.5946,1.686258,CurrentState,MoveToInitial,Slider,51,Scenario,1
ID,8,Time,258.077,DronePosition,-320.824,45,-107.379,11.1,CameraPosition,-103.1488,1.739028,-107.3578,CameraRotation,335.9743,221.8163,1.740311,CurrentState,MoveToInitial,Slider,51,Scenario,1
ID,8,Time,258.0908,DronePosition,-320.6705,45,-107.379,11.1,CameraPosition,-103.1488,1.738648,-107.3589,CameraRotation,336.389,221.0448,1.79034,CurrentState,MoveToInitial,Slider,51,Scenario,1
ID,8,Time,258.1046,DronePosition,-320.5172,45,-107.379,11.1,CameraPosition,-103.1488,1.738233,-107.3601,CameraRotation,336.8209,220.2782,1.810452,CurrentState,MoveToInitial,Slider,51,Scenario,1
ID,8,Time,258.1184,DronePosition,-320.3644,45,-107.379,11.1,CameraPosition,-103.1488,1.737769,-107.3613,CameraRotation,337.2639,219.5287,1.751923,CurrentState,MoveToInitial,Slider,51,Scenario,1
ID,8,Time,258.1323,DronePosition,-320.2099,45,-107.379,11.1,CameraPosition,-103.1488,1.737315,-107.3624,CameraRotation,337.7071,218.8102,1.628536,CurrentState,MoveToInitial,Slider,51,Scenario,1
ID,8,Time,258.1465,DronePosition,-320.0529,45,-107.379,11.1,CameraPosition,-103.1488,1.736904,-107.3634,CameraRotation,338.1414,218.1194,1.498503,CurrentState,MoveToInitial,Slider,51,Scenario,1
ID,8,Time,258.1602,DronePosition,-319.9005,45,-107.379,11.1,CameraPosition,-103.1488,1.736561,-107.3645,CameraRotation,338.5694,217.4412,1.381885,CurrentState,MoveToInitial,Slider,51,Scenario,1
ID,8,Time,258.1743,DronePosition,-319.7443,45,-107.379,11.1,CameraPosition,-103.1487,1.736258,-107.3655,CameraRotation,338.966,216.7729,1.240829,CurrentState,MoveToInitial,Slider,51,Scenario,1
ID,8,Time,258.1879,DronePosition,-319.5928,45,-107.379,11.1,CameraPosition,-103.1488,1.735951,-107.3664,CameraRotation,339.3241,216.1622,1.027534,CurrentState,MoveToInitial,Slider,51,Scenario,1
ID,8,Time,258.2018,DronePosition,-319.4388,45,-107.379,11.1,CameraPosition,-103.149,1.735658,-107.3673,CameraRotation,339.6342,215.6655,0.7244686,CurrentState,MoveToInitial,Slider,51,Scenario,1
ID,8,Time,258.2158,DronePosition,-319.2834,45,-107.379,11.1,CameraPosition,-103.149,1.735418,-107.368,CameraRotation,339.9615,215.1975,0.431326,CurrentState,MoveToInitial,Slider,51,Scenario,1
ID,8,Time,258.2299,DronePosition,-319.1262,45,-107.379,11.1,CameraPosition,-103.149,1.735241,-107.3688,CameraRotation,340.2776,214.848,0.1654353,CurrentState,MoveToInitial,Slider,51,Scenario,1
ID,8,Time,258.2437,DronePosition,-318.9732,45,-107.379,11.1,CameraPosition,-103.149,1.735078,-107.3695,CameraRotation,340.5373,214.513,359.9565,CurrentState,MoveToInitial,Slider,51,Scenario,1
ID,8,Time,258.2581,DronePosition,-318.8136,45,-107.379,11.1,CameraPosition,-103.149,1.734919,-107.3702,CameraRotation,340.7379,214.1824,359.8124,CurrentState,MoveToInitial,Slider,51,Scenario,1
ID,8,Time,258.2718,DronePosition,-318.6618,45,-107.379,11.1,CameraPosition,-103.149,1.734747,-107.3709,CameraRotation,340.8475,213.8927,359.7693,CurrentState,MoveToInitial,Slider,51,Scenario,1
ID,8,Time,258.2856,DronePosition,-318.5085,45,-107.379,11.1,CameraPosition,-103.149,1.734658,-107.3715,CameraRotation,340.9445,213.6309,359.7505,CurrentState,MoveToInitial,Slider,51,Scenario,1
ID,8,Time,258.2992,DronePosition,-318.3578,45,-107.379,11.1,CameraPosition,-103.1491,1.734726,-107.3722,CameraRotation,340.9919,213.3858,359.7485,CurrentState,MoveToInitial,Slider,51,Scenario,1
ID,8,Time,258.3133,DronePosition,-318.2014,45,-107.379,11.1,CameraPosition,-103.1491,1.734946,-107.3728,CameraRotation,340.9547,213.1627,359.7507,CurrentState,MoveToInitial,Slider,51,Scenario,1
ID,8,Time,258.327,DronePosition,-318.0487,45,-107.379,11.1,CameraPosition,-103.149,1.735232,-107.3735,CameraRotation,340.8537,212.9403,359.7637,CurrentState,MoveToInitial,Slider,51,Scenario,1
ID,8,Time,258.3413,DronePosition,-317.8899,45,-107.379,11.1,CameraPosition,-103.149,1.73547,-107.3741,CameraRotation,340.8035,212.7086,359.7949,CurrentState,MoveToInitial,Slider,51,Scenario,1
ID,8,Time,258.3557,DronePosition,-317.7304,45,-107.379,11.1,CameraPosition,-103.149,1.735663,-107.3746,CameraRotation,340.8181,212.4997,359.8645,CurrentState,MoveToInitial,Slider,51,Scenario,1
ID,8,Time,258.3687,DronePosition,-317.5865,45,-107.379,11.1,CameraPosition,-103.1491,1.735778,-107.3752,CameraRotation,340.8968,212.3141,359.9225,CurrentState,MoveToInitial,Slider,51,Scenario,1
ID,8,Time,258.3826,DronePosition,-317.4315,45,-107.379,11.1,CameraPosition,-103.149,1.735817,-107.3758,CameraRotation,340.97,212.158,359.9438,CurrentState,MoveToInitial,Slider,51,Scenario,1
ID,8,Time,258.3964,DronePosition,-317.279,45,-107.379,11.1,CameraPosition,-103.149,1.735836,-107.3764,CameraRotation,341.0321,212.0326,359.9454,CurrentState,MoveToInitial,Slider,51,Scenario,1
ID,8,Time,258.4105,DronePosition,-317.1219,45,-107.379,11.1,CameraPosition,-103.1489,1.735876,-107.377,CameraRotation,341.0608,211.8849,359.9672,CurrentState,MoveToInitial,Slider,51,Scenario,1
ID,8,Time,258.4246,DronePosition,-316.9661,45,-107.379,11.1,CameraPosition,-103.1488,1.735994,-107.3775,CameraRotation,341.0891,211.7418,0.02622039,CurrentState,MoveToInitial,Slider,51,Scenario,1
ID,8,Time,258.4384,DronePosition,-316.8118,45,-107.379,11.1,CameraPosition,-103.1487,1.736146,-107.3781,CameraRotation,341.0854,211.6088,0.1214652,CurrentState,MoveToInitial,Slider,51,Scenario,1
ID,8,Time,258.4521,DronePosition,-316.6598,45,-107.379,11.1,CameraPosition,-103.1486,1.73632,-107.3786,CameraRotation,341.0561,211.444,0.2169257,CurrentState,MoveToInitial,Slider,51,Scenario,1
ID,8,Time,258.4659,DronePosition,-316.5078,45,-107.379,11.1,CameraPosition,-103.1485,1.736508,-107.3791,CameraRotation,341.0009,211.2872,0.2833502,CurrentState,MoveToInitial,Slider,51,Scenario,1
ID,8,Time,258.4802,DronePosition,-316.3489,45,-107.379,11.1,CameraPosition,-103.1483,1.736683,-107.3796,CameraRotation,340.9675,211.1456,0.3210662,CurrentState,MoveToInitial,Slider,51,Scenario,1
ID,8,Time,258.4943,DronePosition,-316.192,45,-107.379,11.1,CameraPosition,-103.1481,1.736823,-107.3801,CameraRotation,340.9322,211.0346,0.3494875,CurrentState,MoveToInitial,Slider,51,Scenario,1
ID,8,Time,258.508,DronePosition,-316.0403,45,-107.379,11.1,CameraPosition,-103.1481,1.736901,-107.3806,CameraRotation,340.9099,210.9469,0.3800757,CurrentState,MoveToInitial,Slider,51,Scenario,1
ID,8,Time,258.5218,DronePosition,-315.8872,45,-107.379,11.1,CameraPosition,-103.148,1.736947,-107.3812,CameraRotation,340.9043,210.878,0.4091857,CurrentState,MoveToInitial,Slider,51,Scenario,1
ID,8,Time,258.5357,DronePosition,-315.7323,45,-107.379,11.1,CameraPosition,-103.148,1.736997,-107.3817,CameraRotation,340.9079,210.8162,0.4235979,CurrentState,MoveToInitial,Slider,51,Scenario,1
ID,8,Time,258.5495,DronePosition,-315.5795,45,-107.379,11.1,CameraPosition,-103.1481,1.737023,-107.3823,CameraRotation,340.912,210.7719,0.4332235,CurrentState,MoveToInitial,Slider,51,Scenario,1
ID,8,Time,258.5635,DronePosition,-315.4239,45,-107.379,11.1,CameraPosition,-103.1482,1.737087,-107.3829,CameraRotation,340.9312,210.7367,0.4275674,CurrentState,MoveToInitial,Slider,51,Scenario,1
ID,8,Time,258.5777,DronePosition,-315.2664,45,-107.379,11.1,CameraPosition,-103.1482,1.737189,-107.3835,CameraRotation,340.9677,210.7224,0.4309993,CurrentState,MoveToInitial,Slider,51,Scenario,1
ID,8,Time,258.5912,DronePosition,-315.116,45,-107.379,11.1,CameraPosition,-103.1482,1.737284,-107.3841,CameraRotation,340.9859,210.7179,0.4397142,CurrentState,MoveToInitial,Slider,51,Scenario,1
ID,8,Time,258.6056,DronePosition,-314.9562,45,-107.379,11.1,CameraPosition,-103.1482,1.73735,-107.3847,CameraRotation,341.0005,210.6852,0.4451315,CurrentState,MoveToInitial,Slider,51,Scenario,1
ID,8,Time,258.6191,DronePosition,-314.8068,45,-107.379,11.1,CameraPosition,-103.1482,1.737413,-107.3853,CameraRotation,341.0464,210.6295,0.4400387,CurrentState,MoveToInitial,Slider,51,Scenario,1
ID,8,Time,258.633,DronePosition,-314.6524,45,-107.379,11.1,CameraPosition,-103.1481,1.737498,-107.386,CameraRotation,341.1103,210.5711,0.3992605,CurrentState,MoveToInitial,Slider,51,Scenario,1
ID,8,Time,258.6469,DronePosition,-314.4976,45,-107.379,11.1,CameraPosition,-103.1481,1.737588,-107.3866,CameraRotation,341.1519,210.5224,0.3366341,CurrentState,MoveToInitial,Slider,51,Scenario,1
ID,8,Time,258.6611,DronePosition,-314.3403,45,-107.379,11.1,CameraPosition,-103.148,1.737659,-107.3874,CameraRotation,341.1563,210.5025,0.282308,CurrentState,MoveToInitial,Slider,51,Scenario,1
ID,8,Time,258.675,DronePosition,-314.1864,45,-107.379,11.1,CameraPosition,-103.148,1.737712,-107.3882,CameraRotation,341.1381,210.4842,0.2734868,CurrentState,MoveToInitial,Slider,51,Scenario,1
ID,8,Time,258.6895,DronePosition,-314.0247,45,-107.379,11.1,CameraPosition,-103.148,1.737726,-107.3889,CameraRotation,341.1387,210.493,0.2799985,CurrentState,MoveToInitial,Slider,51,Scenario,1
ID,8,Time,258.7033,DronePosition,-313.8723,45,-107.379,11.1,CameraPosition,-103.148,1.73766,-107.3897,CameraRotation,341.1772,210.5307,0.2867212,CurrentState,MoveToInitial,Slider,51,Scenario,1
ID,8,Time,258.7166,DronePosition,-313.725,45,-107.379,11.1,CameraPosition,-103.1479,1.737579,-107.3906,CameraRotation,341.2115,210.5895,0.2975442,CurrentState,MoveToInitial,Slider,51,Scenario,1
ID,8,Time,258.7303,DronePosition,-313.5726,45,-107.379,11.1,CameraPosition,-103.1479,1.737564,-107.3914,CameraRotation,341.2426,210.659,0.3123341,CurrentState,MoveToInitial,Slider,51,Scenario,1
ID,8,Time,258.7446,DronePosition,-313.4133,45,-107.379,11.1,CameraPosition,-103.1479,1.737643,-107.3923,CameraRotation,341.231,210.7064,0.3350687,CurrentState,MoveToInitial,Slider,51,Scenario,1
ID,8,Time,258.7587,DronePosition,-313.2575,45,-107.379,11.1,CameraPosition,-103.1478,1.737713,-107.3932,CameraRotation,341.1985,210.7092,0.3660032,CurrentState,MoveToInitial,Slider,51,Scenario,1
ID,8,Time,258.7733,DronePosition,-313.0951,45,-107.379,11.1,CameraPosition,-103.1477,1.73773,-107.3941,CameraRotation,341.2142,210.6644,0.4277479,CurrentState,MoveToInitial,Slider,51,Scenario,1
ID,8,Time,258.786,DronePosition,-312.9537,45,-107.379,11.1,CameraPosition,-103.1476,1.73772,-107.3951,CameraRotation,341.2909,210.6062,0.5011977,CurrentState,MoveToInitial,Slider,51,Scenario,1
ID,8,Time,258.8001,DronePosition,-312.7973,45,-107.379,11.1,CameraPosition,-103.1474,1.737686,-107.396,CameraRotation,341.3823,210.5523,0.5485697,CurrentState,MoveToInitial,Slider,51,Scenario,1
ID,8,Time,258.8144,DronePosition,-312.6388,45,-107.379,11.1,CameraPosition,-103.1473,1.737664,-107.3969,CameraRotation,341.4552,210.5222,0.5754135,CurrentState,MoveToInitial,Slider,51,Scenario,1
ID,8,Time,258.8282,DronePosition,-312.4858,45,-107.379,11.1,CameraPosition,-103.1472,1.737667,-107.3979,CameraRotation,341.4831,210.5115,0.6066975,CurrentState,MoveToInitial,Slider,51,Scenario,1
ID,8,Time,258.842,DronePosition,-312.3325,45,-107.379,11.1,CameraPosition,-103.1471,1.737652,-107.3989,CameraRotation,341.511,210.5255,0.6410419,CurrentState,MoveToInitial,Slider,51,Scenario,1
ID,8,Time,258.8558,DronePosition,-312.1788,45,-107.379,11.1,CameraPosition,-103.1471,1.737594,-107.3998,CameraRotation,341.5611,210.5588,0.6794391,CurrentState,MoveToInitial,Slider,51,Scenario,1
ID,8,Time,258.8701,DronePosition,-312.0213,45,-107.379,11.1,CameraPosition,-103.147,1.737463,-107.4008,CameraRotation,341.6085,210.5881,0.7111998,CurrentState,MoveToInitial,Slider,51,Scenario,1
ID,8,Time,258.8842,DronePosition,-311.8638,45,-107.379,11.1,CameraPosition,-103.1469,1.737265,-107.4017,CameraRotation,341.6318,210.6356,0.7291318,CurrentState,MoveToInitial,Slider,51,Scenario,1
ID,8,Time,258.8984,DronePosition,-311.7062,45,-107.379,11.1,CameraPosition,-103.1469,1.737094,-107.4027,CameraRotation,341.6907,210.6905,0.7481906,CurrentState,MoveToInitial,Slider,51,Scenario,1
ID,8,Time,258.912,DronePosition,-311.5555,45,-107.379,11.1,CameraPosition,-103.1468,1.73689,-107.4036,CameraRotation,341.8103,210.7745,0.7421172,CurrentState,MoveToInitial,Slider,51,Scenario,1
ID,8,Time,258.9261,DronePosition,-311.3987,45,-107.379,11.1,CameraPosition,-103.1468,1.736652,-107.4045,CameraRotation,341.9741,210.8982,0.6939839,CurrentState,MoveToInitial,Slider,51,Scenario,1
ID,8,Time,258.9394,DronePosition,-311.2517,45,-107.379,11.1,CameraPosition,-103.1468,1.736433,-107.4054,CameraRotation,342.1548,211.0397,0.655105,CurrentState,MoveToInitial,Slider,51,Scenario,1
ID,8,Time,258.9535,DronePosition,-311.0955,45,-107.379,11.1,CameraPosition,-103.147,1.736268,-107.4064,CameraRotation,342.3564,211.225,0.6227642,CurrentState,MoveToInitial,Slider,51,Scenario,1
ID,8,Time,258.967,DronePosition,-310.9451,45,-107.379,11.1,CameraPosition,-103.1471,1.736107,-107.4073,CameraRotation,342.5023,211.4099,0.6108721,CurrentState,MoveToInitial,Slider,51,Scenario,1
ID,8,Time,258.9812,DronePosition,-310.7871,45,-107.379,11.1,CameraPosition,-103.1471,1.735977,-107.4083,CameraRotation,342.6164,211.5841,0.6314766,CurrentState,MoveToInitial,Slider,51,Scenario,1
ID,8,Time,258.9954,DronePosition,-310.6303,45,-107.379,11.1,CameraPosition,-103.1471,1.735909,-107.4092,CameraRotation,342.6979,211.7359,0.6614494,CurrentState,MoveToInitial,Slider,51,Scenario,1
ID,8,Time,259.009,DronePosition,-310.4792,45,-107.379,11.1,CameraPosition,-103.1471,1.735849,-107.4102,CameraRotation,342.7683,211.8764,0.6748738,CurrentState,MoveToInitial,Slider,51,Scenario,1
ID,8,Time,259.0231,DronePosition,-310.3221,45,-107.379,11.1,CameraPosition,-103.147,1.735703,-107.4111,CameraRotation,342.8346,211.999,0.7031011,CurrentState,MoveToInitial,Slider,51,Scenario,1
ID,8,Time,259.0369,DronePosition,-310.1691,45,-107.379,11.1,CameraPosition,-103.1468,1.73553,-107.4121,CameraRotation,342.901,212.1128,0.7573258,CurrentState,MoveToInitial,Slider,51,Scenario,1
ID,8,Time,259.0509,DronePosition,-310.0137,45,-107.379,11.1,CameraPosition,-103.1467,1.735381,-107.4131,CameraRotation,342.9578,212.1683,0.8560696,CurrentState,MoveToInitial,Slider,51,Scenario,1
ID,8,Time,259.0648,DronePosition,-309.8589,45,-107.379,11.1,CameraPosition,-103.1466,1.735337,-107.4141,CameraRotation,342.9948,212.1939,0.971672,CurrentState,MoveToInitial,Slider,51,Scenario,1
ID,8,Time,259.0787,DronePosition,-309.7048,45,-107.379,11.1,CameraPosition,-103.1465,1.735299,-107.4152,CameraRotation,343.0262,212.1778,1.067835,CurrentState,MoveToInitial,Slider,51,Scenario,1
ID,8,Time,259.0929,DronePosition,-309.5471,45,-107.379,11.1,CameraPosition,-103.1463,1.73522,-107.4163,CameraRotation,343.0727,212.1573,1.135002,CurrentState,MoveToInitial,Slider,51,Scenario,1
ID,8,Time,259.1068,DronePosition,-309.3929,45,-107.379,11.1,CameraPosition,-103.1464,1.73515,-107.4174,CameraRotation,343.1491,212.1152,1.194827,CurrentState,MoveToInitial,Slider,51,Scenario,1
ID,8,Time,259.1207,DronePosition,-309.2389,45,-107.379,11.1,CameraPosition,-103.1465,1.735018,-107.4186,CameraRotation,343.2603,212.076,1.26818,CurrentState,MoveToInitial,Slider,51,Scenario,1
ID,8,Time,259.1343,DronePosition,-309.0882,45,-107.379,11.1,CameraPosition,-103.1464,1.734811,-107.4197,CameraRotation,343.3806,212.0083,1.369431,CurrentState,MoveToInitial,Slider,51,Scenario,1
ID,8,Time,259.1485,DronePosition,-308.9304,45,-107.379,11.1,CameraPosition,-103.1463,1.734535,-107.4208,CameraRotation,343.5288,211.9235,1.496196,CurrentState,MoveToInitial,Slider,51,Scenario,1
ID,8,Time,259.1623,DronePosition,-308.7774,45,-107.379,11.1,CameraPosition,-103.1463,1.734218,-107.4219,CameraRotation,343.7235,211.8396,1.616502,CurrentState,MoveToInitial,Slider,51,Scenario,1
ID,8,Time,259.1761,DronePosition,-308.6247,45,-107.379,11.1,CameraPosition,-103.1462,1.733827,-107.423,CameraRotation,343.9599,211.7962,1.725188,CurrentState,MoveToInitial,Slider,51,Scenario,1
ID,8,Time,259.19,DronePosition,-308.4701,45,-107.379,11.1,CameraPosition,-103.1462,1.733357,-107.424,CameraRotation,344.2239,211.7708,1.845091,CurrentState,MoveToInitial,Slider,51,Scenario,1
ID,8,Time,259.2039,DronePosition,-308.3155,45,-107.379,11.1,CameraPosition,-103.1462,1.732921,-107.4251,CameraRotation,344.472,211.7454,1.964237,CurrentState,MoveToInitial,Slider,51,Scenario,1
ID,8,Time,259.2177,DronePosition,-308.1624,45,-107.379,11.1,CameraPosition,-103.1462,1.732548,-107.4263,CameraRotation,344.7001,211.6695,2.112093,CurrentState,MoveToInitial,Slider,51,Scenario,1
ID,8,Time,259.2316,DronePosition,-308.0084,45,-107.379,11.1,CameraPosition,-103.1462,1.732218,-107.4275,CameraRotation,344.9271,211.5442,2.274765,CurrentState,MoveToInitial,Slider,51,Scenario,1
ID,8,Time,259.2458,DronePosition,-307.8505,45,-107.379,11.1,CameraPosition,-103.1462,1.731881,-107.4288,CameraRotation,345.1751,211.3955,2.42786,CurrentState,MoveToInitial,Slider,51,Scenario,1
ID,8,Time,259.2595,DronePosition,-307.6981,45,-107.379,11.1,CameraPosition,-103.1462,1.731536,-107.4301,CameraRotation,345.4198,211.1971,2.554599,CurrentState,MoveToInitial,Slider,51,Scenario,1
ID,8,Time,259.2735,DronePosition,-307.5432,45,-107.379,11.1,CameraPosition,-103.1462,1.731208,-107.4314,CameraRotation,345.691,210.9506,2.651088,CurrentState,MoveToInitial,Slider,51,Scenario,1
ID,8,Time,259.2874,DronePosition,-307.3884,45,-107.379,11.1,CameraPosition,-103.1461,1.730858,-107.4328,CameraRotation,345.9799,210.647,2.75158,CurrentState,MoveToInitial,Slider,51,Scenario,1
ID,8,Time,259.3012,DronePosition,-307.2352,45,-107.379,11.1,CameraPosition,-103.1461,1.730415,-107.4342,CameraRotation,346.2877,210.2586,2.837772,CurrentState,MoveToInitial,Slider,51,Scenario,1
ID,8,Time,259.3156,DronePosition,-307.0762,45,-107.379,11.1,CameraPosition,-103.146,1.729979,-107.4357,CameraRotation,346.6032,209.8117,2.914912,CurrentState,MoveToInitial,Slider,51,Scenario,1
ID,8,Time,259.3294,DronePosition,-306.9225,45,-107.379,11.1,CameraPosition,-103.1459,1.729539,-107.4371,CameraRotation,346.8933,209.3377,2.981937,CurrentState,MoveToInitial,Slider,51,Scenario,1
ID,8,Time,259.3433,DronePosition,-306.7678,45,-107.379,11.1,CameraPosition,-103.1458,1.729122,-107.4387,CameraRotation,347.1817,208.7794,3.027309,CurrentState,MoveToInitial,Slider,51,Scenario,1
ID,8,Time,259.3569,DronePosition,-306.6172,45,-107.379,11.1,CameraPosition,-103.1456,1.728733,-107.4403,CameraRotation,347.4595,208.1913,3.067841,CurrentState,MoveToInitial,Slider,51,Scenario,1
ID,8,Time,259.3708,DronePosition,-306.4626,45,-107.379,11.1,CameraPosition,-103.1455,1.728292,-107.442,CameraRotation,347.7415,207.5623,3.101178,CurrentState,MoveToInitial,Slider,51,Scenario,1
ID,8,Time,259.3847,DronePosition,-306.3086,45,-107.379,11.1,CameraPosition,-103.1452,1.727807,-107.4436,CameraRotation,348.1108,206.8625,3.109566,CurrentState,MoveToInitial,Slider,51,Scenario,1
ID,8,Time,259.3985,DronePosition,-306.155,45,-107.379,11.1,CameraPosition,-103.1449,1.727277,-107.4453,CameraRotation,348.5334,206.0914,3.106381,CurrentState,MoveToInitial,Slider,51,Scenario,1
ID,8,Time,259.4129,DronePosition,-305.9953,45,-107.379,11.1,CameraPosition,-103.1446,1.726737,-107.447,CameraRotation,348.9339,205.3033,3.106711,CurrentState,MoveToInitial,Slider,51,Scenario,1
ID,8,Time,259.4264,DronePosition,-305.8459,45,-107.379,11.1,CameraPosition,-103.1443,1.726238,-107.4488,CameraRotation,349.3199,204.3996,3.101033,CurrentState,MoveToInitial,Slider,51,Scenario,1
ID,8,Time,259.4404,DronePosition,-305.6903,45,-107.379,11.1,CameraPosition,-103.144,1.725757,-107.4506,CameraRotation,349.7117,203.4477,3.114975,CurrentState,MoveToInitial,Slider,51,Scenario,1
ID,8,Time,259.4543,DronePosition,-305.5359,45,-107.379,11.1,CameraPosition,-103.1435,1.725215,-107.4523,CameraRotation,350.127,202.4876,3.12085,CurrentState,MoveToInitial,Slider,51,Scenario,1
ID,8,Time,259.4686,DronePosition,-305.3771,45,-107.379,11.1,CameraPosition,-103.143,1.724582,-107.4541,CameraRotation,350.5439,201.4565,3.085655,CurrentState,MoveToInitial,Slider,51,Scenario,1
ID,8,Time,259.4821,DronePosition,-305.2278,45,-107.379,11.1,CameraPosition,-103.1424,1.723943,-107.4558,CameraRotation,350.9659,200.3786,3.048038,CurrentState,MoveToInitial,Slider,51,Scenario,1
ID,8,Time,259.4959,DronePosition,-305.0738,45,-107.379,11.1,CameraPosition,-103.1417,1.723276,-107.4575,CameraRotation,351.3662,199.2696,3.025975,CurrentState,MoveToInitial,Slider,51,Scenario,1
ID,8,Time,259.5103,DronePosition,-304.9142,45,-107.379,11.1,CameraPosition,-103.1409,1.722578,-107.4592,CameraRotation,351.7607,198.1128,3.001291,CurrentState,MoveToInitial,Slider,51,Scenario,1
ID,8,Time,259.5244,DronePosition,-304.7584,45,-107.379,11.1,CameraPosition,-103.1401,1.721904,-107.461,CameraRotation,352.1421,196.9214,2.976886,CurrentState,MoveToInitial,Slider,51,Scenario,1
ID,8,Time,259.5384,DronePosition,-304.6025,45,-107.379,11.1,CameraPosition,-103.1393,1.721354,-107.4626,CameraRotation,352.5152,195.7254,2.928315,CurrentState,MoveToInitial,Slider,51,Scenario,1
ID,8,Time,259.5521,DronePosition,-304.45,45,-107.379,11.1,CameraPosition,-103.1385,1.720855,-107.4642,CameraRotation,352.8475,194.4877,2.85789,CurrentState,MoveToInitial,Slider,51,Scenario,1
ID,8,Time,259.5656,DronePosition,-304.3007,45,-107.379,11.1,CameraPosition,-103.1376,1.720399,-107.4657,CameraRotation,353.1461,193.2165,2.776063,CurrentState,MoveToInitial,Slider,51,Scenario,1
ID,8,Time,259.5795,DronePosition,-304.1463,45,-107.379,11.1,CameraPosition,-103.1367,1.719999,-107.4672,CameraRotation,353.3981,191.9288,2.684058,CurrentState,MoveToInitial,Slider,51,Scenario,1
ID,8,Time,259.5934,DronePosition,-303.9922,45,-107.379,11.1,CameraPosition,-103.1358,1.719709,-107.4686,CameraRotation,353.6901,190.6401,2.581542,CurrentState,MoveToInitial,Slider,51,Scenario,1
ID,8,Time,259.6075,DronePosition,-303.8358,45,-107.379,11.1,CameraPosition,-103.135,1.719416,-107.47,CameraRotation,353.9756,189.3403,2.494996,CurrentState,MoveToInitial,Slider,51,Scenario,1
ID,8,Time,259.6215,DronePosition,-303.6805,45,-107.379,11.1,CameraPosition,-103.1339,1.719007,-107.4712,CameraRotation,354.2417,187.9972,2.386675,CurrentState,MoveToInitial,Slider,51,Scenario,1
ID,8,Time,259.6357,DronePosition,-303.523,45,-107.379,11.1,CameraPosition,-103.1328,1.71859,-107.4723,CameraRotation,354.462,186.6361,2.25571,CurrentState,MoveToInitial,Slider,51,Scenario,1
ID,8,Time,259.6494,DronePosition,-303.3705,45,-107.379,11.1,CameraPosition,-103.1317,1.7182,-107.4734,CameraRotation,354.6475,185.2988,2.10122,CurrentState,MoveToInitial,Slider,51,Scenario,1
ID,8,Time,259.6634,DronePosition,-303.2155,45,-107.379,11.1,CameraPosition,-103.1305,1.717806,-107.4744,CameraRotation,354.7767,183.9575,1.956959,CurrentState,MoveToInitial,Slider,51,Scenario,1
ID,8,Time,259.677,DronePosition,-303.0643,45,-107.379,11.1,CameraPosition,-103.1293,1.717432,-107.4753,CameraRotation,354.8602,182.6687,1.813359,CurrentState,MoveToInitial,Slider,51,Scenario,1
ID,8,Time,259.6912,DronePosition,-302.9067,45,-107.379,11.1,CameraPosition,-103.1282,1.717132,-107.4762,CameraRotation,354.9313,181.4124,1.670382,CurrentState,MoveToInitial,Slider,51,Scenario,1
ID,8,Time,259.7051,DronePosition,-302.7516,45,-107.379,11.1,CameraPosition,-103.1271,1.71695,-107.477,CameraRotation,354.962,180.1958,1.543996,CurrentState,MoveToInitial,Slider,51,Scenario,1
ID,8,Time,259.7192,DronePosition,-302.5956,45,-107.379,11.1,CameraPosition,-103.1261,1.716746,-107.4777,CameraRotation,355.0403,179.0427,1.42011,CurrentState,MoveToInitial,Slider,51,Scenario,1
ID,8,Time,259.7327,DronePosition,-302.4456,45,-107.379,11.1,CameraPosition,-103.1251,1.716489,-107.4783,CameraRotation,355.1547,177.9577,1.294079,CurrentState,MoveToInitial,Slider,51,Scenario,1
ID,8,Time,259.7467,DronePosition,-302.2901,45,-107.379,11.1,CameraPosition,-103.1243,1.716092,-107.4789,CameraRotation,355.3003,176.9713,1.197837,CurrentState,MoveToInitial,Slider,51,Scenario,1
ID,8,Time,259.761,DronePosition,-302.1314,45,-107.379,11.1,CameraPosition,-103.1236,1.715532,-107.4795,CameraRotation,355.5077,176.0949,1.148859,CurrentState,MoveToInitial,Slider,51,Scenario,1
ID,8,Time,259.7748,DronePosition,-301.9784,45,-107.379,11.1,CameraPosition,-103.123,1.714943,-107.4801,CameraRotation,355.7169,175.2734,1.111031,CurrentState,MoveToInitial,Slider,51,Scenario,1
ID,8,Time,259.7884,DronePosition,-301.8274,45,-107.379,11.1,CameraPosition,-103.1225,1.714434,-107.4805,CameraRotation,356.0177,174.6166,1.122121,CurrentState,MoveToInitial,Slider,51,Scenario,1
ID,8,Time,259.8024,DronePosition,-301.6719,45,-107.379,11.1,CameraPosition,-103.1221,1.713934,-107.481,CameraRotation,356.3209,174.0612,1.163476,CurrentState,MoveToInitial,Slider,51,Scenario,1
ID,8,Time,259.8162,DronePosition,-301.5195,45,-107.379,11.1,CameraPosition,-103.1217,1.713443,-107.4814,CameraRotation,356.6018,173.5443,1.246886,CurrentState,MoveToInitial,Slider,51,Scenario,1
ID,8,Time,259.8303,DronePosition,-301.3623,45,-107.379,11.1,CameraPosition,-103.1216,1.712956,-107.4816,CameraRotation,356.8543,173.0892,1.339218,CurrentState,MoveToInitial,Slider,51,Scenario,1
ID,8,Time,259.8442,DronePosition,-301.2085,45,-107.379,11.1,CameraPosition,-103.1215,1.712473,-107.4818,CameraRotation,357.0809,172.6969,1.418527,CurrentState,MoveToInitial,Slider,51,Scenario,1
ID,8,Time,259.858,DronePosition,-301.0549,45,-107.379,11.1,CameraPosition,-103.1214,1.712059,-107.482,CameraRotation,357.2971,172.3068,1.479614,CurrentState,MoveToInitial,Slider,51,Scenario,1
ID,8,Time,259.8723,DronePosition,-300.8959,45,-107.379,11.1,CameraPosition,-103.1213,1.711713,-107.4821,CameraRotation,357.4309,171.9987,1.528477,CurrentState,MoveToInitial,Slider,51,Scenario,1
ID,8,Time,259.8862,DronePosition,-300.7422,45,-107.379,11.1,CameraPosition,-103.1213,1.711537,-107.4821,CameraRotation,357.5067,171.7108,1.571127,CurrentState,MoveToInitial,Slider,51,Scenario,1
ID,8,Time,259.8998,DronePosition,-300.5907,45,-107.379,11.1,CameraPosition,-103.1212,1.711466,-107.4823,CameraRotation,357.5167,171.4373,1.595948,CurrentState,MoveToInitial,Slider,51,Scenario,1
ID,8,Time,259.9142,DronePosition,-300.4311,45,-107.379,11.1,CameraPosition,-103.121,1.71146,-107.4824,CameraRotation,357.4958,171.1568,1.584896,CurrentState,MoveToInitial,Slider,51,Scenario,1
ID,8,Time,259.9276,DronePosition,-300.2823,45,-107.379,11.1,CameraPosition,-103.1209,1.711488,-107.4824,CameraRotation,357.4544,170.8861,1.582677,CurrentState,MoveToInitial,Slider,51,Scenario,1
ID,8,Time,259.942,DronePosition,-300.1225,45,-107.379,11.1,CameraPosition,-103.1208,1.711556,-107.4824,CameraRotation,357.4182,170.6025,1.598268,CurrentState,MoveToInitial,Slider,51,Scenario,1
ID,8,Time,259.9558,DronePosition,-299.9694,45,-107.379,11.1,CameraPosition,-103.1207,1.71172,-107.4823,CameraRotation,357.3372,170.3145,1.610936,CurrentState,MoveToInitial,Slider,51,Scenario,1
ID,8,Time,259.9691,DronePosition,-299.8224,45,-107.379,11.1,CameraPosition,-103.1205,1.711945,-107.4823,CameraRotation,357.2292,170.0344,1.605408,CurrentState,MoveToInitial,Slider,51,Scenario,1
ID,8,Time,259.9828,DronePosition,-299.67,45,-107.379,11.1,CameraPosition,-103.1203,1.712199,-107.4822,CameraRotation,357.0971,169.753,1.603216,CurrentState,MoveToInitial,Slider,51,Scenario,1
ID,8,Time,259.9971,DronePosition,-299.5113,45,-107.379,11.1,CameraPosition,-103.1201,1.712443,-107.4822,CameraRotation,356.9985,169.4947,1.615346,CurrentState,MoveToInitial,Slider,51,Scenario,1
ID,8,Time,260.0115,DronePosition,-299.3515,45,-107.379,11.1,CameraPosition,-103.12,1.712616,-107.4821,CameraRotation,356.9601,169.2444,1.640392,CurrentState,MoveToInitial,Slider,51,Scenario,1
ID,8,Time,260.0257,DronePosition,-299.1939,45,-107.379,11.1,CameraPosition,-103.1199,1.712749,-107.4819,CameraRotation,356.9802,169.0577,1.682163,CurrentState,MoveToInitial,Slider,51,Scenario,1
ID,8,Time,260.039,DronePosition,-299.0463,45,-107.379,11.1,CameraPosition,-103.1198,1.712883,-107.4818,CameraRotation,356.9835,168.9034,1.766488,CurrentState,MoveToInitial,Slider,51,Scenario,1
ID,8,Time,260.0531,DronePosition,-298.8891,45,-107.379,11.1,CameraPosition,-103.1198,1.71305,-107.4817,CameraRotation,356.9214,168.7856,1.862432,CurrentState,MoveToInitial,Slider,51,Scenario,1
ID,8,Time,260.067,DronePosition,-298.7349,45,-107.379,11.1,CameraPosition,-103.1199,1.713275,-107.4817,CameraRotation,356.812,168.7174,1.990972,CurrentState,MoveToInitial,Slider,51,Scenario,1
ID,8,Time,260.0809,DronePosition,-298.5803,45,-107.379,11.1,CameraPosition,-103.1199,1.713474,-107.4818,CameraRotation,356.691,168.6769,2.097288,CurrentState,MoveToInitial,Slider,51,Scenario,1
ID,8,Time,260.0949,DronePosition,-298.4253,45,-107.379,11.1,CameraPosition,-103.1201,1.713636,-107.4818,CameraRotation,356.5886,168.6919,2.161872,CurrentState,MoveToInitial,Slider,51,Scenario,1
ID,8,Time,260.1088,DronePosition,-298.2711,45,-107.379,11.1,CameraPosition,-103.1203,1.713801,-107.4819,CameraRotation,356.4747,168.7134,2.225219,CurrentState,MoveToInitial,Slider,51,Scenario,1
ID,8,Time,260.1224,DronePosition,-298.1204,45,-107.379,11.1,CameraPosition,-103.1206,1.713935,-107.482,CameraRotation,356.3724,168.7636,2.29751,CurrentState,MoveToInitial,Slider,51,Scenario,1
ID,8,Time,260.1365,DronePosition,-297.9636,45,-107.379,11.1,CameraPosition,-103.1208,1.714003,-107.482,CameraRotation,356.308,168.8319,2.376514,CurrentState,MoveToInitial,Slider,51,Scenario,1
ID,8,Time,260.1507,DronePosition,-297.8062,45,-107.379,11.1,CameraPosition,-103.121,1.714023,-107.4821,CameraRotation,356.284,168.9396,2.414328,CurrentState,MoveToInitial,Slider,51,Scenario,1
ID,8,Time,260.1644,DronePosition,-297.6542,45,-107.379,11.1,CameraPosition,-103.1212,1.714041,-107.4821,CameraRotation,356.2634,169.0725,2.418435,CurrentState,MoveToInitial,Slider,51,Scenario,1
ID,8,Time,260.1783,DronePosition,-297.4993,45,-107.379,11.1,CameraPosition,-103.1214,1.714112,-107.4822,CameraRotation,356.252,169.228,2.407686,CurrentState,MoveToInitial,Slider,51,Scenario,1
ID,8,Time,260.1918,DronePosition,-297.3494,45,-107.379,11.1,CameraPosition,-103.1217,1.714241,-107.4823,CameraRotation,356.2224,169.4125,2.392995,CurrentState,MoveToInitial,Slider,51,Scenario,1
ID,8,Time,260.206,DronePosition,-297.1923,45,-107.379,11.1,CameraPosition,-103.1221,1.714422,-107.4825,CameraRotation,356.2219,169.6177,2.384881,CurrentState,MoveToInitial,Slider,51,Scenario,1
ID,8,Time,260.22,DronePosition,-297.0369,45,-107.379,11.1,CameraPosition,-103.1224,1.714567,-107.4826,CameraRotation,356.184,169.8433,2.390888,CurrentState,MoveToInitial,Slider,51,Scenario,1
ID,8,Time,260.2337,DronePosition,-296.8851,45,-107.379,11.1,CameraPosition,-103.1226,1.714722,-107.4827,CameraRotation,356.1382,170.0721,2.410808,CurrentState,MoveToInitial,Slider,51,Scenario,1
ID,8,Time,260.2477,DronePosition,-296.7299,45,-107.379,11.1,CameraPosition,-103.1229,1.71491,-107.4828,CameraRotation,356.0758,170.3119,2.433125,CurrentState,MoveToInitial,Slider,51,Scenario,1
ID,8,Time,260.2616,DronePosition,-296.5747,45,-107.379,11.1,CameraPosition,-103.1233,1.71511,-107.483,CameraRotation,356.0021,170.5817,2.472913,CurrentState,MoveToInitial,Slider,51,Scenario,1
ID,8,Time,260.2757,DronePosition,-296.4189,45,-107.379,11.1,CameraPosition,-103.1237,1.715309,-107.4832,CameraRotation,355.9254,170.8521,2.511599,CurrentState,MoveToInitial,Slider,51,Scenario,1
ID,8,Time,260.2898,DronePosition,-296.2623,45,-107.379,11.1,CameraPosition,-103.1242,1.715474,-107.4835,CameraRotation,355.8429,171.1463,2.535758,CurrentState,MoveToInitial,Slider,51,Scenario,1
ID,8,Time,260.3037,DronePosition,-296.1077,45,-107.379,11.1,CameraPosition,-103.1245,1.715602,-107.4837,CameraRotation,355.7714,171.4572,2.551797,CurrentState,MoveToInitial,Slider,51,Scenario,1
ID,8,Time,260.3171,DronePosition,-295.9589,45,-107.379,11.1,CameraPosition,-103.1249,1.7157,-107.4839,CameraRotation,355.7157,171.7453,2.582731,CurrentState,MoveToInitial,Slider,51,Scenario,1
ID,8,Time,260.3312,DronePosition,-295.8021,45,-107.379,11.1,CameraPosition,-103.1253,1.715768,-107.4841,CameraRotation,355.6849,172.0463,2.593558,CurrentState,MoveToInitial,Slider,51,Scenario,1
ID,8,Time,260.3455,DronePosition,-295.644,45,-107.379,11.1,CameraPosition,-103.1256,1.71582,-107.4844,CameraRotation,355.6793,172.3412,2.580891,CurrentState,MoveToInitial,Slider,51,Scenario,1
ID,8,Time,260.36,DronePosition,-295.4828,45,-107.379,11.1,CameraPosition,-103.1261,1.715863,-107.4847,CameraRotation,355.6689,172.6353,2.557051,CurrentState,MoveToInitial,Slider,51,Scenario,1
ID,8,Time,260.3735,DronePosition,-295.3325,45,-107.379,11.1,CameraPosition,-103.1265,1.715918,-107.485,CameraRotation,355.6595,172.9301,2.519516,CurrentState,MoveToInitial,Slider,51,Scenario,1
ID,8,Time,260.387,DronePosition,-295.1832,45,-107.379,11.1,CameraPosition,-103.1268,1.71596,-107.4852,CameraRotation,355.6454,173.2128,2.489415,CurrentState,MoveToInitial,Slider,51,Scenario,1
ID,8,Time,260.401,DronePosition,-295.0274,45,-107.379,11.1,CameraPosition,-103.1271,1.715994,-107.4854,CameraRotation,355.6411,173.4904,2.475454,CurrentState,MoveToInitial,Slider,51,Scenario,1
ID,8,Time,260.4147,DronePosition,-294.8755,45,-107.379,11.1,CameraPosition,-103.1273,1.715996,-107.4856,CameraRotation,355.6609,173.7531,2.461801,CurrentState,MoveToInitial,Slider,51,Scenario,1
ID,8,Time,260.429,DronePosition,-294.7173,45,-107.379,11.1,CameraPosition,-103.1276,1.71604,-107.4859,CameraRotation,355.6956,174.0004,2.427412,CurrentState,MoveToInitial,Slider,51,Scenario,1
ID,8,Time,260.4432,DronePosition,-294.5593,45,-107.379,11.1,CameraPosition,-103.1279,1.716071,-107.4861,CameraRotation,355.7151,174.2465,2.397323,CurrentState,MoveToInitial,Slider,51,Scenario,1
ID,8,Time,260.4567,DronePosition,-294.4099,45,-107.379,11.1,CameraPosition,-103.1281,1.716099,-107.4864,CameraRotation,355.7143,174.4707,2.367626,CurrentState,MoveToInitial,Slider,51,Scenario,1
ID,8,Time,260.4709,DronePosition,-294.2518,45,-107.379,11.1,CameraPosition,-103.1283,1.716126,-107.4865,CameraRotation,355.6872,174.6595,2.359265,CurrentState,MoveToInitial,Slider,51,Scenario,1
ID,8,Time,260.4843,DronePosition,-294.1028,45,-107.379,11.1,CameraPosition,-103.1283,1.716149,-107.4867,CameraRotation,355.679,174.8289,2.360249,CurrentState,MoveToInitial,Slider,51,Scenario,1
ID,8,Time,260.4984,DronePosition,-293.9461,45,-107.379,11.1,CameraPosition,-103.1284,1.716137,-107.4869,CameraRotation,355.6893,174.9622,2.367301,CurrentState,MoveToInitial,Slider,51,Scenario,1
ID,8,Time,260.5123,DronePosition,-293.7925,45,-107.379,11.1,CameraPosition,-103.1284,1.716116,-107.4871,CameraRotation,355.71,175.0863,2.364392,CurrentState,MoveToInitial,Slider,51,Scenario,1
ID,8,Time,260.5262,DronePosition,-293.6386,45,-107.379,11.1,CameraPosition,-103.1284,1.71611,-107.4873,CameraRotation,355.7207,175.2193,2.356698,CurrentState,MoveToInitial,Slider,51,Scenario,1
ID,8,Time,260.5401,DronePosition,-293.4841,45,-107.379,11.1,CameraPosition,-103.1284,1.716121,-107.4874,CameraRotation,355.6972,175.3319,2.356347,CurrentState,MoveToInitial,Slider,51,Scenario,1
ID,8,Time,260.5542,DronePosition,-293.3277,45,-107.379,11.1,CameraPosition,-103.1283,1.716165,-107.4876,CameraRotation,355.6428,175.4346,2.359967,CurrentState,MoveToInitial,Slider,51,Scenario,1
ID,8,Time,260.5684,DronePosition,-293.1699,45,-107.379,11.1,CameraPosition,-103.1282,1.716235,-107.4877,CameraRotation,355.5548,175.5128,2.39394,CurrentState,MoveToInitial,Slider,51,Scenario,1
ID,8,Time,260.5818,DronePosition,-293.0206,45,-107.379,11.1,CameraPosition,-103.1281,1.716343,-107.4879,CameraRotation,355.4798,175.5693,2.429446,CurrentState,MoveToInitial,Slider,51,Scenario,1
ID,8,Time,260.5962,DronePosition,-292.8613,45,-107.379,11.1,CameraPosition,-103.1281,1.716466,-107.4881,CameraRotation,355.4259,175.6236,2.445092,CurrentState,MoveToInitial,Slider,51,Scenario,1
ID,8,Time,260.61,DronePosition,-292.7083,45,-107.379,11.1,CameraPosition,-103.128,1.716554,-107.4883,CameraRotation,355.3732,175.6758,2.43913,CurrentState,MoveToInitial,Slider,51,Scenario,1
ID,8,Time,260.6236,DronePosition,-292.5571,45,-107.379,11.1,CameraPosition,-103.1279,1.716574,-107.4884,CameraRotation,355.3556,175.7057,2.43774,CurrentState,MoveToInitial,Slider,51,Scenario,1
ID,8,Time,260.6377,DronePosition,-292.4003,45,-107.379,11.1,CameraPosition,-103.1277,1.716586,-107.4885,CameraRotation,355.33,175.715,2.438184,CurrentState,MoveToInitial,Slider,51,Scenario,1
ID,8,Time,260.6519,DronePosition,-292.2432,45,-107.379,11.1,CameraPosition,-103.1274,1.716609,-107.4886,CameraRotation,355.3037,175.6585,2.429964,CurrentState,MoveToInitial,Slider,51,Scenario,1
ID,8,Time,260.6654,DronePosition,-292.0926,45,-107.379,11.1,CameraPosition,-103.1273,1.716709,-107.4887,CameraRotation,355.2776,175.5976,2.401496,CurrentState,MoveToInitial,Slider,51,Scenario,1
ID,8,Time,260.6794,DronePosition,-291.937,45,-107.379,11.1,CameraPosition,-103.1272,1.716856,-107.4888,CameraRotation,355.245,175.5402,2.341757,CurrentState,MoveToInitial,Slider,51,Scenario,1
ID,8,Time,260.693,DronePosition,-291.7866,45,-107.379,11.1,CameraPosition,-103.127,1.716951,-107.489,CameraRotation,355.1971,175.51,2.23262,CurrentState,MoveToInitial,Slider,51,Scenario,1
ID,8,Time,260.7075,DronePosition,-291.6259,45,-107.379,11.1,CameraPosition,-103.1268,1.716987,-107.4891,CameraRotation,355.1963,175.4872,2.132743,CurrentState,MoveToInitial,Slider,51,Scenario,1
ID,8,Time,260.7214,DronePosition,-291.4717,45,-107.379,11.1,CameraPosition,-103.1266,1.716946,-107.4892,CameraRotation,355.21,175.4667,2.077976,CurrentState,MoveToInitial,Slider,51,Scenario,1
ID,8,Time,260.7353,DronePosition,-291.3173,45,-107.379,11.1,CameraPosition,-103.1264,1.716891,-107.4892,CameraRotation,355.2327,175.4276,2.077641,CurrentState,MoveToInitial,Slider,51,Scenario,1
ID,8,Time,260.7487,DronePosition,-291.1685,45,-107.379,11.1,CameraPosition,-103.1263,1.716906,-107.4894,CameraRotation,355.2248,175.4061,2.081499,CurrentState,MoveToInitial,Slider,51,Scenario,1
ID,8,Time,260.763,DronePosition,-291.0094,45,-107.379,11.1,CameraPosition,-103.1262,1.716956,-107.4895,CameraRotation,355.1696,175.3812,2.097315,CurrentState,MoveToInitial,Slider,51,Scenario,1
ID,8,Time,260.7772,DronePosition,-290.8524,45,-107.379,11.1,CameraPosition,-103.1261,1.717026,-107.4896,CameraRotation,355.1068,175.3678,2.105125,CurrentState,MoveToInitial,Slider,51,Scenario,1
ID,8,Time,260.7912,DronePosition,-290.6969,45,-107.379,11.1,CameraPosition,-103.1259,1.717103,-107.4897,CameraRotation,355.0664,175.3445,2.103569,CurrentState,MoveToInitial,Slider,51,Scenario,1
ID,8,Time,260.8046,DronePosition,-290.548,45,-107.379,11.1,CameraPosition,-103.1257,1.717194,-107.4898,CameraRotation,355.0111,175.3265,2.10076,CurrentState,MoveToInitial,Slider,51,Scenario,1
ID,8,Time,260.8189,DronePosition,-290.3889,45,-107.379,11.1,CameraPosition,-103.1255,1.717294,-107.4898,CameraRotation,354.9198,175.2851,2.096024,CurrentState,MoveToInitial,Slider,51,Scenario,1
ID,8,Time,260.8323,DronePosition,-290.2401,45,-107.379,11.1,CameraPosition,-103.1254,1.717465,-107.4899,CameraRotation,354.8456,175.2257,2.113111,CurrentState,MoveToInitial,Slider,51,Scenario,1
ID,8,Time,260.8466,DronePosition,-290.0815,45,-107.379,11.1,CameraPosition,-103.1252,1.717642,-107.4899,CameraRotation,354.756,175.1539,2.146685,CurrentState,MoveToInitial,Slider,51,Scenario,1
ID,8,Time,260.8604,DronePosition,-289.9278,45,-107.379,11.1,CameraPosition,-103.1249,1.717746,-107.4899,CameraRotation,354.656,175.063,2.164623,CurrentState,MoveToInitial,Slider,51,Scenario,1
ID,8,Time,260.8745,DronePosition,-289.7716,45,-107.379,11.1,CameraPosition,-103.1246,1.717854,-107.49,CameraRotation,354.5747,174.9723,2.190787,CurrentState,MoveToInitial,Slider,51,Scenario,1
ID,8,Time,260.8884,DronePosition,-289.6178,45,-107.379,11.1,CameraPosition,-103.1244,1.717969,-107.49,CameraRotation,354.4771,174.8609,2.227297,CurrentState,MoveToInitial,Slider,51,Scenario,1
ID,8,Time,260.9024,DronePosition,-289.4619,45,-107.379,11.1,CameraPosition,-103.1241,1.718127,-107.4901,CameraRotation,354.3573,174.7243,2.250825,CurrentState,MoveToInitial,Slider,51,Scenario,1
ID,8,Time,260.9161,DronePosition,-289.3105,45,-107.379,11.1,CameraPosition,-103.1238,1.718288,-107.4902,CameraRotation,354.233,174.5658,2.258958,CurrentState,MoveToInitial,Slider,51,Scenario,1
ID,8,Time,260.93,DronePosition,-289.1564,45,-107.379,11.1,CameraPosition,-103.1235,1.718433,-107.4902,CameraRotation,354.1359,174.3869,2.263082,CurrentState,MoveToInitial,Slider,51,Scenario,1
ID,8,Time,260.944,DronePosition,-289.0001,45,-107.379,11.1,CameraPosition,-103.1232,1.718516,-107.4902,CameraRotation,354.0533,174.1778,2.272325,CurrentState,MoveToInitial,Slider,51,Scenario,1
ID,8,Time,260.9578,DronePosition,-288.8474,45,-107.379,11.1,CameraPosition,-103.1228,1.718619,-107.4902,CameraRotation,353.9705,173.9582,2.278545,CurrentState,MoveToInitial,Slider,51,Scenario,1
ID,8,Time,260.972,DronePosition,-288.69,45,-107.379,11.1,CameraPosition,-103.1225,1.718718,-107.4902,CameraRotation,353.8683,173.7097,2.269145,CurrentState,MoveToInitial,Slider,51,Scenario,1
ID,8,Time,260.9859,DronePosition,-288.5349,45,-107.379,11.1,CameraPosition,-103.1222,1.718858,-107.4901,CameraRotation,353.7578,173.4243,2.255106,CurrentState,MoveToInitial,Slider,51,Scenario,1
ID,8,Time,260.9996,DronePosition,-288.3837,45,-107.379,11.1,CameraPosition,-103.1219,1.719016,-107.49,CameraRotation,353.6539,173.1123,2.251973,CurrentState,MoveToInitial,Slider,51,Scenario,1
ID,8,Time,261.014,DronePosition,-288.2234,45,-107.379,11.1,CameraPosition,-103.1215,1.719191,-107.4899,CameraRotation,353.5358,172.7431,2.233507,CurrentState,MoveToInitial,Slider,51,Scenario,1
ID,8,Time,261.0274,DronePosition,-288.0744,45,-107.379,11.1,CameraPosition,-103.1211,1.719439,-107.4897,CameraRotation,353.3542,172.3205,2.191138,CurrentState,MoveToInitial,Slider,51,Scenario,1
ID,8,Time,261.0412,DronePosition,-287.9213,45,-107.379,11.1,CameraPosition,-103.1207,1.719804,-107.4895,CameraRotation,353.1024,171.8456,2.121648,CurrentState,MoveToInitial,Slider,51,Scenario,1
ID,8,Time,261.0557,DronePosition,-287.7607,45,-107.379,11.1,CameraPosition,-103.1203,1.720278,-107.4893,CameraRotation,352.7827,171.2972,2.023961,CurrentState,MoveToInitial,Slider,51,Scenario,1
ID,8,Time,261.0694,DronePosition,-287.6083,45,-107.379,11.1,CameraPosition,-103.1199,1.720758,-107.4892,CameraRotation,352.4411,170.7166,1.914034,CurrentState,MoveToInitial,Slider,51,Scenario,1
ID,8,Time,261.083,DronePosition,-287.457,45,-107.379,11.1,CameraPosition,-103.1194,1.721292,-107.489,CameraRotation,352.0553,170.1095,1.794402,CurrentState,MoveToInitial,Slider,51,Scenario,1
ID,8,Time,261.097,DronePosition,-287.3021,45,-107.379,11.1,CameraPosition,-103.119,1.721919,-107.4886,CameraRotation,351.5731,169.4184,1.659087,CurrentState,MoveToInitial,Slider,51,Scenario,1
ID,8,Time,261.1107,DronePosition,-287.1495,45,-107.379,11.1,CameraPosition,-103.1185,1.722528,-107.4882,CameraRotation,351.0854,168.7062,1.543901,CurrentState,MoveToInitial,Slider,51,Scenario,1
ID,8,Time,261.1248,DronePosition,-286.9938,45,-107.379,11.1,CameraPosition,-103.118,1.723075,-107.4877,CameraRotation,350.6545,168.0023,1.431372,CurrentState,MoveToInitial,Slider,51,Scenario,1
ID,8,Time,261.1389,DronePosition,-286.8377,45,-107.379,11.1,CameraPosition,-103.1177,1.723582,-107.4872,CameraRotation,350.2067,167.2902,1.306369,CurrentState,MoveToInitial,Slider,51,Scenario,1
ID,8,Time,261.1532,DronePosition,-286.6781,45,-107.379,11.1,CameraPosition,-103.1174,1.724072,-107.4867,CameraRotation,349.7419,166.5846,1.192563,CurrentState,MoveToInitial,Slider,51,Scenario,1
ID,8,Time,261.1666,DronePosition,-286.5298,45,-107.379,11.1,CameraPosition,-103.1172,1.724592,-107.4861,CameraRotation,349.2709,165.8232,1.1652,CurrentState,MoveToInitial,Slider,51,Scenario,1
ID,8,Time,261.1805,DronePosition,-286.3748,45,-107.379,11.1,CameraPosition,-103.1169,1.725138,-107.4853,CameraRotation,348.7791,164.9696,1.234722,CurrentState,MoveToInitial,Slider,51,Scenario,1
ID,8,Time,261.1947,DronePosition,-286.2174,45,-107.379,11.1,CameraPosition,-103.1166,1.72581,-107.4845,CameraRotation,348.2678,164.0867,1.26844,CurrentState,MoveToInitial,Slider,51,Scenario,1
ID,8,Time,261.2088,DronePosition,-286.0611,45,-107.379,11.1,CameraPosition,-103.1163,1.726579,-107.4837,CameraRotation,347.7092,163.2232,1.196678,CurrentState,MoveToInitial,Slider,51,Scenario,1
ID,8,Time,261.2224,DronePosition,-285.9107,45,-107.379,11.1,CameraPosition,-103.116,1.727502,-107.4828,CameraRotation,347.0218,162.3639,1.072034,CurrentState,MoveToInitial,Slider,51,Scenario,1
ID,8,Time,261.2363,DronePosition,-285.7559,45,-107.379,11.1,CameraPosition,-103.1157,1.728541,-107.4819,CameraRotation,346.2613,161.4667,0.9834146,CurrentState,MoveToInitial,Slider,51,Scenario,1
ID,8,Time,261.2503,DronePosition,-285.6001,45,-107.379,11.1,CameraPosition,-103.1153,1.729581,-107.4809,CameraRotation,345.4453,160.5147,0.9255009,CurrentState,MoveToInitial,Slider,51,Scenario,1
ID,8,Time,261.2643,DronePosition,-285.4454,45,-107.379,11.1,CameraPosition,-103.1151,1.730538,-107.4798,CameraRotation,344.6852,159.5295,0.8886787,CurrentState,MoveToInitial,Slider,51,Scenario,1
ID,8,Time,261.2781,DronePosition,-285.2922,45,-107.379,11.1,CameraPosition,-103.1149,1.731388,-107.4787,CameraRotation,343.9951,158.5578,0.849592,CurrentState,MoveToInitial,Slider,51,Scenario,1
ID,8,Time,261.2923,DronePosition,-285.1343,45,-107.379,11.1,CameraPosition,-103.1147,1.732189,-107.4775,CameraRotation,343.3214,157.5816,0.8104858,CurrentState,MoveToInitial,Slider,51,Scenario,1
ID,8,Time,261.306,DronePosition,-284.9819,45,-107.379,11.1,CameraPosition,-103.1146,1.733059,-107.4763,CameraRotation,342.6037,156.5947,0.7730644,CurrentState,MoveToInitial,Slider,51,Scenario,1
ID,8,Time,261.32,DronePosition,-284.8272,45,-107.379,11.1,CameraPosition,-103.1145,1.733974,-107.4751,CameraRotation,341.8294,155.6267,0.7061511,CurrentState,MoveToInitial,Slider,51,Scenario,1
ID,8,Time,261.3342,DronePosition,-284.6689,45,-107.379,11.1,CameraPosition,-103.1144,1.734814,-107.474,CameraRotation,341.0899,154.6844,0.6448222,CurrentState,MoveToInitial,Slider,51,Scenario,1
ID,8,Time,261.3478,DronePosition,-284.5182,45,-107.379,11.1,CameraPosition,-103.1143,1.735545,-107.4727,CameraRotation,340.4656,153.806,0.548295,CurrentState,MoveToInitial,Slider,51,Scenario,1
ID,8,Time,261.3617,DronePosition,-284.3636,45,-107.379,11.1,CameraPosition,-103.1144,1.736128,-107.4716,CameraRotation,339.9023,153.0049,0.4749589,CurrentState,MoveToInitial,Slider,51,Scenario,1
ID,8,Time,261.3756,DronePosition,-284.2099,45,-107.379,11.1,CameraPosition,-103.1145,1.736713,-107.4704,CameraRotation,339.342,152.2407,0.4420177,CurrentState,MoveToInitial,Slider,51,Scenario,1
ID,8,Time,261.3897,DronePosition,-284.0528,45,-107.379,11.1,CameraPosition,-103.1146,1.737209,-107.4695,CameraRotation,338.7545,151.5662,0.3651537,CurrentState,MoveToInitial,Slider,51,Scenario,1
ID,8,Time,261.404,DronePosition,-283.895,45,-107.379,11.1,CameraPosition,-103.1148,1.737695,-107.4685,CameraRotation,338.2367,150.9357,0.2463703,CurrentState,MoveToInitial,Slider,51,Scenario,1
ID,8,Time,261.4179,DronePosition,-283.7403,45,-107.379,11.1,CameraPosition,-103.115,1.738063,-107.4675,CameraRotation,337.8317,150.3956,0.1042612,CurrentState,MoveToInitial,Slider,51,Scenario,1
ID,8,Time,261.4316,DronePosition,-283.5883,45,-107.379,11.1,CameraPosition,-103.1152,1.73836,-107.4666,CameraRotation,337.5106,149.9706,359.9052,CurrentState,MoveToInitial,Slider,51,Scenario,1
ID,8,Time,261.4454,DronePosition,-283.435,45,-107.379,11.1,CameraPosition,-103.1154,1.73862,-107.4657,CameraRotation,337.1333,149.5879,359.7659,CurrentState,MoveToInitial,Slider,51,Scenario,1
ID,8,Time,261.46,DronePosition,-283.2733,45,-107.379,11.1,CameraPosition,-103.1156,1.738784,-107.4648,CameraRotation,336.7436,149.265,359.6759,CurrentState,MoveToInitial,Slider,51,Scenario,1
ID,8,Time,261.4734,DronePosition,-283.1245,45,-107.379,11.1,CameraPosition,-103.1158,1.738869,-107.4641,CameraRotation,336.4771,148.9994,359.6705,CurrentState,MoveToInitial,Slider,51,Scenario,1
ID,8,Time,261.4877,DronePosition,-282.9659,45,-107.379,11.1,CameraPosition,-103.116,1.738935,-107.4634,CameraRotation,336.2455,148.7674,359.6665,CurrentState,MoveToInitial,Slider,51,Scenario,1
ID,8,Time,261.5012,DronePosition,-282.8161,45,-107.379,11.1,CameraPosition,-103.1162,1.739126,-107.4626,CameraRotation,336.0605,148.62,359.6633,CurrentState,MoveToInitial,Slider,51,Scenario,1
ID,8,Time,261.5151,DronePosition,-282.6616,45,-107.379,11.1,CameraPosition,-103.1164,1.739311,-107.462,CameraRotation,335.7777,148.5209,359.6699,CurrentState,MoveToInitial,Slider,51,Scenario,1
ID,8,Time,261.529,DronePosition,-282.5068,45,-107.379,11.1,CameraPosition,-103.1164,1.739562,-107.4613,CameraRotation,335.49,148.3809,359.6987,CurrentState,MoveToInitial,Slider,51,Scenario,1
ID,8,Time,261.5433,DronePosition,-282.3483,45,-107.379,11.1,CameraPosition,-103.1165,1.739736,-107.4606,CameraRotation,335.2112,148.2222,359.7223,CurrentState,MoveToInitial,Slider,51,Scenario,1
ID,8,Time,261.5569,DronePosition,-282.1968,45,-107.379,11.1,CameraPosition,-103.1164,1.739848,-107.46,CameraRotation,335.024,148.0909,359.7424,CurrentState,MoveToInitial,Slider,51,Scenario,1
ID,8,Time,261.5709,DronePosition,-282.0424,45,-107.379,11.1,CameraPosition,-103.1164,1.739983,-107.4593,CameraRotation,334.819,147.9413,359.7715,CurrentState,MoveToInitial,Slider,51,Scenario,1
ID,8,Time,261.5853,DronePosition,-281.882,45,-107.379,11.1,CameraPosition,-103.1163,1.740181,-107.4585,CameraRotation,334.6003,147.8015,359.8239,CurrentState,MoveToInitial,Slider,51,Scenario,1
ID,8,Time,261.5984,DronePosition,-281.7366,45,-107.379,11.1,CameraPosition,-103.1161,1.74035,-107.4578,CameraRotation,334.3494,147.6678,359.8709,CurrentState,MoveToInitial,Slider,51,Scenario,1
ID,8,Time,261.6128,DronePosition,-281.5764,45,-107.379,11.1,CameraPosition,-103.116,1.740452,-107.4571,CameraRotation,334.1728,147.5588,359.9315,CurrentState,MoveToInitial,Slider,51,Scenario,1
ID,8,Time,261.6273,DronePosition,-281.4153,45,-107.379,11.1,CameraPosition,-103.1159,1.740499,-107.4565,CameraRotation,334.0901,147.49,0.01288897,CurrentState,MoveToInitial,Slider,51,Scenario,1
ID,8,Time,261.6406,DronePosition,-281.2679,45,-107.379,11.1,CameraPosition,-103.1158,1.740488,-107.4559,CameraRotation,334.008,147.4372,0.09105843,CurrentState,MoveToInitial,Slider,51,Scenario,1
ID,8,Time,261.6545,DronePosition,-281.1141,45,-107.379,11.1,CameraPosition,-103.1156,1.740535,-107.4553,CameraRotation,333.9515,147.3659,0.1825078,CurrentState,MoveToInitial,Slider,51,Scenario,1
ID,8,Time,261.6689,DronePosition,-280.9535,45,-107.379,11.1,CameraPosition,-103.1153,1.740583,-107.4547,CameraRotation,333.8708,147.3229,0.3057335,CurrentState,MoveToInitial,Slider,51,Scenario,1
ID,8,Time,261.6821,DronePosition,-280.8071,45,-107.379,11.1,CameraPosition,-103.115,1.740654,-107.4541,CameraRotation,333.7896,147.3413,0.3865223,CurrentState,MoveToInitial,Slider,51,Scenario,1
ID,8,Time,261.6962,DronePosition,-280.6507,45,-107.379,11.1,CameraPosition,-103.1147,1.740672,-107.4536,CameraRotation,333.739,147.3993,0.4442275,CurrentState,MoveToInitial,Slider,51,Scenario,1
ID,8,Time,261.7102,DronePosition,-280.4951,45,-107.379,11.1,CameraPosition,-103.1144,1.740658,-107.4533,CameraRotation,333.7847,147.5067,0.5126101,CurrentState,MoveToInitial,Slider,51,Scenario,1
ID,8,Time,261.7239,DronePosition,-280.343,45,-107.379,11.1,CameraPosition,-103.1141,1.740624,-107.4529,CameraRotation,333.8353,147.6462,0.5899773,CurrentState,MoveToInitial,Slider,51,Scenario,1
ID,8,Time,261.738,DronePosition,-280.1867,45,-107.379,11.1,CameraPosition,-103.1138,1.740616,-107.4526,CameraRotation,333.8614,147.8425,0.6678049,CurrentState,MoveToInitial,Slider,51,Scenario,1
ID,8,Time,261.752,DronePosition,-280.031,45,-107.379,11.1,CameraPosition,-103.1135,1.740592,-107.4525,CameraRotation,333.8155,148.1048,0.7215365,CurrentState,MoveToInitial,Slider,51,Scenario,1
ID,8,Time,261.7658,DronePosition,-279.8784,45,-107.379,11.1,CameraPosition,-103.1133,1.740523,-107.4525,CameraRotation,333.8509,148.4438,0.7264637,CurrentState,MoveToInitial,Slider,51,Scenario,1
ID,8,Time,261.7798,DronePosition,-279.7232,45,-107.379,11.1,CameraPosition,-103.1132,1.740336,-107.4524,CameraRotation,333.9753,148.8837,0.6872991,CurrentState,MoveToInitial,Slider,51,Scenario,1
ID,8,Time,261.7939,DronePosition,-279.5665,45,-107.379,11.1,CameraPosition,-103.1132,1.740023,-107.4526,CameraRotation,334.193,149.5,0.6031887,CurrentState,MoveToInitial,Slider,51,Scenario,1
ID,8,Time,261.8075,DronePosition,-279.4155,45,-107.379,11.1,CameraPosition,-103.1133,1.739753,-107.4528,CameraRotation,334.4157,150.2361,0.5863609,CurrentState,MoveToInitial,Slider,51,Scenario,1
ID,8,Time,261.8218,DronePosition,-279.2568,45,-107.379,11.1,CameraPosition,-103.1134,1.739701,-107.4531,CameraRotation,334.5272,151.0453,0.6483069,CurrentState,MoveToInitial,Slider,51,Scenario,1
ID,8,Time,261.8357,DronePosition,-279.1024,45,-107.379,11.1,CameraPosition,-103.1137,1.739786,-107.4536,CameraRotation,334.4963,152.0063,0.7260715,CurrentState,MoveToInitial,Slider,51,Scenario,1
ID,8,Time,261.85,DronePosition,-278.9437,45,-107.379,11.1,CameraPosition,-103.1141,1.739801,-107.4542,CameraRotation,334.5439,153.0612,0.71716,CurrentState,MoveToInitial,Slider,51,Scenario,1
ID,8,Time,261.8633,DronePosition,-278.7964,45,-107.379,11.1,CameraPosition,-103.1145,1.739646,-107.4548,CameraRotation,334.7363,154.2523,0.6662353,CurrentState,MoveToInitial,Slider,51,Scenario,1
ID,8,Time,261.8777,DronePosition,-278.6366,45,-107.379,11.1,CameraPosition,-103.115,1.739541,-107.4554,CameraRotation,334.9834,155.5585,0.6316736,CurrentState,MoveToInitial,Slider,51,Scenario,1
ID,8,Time,261.8911,DronePosition,-278.4871,45,-107.379,11.1,CameraPosition,-103.1157,1.739574,-107.4561,CameraRotation,335.1208,156.9371,0.5417852,CurrentState,MoveToInitial,Slider,51,Scenario,1
ID,8,Time,261.9049,DronePosition,-278.3341,45,-107.379,11.1,CameraPosition,-103.1165,1.739669,-107.4569,CameraRotation,335.1422,158.3949,0.370066,CurrentState,MoveToInitial,Slider,51,Scenario,1
ID,8,Time,261.9192,DronePosition,-278.1757,45,-107.379,11.1,CameraPosition,-103.1176,1.739665,-107.4577,CameraRotation,335.2683,159.977,0.1692379,CurrentState,MoveToInitial,Slider,51,Scenario,1
ID,8,Time,261.9334,DronePosition,-278.0178,45,-107.379,11.1,CameraPosition,-103.1188,1.739387,-107.4585,CameraRotation,335.5804,161.6928,359.9537,CurrentState,MoveToInitial,Slider,51,Scenario,1
ID,8,Time,261.9471,DronePosition,-277.8662,45,-107.379,11.1,CameraPosition,-103.12,1.739141,-107.4593,CameraRotation,335.9923,163.4942,359.7146,CurrentState,MoveToInitial,Slider,51,Scenario,1
ID,8,Time,261.9609,DronePosition,-277.7133,45,-107.379,11.1,CameraPosition,-103.1213,1.739168,-107.46,CameraRotation,336.1977,165.4149,359.4407,CurrentState,MoveToInitial,Slider,51,Scenario,1
ID,8,Time,261.9746,DronePosition,-277.5607,45,-107.379,11.1,CameraPosition,-103.1226,1.739459,-107.4607,CameraRotation,336.1799,167.3354,359.1917,CurrentState,MoveToInitial,Slider,51,Scenario,1
ID,8,Time,261.9888,DronePosition,-277.403,45,-107.379,11.1,CameraPosition,-103.124,1.739833,-107.4613,CameraRotation,336.0644,169.2448,359.0204,CurrentState,MoveToInitial,Slider,51,Scenario,1
ID,8,Time,262.0025,DronePosition,-277.2513,45,-107.379,11.1,CameraPosition,-103.1254,1.7399,-107.4619,CameraRotation,336.1698,171.1784,358.9446,CurrentState,MoveToInitial,Slider,51,Scenario,1
ID,8,Time,262.0164,DronePosition,-277.0964,45,-107.379,11.1,CameraPosition,-103.127,1.739589,-107.4623,CameraRotation,336.5023,173.1634,358.9472,CurrentState,MoveToInitial,Slider,51,Scenario,1
ID,8,Time,262.0304,DronePosition,-276.9417,45,-107.379,11.1,CameraPosition,-103.1286,1.73918,-107.4628,CameraRotation,337.0287,175.2338,359.0304,CurrentState,MoveToInitial,Slider,51,Scenario,1
ID,8,Time,262.0444,DronePosition,-276.7857,45,-107.379,11.1,CameraPosition,-103.1303,1.738833,-107.4632,CameraRotation,337.4427,177.3428,359.0101,CurrentState,MoveToInitial,Slider,51,Scenario,1
ID,8,Time,262.0582,DronePosition,-276.633,45,-107.379,11.1,CameraPosition,-103.1321,1.738609,-107.4634,CameraRotation,337.7736,179.4932,358.9013,CurrentState,MoveToInitial,Slider,51,Scenario,1
ID,8,Time,262.072,DronePosition,-276.4796,45,-107.379,11.1,CameraPosition,-103.1338,1.738371,-107.4637,CameraRotation,338.1288,181.6248,358.8406,CurrentState,MoveToInitial,Slider,51,Scenario,1
ID,8,Time,262.0857,DronePosition,-276.3279,45,-107.379,11.1,CameraPosition,-103.1355,1.737934,-107.4638,CameraRotation,338.5756,183.7562,358.837,CurrentState,MoveToInitial,Slider,51,Scenario,1
ID,8,Time,262.0996,DronePosition,-276.1731,45,-107.379,11.1,CameraPosition,-103.1374,1.737195,-107.4638,CameraRotation,339.1994,185.9663,358.9,CurrentState,MoveToInitial,Slider,51,Scenario,1
ID,8,Time,262.1135,DronePosition,-276.0188,45,-107.379,11.1,CameraPosition,-103.1394,1.736413,-107.4636,CameraRotation,339.9147,188.2359,359.0275,CurrentState,MoveToInitial,Slider,51,Scenario,1
ID,8,Time,262.1276,DronePosition,-275.8629,45,-107.379,11.1,CameraPosition,-103.1414,1.735767,-107.4634,CameraRotation,340.6017,190.5748,359.1445,CurrentState,MoveToInitial,Slider,51,Scenario,1
ID,8,Time,262.1415,DronePosition,-275.7082,45,-107.379,11.1,CameraPosition,-103.1435,1.735202,-107.4631,CameraRotation,341.1837,192.982,359.276,CurrentState,MoveToInitial,Slider,51,Scenario,1
ID,8,Time,262.1553,DronePosition,-275.5549,45,-107.379,11.1,CameraPosition,-103.1454,1.734576,-107.4628,CameraRotation,341.7675,195.3658,359.4461,CurrentState,MoveToInitial,Slider,51,Scenario,1
ID,8,Time,262.1696,DronePosition,-275.3961,45,-107.379,11.1,CameraPosition,-103.1474,1.733761,-107.4623,CameraRotation,342.4421,197.7378,359.6638,CurrentState,MoveToInitial,Slider,51,Scenario,1
ID,8,Time,262.1831,DronePosition,-275.2463,45,-107.379,11.1,CameraPosition,-103.1494,1.732623,-107.4616,CameraRotation,343.2824,200.1634,359.959,CurrentState,MoveToInitial,Slider,51,Scenario,1
ID,8,Time,262.1971,DronePosition,-275.0908,45,-107.379,11.1,CameraPosition,-103.1515,1.731457,-107.4609,CameraRotation,344.2948,202.6619,0.2899191,CurrentState,MoveToInitial,Slider,51,Scenario,1
ID,8,Time,262.2113,DronePosition,-274.9335,45,-107.379,11.1,CameraPosition,-103.1536,1.73053,-107.4601,CameraRotation,345.1938,205.2137,0.578639,CurrentState,MoveToInitial,Slider,51,Scenario,1
ID,8,Time,262.2253,DronePosition,-274.7777,45,-107.379,11.1,CameraPosition,-103.1557,1.730008,-107.4591,CameraRotation,345.7714,207.7871,0.6611534,CurrentState,MoveToInitial,Slider,51,Scenario,1
ID,8,Time,262.2397,DronePosition,-274.6176,45,-107.379,11.1,CameraPosition,-103.1576,1.729725,-107.4582,CameraRotation,346.0406,210.2755,0.6437665,CurrentState,MoveToInitial,Slider,51,Scenario,1
ID,8,Time,262.2535,DronePosition,-274.4653,45,-107.379,11.1,CameraPosition,-103.1594,1.729396,-107.4571,CameraRotation,346.3729,212.7076,0.6765379,CurrentState,MoveToInitial,Slider,51,Scenario,1
ID,8,Time,262.2671,DronePosition,-274.3142,45,-107.379,11.1,CameraPosition,-103.1614,1.728943,-107.4559,CameraRotation,346.8748,215.1732,0.7428145,CurrentState,MoveToInitial,Slider,51,Scenario,1
ID,8,Time,262.2808,DronePosition,-274.1623,45,-107.379,11.1,CameraPosition,-103.1633,1.728389,-107.4545,CameraRotation,347.4668,217.7373,0.8186423,CurrentState,MoveToInitial,Slider,51,Scenario,1
ID,8,Time,262.2948,DronePosition,-274.0066,45,-107.379,11.1,CameraPosition,-103.1653,1.727899,-107.453,CameraRotation,347.9763,220.3133,0.8715075,CurrentState,MoveToInitial,Slider,51,Scenario,1
ID,8,Time,262.3087,DronePosition,-273.8525,45,-107.379,11.1,CameraPosition,-103.1671,1.727534,-107.4516,CameraRotation,348.3096,222.8065,0.8995896,CurrentState,MoveToInitial,Slider,51,Scenario,1
ID,8,Time,262.3229,DronePosition,-273.6947,45,-107.379,11.1,CameraPosition,-103.1687,1.727298,-107.4501,CameraRotation,348.5496,225.1809,0.965081,CurrentState,MoveToInitial,Slider,51,Scenario,1
ID,8,Time,262.3367,DronePosition,-273.5413,45,-107.379,11.1,CameraPosition,-103.1703,1.727146,-107.4486,CameraRotation,348.7826,227.4882,1.072464,CurrentState,MoveToInitial,Slider,51,Scenario,1
ID,8,Time,262.3512,DronePosition,-273.3808,45,-107.379,11.1,CameraPosition,-103.1717,1.727015,-107.447,CameraRotation,349.0302,229.7802,1.159615,CurrentState,MoveToInitial,Slider,51,Scenario,1
ID,8,Time,262.3644,DronePosition,-273.2339,45,-107.379,11.1,CameraPosition,-103.1731,1.726844,-107.4455,CameraRotation,349.3433,232.0747,1.222789,CurrentState,MoveToInitial,Slider,51,Scenario,1
ID,8,Time,262.3787,DronePosition,-273.0754,45,-107.379,11.1,CameraPosition,-103.1744,1.726693,-107.4439,CameraRotation,349.6232,234.3274,1.241341,CurrentState,MoveToInitial,Slider,51,Scenario,1
ID,8,Time,262.3926,DronePosition,-272.9204,45,-107.379,11.1,CameraPosition,-103.1755,1.72662,-107.4422,CameraRotation,349.7938,236.5421,1.227694,CurrentState,MoveToInitial,Slider,51,Scenario,1
ID,8,Time,262.4063,DronePosition,-272.7693,45,-107.379,11.1,CameraPosition,-103.1766,1.726591,-107.4405,CameraRotation,349.9012,238.7723,1.222241,CurrentState,MoveToInitial,Slider,51,Scenario,1
ID,8,Time,262.4205,DronePosition,-272.6116,45,-107.379,11.1,CameraPosition,-103.1775,1.726548,-107.4387,CameraRotation,349.9819,240.9726,1.200378,CurrentState,MoveToInitial,Slider,51,Scenario,1
ID,8,Time,262.4343,DronePosition,-272.4583,45,-107.379,11.1,CameraPosition,-103.1783,1.726512,-107.437,CameraRotation,350.1453,243.1036,1.237172,CurrentState,MoveToInitial,Slider,51,Scenario,1
ID,8,Time,262.4486,DronePosition,-272.2994,45,-107.379,11.1,CameraPosition,-103.1789,1.726522,-107.4354,CameraRotation,350.2351,245.1153,1.31535,CurrentState,MoveToInitial,Slider,51,Scenario,1
ID,8,Time,262.462,DronePosition,-272.1504,45,-107.379,11.1,CameraPosition,-103.1794,1.72662,-107.4339,CameraRotation,350.2313,246.9593,1.36494,CurrentState,MoveToInitial,Slider,51,Scenario,1
ID,8,Time,262.476,DronePosition,-271.9948,45,-107.379,11.1,CameraPosition,-103.1798,1.72674,-107.4324,CameraRotation,350.2027,248.7259,1.408929,CurrentState,MoveToInitial,Slider,51,Scenario,1
ID,8,Time,262.49,DronePosition,-271.8404,45,-107.379,11.1,CameraPosition,-103.1801,1.726817,-107.431,CameraRotation,350.188,250.4755,1.457351,CurrentState,MoveToInitial,Slider,51,Scenario,1
ID,8,Time,262.5037,DronePosition,-271.6876,45,-107.379,11.1,CameraPosition,-103.1803,1.726851,-107.4296,CameraRotation,350.1891,252.1182,1.541188,CurrentState,MoveToInitial,Slider,51,Scenario,1
ID,8,Time,262.5181,DronePosition,-271.5284,45,-107.379,11.1,CameraPosition,-103.1803,1.72685,-107.4283,CameraRotation,350.2031,253.72,1.68661,CurrentState,MoveToInitial,Slider,51,Scenario,1
ID,8,Time,262.5316,DronePosition,-271.3785,45,-107.379,11.1,CameraPosition,-103.1803,1.726915,-107.427,CameraRotation,350.1984,255.2583,1.871804,CurrentState,MoveToInitial,Slider,51,Scenario,1
ID,8,Time,262.546,DronePosition,-271.2187,45,-107.379,11.1,CameraPosition,-103.1802,1.727114,-107.4258,CameraRotation,350.1048,256.7018,2.057583,CurrentState,MoveToInitial,Slider,51,Scenario,1
ID,8,Time,262.5598,DronePosition,-271.0655,45,-107.379,11.1,CameraPosition,-103.1801,1.727358,-107.4247,CameraRotation,349.9999,258.1025,2.26126,CurrentState,MoveToInitial,Slider,51,Scenario,1
ID,8,Time,262.5738,DronePosition,-270.9096,45,-107.379,11.1,CameraPosition,-103.1798,1.727572,-107.4237,CameraRotation,349.9399,259.3614,2.503387,CurrentState,MoveToInitial,Slider,51,Scenario,1
ID,8,Time,262.588,DronePosition,-270.7515,45,-107.379,11.1,CameraPosition,-103.1795,1.727768,-107.4229,CameraRotation,349.8855,260.4583,2.787546,CurrentState,MoveToInitial,Slider,51,Scenario,1
ID,8,Time,262.6014,DronePosition,-270.6036,45,-107.379,11.1,CameraPosition,-103.1792,1.727949,-107.4221,CameraRotation,349.7719,261.5235,3.047474,CurrentState,MoveToInitial,Slider,51,Scenario,1
ID,8,Time,262.6151,DronePosition,-270.4513,45,-107.379,11.1,CameraPosition,-103.1788,1.728154,-107.4215,CameraRotation,349.6395,262.4144,3.294152,CurrentState,MoveToInitial,Slider,51,Scenario,1
ID,8,Time,262.629,DronePosition,-270.2968,45,-107.379,11.1,CameraPosition,-103.1783,1.728364,-107.4209,CameraRotation,349.509,263.2575,3.51171,CurrentState,MoveToInitial,Slider,51,Scenario,1
ID,8,Time,262.6432,DronePosition,-270.1393,45,-107.379,11.1,CameraPosition,-103.1778,1.728641,-107.4206,CameraRotation,349.3459,263.9164,3.69168,CurrentState,MoveToInitial,Slider,51,Scenario,1
ID,8,Time,262.6575,DronePosition,-269.9811,45,-107.379,11.1,CameraPosition,-103.1774,1.728944,-107.4202,CameraRotation,349.1674,264.5429,3.869498,CurrentState,MoveToInitial,Slider,51,Scenario,1
ID,8,Time,262.6715,DronePosition,-269.8253,45,-107.379,11.1,CameraPosition,-103.1771,1.729234,-107.42,CameraRotation,349.0047,265.0701,4.066298,CurrentState,MoveToInitial,Slider,51,Scenario,1
ID,8,Time,262.6849,DronePosition,-269.6768,45,-107.379,11.1,CameraPosition,-103.1768,1.729411,-107.4199,CameraRotation,348.8998,265.4615,4.208766,CurrentState,MoveToInitial,Slider,51,Scenario,1
ID,8,Time,262.6989,DronePosition,-269.5209,45,-107.379,11.1,CameraPosition,-103.1766,1.729428,-107.4198,CameraRotation,348.8596,265.8402,4.317982,CurrentState,MoveToInitial,Slider,51,Scenario,1
ID,8,Time,262.713,DronePosition,-269.365,45,-107.379,11.1,CameraPosition,-103.1762,1.729257,-107.4198,CameraRotation,348.908,266.1285,4.380622,CurrentState,MoveToInitial,Slider,51,Scenario,1
ID,8,Time,262.7267,DronePosition,-269.2123,45,-107.379,11.1,CameraPosition,-103.1758,1.729051,-107.4199,CameraRotation,349.0514,266.389,4.447864,CurrentState,MoveToInitial,Slider,51,Scenario,1
ID,8,Time,262.7404,DronePosition,-269.0598,45,-107.379,11.1,CameraPosition,-103.1756,1.728952,-107.4199,CameraRotation,349.1761,266.6511,4.559614,CurrentState,MoveToInitial,Slider,51,Scenario,1
ID,8,Time,262.7544,DronePosition,-268.9049,45,-107.379,11.1,CameraPosition,-103.1755,1.728895,-107.4199,CameraRotation,349.2193,266.7882,4.690279,CurrentState,MoveToInitial,Slider,51,Scenario,1
ID,8,Time,262.7689,DronePosition,-268.7438,45,-107.379,11.1,CameraPosition,-103.1755,1.729002,-107.42,CameraRotation,349.182,266.8901,4.840866,CurrentState,MoveToInitial,Slider,51,Scenario,1
ID,8,Time,262.7825,DronePosition,-268.593,45,-107.379,11.1,CameraPosition,-103.1754,1.729238,-107.4201,CameraRotation,349.0392,267.0053,4.977371,CurrentState,MoveToInitial,Slider,51,Scenario,1
ID,8,Time,262.7963,DronePosition,-268.4401,45,-107.379,11.1,CameraPosition,-103.1753,1.729465,-107.42,CameraRotation,348.8013,267.1237,5.182261,CurrentState,MoveToInitial,Slider,51,Scenario,1
ID,8,Time,262.8102,DronePosition,-268.2859,45,-107.379,11.1,CameraPosition,-103.1751,1.729674,-107.42,CameraRotation,348.6322,267.2775,5.239312,CurrentState,MoveToInitial,Slider,51,Scenario,1
ID,8,Time,262.8241,DronePosition,-268.1318,45,-107.379,11.1,CameraPosition,-103.1751,1.729821,-107.42,CameraRotation,348.4446,267.4694,5.333894,CurrentState,MoveToInitial,Slider,51,Scenario,1
ID,8,Time,262.8382,DronePosition,-267.9754,45,-107.379,11.1,CameraPosition,-103.1748,1.729911,-107.4199,CameraRotation,348.3489,267.7122,5.483213,CurrentState,MoveToInitial,Slider,51,Scenario,1
ID,8,Time,262.8523,DronePosition,-267.8185,45,-107.379,11.1,CameraPosition,-103.1745,1.729961,-107.4197,CameraRotation,348.2506,267.9587,5.706977,CurrentState,MoveToInitial,Slider,51,Scenario,1
ID,8,Time,262.8661,DronePosition,-267.6649,45,-107.379,11.1,CameraPosition,-103.1742,1.729961,-107.4196,CameraRotation,348.2397,268.2509,5.917348,CurrentState,MoveToInitial,Slider,51,Scenario,1
ID,8,Time,262.8801,DronePosition,-267.5103,45,-107.379,11.1,CameraPosition,-103.1738,1.729907,-107.4195,CameraRotation,348.2141,268.5187,6.051854,CurrentState,MoveToInitial,Slider,51,Scenario,1
ID,8,Time,262.8939,DronePosition,-267.3566,45,-107.379,11.1,CameraPosition,-103.1734,1.7298,-107.4194,CameraRotation,348.1948,268.7431,6.156629,CurrentState,MoveToInitial,Slider,51,Scenario,1
ID,8,Time,262.9077,DronePosition,-267.2033,45,-107.379,11.1,CameraPosition,-103.1728,1.729742,-107.4196,CameraRotation,348.1355,268.9361,6.285826,CurrentState,MoveToInitial,Slider,51,Scenario,1
ID,8,Time,262.9223,DronePosition,-267.0417,45,-107.379,11.1,CameraPosition,-103.1722,1.729722,-107.4198,CameraRotation,348.115,269.1184,6.390457,CurrentState,MoveToInitial,Slider,51,Scenario,1
ID,8,Time,262.9358,DronePosition,-266.8916,45,-107.379,11.1,CameraPosition,-103.1716,1.729766,-107.42,CameraRotation,348.0414,269.2899,6.482916,CurrentState,MoveToInitial,Slider,51,Scenario,1
ID,8,Time,262.9494,DronePosition,-266.7406,45,-107.379,11.1,CameraPosition,-103.1711,1.729999,-107.4202,CameraRotation,347.9129,269.4669,6.605452,CurrentState,MoveToInitial,Slider,51,Scenario,1
ID,8,Time,262.9633,DronePosition,-266.5865,45,-107.379,11.1,CameraPosition,-103.1707,1.730465,-107.4204,CameraRotation,347.6577,269.6283,6.759744,CurrentState,MoveToInitial,Slider,51,Scenario,1
ID,8,Time,262.9775,DronePosition,-266.4287,45,-107.379,11.1,CameraPosition,-103.1703,1.731056,-107.4207,CameraRotation,347.2945,269.7767,6.913579,CurrentState,MoveToInitial,Slider,51,Scenario,1
ID,8,Time,262.9913,DronePosition,-266.2754,45,-107.379,11.1,CameraPosition,-103.1697,1.731699,-107.421,CameraRotation,346.8531,269.9337,7.062207,CurrentState,MoveToInitial,Slider,51,Scenario,1
ID,8,Time,263.0052,DronePosition,-266.1212,45,-107.379,11.1,CameraPosition,-103.1692,1.73231,-107.4213,CameraRotation,346.4286,270.1219,7.169014,CurrentState,MoveToInitial,Slider,51,Scenario,1
ID,8,Time,263.0194,DronePosition,-265.9632,45,-107.379,11.1,CameraPosition,-103.1688,1.732884,-107.4215,CameraRotation,346.0826,270.3431,7.27856,CurrentState,MoveToInitial,Slider,51,Scenario,1
ID,8,Time,263.033,DronePosition,-265.813,45,-107.379,11.1,CameraPosition,-103.1683,1.733399,-107.4218,CameraRotation,345.7921,270.5829,7.408571,CurrentState,MoveToInitial,Slider,51,Scenario,1
ID,8,Time,263.0469,DronePosition,-265.658,45,-107.379,11.1,CameraPosition,-103.1679,1.733837,-107.4221,CameraRotation,345.5551,270.8224,7.574794,CurrentState,MoveToInitial,Slider,51,Scenario,1
ID,8,Time,263.0611,DronePosition,-265.5008,45,-107.379,11.1,CameraPosition,-103.1676,1.73423,-107.4223,CameraRotation,345.3111,271.0975,7.741181,CurrentState,MoveToInitial,Slider,51,Scenario,1
ID,8,Time,263.0755,DronePosition,-265.3409,45,-107.379,11.1,CameraPosition,-103.1671,1.734558,-107.4227,CameraRotation,345.0572,271.3832,7.887736,CurrentState,MoveToInitial,Slider,51,Scenario,1
ID,8,Time,263.0891,DronePosition,-265.1903,45,-107.379,11.1,CameraPosition,-103.1666,1.734843,-107.423,CameraRotation,344.7637,271.6731,8.033421,CurrentState,MoveToInitial,Slider,51,Scenario,1
ID,8,Time,263.1028,DronePosition,-265.0372,45,-107.379,11.1,CameraPosition,-103.1662,1.735241,-107.4233,CameraRotation,344.5824,271.9735,8.159205,CurrentState,MoveToInitial,Slider,51,Scenario,1
ID,8,Time,263.1167,DronePosition,-264.8832,45,-107.379,11.1,CameraPosition,-103.1659,1.73568,-107.4236,CameraRotation,344.3307,272.3267,8.209737,CurrentState,MoveToInitial,Slider,51,Scenario,1
ID,8,Time,263.1306,DronePosition,-264.7293,45,-107.379,11.1,CameraPosition,-103.1656,1.736134,-107.424,CameraRotation,343.9843,272.716,8.204697,CurrentState,MoveToInitial,Slider,51,Scenario,1
ID,8,Time,263.1446,DronePosition,-264.5742,45,-107.379,11.1,CameraPosition,-103.1652,1.73655,-107.4243,CameraRotation,343.6534,273.1485,8.177522,CurrentState,MoveToInitial,Slider,51,Scenario,1
ID,8,Time,263.1584,DronePosition,-264.4206,45,-107.379,11.1,CameraPosition,-103.1648,1.736871,-107.4246,CameraRotation,343.3665,273.5756,8.168807,CurrentState,MoveToInitial,Slider,51,Scenario,1
ID,8,Time,263.1725,DronePosition,-264.2639,45,-107.379,11.1,CameraPosition,-103.1644,1.737163,-107.425,CameraRotation,343.0842,273.9756,8.158997,CurrentState,MoveToInitial,Slider,51,Scenario,1
ID,8,Time,263.1865,DronePosition,-264.109,45,-107.379,11.1,CameraPosition,-103.1641,1.737521,-107.4255,CameraRotation,342.8234,274.3881,8.204195,CurrentState,MoveToInitial,Slider,51,Scenario,1
ID,8,Time,263.2003,DronePosition,-263.9556,45,-107.379,11.1,CameraPosition,-103.1638,1.738095,-107.4261,CameraRotation,342.5255,274.8223,8.357,CurrentState,MoveToInitial,Slider,51,Scenario,1
ID,8,Time,263.214,DronePosition,-263.8035,45,-107.379,11.1,CameraPosition,-103.1635,1.738964,-107.4268,CameraRotation,342.1253,275.2397,8.420982,CurrentState,MoveToInitial,Slider,51,Scenario,1
ID,8,Time,263.2283,DronePosition,-263.6447,45,-107.379,11.1,CameraPosition,-103.1632,1.740209,-107.4276,CameraRotation,341.477,275.6398,8.482083,CurrentState,MoveToInitial,Slider,51,Scenario,1
ID,8,Time,263.242,DronePosition,-263.4929,45,-107.379,11.1,CameraPosition,-103.1628,1.741656,-107.4285,CameraRotation,340.544,276.0248,8.637558,CurrentState,MoveToInitial,Slider,51,Scenario,1
ID,8,Time,263.256,DronePosition,-263.3372,45,-107.379,11.1,CameraPosition,-103.1623,1.743097,-107.4294,CameraRotation,339.5988,276.3568,8.80377,CurrentState,MoveToInitial,Slider,51,Scenario,1
ID,8,Time,263.27,DronePosition,-263.1823,45,-107.379,11.1,CameraPosition,-103.162,1.744624,-107.4305,CameraRotation,338.5247,276.6644,9.050186,CurrentState,MoveToInitial,Slider,51,Scenario,1
ID,8,Time,263.2846,DronePosition,-263.0197,45,-107.379,11.1,CameraPosition,-103.1617,1.745989,-107.4315,CameraRotation,337.5346,276.9081,9.258194,CurrentState,MoveToInitial,Slider,51,Scenario,1
ID,8,Time,263.2975,DronePosition,-262.877,45,-107.379,11.1,CameraPosition,-103.1614,1.747343,-107.4327,CameraRotation,336.4777,277.1183,9.443786,CurrentState,MoveToInitial,Slider,51,Scenario,1
ID,8,Time,263.3119,DronePosition,-262.7168,45,-107.379,11.1,CameraPosition,-103.1609,1.748723,-107.4337,CameraRotation,335.2038,277.2652,9.695019,CurrentState,MoveToInitial,Slider,51,Scenario,1
ID,8,Time,263.3255,DronePosition,-262.5658,45,-107.379,11.1,CameraPosition,-103.1602,1.750266,-107.4349,CameraRotation,333.9442,277.403,9.872165,CurrentState,MoveToInitial,Slider,51,Scenario,1
ID,8,Time,263.3396,DronePosition,-262.409,45,-107.379,11.1,CameraPosition,-103.1595,1.751799,-107.4361,CameraRotation,332.6621,277.5325,9.874072,CurrentState,MoveToInitial,Slider,51,Scenario,1
ID,8,Time,263.3534,DronePosition,-262.2561,45,-107.379,11.1,CameraPosition,-103.1589,1.752981,-107.4373,CameraRotation,331.5162,277.6747,9.79265,CurrentState,MoveToInitial,Slider,51,Scenario,1
ID,8,Time,263.3675,DronePosition,-262.1003,45,-107.379,11.1,CameraPosition,-103.1582,1.753922,-107.4384,CameraRotation,330.5817,277.8286,9.708174,CurrentState,MoveToInitial,Slider,51,Scenario,1
ID,8,Time,263.3813,DronePosition,-261.9463,45,-107.379,11.1,CameraPosition,-103.1576,1.754514,-107.4396,CameraRotation,329.8143,277.9302,9.615247,CurrentState,MoveToInitial,Slider,51,Scenario,1
ID,8,Time,263.3953,DronePosition,-261.7913,45,-107.379,11.1,CameraPosition,-103.1568,1.754947,-107.4406,CameraRotation,329.1178,278.0294,9.549921,CurrentState,MoveToInitial,Slider,51,Scenario,1
ID,8,Time,263.4093,DronePosition,-261.6361,45,-107.379,11.1,CameraPosition,-103.1562,1.755347,-107.4416,CameraRotation,328.4241,278.133,9.463211,CurrentState,MoveToInitial,Slider,51,Scenario,1
ID,8,Time,263.4234,DronePosition,-261.4794,45,-107.379,11.1,CameraPosition,-103.1556,1.755782,-107.4426,CameraRotation,327.8871,278.1941,9.377878,CurrentState,MoveToInitial,Slider,51,Scenario,1
ID,8,Time,263.4372,DronePosition,-261.3256,45,-107.379,11.1,CameraPosition,-103.1554,1.756305,-107.4436,CameraRotation,327.3773,278.2099,9.310132,CurrentState,MoveToInitial,Slider,51,Scenario,1
ID,8,Time,263.4515,DronePosition,-261.1673,45,-107.379,11.1,CameraPosition,-103.1552,1.75687,-107.4445,CameraRotation,326.8494,278.2387,9.177301,CurrentState,MoveToInitial,Slider,51,Scenario,1
ID,8,Time,263.4648,DronePosition,-261.0193,45,-107.379,11.1,CameraPosition,-103.1551,1.757355,-107.4454,CameraRotation,326.3861,278.2792,9.004889,CurrentState,MoveToInitial,Slider,51,Scenario,1
ID,8,Time,263.4791,DronePosition,-260.8613,45,-107.379,11.1,CameraPosition,-103.155,1.757845,-107.4462,CameraRotation,325.9182,278.3642,8.82375,CurrentState,MoveToInitial,Slider,51,Scenario,1
ID,8,Time,263.4933,DronePosition,-260.7036,45,-107.379,11.1,CameraPosition,-103.155,1.758368,-107.447,CameraRotation,325.4621,278.4543,8.649112,CurrentState,MoveToInitial,Slider,52,Scenario,1
ID,8,Time,263.507,DronePosition,-260.5507,45,-107.379,11.1,CameraPosition,-103.1551,1.758842,-107.448,CameraRotation,324.9582,278.4882,8.532769,CurrentState,MoveToInitial,Slider,52,Scenario,1
ID,8,Time,263.521,DronePosition,-260.3955,45,-107.379,11.1,CameraPosition,-103.1553,1.759256,-107.449,CameraRotation,324.4715,278.4708,8.468297,CurrentState,MoveToInitial,Slider,52,Scenario,1
ID,8,Time,263.5347,DronePosition,-260.2441,45,-107.379,11.1,CameraPosition,-103.1554,1.759676,-107.4501,CameraRotation,323.9514,278.3596,8.435032,CurrentState,MoveToInitial,Slider,52,Scenario,1
ID,8,Time,263.5484,DronePosition,-260.0913,45,-107.379,11.1,CameraPosition,-103.1554,1.760185,-107.4513,CameraRotation,323.3524,278.2066,8.373314,CurrentState,MoveToInitial,Slider,52,Scenario,1
ID,8,Time,263.5627,DronePosition,-259.9335,45,-107.379,11.1,CameraPosition,-103.1552,1.760837,-107.4526,CameraRotation,322.6074,277.9959,8.294254,CurrentState,MoveToInitial,Slider,52,Scenario,1
ID,8,Time,263.5765,DronePosition,-259.7794,45,-107.379,11.1,CameraPosition,-103.1551,1.761671,-107.4539,CameraRotation,321.697,277.7004,8.189939,CurrentState,MoveToInitial,Slider,52,Scenario,1
ID,8,Time,263.5906,DronePosition,-259.6228,45,-107.379,11.1,CameraPosition,-103.1549,1.762598,-107.4553,CameraRotation,320.7965,277.4164,8.079825,CurrentState,MoveToInitial,Slider,52,Scenario,1
ID,8,Time,263.6044,DronePosition,-259.4698,45,-107.379,11.1,CameraPosition,-103.1547,1.763481,-107.4566,CameraRotation,319.8922,277.1081,8.010175,CurrentState,MoveToInitial,Slider,52,Scenario,1
ID,8,Time,263.6184,DronePosition,-259.3142,45,-107.379,11.1,CameraPosition,-103.1543,1.764308,-107.4579,CameraRotation,319.032,276.7463,8.028119,CurrentState,MoveToInitial,Slider,52,Scenario,1
ID,8,Time,263.6321,DronePosition,-259.1624,45,-107.379,11.1,CameraPosition,-103.1537,1.764981,-107.4592,CameraRotation,318.3037,276.2954,8.163725,CurrentState,MoveToInitial,Slider,52,Scenario,1
ID,8,Time,263.6463,DronePosition,-259.0054,45,-107.379,11.1,CameraPosition,-103.1531,1.765636,-107.4606,CameraRotation,317.6808,275.752,8.376289,CurrentState,MoveToInitial,Slider,52,Scenario,1
ID,8,Time,263.6603,DronePosition,-258.8492,45,-107.379,11.1,CameraPosition,-103.1527,1.766277,-107.462,CameraRotation,317.1347,275.1258,8.647144,CurrentState,MoveToInitial,Slider,52,Scenario,1
ID,8,Time,263.6742,DronePosition,-258.6952,45,-107.379,11.1,CameraPosition,-103.1524,1.766891,-107.4633,CameraRotation,316.5656,274.5149,8.849699,CurrentState,MoveToInitial,Slider,52,Scenario,1
ID,8,Time,263.6882,DronePosition,-258.5403,45,-107.379,11.1,CameraPosition,-103.152,1.767404,-107.4646,CameraRotation,316.0284,273.974,8.905481,CurrentState,MoveToInitial,Slider,52,Scenario,1
ID,8,Time,263.7023,DronePosition,-258.3837,45,-107.379,11.1,CameraPosition,-103.1516,1.767761,-107.4659,CameraRotation,315.6266,273.4978,8.832506,CurrentState,MoveToInitial,Slider,52,Scenario,1
ID,8,Time,263.7156,DronePosition,-258.2358,45,-107.379,11.1,CameraPosition,-103.1512,1.768039,-107.4671,CameraRotation,315.2716,273.0403,8.758758,CurrentState,MoveToInitial,Slider,52,Scenario,1
ID,8,Time,263.7297,DronePosition,-258.0792,45,-107.379,11.1,CameraPosition,-103.1507,1.768193,-107.4683,CameraRotation,315.0191,272.6042,8.697065,CurrentState,MoveToInitial,Slider,52,Scenario,1
ID,8,Time,263.7436,DronePosition,-257.9247,45,-107.379,11.1,CameraPosition,-103.1503,1.768452,-107.4695,CameraRotation,314.6949,272.0801,8.781942,CurrentState,MoveToInitial,Slider,52,Scenario,1
ID,8,Time,263.7575,DronePosition,-257.7702,45,-107.379,11.1,CameraPosition,-103.1498,1.768784,-107.4708,CameraRotation,314.2515,271.463,9.036377,CurrentState,MoveToInitial,Slider,52,Scenario,1
ID,8,Time,263.7721,DronePosition,-257.6082,45,-107.379,11.1,CameraPosition,-103.1492,1.769089,-107.472,CameraRotation,313.7573,270.8661,9.314059,CurrentState,MoveToInitial,Slider,52,Scenario,1
ID,8,Time,263.7858,DronePosition,-257.4568,45,-107.379,11.1,CameraPosition,-103.1485,1.769387,-107.4732,CameraRotation,313.2836,270.2783,9.58392,CurrentState,MoveToInitial,Slider,52,Scenario,1
ID,8,Time,263.799,DronePosition,-257.3102,45,-107.379,11.1,CameraPosition,-103.1477,1.769725,-107.4744,CameraRotation,312.7766,269.6904,9.810765,CurrentState,MoveToInitial,Slider,52,Scenario,1
ID,8,Time,263.8133,DronePosition,-257.1512,45,-107.379,11.1,CameraPosition,-103.1468,1.770076,-107.4756,CameraRotation,312.3241,269.0966,10.02784,CurrentState,MoveToInitial,Slider,52,Scenario,1
ID,8,Time,263.827,DronePosition,-256.9998,45,-107.379,11.1,CameraPosition,-103.1459,1.770414,-107.4769,CameraRotation,311.8128,268.4641,10.30108,CurrentState,MoveToInitial,Slider,52,Scenario,1
ID,8,Time,263.8413,DronePosition,-256.8407,45,-107.379,11.1,CameraPosition,-103.145,1.770677,-107.478,CameraRotation,311.363,267.8372,10.61768,CurrentState,MoveToInitial,Slider,52,Scenario,1
ID,8,Time,263.8551,DronePosition,-256.687,45,-107.379,11.1,CameraPosition,-103.144,1.770939,-107.4792,CameraRotation,310.9427,267.2339,10.92671,CurrentState,MoveToInitial,Slider,52,Scenario,1
ID,8,Time,263.8691,DronePosition,-256.5314,45,-107.379,11.1,CameraPosition,-103.1431,1.771192,-107.4802,CameraRotation,310.5814,266.7169,11.15687,CurrentState,MoveToInitial,Slider,52,Scenario,1
ID,8,Time,263.883,DronePosition,-256.378,45,-107.379,11.1,CameraPosition,-103.1422,1.771416,-107.4812,CameraRotation,310.19,266.229,11.37626,CurrentState,MoveToInitial,Slider,52,Scenario,1
ID,8,Time,263.8972,DronePosition,-256.2206,45,-107.379,11.1,CameraPosition,-103.1413,1.771558,-107.4822,CameraRotation,309.8667,265.7543,11.58997,CurrentState,MoveToInitial,Slider,52,Scenario,1
ID,8,Time,263.9109,DronePosition,-256.0674,45,-107.379,11.1,CameraPosition,-103.1403,1.771601,-107.4831,CameraRotation,309.605,265.2506,11.87182,CurrentState,MoveToInitial,Slider,52,Scenario,1
ID,8,Time,263.9249,DronePosition,-255.9128,45,-107.379,11.1,CameraPosition,-103.1393,1.77157,-107.4839,CameraRotation,309.3197,264.7115,12.25987,CurrentState,MoveToInitial,Slider,52,Scenario,1
ID,8,Time,263.939,DronePosition,-255.756,45,-107.379,11.1,CameraPosition,-103.1383,1.771482,-107.4847,CameraRotation,309.0634,264.1658,12.66563,CurrentState,MoveToInitial,Slider,52,Scenario,1
ID,8,Time,263.9526,DronePosition,-255.6054,45,-107.379,11.1,CameraPosition,-103.1374,1.771302,-107.4853,CameraRotation,308.8395,263.6949,12.95365,CurrentState,MoveToInitial,Slider,52,Scenario,1
ID,8,Time,263.9665,DronePosition,-255.4504,45,-107.379,11.1,CameraPosition,-103.1366,1.771173,-107.486,CameraRotation,308.5793,263.336,13.03473,CurrentState,MoveToInitial,Slider,52,Scenario,1
ID,8,Time,263.9802,DronePosition,-255.2985,45,-107.379,11.1,CameraPosition,-103.1357,1.771001,-107.4866,CameraRotation,308.3098,263.0558,13.02984,CurrentState,MoveToInitial,Slider,52,Scenario,1
ID,8,Time,263.9941,DronePosition,-255.1445,45,-107.379,11.1,CameraPosition,-103.1348,1.770877,-107.4871,CameraRotation,308.0963,262.8075,13.06261,CurrentState,MoveToInitial,Slider,52,Scenario,1
ID,8,Time,264.0081,DronePosition,-254.989,45,-107.379,11.1,CameraPosition,-103.1339,1.770752,-107.4875,CameraRotation,307.9152,262.4799,13.24521,CurrentState,MoveToInitial,Slider,52,Scenario,1
ID,8,Time,264.0223,DronePosition,-254.8316,45,-107.379,11.1,CameraPosition,-103.1332,1.770713,-107.4879,CameraRotation,307.6744,262.132,13.5332,CurrentState,MoveToInitial,Slider,52,Scenario,1
ID,8,Time,264.0361,DronePosition,-254.6781,45,-107.379,11.1,CameraPosition,-103.1325,1.770696,-107.4883,CameraRotation,307.4778,261.8879,13.68252,CurrentState,MoveToInitial,Slider,52,Scenario,1
ID,8,Time,264.05,DronePosition,-254.524,45,-107.379,11.1,CameraPosition,-103.1319,1.770758,-107.4886,CameraRotation,307.2445,261.7042,13.69452,CurrentState,MoveToInitial,Slider,52,Scenario,1
ID,8,Time,264.0638,DronePosition,-254.3701,45,-107.379,11.1,CameraPosition,-103.1312,1.770858,-107.489,CameraRotation,307.0571,261.567,13.67182,CurrentState,MoveToInitial,Slider,52,Scenario,1
ID,8,Time,264.0777,DronePosition,-254.2169,45,-107.379,11.1,CameraPosition,-103.1306,1.771022,-107.4893,CameraRotation,306.8337,261.3801,13.72271,CurrentState,MoveToInitial,Slider,52,Scenario,1
ID,8,Time,264.0914,DronePosition,-254.064,45,-107.379,11.1,CameraPosition,-103.1299,1.771077,-107.4896,CameraRotation,306.6806,261.205,13.84331,CurrentState,MoveToInitial,Slider,52,Scenario,1
ID,8,Time,264.1056,DronePosition,-253.9065,45,-107.379,11.1,CameraPosition,-103.1293,1.771049,-107.4898,CameraRotation,306.5888,261.0027,13.98186,CurrentState,MoveToInitial,Slider,52,Scenario,1
ID,8,Time,264.1201,DronePosition,-253.7464,45,-107.379,11.1,CameraPosition,-103.1288,1.770997,-107.4901,CameraRotation,306.4741,260.7917,14.11067,CurrentState,MoveToInitial,Slider,52,Scenario,1
ID,8,Time,264.1336,DronePosition,-253.5963,45,-107.379,11.1,CameraPosition,-103.1282,1.770895,-107.4903,CameraRotation,306.4084,260.6098,14.25714,CurrentState,MoveToInitial,Slider,52,Scenario,1
ID,8,Time,264.1475,DronePosition,-253.4421,45,-107.379,11.1,CameraPosition,-103.1276,1.770792,-107.4905,CameraRotation,306.2865,260.5015,14.33,CurrentState,MoveToInitial,Slider,52,Scenario,1
ID,8,Time,264.1611,DronePosition,-253.2905,45,-107.379,11.1,CameraPosition,-103.1269,1.770643,-107.4907,CameraRotation,306.1969,260.4185,14.34425,CurrentState,MoveToInitial,Slider,52,Scenario,1
ID,8,Time,264.1751,DronePosition,-253.1353,45,-107.379,11.1,CameraPosition,-103.1263,1.770557,-107.4909,CameraRotation,306.043,260.253,14.43165,CurrentState,MoveToInitial,Slider,52,Scenario,1
ID,8,Time,264.1897,DronePosition,-252.9738,45,-107.379,11.1,CameraPosition,-103.1257,1.770449,-107.4911,CameraRotation,305.9138,260.0682,14.52983,CurrentState,MoveToInitial,Slider,52,Scenario,1
ID,8,Time,264.2029,DronePosition,-252.8261,45,-107.379,11.1,CameraPosition,-103.1251,1.770348,-107.4911,CameraRotation,305.72,259.8604,14.65239,CurrentState,MoveToInitial,Slider,52,Scenario,1
ID,8,Time,264.2168,DronePosition,-252.6723,45,-107.379,11.1,CameraPosition,-103.1244,1.770123,-107.4911,CameraRotation,305.6269,259.7978,14.60991,CurrentState,MoveToInitial,Slider,52,Scenario,1
ID,8,Time,264.2305,DronePosition,-252.5199,45,-107.379,11.1,CameraPosition,-103.1237,1.769999,-107.4911,CameraRotation,305.5228,259.748,14.52972,CurrentState,MoveToInitial,Slider,52,Scenario,1
ID,8,Time,264.2447,DronePosition,-252.3632,45,-107.379,11.1,CameraPosition,-103.1231,1.769912,-107.4911,CameraRotation,305.3853,259.6418,14.51133,CurrentState,MoveToInitial,Slider,52,Scenario,1
ID,8,Time,264.2588,DronePosition,-252.206,45,-107.379,11.1,CameraPosition,-103.1224,1.769912,-107.4911,CameraRotation,305.2333,259.4339,14.60077,CurrentState,MoveToInitial,Slider,52,Scenario,1
ID,8,Time,264.2726,DronePosition,-252.0536,45,-107.379,11.1,CameraPosition,-103.1218,1.769993,-107.491,CameraRotation,305.0059,259.2231,14.70221,CurrentState,MoveToInitial,Slider,52,Scenario,1
ID,8,Time,264.2866,DronePosition,-251.8973,45,-107.379,11.1,CameraPosition,-103.1212,1.770048,-107.4909,CameraRotation,304.86,259.128,14.66979,CurrentState,MoveToInitial,Slider,52,Scenario,1
ID,8,Time,264.3002,DronePosition,-251.7467,45,-107.379,11.1,CameraPosition,-103.1206,1.770095,-107.4908,CameraRotation,304.688,259.0644,14.57276,CurrentState,MoveToInitial,Slider,52,Scenario,1
ID,8,Time,264.3142,DronePosition,-251.5911,45,-107.379,11.1,CameraPosition,-103.12,1.770054,-107.4907,CameraRotation,304.5683,259.015,14.49161,CurrentState,MoveToInitial,Slider,52,Scenario,1
ID,8,Time,264.3285,DronePosition,-251.433,45,-107.379,11.1,CameraPosition,-103.1195,1.769983,-107.4906,CameraRotation,304.4802,258.9823,14.40085,CurrentState,MoveToInitial,Slider,52,Scenario,1
ID,8,Time,264.3423,DronePosition,-251.2793,45,-107.379,11.1,CameraPosition,-103.119,1.769965,-107.4904,CameraRotation,304.3747,258.8786,14.39049,CurrentState,MoveToInitial,Slider,52,Scenario,1
ID,8,Time,264.3562,DronePosition,-251.1247,45,-107.379,11.1,CameraPosition,-103.1185,1.769918,-107.4902,CameraRotation,304.2723,258.7542,14.43232,CurrentState,MoveToInitial,Slider,52,Scenario,1
ID,8,Time,264.3699,DronePosition,-250.9732,45,-107.379,11.1,CameraPosition,-103.118,1.769832,-107.49,CameraRotation,304.1866,258.6237,14.50255,CurrentState,MoveToInitial,Slider,52,Scenario,1
ID,8,Time,264.3839,DronePosition,-250.8171,45,-107.379,11.1,CameraPosition,-103.1176,1.769815,-107.4899,CameraRotation,304.0719,258.4925,14.54677,CurrentState,MoveToInitial,Slider,52,Scenario,1
ID,8,Time,264.3975,DronePosition,-250.6673,45,-107.379,11.1,CameraPosition,-103.1172,1.769797,-107.4898,CameraRotation,304.0095,258.4185,14.55025,CurrentState,MoveToInitial,Slider,52,Scenario,1
ID,8,Time,264.4116,DronePosition,-250.5107,45,-107.379,11.1,CameraPosition,-103.1168,1.769865,-107.4897,CameraRotation,303.8942,258.3492,14.53892,CurrentState,MoveToInitial,Slider,52,Scenario,1
ID,8,Time,264.4256,DronePosition,-250.3553,45,-107.379,11.1,CameraPosition,-103.1164,1.769822,-107.4895,CameraRotation,303.8063,258.2229,14.56538,CurrentState,MoveToInitial,Slider,52,Scenario,1
ID,8,Time,264.4395,DronePosition,-250.2,45,-107.379,11.1,CameraPosition,-103.116,1.769806,-107.4894,CameraRotation,303.6767,258.0506,14.63889,CurrentState,MoveToInitial,Slider,52,Scenario,1
ID,8,Time,264.4533,DronePosition,-250.047,45,-107.379,11.1,CameraPosition,-103.1157,1.769804,-107.4892,CameraRotation,303.6003,257.874,14.71627,CurrentState,MoveToInitial,Slider,52,Scenario,1
ID,8,Time,264.4673,DronePosition,-249.8917,45,-107.379,11.1,CameraPosition,-103.1155,1.769893,-107.489,CameraRotation,303.5015,257.6938,14.77149,CurrentState,MoveToInitial,Slider,52,Scenario,1
ID,8,Time,264.481,DronePosition,-249.74,45,-107.379,11.1,CameraPosition,-103.1152,1.769951,-107.4889,CameraRotation,303.4421,257.5569,14.75169,CurrentState,MoveToInitial,Slider,52,Scenario,1
ID,8,Time,264.4952,DronePosition,-249.5817,45,-107.379,11.1,CameraPosition,-103.115,1.770063,-107.4887,CameraRotation,303.4147,257.4937,14.63707,CurrentState,MoveToInitial,Slider,52,Scenario,1
ID,8,Time,264.5092,DronePosition,-249.4265,45,-107.379,11.1,CameraPosition,-103.1148,1.770091,-107.4885,CameraRotation,303.3911,257.4615,14.52987,CurrentState,MoveToInitial,Slider,52,Scenario,1
ID,8,Time,264.5229,DronePosition,-249.2751,45,-107.379,11.1,CameraPosition,-103.1145,1.770134,-107.4882,CameraRotation,303.3755,257.4475,14.423,CurrentState,MoveToInitial,Slider,52,Scenario,1
ID,8,Time,264.5374,DronePosition,-249.1145,45,-107.379,11.1,CameraPosition,-103.1142,1.770108,-107.488,CameraRotation,303.33,257.4023,14.35518,CurrentState,MoveToInitial,Slider,52,Scenario,1
ID,8,Time,264.5513,DronePosition,-248.9596,45,-107.379,11.1,CameraPosition,-103.1138,1.769971,-107.4879,CameraRotation,303.3557,257.3588,14.29695,CurrentState,MoveToInitial,Slider,52,Scenario,1
ID,8,Time,264.5646,DronePosition,-248.812,45,-107.379,11.1,CameraPosition,-103.1135,1.769796,-107.4878,CameraRotation,303.365,257.2868,14.27717,CurrentState,MoveToInitial,Slider,52,Scenario,1
ID,8,Time,264.5786,DronePosition,-248.6559,45,-107.379,11.1,CameraPosition,-103.113,1.769582,-107.4876,CameraRotation,303.4105,257.2856,14.22983,CurrentState,MoveToInitial,Slider,52,Scenario,1
ID,8,Time,264.5927,DronePosition,-248.4998,45,-107.379,11.1,CameraPosition,-103.1127,1.769515,-107.4874,CameraRotation,303.326,257.2564,14.20682,CurrentState,MoveToInitial,Slider,52,Scenario,1
ID,8,Time,264.6067,DronePosition,-248.3448,45,-107.379,11.1,CameraPosition,-103.1121,1.769434,-107.4871,CameraRotation,303.2375,257.2614,14.11958,CurrentState,MoveToInitial,Slider,52,Scenario,1
ID,8,Time,264.6208,DronePosition,-248.1881,45,-107.379,11.1,CameraPosition,-103.1117,1.769428,-107.4869,CameraRotation,303.0745,257.2453,14.05388,CurrentState,MoveToInitial,Slider,52,Scenario,1
ID,8,Time,264.6344,DronePosition,-248.0374,45,-107.379,11.1,CameraPosition,-103.1112,1.769323,-107.4867,CameraRotation,303.0441,257.3171,13.88589,CurrentState,MoveToInitial,Slider,52,Scenario,1
ID,8,Time,264.6485,DronePosition,-247.881,45,-107.379,11.1,CameraPosition,-103.1107,1.769197,-107.4865,CameraRotation,303.0132,257.3406,13.73395,CurrentState,MoveToInitial,Slider,52,Scenario,1
ID,8,Time,264.6619,DronePosition,-247.7321,45,-107.379,11.1,CameraPosition,-103.1103,1.769047,-107.4863,CameraRotation,302.9774,257.334,13.66716,CurrentState,MoveToInitial,Slider,52,Scenario,1
ID,8,Time,264.6761,DronePosition,-247.5742,45,-107.379,11.1,CameraPosition,-103.1099,1.76895,-107.4862,CameraRotation,302.963,257.3058,13.66406,CurrentState,MoveToInitial,Slider,52,Scenario,1
ID,8,Time,264.6901,DronePosition,-247.4192,45,-107.379,11.1,CameraPosition,-103.1094,1.768922,-107.486,CameraRotation,302.932,257.2732,13.6325,CurrentState,MoveToInitial,Slider,52,Scenario,1
ID,8,Time,264.7046,DronePosition,-247.2575,45,-107.379,11.1,CameraPosition,-103.1088,1.768936,-107.486,CameraRotation,302.8911,257.2874,13.53117,CurrentState,MoveToInitial,Slider,52,Scenario,1
ID,8,Time,264.7181,DronePosition,-247.1075,45,-107.379,11.1,CameraPosition,-103.1083,1.768929,-107.4859,CameraRotation,302.8083,257.2623,13.43552,CurrentState,MoveToInitial,Slider,52,Scenario,1
ID,8,Time,264.7318,DronePosition,-246.9562,45,-107.379,11.1,CameraPosition,-103.1079,1.768857,-107.4859,CameraRotation,302.7023,257.2079,13.3637,CurrentState,MoveToInitial,Slider,52,Scenario,1
ID,8,Time,264.746,DronePosition,-246.7981,45,-107.379,11.1,CameraPosition,-103.1073,1.768642,-107.4858,CameraRotation,302.6944,257.193,13.2694,CurrentState,MoveToInitial,Slider,52,Scenario,1
ID,8,Time,264.7596,DronePosition,-246.6475,45,-107.379,11.1,CameraPosition,-103.1068,1.76838,-107.4857,CameraRotation,302.6991,257.1912,13.15723,CurrentState,MoveToInitial,Slider,52,Scenario,1
ID,8,Time,264.7752,DronePosition,-246.4742,45,-107.379,11.1,CameraPosition,-103.1065,1.768232,-107.4857,CameraRotation,302.5787,257.1523,13.09864,CurrentState,MoveToInitial,Slider,52,Scenario,1
ID,8,Time,264.7873,DronePosition,-246.3401,45,-107.379,11.1,CameraPosition,-103.1061,1.768051,-107.4857,CameraRotation,302.4944,257.1335,13.00952,CurrentState,MoveToInitial,Slider,51,Scenario,1
ID,8,Time,264.8014,DronePosition,-246.1834,45,-107.379,11.1,CameraPosition,-103.1058,1.767862,-107.4857,CameraRotation,302.4807,257.0765,12.9264,CurrentState,MoveToInitial,Slider,51,Scenario,1
ID,8,Time,264.815,DronePosition,-246.0328,45,-107.379,11.1,CameraPosition,-103.1057,1.767607,-107.4859,CameraRotation,302.6144,256.948,12.91125,CurrentState,MoveToInitial,Slider,51,Scenario,1
ID,8,Time,264.8291,DronePosition,-245.8755,45,-107.379,11.1,CameraPosition,-103.1057,1.767253,-107.486,CameraRotation,302.8363,256.833,12.91021,CurrentState,MoveToInitial,Slider,51,Scenario,1
ID,8,Time,264.8434,DronePosition,-245.7173,45,-107.379,11.1,CameraPosition,-103.106,1.766707,-107.4862,CameraRotation,303.2577,256.675,12.88593,CurrentState,MoveToInitial,Slider,51,Scenario,1
ID,8,Time,264.8574,DronePosition,-245.5615,45,-107.379,11.1,CameraPosition,-103.1066,1.766073,-107.4865,CameraRotation,303.8174,256.4497,12.8478,CurrentState,MoveToInitial,Slider,51,Scenario,1
ID,8,Time,264.8712,DronePosition,-245.4081,45,-107.379,11.1,CameraPosition,-103.1073,1.76542,-107.4869,CameraRotation,304.4889,256.111,12.87727,CurrentState,MoveToInitial,Slider,51,Scenario,1
ID,8,Time,264.8849,DronePosition,-245.256,45,-107.379,11.1,CameraPosition,-103.1081,1.764776,-107.4874,CameraRotation,305.1921,255.7397,12.88258,CurrentState,MoveToInitial,Slider,51,Scenario,1
ID,8,Time,264.8993,DronePosition,-245.0969,45,-107.379,11.1,CameraPosition,-103.1092,1.764023,-107.4878,CameraRotation,306.0203,255.2528,12.83811,CurrentState,MoveToInitial,Slider,51,Scenario,1
ID,8,Time,264.9128,DronePosition,-244.9468,45,-107.379,11.1,CameraPosition,-103.1105,1.763181,-107.4884,CameraRotation,307.0138,254.7359,12.78083,CurrentState,MoveToInitial,Slider,51,Scenario,1
ID,8,Time,264.9269,DronePosition,-244.7907,45,-107.379,11.1,CameraPosition,-103.1118,1.762286,-107.489,CameraRotation,308.0737,254.2285,12.67346,CurrentState,MoveToInitial,Slider,51,Scenario,1
ID,8,Time,264.9411,DronePosition,-244.6331,45,-107.379,11.1,CameraPosition,-103.1135,1.761313,-107.4898,CameraRotation,309.2694,253.5149,12.57344,CurrentState,MoveToInitial,Slider,51,Scenario,1
ID,8,Time,264.956,DronePosition,-244.4678,45,-107.379,11.1,CameraPosition,-103.1155,1.760304,-107.4908,CameraRotation,310.5281,252.6389,12.48544,CurrentState,MoveToInitial,Slider,51,Scenario,1
ID,8,Time,264.9695,DronePosition,-244.317,45,-107.379,11.1,CameraPosition,-103.1174,1.759326,-107.4919,CameraRotation,311.7608,251.7004,12.33545,CurrentState,MoveToInitial,Slider,51,Scenario,1
ID,8,Time,264.9836,DronePosition,-244.1616,45,-107.379,11.1,CameraPosition,-103.1193,1.758293,-107.4931,CameraRotation,313.0236,250.6501,12.15133,CurrentState,MoveToInitial,Slider,51,Scenario,1
ID,8,Time,264.9967,DronePosition,-244.0153,45,-107.379,11.1,CameraPosition,-103.1213,1.757216,-107.4943,CameraRotation,314.3542,249.6347,11.93056,CurrentState,MoveToInitial,Slider,52,Scenario,1
ID,8,Time,265.0107,DronePosition,-243.8607,45,-107.379,11.1,CameraPosition,-103.1234,1.756015,-107.4956,CameraRotation,315.8498,248.5897,11.64973,CurrentState,MoveToInitial,Slider,52,Scenario,1
ID,8,Time,265.0245,DronePosition,-243.7072,45,-107.379,11.1,CameraPosition,-103.1257,1.754666,-107.497,CameraRotation,317.4113,247.5654,11.34335,CurrentState,MoveToInitial,Slider,52,Scenario,1
ID,8,Time,265.0385,DronePosition,-243.551,45,-107.379,11.1,CameraPosition,-103.1279,1.753273,-107.4984,CameraRotation,318.9377,246.5378,11.04387,CurrentState,MoveToInitial,Slider,52,Scenario,1
ID,8,Time,265.0524,DronePosition,-243.3971,45,-107.379,11.1,CameraPosition,-103.1302,1.751786,-107.4998,CameraRotation,320.5171,245.4725,10.75174,CurrentState,MoveToInitial,Slider,52,Scenario,1
ID,8,Time,265.0665,DronePosition,-243.2411,45,-107.379,11.1,CameraPosition,-103.1326,1.750308,-107.5012,CameraRotation,321.9971,244.3858,10.44185,CurrentState,MoveToInitial,Slider,52,Scenario,1
ID,8,Time,265.0802,DronePosition,-243.0892,45,-107.379,11.1,CameraPosition,-103.1348,1.748807,-107.5026,CameraRotation,323.4473,243.3503,10.09218,CurrentState,MoveToInitial,Slider,52,Scenario,1
ID,8,Time,265.0942,DronePosition,-242.933,45,-107.379,11.1,CameraPosition,-103.1371,1.747125,-107.504,CameraRotation,324.9196,242.3237,9.711395,CurrentState,MoveToInitial,Slider,52,Scenario,1
ID,8,Time,265.108,DronePosition,-242.7798,45,-107.379,11.1,CameraPosition,-103.1395,1.745382,-107.5053,CameraRotation,326.4259,241.3313,9.312148,CurrentState,MoveToInitial,Slider,52,Scenario,1
ID,8,Time,265.1218,DronePosition,-242.6268,45,-107.379,11.1,CameraPosition,-103.1419,1.743424,-107.5067,CameraRotation,327.9481,240.3284,8.916844,CurrentState,MoveToInitial,Slider,52,Scenario,1
ID,8,Time,265.136,DronePosition,-242.4688,45,-107.379,11.1,CameraPosition,-103.1442,1.741333,-107.5079,CameraRotation,329.4649,239.3401,8.524136,CurrentState,MoveToInitial,Slider,52,Scenario,1
ID,8,Time,265.1499,DronePosition,-242.3146,45,-107.379,11.1,CameraPosition,-103.1466,1.739098,-107.509,CameraRotation,330.9355,238.3764,8.115837,CurrentState,MoveToInitial,Slider,52,Scenario,1
ID,8,Time,265.1636,DronePosition,-242.1633,45,-107.379,11.1,CameraPosition,-103.1489,1.736751,-107.5101,CameraRotation,332.3812,237.4587,7.644571,CurrentState,MoveToInitial,Slider,52,Scenario,1
ID,8,Time,265.1776,DronePosition,-242.0072,45,-107.379,11.1,CameraPosition,-103.1512,1.73445,-107.511,CameraRotation,333.7143,236.5842,7.164456,CurrentState,MoveToInitial,Slider,52,Scenario,1
ID,8,Time,265.1917,DronePosition,-241.851,45,-107.379,11.1,CameraPosition,-103.1533,1.732303,-107.5119,CameraRotation,334.9141,235.7463,6.743601,CurrentState,MoveToInitial,Slider,52,Scenario,1
ID,8,Time,265.2053,DronePosition,-241.6998,45,-107.379,11.1,CameraPosition,-103.1554,1.730432,-107.5125,CameraRotation,336.0158,234.9701,6.446883,CurrentState,MoveToInitial,Slider,52,Scenario,1
ID,8,Time,265.219,DronePosition,-241.548,45,-107.379,11.1,CameraPosition,-103.1577,1.728906,-107.513,CameraRotation,336.9927,234.2226,6.276447,CurrentState,MoveToInitial,Slider,52,Scenario,1
ID,8,Time,265.2334,DronePosition,-241.3886,45,-107.379,11.1,CameraPosition,-103.1598,1.727782,-107.5132,CameraRotation,337.8186,233.5271,6.215994,CurrentState,MoveToInitial,Slider,52,Scenario,1
ID,8,Time,265.2467,DronePosition,-241.2404,45,-107.379,11.1,CameraPosition,-103.1619,1.727016,-107.5132,CameraRotation,338.5799,232.8972,6.168096,CurrentState,MoveToInitial,Slider,52,Scenario,1
ID,8,Time,265.2611,DronePosition,-241.0808,45,-107.379,11.1,CameraPosition,-103.1639,1.726276,-107.5131,CameraRotation,339.3112,232.2981,6.068352,CurrentState,MoveToInitial,Slider,52,Scenario,1
ID,8,Time,265.2746,DronePosition,-240.9306,45,-107.379,11.1,CameraPosition,-103.1658,1.725729,-107.5127,CameraRotation,339.9729,231.7837,5.954059,CurrentState,MoveToInitial,Slider,52,Scenario,1
ID,8,Time,265.2886,DronePosition,-240.7758,45,-107.379,11.1,CameraPosition,-103.1676,1.725296,-107.5122,CameraRotation,340.5667,231.2497,5.890453,CurrentState,MoveToInitial,Slider,52,Scenario,1
ID,8,Time,265.3026,DronePosition,-240.6204,45,-107.379,11.1,CameraPosition,-103.1696,1.724986,-107.5116,CameraRotation,341.1382,230.6591,5.842027,CurrentState,MoveToInitial,Slider,52,Scenario,1
ID,8,Time,265.3163,DronePosition,-240.4682,45,-107.379,11.1,CameraPosition,-103.1715,1.724887,-107.5108,CameraRotation,341.5679,230.0155,5.727747,CurrentState,MoveToInitial,Slider,52,Scenario,1
ID,8,Time,265.3303,DronePosition,-240.313,45,-107.379,11.1,CameraPosition,-103.1734,1.725045,-107.5098,CameraRotation,341.8375,229.3521,5.542327,CurrentState,MoveToInitial,Slider,52,Scenario,1
ID,8,Time,265.3442,DronePosition,-240.1584,45,-107.379,11.1,CameraPosition,-103.1754,1.725268,-107.5087,CameraRotation,342.0265,228.6925,5.342809,CurrentState,MoveToInitial,Slider,52,Scenario,1
ID,8,Time,265.3581,DronePosition,-240.0044,45,-107.379,11.1,CameraPosition,-103.1774,1.725638,-107.5074,CameraRotation,342.0888,228.014,5.127779,CurrentState,MoveToInitial,Slider,52,Scenario,1
ID,8,Time,265.3722,DronePosition,-239.8474,45,-107.379,11.1,CameraPosition,-103.1795,1.725968,-107.5061,CameraRotation,342.1509,227.2722,4.928368,CurrentState,MoveToInitial,Slider,52,Scenario,1
ID,8,Time,265.3864,DronePosition,-239.6897,45,-107.379,11.1,CameraPosition,-103.1816,1.726233,-107.5046,CameraRotation,342.2196,226.4583,4.731525,CurrentState,MoveToInitial,Slider,52,Scenario,1
ID,8,Time,265.3995,DronePosition,-239.5448,45,-107.379,11.1,CameraPosition,-103.1839,1.726449,-107.503,CameraRotation,342.2627,225.5742,4.488237,CurrentState,MoveToInitial,Slider,52,Scenario,1
ID,8,Time,265.4135,DronePosition,-239.3889,45,-107.379,11.1,CameraPosition,-103.1863,1.726636,-107.5013,CameraRotation,342.3268,224.6688,4.20095,CurrentState,MoveToInitial,Slider,52,Scenario,1
ID,8,Time,265.4275,DronePosition,-239.2342,45,-107.379,11.1,CameraPosition,-103.1888,1.726847,-107.4993,CameraRotation,342.382,223.7382,3.865505,CurrentState,MoveToInitial,Slider,52,Scenario,1
ID,8,Time,265.4414,DronePosition,-239.0794,45,-107.379,11.1,CameraPosition,-103.1915,1.727141,-107.4973,CameraRotation,342.4141,222.8199,3.54614,CurrentState,MoveToInitial,Slider,52,Scenario,1
ID,8,Time,265.4553,DronePosition,-238.9248,45,-107.379,11.1,CameraPosition,-103.1943,1.727516,-107.4953,CameraRotation,342.4011,221.8984,3.235177,CurrentState,MoveToInitial,Slider,52,Scenario,1
ID,8,Time,265.469,DronePosition,-238.773,45,-107.379,11.1,CameraPosition,-103.1973,1.727906,-107.4933,CameraRotation,342.3505,220.9429,2.944121,CurrentState,MoveToInitial,Slider,52,Scenario,1
ID,8,Time,265.4831,DronePosition,-238.6171,45,-107.379,11.1,CameraPosition,-103.2004,1.728251,-107.4912,CameraRotation,342.3766,219.9855,2.711766,CurrentState,MoveToInitial,Slider,52,Scenario,1
ID,8,Time,265.4968,DronePosition,-238.4646,45,-107.379,11.1,CameraPosition,-103.2035,1.728567,-107.4891,CameraRotation,342.5185,219.0536,2.463421,CurrentState,MoveToInitial,Slider,52,Scenario,1
ID,8,Time,265.511,DronePosition,-238.307,45,-107.379,11.1,CameraPosition,-103.2066,1.728807,-107.4868,CameraRotation,342.7231,218.1369,2.140771,CurrentState,MoveToInitial,Slider,52,Scenario,1
ID,8,Time,265.5248,DronePosition,-238.1533,45,-107.379,11.1,CameraPosition,-103.2097,1.728919,-107.4845,CameraRotation,343.0429,217.2919,1.714902,CurrentState,MoveToInitial,Slider,52,Scenario,1
ID,8,Time,265.5386,DronePosition,-238.0008,45,-107.379,11.1,CameraPosition,-103.2128,1.729088,-107.4823,CameraRotation,343.4448,216.4665,1.329204,CurrentState,MoveToInitial,Slider,52,Scenario,1
ID,8,Time,265.5527,DronePosition,-237.8439,45,-107.379,11.1,CameraPosition,-103.2158,1.729522,-107.4801,CameraRotation,343.834,215.7037,1.07243,CurrentState,MoveToInitial,Slider,52,Scenario,1
ID,8,Time,265.5666,DronePosition,-237.6896,45,-107.379,11.1,CameraPosition,-103.2189,1.730262,-107.478,CameraRotation,343.9632,215.0046,0.846176,CurrentState,MoveToInitial,Slider,52,Scenario,1
ID,8,Time,265.5804,DronePosition,-237.537,45,-107.379,11.1,CameraPosition,-103.222,1.731179,-107.4759,CameraRotation,343.8947,214.4037,0.5667208,CurrentState,MoveToInitial,Slider,52,Scenario,1
ID,8,Time,265.5944,DronePosition,-237.3813,45,-107.379,11.1,CameraPosition,-103.225,1.731981,-107.474,CameraRotation,343.7926,213.9441,0.2006518,CurrentState,MoveToInitial,Slider,52,Scenario,1
ID,8,Time,265.6083,DronePosition,-237.2266,45,-107.379,11.1,CameraPosition,-103.228,1.732522,-107.4721,CameraRotation,343.7577,213.6405,359.8109,CurrentState,MoveToInitial,Slider,52,Scenario,1
ID,8,Time,265.6223,DronePosition,-237.071,45,-107.379,11.1,CameraPosition,-103.2309,1.732815,-107.4702,CameraRotation,343.7827,213.4796,359.4598,CurrentState,MoveToInitial,Slider,52,Scenario,1
ID,8,Time,265.6362,DronePosition,-236.917,45,-107.379,11.1,CameraPosition,-103.2338,1.732872,-107.4685,CameraRotation,343.8169,213.5003,359.2403,CurrentState,MoveToInitial,Slider,52,Scenario,1
ID,8,Time,265.6499,DronePosition,-236.7651,45,-107.379,11.1,CameraPosition,-103.2366,1.732738,-107.4669,CameraRotation,343.8654,213.715,359.1739,CurrentState,MoveToInitial,Slider,52,Scenario,1
ID,8,Time,265.664,DronePosition,-236.609,45,-107.379,11.1,CameraPosition,-103.2393,1.732545,-107.4652,CameraRotation,343.9311,214.0707,359.1591,CurrentState,MoveToInitial,Slider,52,Scenario,1
ID,8,Time,265.6779,DronePosition,-236.4538,45,-107.379,11.1,CameraPosition,-103.2418,1.732387,-107.4637,CameraRotation,344.0564,214.7514,359.2752,CurrentState,MoveToInitial,Slider,52,Scenario,1
ID,8,Time,265.6918,DronePosition,-236.3003,45,-107.379,11.1,CameraPosition,-103.2444,1.732264,-107.4621,CameraRotation,344.1721,215.7202,359.5008,CurrentState,MoveToInitial,Slider,52,Scenario,1
ID,8,Time,265.706,DronePosition,-236.1423,45,-107.379,11.1,CameraPosition,-103.2468,1.732009,-107.4606,CameraRotation,344.2207,216.892,359.8138,CurrentState,MoveToInitial,Slider,52,Scenario,1
ID,8,Time,265.7201,DronePosition,-235.9859,45,-107.379,11.1,CameraPosition,-103.2491,1.731668,-107.4592,CameraRotation,344.3737,218.3689,0.2670347,CurrentState,MoveToInitial,Slider,52,Scenario,1
ID,8,Time,265.7336,DronePosition,-235.8356,45,-107.379,11.1,CameraPosition,-103.2511,1.731425,-107.4577,CameraRotation,344.664,220.0791,0.820826,CurrentState,MoveToInitial,Slider,52,Scenario,1
ID,8,Time,265.7475,DronePosition,-235.6819,45,-107.379,11.1,CameraPosition,-103.253,1.731418,-107.4563,CameraRotation,344.9511,221.8026,1.400948,CurrentState,MoveToInitial,Slider,52,Scenario,1
ID,8,Time,265.7617,DronePosition,-235.5244,45,-107.379,11.1,CameraPosition,-103.2547,1.731646,-107.4549,CameraRotation,345.1106,223.7153,2.048227,CurrentState,MoveToInitial,Slider,52,Scenario,1
ID,8,Time,265.7767,DronePosition,-235.3575,45,-107.379,11.1,CameraPosition,-103.2561,1.731941,-107.4537,CameraRotation,345.1314,225.6508,2.617003,CurrentState,MoveToInitial,Slider,52,Scenario,1
ID,8,Time,265.7897,DronePosition,-235.2129,45,-107.379,11.1,CameraPosition,-103.2572,1.732337,-107.4526,CameraRotation,345.0764,227.763,3.126429,CurrentState,MoveToInitial,Slider,52,Scenario,1
ID,8,Time,265.8039,DronePosition,-235.0563,45,-107.379,11.1,CameraPosition,-103.2582,1.732866,-107.4516,CameraRotation,345.0507,230.0838,3.553355,CurrentState,MoveToInitial,Slider,52,Scenario,1
ID,8,Time,265.8173,DronePosition,-234.9076,45,-107.379,11.1,CameraPosition,-103.2591,1.733585,-107.4505,CameraRotation,344.9641,232.5358,3.964044,CurrentState,MoveToInitial,Slider,52,Scenario,1
ID,8,Time,265.8309,DronePosition,-234.7559,45,-107.379,11.1,CameraPosition,-103.2598,1.73462,-107.4492,CameraRotation,344.6017,235.2694,4.409005,CurrentState,MoveToInitial,Slider,52,Scenario,1
ID,8,Time,265.8449,DronePosition,-234.601,45,-107.379,11.1,CameraPosition,-103.2603,1.735938,-107.4478,CameraRotation,343.9134,238.2578,4.929879,CurrentState,MoveToInitial,Slider,52,Scenario,1
ID,8,Time,265.8589,DronePosition,-234.445,45,-107.379,11.1,CameraPosition,-103.2605,1.737187,-107.4464,CameraRotation,343.2335,241.2747,5.505539,CurrentState,MoveToInitial,Slider,52,Scenario,1
ID,8,Time,265.8733,DronePosition,-234.2853,45,-107.379,11.1,CameraPosition,-103.2603,1.738254,-107.4448,CameraRotation,342.5419,244.4174,6.154063,CurrentState,MoveToInitial,Slider,52,Scenario,1
ID,8,Time,265.8871,DronePosition,-234.1328,45,-107.379,11.1,CameraPosition,-103.2598,1.739045,-107.4433,CameraRotation,341.8552,247.5626,6.741821,CurrentState,MoveToInitial,Slider,52,Scenario,1
ID,8,Time,265.9015,DronePosition,-233.9723,45,-107.379,11.1,CameraPosition,-103.2588,1.739646,-107.4419,CameraRotation,341.1932,250.8079,7.330282,CurrentState,MoveToInitial,Slider,52,Scenario,1
ID,8,Time,265.9149,DronePosition,-233.8231,45,-107.379,11.1,CameraPosition,-103.2574,1.740147,-107.4406,CameraRotation,340.5811,253.9731,7.898633,CurrentState,MoveToInitial,Slider,52,Scenario,1
ID,8,Time,265.9293,DronePosition,-233.6636,45,-107.379,11.1,CameraPosition,-103.2555,1.740455,-107.4398,CameraRotation,339.9041,257.0228,8.402775,CurrentState,MoveToInitial,Slider,52,Scenario,1
ID,8,Time,265.9432,DronePosition,-233.5094,45,-107.379,11.1,CameraPosition,-103.2536,1.740795,-107.4393,CameraRotation,339.2338,259.9244,8.818467,CurrentState,MoveToInitial,Slider,52,Scenario,1
ID,8,Time,265.9572,DronePosition,-233.3536,45,-107.379,11.1,CameraPosition,-103.2512,1.741099,-107.4395,CameraRotation,338.4249,262.6813,9.183544,CurrentState,MoveToInitial,Slider,52,Scenario,1
ID,8,Time,265.9712,DronePosition,-233.1991,45,-107.379,11.1,CameraPosition,-103.2488,1.741499,-107.4398,CameraRotation,337.5068,265.3358,9.449324,CurrentState,MoveToInitial,Slider,52,Scenario,1
ID,8,Time,265.9852,DronePosition,-233.0434,45,-107.379,11.1,CameraPosition,-103.2461,1.742048,-107.4406,CameraRotation,336.6207,267.8698,9.668278,CurrentState,MoveToInitial,Slider,52,Scenario,1
ID,8,Time,265.9992,DronePosition,-232.8879,45,-107.379,11.1,CameraPosition,-103.2433,1.742607,-107.4417,CameraRotation,335.7803,270.2771,9.864886,CurrentState,MoveToInitial,Slider,52,Scenario,1
ID,8,Time,266.0124,DronePosition,-232.7414,45,-107.379,11.1,CameraPosition,-103.2404,1.743128,-107.443,CameraRotation,335.0032,272.6025,10.00223,CurrentState,MoveToInitial,Slider,52,Scenario,1
ID,8,Time,266.027,DronePosition,-232.5794,45,-107.379,11.1,CameraPosition,-103.2374,1.743329,-107.4448,CameraRotation,334.2147,274.696,10.28702,CurrentState,MoveToInitial,Slider,52,Scenario,1
ID,8,Time,266.0406,DronePosition,-232.4287,45,-107.379,11.1,CameraPosition,-103.2343,1.743345,-107.447,CameraRotation,333.6381,276.6896,10.25864,CurrentState,MoveToInitial,Slider,52,Scenario,1
ID,8,Time,266.0545,DronePosition,-232.2737,45,-107.379,11.1,CameraPosition,-103.2314,1.743301,-107.4493,CameraRotation,333.0811,278.6325,10.26534,CurrentState,MoveToInitial,Slider,52,Scenario,1
ID,8,Time,266.0687,DronePosition,-232.1166,45,-107.379,11.1,CameraPosition,-103.2285,1.743409,-107.452,CameraRotation,332.7076,280.4486,10.42851,CurrentState,MoveToInitial,Slider,52,Scenario,1
ID,8,Time,266.0826,DronePosition,-231.9616,45,-107.379,11.1,CameraPosition,-103.2256,1.743806,-107.4548,CameraRotation,332.284,282.2608,10.41943,CurrentState,MoveToInitial,Slider,52,Scenario,1
ID,8,Time,266.0963,DronePosition,-231.8106,45,-107.379,11.1,CameraPosition,-103.2228,1.744681,-107.4582,CameraRotation,331.8568,283.9244,10.30673,CurrentState,MoveToInitial,Slider,52,Scenario,1
ID,8,Time,266.1101,DronePosition,-231.6569,45,-107.379,11.1,CameraPosition,-103.22,1.745736,-107.4617,CameraRotation,331.2324,285.489,10.17817,CurrentState,MoveToInitial,Slider,52,Scenario,1
ID,8,Time,266.1241,DronePosition,-231.5014,45,-107.379,11.1,CameraPosition,-103.2173,1.746713,-107.4653,CameraRotation,330.5358,287.0017,10.04023,CurrentState,MoveToInitial,Slider,52,Scenario,1
ID,8,Time,266.138,DronePosition,-231.3468,45,-107.379,11.1,CameraPosition,-103.2147,1.747429,-107.4691,CameraRotation,329.8351,288.4758,9.912104,CurrentState,MoveToInitial,Slider,52,Scenario,1
ID,8,Time,266.1521,DronePosition,-231.1909,45,-107.379,11.1,CameraPosition,-103.2123,1.747678,-107.473,CameraRotation,329.1912,289.95,9.800411,CurrentState,MoveToInitial,Slider,52,Scenario,1
ID,8,Time,266.1658,DronePosition,-231.039,45,-107.379,11.1,CameraPosition,-103.2099,1.747674,-107.4768,CameraRotation,328.6537,291.4681,9.647009,CurrentState,MoveToInitial,Slider,52,Scenario,1
ID,8,Time,266.1798,DronePosition,-230.8834,45,-107.379,11.1,CameraPosition,-103.2076,1.747477,-107.4809,CameraRotation,328.2122,292.928,9.512013,CurrentState,MoveToInitial,Slider,52,Scenario,1
ID,8,Time,266.1937,DronePosition,-230.7294,45,-107.379,11.1,CameraPosition,-103.2055,1.747461,-107.4849,CameraRotation,327.6248,294.3465,9.461397,CurrentState,MoveToInitial,Slider,52,Scenario,1
ID,8,Time,266.2083,DronePosition,-230.5669,45,-107.379,11.1,CameraPosition,-103.2034,1.747754,-107.4891,CameraRotation,326.9168,295.7272,9.509241,CurrentState,MoveToInitial,Slider,52,Scenario,1
ID,8,Time,266.2218,DronePosition,-230.4165,45,-107.379,11.1,CameraPosition,-103.2014,1.748254,-107.4933,CameraRotation,326.0397,296.9769,9.670151,CurrentState,MoveToInitial,Slider,52,Scenario,1
ID,8,Time,266.2356,DronePosition,-230.2641,45,-107.379,11.1,CameraPosition,-103.1995,1.748875,-107.4975,CameraRotation,325.1819,298.1507,9.841788,CurrentState,MoveToInitial,Slider,52,Scenario,1
ID,8,Time,266.2493,DronePosition,-230.1117,45,-107.379,11.1,CameraPosition,-103.1977,1.749511,-107.5018,CameraRotation,324.3878,299.2711,10.00762,CurrentState,MoveToInitial,Slider,52,Scenario,1
ID,8,Time,266.2633,DronePosition,-229.9566,45,-107.379,11.1,CameraPosition,-103.1961,1.750167,-107.5061,CameraRotation,323.6933,300.2686,10.31601,CurrentState,MoveToInitial,Slider,52,Scenario,1
ID,8,Time,266.2775,DronePosition,-229.7989,45,-107.379,11.1,CameraPosition,-103.1945,1.750711,-107.5104,CameraRotation,323.0621,301.2271,10.67394,CurrentState,MoveToInitial,Slider,52,Scenario,1
ID,8,Time,266.2915,DronePosition,-229.6433,45,-107.379,11.1,CameraPosition,-103.1931,1.751227,-107.5148,CameraRotation,322.494,302.1066,11.0632,CurrentState,MoveToInitial,Slider,52,Scenario,1
ID,8,Time,266.3052,DronePosition,-229.4916,45,-107.379,11.1,CameraPosition,-103.1918,1.751691,-107.5192,CameraRotation,321.9079,302.8358,11.43562,CurrentState,MoveToInitial,Slider,52,Scenario,1
ID,8,Time,266.3191,DronePosition,-229.337,45,-107.379,11.1,CameraPosition,-103.1905,1.75212,-107.5237,CameraRotation,321.2962,303.5269,11.7423,CurrentState,MoveToInitial,Slider,52,Scenario,1
ID,8,Time,266.3331,DronePosition,-229.1818,45,-107.379,11.1,CameraPosition,-103.1892,1.752532,-107.5282,CameraRotation,320.6396,304.1579,12.05619,CurrentState,MoveToInitial,Slider,52,Scenario,1
ID,8,Time,266.347,DronePosition,-229.027,45,-107.379,11.1,CameraPosition,-103.1882,1.752994,-107.5326,CameraRotation,319.9739,304.6579,12.44942,CurrentState,MoveToInitial,Slider,52,Scenario,1
ID,8,Time,266.361,DronePosition,-228.8718,45,-107.379,11.1,CameraPosition,-103.1872,1.753447,-107.537,CameraRotation,319.2741,305.0601,12.84894,CurrentState,MoveToInitial,Slider,52,Scenario,1
ID,8,Time,266.375,DronePosition,-228.716,45,-107.379,11.1,CameraPosition,-103.1862,1.753877,-107.5415,CameraRotation,318.6396,305.4068,13.29438,CurrentState,MoveToInitial,Slider,52,Scenario,1
ID,8,Time,266.3887,DronePosition,-228.5641,45,-107.379,11.1,CameraPosition,-103.1852,1.754195,-107.546,CameraRotation,317.9968,305.6494,13.6923,CurrentState,MoveToInitial,Slider,52,Scenario,1
ID,8,Time,266.4027,DronePosition,-228.4091,45,-107.379,11.1,CameraPosition,-103.1841,1.754475,-107.5504,CameraRotation,317.3609,305.8217,14.11877,CurrentState,MoveToInitial,Slider,52,Scenario,1
ID,8,Time,266.4172,DronePosition,-228.2476,45,-107.379,11.1,CameraPosition,-103.1829,1.754796,-107.5547,CameraRotation,316.6651,306.0383,14.59067,CurrentState,MoveToInitial,Slider,52,Scenario,1
ID,8,Time,266.4303,DronePosition,-228.1022,45,-107.379,11.1,CameraPosition,-103.1817,1.755145,-107.5589,CameraRotation,315.9128,306.1598,15.07679,CurrentState,MoveToInitial,Slider,52,Scenario,1
ID,8,Time,266.4445,DronePosition,-227.945,45,-107.379,11.1,CameraPosition,-103.1805,1.755549,-107.5631,CameraRotation,315.1558,306.2102,15.64579,CurrentState,MoveToInitial,Slider,52,Scenario,1
ID,8,Time,266.4584,DronePosition,-227.7903,45,-107.379,11.1,CameraPosition,-103.1792,1.755983,-107.5673,CameraRotation,314.3687,306.2505,16.12041,CurrentState,MoveToInitial,Slider,52,Scenario,1
ID,8,Time,266.4724,DronePosition,-227.6359,45,-107.379,11.1,CameraPosition,-103.1778,1.756367,-107.5715,CameraRotation,313.5296,306.2243,16.52501,CurrentState,MoveToInitial,Slider,52,Scenario,1
ID,8,Time,266.4863,DronePosition,-227.4815,45,-107.379,11.1,CameraPosition,-103.1764,1.756761,-107.5756,CameraRotation,312.6015,306.2138,16.8727,CurrentState,MoveToInitial,Slider,52,Scenario,1
ID,8,Time,266.5003,DronePosition,-227.3258,45,-107.379,11.1,CameraPosition,-103.1748,1.757239,-107.5795,CameraRotation,311.6657,306.2665,17.21173,CurrentState,MoveToInitial,Slider,52,Scenario,1
ID,8,Time,266.5139,DronePosition,-227.175,45,-107.379,11.1,CameraPosition,-103.173,1.757801,-107.5834,CameraRotation,310.6052,306.3295,17.57341,CurrentState,MoveToInitial,Slider,52,Scenario,1
ID,8,Time,266.5279,DronePosition,-227.0192,45,-107.379,11.1,CameraPosition,-103.1711,1.758275,-107.5874,CameraRotation,309.414,306.376,17.8353,CurrentState,MoveToInitial,Slider,52,Scenario,1
ID,8,Time,266.5417,DronePosition,-226.8663,45,-107.379,11.1,CameraPosition,-103.1692,1.758652,-107.5913,CameraRotation,308.2369,306.438,18.03484,CurrentState,MoveToInitial,Slider,52,Scenario,1
ID,8,Time,266.5558,DronePosition,-226.7099,45,-107.379,11.1,CameraPosition,-103.1671,1.758889,-107.5951,CameraRotation,306.9905,306.5264,18.22192,CurrentState,MoveToInitial,Slider,52,Scenario,1
ID,8,Time,266.5693,DronePosition,-226.5594,45,-107.379,11.1,CameraPosition,-103.1649,1.758972,-107.5989,CameraRotation,305.736,306.6516,18.41915,CurrentState,MoveToInitial,Slider,52,Scenario,1
ID,8,Time,266.5831,DronePosition,-226.4061,45,-107.379,11.1,CameraPosition,-103.1627,1.758981,-107.6028,CameraRotation,304.5089,306.6909,18.73366,CurrentState,MoveToInitial,Slider,52,Scenario,1
ID,8,Time,266.5974,DronePosition,-226.2476,45,-107.379,11.1,CameraPosition,-103.1604,1.758839,-107.6066,CameraRotation,303.3027,306.639,19.11711,CurrentState,MoveToInitial,Slider,52,Scenario,1
ID,8,Time,266.6113,DronePosition,-226.0933,45,-107.379,11.1,CameraPosition,-103.1581,1.7586,-107.6103,CameraRotation,302.146,306.4931,19.49705,CurrentState,MoveToInitial,Slider,52,Scenario,1
ID,8,Time,266.6251,DronePosition,-225.94,45,-107.379,11.1,CameraPosition,-103.1558,1.758275,-107.6139,CameraRotation,301.0257,306.3734,19.7845,CurrentState,MoveToInitial,Slider,52,Scenario,1
ID,8,Time,266.6391,DronePosition,-225.7847,45,-107.379,11.1,CameraPosition,-103.1536,1.757777,-107.6174,CameraRotation,299.9751,306.2118,20.03796,CurrentState,MoveToInitial,Slider,52,Scenario,1
ID,8,Time,266.6529,DronePosition,-225.6321,45,-107.379,11.1,CameraPosition,-103.1515,1.75716,-107.6207,CameraRotation,299.0606,305.9722,20.27955,CurrentState,MoveToInitial,Slider,52,Scenario,1
ID,8,Time,266.6666,DronePosition,-225.4803,45,-107.379,11.1,CameraPosition,-103.1495,1.756542,-107.6239,CameraRotation,298.122,305.5641,20.6168,CurrentState,MoveToInitial,Slider,52,Scenario,1
ID,8,Time,266.6806,DronePosition,-225.3248,45,-107.379,11.1,CameraPosition,-103.1476,1.755829,-107.6271,CameraRotation,297.2781,305.0424,20.99989,CurrentState,MoveToInitial,Slider,52,Scenario,1
ID,8,Time,266.6942,DronePosition,-225.1729,45,-107.379,11.1,CameraPosition,-103.1458,1.755122,-107.63,CameraRotation,296.5475,304.5344,21.26924,CurrentState,MoveToInitial,Slider,52,Scenario,1
ID,8,Time,266.7082,DronePosition,-225.0179,45,-107.379,11.1,CameraPosition,-103.144,1.754463,-107.6328,CameraRotation,295.851,303.999,21.52918,CurrentState,MoveToInitial,Slider,52,Scenario,1
ID,8,Time,266.7223,DronePosition,-224.8616,45,-107.379,11.1,CameraPosition,-103.1424,1.753812,-107.6356,CameraRotation,295.1917,303.3801,21.84221,CurrentState,MoveToInitial,Slider,52,Scenario,1
ID,8,Time,266.7363,DronePosition,-224.7061,45,-107.379,11.1,CameraPosition,-103.1408,1.753185,-107.6381,CameraRotation,294.5674,302.6532,22.24362,CurrentState,MoveToInitial,Slider,52,Scenario,1
ID,8,Time,266.7501,DronePosition,-224.553,45,-107.379,11.1,CameraPosition,-103.1393,1.752456,-107.6405,CameraRotation,294.0969,301.8546,22.80024,CurrentState,MoveToInitial,Slider,52,Scenario,1
ID,8,Time,266.7639,DronePosition,-224.4,45,-107.379,11.1,CameraPosition,-103.1379,1.751699,-107.6429,CameraRotation,293.679,301.0882,23.4029,CurrentState,MoveToInitial,Slider,52,Scenario,1
ID,8,Time,266.7781,DronePosition,-224.2419,45,-107.379,11.1,CameraPosition,-103.1366,1.750921,-107.645,CameraRotation,293.3319,300.4132,23.84673,CurrentState,MoveToInitial,Slider,52,Scenario,1
ID,8,Time,266.792,DronePosition,-224.0882,45,-107.379,11.1,CameraPosition,-103.1352,1.750182,-107.647,CameraRotation,292.9141,299.8391,24.18013,CurrentState,MoveToInitial,Slider,52,Scenario,1
ID,8,Time,266.8058,DronePosition,-223.9341,45,-107.379,11.1,CameraPosition,-103.1338,1.749495,-107.6489,CameraRotation,292.4105,299.3423,24.46478,CurrentState,MoveToInitial,Slider,52,Scenario,1
ID,8,Time,266.8199,DronePosition,-223.778,45,-107.379,11.1,CameraPosition,-103.1324,1.748844,-107.6507,CameraRotation,291.8892,299.0061,24.62304,CurrentState,MoveToInitial,Slider,52,Scenario,1
ID,8,Time,266.8339,DronePosition,-223.6228,45,-107.379,11.1,CameraPosition,-103.1309,1.748268,-107.6524,CameraRotation,291.3744,298.6983,24.80494,CurrentState,MoveToInitial,Slider,52,Scenario,1
ID,8,Time,266.8476,DronePosition,-223.4711,45,-107.379,11.1,CameraPosition,-103.1295,1.747763,-107.6541,CameraRotation,290.9293,298.4767,24.91069,CurrentState,MoveToInitial,Slider,52,Scenario,1
ID,8,Time,266.8616,DronePosition,-223.3153,45,-107.379,11.1,CameraPosition,-103.1282,1.747385,-107.6557,CameraRotation,290.488,298.3195,25.03183,CurrentState,MoveToInitial,Slider,52,Scenario,1
ID,8,Time,266.8755,DronePosition,-223.1614,45,-107.379,11.1,CameraPosition,-103.1271,1.747004,-107.6572,CameraRotation,290.0712,298.1595,25.1989,CurrentState,MoveToInitial,Slider,52,Scenario,1
ID,8,Time,266.8892,DronePosition,-223.0095,45,-107.379,11.1,CameraPosition,-103.1261,1.746567,-107.6587,CameraRotation,289.6992,298.0253,25.33276,CurrentState,MoveToInitial,Slider,52,Scenario,1
ID,8,Time,266.9034,DronePosition,-222.851,45,-107.379,11.1,CameraPosition,-103.1252,1.746082,-107.66,CameraRotation,289.4253,298.0069,25.37327,CurrentState,MoveToInitial,Slider,52,Scenario,1
ID,8,Time,266.9176,DronePosition,-222.6938,45,-107.379,11.1,CameraPosition,-103.1244,1.745425,-107.6613,CameraRotation,289.1733,298.049,25.33712,CurrentState,MoveToInitial,Slider,52,Scenario,1
ID,8,Time,266.9311,DronePosition,-222.544,45,-107.379,11.1,CameraPosition,-103.1238,1.744777,-107.6626,CameraRotation,288.9183,297.9843,25.34549,CurrentState,MoveToInitial,Slider,52,Scenario,1
ID,8,Time,266.9453,DronePosition,-222.3859,45,-107.379,11.1,CameraPosition,-103.1233,1.744194,-107.6637,CameraRotation,288.7162,297.7249,25.5893,CurrentState,MoveToInitial,Slider,52,Scenario,1
ID,8,Time,266.9588,DronePosition,-222.236,45,-107.379,11.1,CameraPosition,-103.1229,1.7437,-107.6649,CameraRotation,288.5303,297.4073,25.89893,CurrentState,MoveToInitial,Slider,52,Scenario,1
ID,8,Time,266.9729,DronePosition,-222.0797,45,-107.379,11.1,CameraPosition,-103.1225,1.743223,-107.666,CameraRotation,288.363,297.0712,26.25638,CurrentState,MoveToInitial,Slider,52,Scenario,1
ID,8,Time,266.9873,DronePosition,-221.9196,45,-107.379,11.1,CameraPosition,-103.1222,1.742745,-107.6671,CameraRotation,288.2432,296.7054,26.66592,CurrentState,MoveToInitial,Slider,52,Scenario,1
ID,8,Time,267.0016,DronePosition,-221.7616,45,-107.379,11.1,CameraPosition,-103.122,1.742255,-107.6681,CameraRotation,288.1945,296.4009,26.9957,CurrentState,MoveToInitial,Slider,52,Scenario,1
ID,8,Time,267.0145,DronePosition,-221.6179,45,-107.379,11.1,CameraPosition,-103.1218,1.741784,-107.6691,CameraRotation,288.1516,296.047,27.2765,CurrentState,MoveToInitial,Slider,52,Scenario,1
ID,8,Time,267.0287,DronePosition,-221.4611,45,-107.379,11.1,CameraPosition,-103.1216,1.741314,-107.6699,CameraRotation,288.101,295.5833,27.6372,CurrentState,MoveToInitial,Slider,52,Scenario,1
ID,8,Time,267.0428,DronePosition,-221.3036,45,-107.379,11.1,CameraPosition,-103.1213,1.740944,-107.6706,CameraRotation,287.9996,295.1012,28.03918,CurrentState,MoveToInitial,Slider,52,Scenario,1
ID,8,Time,267.0568,DronePosition,-221.1489,45,-107.379,11.1,CameraPosition,-103.121,1.740642,-107.6714,CameraRotation,287.8628,294.6644,28.38445,CurrentState,MoveToInitial,Slider,52,Scenario,1
ID,8,Time,267.0706,DronePosition,-220.9949,45,-107.379,11.1,CameraPosition,-103.1208,1.740491,-107.6719,CameraRotation,287.6938,294.1364,28.78172,CurrentState,MoveToInitial,Slider,52,Scenario,1
ID,8,Time,267.0843,DronePosition,-220.8431,45,-107.379,11.1,CameraPosition,-103.1207,1.740343,-107.6724,CameraRotation,287.5604,293.5467,29.23064,CurrentState,MoveToInitial,Slider,52,Scenario,1
ID,8,Time,267.0981,DronePosition,-220.69,45,-107.379,11.1,CameraPosition,-103.1207,1.740171,-107.6728,CameraRotation,287.5439,292.9958,29.62439,CurrentState,MoveToInitial,Slider,52,Scenario,1
ID,8,Time,267.1118,DronePosition,-220.5374,45,-107.379,11.1,CameraPosition,-103.1209,1.740079,-107.6729,CameraRotation,287.6195,292.5703,29.89392,CurrentState,MoveToInitial,Slider,52,Scenario,1
ID,8,Time,267.1263,DronePosition,-220.3774,45,-107.379,11.1,CameraPosition,-103.1211,1.739986,-107.673,CameraRotation,287.7126,292.2214,30.11931,CurrentState,MoveToInitial,Slider,52,Scenario,1
ID,8,Time,267.1402,DronePosition,-220.2229,45,-107.379,11.1,CameraPosition,-103.1212,1.739885,-107.6728,CameraRotation,287.8002,291.8954,30.29459,CurrentState,MoveToInitial,Slider,52,Scenario,1
ID,8,Time,267.1539,DronePosition,-220.0705,45,-107.379,11.1,CameraPosition,-103.1213,1.739793,-107.6726,CameraRotation,287.9161,291.6341,30.38016,CurrentState,MoveToInitial,Slider,52,Scenario,1
ID,8,Time,267.1678,DronePosition,-219.9162,45,-107.379,11.1,CameraPosition,-103.1215,1.739773,-107.6722,CameraRotation,288.0929,291.437,30.3556,CurrentState,MoveToInitial,Slider,52,Scenario,1
ID,8,Time,267.1821,DronePosition,-219.7579,45,-107.379,11.1,CameraPosition,-103.1217,1.73977,-107.6717,CameraRotation,288.2827,291.1301,30.42079,CurrentState,MoveToInitial,Slider,52,Scenario,1
ID,8,Time,267.1956,DronePosition,-219.6079,45,-107.379,11.1,CameraPosition,-103.122,1.739826,-107.6712,CameraRotation,288.4569,290.7154,30.53166,CurrentState,MoveToInitial,Slider,52,Scenario,1
ID,8,Time,267.2096,DronePosition,-219.4526,45,-107.379,11.1,CameraPosition,-103.1223,1.739948,-107.6704,CameraRotation,288.6451,290.4436,30.47056,CurrentState,MoveToInitial,Slider,52,Scenario,1
ID,8,Time,267.2236,DronePosition,-219.2967,45,-107.379,11.1,CameraPosition,-103.1226,1.740127,-107.6695,CameraRotation,288.8613,290.2582,30.35526,CurrentState,MoveToInitial,Slider,52,Scenario,1
ID,8,Time,267.2377,DronePosition,-219.1409,45,-107.379,11.1,CameraPosition,-103.1229,1.740291,-107.6684,CameraRotation,289.1192,289.9953,30.26322,CurrentState,MoveToInitial,Slider,52,Scenario,1
ID,8,Time,267.2517,DronePosition,-218.9856,45,-107.379,11.1,CameraPosition,-103.1235,1.740472,-107.6672,CameraRotation,289.4477,289.7457,30.07894,CurrentState,MoveToInitial,Slider,52,Scenario,1
ID,8,Time,267.2651,DronePosition,-218.8362,45,-107.379,11.1,CameraPosition,-103.1242,1.740706,-107.6658,CameraRotation,289.8528,289.4497,29.89233,CurrentState,MoveToInitial,Slider,52,Scenario,1
ID,8,Time,267.2792,DronePosition,-218.6795,45,-107.379,11.1,CameraPosition,-103.125,1.740941,-107.6641,CameraRotation,290.3194,289.1928,29.65714,CurrentState,MoveToInitial,Slider,52,Scenario,1
ID,8,Time,267.2932,DronePosition,-218.5249,45,-107.379,11.1,CameraPosition,-103.1262,1.741153,-107.6622,CameraRotation,290.9763,288.9897,29.25725,CurrentState,MoveToInitial,Slider,52,Scenario,1
ID,8,Time,267.3071,DronePosition,-218.3704,45,-107.379,11.1,CameraPosition,-103.1273,1.741316,-107.6602,CameraRotation,291.8205,288.8055,28.77926,CurrentState,MoveToInitial,Slider,52,Scenario,1
ID,8,Time,267.3212,DronePosition,-218.2143,45,-107.379,11.1,CameraPosition,-103.1287,1.741544,-107.658,CameraRotation,292.8127,288.4739,28.29619,CurrentState,MoveToInitial,Slider,52,Scenario,1
ID,8,Time,267.335,DronePosition,-218.0603,45,-107.379,11.1,CameraPosition,-103.1303,1.741823,-107.6557,CameraRotation,293.8595,287.995,27.86584,CurrentState,MoveToInitial,Slider,52,Scenario,1
ID,8,Time,267.3488,DronePosition,-217.9074,45,-107.379,11.1,CameraPosition,-103.1318,1.742137,-107.6534,CameraRotation,294.9063,287.5107,27.38131,CurrentState,MoveToInitial,Slider,52,Scenario,1
ID,8,Time,267.3628,DronePosition,-217.7518,45,-107.379,11.1,CameraPosition,-103.1335,1.742513,-107.651,CameraRotation,296.1042,286.9728,26.86372,CurrentState,MoveToInitial,Slider,52,Scenario,1
ID,8,Time,267.3771,DronePosition,-217.5931,45,-107.379,11.1,CameraPosition,-103.1353,1.742849,-107.6486,CameraRotation,297.3491,286.3319,26.40583,CurrentState,MoveToInitial,Slider,52,Scenario,1
ID,8,Time,267.3912,DronePosition,-217.437,45,-107.379,11.1,CameraPosition,-103.1372,1.743107,-107.6461,CameraRotation,298.6101,285.6325,25.95395,CurrentState,MoveToInitial,Slider,52,Scenario,1
ID,8,Time,267.405,DronePosition,-217.2831,45,-107.379,11.1,CameraPosition,-103.1393,1.743281,-107.6435,CameraRotation,300.01,284.9514,25.36598,CurrentState,MoveToInitial,Slider,52,Scenario,1
ID,8,Time,267.4195,DronePosition,-217.1231,45,-107.379,11.1,CameraPosition,-103.1414,1.743384,-107.6408,CameraRotation,301.4942,284.451,24.62881,CurrentState,MoveToInitial,Slider,52,Scenario,1
ID,8,Time,267.4326,DronePosition,-216.9767,45,-107.379,11.1,CameraPosition,-103.1436,1.74347,-107.6381,CameraRotation,302.9929,283.9654,23.96196,CurrentState,MoveToInitial,Slider,52,Scenario,1
ID,8,Time,267.447,DronePosition,-216.8176,45,-107.379,11.1,CameraPosition,-103.146,1.743424,-107.6353,CameraRotation,304.6022,283.3646,23.39261,CurrentState,MoveToInitial,Slider,52,Scenario,1
ID,8,Time,267.4613,DronePosition,-216.6591,45,-107.379,11.1,CameraPosition,-103.1484,1.743168,-107.6326,CameraRotation,306.3309,282.6729,22.83387,CurrentState,MoveToInitial,Slider,52,Scenario,1
ID,8,Time,267.4755,DronePosition,-216.5005,45,-107.379,11.1,CameraPosition,-103.1508,1.742771,-107.6298,CameraRotation,308.1386,281.9575,22.22475,CurrentState,MoveToInitial,Slider,52,Scenario,1
ID,8,Time,267.4892,DronePosition,-216.3493,45,-107.379,11.1,CameraPosition,-103.1535,1.742103,-107.627,CameraRotation,310.1719,281.2619,21.50888,CurrentState,MoveToInitial,Slider,52,Scenario,1
ID,8,Time,267.5032,DronePosition,-216.1934,45,-107.379,11.1,CameraPosition,-103.1563,1.741326,-107.6242,CameraRotation,312.256,280.5646,20.7674,CurrentState,MoveToInitial,Slider,52,Scenario,1
ID,8,Time,267.5173,DronePosition,-216.0371,45,-107.379,11.1,CameraPosition,-103.159,1.740485,-107.6216,CameraRotation,314.3077,279.7856,20.09564,CurrentState,MoveToInitial,Slider,52,Scenario,1
ID,8,Time,267.5311,DronePosition,-215.8843,45,-107.379,11.1,CameraPosition,-103.1617,1.739686,-107.6191,CameraRotation,316.2925,278.9132,19.46366,CurrentState,MoveToInitial,Slider,52,Scenario,1
ID,8,Time,267.545,DronePosition,-215.7297,45,-107.379,11.1,CameraPosition,-103.1643,1.738967,-107.6166,CameraRotation,318.123,277.9832,18.82219,CurrentState,MoveToInitial,Slider,52,Scenario,1
ID,8,Time,267.5592,DronePosition,-215.5719,45,-107.379,11.1,CameraPosition,-103.1667,1.738293,-107.6141,CameraRotation,319.8921,277.0817,18.14706,CurrentState,MoveToInitial,Slider,52,Scenario,1
ID,8,Time,267.5732,DronePosition,-215.4171,45,-107.379,11.1,CameraPosition,-103.1691,1.737554,-107.6118,CameraRotation,321.6271,276.167,17.53212,CurrentState,MoveToInitial,Slider,52,Scenario,1
ID,8,Time,267.5877,DronePosition,-215.2559,45,-107.379,11.1,CameraPosition,-103.1714,1.736698,-107.6095,CameraRotation,323.3615,275.2355,16.95538,CurrentState,MoveToInitial,Slider,52,Scenario,1
ID,8,Time,267.601,DronePosition,-215.1085,45,-107.379,11.1,CameraPosition,-103.1736,1.735742,-107.6073,CameraRotation,325.1252,274.3092,16.36197,CurrentState,MoveToInitial,Slider,52,Scenario,1
ID,8,Time,267.6144,DronePosition,-214.9595,45,-107.379,11.1,CameraPosition,-103.1758,1.734696,-107.6053,CameraRotation,326.8615,273.3388,15.75783,CurrentState,MoveToInitial,Slider,52,Scenario,1
ID,8,Time,267.6284,DronePosition,-214.8033,45,-107.379,11.1,CameraPosition,-103.1778,1.733697,-107.6032,CameraRotation,328.5097,272.3448,15.14926,CurrentState,MoveToInitial,Slider,52,Scenario,1
ID,8,Time,267.6422,DronePosition,-214.6501,45,-107.379,11.1,CameraPosition,-103.1795,1.732812,-107.6013,CameraRotation,329.9714,271.3056,14.58282,CurrentState,MoveToInitial,Slider,52,Scenario,1
ID,8,Time,267.6562,DronePosition,-214.495,45,-107.379,11.1,CameraPosition,-103.1812,1.73203,-107.5994,CameraRotation,331.3073,270.266,14.01921,CurrentState,MoveToInitial,Slider,52,Scenario,1
ID,8,Time,267.6705,DronePosition,-214.3367,45,-107.379,11.1,CameraPosition,-103.1827,1.731297,-107.5976,CameraRotation,332.505,269.2057,13.44112,CurrentState,MoveToInitial,Slider,52,Scenario,1
ID,8,Time,267.6838,DronePosition,-214.1887,45,-107.379,11.1,CameraPosition,-103.1841,1.730579,-107.5958,CameraRotation,333.6262,268.1827,12.77943,CurrentState,MoveToInitial,Slider,52,Scenario,1
ID,8,Time,267.6974,DronePosition,-214.0378,45,-107.379,11.1,CameraPosition,-103.1854,1.729861,-107.5941,CameraRotation,334.6947,267.2138,12.07181,CurrentState,MoveToInitial,Slider,52,Scenario,1
ID,8,Time,267.7115,DronePosition,-213.882,45,-107.379,11.1,CameraPosition,-103.1866,1.729248,-107.5924,CameraRotation,335.6469,266.2933,11.42739,CurrentState,MoveToInitial,Slider,52,Scenario,1
ID,8,Time,267.725,DronePosition,-213.7311,45,-107.379,11.1,CameraPosition,-103.1876,1.728825,-107.5907,CameraRotation,336.4246,265.4278,10.93714,CurrentState,MoveToInitial,Slider,52,Scenario,1
ID,8,Time,267.7391,DronePosition,-213.5748,45,-107.379,11.1,CameraPosition,-103.1885,1.728572,-107.589,CameraRotation,337.1187,264.5669,10.50568,CurrentState,MoveToInitial,Slider,52,Scenario,1
ID,8,Time,267.7531,DronePosition,-213.4199,45,-107.379,11.1,CameraPosition,-103.1894,1.728546,-107.5873,CameraRotation,337.6462,263.7262,10.07665,CurrentState,MoveToInitial,Slider,52,Scenario,1
ID,8,Time,267.7665,DronePosition,-213.2708,45,-107.379,11.1,CameraPosition,-103.1902,1.728495,-107.5858,CameraRotation,338.1445,262.9046,9.544867,CurrentState,MoveToInitial,Slider,52,Scenario,1
ID,8,Time,267.7805,DronePosition,-213.116,45,-107.379,11.1,CameraPosition,-103.1909,1.728586,-107.5843,CameraRotation,338.4188,262.1998,8.914268,CurrentState,MoveToInitial,Slider,52,Scenario,1
ID,8,Time,267.7946,DronePosition,-212.9585,45,-107.379,11.1,CameraPosition,-103.1915,1.728713,-107.5828,CameraRotation,338.6757,261.6057,8.325812,CurrentState,MoveToInitial,Slider,52,Scenario,1
ID,8,Time,267.8084,DronePosition,-212.8058,45,-107.379,11.1,CameraPosition,-103.1921,1.728854,-107.5812,CameraRotation,338.897,261.1008,7.856447,CurrentState,MoveToInitial,Slider,52,Scenario,1
ID,8,Time,267.8224,DronePosition,-212.65,45,-107.379,11.1,CameraPosition,-103.1926,1.729021,-107.5796,CameraRotation,339.0638,260.706,7.529071,CurrentState,MoveToInitial,Slider,52,Scenario,1
ID,8,Time,267.8361,DronePosition,-212.4984,45,-107.379,11.1,CameraPosition,-103.193,1.729121,-107.578,CameraRotation,339.2065,260.3455,7.257392,CurrentState,MoveToInitial,Slider,52,Scenario,1
ID,8,Time,267.8505,DronePosition,-212.3385,45,-107.379,11.1,CameraPosition,-103.1935,1.729166,-107.5765,CameraRotation,339.3609,260.0059,6.98068,CurrentState,MoveToInitial,Slider,52,Scenario,1
ID,8,Time,267.8638,DronePosition,-212.1906,45,-107.379,11.1,CameraPosition,-103.1939,1.729222,-107.5751,CameraRotation,339.4849,259.7974,6.708287,CurrentState,MoveToInitial,Slider,52,Scenario,1
ID,8,Time,267.8789,DronePosition,-212.0237,45,-107.379,11.1,CameraPosition,-103.1943,1.729346,-107.5737,CameraRotation,339.5319,259.6975,6.415041,CurrentState,MoveToInitial,Slider,52,Scenario,1
ID,8,Time,267.8918,DronePosition,-211.8795,45,-107.379,11.1,CameraPosition,-103.1947,1.729547,-107.5723,CameraRotation,339.5126,259.6707,6.143772,CurrentState,MoveToInitial,Slider,52,Scenario,1
ID,8,Time,267.9059,DronePosition,-211.7237,45,-107.379,11.1,CameraPosition,-103.1951,1.729842,-107.571,CameraRotation,339.4568,259.7399,5.925166,CurrentState,MoveToInitial,Slider,52,Scenario,1
ID,8,Time,267.9198,DronePosition,-211.5698,45,-107.379,11.1,CameraPosition,-103.1954,1.730101,-107.5697,CameraRotation,339.3971,259.8386,5.837808,CurrentState,MoveToInitial,Slider,52,Scenario,1
ID,8,Time,267.9337,DronePosition,-211.4151,45,-107.379,11.1,CameraPosition,-103.1956,1.730257,-107.5685,CameraRotation,339.364,259.9083,5.814332,CurrentState,MoveToInitial,Slider,52,Scenario,1
ID,8,Time,267.9472,DronePosition,-211.2655,45,-107.379,11.1,CameraPosition,-103.1959,1.730332,-107.5674,CameraRotation,339.3469,260.0345,5.823301,CurrentState,MoveToInitial,Slider,52,Scenario,1
ID,8,Time,267.9613,DronePosition,-211.1085,45,-107.379,11.1,CameraPosition,-103.1962,1.730383,-107.5664,CameraRotation,339.3845,260.2328,5.730229,CurrentState,MoveToInitial,Slider,52,Scenario,1
ID,8,Time,267.9756,DronePosition,-210.9499,45,-107.379,11.1,CameraPosition,-103.1965,1.730465,-107.5654,CameraRotation,339.4109,260.4958,5.547857,CurrentState,MoveToInitial,Slider,52,Scenario,1
ID,8,Time,267.9896,DronePosition,-210.7943,45,-107.379,11.1,CameraPosition,-103.1966,1.730578,-107.5644,CameraRotation,339.3997,260.843,5.358115,CurrentState,MoveToInitial,Slider,52,Scenario,1
ID,8,Time,268.0034,DronePosition,-210.6416,45,-107.379,11.1,CameraPosition,-103.1968,1.730669,-107.5635,CameraRotation,339.3829,261.162,5.191388,CurrentState,MoveToInitial,Slider,52,Scenario,1
ID,8,Time,268.017,DronePosition,-210.49,45,-107.379,11.1,CameraPosition,-103.1969,1.730739,-107.5627,CameraRotation,339.3773,261.473,5.050151,CurrentState,MoveToInitial,Slider,52,Scenario,1
ID,8,Time,268.031,DronePosition,-210.3345,45,-107.379,11.1,CameraPosition,-103.197,1.730868,-107.5619,CameraRotation,339.3469,261.7556,4.944707,CurrentState,MoveToInitial,Slider,52,Scenario,1
ID,8,Time,268.0449,DronePosition,-210.1805,45,-107.379,11.1,CameraPosition,-103.1972,1.731042,-107.5612,CameraRotation,339.2966,262.0358,4.832798,CurrentState,MoveToInitial,Slider,52,Scenario,1
ID,8,Time,268.0589,DronePosition,-210.0254,45,-107.379,11.1,CameraPosition,-103.1973,1.731222,-107.5606,CameraRotation,339.1693,262.3379,4.748054,CurrentState,MoveToInitial,Slider,52,Scenario,1
ID,8,Time,268.0729,DronePosition,-209.8697,45,-107.379,11.1,CameraPosition,-103.1973,1.731405,-107.56,CameraRotation,339.042,262.658,4.66778,CurrentState,MoveToInitial,Slider,52,Scenario,1
ID,8,Time,268.0872,DronePosition,-209.7113,45,-107.379,11.1,CameraPosition,-103.1974,1.731597,-107.5595,CameraRotation,338.932,262.9594,4.60518,CurrentState,MoveToInitial,Slider,52,Scenario,1
ID,8,Time,268.1008,DronePosition,-209.5606,45,-107.379,11.1,CameraPosition,-103.1974,1.73179,-107.5589,CameraRotation,338.8384,263.2371,4.610211,CurrentState,MoveToInitial,Slider,52,Scenario,1
ID,8,Time,268.1141,DronePosition,-209.4122,45,-107.379,11.1,CameraPosition,-103.1975,1.731998,-107.5585,CameraRotation,338.752,263.5012,4.636067,CurrentState,MoveToInitial,Slider,52,Scenario,1
ID,8,Time,268.1286,DronePosition,-209.2512,45,-107.379,11.1,CameraPosition,-103.1976,1.732201,-107.5581,CameraRotation,338.6859,263.7678,4.651677,CurrentState,MoveToInitial,Slider,52,Scenario,1
ID,8,Time,268.1425,DronePosition,-209.0977,45,-107.379,11.1,CameraPosition,-103.1975,1.732387,-107.5576,CameraRotation,338.6086,264.0484,4.643665,CurrentState,MoveToInitial,Slider,52,Scenario,1
ID,8,Time,268.1566,DronePosition,-208.9407,45,-107.379,11.1,CameraPosition,-103.1973,1.732578,-107.5572,CameraRotation,338.4763,264.33,4.636615,CurrentState,MoveToInitial,Slider,52,Scenario,1
ID,8,Time,268.1701,DronePosition,-208.791,45,-107.379,11.1,CameraPosition,-103.1972,1.732792,-107.5567,CameraRotation,338.3643,264.6124,4.645264,CurrentState,MoveToInitial,Slider,52,Scenario,1
ID,8,Time,268.1841,DronePosition,-208.6357,45,-107.379,11.1,CameraPosition,-103.197,1.73309,-107.5562,CameraRotation,338.251,264.8841,4.684105,CurrentState,MoveToInitial,Slider,52,Scenario,1
ID,8,Time,268.1979,DronePosition,-208.4822,45,-107.379,11.1,CameraPosition,-103.1968,1.733434,-107.5557,CameraRotation,338.0571,265.1369,4.684492,CurrentState,MoveToInitial,Slider,52,Scenario,1
ID,8,Time,268.2123,DronePosition,-208.3222,45,-107.379,11.1,CameraPosition,-103.1966,1.733877,-107.5553,CameraRotation,337.7986,265.3615,4.645888,CurrentState,MoveToInitial,Slider,52,Scenario,1
ID,8,Time,268.2259,DronePosition,-208.1721,45,-107.379,11.1,CameraPosition,-103.1963,1.734302,-107.5547,CameraRotation,337.4821,265.5717,4.574162,CurrentState,MoveToInitial,Slider,52,Scenario,1
ID,8,Time,268.24,DronePosition,-208.0147,45,-107.379,11.1,CameraPosition,-103.196,1.734727,-107.5541,CameraRotation,337.1805,265.7813,4.448792,CurrentState,MoveToInitial,Slider,52,Scenario,1
ID,8,Time,268.254,DronePosition,-207.8599,45,-107.379,11.1,CameraPosition,-103.1956,1.735088,-107.5535,CameraRotation,336.9112,266.0281,4.271998,CurrentState,MoveToInitial,Slider,52,Scenario,1
ID,8,Time,268.2681,DronePosition,-207.7037,45,-107.379,11.1,CameraPosition,-103.1953,1.735467,-107.5528,CameraRotation,336.6717,266.2943,4.030708,CurrentState,MoveToInitial,Slider,52,Scenario,1
ID,8,Time,268.2818,DronePosition,-207.5515,45,-107.379,11.1,CameraPosition,-103.1949,1.735867,-107.5522,CameraRotation,336.4208,266.5517,3.81655,CurrentState,MoveToInitial,Slider,52,Scenario,1
ID,8,Time,268.2959,DronePosition,-207.3942,45,-107.379,11.1,CameraPosition,-103.1945,1.736327,-107.5515,CameraRotation,336.1584,266.7785,3.59446,CurrentState,MoveToInitial,Slider,52,Scenario,1
ID,8,Time,268.3098,DronePosition,-207.2401,45,-107.379,11.1,CameraPosition,-103.194,1.73672,-107.5507,CameraRotation,335.8768,266.9781,3.333286,CurrentState,MoveToInitial,Slider,52,Scenario,1
ID,8,Time,268.3238,DronePosition,-207.0846,45,-107.379,11.1,CameraPosition,-103.1934,1.737115,-107.5499,CameraRotation,335.632,267.1745,3.047002,CurrentState,MoveToInitial,Slider,52,Scenario,1
ID,8,Time,268.3374,DronePosition,-206.9336,45,-107.379,11.1,CameraPosition,-103.1928,1.737438,-107.5492,CameraRotation,335.3901,267.3806,2.738456,CurrentState,MoveToInitial,Slider,52,Scenario,1
ID,8,Time,268.3517,DronePosition,-206.7749,45,-107.379,11.1,CameraPosition,-103.1923,1.737672,-107.5484,CameraRotation,335.1859,267.5722,2.41212,CurrentState,MoveToInitial,Slider,52,Scenario,1
ID,8,Time,268.3651,DronePosition,-206.6272,45,-107.379,11.1,CameraPosition,-103.1917,1.737823,-107.5477,CameraRotation,335.0069,267.7494,2.075614,CurrentState,MoveToInitial,Slider,52,Scenario,1
ID,8,Time,268.3794,DronePosition,-206.4683,45,-107.379,11.1,CameraPosition,-103.1912,1.737919,-107.547,CameraRotation,334.8885,267.889,1.752582,CurrentState,MoveToInitial,Slider,52,Scenario,1
ID,8,Time,268.3931,DronePosition,-206.3155,45,-107.379,11.1,CameraPosition,-103.1906,1.738031,-107.5463,CameraRotation,334.7662,267.9991,1.493253,CurrentState,MoveToInitial,Slider,52,Scenario,1
ID,8,Time,268.407,DronePosition,-206.1617,45,-107.379,11.1,CameraPosition,-103.19,1.738111,-107.5456,CameraRotation,334.6637,268.0493,1.308527,CurrentState,MoveToInitial,Slider,52,Scenario,1
ID,8,Time,268.4211,DronePosition,-206.0055,45,-107.379,11.1,CameraPosition,-103.1895,1.73818,-107.5449,CameraRotation,334.5697,268.0802,1.132377,CurrentState,MoveToInitial,Slider,52,Scenario,1
ID,8,Time,268.4351,DronePosition,-205.8498,45,-107.379,11.1,CameraPosition,-103.1891,1.738224,-107.5443,CameraRotation,334.5191,268.0882,0.9365399,CurrentState,MoveToInitial,Slider,52,Scenario,1
ID,8,Time,268.4488,DronePosition,-205.6972,45,-107.379,11.1,CameraPosition,-103.1888,1.738183,-107.5436,CameraRotation,334.5148,268.089,0.7108561,CurrentState,MoveToInitial,Slider,52,Scenario,1
ID,8,Time,268.4627,DronePosition,-205.5427,45,-107.379,11.1,CameraPosition,-103.1884,1.738016,-107.5429,CameraRotation,334.551,268.0842,0.5120091,CurrentState,MoveToInitial,Slider,52,Scenario,1
ID,8,Time,268.4769,DronePosition,-205.3856,45,-107.379,11.1,CameraPosition,-103.188,1.737749,-107.5423,CameraRotation,334.6643,268.0475,0.3458563,CurrentState,MoveToInitial,Slider,52,Scenario,1
ID,8,Time,268.4908,DronePosition,-205.2316,45,-107.379,11.1,CameraPosition,-103.1877,1.737428,-107.5416,CameraRotation,334.7997,267.9853,0.2129758,CurrentState,MoveToInitial,Slider,52,Scenario,1
ID,8,Time,268.505,DronePosition,-205.0732,45,-107.379,11.1,CameraPosition,-103.1875,1.737048,-107.541,CameraRotation,335.0125,267.8862,0.0820053,CurrentState,MoveToInitial,Slider,52,Scenario,1
ID,8,Time,268.519,DronePosition,-204.9187,45,-107.379,11.1,CameraPosition,-103.1873,1.736618,-107.5403,CameraRotation,335.2747,267.7649,359.919,CurrentState,MoveToInitial,Slider,52,Scenario,1
ID,8,Time,268.5324,DronePosition,-204.7697,45,-107.379,11.1,CameraPosition,-103.1872,1.736188,-107.5396,CameraRotation,335.5168,267.6569,359.7224,CurrentState,MoveToInitial,Slider,52,Scenario,1
ID,8,Time,268.5464,DronePosition,-204.6144,45,-107.379,11.1,CameraPosition,-103.1871,1.735672,-107.539,CameraRotation,335.814,267.5424,359.4771,CurrentState,MoveToInitial,Slider,52,Scenario,1
ID,8,Time,268.5601,DronePosition,-204.4623,45,-107.379,11.1,CameraPosition,-103.1871,1.735171,-107.5383,CameraRotation,336.137,267.413,359.2393,CurrentState,MoveToInitial,Slider,52,Scenario,1
ID,8,Time,268.5744,DronePosition,-204.3032,45,-107.379,11.1,CameraPosition,-103.1871,1.734706,-107.5377,CameraRotation,336.4638,267.2671,359.0274,CurrentState,MoveToInitial,Slider,52,Scenario,1
ID,8,Time,268.5883,DronePosition,-204.149,45,-107.379,11.1,CameraPosition,-103.1871,1.734308,-107.5371,CameraRotation,336.8025,267.0958,358.841,CurrentState,MoveToInitial,Slider,52,Scenario,1
ID,8,Time,268.6022,DronePosition,-203.995,45,-107.379,11.1,CameraPosition,-103.1873,1.733934,-107.5365,CameraRotation,337.13,266.9343,358.6359,CurrentState,MoveToInitial,Slider,52,Scenario,1
ID,8,Time,268.6165,DronePosition,-203.8355,45,-107.379,11.1,CameraPosition,-103.1874,1.733519,-107.5359,CameraRotation,337.4758,266.7974,358.3813,CurrentState,MoveToInitial,Slider,52,Scenario,1
ID,8,Time,268.6297,DronePosition,-203.6899,45,-107.379,11.1,CameraPosition,-103.1875,1.733029,-107.5353,CameraRotation,337.8842,266.6804,358.0915,CurrentState,MoveToInitial,Slider,52,Scenario,1
ID,8,Time,268.6436,DronePosition,-203.535,45,-107.379,11.1,CameraPosition,-103.1877,1.732499,-107.5346,CameraRotation,338.3111,266.6173,357.775,CurrentState,MoveToInitial,Slider,52,Scenario,1
ID,8,Time,268.6579,DronePosition,-203.3765,45,-107.379,11.1,CameraPosition,-103.1879,1.732026,-107.534,CameraRotation,338.7218,266.5611,357.4791,CurrentState,MoveToInitial,Slider,52,Scenario,1
ID,8,Time,268.6716,DronePosition,-203.224,45,-107.379,11.1,CameraPosition,-103.1883,1.731612,-107.5333,CameraRotation,339.0864,266.5265,357.224,CurrentState,MoveToInitial,Slider,52,Scenario,1
ID,8,Time,268.6855,DronePosition,-203.0701,45,-107.379,11.1,CameraPosition,-103.1886,1.731268,-107.5326,CameraRotation,339.3954,266.504,356.9748,CurrentState,MoveToInitial,Slider,52,Scenario,1
ID,8,Time,268.6995,DronePosition,-202.9146,45,-107.379,11.1,CameraPosition,-103.189,1.730966,-107.532,CameraRotation,339.6857,266.4869,356.7245,CurrentState,MoveToInitial,Slider,52,Scenario,1
ID,8,Time,268.7138,DronePosition,-202.7557,45,-107.379,11.1,CameraPosition,-103.1895,1.730714,-107.5313,CameraRotation,339.9478,266.5011,356.4907,CurrentState,MoveToInitial,Slider,52,Scenario,1
ID,8,Time,268.7275,DronePosition,-202.6035,45,-107.379,11.1,CameraPosition,-103.1899,1.730481,-107.5307,CameraRotation,340.2359,266.5339,356.2514,CurrentState,MoveToInitial,Slider,52,Scenario,1
ID,8,Time,268.7415,DronePosition,-202.4487,45,-107.379,11.1,CameraPosition,-103.1904,1.730283,-107.5302,CameraRotation,340.5444,266.5704,356.0592,CurrentState,MoveToInitial,Slider,52,Scenario,1
ID,8,Time,268.7552,DronePosition,-202.2965,45,-107.379,11.1,CameraPosition,-103.191,1.730185,-107.5296,CameraRotation,340.8466,266.6172,355.8987,CurrentState,MoveToInitial,Slider,52,Scenario,1
ID,8,Time,268.7692,DronePosition,-202.141,45,-107.379,11.1,CameraPosition,-103.1916,1.730192,-107.5292,CameraRotation,341.0777,266.673,355.7586,CurrentState,MoveToInitial,Slider,52,Scenario,1
ID,8,Time,268.7831,DronePosition,-201.9865,45,-107.379,11.1,CameraPosition,-103.1922,1.730198,-107.5287,CameraRotation,341.2633,266.7446,355.6608,CurrentState,MoveToInitial,Slider,52,Scenario,1
ID,8,Time,268.7966,DronePosition,-201.8364,45,-107.379,11.1,CameraPosition,-103.1929,1.730241,-107.5282,CameraRotation,341.4389,266.8208,355.5968,CurrentState,MoveToInitial,Slider,52,Scenario,1
ID,8,Time,268.8109,DronePosition,-201.6785,45,-107.379,11.1,CameraPosition,-103.1936,1.730271,-107.5277,CameraRotation,341.6123,266.8997,355.5719,CurrentState,MoveToInitial,Slider,52,Scenario,1
ID,8,Time,268.825,DronePosition,-201.521,45,-107.379,11.1,CameraPosition,-103.1943,1.730276,-107.5273,CameraRotation,341.7526,266.9707,355.531,CurrentState,MoveToInitial,Slider,52,Scenario,1
ID,8,Time,268.8388,DronePosition,-201.3686,45,-107.379,11.1,CameraPosition,-103.195,1.730211,-107.5269,CameraRotation,341.8365,267.0148,355.5224,CurrentState,MoveToInitial,Slider,52,Scenario,1
ID,8,Time,268.8528,DronePosition,-201.213,45,-107.379,11.1,CameraPosition,-103.1956,1.730141,-107.5266,CameraRotation,341.9291,267.0405,355.5189,CurrentState,MoveToInitial,Slider,52,Scenario,1
ID,8,Time,268.8666,DronePosition,-201.0601,45,-107.379,11.1,CameraPosition,-103.1963,1.730099,-107.5262,CameraRotation,342.0343,267.0584,355.5064,CurrentState,MoveToInitial,Slider,52,Scenario,1
ID,8,Time,268.8802,DronePosition,-200.9092,45,-107.379,11.1,CameraPosition,-103.1971,1.730074,-107.5257,CameraRotation,342.1727,267.0531,355.5071,CurrentState,MoveToInitial,Slider,52,Scenario,1
ID,8,Time,268.8942,DronePosition,-200.7539,45,-107.379,11.1,CameraPosition,-103.1978,1.730126,-107.5253,CameraRotation,342.3309,267.0598,355.4875,CurrentState,MoveToInitial,Slider,52,Scenario,1
ID,8,Time,268.9082,DronePosition,-200.5978,45,-107.379,11.1,CameraPosition,-103.1984,1.730224,-107.5247,CameraRotation,342.4072,267.0482,355.485,CurrentState,MoveToInitial,Slider,52,Scenario,1
ID,8,Time,268.9236,DronePosition,-200.4278,45,-107.379,11.1,CameraPosition,-103.199,1.730178,-107.5242,CameraRotation,342.387,267.0333,355.5414,CurrentState,MoveToInitial,Slider,52,Scenario,1
ID,8,Time,268.9364,DronePosition,-200.2854,45,-107.379,11.1,CameraPosition,-103.1996,1.729991,-107.5237,CameraRotation,342.4301,266.99,355.62,CurrentState,MoveToInitial,Slider,52,Scenario,1
ID,8,Time,268.95,DronePosition,-200.134,45,-107.379,11.1,CameraPosition,-103.2001,1.729643,-107.5232,CameraRotation,342.5378,266.9295,355.6941,CurrentState,MoveToInitial,Slider,52,Scenario,1
ID,8,Time,268.9638,DronePosition,-199.9806,45,-107.379,11.1,CameraPosition,-103.2007,1.729343,-107.5226,CameraRotation,342.6953,266.8438,355.7285,CurrentState,MoveToInitial,Slider,52,Scenario,1
ID,8,Time,268.9779,DronePosition,-199.8248,45,-107.379,11.1,CameraPosition,-103.2012,1.729187,-107.522,CameraRotation,342.7913,266.7741,355.7313,CurrentState,MoveToInitial,Slider,52,Scenario,1
ID,8,Time,268.9916,DronePosition,-199.6723,45,-107.379,11.1,CameraPosition,-103.2016,1.729138,-107.5213,CameraRotation,342.8054,266.6966,355.7306,CurrentState,MoveToInitial,Slider,52,Scenario,1
ID,8,Time,269.0059,DronePosition,-199.5142,45,-107.379,11.1,CameraPosition,-103.2021,1.729201,-107.5206,CameraRotation,342.7647,266.6183,355.7325,CurrentState,MoveToInitial,Slider,52,Scenario,1
ID,8,Time,269.0195,DronePosition,-199.3624,45,-107.379,11.1,CameraPosition,-103.2025,1.729311,-107.5197,CameraRotation,342.7354,266.5439,355.7422,CurrentState,MoveToInitial,Slider,52,Scenario,1
ID,8,Time,269.0335,DronePosition,-199.2073,45,-107.379,11.1,CameraPosition,-103.2029,1.729456,-107.5188,CameraRotation,342.7441,266.4734,355.7425,CurrentState,MoveToInitial,Slider,52,Scenario,1
ID,8,Time,269.0474,DronePosition,-199.0536,45,-107.379,11.1,CameraPosition,-103.2032,1.729591,-107.5177,CameraRotation,342.8049,266.4158,355.7585,CurrentState,MoveToInitial,Slider,52,Scenario,1
ID,8,Time,269.0614,DronePosition,-198.8971,45,-107.379,11.1,CameraPosition,-103.2036,1.729702,-107.5165,CameraRotation,342.8282,266.378,355.7874,CurrentState,MoveToInitial,Slider,52,Scenario,1
ID,8,Time,269.0751,DronePosition,-198.7457,45,-107.379,11.1,CameraPosition,-103.2039,1.729843,-107.5154,CameraRotation,342.8258,266.342,355.8107,CurrentState,MoveToInitial,Slider,52,Scenario,1
ID,8,Time,269.0892,DronePosition,-198.5889,45,-107.379,11.1,CameraPosition,-103.2043,1.729953,-107.5141,CameraRotation,342.7925,266.2982,355.8431,CurrentState,MoveToInitial,Slider,52,Scenario,1
ID,8,Time,269.1032,DronePosition,-198.4336,45,-107.379,11.1,CameraPosition,-103.2047,1.730035,-107.5127,CameraRotation,342.7826,266.2612,355.8824,CurrentState,MoveToInitial,Slider,52,Scenario,1
ID,8,Time,269.1168,DronePosition,-198.2823,45,-107.379,11.1,CameraPosition,-103.205,1.730046,-107.5113,CameraRotation,342.7671,266.2311,355.8956,CurrentState,MoveToInitial,Slider,52,Scenario,1
ID,8,Time,269.1313,DronePosition,-198.122,45,-107.379,11.1,CameraPosition,-103.2054,1.730039,-107.5098,CameraRotation,342.7554,266.2207,355.8867,CurrentState,MoveToInitial,Slider,52,Scenario,1
ID,8,Time,269.1445,DronePosition,-197.9749,45,-107.379,11.1,CameraPosition,-103.2058,1.729973,-107.5082,CameraRotation,342.6718,266.2449,355.85,CurrentState,MoveToInitial,Slider,52,Scenario,1
ID,8,Time,269.1589,DronePosition,-197.8154,45,-107.379,11.1,CameraPosition,-103.2062,1.729864,-107.5065,CameraRotation,342.6028,266.2678,355.8522,CurrentState,MoveToInitial,Slider,52,Scenario,1
ID,8,Time,269.1727,DronePosition,-197.6625,45,-107.379,11.1,CameraPosition,-103.2066,1.729741,-107.5047,CameraRotation,342.5717,266.2408,355.9405,CurrentState,MoveToInitial,Slider,52,Scenario,1
ID,8,Time,269.1865,DronePosition,-197.5095,45,-107.379,11.1,CameraPosition,-103.2069,1.729597,-107.5028,CameraRotation,342.5538,266.1849,356.0956,CurrentState,MoveToInitial,Slider,52,Scenario,1
ID,8,Time,269.2004,DronePosition,-197.3546,45,-107.379,11.1,CameraPosition,-103.2072,1.729474,-107.5007,CameraRotation,342.5509,266.1111,356.2164,CurrentState,MoveToInitial,Slider,52,Scenario,1
ID,8,Time,269.2147,DronePosition,-197.1964,45,-107.379,11.1,CameraPosition,-103.2075,1.729421,-107.4986,CameraRotation,342.5809,266.0293,356.2925,CurrentState,MoveToInitial,Slider,52,Scenario,1
ID,8,Time,269.2285,DronePosition,-197.0429,45,-107.379,11.1,CameraPosition,-103.2078,1.729532,-107.4964,CameraRotation,342.6166,265.955,356.3279,CurrentState,MoveToInitial,Slider,52,Scenario,1
ID,8,Time,269.2423,DronePosition,-196.8899,45,-107.379,11.1,CameraPosition,-103.2082,1.7299,-107.4941,CameraRotation,342.6158,265.8766,356.3477,CurrentState,MoveToInitial,Slider,52,Scenario,1
ID,8,Time,269.2563,DronePosition,-196.7347,45,-107.379,11.1,CameraPosition,-103.2085,1.730401,-107.4917,CameraRotation,342.5695,265.7855,356.3988,CurrentState,MoveToInitial,Slider,52,Scenario,1
ID,8,Time,269.2702,DronePosition,-196.5797,45,-107.379,11.1,CameraPosition,-103.2088,1.730941,-107.4892,CameraRotation,342.4595,265.6599,356.4534,CurrentState,MoveToInitial,Slider,52,Scenario,1
ID,8,Time,269.2841,DronePosition,-196.4254,45,-107.379,11.1,CameraPosition,-103.2091,1.731389,-107.4867,CameraRotation,342.3626,265.5347,356.4507,CurrentState,MoveToInitial,Slider,52,Scenario,1
ID,8,Time,269.2976,DronePosition,-196.2757,45,-107.379,11.1,CameraPosition,-103.2093,1.731702,-107.4841,CameraRotation,342.3033,265.4221,356.4092,CurrentState,MoveToInitial,Slider,52,Scenario,1
ID,8,Time,269.3118,DronePosition,-196.1183,45,-107.379,11.1,CameraPosition,-103.2096,1.731902,-107.4814,CameraRotation,342.2626,265.3389,356.3127,CurrentState,MoveToInitial,Slider,52,Scenario,1
ID,8,Time,269.3256,DronePosition,-195.9646,45,-107.379,11.1,CameraPosition,-103.2098,1.732052,-107.4786,CameraRotation,342.1956,265.279,356.1941,CurrentState,MoveToInitial,Slider,52,Scenario,1
ID,8,Time,269.3399,DronePosition,-195.8064,45,-107.379,11.1,CameraPosition,-103.2101,1.732222,-107.4758,CameraRotation,342.0341,265.2249,356.0953,CurrentState,MoveToInitial,Slider,52,Scenario,1
ID,8,Time,269.3538,DronePosition,-195.6519,45,-107.379,11.1,CameraPosition,-103.2104,1.732436,-107.473,CameraRotation,341.8307,265.1884,356.0105,CurrentState,MoveToInitial,Slider,52,Scenario,1
ID,8,Time,269.3675,DronePosition,-195.5002,45,-107.379,11.1,CameraPosition,-103.2106,1.732655,-107.4701,CameraRotation,341.6569,265.1578,355.9459,CurrentState,MoveToInitial,Slider,52,Scenario,1
ID,8,Time,269.3815,DronePosition,-195.3442,45,-107.379,11.1,CameraPosition,-103.2109,1.732833,-107.4672,CameraRotation,341.5055,265.1693,355.8627,CurrentState,MoveToInitial,Slider,52,Scenario,1
ID,8,Time,269.3954,DronePosition,-195.1906,45,-107.379,11.1,CameraPosition,-103.2112,1.73306,-107.4643,CameraRotation,341.3464,265.2216,355.743,CurrentState,MoveToInitial,Slider,52,Scenario,1
ID,8,Time,269.4093,DronePosition,-195.0357,45,-107.379,11.1,CameraPosition,-103.2114,1.733334,-107.4613,CameraRotation,341.1758,265.303,355.6358,CurrentState,MoveToInitial,Slider,52,Scenario,1
ID,8,Time,269.4231,DronePosition,-194.8827,45,-107.379,11.1,CameraPosition,-103.2117,1.733572,-107.4584,CameraRotation,340.9947,265.3823,355.5893,CurrentState,MoveToInitial,Slider,52,Scenario,1
ID,8,Time,269.4372,DronePosition,-194.7261,45,-107.379,11.1,CameraPosition,-103.212,1.733745,-107.4555,CameraRotation,340.8117,265.4792,355.5658,CurrentState,MoveToInitial,Slider,52,Scenario,1
ID,8,Time,269.4509,DronePosition,-194.5742,45,-107.379,11.1,CameraPosition,-103.2123,1.733834,-107.4526,CameraRotation,340.7162,265.5857,355.5548,CurrentState,MoveToInitial,Slider,52,Scenario,1
ID,8,Time,269.4649,DronePosition,-194.4192,45,-107.379,11.1,CameraPosition,-103.2126,1.733893,-107.4497,CameraRotation,340.6833,265.6734,355.582,CurrentState,MoveToInitial,Slider,52,Scenario,1
ID,8,Time,269.479,DronePosition,-194.262,45,-107.379,11.1,CameraPosition,-103.2129,1.733858,-107.4469,CameraRotation,340.676,265.7497,355.6395,CurrentState,MoveToInitial,Slider,52,Scenario,1
ID,8,Time,269.4928,DronePosition,-194.1092,45,-107.379,11.1,CameraPosition,-103.2133,1.733823,-107.444,CameraRotation,340.6285,265.8145,355.6932,CurrentState,MoveToInitial,Slider,52,Scenario,1
ID,8,Time,269.5069,DronePosition,-193.9526,45,-107.379,11.1,CameraPosition,-103.2137,1.73383,-107.4412,CameraRotation,340.5844,265.8499,355.7402,CurrentState,MoveToInitial,Slider,52,Scenario,1
ID,8,Time,269.5206,DronePosition,-193.8003,45,-107.379,11.1,CameraPosition,-103.214,1.733826,-107.4383,CameraRotation,340.5584,265.8813,355.7653,CurrentState,MoveToInitial,Slider,52,Scenario,1
ID,8,Time,269.5347,DronePosition,-193.6441,45,-107.379,11.1,CameraPosition,-103.2144,1.733805,-107.4355,CameraRotation,340.5428,265.9037,355.7734,CurrentState,MoveToInitial,Slider,52,Scenario,1
ID,8,Time,269.5487,DronePosition,-193.4887,45,-107.379,11.1,CameraPosition,-103.2149,1.733764,-107.4327,CameraRotation,340.4948,265.9372,355.7773,CurrentState,MoveToInitial,Slider,52,Scenario,1
ID,8,Time,269.5625,DronePosition,-193.3357,45,-107.379,11.1,CameraPosition,-103.2155,1.7338,-107.4298,CameraRotation,340.4557,265.9751,355.7618,CurrentState,MoveToInitial,Slider,52,Scenario,1
ID,8,Time,269.5765,DronePosition,-193.1803,45,-107.379,11.1,CameraPosition,-103.216,1.733866,-107.427,CameraRotation,340.4308,266.0241,355.7247,CurrentState,MoveToInitial,Slider,52,Scenario,1
ID,8,Time,269.5905,DronePosition,-193.0244,45,-107.379,11.1,CameraPosition,-103.2166,1.733878,-107.4243,CameraRotation,340.3971,266.0709,355.7011,CurrentState,MoveToInitial,Slider,52,Scenario,1
ID,8,Time,269.6043,DronePosition,-192.871,45,-107.379,11.1,CameraPosition,-103.2172,1.733907,-107.4216,CameraRotation,340.3387,266.0881,355.7168,CurrentState,MoveToInitial,Slider,52,Scenario,1
ID,8,Time,269.618,DronePosition,-192.7193,45,-107.379,11.1,CameraPosition,-103.2179,1.733995,-107.4189,CameraRotation,340.3171,266.0928,355.733,CurrentState,MoveToInitial,Slider,52,Scenario,1
ID,8,Time,269.6321,DronePosition,-192.5628,45,-107.379,11.1,CameraPosition,-103.2186,1.734119,-107.4162,CameraRotation,340.3187,266.0676,355.7432,CurrentState,MoveToInitial,Slider,52,Scenario,1
ID,8,Time,269.6461,DronePosition,-192.4077,45,-107.379,11.1,CameraPosition,-103.2193,1.734227,-107.4135,CameraRotation,340.3186,266.0371,355.7632,CurrentState,MoveToInitial,Slider,52,Scenario,1
ID,8,Time,269.66,DronePosition,-192.2532,45,-107.379,11.1,CameraPosition,-103.22,1.734324,-107.4108,CameraRotation,340.2851,266.005,355.7977,CurrentState,MoveToInitial,Slider,52,Scenario,1
ID,8,Time,269.6739,DronePosition,-192.099,45,-107.379,11.1,CameraPosition,-103.2207,1.734406,-107.4081,CameraRotation,340.2387,265.9729,355.8052,CurrentState,MoveToInitial,Slider,52,Scenario,1
ID,8,Time,269.6878,DronePosition,-191.9441,45,-107.379,11.1,CameraPosition,-103.2215,1.734449,-107.4055,CameraRotation,340.1793,265.9432,355.7793,CurrentState,MoveToInitial,Slider,52,Scenario,1
ID,8,Time,269.7019,DronePosition,-191.7879,45,-107.379,11.1,CameraPosition,-103.2224,1.734496,-107.4029,CameraRotation,340.1523,265.9325,355.7201,CurrentState,MoveToInitial,Slider,52,Scenario,1
ID,8,Time,269.7158,DronePosition,-191.6335,45,-107.379,11.1,CameraPosition,-103.2233,1.734538,-107.4003,CameraRotation,340.135,265.911,355.6533,CurrentState,MoveToInitial,Slider,52,Scenario,1
ID,8,Time,269.7293,DronePosition,-191.4835,45,-107.379,11.1,CameraPosition,-103.2243,1.734566,-107.3977,CameraRotation,340.0804,265.9095,355.5903,CurrentState,MoveToInitial,Slider,52,Scenario,1
ID,8,Time,269.7437,DronePosition,-191.3238,45,-107.379,11.1,CameraPosition,-103.2253,1.73461,-107.3952,CameraRotation,340.0352,265.9226,355.5338,CurrentState,MoveToInitial,Slider,52,Scenario,1
ID,8,Time,269.7574,DronePosition,-191.1719,45,-107.379,11.1,CameraPosition,-103.2264,1.734585,-107.3927,CameraRotation,339.9687,265.951,355.4985,CurrentState,MoveToInitial,Slider,52,Scenario,1
ID,8,Time,269.7715,DronePosition,-191.0151,45,-107.379,11.1,CameraPosition,-103.2275,1.734552,-107.3903,CameraRotation,339.9527,265.9881,355.4893,CurrentState,MoveToInitial,Slider,52,Scenario,1
ID,8,Time,269.7852,DronePosition,-190.8638,45,-107.379,11.1,CameraPosition,-103.2287,1.734563,-107.3879,CameraRotation,339.9791,266.0207,355.5062,CurrentState,MoveToInitial,Slider,52,Scenario,1
ID,8,Time,269.7991,DronePosition,-190.7092,45,-107.379,11.1,CameraPosition,-103.2299,1.73463,-107.3855,CameraRotation,339.986,266.0695,355.5355,CurrentState,MoveToInitial,Slider,52,Scenario,1
ID,8,Time,269.8131,DronePosition,-190.5541,45,-107.379,11.1,CameraPosition,-103.2312,1.734724,-107.3832,CameraRotation,340.0028,266.1352,355.5707,CurrentState,MoveToInitial,Slider,52,Scenario,1
ID,8,Time,269.8271,DronePosition,-190.3987,45,-107.379,11.1,CameraPosition,-103.2325,1.734817,-107.3809,CameraRotation,339.9793,266.2234,355.6044,CurrentState,MoveToInitial,Slider,52,Scenario,1
ID,8,Time,269.8412,DronePosition,-190.242,45,-107.379,11.1,CameraPosition,-103.2337,1.734903,-107.3787,CameraRotation,339.9789,266.3337,355.646,CurrentState,MoveToInitial,Slider,52,Scenario,1
ID,8,Time,269.8549,DronePosition,-190.0896,45,-107.379,11.1,CameraPosition,-103.235,1.734918,-107.3766,CameraRotation,340.0164,266.4717,355.6624,CurrentState,MoveToInitial,Slider,52,Scenario,1
ID,8,Time,269.8688,DronePosition,-189.935,45,-107.379,11.1,CameraPosition,-103.2363,1.734872,-107.3745,CameraRotation,340.1114,266.6064,355.6656,CurrentState,MoveToInitial,Slider,52,Scenario,1
ID,8,Time,269.8829,DronePosition,-189.7785,45,-107.379,11.1,CameraPosition,-103.2375,1.73477,-107.3725,CameraRotation,340.2771,266.7579,355.6576,CurrentState,MoveToInitial,Slider,52,Scenario,1
ID,8,Time,269.8971,DronePosition,-189.6218,45,-107.379,11.1,CameraPosition,-103.2387,1.734676,-107.3707,CameraRotation,340.4587,266.9065,355.6683,CurrentState,MoveToInitial,Slider,52,Scenario,1
ID,8,Time,269.9107,DronePosition,-189.4699,45,-107.379,11.1,CameraPosition,-103.2397,1.734562,-107.3689,CameraRotation,340.5984,267.0258,355.7248,CurrentState,MoveToInitial,Slider,52,Scenario,1
ID,8,Time,269.9243,DronePosition,-189.319,45,-107.379,11.1,CameraPosition,-103.2407,1.734442,-107.3673,CameraRotation,340.7361,267.1425,355.7825,CurrentState,MoveToInitial,Slider,52,Scenario,1
ID,8,Time,269.9384,DronePosition,-189.1631,45,-107.379,11.1,CameraPosition,-103.2418,1.734366,-107.3657,CameraRotation,340.843,267.2602,355.843,CurrentState,MoveToInitial,Slider,52,Scenario,1
ID,8,Time,269.9527,DronePosition,-189.0044,45,-107.379,11.1,CameraPosition,-103.2427,1.734411,-107.3643,CameraRotation,341.0189,267.3762,355.8567,CurrentState,MoveToInitial,Slider,52,Scenario,1
ID,8,Time,269.9664,DronePosition,-188.8517,45,-107.379,11.1,CameraPosition,-103.2435,1.734469,-107.363,CameraRotation,341.1527,267.4939,355.8373,CurrentState,MoveToInitial,Slider,52,Scenario,1
ID,8,Time,269.9799,DronePosition,-188.7019,45,-107.379,11.1,CameraPosition,-103.2443,1.734518,-107.3618,CameraRotation,341.2838,267.6023,355.8526,CurrentState,MoveToInitial,Slider,52,Scenario,1
ID,8,Time,269.9942,DronePosition,-188.5433,45,-107.379,11.1,CameraPosition,-103.245,1.734462,-107.3608,CameraRotation,341.3838,267.6819,355.9017,CurrentState,MoveToInitial,Slider,52,Scenario,1
ID,8,Time,270.0082,DronePosition,-188.3878,45,-107.379,11.1,CameraPosition,-103.2456,1.734299,-107.3598,CameraRotation,341.4948,267.7526,355.928,CurrentState,MoveToInitial,Slider,52,Scenario,1
ID,8,Time,270.0223,DronePosition,-188.2311,45,-107.379,11.1,CameraPosition,-103.2462,1.734182,-107.359,CameraRotation,341.6004,267.8558,355.8828,CurrentState,MoveToInitial,Slider,52,Scenario,1
ID,8,Time,270.036,DronePosition,-188.0799,45,-107.379,11.1,CameraPosition,-103.2467,1.734143,-107.3583,CameraRotation,341.7132,267.9395,355.8424,CurrentState,MoveToInitial,Slider,52,Scenario,1
ID,8,Time,270.0499,DronePosition,-187.9249,45,-107.379,11.1,CameraPosition,-103.2472,1.734253,-107.3577,CameraRotation,341.8017,268.0253,355.8366,CurrentState,MoveToInitial,Slider,52,Scenario,1
ID,8,Time,270.0638,DronePosition,-187.7711,45,-107.379,11.1,CameraPosition,-103.2475,1.734447,-107.3571,CameraRotation,341.8432,268.1117,355.8279,CurrentState,MoveToInitial,Slider,52,Scenario,1
ID,8,Time,270.0775,DronePosition,-187.6183,45,-107.379,11.1,CameraPosition,-103.2477,1.73471,-107.3568,CameraRotation,341.8518,268.1839,355.8567,CurrentState,MoveToInitial,Slider,52,Scenario,1
ID,8,Time,270.0916,DronePosition,-187.4624,45,-107.379,11.1,CameraPosition,-103.2479,1.7349,-107.3564,CameraRotation,341.8108,268.2508,355.9188,CurrentState,MoveToInitial,Slider,52,Scenario,1
ID,8,Time,270.1057,DronePosition,-187.3064,45,-107.379,11.1,CameraPosition,-103.248,1.73502,-107.3562,CameraRotation,341.7577,268.3015,356.027,CurrentState,MoveToInitial,Slider,52,Scenario,1
ID,8,Time,270.1195,DronePosition,-187.1526,45,-107.379,11.1,CameraPosition,-103.2481,1.735018,-107.3561,CameraRotation,341.7269,268.3484,356.1502,CurrentState,MoveToInitial,Slider,52,Scenario,1
ID,8,Time,270.1333,DronePosition,-186.9994,45,-107.379,11.1,CameraPosition,-103.2481,1.73497,-107.3561,CameraRotation,341.7588,268.403,356.2651,CurrentState,MoveToInitial,Slider,52,Scenario,1
ID,8,Time,270.1469,DronePosition,-186.8486,45,-107.379,11.1,CameraPosition,-103.2481,1.734879,-107.3562,CameraRotation,341.7645,268.4603,356.3673,CurrentState,MoveToInitial,Slider,52,Scenario,1
ID,8,Time,270.1612,DronePosition,-186.6896,45,-107.379,11.1,CameraPosition,-103.2478,1.734871,-107.3564,CameraRotation,341.7294,268.529,356.4987,CurrentState,MoveToInitial,Slider,52,Scenario,1
ID,8,Time,270.1754,DronePosition,-186.5325,45,-107.379,11.1,CameraPosition,-103.2476,1.734962,-107.3566,CameraRotation,341.6027,268.5926,356.6649,CurrentState,MoveToInitial,Slider,52,Scenario,1
ID,8,Time,270.1895,DronePosition,-186.3757,45,-107.379,11.1,CameraPosition,-103.2474,1.735108,-107.3569,CameraRotation,341.4991,268.6441,356.8282,CurrentState,MoveToInitial,Slider,52,Scenario,1
ID,8,Time,270.2029,DronePosition,-186.227,45,-107.379,11.1,CameraPosition,-103.2472,1.735232,-107.3573,CameraRotation,341.3466,268.6718,357.0201,CurrentState,MoveToInitial,Slider,52,Scenario,1
ID,8,Time,270.2168,DronePosition,-186.0722,45,-107.379,11.1,CameraPosition,-103.2469,1.735335,-107.3577,CameraRotation,341.1657,268.7041,357.1881,CurrentState,MoveToInitial,Slider,52,Scenario,1
ID,8,Time,270.2306,DronePosition,-185.9196,45,-107.379,11.1,CameraPosition,-103.2466,1.735389,-107.3581,CameraRotation,340.9908,268.7447,357.3188,CurrentState,MoveToInitial,Slider,52,Scenario,1
ID,8,Time,270.2447,DronePosition,-185.7635,45,-107.379,11.1,CameraPosition,-103.2462,1.735383,-107.3586,CameraRotation,340.8309,268.8173,357.3885,CurrentState,MoveToInitial,Slider,52,Scenario,1
ID,8,Time,270.2584,DronePosition,-185.6115,45,-107.379,11.1,CameraPosition,-103.2458,1.735422,-107.3591,CameraRotation,340.6823,268.9104,357.4213,CurrentState,MoveToInitial,Slider,52,Scenario,1
ID,8,Time,270.2724,DronePosition,-185.4551,45,-107.379,11.1,CameraPosition,-103.2454,1.735533,-107.3597,CameraRotation,340.5676,268.9955,357.4841,CurrentState,MoveToInitial,Slider,52,Scenario,1
ID,8,Time,270.2865,DronePosition,-185.2994,45,-107.379,11.1,CameraPosition,-103.2449,1.735757,-107.3604,CameraRotation,340.4329,269.0698,357.593,CurrentState,MoveToInitial,Slider,52,Scenario,1
ID,8,Time,270.3004,DronePosition,-185.1453,45,-107.379,11.1,CameraPosition,-103.2445,1.736024,-107.3611,CameraRotation,340.3004,269.1262,357.7156,CurrentState,MoveToInitial,Slider,52,Scenario,1
ID,8,Time,270.314,DronePosition,-184.9943,45,-107.379,11.1,CameraPosition,-103.244,1.736294,-107.3619,CameraRotation,340.1141,269.1678,357.8626,CurrentState,MoveToInitial,Slider,52,Scenario,1
ID,8,Time,270.3281,DronePosition,-184.8371,45,-107.379,11.1,CameraPosition,-103.2435,1.736606,-107.3627,CameraRotation,339.941,269.2124,358.0208,CurrentState,MoveToInitial,Slider,52,Scenario,1
ID,8,Time,270.3421,DronePosition,-184.682,45,-107.379,11.1,CameraPosition,-103.2431,1.736982,-107.3635,CameraRotation,339.7522,269.2522,358.1681,CurrentState,MoveToInitial,Slider,52,Scenario,1
ID,8,Time,270.3564,DronePosition,-184.5235,45,-107.379,11.1,CameraPosition,-103.2426,1.737287,-107.3643,CameraRotation,339.5865,269.291,358.3237,CurrentState,MoveToInitial,Slider,52,Scenario,1
ID,8,Time,270.37,DronePosition,-184.3722,45,-107.379,11.1,CameraPosition,-103.2422,1.737498,-107.3651,CameraRotation,339.4019,269.3307,358.4728,CurrentState,MoveToInitial,Slider,52,Scenario,1
ID,8,Time,270.3842,DronePosition,-184.2141,45,-107.379,11.1,CameraPosition,-103.2417,1.737628,-107.366,CameraRotation,339.2527,269.3531,358.6309,CurrentState,MoveToInitial,Slider,52,Scenario,1
ID,8,Time,270.3978,DronePosition,-184.0635,45,-107.379,11.1,CameraPosition,-103.2413,1.737751,-107.3668,CameraRotation,339.1145,269.3509,358.7896,CurrentState,MoveToInitial,Slider,52,Scenario,1
ID,8,Time,270.4117,DronePosition,-183.9088,45,-107.379,11.1,CameraPosition,-103.2408,1.737911,-107.3677,CameraRotation,338.9749,269.3219,358.9641,CurrentState,MoveToInitial,Slider,52,Scenario,1
ID,8,Time,270.4256,DronePosition,-183.7555,45,-107.379,11.1,CameraPosition,-103.2403,1.738133,-107.3686,CameraRotation,338.8384,269.2706,359.1495,CurrentState,MoveToInitial,Slider,52,Scenario,1
ID,8,Time,270.4395,DronePosition,-183.6014,45,-107.379,11.1,CameraPosition,-103.2398,1.738366,-107.3696,CameraRotation,338.6887,269.1998,359.3293,CurrentState,MoveToInitial,Slider,52,Scenario,1
ID,8,Time,270.4539,DronePosition,-183.4415,45,-107.379,11.1,CameraPosition,-103.2393,1.738574,-107.3706,CameraRotation,338.5615,269.1068,359.5266,CurrentState,MoveToInitial,Slider,52,Scenario,1
ID,8,Time,270.4674,DronePosition,-183.2909,45,-107.379,11.1,CameraPosition,-103.2387,1.738711,-107.3716,CameraRotation,338.4362,269.0123,359.6992,CurrentState,MoveToInitial,Slider,52,Scenario,1
ID,8,Time,270.4811,DronePosition,-183.1385,45,-107.379,11.1,CameraPosition,-103.2381,1.738748,-107.3726,CameraRotation,338.3112,268.9232,359.8473,CurrentState,MoveToInitial,Slider,52,Scenario,1
ID,8,Time,270.4952,DronePosition,-182.9827,45,-107.379,11.1,CameraPosition,-103.2376,1.738717,-107.3736,CameraRotation,338.2118,268.8337,359.9912,CurrentState,MoveToInitial,Slider,52,Scenario,1
ID,8,Time,270.5094,DronePosition,-182.825,45,-107.379,11.1,CameraPosition,-103.237,1.738734,-107.3746,CameraRotation,338.1326,268.7337,0.1369951,CurrentState,MoveToInitial,Slider,52,Scenario,1
ID,8,Time,270.5232,DronePosition,-182.6713,45,-107.379,11.1,CameraPosition,-103.2364,1.738786,-107.3756,CameraRotation,338.0683,268.632,0.2850131,CurrentState,MoveToInitial,Slider,52,Scenario,1
ID,8,Time,270.5371,DronePosition,-182.5175,45,-107.379,11.1,CameraPosition,-103.2358,1.738869,-107.3766,CameraRotation,337.9846,268.5189,0.4386988,CurrentState,MoveToInitial,Slider,52,Scenario,1
ID,8,Time,270.5512,DronePosition,-182.3609,45,-107.379,11.1,CameraPosition,-103.2353,1.738966,-107.3775,CameraRotation,337.8802,268.4023,0.5865766,CurrentState,MoveToInitial,Slider,52,Scenario,1
ID,8,Time,270.5648,DronePosition,-182.21,45,-107.379,11.1,CameraPosition,-103.2347,1.739073,-107.3785,CameraRotation,337.7483,268.2809,0.7286589,CurrentState,MoveToInitial,Slider,52,Scenario,1
ID,8,Time,270.5788,DronePosition,-182.0544,45,-107.379,11.1,CameraPosition,-103.2341,1.739173,-107.3794,CameraRotation,337.6187,268.1706,0.8606666,CurrentState,MoveToInitial,Slider,52,Scenario,1
ID,8,Time,270.593,DronePosition,-181.8973,45,-107.379,11.1,CameraPosition,-103.2334,1.739205,-107.3804,CameraRotation,337.5113,268.0718,0.9400769,CurrentState,MoveToInitial,Slider,52,Scenario,1
ID,8,Time,270.6068,DronePosition,-181.7435,45,-107.379,11.1,CameraPosition,-103.2327,1.739143,-107.3814,CameraRotation,337.4205,267.9807,1.071065,CurrentState,MoveToInitial,Slider,52,Scenario,1
ID,8,Time,270.6206,DronePosition,-181.5909,45,-107.379,11.1,CameraPosition,-103.2321,1.739046,-107.3823,CameraRotation,337.3515,267.877,1.199495,CurrentState,MoveToInitial,Slider,52,Scenario,1
ID,8,Time,270.6348,DronePosition,-181.4326,45,-107.379,11.1,CameraPosition,-103.2314,1.738927,-107.3832,CameraRotation,337.2657,267.7585,1.337331,CurrentState,MoveToInitial,Slider,52,Scenario,1
ID,8,Time,270.6487,DronePosition,-181.2783,45,-107.379,11.1,CameraPosition,-103.2307,1.738909,-107.3841,CameraRotation,337.1141,267.6199,1.445521,CurrentState,MoveToInitial,Slider,52,Scenario,1
ID,8,Time,270.6625,DronePosition,-181.1256,45,-107.379,11.1,CameraPosition,-103.2301,1.739007,-107.385,CameraRotation,336.9577,267.4935,1.533345,CurrentState,MoveToInitial,Slider,52,Scenario,1
ID,8,Time,270.6765,DronePosition,-180.9702,45,-107.379,11.1,CameraPosition,-103.2295,1.739206,-107.3859,CameraRotation,336.7607,267.3736,1.582968,CurrentState,MoveToInitial,Slider,52,Scenario,1
ID,8,Time,270.6903,DronePosition,-180.8171,45,-107.379,11.1,CameraPosition,-103.229,1.739482,-107.3867,CameraRotation,336.5421,267.2381,1.62705,CurrentState,MoveToInitial,Slider,52,Scenario,1
ID,8,Time,270.7043,DronePosition,-180.6616,45,-107.379,11.1,CameraPosition,-103.2284,1.739777,-107.3875,CameraRotation,336.3211,267.1056,1.667945,CurrentState,MoveToInitial,Slider,52,Scenario,1
ID,8,Time,270.7181,DronePosition,-180.5078,45,-107.379,11.1,CameraPosition,-103.2279,1.740132,-107.3882,CameraRotation,336.0281,266.9489,1.685626,CurrentState,MoveToInitial,Slider,52,Scenario,1
ID,8,Time,270.7322,DronePosition,-180.3514,45,-107.379,11.1,CameraPosition,-103.2274,1.740439,-107.3889,CameraRotation,335.7957,266.7719,1.707646,CurrentState,MoveToInitial,Slider,52,Scenario,1
ID,8,Time,270.7458,DronePosition,-180.2013,45,-107.379,11.1,CameraPosition,-103.2269,1.740654,-107.3897,CameraRotation,335.5321,266.5952,1.714481,CurrentState,MoveToInitial,Slider,52,Scenario,1
ID,8,Time,270.7599,DronePosition,-180.0447,45,-107.379,11.1,CameraPosition,-103.2263,1.740901,-107.3904,CameraRotation,335.3215,266.393,1.707338,CurrentState,MoveToInitial,Slider,52,Scenario,1
ID,8,Time,270.7748,DronePosition,-179.8788,45,-107.379,11.1,CameraPosition,-103.2258,1.741233,-107.3911,CameraRotation,335.0867,266.1847,1.715431,CurrentState,MoveToInitial,Slider,52,Scenario,1
ID,8,Time,270.7881,DronePosition,-179.7314,45,-107.379,11.1,CameraPosition,-103.2252,1.741652,-107.3919,CameraRotation,334.8099,265.9633,1.725594,CurrentState,MoveToInitial,Slider,52,Scenario,1
ID,8,Time,270.8021,DronePosition,-179.5762,45,-107.379,11.1,CameraPosition,-103.2246,1.742132,-107.3927,CameraRotation,334.4725,265.72,1.733082,CurrentState,MoveToInitial,Slider,52,Scenario,1
ID,8,Time,270.8155,DronePosition,-179.4271,45,-107.379,11.1,CameraPosition,-103.2241,1.742625,-107.3934,CameraRotation,334.1565,265.4612,1.78746,CurrentState,MoveToInitial,Slider,52,Scenario,1
ID,8,Time,270.8297,DronePosition,-179.2695,45,-107.379,11.1,CameraPosition,-103.2236,1.743118,-107.394,CameraRotation,333.8643,265.1883,1.854298,CurrentState,MoveToInitial,Slider,52,Scenario,1
ID,8,Time,270.8432,DronePosition,-179.1198,45,-107.379,11.1,CameraPosition,-103.2231,1.74363,-107.3947,CameraRotation,333.5363,264.9169,1.916546,CurrentState,MoveToInitial,Slider,52,Scenario,1
ID,8,Time,270.8572,DronePosition,-178.964,45,-107.379,11.1,CameraPosition,-103.2226,1.744139,-107.3954,CameraRotation,333.21,264.6382,1.966002,CurrentState,MoveToInitial,Slider,52,Scenario,1
ID,8,Time,270.871,DronePosition,-178.811,45,-107.379,11.1,CameraPosition,-103.2221,1.744626,-107.396,CameraRotation,332.8876,264.3524,2.024419,CurrentState,MoveToInitial,Slider,52,Scenario,1
ID,8,Time,270.885,DronePosition,-178.6561,45,-107.379,11.1,CameraPosition,-103.2217,1.745109,-107.3966,CameraRotation,332.5726,264.0511,2.107209,CurrentState,MoveToInitial,Slider,52,Scenario,1
ID,8,Time,270.8987,DronePosition,-178.504,45,-107.379,11.1,CameraPosition,-103.2212,1.745582,-107.3972,CameraRotation,332.2687,263.7625,2.213308,CurrentState,MoveToInitial,Slider,52,Scenario,1
ID,8,Time,270.9127,DronePosition,-178.3488,45,-107.379,11.1,CameraPosition,-103.2207,1.746086,-107.3978,CameraRotation,331.9332,263.4648,2.287064,CurrentState,MoveToInitial,Slider,52,Scenario,1
ID,8,Time,270.927,DronePosition,-178.1897,45,-107.379,11.1,CameraPosition,-103.2203,1.746622,-107.3984,CameraRotation,331.5529,263.1917,2.329401,CurrentState,MoveToInitial,Slider,52,Scenario,1
ID,8,Time,270.941,DronePosition,-178.0341,45,-107.379,11.1,CameraPosition,-103.2198,1.747181,-107.3989,CameraRotation,331.1612,262.9109,2.38905,CurrentState,MoveToInitial,Slider,52,Scenario,1
ID,8,Time,270.9551,DronePosition,-177.8772,45,-107.379,11.1,CameraPosition,-103.2192,1.747735,-107.3995,CameraRotation,330.7666,262.6506,2.452421,CurrentState,MoveToInitial,Slider,52,Scenario,1
ID,8,Time,270.9688,DronePosition,-177.7253,45,-107.379,11.1,CameraPosition,-103.2187,1.748236,-107.4,CameraRotation,330.4273,262.4183,2.500727,CurrentState,MoveToInitial,Slider,52,Scenario,1
ID,8,Time,270.9828,DronePosition,-177.5694,45,-107.379,11.1,CameraPosition,-103.2183,1.748674,-107.4004,CameraRotation,330.1463,262.2124,2.53455,CurrentState,MoveToInitial,Slider,52,Scenario,1
ID,8,Time,270.9962,DronePosition,-177.421,45,-107.379,11.1,CameraPosition,-103.2178,1.749079,-107.4008,CameraRotation,329.8635,262.0266,2.550734,CurrentState,MoveToInitial,Slider,52,Scenario,1
ID,8,Time,271.0107,DronePosition,-177.2608,45,-107.379,11.1,CameraPosition,-103.2174,1.749463,-107.4012,CameraRotation,329.589,261.8622,2.544351,CurrentState,MoveToInitial,Slider,52,Scenario,1
ID,8,Time,271.0247,DronePosition,-177.1046,45,-107.379,11.1,CameraPosition,-103.2169,1.749763,-107.4014,CameraRotation,329.3286,261.7225,2.510177,CurrentState,MoveToInitial,Slider,52,Scenario,1
ID,8,Time,271.0393,DronePosition,-176.9432,45,-107.379,11.1,CameraPosition,-103.2165,1.750056,-107.4017,CameraRotation,329.1093,261.5849,2.496562,CurrentState,MoveToInitial,Slider,52,Scenario,1
ID,8,Time,271.0523,DronePosition,-176.7982,45,-107.379,11.1,CameraPosition,-103.2161,1.750278,-107.4019,CameraRotation,328.9336,261.5101,2.443682,CurrentState,MoveToInitial,Slider,52,Scenario,1
ID,8,Time,271.0663,DronePosition,-176.6433,45,-107.379,11.1,CameraPosition,-103.2157,1.75045,-107.4021,CameraRotation,328.7824,261.4761,2.371876,CurrentState,MoveToInitial,Slider,52,Scenario,1
ID,8,Time,271.0801,DronePosition,-176.4897,45,-107.379,11.1,CameraPosition,-103.2153,1.750648,-107.4022,CameraRotation,328.6402,261.4561,2.306278,CurrentState,MoveToInitial,Slider,52,Scenario,1
ID,8,Time,271.0939,DronePosition,-176.3373,45,-107.379,11.1,CameraPosition,-103.2149,1.750832,-107.4023,CameraRotation,328.4884,261.4727,2.223707,CurrentState,MoveToInitial,Slider,52,Scenario,1
ID,8,Time,271.1079,DronePosition,-176.1819,45,-107.379,11.1,CameraPosition,-103.2146,1.751054,-107.4024,CameraRotation,328.337,261.496,2.142523,CurrentState,MoveToInitial,Slider,52,Scenario,1
ID,8,Time,271.1217,DronePosition,-176.0279,45,-107.379,11.1,CameraPosition,-103.2142,1.751259,-107.4026,CameraRotation,328.1911,261.523,2.069222,CurrentState,MoveToInitial,Slider,52,Scenario,1
ID,8,Time,271.136,DronePosition,-175.8701,45,-107.379,11.1,CameraPosition,-103.2139,1.751414,-107.4027,CameraRotation,328.0714,261.5863,1.967558,CurrentState,MoveToInitial,Slider,52,Scenario,1
ID,8,Time,271.1498,DronePosition,-175.7158,45,-107.379,11.1,CameraPosition,-103.2136,1.751516,-107.4028,CameraRotation,327.9853,261.6683,1.864412,CurrentState,MoveToInitial,Slider,52,Scenario,1
ID,8,Time,271.1636,DronePosition,-175.563,45,-107.379,11.1,CameraPosition,-103.2133,1.751568,-107.4029,CameraRotation,327.9044,261.7644,1.744642,CurrentState,MoveToInitial,Slider,52,Scenario,1
ID,8,Time,271.1774,DronePosition,-175.4104,45,-107.379,11.1,CameraPosition,-103.2131,1.75158,-107.403,CameraRotation,327.8486,261.8503,1.674944,CurrentState,MoveToInitial,Slider,52,Scenario,1
ID,8,Time,271.1916,DronePosition,-175.2527,45,-107.379,11.1,CameraPosition,-103.2128,1.751504,-107.4031,CameraRotation,327.8093,261.9393,1.612906,CurrentState,MoveToInitial,Slider,52,Scenario,1
ID,8,Time,271.2053,DronePosition,-175.1005,45,-107.379,11.1,CameraPosition,-103.2126,1.751479,-107.4032,CameraRotation,327.7899,262.0321,1.519206,CurrentState,MoveToInitial,Slider,52,Scenario,1
ID,8,Time,271.2197,DronePosition,-174.9405,45,-107.379,11.1,CameraPosition,-103.2124,1.751449,-107.4033,CameraRotation,327.7553,262.1143,1.428962,CurrentState,MoveToInitial,Slider,52,Scenario,1
ID,8,Time,271.2333,DronePosition,-174.7891,45,-107.379,11.1,CameraPosition,-103.2122,1.751439,-107.4034,CameraRotation,327.7432,262.1862,1.358419,CurrentState,MoveToInitial,Slider,52,Scenario,1
ID,8,Time,271.2471,DronePosition,-174.6359,45,-107.379,11.1,CameraPosition,-103.2121,1.751416,-107.4036,CameraRotation,327.7572,262.2754,1.291102,CurrentState,MoveToInitial,Slider,52,Scenario,1
ID,8,Time,271.2612,DronePosition,-174.4796,45,-107.379,11.1,CameraPosition,-103.2119,1.751314,-107.4037,CameraRotation,327.806,262.3174,1.246348,CurrentState,MoveToInitial,Slider,52,Scenario,1
ID,8,Time,271.2749,DronePosition,-174.3274,45,-107.379,11.1,CameraPosition,-103.2117,1.751172,-107.4039,CameraRotation,327.872,262.3452,1.238888,CurrentState,MoveToInitial,Slider,52,Scenario,1
ID,8,Time,271.2895,DronePosition,-174.1662,45,-107.379,11.1,CameraPosition,-103.2115,1.751043,-107.404,CameraRotation,327.9153,262.3742,1.235482,CurrentState,MoveToInitial,Slider,52,Scenario,1
ID,8,Time,271.303,DronePosition,-174.0155,45,-107.379,11.1,CameraPosition,-103.2114,1.750995,-107.4042,CameraRotation,327.9362,262.4036,1.228302,CurrentState,MoveToInitial,Slider,52,Scenario,1
ID,8,Time,271.3167,DronePosition,-173.8633,45,-107.379,11.1,CameraPosition,-103.2113,1.751036,-107.4043,CameraRotation,327.9115,262.4501,1.188937,CurrentState,MoveToInitial,Slider,52,Scenario,1
ID,8,Time,271.3307,DronePosition,-173.7085,45,-107.379,11.1,CameraPosition,-103.2112,1.751109,-107.4045,CameraRotation,327.8544,262.4807,1.152606,CurrentState,MoveToInitial,Slider,52,Scenario,1
ID,8,Time,271.3446,DronePosition,-173.5541,45,-107.379,11.1,CameraPosition,-103.2111,1.751109,-107.4046,CameraRotation,327.8081,262.5226,1.120414,CurrentState,MoveToInitial,Slider,52,Scenario,1
ID,8,Time,271.3585,DronePosition,-173.4001,45,-107.379,11.1,CameraPosition,-103.2111,1.751018,-107.4048,CameraRotation,327.819,262.5472,1.135098,CurrentState,MoveToInitial,Slider,52,Scenario,1
ID,8,Time,271.3727,DronePosition,-173.2423,45,-107.379,11.1,CameraPosition,-103.211,1.750892,-107.4049,CameraRotation,327.851,262.5603,1.154971,CurrentState,MoveToInitial,Slider,52,Scenario,1
ID,8,Time,271.3866,DronePosition,-173.0877,45,-107.379,11.1,CameraPosition,-103.2109,1.750819,-107.405,CameraRotation,327.8901,262.5906,1.149921,CurrentState,MoveToInitial,Slider,52,Scenario,1
ID,8,Time,271.4004,DronePosition,-172.9354,45,-107.379,11.1,CameraPosition,-103.2109,1.750805,-107.4052,CameraRotation,327.8942,262.6259,1.126155,CurrentState,MoveToInitial,Slider,52,Scenario,1
ID,8,Time,271.4142,DronePosition,-172.7817,45,-107.379,11.1,CameraPosition,-103.2108,1.750816,-107.4053,CameraRotation,327.8422,262.6706,1.100403,CurrentState,MoveToInitial,Slider,52,Scenario,1
ID,8,Time,271.4285,DronePosition,-172.6231,45,-107.379,11.1,CameraPosition,-103.2106,1.750824,-107.4055,CameraRotation,327.8026,262.7174,1.085205,CurrentState,MoveToInitial,Slider,52,Scenario,1
ID,8,Time,271.4424,DronePosition,-172.469,45,-107.379,11.1,CameraPosition,-103.2104,1.750756,-107.4057,CameraRotation,327.7851,262.7603,1.08128,CurrentState,MoveToInitial,Slider,52,Scenario,1
ID,8,Time,271.4565,DronePosition,-172.3126,45,-107.379,11.1,CameraPosition,-103.2103,1.750633,-107.4058,CameraRotation,327.8383,262.8092,1.08827,CurrentState,MoveToInitial,Slider,52,Scenario,1
ID,8,Time,271.47,DronePosition,-172.1627,45,-107.379,11.1,CameraPosition,-103.2102,1.750541,-107.4059,CameraRotation,327.8891,262.855,1.111794,CurrentState,MoveToInitial,Slider,52,Scenario,1
ID,8,Time,271.4838,DronePosition,-172.0088,45,-107.379,11.1,CameraPosition,-103.2101,1.750522,-107.406,CameraRotation,327.87,262.892,1.156345,CurrentState,MoveToInitial,Slider,52,Scenario,1
ID,8,Time,271.4975,DronePosition,-171.8565,45,-107.379,11.1,CameraPosition,-103.21,1.750617,-107.4061,CameraRotation,327.7716,262.9415,1.167226,CurrentState,MoveToInitial,Slider,52,Scenario,1
ID,8,Time,271.5116,DronePosition,-171.7008,45,-107.379,11.1,CameraPosition,-103.2098,1.750678,-107.4062,CameraRotation,327.666,262.9904,1.169378,CurrentState,MoveToInitial,Slider,52,Scenario,1
ID,8,Time,271.5255,DronePosition,-171.5458,45,-107.379,11.1,CameraPosition,-103.2097,1.750696,-107.4063,CameraRotation,327.5751,263.0466,1.169881,CurrentState,MoveToInitial,Slider,52,Scenario,1
ID,8,Time,271.5397,DronePosition,-171.3885,45,-107.379,11.1,CameraPosition,-103.2096,1.750675,-107.4064,CameraRotation,327.5277,263.1152,1.159595,CurrentState,MoveToInitial,Slider,52,Scenario,1
ID,8,Time,271.5536,DronePosition,-171.2338,45,-107.379,11.1,CameraPosition,-103.2095,1.750655,-107.4064,CameraRotation,327.485,263.176,1.14629,CurrentState,MoveToInitial,Slider,52,Scenario,1
ID,8,Time,271.5674,DronePosition,-171.0805,45,-107.379,11.1,CameraPosition,-103.2094,1.750634,-107.4065,CameraRotation,327.4226,263.2441,1.12312,CurrentState,MoveToInitial,Slider,52,Scenario,1
ID,8,Time,271.5814,DronePosition,-170.9257,45,-107.379,11.1,CameraPosition,-103.2093,1.750619,-107.4067,CameraRotation,327.3375,263.3096,1.112542,CurrentState,MoveToInitial,Slider,52,Scenario,1
ID,8,Time,271.5952,DronePosition,-170.7731,45,-107.379,11.1,CameraPosition,-103.2092,1.750621,-107.4068,CameraRotation,327.2663,263.3642,1.107987,CurrentState,MoveToInitial,Slider,52,Scenario,1
ID,8,Time,271.609,DronePosition,-170.6188,45,-107.379,11.1,CameraPosition,-103.209,1.750666,-107.407,CameraRotation,327.1649,263.4005,1.119439,CurrentState,MoveToInitial,Slider,52,Scenario,1
ID,8,Time,271.623,DronePosition,-170.4646,45,-107.379,11.1,CameraPosition,-103.209,1.750731,-107.4071,CameraRotation,327.0752,263.4269,1.130269,CurrentState,MoveToInitial,Slider,52,Scenario,1
ID,8,Time,271.6372,DronePosition,-170.3061,45,-107.379,11.1,CameraPosition,-103.2089,1.75076,-107.4073,CameraRotation,327.0065,263.4523,1.135117,CurrentState,MoveToInitial,Slider,52,Scenario,1
ID,8,Time,271.6512,DronePosition,-170.1511,45,-107.379,11.1,CameraPosition,-103.2089,1.75071,-107.4074,CameraRotation,326.9554,263.4687,1.128468,CurrentState,MoveToInitial,Slider,52,Scenario,1
ID,8,Time,271.6654,DronePosition,-169.9933,45,-107.379,11.1,CameraPosition,-103.2089,1.750604,-107.4076,CameraRotation,326.9685,263.4724,1.135125,CurrentState,MoveToInitial,Slider,52,Scenario,1
ID,8,Time,271.679,DronePosition,-169.8427,45,-107.379,11.1,CameraPosition,-103.2089,1.750537,-107.4077,CameraRotation,326.9638,263.4681,1.129779,CurrentState,MoveToInitial,Slider,52,Scenario,1
ID,8,Time,271.6928,DronePosition,-169.6892,45,-107.379,11.1,CameraPosition,-103.2089,1.750573,-107.4079,CameraRotation,326.9129,263.4654,1.107103,CurrentState,MoveToInitial,Slider,52,Scenario,1
ID,8,Time,271.7068,DronePosition,-169.533,45,-107.379,11.1,CameraPosition,-103.209,1.750666,-107.4081,CameraRotation,326.8245,263.4573,1.098889,CurrentState,MoveToInitial,Slider,52,Scenario,1
ID,8,Time,271.7207,DronePosition,-169.379,45,-107.379,11.1,CameraPosition,-103.209,1.750756,-107.4082,CameraRotation,326.7349,263.4383,1.132321,CurrentState,MoveToInitial,Slider,52,Scenario,1
ID,8,Time,271.7346,DronePosition,-169.2246,45,-107.379,11.1,CameraPosition,-103.2092,1.750794,-107.4084,CameraRotation,326.6802,263.4414,1.150678,CurrentState,MoveToInitial,Slider,52,Scenario,1
ID,8,Time,271.7484,DronePosition,-169.0713,45,-107.379,11.1,CameraPosition,-103.2093,1.750832,-107.4085,CameraRotation,326.6781,263.452,1.142663,CurrentState,MoveToInitial,Slider,52,Scenario,1
ID,8,Time,271.7625,DronePosition,-168.9154,45,-107.379,11.1,CameraPosition,-103.2094,1.750854,-107.4088,CameraRotation,326.6822,263.4812,1.110541,CurrentState,MoveToInitial,Slider,52,Scenario,1
ID,8,Time,271.7766,DronePosition,-168.7596,45,-107.379,11.1,CameraPosition,-103.2096,1.750822,-107.4089,CameraRotation,326.675,263.4962,1.099794,CurrentState,MoveToInitial,Slider,52,Scenario,1
ID,8,Time,271.7904,DronePosition,-168.6053,45,-107.379,11.1,CameraPosition,-103.2098,1.750799,-107.4091,CameraRotation,326.7121,263.4924,1.127618,CurrentState,MoveToInitial,Slider,52,Scenario,1
ID,8,Time,271.8041,DronePosition,-168.454,45,-107.379,11.1,CameraPosition,-103.21,1.750778,-107.4093,CameraRotation,326.7111,263.4739,1.175738,CurrentState,MoveToInitial,Slider,52,Scenario,1
ID,8,Time,271.8179,DronePosition,-168.3009,45,-107.379,11.1,CameraPosition,-103.2103,1.750776,-107.4095,CameraRotation,326.6978,263.4494,1.220101,CurrentState,MoveToInitial,Slider,52,Scenario,1
ID,8,Time,271.832,DronePosition,-168.1441,45,-107.379,11.1,CameraPosition,-103.2106,1.750722,-107.4097,CameraRotation,326.6965,263.4317,1.241363,CurrentState,MoveToInitial,Slider,52,Scenario,1
ID,8,Time,271.8459,DronePosition,-167.9893,45,-107.379,11.1,CameraPosition,-103.2109,1.750626,-107.4099,CameraRotation,326.718,263.4128,1.247001,CurrentState,MoveToInitial,Slider,52,Scenario,1
ID,8,Time,271.8597,DronePosition,-167.8361,45,-107.379,11.1,CameraPosition,-103.2112,1.750545,-107.4101,CameraRotation,326.7603,263.3965,1.252597,CurrentState,MoveToInitial,Slider,52,Scenario,1
ID,8,Time,271.874,DronePosition,-167.6783,45,-107.379,11.1,CameraPosition,-103.2115,1.750481,-107.4104,CameraRotation,326.7883,263.3642,1.296548,CurrentState,MoveToInitial,Slider,52,Scenario,1
ID,8,Time,271.8876,DronePosition,-167.5264,45,-107.379,11.1,CameraPosition,-103.2118,1.750479,-107.4106,CameraRotation,326.8051,263.3385,1.349439,CurrentState,MoveToInitial,Slider,52,Scenario,1
ID,8,Time,271.9014,DronePosition,-167.3734,45,-107.379,11.1,CameraPosition,-103.2121,1.750511,-107.4108,CameraRotation,326.7733,263.3136,1.367687,CurrentState,MoveToInitial,Slider,52,Scenario,1
ID,8,Time,271.9153,DronePosition,-167.2191,45,-107.379,11.1,CameraPosition,-103.2124,1.750507,-107.4111,CameraRotation,326.718,263.3013,1.330883,CurrentState,MoveToInitial,Slider,52,Scenario,1
ID,8,Time,271.9291,DronePosition,-167.0656,45,-107.379,11.1,CameraPosition,-103.2127,1.750429,-107.4114,CameraRotation,326.7733,263.2949,1.286442,CurrentState,MoveToInitial,Slider,52,Scenario,1
ID,8,Time,271.9434,DronePosition,-166.9079,45,-107.379,11.1,CameraPosition,-103.213,1.750329,-107.4117,CameraRotation,326.8808,263.2795,1.279037,CurrentState,MoveToInitial,Slider,52,Scenario,1
ID,8,Time,271.9571,DronePosition,-166.7553,45,-107.379,11.1,CameraPosition,-103.2134,1.750266,-107.4119,CameraRotation,326.9498,263.2604,1.311448,CurrentState,MoveToInitial,Slider,52,Scenario,1
ID,8,Time,271.9714,DronePosition,-166.597,45,-107.379,11.1,CameraPosition,-103.2137,1.750226,-107.4122,CameraRotation,326.951,263.2291,1.362187,CurrentState,MoveToInitial,Slider,52,Scenario,1
ID,8,Time,271.9854,DronePosition,-166.4417,45,-107.379,11.1,CameraPosition,-103.2141,1.750112,-107.4125,CameraRotation,326.8862,263.1942,1.35764,CurrentState,MoveToInitial,Slider,52,Scenario,1
ID,8,Time,271.9991,DronePosition,-166.2897,45,-107.379,11.1,CameraPosition,-103.2144,1.74993,-107.4129,CameraRotation,326.96,263.1475,1.35688,CurrentState,MoveToInitial,Slider,52,Scenario,1
ID,8,Time,272.0127,DronePosition,-166.1387,45,-107.379,11.1,CameraPosition,-103.2148,1.749787,-107.4133,CameraRotation,327.0977,263.0844,1.39675,CurrentState,MoveToInitial,Slider,52,Scenario,1
ID,8,Time,272.0269,DronePosition,-165.9801,45,-107.379,11.1,CameraPosition,-103.2152,1.749745,-107.4136,CameraRotation,327.1557,263.0352,1.452413,CurrentState,MoveToInitial,Slider,52,Scenario,1
ID,8,Time,272.0412,DronePosition,-165.8216,45,-107.379,11.1,CameraPosition,-103.2156,1.7498,-107.4139,CameraRotation,327.0922,262.9728,1.50947,CurrentState,MoveToInitial,Slider,52,Scenario,1
ID,8,Time,272.0564,DronePosition,-165.6531,45,-107.379,11.1,CameraPosition,-103.2159,1.749873,-107.4143,CameraRotation,326.9517,262.9132,1.512432,CurrentState,MoveToInitial,Slider,52,Scenario,1
ID,8,Time,272.0691,DronePosition,-165.5123,45,-107.379,11.1,CameraPosition,-103.2162,1.749929,-107.4147,CameraRotation,326.905,262.8474,1.498951,CurrentState,MoveToInitial,Slider,52,Scenario,1
ID,8,Time,272.0825,DronePosition,-165.3632,45,-107.379,11.1,CameraPosition,-103.2166,1.749962,-107.4151,CameraRotation,326.9483,262.7607,1.498191,CurrentState,MoveToInitial,Slider,52,Scenario,1
ID,8,Time,272.0963,DronePosition,-165.21,45,-107.379,11.1,CameraPosition,-103.2169,1.749914,-107.4155,CameraRotation,327.0126,262.6803,1.525266,CurrentState,MoveToInitial,Slider,52,Scenario,1
ID,8,Time,272.1105,DronePosition,-165.0522,45,-107.379,11.1,CameraPosition,-103.2173,1.749784,-107.4159,CameraRotation,327.0398,262.5643,1.547674,CurrentState,MoveToInitial,Slider,52,Scenario,1
ID,8,Time,272.1243,DronePosition,-164.8995,45,-107.379,11.1,CameraPosition,-103.2176,1.749669,-107.4163,CameraRotation,327.1203,262.4383,1.562727,CurrentState,MoveToInitial,Slider,52,Scenario,1
ID,8,Time,272.1383,DronePosition,-164.7444,45,-107.379,11.1,CameraPosition,-103.2179,1.749601,-107.4168,CameraRotation,327.1863,262.2701,1.571213,CurrentState,MoveToInitial,Slider,52,Scenario,1
ID,8,Time,272.1522,DronePosition,-164.5901,45,-107.379,11.1,CameraPosition,-103.2182,1.749593,-107.4173,CameraRotation,327.1918,262.0632,1.585381,CurrentState,MoveToInitial,Slider,52,Scenario,1
ID,8,Time,272.166,DronePosition,-164.4369,45,-107.379,11.1,CameraPosition,-103.2186,1.74963,-107.418,CameraRotation,327.1627,261.7812,1.616453,CurrentState,MoveToInitial,Slider,52,Scenario,1
ID,8,Time,272.1797,DronePosition,-164.2851,45,-107.379,11.1,CameraPosition,-103.2189,1.749669,-107.4186,CameraRotation,327.1171,261.4885,1.665569,CurrentState,MoveToInitial,Slider,52,Scenario,1
ID,8,Time,272.1938,DronePosition,-164.1284,45,-107.379,11.1,CameraPosition,-103.2191,1.749653,-107.4192,CameraRotation,327.0869,261.1642,1.746391,CurrentState,MoveToInitial,Slider,52,Scenario,1
ID,8,Time,272.2078,DronePosition,-163.9726,45,-107.379,11.1,CameraPosition,-103.2195,1.749546,-107.4198,CameraRotation,327.0977,260.8372,1.79995,CurrentState,MoveToInitial,Slider,52,Scenario,1
ID,8,Time,272.2219,DronePosition,-163.8167,45,-107.379,11.1,CameraPosition,-103.2197,1.749495,-107.4204,CameraRotation,327.1691,260.5225,1.848446,CurrentState,MoveToInitial,Slider,52,Scenario,1
ID,8,Time,272.2357,DronePosition,-163.663,45,-107.379,11.1,CameraPosition,-103.22,1.749448,-107.4212,CameraRotation,327.1678,260.129,1.888017,CurrentState,MoveToInitial,Slider,52,Scenario,1
ID,8,Time,272.2497,DronePosition,-163.5077,45,-107.379,11.1,CameraPosition,-103.2203,1.749433,-107.4219,CameraRotation,327.2065,259.6754,1.973892,CurrentState,MoveToInitial,Slider,52,Scenario,1
ID,8,Time,272.2635,DronePosition,-163.354,45,-107.379,11.1,CameraPosition,-103.2205,1.749402,-107.4227,CameraRotation,327.263,259.2212,2.092155,CurrentState,MoveToInitial,Slider,52,Scenario,1
ID,8,Time,272.2773,DronePosition,-163.2012,45,-107.379,11.1,CameraPosition,-103.2207,1.749436,-107.4234,CameraRotation,327.3359,258.7588,2.210021,CurrentState,MoveToInitial,Slider,52,Scenario,1
ID,8,Time,272.2914,DronePosition,-163.0443,45,-107.379,11.1,CameraPosition,-103.2208,1.749522,-107.424,CameraRotation,327.3395,258.3333,2.315259,CurrentState,MoveToInitial,Slider,52,Scenario,1
ID,8,Time,272.3051,DronePosition,-162.8929,45,-107.379,11.1,CameraPosition,-103.2211,1.749591,-107.4248,CameraRotation,327.2508,257.9322,2.376946,CurrentState,MoveToInitial,Slider,52,Scenario,1
ID,8,Time,272.319,DronePosition,-162.7381,45,-107.379,11.1,CameraPosition,-103.2212,1.749677,-107.4255,CameraRotation,327.1624,257.5259,2.463864,CurrentState,MoveToInitial,Slider,52,Scenario,1
ID,8,Time,272.3333,DronePosition,-162.5795,45,-107.379,11.1,CameraPosition,-103.2214,1.749771,-107.4262,CameraRotation,327.0672,257.1127,2.621691,CurrentState,MoveToInitial,Slider,52,Scenario,1
ID,8,Time,272.3466,DronePosition,-162.4321,45,-107.379,11.1,CameraPosition,-103.2216,1.749879,-107.4269,CameraRotation,326.9761,256.6989,2.822175,CurrentState,MoveToInitial,Slider,52,Scenario,1
ID,8,Time,272.3612,DronePosition,-162.2695,45,-107.379,11.1,CameraPosition,-103.2217,1.749993,-107.4275,CameraRotation,326.8691,256.308,3.030365,CurrentState,MoveToInitial,Slider,52,Scenario,1
ID,8,Time,272.3747,DronePosition,-162.1201,45,-107.379,11.1,CameraPosition,-103.2218,1.750085,-107.4282,CameraRotation,326.791,255.9499,3.18023,CurrentState,MoveToInitial,Slider,52,Scenario,1
ID,8,Time,272.3889,DronePosition,-161.9622,45,-107.379,11.1,CameraPosition,-103.2219,1.750227,-107.4288,CameraRotation,326.7437,255.6002,3.302908,CurrentState,MoveToInitial,Slider,52,Scenario,1
ID,8,Time,272.4028,DronePosition,-161.8078,45,-107.379,11.1,CameraPosition,-103.222,1.750389,-107.4295,CameraRotation,326.6559,255.2643,3.444185,CurrentState,MoveToInitial,Slider,52,Scenario,1
ID,8,Time,272.4174,DronePosition,-161.646,45,-107.379,11.1,CameraPosition,-103.2221,1.750525,-107.4301,CameraRotation,326.5289,254.9293,3.609517,CurrentState,MoveToInitial,Slider,52,Scenario,1
ID,8,Time,272.4305,DronePosition,-161.5004,45,-107.379,11.1,CameraPosition,-103.2222,1.7506,-107.4307,CameraRotation,326.4207,254.6066,3.776608,CurrentState,MoveToInitial,Slider,52,Scenario,1
ID,8,Time,272.4445,DronePosition,-161.3447,45,-107.379,11.1,CameraPosition,-103.2223,1.7506,-107.4313,CameraRotation,326.3681,254.3136,3.935634,CurrentState,MoveToInitial,Slider,52,Scenario,1
ID,8,Time,272.4593,DronePosition,-161.181,45,-107.379,11.1,CameraPosition,-103.2225,1.750614,-107.4318,CameraRotation,326.3579,254.0572,4.048347,CurrentState,MoveToInitial,Slider,52,Scenario,1
ID,8,Time,272.4731,DronePosition,-161.0274,45,-107.379,11.1,CameraPosition,-103.2227,1.750709,-107.4323,CameraRotation,326.3356,253.8227,4.120635,CurrentState,MoveToInitial,Slider,52,Scenario,1
ID,8,Time,272.4873,DronePosition,-160.8703,45,-107.379,11.1,CameraPosition,-103.223,1.750852,-107.4328,CameraRotation,326.2795,253.6202,4.158478,CurrentState,MoveToInitial,Slider,52,Scenario,1
ID,8,Time,272.5008,DronePosition,-160.72,45,-107.379,11.1,CameraPosition,-103.2232,1.75096,-107.4333,CameraRotation,326.2224,253.4259,4.235415,CurrentState,MoveToInitial,Slider,52,Scenario,1
ID,8,Time,272.5146,DronePosition,-160.5675,45,-107.379,11.1,CameraPosition,-103.2235,1.751062,-107.4337,CameraRotation,326.1727,253.2733,4.310533,CurrentState,MoveToInitial,Slider,52,Scenario,1
ID,8,Time,272.5285,DronePosition,-160.4132,45,-107.379,11.1,CameraPosition,-103.2237,1.751126,-107.434,CameraRotation,326.1613,253.1844,4.32894,CurrentState,MoveToInitial,Slider,52,Scenario,1
ID,8,Time,272.5426,DronePosition,-160.2559,45,-107.379,11.1,CameraPosition,-103.2241,1.751157,-107.4344,CameraRotation,326.1699,253.13,4.303865,CurrentState,MoveToInitial,Slider,52,Scenario,1
ID,8,Time,272.5567,DronePosition,-160.1003,45,-107.379,11.1,CameraPosition,-103.2245,1.751178,-107.4348,CameraRotation,326.1642,253.1238,4.272097,CurrentState,MoveToInitial,Slider,52,Scenario,1
ID,8,Time,272.5705,DronePosition,-159.9465,45,-107.379,11.1,CameraPosition,-103.2249,1.75123,-107.4351,CameraRotation,326.1371,253.1287,4.271589,CurrentState,MoveToInitial,Slider,52,Scenario,1
ID,8,Time,272.5847,DronePosition,-159.7896,45,-107.379,11.1,CameraPosition,-103.2253,1.751294,-107.4354,CameraRotation,326.1099,253.146,4.288091,CurrentState,MoveToInitial,Slider,52,Scenario,1
ID,8,Time,272.5984,DronePosition,-159.637,45,-107.379,11.1,CameraPosition,-103.2257,1.751329,-107.4356,CameraRotation,326.1147,253.202,4.285326,CurrentState,MoveToInitial,Slider,52,Scenario,1
ID,8,Time,272.6124,DronePosition,-159.4819,45,-107.379,11.1,CameraPosition,-103.2261,1.751286,-107.4359,CameraRotation,326.1639,253.293,4.255702,CurrentState,MoveToInitial,Slider,52,Scenario,1
ID,8,Time,272.6263,DronePosition,-159.3268,45,-107.379,11.1,CameraPosition,-103.2265,1.751202,-107.4361,CameraRotation,326.2525,253.3746,4.230824,CurrentState,MoveToInitial,Slider,52,Scenario,1
ID,8,Time,272.6401,DronePosition,-159.1739,45,-107.379,11.1,CameraPosition,-103.2271,1.751116,-107.4363,CameraRotation,326.3496,253.4428,4.244467,CurrentState,MoveToInitial,Slider,52,Scenario,1
ID,8,Time,272.6541,DronePosition,-159.0186,45,-107.379,11.1,CameraPosition,-103.2275,1.751054,-107.4365,CameraRotation,326.3987,253.5028,4.274606,CurrentState,MoveToInitial,Slider,52,Scenario,1
ID,8,Time,272.6682,DronePosition,-158.8623,45,-107.379,11.1,CameraPosition,-103.2279,1.751008,-107.4368,CameraRotation,326.4355,253.5606,4.2986,CurrentState,MoveToInitial,Slider,52,Scenario,1
ID,8,Time,272.6822,DronePosition,-158.7071,45,-107.379,11.1,CameraPosition,-103.2283,1.750934,-107.437,CameraRotation,326.5149,253.6418,4.284671,CurrentState,MoveToInitial,Slider,52,Scenario,1
ID,8,Time,272.6958,DronePosition,-158.5557,45,-107.379,11.1,CameraPosition,-103.2286,1.7508,-107.4372,CameraRotation,326.6488,253.7608,4.230228,CurrentState,MoveToInitial,Slider,52,Scenario,1
ID,8,Time,272.71,DronePosition,-158.398,45,-107.379,11.1,CameraPosition,-103.229,1.750613,-107.4374,CameraRotation,326.7858,253.843,4.119006,CurrentState,MoveToInitial,Slider,52,Scenario,1
ID,8,Time,272.7235,DronePosition,-158.2481,45,-107.379,11.1,CameraPosition,-103.2293,1.750433,-107.4377,CameraRotation,326.9276,253.8714,4.08798,CurrentState,MoveToInitial,Slider,52,Scenario,1
ID,8,Time,272.7373,DronePosition,-158.0947,45,-107.379,11.1,CameraPosition,-103.2296,1.750292,-107.438,CameraRotation,326.9981,253.8942,4.163033,CurrentState,MoveToInitial,Slider,52,Scenario,1
ID,8,Time,272.7513,DronePosition,-157.9401,45,-107.379,11.1,CameraPosition,-103.2298,1.750193,-107.4382,CameraRotation,327.0525,253.9445,4.223447,CurrentState,MoveToInitial,Slider,52,Scenario,1
ID,8,Time,272.7652,DronePosition,-157.7857,45,-107.379,11.1,CameraPosition,-103.23,1.750106,-107.4384,CameraRotation,327.1065,253.996,4.222888,CurrentState,MoveToInitial,Slider,52,Scenario,1
ID,8,Time,272.7801,DronePosition,-157.6207,45,-107.379,11.1,CameraPosition,-103.2302,1.750064,-107.4387,CameraRotation,327.1795,254.0601,4.186496,CurrentState,MoveToInitial,Slider,52,Scenario,1
ID,8,Time,272.793,DronePosition,-157.477,45,-107.379,11.1,CameraPosition,-103.2303,1.750046,-107.4389,CameraRotation,327.2131,254.1066,4.186998,CurrentState,MoveToInitial,Slider,52,Scenario,1
ID,8,Time,272.807,DronePosition,-157.3215,45,-107.379,11.1,CameraPosition,-103.2305,1.750091,-107.4391,CameraRotation,327.2261,254.1449,4.231206,CurrentState,MoveToInitial,Slider,52,Scenario,1
ID,8,Time,272.8209,DronePosition,-157.1669,45,-107.379,11.1,CameraPosition,-103.2305,1.7501,-107.4393,CameraRotation,327.1941,254.1669,4.292892,CurrentState,MoveToInitial,Slider,52,Scenario,1
ID,8,Time,272.8347,DronePosition,-157.0138,45,-107.379,11.1,CameraPosition,-103.2306,1.750088,-107.4395,CameraRotation,327.1822,254.2085,4.325163,CurrentState,MoveToInitial,Slider,52,Scenario,1
ID,8,Time,272.8486,DronePosition,-156.8601,45,-107.379,11.1,CameraPosition,-103.2306,1.750039,-107.4397,CameraRotation,327.1815,254.2707,4.316125,CurrentState,MoveToInitial,Slider,52,Scenario,1
ID,8,Time,272.8625,DronePosition,-156.7057,45,-107.379,11.1,CameraPosition,-103.2306,1.749941,-107.4399,CameraRotation,327.2089,254.3291,4.285921,CurrentState,MoveToInitial,Slider,52,Scenario,1
ID,8,Time,272.8764,DronePosition,-156.5515,45,-107.379,11.1,CameraPosition,-103.2305,1.749851,-107.4401,CameraRotation,327.2748,254.3919,4.271407,CurrentState,MoveToInitial,Slider,52,Scenario,1
ID,8,Time,272.8907,DronePosition,-156.3918,45,-107.379,11.1,CameraPosition,-103.2305,1.749815,-107.4403,CameraRotation,327.3112,254.4363,4.313517,CurrentState,MoveToInitial,Slider,52,Scenario,1
ID,8,Time,272.9047,DronePosition,-156.2366,45,-107.379,11.1,CameraPosition,-103.2304,1.749853,-107.4405,CameraRotation,327.3001,254.4871,4.35166,CurrentState,MoveToInitial,Slider,52,Scenario,1
ID,8,Time,272.919,DronePosition,-156.0777,45,-107.379,11.1,CameraPosition,-103.2303,1.749951,-107.4407,CameraRotation,327.2549,254.5444,4.374368,CurrentState,MoveToInitial,Slider,52,Scenario,1
ID,8,Time,272.9321,DronePosition,-155.9325,45,-107.379,11.1,CameraPosition,-103.2301,1.750045,-107.4408,CameraRotation,327.2068,254.6036,4.388334,CurrentState,MoveToInitial,Slider,52,Scenario,1
ID,8,Time,272.946,DronePosition,-155.7784,45,-107.379,11.1,CameraPosition,-103.2301,1.750128,-107.441,CameraRotation,327.1868,254.6999,4.382383,CurrentState,MoveToInitial,Slider,52,Scenario,1
ID,8,Time,272.96,DronePosition,-155.6237,45,-107.379,11.1,CameraPosition,-103.23,1.750198,-107.4411,CameraRotation,327.1966,254.8174,4.36231,CurrentState,MoveToInitial,Slider,52,Scenario,1
ID,8,Time,272.9738,DronePosition,-155.4703,45,-107.379,11.1,CameraPosition,-103.2299,1.750269,-107.4411,CameraRotation,327.2303,254.9576,4.339249,CurrentState,MoveToInitial,Slider,52,Scenario,1
ID,8,Time,272.9882,DronePosition,-155.3102,45,-107.379,11.1,CameraPosition,-103.2297,1.750321,-107.4412,CameraRotation,327.2109,255.1111,4.332024,CurrentState,MoveToInitial,Slider,52,Scenario,1
ID,8,Time,273.0017,DronePosition,-155.1601,45,-107.379,11.1,CameraPosition,-103.2295,1.750376,-107.4412,CameraRotation,327.1785,255.2709,4.360843,CurrentState,MoveToInitial,Slider,52,Scenario,1
ID,8,Time,273.0157,DronePosition,-155.0049,45,-107.379,11.1,CameraPosition,-103.2292,1.750434,-107.4412,CameraRotation,327.1498,255.4559,4.393794,CurrentState,MoveToInitial,Slider,52,Scenario,1
ID,8,Time,273.0296,DronePosition,-154.8505,45,-107.379,11.1,CameraPosition,-103.229,1.750523,-107.4412,CameraRotation,327.093,255.6679,4.379844,CurrentState,MoveToInitial,Slider,52,Scenario,1
ID,8,Time,273.0442,DronePosition,-154.6886,45,-107.379,11.1,CameraPosition,-103.2287,1.750581,-107.4413,CameraRotation,327.0544,255.8801,4.348244,CurrentState,MoveToInitial,Slider,52,Scenario,1
ID,8,Time,273.0578,DronePosition,-154.5374,45,-107.379,11.1,CameraPosition,-103.2284,1.750613,-107.4413,CameraRotation,327.0288,256.0771,4.323773,CurrentState,MoveToInitial,Slider,52,Scenario,1
ID,8,Time,273.0717,DronePosition,-154.3835,45,-107.379,11.1,CameraPosition,-103.228,1.750623,-107.4413,CameraRotation,326.989,256.2701,4.363465,CurrentState,MoveToInitial,Slider,52,Scenario,1
ID,8,Time,273.0854,DronePosition,-154.2318,45,-107.379,11.1,CameraPosition,-103.2277,1.750667,-107.4412,CameraRotation,326.9302,256.5002,4.410112,CurrentState,MoveToInitial,Slider,52,Scenario,1
ID,8,Time,273.0995,DronePosition,-154.0741,45,-107.379,11.1,CameraPosition,-103.2273,1.750765,-107.4412,CameraRotation,326.865,256.7886,4.401625,CurrentState,MoveToInitial,Slider,52,Scenario,1
ID,8,Time,273.1132,DronePosition,-153.9227,45,-107.379,11.1,CameraPosition,-103.227,1.750882,-107.4411,CameraRotation,326.7812,257.0819,4.369675,CurrentState,MoveToInitial,Slider,52,Scenario,1
ID,8,Time,273.1273,DronePosition,-153.766,45,-107.379,11.1,CameraPosition,-103.2267,1.751031,-107.441,CameraRotation,326.6792,257.4,4.333493,CurrentState,MoveToInitial,Slider,52,Scenario,1
ID,8,Time,273.1411,DronePosition,-153.613,45,-107.379,11.1,CameraPosition,-103.2263,1.751234,-107.4408,CameraRotation,326.6063,257.7186,4.371963,CurrentState,MoveToInitial,Slider,52,Scenario,1
ID,8,Time,273.155,DronePosition,-153.4585,45,-107.379,11.1,CameraPosition,-103.2259,1.751451,-107.4406,CameraRotation,326.4811,258.0687,4.403314,CurrentState,MoveToInitial,Slider,52,Scenario,1
ID,8,Time,273.169,DronePosition,-153.3034,45,-107.379,11.1,CameraPosition,-103.2254,1.751699,-107.4404,CameraRotation,326.3017,258.4638,4.389812,CurrentState,MoveToInitial,Slider,52,Scenario,1
ID,8,Time,273.1829,DronePosition,-153.1491,45,-107.379,11.1,CameraPosition,-103.225,1.751957,-107.4402,CameraRotation,326.1172,258.9108,4.319127,CurrentState,MoveToInitial,Slider,52,Scenario,1
ID,8,Time,273.1967,DronePosition,-152.9965,45,-107.379,11.1,CameraPosition,-103.2245,1.752217,-107.44,CameraRotation,325.9621,259.3417,4.270102,CurrentState,MoveToInitial,Slider,52,Scenario,1
ID,8,Time,273.2106,DronePosition,-152.842,45,-107.379,11.1,CameraPosition,-103.2241,1.75253,-107.4398,CameraRotation,325.7734,259.8118,4.269509,CurrentState,MoveToInitial,Slider,52,Scenario,1
ID,8,Time,273.2246,DronePosition,-152.6865,45,-107.379,11.1,CameraPosition,-103.2235,1.752829,-107.4395,CameraRotation,325.5392,260.2703,4.285957,CurrentState,MoveToInitial,Slider,52,Scenario,1
ID,8,Time,273.2382,DronePosition,-152.535,45,-107.379,11.1,CameraPosition,-103.2229,1.753163,-107.4392,CameraRotation,325.2847,260.7369,4.309806,CurrentState,MoveToInitial,Slider,52,Scenario,1
ID,8,Time,273.2523,DronePosition,-152.3786,45,-107.379,11.1,CameraPosition,-103.2222,1.753545,-107.4389,CameraRotation,325.0131,261.2181,4.309213,CurrentState,MoveToInitial,Slider,52,Scenario,1
ID,8,Time,273.2664,DronePosition,-152.2226,45,-107.379,11.1,CameraPosition,-103.2215,1.754072,-107.4385,CameraRotation,324.7518,261.6985,4.32353,CurrentState,MoveToInitial,Slider,52,Scenario,1
ID,8,Time,273.2798,DronePosition,-152.0729,45,-107.379,11.1,CameraPosition,-103.2208,1.754665,-107.4381,CameraRotation,324.3621,262.1979,4.28896,CurrentState,MoveToInitial,Slider,52,Scenario,1
ID,8,Time,273.2938,DronePosition,-151.9178,45,-107.379,11.1,CameraPosition,-103.2201,1.755192,-107.4377,CameraRotation,323.9363,262.6934,4.197759,CurrentState,MoveToInitial,Slider,52,Scenario,1
ID,8,Time,273.3083,DronePosition,-151.7567,45,-107.379,11.1,CameraPosition,-103.2192,1.755599,-107.4374,CameraRotation,323.5313,263.1502,4.120668,CurrentState,MoveToInitial,Slider,52,Scenario,1
ID,8,Time,273.3218,DronePosition,-151.6068,45,-107.379,11.1,CameraPosition,-103.2184,1.755945,-107.4371,CameraRotation,323.217,263.5968,4.050296,CurrentState,MoveToInitial,Slider,52,Scenario,1
ID,8,Time,273.3357,DronePosition,-151.4534,45,-107.379,11.1,CameraPosition,-103.2176,1.756246,-107.4367,CameraRotation,322.9253,264.033,3.9611,CurrentState,MoveToInitial,Slider,52,Scenario,1
ID,8,Time,273.3494,DronePosition,-151.3006,45,-107.379,11.1,CameraPosition,-103.2168,1.756574,-107.4365,CameraRotation,322.6203,264.4629,3.843312,CurrentState,MoveToInitial,Slider,52,Scenario,1
ID,8,Time,273.3632,DronePosition,-151.1474,45,-107.379,11.1,CameraPosition,-103.216,1.756889,-107.4362,CameraRotation,322.2714,264.8595,3.757453,CurrentState,MoveToInitial,Slider,52,Scenario,1
ID,8,Time,273.3775,DronePosition,-150.9893,45,-107.379,11.1,CameraPosition,-103.2153,1.757189,-107.4358,CameraRotation,321.9659,265.2438,3.673334,CurrentState,MoveToInitial,Slider,52,Scenario,1
ID,8,Time,273.3914,DronePosition,-150.835,45,-107.379,11.1,CameraPosition,-103.2145,1.757452,-107.4356,CameraRotation,321.6742,265.6165,3.544482,CurrentState,MoveToInitial,Slider,52,Scenario,1
ID,8,Time,273.4052,DronePosition,-150.6821,45,-107.379,11.1,CameraPosition,-103.2138,1.757704,-107.4353,CameraRotation,321.4088,265.9755,3.406086,CurrentState,MoveToInitial,Slider,52,Scenario,1
ID,8,Time,273.4191,DronePosition,-150.527,45,-107.379,11.1,CameraPosition,-103.2131,1.757969,-107.435,CameraRotation,321.1905,266.3141,3.283098,CurrentState,MoveToInitial,Slider,52,Scenario,1
ID,8,Time,273.4333,DronePosition,-150.3701,45,-107.379,11.1,CameraPosition,-103.2125,1.758262,-107.4348,CameraRotation,320.9704,266.6096,3.202305,CurrentState,MoveToInitial,Slider,52,Scenario,1
ID,8,Time,273.447,DronePosition,-150.2172,45,-107.379,11.1,CameraPosition,-103.212,1.758549,-107.4346,CameraRotation,320.7616,266.8807,3.141473,CurrentState,MoveToInitial,Slider,52,Scenario,1
ID,8,Time,273.461,DronePosition,-150.0623,45,-107.379,11.1,CameraPosition,-103.2114,1.758776,-107.4344,CameraRotation,320.5273,267.1154,3.087398,CurrentState,MoveToInitial,Slider,52,Scenario,1
ID,8,Time,273.4751,DronePosition,-149.9057,45,-107.379,11.1,CameraPosition,-103.2108,1.758953,-107.4342,CameraRotation,320.3425,267.3472,3.009077,CurrentState,MoveToInitial,Slider,52,Scenario,1
ID,8,Time,273.4888,DronePosition,-149.7535,45,-107.379,11.1,CameraPosition,-103.2103,1.759058,-107.4341,CameraRotation,320.1602,267.5745,2.920576,CurrentState,MoveToInitial,Slider,52,Scenario,1
ID,8,Time,273.5026,DronePosition,-149.6001,45,-107.379,11.1,CameraPosition,-103.2098,1.759181,-107.434,CameraRotation,320.0555,267.7905,2.836902,CurrentState,MoveToInitial,Slider,52,Scenario,1
ID,8,Time,273.5171,DronePosition,-149.4391,45,-107.379,11.1,CameraPosition,-103.2093,1.75931,-107.4341,CameraRotation,319.9623,267.9749,2.782025,CurrentState,MoveToInitial,Slider,52,Scenario,1
ID,8,Time,273.5303,DronePosition,-149.293,45,-107.379,11.1,CameraPosition,-103.2089,1.759455,-107.4341,CameraRotation,319.8513,268.1384,2.770808,CurrentState,MoveToInitial,Slider,52,Scenario,1
ID,8,Time,273.5447,DronePosition,-149.1326,45,-107.379,11.1,CameraPosition,-103.2085,1.75955,-107.4341,CameraRotation,319.7399,268.25,2.792239,CurrentState,MoveToInitial,Slider,52,Scenario,1
ID,8,Time,273.5585,DronePosition,-148.9801,45,-107.379,11.1,CameraPosition,-103.2081,1.75961,-107.4341,CameraRotation,319.6715,268.3646,2.793619,CurrentState,MoveToInitial,Slider,52,Scenario,1
ID,8,Time,273.5726,DronePosition,-148.8231,45,-107.379,11.1,CameraPosition,-103.2077,1.759661,-107.4341,CameraRotation,319.6331,268.4811,2.782795,CurrentState,MoveToInitial,Slider,52,Scenario,1
ID,8,Time,273.5864,DronePosition,-148.6701,45,-107.379,11.1,CameraPosition,-103.2073,1.759665,-107.4342,CameraRotation,319.5587,268.5699,2.786663,CurrentState,MoveToInitial,Slider,52,Scenario,1
ID,8,Time,273.6003,DronePosition,-148.5164,45,-107.379,11.1,CameraPosition,-103.207,1.75967,-107.4343,CameraRotation,319.5231,268.6379,2.814132,CurrentState,MoveToInitial,Slider,52,Scenario,1
ID,8,Time,273.6138,DronePosition,-148.3657,45,-107.379,11.1,CameraPosition,-103.2066,1.759665,-107.4344,CameraRotation,319.4706,268.7015,2.848292,CurrentState,MoveToInitial,Slider,52,Scenario,1
ID,8,Time,273.628,DronePosition,-148.2082,45,-107.379,11.1,CameraPosition,-103.2062,1.759617,-107.4345,CameraRotation,319.4518,268.7342,2.886863,CurrentState,MoveToInitial,Slider,52,Scenario,1
ID,8,Time,273.6422,DronePosition,-148.0523,45,-107.379,11.02932,CameraPosition,-103.2058,1.759551,-107.4346,CameraRotation,319.4606,268.7603,2.924962,CurrentState,Approach1,Slider,52,Scenario,1
ID,8,Time,273.6562,DronePosition,-147.8973,45,-107.379,11.02932,CameraPosition,-103.2054,1.759488,-107.4348,CameraRotation,319.4283,268.7877,2.955405,CurrentState,Approach1,Slider,52,Scenario,1
ID,8,Time,273.6702,DronePosition,-147.7433,45,-107.379,11.02932,CameraPosition,-103.205,1.7595,-107.4351,CameraRotation,319.3889,268.779,3.000921,CurrentState,Approach1,Slider,52,Scenario,1
ID,8,Time,273.6839,DronePosition,-147.592,45,-107.379,11.02932,CameraPosition,-103.2046,1.759539,-107.4353,CameraRotation,319.2813,268.7433,3.061714,CurrentState,Approach1,Slider,52,Scenario,1
ID,8,Time,273.6977,DronePosition,-147.4402,45,-107.379,11.02932,CameraPosition,-103.2041,1.759547,-107.4356,CameraRotation,319.1864,268.7104,3.123568,CurrentState,Approach1,Slider,52,Scenario,1
ID,8,Time,273.7119,DronePosition,-147.2835,45,-107.379,11.02932,CameraPosition,-103.2037,1.75951,-107.4358,CameraRotation,319.1213,268.6572,3.212493,CurrentState,Approach1,Slider,52,Scenario,1
ID,8,Time,273.7262,DronePosition,-147.1256,45,-107.379,11.02932,CameraPosition,-103.2032,1.759434,-107.436,CameraRotation,319.0879,268.6068,3.275322,CurrentState,Approach1,Slider,52,Scenario,1
ID,8,Time,273.7398,DronePosition,-146.9749,45,-107.379,11.02932,CameraPosition,-103.2027,1.759348,-107.4363,CameraRotation,319.0685,268.5772,3.271039,CurrentState,Approach1,Slider,52,Scenario,1
ID,8,Time,273.7536,DronePosition,-146.8231,45,-107.379,11.02932,CameraPosition,-103.2023,1.759279,-107.4366,CameraRotation,319.0274,268.4958,3.298634,CurrentState,Approach1,Slider,52,Scenario,1
ID,8,Time,273.768,DronePosition,-146.6647,45,-107.379,11.02932,CameraPosition,-103.2018,1.75929,-107.4368,CameraRotation,318.949,268.4128,3.383437,CurrentState,Approach1,Slider,52,Scenario,1
ID,8,Time,273.7815,DronePosition,-146.5155,45,-107.379,11.02932,CameraPosition,-103.2013,1.759373,-107.4371,CameraRotation,318.7996,268.3099,3.510928,CurrentState,Approach1,Slider,52,Scenario,1
ID,8,Time,273.7953,DronePosition,-146.3632,45,-107.379,11.02932,CameraPosition,-103.2007,1.759476,-107.4373,CameraRotation,318.6438,268.2397,3.545322,CurrentState,Approach1,Slider,52,Scenario,1
ID,8,Time,273.8097,DronePosition,-146.205,45,-107.379,11.02932,CameraPosition,-103.2002,1.759526,-107.4376,CameraRotation,318.5372,268.1932,3.522951,CurrentState,Approach1,Slider,52,Scenario,1
ID,8,Time,273.8236,DronePosition,-146.0515,45,-107.379,11.02932,CameraPosition,-103.1997,1.759498,-107.4379,CameraRotation,318.4351,268.1412,3.511983,CurrentState,Approach1,Slider,52,Scenario,1
ID,8,Time,273.8375,DronePosition,-145.8973,45,-107.379,11.02932,CameraPosition,-103.1991,1.75945,-107.4382,CameraRotation,318.4045,268.0762,3.553649,CurrentState,Approach1,Slider,52,Scenario,1
ID,8,Time,273.8511,DronePosition,-145.748,45,-107.379,11.02932,CameraPosition,-103.1986,1.759439,-107.4385,CameraRotation,318.3586,267.9714,3.67321,CurrentState,Approach1,Slider,52,Scenario,1
ID,8,Time,273.8651,DronePosition,-145.5932,45,-107.379,11.02932,CameraPosition,-103.1981,1.759494,-107.4388,CameraRotation,318.2728,267.8715,3.775006,CurrentState,Approach1,Slider,52,Scenario,1
ID,8,Time,273.8795,DronePosition,-145.4346,45,-107.379,11.02932,CameraPosition,-103.1975,1.759569,-107.4391,CameraRotation,318.1366,267.7672,3.857898,CurrentState,Approach1,Slider,52,Scenario,1
ID,8,Time,273.8933,DronePosition,-145.2817,45,-107.379,11.02932,CameraPosition,-103.197,1.75962,-107.4394,CameraRotation,318.0254,267.6676,3.918947,CurrentState,Approach1,Slider,52,Scenario,1
ID,8,Time,273.9077,DronePosition,-145.123,45,-107.379,11.02932,CameraPosition,-103.1965,1.759585,-107.4398,CameraRotation,317.9258,267.58,3.97564,CurrentState,Approach1,Slider,52,Scenario,1
ID,8,Time,273.9234,DronePosition,-144.9502,45,-107.379,11.02932,CameraPosition,-103.196,1.75949,-107.4401,CameraRotation,317.8663,267.4776,4.046777,CurrentState,Approach1,Slider,52,Scenario,1
ID,8,Time,273.9357,DronePosition,-144.8149,45,-107.379,11.02932,CameraPosition,-103.1954,1.759414,-107.4404,CameraRotation,317.8247,267.3895,4.101485,CurrentState,Approach1,Slider,52,Scenario,1
ID,8,Time,273.9489,DronePosition,-144.6684,45,-107.379,11.02932,CameraPosition,-103.1949,1.759368,-107.4407,CameraRotation,317.7759,267.2717,4.166412,CurrentState,Approach1,Slider,52,Scenario,1
ID,8,Time,273.9625,DronePosition,-144.5189,45,-107.379,11.02932,CameraPosition,-103.1944,1.759389,-107.441,CameraRotation,317.7061,267.1569,4.205942,CurrentState,Approach1,Slider,52,Scenario,1
ID,8,Time,273.977,DronePosition,-144.3591,45,-107.379,11.02932,CameraPosition,-103.1939,1.759458,-107.4413,CameraRotation,317.5725,267.0531,4.247751,CurrentState,Approach1,Slider,52,Scenario,1
ID,8,Time,273.991,DronePosition,-144.2048,45,-107.379,11.02932,CameraPosition,-103.1934,1.759591,-107.4416,CameraRotation,317.4377,266.9441,4.304268,CurrentState,Approach1,Slider,52,Scenario,1
ID,8,Time,274.0049,DronePosition,-144.0516,45,-107.379,11.02932,CameraPosition,-103.1928,1.759702,-107.4419,CameraRotation,317.2968,266.84,4.334479,CurrentState,Approach1,Slider,52,Scenario,1
ID,8,Time,274.0187,DronePosition,-143.8989,45,-107.379,11.02932,CameraPosition,-103.1923,1.759802,-107.4422,CameraRotation,317.187,266.7455,4.347806,CurrentState,Approach1,Slider,52,Scenario,1
ID,8,Time,274.0327,DronePosition,-143.7445,45,-107.379,11.02932,CameraPosition,-103.1918,1.759878,-107.4424,CameraRotation,317.0706,266.6679,4.350482,CurrentState,Approach1,Slider,52,Scenario,1
ID,8,Time,274.0465,DronePosition,-143.5926,45,-107.379,11.02932,CameraPosition,-103.1913,1.75994,-107.4426,CameraRotation,317.0017,266.5954,4.370896,CurrentState,Approach1,Slider,52,Scenario,1
ID,8,Time,274.0607,DronePosition,-143.4358,45,-107.379,11.02932,CameraPosition,-103.1909,1.759985,-107.4429,CameraRotation,316.9251,266.5276,4.40389,CurrentState,Approach1,Slider,52,Scenario,1
ID,8,Time,274.0745,DronePosition,-143.284,45,-107.379,11.02932,CameraPosition,-103.1905,1.760003,-107.4431,CameraRotation,316.8419,266.4435,4.444608,CurrentState,Approach1,Slider,52,Scenario,1
ID,8,Time,274.0884,DronePosition,-143.1304,45,-107.379,11.02932,CameraPosition,-103.1902,1.760065,-107.4433,CameraRotation,316.7755,266.3853,4.491473,CurrentState,Approach1,Slider,52,Scenario,1
ID,8,Time,274.1025,DronePosition,-142.9753,45,-107.379,11.02932,CameraPosition,-103.1898,1.760143,-107.4435,CameraRotation,316.6605,266.3165,4.553778,CurrentState,Approach1,Slider,52,Scenario,1
ID,8,Time,274.1163,DronePosition,-142.8231,45,-107.379,11.02932,CameraPosition,-103.1894,1.760235,-107.4437,CameraRotation,316.5705,266.308,4.568309,CurrentState,Approach1,Slider,52,Scenario,1
ID,8,Time,274.13,DronePosition,-142.6714,45,-107.379,11.02932,CameraPosition,-103.1891,1.760281,-107.4438,CameraRotation,316.5258,266.2773,4.563826,CurrentState,Approach1,Slider,52,Scenario,1
ID,8,Time,274.1443,DronePosition,-142.5141,45,-107.379,11.02932,CameraPosition,-103.1888,1.760315,-107.444,CameraRotation,316.5137,266.2618,4.557779,CurrentState,Approach1,Slider,52,Scenario,1
ID,8,Time,274.1581,DronePosition,-142.3622,45,-107.379,11.02932,CameraPosition,-103.1885,1.760324,-107.4442,CameraRotation,316.5284,266.2356,4.580377,CurrentState,Approach1,Slider,52,Scenario,1
ID,8,Time,274.1721,DronePosition,-142.2078,45,-107.379,11.02932,CameraPosition,-103.1883,1.760291,-107.4443,CameraRotation,316.5554,266.2282,4.589965,CurrentState,Approach1,Slider,52,Scenario,1
ID,8,Time,274.1859,DronePosition,-142.0546,45,-107.379,11.02932,CameraPosition,-103.1881,1.76025,-107.4444,CameraRotation,316.5713,266.2362,4.586724,CurrentState,Approach1,Slider,52,Scenario,1
ID,8,Time,274.1997,DronePosition,-141.9026,45,-107.379,11.02932,CameraPosition,-103.1878,1.760261,-107.4446,CameraRotation,316.5863,266.2565,4.576698,CurrentState,Approach1,Slider,52,Scenario,1
ID,8,Time,274.2133,DronePosition,-141.7534,45,-107.379,11.02932,CameraPosition,-103.1876,1.760318,-107.4447,CameraRotation,316.5529,266.2613,4.585895,CurrentState,Approach1,Slider,52,Scenario,1
ID,8,Time,274.2272,DronePosition,-141.5992,45,-107.379,11.02932,CameraPosition,-103.1873,1.760369,-107.4448,CameraRotation,316.5252,266.257,4.622478,CurrentState,Approach1,Slider,52,Scenario,1
ID,8,Time,274.2414,DronePosition,-141.4429,45,-107.379,11.02932,CameraPosition,-103.1871,1.760393,-107.4449,CameraRotation,316.4786,266.2504,4.66855,CurrentState,Approach1,Slider,52,Scenario,1
ID,8,Time,274.2554,DronePosition,-141.2882,45,-107.379,11.02932,CameraPosition,-103.1869,1.760367,-107.445,CameraRotation,316.4838,266.272,4.670346,CurrentState,Approach1,Slider,52,Scenario,1
ID,8,Time,274.2693,DronePosition,-141.1359,45,-107.379,11.02932,CameraPosition,-103.1867,1.760321,-107.4451,CameraRotation,316.537,266.3043,4.662491,CurrentState,Approach1,Slider,52,Scenario,1
ID,8,Time,274.2833,DronePosition,-140.9805,45,-107.379,11.02932,CameraPosition,-103.1865,1.760263,-107.4451,CameraRotation,316.5808,266.3253,4.65841,CurrentState,Approach1,Slider,52,Scenario,1
ID,8,Time,274.2972,DronePosition,-140.8277,45,-107.379,11.02932,CameraPosition,-103.1863,1.760267,-107.4451,CameraRotation,316.602,266.3369,4.669322,CurrentState,Approach1,Slider,52,Scenario,1
ID,8,Time,274.311,DronePosition,-140.6752,45,-107.379,11.02932,CameraPosition,-103.1861,1.760312,-107.4452,CameraRotation,316.5807,266.3392,4.682531,CurrentState,Approach1,Slider,52,Scenario,1
ID,8,Time,274.3248,DronePosition,-140.5228,45,-107.379,11.02932,CameraPosition,-103.1859,1.76036,-107.4452,CameraRotation,316.5535,266.3592,4.65537,CurrentState,Approach1,Slider,52,Scenario,1
ID,8,Time,274.3389,DronePosition,-140.3674,45,-107.379,11.02932,CameraPosition,-103.1857,1.760354,-107.4453,CameraRotation,316.5417,266.3857,4.623474,CurrentState,Approach1,Slider,52,Scenario,1
ID,8,Time,274.3536,DronePosition,-140.2058,45,-107.379,11.02932,CameraPosition,-103.1855,1.760328,-107.4453,CameraRotation,316.5608,266.4147,4.566639,CurrentState,Approach1,Slider,52,Scenario,1
ID,8,Time,274.3666,DronePosition,-140.0624,45,-107.379,11.02932,CameraPosition,-103.1854,1.760312,-107.4453,CameraRotation,316.5804,266.4251,4.539741,CurrentState,Approach1,Slider,52,Scenario,1
ID,8,Time,274.3799,DronePosition,-139.9149,45,-107.379,11.02932,CameraPosition,-103.1852,1.760309,-107.4453,CameraRotation,316.5699,266.4142,4.551991,CurrentState,Approach1,Slider,52,Scenario,1
ID,8,Time,274.3941,DronePosition,-139.7584,45,-107.379,11.02932,CameraPosition,-103.185,1.760289,-107.4454,CameraRotation,316.4896,266.389,4.592854,CurrentState,Approach1,Slider,52,Scenario,1
ID,8,Time,274.4081,DronePosition,-139.6044,45,-107.379,11.02932,CameraPosition,-103.1848,1.760251,-107.4454,CameraRotation,316.451,266.3681,4.630931,CurrentState,Approach1,Slider,52,Scenario,1
ID,8,Time,274.422,DronePosition,-139.4515,45,-107.379,11.02932,CameraPosition,-103.1847,1.760262,-107.4454,CameraRotation,316.4698,266.3594,4.639784,CurrentState,Approach1,Slider,52,Scenario,1
ID,8,Time,274.4358,DronePosition,-139.2987,45,-107.379,11.02932,CameraPosition,-103.1846,1.760298,-107.4454,CameraRotation,316.4814,266.3527,4.646424,CurrentState,Approach1,Slider,52,Scenario,1
ID,8,Time,274.4499,DronePosition,-139.1435,45,-107.379,11.02932,CameraPosition,-103.1844,1.760356,-107.4454,CameraRotation,316.4445,266.3543,4.631125,CurrentState,Approach1,Slider,52,Scenario,1
ID,8,Time,274.4633,DronePosition,-138.9953,45,-107.379,11.02932,CameraPosition,-103.1842,1.760417,-107.4454,CameraRotation,316.4056,266.3263,4.65781,CurrentState,Approach1,Slider,52,Scenario,1
ID,8,Time,274.4772,DronePosition,-138.8418,45,-107.379,11.02932,CameraPosition,-103.184,1.760457,-107.4454,CameraRotation,316.3804,266.2816,4.708169,CurrentState,Approach1,Slider,52,Scenario,1
ID,8,Time,274.4913,DronePosition,-138.6863,45,-107.379,11.02932,CameraPosition,-103.1838,1.760468,-107.4454,CameraRotation,316.3799,266.2371,4.733674,CurrentState,Approach1,Slider,52,Scenario,1
ID,8,Time,274.5055,DronePosition,-138.5304,45,-107.379,11.02932,CameraPosition,-103.1837,1.76044,-107.4454,CameraRotation,316.3896,266.1974,4.721158,CurrentState,Approach1,Slider,52,Scenario,1
ID,8,Time,274.5193,DronePosition,-138.3777,45,-107.379,11.02932,CameraPosition,-103.1836,1.760399,-107.4454,CameraRotation,316.3767,266.1593,4.721946,CurrentState,Approach1,Slider,52,Scenario,1
ID,8,Time,274.5332,DronePosition,-138.2247,45,-107.379,11.02932,CameraPosition,-103.1834,1.760373,-107.4453,CameraRotation,316.3605,266.0985,4.763916,CurrentState,Approach1,Slider,52,Scenario,1
ID,8,Time,274.547,DronePosition,-138.0729,45,-107.379,11.02932,CameraPosition,-103.1833,1.760337,-107.4453,CameraRotation,316.2976,266.0291,4.831295,CurrentState,Approach1,Slider,52,Scenario,1
ID,8,Time,274.5611,DronePosition,-137.917,45,-107.379,11.02932,CameraPosition,-103.1831,1.760329,-107.4453,CameraRotation,316.2429,265.961,4.875434,CurrentState,Approach1,Slider,52,Scenario,1
ID,8,Time,274.5751,DronePosition,-137.7623,45,-107.379,11.02932,CameraPosition,-103.1829,1.76037,-107.4452,CameraRotation,316.1905,265.9037,4.891371,CurrentState,Approach1,Slider,52,Scenario,1
ID,8,Time,274.5889,DronePosition,-137.6108,45,-107.379,11.02932,CameraPosition,-103.1827,1.760424,-107.4451,CameraRotation,316.1185,265.8611,4.910332,CurrentState,Approach1,Slider,52,Scenario,1
ID,8,Time,274.6028,DronePosition,-137.4574,45,-107.379,11.02932,CameraPosition,-103.1826,1.760422,-107.445,CameraRotation,316.0478,265.8185,4.896232,CurrentState,Approach1,Slider,52,Scenario,1
ID,8,Time,274.6166,DronePosition,-137.3043,45,-107.379,11.02932,CameraPosition,-103.1824,1.760426,-107.4449,CameraRotation,316.0344,265.8111,4.867475,CurrentState,Approach1,Slider,52,Scenario,1
ID,8,Time,274.6304,DronePosition,-137.1526,45,-107.379,11.02932,CameraPosition,-103.1823,1.760418,-107.4447,CameraRotation,315.9715,265.8036,4.83709,CurrentState,Approach1,Slider,52,Scenario,1
ID,8,Time,274.6445,DronePosition,-136.9968,45,-107.379,11.02932,CameraPosition,-103.1821,1.760456,-107.4445,CameraRotation,315.8821,265.8119,4.803998,CurrentState,Approach1,Slider,52,Scenario,1
ID,8,Time,274.6583,DronePosition,-136.845,45,-107.379,11.02932,CameraPosition,-103.182,1.760532,-107.4444,CameraRotation,315.8045,265.8226,4.756695,CurrentState,Approach1,Slider,52,Scenario,1
ID,8,Time,274.6723,DronePosition,-136.69,45,-107.379,11.02932,CameraPosition,-103.1818,1.760605,-107.4442,CameraRotation,315.748,265.8392,4.708643,CurrentState,Approach1,Slider,52,Scenario,1
ID,8,Time,274.6864,DronePosition,-136.5354,45,-107.379,11.02932,CameraPosition,-103.1817,1.760647,-107.444,CameraRotation,315.6941,265.8524,4.680098,CurrentState,Approach1,Slider,52,Scenario,1
ID,8,Time,274.7003,DronePosition,-136.3822,45,-107.379,11.02932,CameraPosition,-103.1816,1.760646,-107.4438,CameraRotation,315.6551,265.8642,4.656137,CurrentState,Approach1,Slider,52,Scenario,1
ID,8,Time,274.7141,DronePosition,-136.2295,45,-107.379,11.02932,CameraPosition,-103.1816,1.760593,-107.4436,CameraRotation,315.6255,265.8782,4.628416,CurrentState,Approach1,Slider,52,Scenario,1
ID,8,Time,274.7278,DronePosition,-136.0786,45,-107.379,11.02932,CameraPosition,-103.1815,1.760562,-107.4435,CameraRotation,315.5991,265.89,4.606777,CurrentState,Approach1,Slider,52,Scenario,1
ID,8,Time,274.742,DronePosition,-135.9219,45,-107.379,11.02932,CameraPosition,-103.1815,1.760572,-107.4432,CameraRotation,315.5429,265.9139,4.594549,CurrentState,Approach1,Slider,52,Scenario,1
ID,8,Time,274.7557,DronePosition,-135.7704,45,-107.379,11.02932,CameraPosition,-103.1814,1.760599,-107.443,CameraRotation,315.4835,265.9465,4.57924,CurrentState,Approach1,Slider,52,Scenario,1
ID,8,Time,274.77,DronePosition,-135.6132,45,-107.379,11.02932,CameraPosition,-103.1814,1.760622,-107.4427,CameraRotation,315.4367,265.9672,4.570252,CurrentState,Approach1,Slider,52,Scenario,1
ID,8,Time,274.7842,DronePosition,-135.4557,45,-107.379,11.02932,CameraPosition,-103.1814,1.760661,-107.4425,CameraRotation,315.4101,265.9879,4.549496,CurrentState,Approach1,Slider,52,Scenario,1
ID,8,Time,274.7975,DronePosition,-135.309,45,-107.379,11.02932,CameraPosition,-103.1815,1.760696,-107.4423,CameraRotation,315.3638,266.0107,4.527386,CurrentState,Approach1,Slider,52,Scenario,1
ID,8,Time,274.8116,DronePosition,-135.1543,45,-107.379,11.02932,CameraPosition,-103.1815,1.760753,-107.442,CameraRotation,315.296,266.0875,4.455776,CurrentState,Approach1,Slider,52,Scenario,1
ID,8,Time,274.8254,DronePosition,-135.0018,45,-107.379,11.02932,CameraPosition,-103.1814,1.760809,-107.4417,CameraRotation,315.2115,266.2036,4.346652,CurrentState,Approach1,Slider,52,Scenario,1
ID,8,Time,274.8392,DronePosition,-134.8492,45,-107.379,11.02932,CameraPosition,-103.1814,1.760854,-107.4413,CameraRotation,315.1382,266.3492,4.220047,CurrentState,Approach1,Slider,52,Scenario,1
ID,8,Time,274.8535,DronePosition,-134.6915,45,-107.379,11.02932,CameraPosition,-103.1814,1.76088,-107.4409,CameraRotation,315.0952,266.5366,4.09218,CurrentState,Approach1,Slider,52,Scenario,1
ID,8,Time,274.8673,DronePosition,-134.5398,45,-107.379,11.02932,CameraPosition,-103.1814,1.76087,-107.4404,CameraRotation,315.0813,266.7131,3.971919,CurrentState,Approach1,Slider,52,Scenario,1
ID,8,Time,274.8811,DronePosition,-134.3877,45,-107.379,11.02932,CameraPosition,-103.1814,1.760874,-107.44,CameraRotation,315.074,266.9077,3.823663,CurrentState,Approach1,Slider,52,Scenario,1
ID,8,Time,274.895,DronePosition,-134.2341,45,-107.379,11.02932,CameraPosition,-103.1813,1.760963,-107.4396,CameraRotation,315.0412,267.106,3.667561,CurrentState,Approach1,Slider,52,Scenario,1
ID,8,Time,274.9094,DronePosition,-134.0755,45,-107.379,11.02932,CameraPosition,-103.1813,1.761092,-107.4392,CameraRotation,314.9744,267.2863,3.543312,CurrentState,Approach1,Slider,52,Scenario,1
ID,8,Time,274.9231,DronePosition,-133.9242,45,-107.379,11.02932,CameraPosition,-103.1812,1.761212,-107.4388,CameraRotation,314.8878,267.4366,3.460464,CurrentState,Approach1,Slider,52,Scenario,1
ID,8,Time,274.937,DronePosition,-133.7711,45,-107.379,11.02932,CameraPosition,-103.1811,1.76127,-107.4384,CameraRotation,314.8422,267.5743,3.395016,CurrentState,Approach1,Slider,52,Scenario,1
ID,8,Time,274.9508,DronePosition,-133.6185,45,-107.379,11.02932,CameraPosition,-103.1809,1.761235,-107.4381,CameraRotation,314.835,267.7035,3.346528,CurrentState,Approach1,Slider,52,Scenario,1
ID,8,Time,274.9648,DronePosition,-133.4639,45,-107.379,11.02932,CameraPosition,-103.1808,1.761132,-107.4378,CameraRotation,314.8428,267.8123,3.313267,CurrentState,Approach1,Slider,52,Scenario,1
ID,8,Time,274.9788,DronePosition,-133.3103,45,-107.379,11.02932,CameraPosition,-103.1807,1.761056,-107.4374,CameraRotation,314.8364,267.9314,3.255413,CurrentState,Approach1,Slider,52,Scenario,1
ID,8,Time,274.9925,DronePosition,-133.1587,45,-107.379,11.02932,CameraPosition,-103.1805,1.76103,-107.4371,CameraRotation,314.7869,268.0734,3.147388,CurrentState,Approach1,Slider,52,Scenario,1
ID,8,Time,275.0069,DronePosition,-133,45,-107.379,11.02932,CameraPosition,-103.1803,1.761053,-107.4367,CameraRotation,314.6942,268.1937,3.0547,CurrentState,Approach1,Slider,52,Scenario,1
ID,8,Time,275.0205,DronePosition,-132.8503,45,-107.379,11.02932,CameraPosition,-103.18,1.761112,-107.4365,CameraRotation,314.5782,268.2655,3.005047,CurrentState,Approach1,Slider,52,Scenario,1
ID,8,Time,275.0341,DronePosition,-132.7004,45,-107.379,11.02932,CameraPosition,-103.1798,1.761203,-107.4362,CameraRotation,314.475,268.3181,2.993613,CurrentState,Approach1,Slider,52,Scenario,1
ID,8,Time,275.048,DronePosition,-132.5469,45,-107.379,11.02932,CameraPosition,-103.1795,1.761358,-107.4359,CameraRotation,314.3083,268.3864,2.95321,CurrentState,Approach1,Slider,52,Scenario,1
ID,8,Time,275.0618,DronePosition,-132.395,45,-107.379,11.02932,CameraPosition,-103.1792,1.761502,-107.4356,CameraRotation,314.121,268.5045,2.82609,CurrentState,Approach1,Slider,52,Scenario,1
ID,8,Time,275.0762,DronePosition,-132.2354,45,-107.379,11.02932,CameraPosition,-103.1789,1.761564,-107.4353,CameraRotation,313.9955,268.5863,2.707181,CurrentState,Approach1,Slider,52,Scenario,1
ID,8,Time,275.0902,DronePosition,-132.0813,45,-107.379,11.02932,CameraPosition,-103.1786,1.761538,-107.435,CameraRotation,313.9396,268.6756,2.618719,CurrentState,Approach1,Slider,52,Scenario,1
ID,8,Time,275.1045,DronePosition,-131.9238,45,-107.379,11.02932,CameraPosition,-103.1783,1.761517,-107.4346,CameraRotation,313.9244,268.7445,2.593293,CurrentState,Approach1,Slider,52,Scenario,1
ID,8,Time,275.1181,DronePosition,-131.7737,45,-107.379,11.02932,CameraPosition,-103.178,1.76153,-107.4343,CameraRotation,313.9008,268.8015,2.592464,CurrentState,Approach1,Slider,52,Scenario,1
ID,8,Time,275.1323,DronePosition,-131.6175,45,-107.379,11.02932,CameraPosition,-103.1776,1.761574,-107.4341,CameraRotation,313.8199,268.8867,2.55585,CurrentState,Approach1,Slider,52,Scenario,1
ID,8,Time,275.1454,DronePosition,-131.4726,45,-107.379,11.02932,CameraPosition,-103.1773,1.761594,-107.4338,CameraRotation,313.7376,268.9476,2.542264,CurrentState,Approach1,Slider,52,Scenario,1
ID,8,Time,275.1595,DronePosition,-131.3173,45,-107.379,11.02932,CameraPosition,-103.177,1.761593,-107.4335,CameraRotation,313.683,269.0117,2.543029,CurrentState,Approach1,Slider,52,Scenario,1
ID,8,Time,275.1735,DronePosition,-131.1629,45,-107.379,11.02932,CameraPosition,-103.1766,1.761571,-107.4333,CameraRotation,313.6533,269.0521,2.574881,CurrentState,Approach1,Slider,52,Scenario,1
ID,8,Time,275.1879,DronePosition,-131.0037,45,-107.379,11.02932,CameraPosition,-103.1763,1.761552,-107.4331,CameraRotation,313.6012,269.0877,2.612645,CurrentState,Approach1,Slider,52,Scenario,1
ID,8,Time,275.2018,DronePosition,-130.8507,45,-107.379,11.02932,CameraPosition,-103.176,1.761567,-107.433,CameraRotation,313.53,269.1566,2.598126,CurrentState,Approach1,Slider,52,Scenario,1
ID,8,Time,275.2151,DronePosition,-130.7038,45,-107.379,11.02932,CameraPosition,-103.1757,1.761589,-107.4328,CameraRotation,313.4582,269.2179,2.566452,CurrentState,Approach1,Slider,52,Scenario,1
ID,8,Time,275.229,DronePosition,-130.55,45,-107.379,11.02932,CameraPosition,-103.1753,1.761586,-107.4325,CameraRotation,313.4133,269.2557,2.557014,CurrentState,Approach1,Slider,52,Scenario,1
ID,8,Time,275.2433,DronePosition,-130.3928,45,-107.379,11.02932,CameraPosition,-103.175,1.761591,-107.4323,CameraRotation,313.3995,269.2753,2.583388,CurrentState,Approach1,Slider,52,Scenario,1
ID,8,Time,275.2573,DronePosition,-130.2381,45,-107.379,11.02932,CameraPosition,-103.1747,1.761591,-107.4321,CameraRotation,313.3488,269.2755,2.625523,CurrentState,Approach1,Slider,52,Scenario,1
ID,8,Time,275.2711,DronePosition,-130.0857,45,-107.379,11.02932,CameraPosition,-103.1743,1.761628,-107.432,CameraRotation,313.2825,269.279,2.620102,CurrentState,Approach1,Slider,52,Scenario,1
ID,8,Time,275.285,DronePosition,-129.933,45,-107.379,11.02932,CameraPosition,-103.1739,1.761688,-107.4318,CameraRotation,313.2219,269.3125,2.563713,CurrentState,Approach1,Slider,52,Scenario,1
ID,8,Time,275.2987,DronePosition,-129.7811,45,-107.379,11.02932,CameraPosition,-103.1736,1.761765,-107.4317,CameraRotation,313.1569,269.3467,2.510888,CurrentState,Approach1,Slider,52,Scenario,1
ID,8,Time,275.3128,DronePosition,-129.6259,45,-107.379,11.02932,CameraPosition,-103.1732,1.76186,-107.4315,CameraRotation,313.0862,269.3496,2.496313,CurrentState,Approach1,Slider,52,Scenario,1
ID,8,Time,275.3268,DronePosition,-129.4715,45,-107.379,11.02932,CameraPosition,-103.1728,1.76195,-107.4314,CameraRotation,313.0098,269.3185,2.536283,CurrentState,Approach1,Slider,52,Scenario,1
ID,8,Time,275.341,DronePosition,-129.3149,45,-107.379,11.02932,CameraPosition,-103.1724,1.762017,-107.4312,CameraRotation,312.9522,269.2561,2.606114,CurrentState,Approach1,Slider,52,Scenario,1
ID,8,Time,275.3546,DronePosition,-129.1648,45,-107.379,11.02932,CameraPosition,-103.1721,1.762066,-107.4311,CameraRotation,312.9078,269.205,2.643132,CurrentState,Approach1,Slider,52,Scenario,1
ID,8,Time,275.3688,DronePosition,-129.0089,45,-107.379,11.02932,CameraPosition,-103.1717,1.762062,-107.4309,CameraRotation,312.8609,269.1896,2.628004,CurrentState,Approach1,Slider,52,Scenario,1
ID,8,Time,275.3829,DronePosition,-128.8529,45,-107.379,11.02932,CameraPosition,-103.1713,1.762016,-107.4307,CameraRotation,312.8131,269.1793,2.60919,CurrentState,Approach1,Slider,52,Scenario,1
ID,8,Time,275.3968,DronePosition,-128.7002,45,-107.379,11.02932,CameraPosition,-103.1709,1.761956,-107.4306,CameraRotation,312.7808,269.1599,2.620855,CurrentState,Approach1,Slider,52,Scenario,1
ID,8,Time,275.4108,DronePosition,-128.5453,45,-107.379,11.02932,CameraPosition,-103.1705,1.76194,-107.4304,CameraRotation,312.747,269.129,2.644436,CurrentState,Approach1,Slider,52,Scenario,1
ID,8,Time,275.4248,DronePosition,-128.3911,45,-107.379,11.02932,CameraPosition,-103.1701,1.761986,-107.4303,CameraRotation,312.6953,269.0966,2.67023,CurrentState,Approach1,Slider,52,Scenario,1
ID,8,Time,275.4386,DronePosition,-128.2391,45,-107.379,11.02932,CameraPosition,-103.1697,1.762107,-107.4302,CameraRotation,312.6185,269.0681,2.669413,CurrentState,Approach1,Slider,52,Scenario,1
ID,8,Time,275.4523,DronePosition,-128.0871,45,-107.379,11.02932,CameraPosition,-103.1692,1.762209,-107.43,CameraRotation,312.5169,269.0627,2.640689,CurrentState,Approach1,Slider,52,Scenario,1
ID,8,Time,275.4664,DronePosition,-127.9316,45,-107.379,11.02932,CameraPosition,-103.1688,1.762268,-107.4299,CameraRotation,312.4337,269.0592,2.582517,CurrentState,Approach1,Slider,52,Scenario,1
ID,8,Time,275.4801,DronePosition,-127.7805,45,-107.379,11.02932,CameraPosition,-103.1685,1.762298,-107.4297,CameraRotation,312.3835,269.0341,2.569366,CurrentState,Approach1,Slider,52,Scenario,1
ID,8,Time,275.4941,DronePosition,-127.6264,45,-107.379,11.02932,CameraPosition,-103.1681,1.762304,-107.4296,CameraRotation,312.3427,268.9961,2.579582,CurrentState,Approach1,Slider,52,Scenario,1
ID,8,Time,275.5081,DronePosition,-127.4727,45,-107.379,11.02932,CameraPosition,-103.1678,1.762362,-107.4295,CameraRotation,312.3162,268.9829,2.557214,CurrentState,Approach1,Slider,52,Scenario,1
ID,8,Time,275.5222,DronePosition,-127.3172,45,-107.379,11.02932,CameraPosition,-103.1675,1.762428,-107.4293,CameraRotation,312.2854,268.9814,2.518049,CurrentState,Approach1,Slider,52,Scenario,1
ID,8,Time,275.5359,DronePosition,-127.1655,45,-107.379,11.02932,CameraPosition,-103.1671,1.762481,-107.4292,CameraRotation,312.2524,268.9766,2.487918,CurrentState,Approach1,Slider,52,Scenario,1
ID,8,Time,275.5498,DronePosition,-127.0125,45,-107.379,11.02932,CameraPosition,-103.1668,1.762507,-107.4291,CameraRotation,312.2143,268.9305,2.501987,CurrentState,Approach1,Slider,52,Scenario,1
ID,8,Time,275.5638,DronePosition,-126.858,45,-107.379,11.02932,CameraPosition,-103.1664,1.762507,-107.429,CameraRotation,312.1585,268.8752,2.550952,CurrentState,Approach1,Slider,52,Scenario,1
ID,8,Time,275.5774,DronePosition,-126.708,45,-107.379,11.02932,CameraPosition,-103.1661,1.762493,-107.4289,CameraRotation,312.1112,268.8271,2.599158,CurrentState,Approach1,Slider,52,Scenario,1
ID,8,Time,275.5916,DronePosition,-126.5506,45,-107.379,11.02932,CameraPosition,-103.1658,1.762497,-107.4289,CameraRotation,312.0788,268.8038,2.609082,CurrentState,Approach1,Slider,52,Scenario,1
ID,8,Time,275.6055,DronePosition,-126.3978,45,-107.379,11.02932,CameraPosition,-103.1656,1.762545,-107.4288,CameraRotation,312.0469,268.8167,2.560806,CurrentState,Approach1,Slider,52,Scenario,1
ID,8,Time,275.6199,DronePosition,-126.2389,45,-107.379,11.02932,CameraPosition,-103.1652,1.762603,-107.4287,CameraRotation,311.9978,268.8276,2.513886,CurrentState,Approach1,Slider,52,Scenario,1
ID,8,Time,275.6335,DronePosition,-126.0891,45,-107.379,11.02932,CameraPosition,-103.1649,1.762666,-107.4286,CameraRotation,311.9245,268.7998,2.522249,CurrentState,Approach1,Slider,52,Scenario,1
ID,8,Time,275.6477,DronePosition,-125.9321,45,-107.379,11.02932,CameraPosition,-103.1645,1.762727,-107.4285,CameraRotation,311.8716,268.7488,2.601278,CurrentState,Approach1,Slider,52,Scenario,1
ID,8,Time,275.6613,DronePosition,-125.7823,45,-107.379,11.02932,CameraPosition,-103.1642,1.762772,-107.4284,CameraRotation,311.8149,268.6992,2.672564,CurrentState,Approach1,Slider,52,Scenario,1
ID,8,Time,275.6754,DronePosition,-125.6268,45,-107.379,11.02932,CameraPosition,-103.1639,1.762819,-107.4282,CameraRotation,311.7506,268.7111,2.638904,CurrentState,Approach1,Slider,52,Scenario,1
ID,8,Time,275.6891,DronePosition,-125.4755,45,-107.379,11.02932,CameraPosition,-103.1637,1.76285,-107.4281,CameraRotation,311.6948,268.7552,2.549767,CurrentState,Approach1,Slider,52,Scenario,1
ID,8,Time,275.7032,DronePosition,-125.3207,45,-107.379,11.02932,CameraPosition,-103.1633,1.762889,-107.428,CameraRotation,311.6448,268.7883,2.498108,CurrentState,Approach1,Slider,52,Scenario,1
ID,8,Time,275.7171,DronePosition,-125.1674,45,-107.379,11.02932,CameraPosition,-103.163,1.762944,-107.4278,CameraRotation,311.5956,268.7624,2.537932,CurrentState,Approach1,Slider,52,Scenario,1
ID,8,Time,275.7308,DronePosition,-125.0156,45,-107.379,11.02932,CameraPosition,-103.1627,1.763039,-107.4278,CameraRotation,311.5475,268.7097,2.610465,CurrentState,Approach1,Slider,52,Scenario,1
ID,8,Time,275.7446,DronePosition,-124.8633,45,-107.379,11.02932,CameraPosition,-103.1624,1.763121,-107.4277,CameraRotation,311.4746,268.6614,2.666027,CurrentState,Approach1,Slider,52,Scenario,1
ID,8,Time,275.7589,DronePosition,-124.7066,45,-107.379,11.02932,CameraPosition,-103.1621,1.763167,-107.4276,CameraRotation,311.4299,268.6464,2.668598,CurrentState,Approach1,Slider,52,Scenario,1
ID,8,Time,275.7729,DronePosition,-124.5519,45,-107.379,11.02932,CameraPosition,-103.1618,1.76314,-107.4276,CameraRotation,311.3974,268.6671,2.626826,CurrentState,Approach1,Slider,52,Scenario,1
ID,8,Time,275.7869,DronePosition,-124.397,45,-107.379,11.02932,CameraPosition,-103.1616,1.763077,-107.4274,CameraRotation,311.4137,268.6932,2.567462,CurrentState,Approach1,Slider,52,Scenario,1
ID,8,Time,275.8009,DronePosition,-124.2427,45,-107.379,11.02932,CameraPosition,-103.1615,1.763033,-107.4273,CameraRotation,311.4317,268.6717,2.570572,CurrentState,Approach1,Slider,52,Scenario,1
ID,8,Time,275.8149,DronePosition,-124.0886,45,-107.379,11.02932,CameraPosition,-103.1613,1.763025,-107.4271,CameraRotation,311.4068,268.6429,2.600924,CurrentState,Approach1,Slider,52,Scenario,1
ID,8,Time,275.8282,DronePosition,-123.9417,45,-107.379,11.02932,CameraPosition,-103.161,1.76304,-107.427,CameraRotation,311.3713,268.612,2.636897,CurrentState,Approach1,Slider,52,Scenario,1
ID,8,Time,275.8426,DronePosition,-123.7825,45,-107.379,11.02932,CameraPosition,-103.1607,1.763041,-107.4269,CameraRotation,311.3421,268.6121,2.620878,CurrentState,Approach1,Slider,52,Scenario,1
ID,8,Time,275.8562,DronePosition,-123.6332,45,-107.379,11.02932,CameraPosition,-103.1605,1.763037,-107.4267,CameraRotation,311.3328,268.6235,2.603187,CurrentState,Approach1,Slider,52,Scenario,1
ID,8,Time,275.8702,DronePosition,-123.4785,45,-107.379,11.02932,CameraPosition,-103.1602,1.763092,-107.4266,CameraRotation,311.3122,268.666,2.568091,CurrentState,Approach1,Slider,52,Scenario,1
ID,8,Time,275.8842,DronePosition,-123.3237,45,-107.379,11.02932,CameraPosition,-103.16,1.763201,-107.4265,CameraRotation,311.2468,268.7066,2.523684,CurrentState,Approach1,Slider,52,Scenario,1
ID,8,Time,275.8979,DronePosition,-123.1729,45,-107.379,11.02932,CameraPosition,-103.1596,1.763294,-107.4263,CameraRotation,311.1629,268.7458,2.467337,CurrentState,Approach1,Slider,52,Scenario,1
ID,8,Time,275.9121,DronePosition,-123.016,45,-107.379,11.02932,CameraPosition,-103.1593,1.763383,-107.4262,CameraRotation,311.0746,268.7712,2.432187,CurrentState,Approach1,Slider,52,Scenario,1
ID,8,Time,275.9257,DronePosition,-122.8663,45,-107.379,11.02932,CameraPosition,-103.159,1.763443,-107.426,CameraRotation,311.0262,268.792,2.417762,CurrentState,Approach1,Slider,52,Scenario,1
ID,8,Time,275.94,DronePosition,-122.709,45,-107.379,11.02932,CameraPosition,-103.1587,1.763483,-107.4258,CameraRotation,310.9697,268.8122,2.399838,CurrentState,Approach1,Slider,52,Scenario,1
ID,8,Time,275.9539,DronePosition,-122.5559,45,-107.379,11.02932,CameraPosition,-103.1583,1.763529,-107.4257,CameraRotation,310.9279,268.8645,2.348655,CurrentState,Approach1,Slider,52,Scenario,1
ID,8,Time,275.9677,DronePosition,-122.4026,45,-107.379,11.02932,CameraPosition,-103.158,1.763553,-107.4255,CameraRotation,310.859,268.8785,2.329039,CurrentState,Approach1,Slider,52,Scenario,1
ID,8,Time,275.9812,DronePosition,-122.2548,45,-107.379,10.96187,CameraPosition,-103.1576,1.763558,-107.4254,CameraRotation,310.7894,268.9036,2.304518,CurrentState,Approach1,Slider,52,Scenario,1
ID,8,Time,275.9953,DronePosition,-122.1017,45,-107.379,10.89162,CameraPosition,-103.1572,1.763579,-107.4252,CameraRotation,310.7348,268.9174,2.300547,CurrentState,Approach1,Slider,52,Scenario,1
ID,8,Time,276.0095,DronePosition,-121.9478,45,-107.379,10.82048,CameraPosition,-103.1567,1.763612,-107.4251,CameraRotation,310.6539,268.9063,2.314734,CurrentState,Approach1,Slider,52,Scenario,1
ID,8,Time,276.0238,DronePosition,-121.7937,45,-107.379,10.74882,CameraPosition,-103.1562,1.763675,-107.425,CameraRotation,310.5374,268.9116,2.297467,CurrentState,Approach1,Slider,52,Scenario,1
ID,8,Time,276.0372,DronePosition,-121.6505,45,-107.379,10.6818,CameraPosition,-103.1556,1.763778,-107.4249,CameraRotation,310.401,268.9137,2.283222,CurrentState,Approach1,Slider,52,Scenario,1
ID,8,Time,276.0507,DronePosition,-121.5077,45,-107.379,10.61452,CameraPosition,-103.155,1.76388,-107.4247,CameraRotation,310.2135,268.9237,2.257886,CurrentState,Approach1,Slider,52,Scenario,1
ID,8,Time,276.0648,DronePosition,-121.3593,45,-107.379,10.54414,CameraPosition,-103.1544,1.763983,-107.4245,CameraRotation,310.0197,268.9456,2.219362,CurrentState,Approach1,Slider,52,Scenario,1
ID,8,Time,276.0783,DronePosition,-121.2177,45,-107.379,10.47656,CameraPosition,-103.1537,1.76411,-107.4243,CameraRotation,309.8102,268.9763,2.156653,CurrentState,Approach1,Slider,52,Scenario,1
ID,8,Time,276.0927,DronePosition,-121.0676,45,-107.379,10.40443,CameraPosition,-103.1529,1.764254,-107.4241,CameraRotation,309.5721,268.9875,2.106241,CurrentState,Approach1,Slider,52,Scenario,1
ID,8,Time,276.1065,DronePosition,-120.9255,45,-107.379,10.33567,CameraPosition,-103.152,1.764467,-107.4238,CameraRotation,309.3196,269.0254,2.068745,CurrentState,Approach1,Slider,52,Scenario,1
ID,8,Time,276.1203,DronePosition,-120.783,45,-107.379,10.2663,CameraPosition,-103.151,1.764725,-107.4235,CameraRotation,309.0051,269.0883,2.02247,CurrentState,Approach1,Slider,52,Scenario,1
ID,8,Time,276.1343,DronePosition,-120.6407,45,-107.379,10.1965,CameraPosition,-103.1499,1.764967,-107.4232,CameraRotation,308.6805,269.1626,1.986811,CurrentState,Approach1,Slider,52,Scenario,1
ID,8,Time,276.148,DronePosition,-120.5018,45,-107.379,10.12794,CameraPosition,-103.1488,1.765128,-107.4229,CameraRotation,308.3169,269.266,1.937729,CurrentState,Approach1,Slider,52,Scenario,1
ID,8,Time,276.1619,DronePosition,-120.3623,45,-107.379,10.05858,CameraPosition,-103.1476,1.765242,-107.4225,CameraRotation,307.9473,269.3737,1.892952,CurrentState,Approach1,Slider,52,Scenario,1
ID,8,Time,276.1762,DronePosition,-120.2192,45,-107.379,9.986958,CameraPosition,-103.1463,1.765358,-107.4222,CameraRotation,307.5682,269.498,1.827199,CurrentState,Approach1,Slider,52,Scenario,1
ID,8,Time,276.1898,DronePosition,-120.0843,45,-107.379,9.918921,CameraPosition,-103.145,1.765452,-107.4219,CameraRotation,307.1489,269.6187,1.744557,CurrentState,Approach1,Slider,52,Scenario,1
ID,8,Time,276.2038,DronePosition,-119.9468,45,-107.379,9.849163,CameraPosition,-103.1437,1.765533,-107.4216,CameraRotation,306.6935,269.7458,1.621745,CurrentState,Approach1,Slider,52,Scenario,1
ID,8,Time,276.2176,DronePosition,-119.8116,45,-107.379,9.780018,CameraPosition,-103.1424,1.765578,-107.4212,CameraRotation,306.2607,269.8486,1.498698,CurrentState,Approach1,Slider,52,Scenario,1
ID,8,Time,276.2318,DronePosition,-119.6738,45,-107.379,9.709055,CameraPosition,-103.141,1.765617,-107.4208,CameraRotation,305.8619,269.9505,1.34819,CurrentState,Approach1,Slider,52,Scenario,1
ID,8,Time,276.2456,DronePosition,-119.541,45,-107.379,9.640177,CameraPosition,-103.1396,1.76568,-107.4203,CameraRotation,305.4342,270.0297,1.173472,CurrentState,Approach1,Slider,52,Scenario,1
ID,8,Time,276.2594,DronePosition,-119.4086,45,-107.379,9.570987,CameraPosition,-103.1381,1.765763,-107.4199,CameraRotation,305.0495,270.0638,1.033715,CurrentState,Approach1,Slider,52,Scenario,1
ID,8,Time,276.2731,DronePosition,-119.2787,45,-107.379,9.502666,CameraPosition,-103.1367,1.765854,-107.4194,CameraRotation,304.666,270.1072,0.8718752,CurrentState,Approach1,Slider,52,Scenario,1
ID,8,Time,276.2872,DronePosition,-119.1451,45,-107.379,9.43185,CameraPosition,-103.1353,1.76593,-107.4189,CameraRotation,304.2899,270.156,0.6729689,CurrentState,Approach1,Slider,52,Scenario,1
ID,8,Time,276.3011,DronePosition,-119.0155,45,-107.379,9.362615,CameraPosition,-103.1339,1.765998,-107.4184,CameraRotation,303.9505,270.2382,0.4115013,CurrentState,Approach1,Slider,52,Scenario,1
ID,8,Time,276.315,DronePosition,-118.8859,45,-107.379,9.292905,CameraPosition,-103.1325,1.766051,-107.4179,CameraRotation,303.5649,270.3102,0.1297242,CurrentState,Approach1,Slider,52,Scenario,1
ID,8,Time,276.3286,DronePosition,-118.7608,45,-107.379,9.225095,CameraPosition,-103.1312,1.766099,-107.4174,CameraRotation,303.2068,270.3649,359.8729,CurrentState,Approach1,Slider,52,Scenario,1
ID,8,Time,276.3432,DronePosition,-118.6274,45,-107.379,9.152221,CameraPosition,-103.1299,1.766092,-107.417,CameraRotation,302.8686,270.3884,359.6804,CurrentState,Approach1,Slider,52,Scenario,1
ID,8,Time,276.3574,DronePosition,-118.4985,45,-107.379,9.081232,CameraPosition,-103.1286,1.76603,-107.4166,CameraRotation,302.5763,270.3864,359.4983,CurrentState,Approach1,Slider,52,Scenario,1
ID,8,Time,276.3707,DronePosition,-118.378,45,-107.379,9.014394,CameraPosition,-103.1273,1.765914,-107.4162,CameraRotation,302.3796,270.3856,359.3553,CurrentState,Approach1,Slider,52,Scenario,1
ID,8,Time,276.3846,DronePosition,-118.2534,45,-107.379,8.94476,CameraPosition,-103.1262,1.765763,-107.4158,CameraRotation,302.1488,270.3726,359.2165,CurrentState,Approach1,Slider,52,Scenario,1
ID,8,Time,276.3985,DronePosition,-118.1307,45,-107.379,8.875648,CameraPosition,-103.1251,1.7656,-107.4153,CameraRotation,301.921,270.3764,359.0474,CurrentState,Approach1,Slider,52,Scenario,1
ID,8,Time,276.4121,DronePosition,-118.0109,45,-107.379,8.807632,CameraPosition,-103.1239,1.765407,-107.4149,CameraRotation,301.7951,270.3728,358.8878,CurrentState,Approach1,Slider,52,Scenario,1
ID,8,Time,276.4263,DronePosition,-117.8867,45,-107.379,8.736566,CameraPosition,-103.1229,1.765265,-107.4144,CameraRotation,301.6301,270.356,358.7666,CurrentState,Approach1,Slider,52,Scenario,1
ID,8,Time,276.4405,DronePosition,-117.7641,45,-107.379,8.665783,CameraPosition,-103.1218,1.765162,-107.414,CameraRotation,301.4463,270.3106,358.6931,CurrentState,Approach1,Slider,52,Scenario,1
ID,8,Time,276.4546,DronePosition,-117.6424,45,-107.379,8.59502,CameraPosition,-103.1207,1.765118,-107.4135,CameraRotation,301.2393,270.2738,358.6456,CurrentState,Approach1,Slider,52,Scenario,1
ID,8,Time,276.4678,DronePosition,-117.5299,45,-107.379,8.529091,CameraPosition,-103.1197,1.765036,-107.4131,CameraRotation,301.0449,270.2292,358.5654,CurrentState,Approach1,Slider,52,Scenario,1
ID,8,Time,276.4819,DronePosition,-117.4105,45,-107.379,8.458457,CameraPosition,-103.1187,1.764928,-107.4127,CameraRotation,300.9721,270.18,358.5075,CurrentState,Approach1,Slider,52,Scenario,1
ID,8,Time,276.4955,DronePosition,-117.2962,45,-107.379,8.390349,CameraPosition,-103.1178,1.7648,-107.4122,CameraRotation,300.8311,270.1672,358.4269,CurrentState,Approach1,Slider,52,Scenario,1
ID,8,Time,276.5098,DronePosition,-117.1778,45,-107.379,8.319196,CameraPosition,-103.1169,1.764703,-107.4118,CameraRotation,300.7399,270.1451,358.3599,CurrentState,Approach1,Slider,52,Scenario,1
ID,8,Time,276.5237,DronePosition,-117.0628,45,-107.379,8.249479,CameraPosition,-103.1161,1.764586,-107.4114,CameraRotation,300.6507,270.1256,358.2686,CurrentState,Approach1,Slider,52,Scenario,1
ID,8,Time,276.5376,DronePosition,-116.9493,45,-107.379,8.180129,CameraPosition,-103.1153,1.764432,-107.4109,CameraRotation,300.594,270.1217,358.169,CurrentState,Approach1,Slider,52,Scenario,1
ID,8,Time,276.5517,DronePosition,-116.8351,45,-107.379,8.109711,CameraPosition,-103.1144,1.764307,-107.4104,CameraRotation,300.486,270.1297,358.0817,CurrentState,Approach1,Slider,52,Scenario,1
ID,8,Time,276.5654,DronePosition,-116.7243,45,-107.379,8.040812,CameraPosition,-103.1136,1.7642,-107.4099,CameraRotation,300.3212,270.1489,357.9707,CurrentState,Approach1,Slider,52,Scenario,1
ID,8,Time,276.5792,DronePosition,-116.615,45,-107.379,7.97225,CameraPosition,-103.1128,1.764092,-107.4094,CameraRotation,300.1324,270.1921,357.8168,CurrentState,Approach1,Slider,52,Scenario,1
ID,8,Time,276.5934,DronePosition,-116.5027,45,-107.379,7.901221,CameraPosition,-103.1121,1.76393,-107.4088,CameraRotation,300.0018,270.2075,357.6824,CurrentState,Approach1,Slider,52,Scenario,1
ID,8,Time,276.6072,DronePosition,-116.394,45,-107.379,7.831801,CameraPosition,-103.1115,1.763688,-107.4083,CameraRotation,299.91,270.1943,357.5791,CurrentState,Approach1,Slider,52,Scenario,1
ID,8,Time,276.6212,DronePosition,-116.2861,45,-107.379,7.762316,CameraPosition,-103.1109,1.763404,-107.4078,CameraRotation,299.8634,270.165,357.5215,CurrentState,Approach1,Slider,52,Scenario,1
ID,8,Time,276.635,DronePosition,-116.1793,45,-107.379,7.692918,CameraPosition,-103.1104,1.76322,-107.4073,CameraRotation,299.8189,270.1343,357.5436,CurrentState,Approach1,Slider,52,Scenario,1
ID,8,Time,276.6493,DronePosition,-116.0704,45,-107.379,7.621444,CameraPosition,-103.1098,1.763192,-107.4067,CameraRotation,299.7071,270.1361,357.5533,CurrentState,Approach1,Slider,52,Scenario,1
ID,8,Time,276.6626,DronePosition,-115.9701,45,-107.379,7.555059,CameraPosition,-103.1092,1.763441,-107.4062,CameraRotation,299.4264,270.1066,357.5821,CurrentState,Approach1,Slider,52,Scenario,1
ID,8,Time,276.6768,DronePosition,-115.8641,45,-107.379,7.484282,CameraPosition,-103.1087,1.763779,-107.4056,CameraRotation,299.0623,270.1036,357.5591,CurrentState,Approach1,Slider,52,Scenario,1
ID,8,Time,276.6904,DronePosition,-115.7631,45,-107.379,7.416148,CameraPosition,-103.1083,1.764081,-107.4051,CameraRotation,298.738,270.0894,357.5164,CurrentState,Approach1,Slider,52,Scenario,1
ID,8,Time,276.7048,DronePosition,-115.657,45,-107.379,7.343917,CameraPosition,-103.108,1.764245,-107.4045,CameraRotation,298.5352,270.0037,357.5282,CurrentState,Approach1,Slider,52,Scenario,1
ID,8,Time,276.7181,DronePosition,-115.5601,45,-107.379,7.277333,CameraPosition,-103.1078,1.764285,-107.4038,CameraRotation,298.4318,269.921,357.5149,CurrentState,Approach1,Slider,52,Scenario,1
ID,8,Time,276.7322,DronePosition,-115.4587,45,-107.379,7.207001,CameraPosition,-103.108,1.764202,-107.4032,CameraRotation,298.5224,269.7826,357.484,CurrentState,Approach1,Slider,52,Scenario,1
ID,8,Time,276.7461,DronePosition,-115.3597,45,-107.379,7.137639,CameraPosition,-103.1082,1.764138,-107.4025,CameraRotation,298.6161,269.6774,357.4075,CurrentState,Approach1,Slider,52,Scenario,1
ID,8,Time,276.7602,DronePosition,-115.2599,45,-107.379,7.067067,CameraPosition,-103.1084,1.76412,-107.4019,CameraRotation,298.7206,269.5824,357.3194,CurrentState,Approach1,Slider,52,Scenario,1
ID,8,Time,276.774,DronePosition,-115.1633,45,-107.379,6.998011,CameraPosition,-103.1087,1.764145,-107.4012,CameraRotation,298.8069,269.4874,357.2365,CurrentState,Approach1,Slider,52,Scenario,1
ID,8,Time,276.7889,DronePosition,-115.0599,45,-107.379,6.923317,CameraPosition,-103.109,1.764192,-107.4004,CameraRotation,298.8532,269.3982,357.1259,CurrentState,Approach1,Slider,52,Scenario,1
ID,8,Time,276.802,DronePosition,-114.97,45,-107.379,6.857793,CameraPosition,-103.1093,1.764255,-107.3997,CameraRotation,298.8894,269.3583,356.9571,CurrentState,Approach1,Slider,52,Scenario,1
ID,8,Time,276.8167,DronePosition,-114.8706,45,-107.379,6.784511,CameraPosition,-103.1096,1.764261,-107.399,CameraRotation,298.9395,269.3193,356.7823,CurrentState,Approach1,Slider,52,Scenario,1
ID,8,Time,276.8298,DronePosition,-114.7822,45,-107.379,6.718788,CameraPosition,-103.11,1.764236,-107.3983,CameraRotation,299.0221,269.3166,356.5914,CurrentState,Approach1,Slider,52,Scenario,1
ID,8,Time,276.8435,DronePosition,-114.6911,45,-107.379,6.650271,CameraPosition,-103.1105,1.764174,-107.3977,CameraRotation,299.0896,269.2993,356.4314,CurrentState,Approach1,Slider,52,Scenario,1
ID,8,Time,276.858,DronePosition,-114.5959,45,-107.379,6.577898,CameraPosition,-103.1108,1.764142,-107.397,CameraRotation,299.135,269.2994,356.2596,CurrentState,Approach1,Slider,52,Scenario,1
ID,8,Time,276.8718,DronePosition,-114.5065,45,-107.379,6.509209,CameraPosition,-103.1112,1.764154,-107.3963,CameraRotation,299.1373,269.3227,356.0822,CurrentState,Approach1,Slider,52,Scenario,1
ID,8,Time,276.8857,DronePosition,-114.4171,45,-107.379,6.439796,CameraPosition,-103.1115,1.764197,-107.3957,CameraRotation,299.1143,269.3309,355.9393,CurrentState,Approach1,Slider,52,Scenario,1
ID,8,Time,276.8994,DronePosition,-114.3293,45,-107.379,6.370914,CameraPosition,-103.1118,1.764294,-107.395,CameraRotation,299.092,269.3057,355.8941,CurrentState,Approach1,Slider,52,Scenario,1
ID,8,Time,276.9132,DronePosition,-114.2425,45,-107.379,6.302067,CameraPosition,-103.1122,1.7644,-107.3943,CameraRotation,299.0893,269.3115,355.8053,CurrentState,Approach1,Slider,52,Scenario,1
ID,8,Time,276.9271,DronePosition,-114.1558,45,-107.379,6.232464,CameraPosition,-103.1125,1.76448,-107.3937,CameraRotation,299.0848,269.39,355.6025,CurrentState,Approach1,Slider,52,Scenario,1
ID,8,Time,276.9414,DronePosition,-114.0676,45,-107.379,6.160888,CameraPosition,-103.1128,1.764493,-107.393,CameraRotation,299.0649,269.5217,355.3154,CurrentState,Approach1,Slider,52,Scenario,1
ID,8,Time,276.9551,DronePosition,-113.9841,45,-107.379,6.09239,CameraPosition,-103.1131,1.764513,-107.3924,CameraRotation,299.0703,269.6112,355.1101,CurrentState,Approach1,Slider,52,Scenario,1
ID,8,Time,276.9692,DronePosition,-113.8995,45,-107.379,6.022162,CameraPosition,-103.1134,1.764525,-107.3917,CameraRotation,299.0453,269.6645,354.965,CurrentState,Approach1,Slider,52,Scenario,1
ID,8,Time,276.983,DronePosition,-113.8171,45,-107.379,5.952927,CameraPosition,-103.1136,1.764509,-107.3912,CameraRotation,299.0349,269.6952,354.848,CurrentState,Approach1,Slider,52,Scenario,1
ID,8,Time,276.9969,DronePosition,-113.7356,45,-107.379,5.883661,CameraPosition,-103.1138,1.764431,-107.3907,CameraRotation,299.0526,269.7422,354.7038,CurrentState,Approach1,Slider,52,Scenario,1
ID,8,Time,277.0108,DronePosition,-113.6546,45,-107.379,5.814017,CameraPosition,-103.114,1.764299,-107.3903,CameraRotation,299.073,269.7983,354.5402,CurrentState,Approach1,Slider,52,Scenario,1
ID,8,Time,277.0246,DronePosition,-113.5754,45,-107.379,5.745127,CameraPosition,-103.1143,1.764137,-107.3897,CameraRotation,299.1058,269.8286,354.3951,CurrentState,Approach1,Slider,52,Scenario,1
ID,8,Time,277.0388,DronePosition,-113.4946,45,-107.379,5.673899,CameraPosition,-103.1145,1.763963,-107.3893,CameraRotation,299.1416,269.8333,354.2652,CurrentState,Approach1,Slider,52,Scenario,1
ID,8,Time,277.0527,DronePosition,-113.4168,45,-107.379,5.604451,CameraPosition,-103.1147,1.763797,-107.3888,CameraRotation,299.1704,269.8139,354.175,CurrentState,Approach1,Slider,52,Scenario,1
ID,8,Time,277.0668,DronePosition,-113.3388,45,-107.379,5.53398,CameraPosition,-103.1149,1.763709,-107.3884,CameraRotation,299.1566,269.7904,354.0906,CurrentState,Approach1,Slider,52,Scenario,1
ID,8,Time,277.0806,DronePosition,-113.2636,45,-107.379,5.465247,CameraPosition,-103.115,1.763642,-107.3879,CameraRotation,299.1171,269.7822,353.9795,CurrentState,Approach1,Slider,52,Scenario,1
ID,8,Time,277.0949,DronePosition,-113.186,45,-107.379,5.393274,CameraPosition,-103.1151,1.763526,-107.3875,CameraRotation,299.0627,269.7633,353.8695,CurrentState,Approach1,Slider,52,Scenario,1
ID,8,Time,277.1086,DronePosition,-113.1131,45,-107.379,5.324844,CameraPosition,-103.1151,1.763356,-107.3872,CameraRotation,299.0256,269.6725,353.8486,CurrentState,Approach1,Slider,52,Scenario,1
ID,8,Time,277.1224,DronePosition,-113.0409,45,-107.379,5.256138,CameraPosition,-103.115,1.76319,-107.3869,CameraRotation,298.9884,269.5674,353.8872,CurrentState,Approach1,Slider,52,Scenario,1
ID,8,Time,277.136,DronePosition,-112.9705,45,-107.379,5.188243,CameraPosition,-103.1149,1.76302,-107.3866,CameraRotation,298.9204,269.4892,353.8848,CurrentState,Approach1,Slider,52,Scenario,1
ID,8,Time,277.1499,DronePosition,-112.899,45,-107.379,5.118462,CameraPosition,-103.1148,1.762851,-107.3864,CameraRotation,298.8249,269.4419,353.852,CurrentState,Approach1,Slider,52,Scenario,1
ID,8,Time,277.1644,DronePosition,-112.8262,45,-107.379,5.046259,CameraPosition,-103.1146,1.762702,-107.3861,CameraRotation,298.7123,269.3965,353.8345,CurrentState,Approach1,Slider,52,Scenario,1
ID,8,Time,277.1779,DronePosition,-112.7587,45,-107.379,4.978531,CameraPosition,-103.1144,1.762633,-107.3858,CameraRotation,298.5978,269.3737,353.7956,CurrentState,Approach1,Slider,52,Scenario,1
ID,8,Time,277.1917,DronePosition,-112.6907,45,-107.379,4.909275,CameraPosition,-103.1143,1.762564,-107.3855,CameraRotation,298.4388,269.3528,353.7777,CurrentState,Approach1,Slider,52,Scenario,1
ID,8,Time,277.2059,DronePosition,-112.6224,45,-107.379,4.838666,CameraPosition,-103.1141,1.762462,-107.3853,CameraRotation,298.3099,269.2883,353.811,CurrentState,Approach1,Slider,52,Scenario,1
ID,8,Time,277.2196,DronePosition,-112.557,45,-107.379,4.770075,CameraPosition,-103.114,1.762354,-107.385,CameraRotation,298.2094,269.2195,353.8403,CurrentState,Approach1,Slider,52,Scenario,1
ID,8,Time,277.2336,DronePosition,-112.491,45,-107.379,4.699947,CameraPosition,-103.114,1.762269,-107.3848,CameraRotation,298.1685,269.1727,353.8177,CurrentState,Approach1,Slider,52,Scenario,1
ID,8,Time,277.2475,DronePosition,-112.4267,45,-107.379,4.630479,CameraPosition,-103.1139,1.762179,-107.3845,CameraRotation,298.1352,269.1647,353.7402,CurrentState,Approach1,Slider,52,Scenario,1
ID,8,Time,277.2613,DronePosition,-112.3638,45,-107.379,4.561556,CameraPosition,-103.1138,1.762039,-107.3842,CameraRotation,298.1001,269.1407,353.6799,CurrentState,Approach1,Slider,52,Scenario,1
ID,8,Time,277.2754,DronePosition,-112.3004,45,-107.379,4.490963,CameraPosition,-103.1138,1.761875,-107.384,CameraRotation,298.0738,269.0994,353.633,CurrentState,Approach1,Slider,52,Scenario,1
ID,8,Time,277.2898,DronePosition,-112.2369,45,-107.379,4.41914,CameraPosition,-103.1137,1.761707,-107.3838,CameraRotation,298.0829,269.0431,353.6215,CurrentState,Approach1,Slider,52,Scenario,1
ID,8,Time,277.3036,DronePosition,-112.1767,45,-107.379,4.349913,CameraPosition,-103.1136,1.761561,-107.3836,CameraRotation,298.0534,269.0206,353.6002,CurrentState,Approach1,Slider,52,Scenario,1
ID,8,Time,277.3172,DronePosition,-112.1185,45,-107.379,4.281958,CameraPosition,-103.1135,1.761443,-107.3835,CameraRotation,298.0425,269.0147,353.558,CurrentState,Approach1,Slider,52,Scenario,1
ID,8,Time,277.3309,DronePosition,-112.0609,45,-107.379,4.213607,CameraPosition,-103.1134,1.761297,-107.3834,CameraRotation,298.0061,269.0378,353.5009,CurrentState,Approach1,Slider,52,Scenario,1
ID,8,Time,277.3449,DronePosition,-112.0029,45,-107.379,4.143654,CameraPosition,-103.1133,1.761119,-107.3832,CameraRotation,297.9683,269.0676,353.4575,CurrentState,Approach1,Slider,52,Scenario,1
ID,8,Time,277.359,DronePosition,-111.9455,45,-107.379,4.073102,CameraPosition,-103.1131,1.760942,-107.383,CameraRotation,297.9421,269.0753,353.4422,CurrentState,Approach1,Slider,52,Scenario,1
ID,8,Time,277.3729,DronePosition,-111.89,45,-107.379,4.003778,CameraPosition,-103.1129,1.760776,-107.3829,CameraRotation,297.8929,269.1076,353.4061,CurrentState,Approach1,Slider,52,Scenario,1
ID,8,Time,277.3867,DronePosition,-111.8356,45,-107.379,3.934664,CameraPosition,-103.1127,1.760688,-107.3827,CameraRotation,297.8223,269.138,353.3674,CurrentState,Approach1,Slider,52,Scenario,1
ID,8,Time,277.4008,DronePosition,-111.7812,45,-107.379,3.864263,CameraPosition,-103.1125,1.760604,-107.3826,CameraRotation,297.7612,269.1771,353.3217,CurrentState,Approach1,Slider,52,Scenario,1
ID,8,Time,277.4148,DronePosition,-111.728,45,-107.379,3.794245,CameraPosition,-103.1123,1.760452,-107.3825,CameraRotation,297.7124,269.1803,353.3151,CurrentState,Approach1,Slider,52,Scenario,1
ID,8,Time,277.4283,DronePosition,-111.6777,45,-107.379,3.726707,CameraPosition,-103.112,1.760288,-107.3824,CameraRotation,297.6724,269.208,353.2843,CurrentState,Approach1,Slider,52,Scenario,1
ID,8,Time,277.4422,DronePosition,-111.6269,45,-107.379,3.657225,CameraPosition,-103.1118,1.760152,-107.3823,CameraRotation,297.6139,269.1963,353.272,CurrentState,Approach1,Slider,52,Scenario,1
ID,8,Time,277.4561,DronePosition,-111.577,45,-107.379,3.587668,CameraPosition,-103.1116,1.760065,-107.3823,CameraRotation,297.5162,269.1777,353.2917,CurrentState,Approach1,Slider,52,Scenario,1
ID,8,Time,277.4702,DronePosition,-111.5272,45,-107.379,3.516962,CameraPosition,-103.1113,1.760077,-107.3824,CameraRotation,297.4084,269.1209,353.3575,CurrentState,Approach1,Slider,52,Scenario,1
ID,8,Time,277.4844,DronePosition,-111.4783,45,-107.379,3.446024,CameraPosition,-103.111,1.760107,-107.3825,CameraRotation,297.3301,269.0543,353.4165,CurrentState,Approach1,Slider,52,Scenario,1
ID,8,Time,277.4982,DronePosition,-111.4317,45,-107.379,3.376996,CameraPosition,-103.1108,1.760028,-107.3825,CameraRotation,297.295,269.0082,353.436,CurrentState,Approach1,Slider,52,Scenario,1
ID,8,Time,277.5118,DronePosition,-111.3866,45,-107.379,3.308753,CameraPosition,-103.1106,1.759933,-107.3826,CameraRotation,297.2664,268.9784,353.4405,CurrentState,Approach1,Slider,52,Scenario,1
ID,8,Time,277.5259,DronePosition,-111.341,45,-107.379,3.23848,CameraPosition,-103.1105,1.759839,-107.3826,CameraRotation,297.2373,268.9254,353.5085,CurrentState,Approach1,Slider,52,Scenario,1
ID,8,Time,277.5397,DronePosition,-111.2974,45,-107.379,3.169684,CameraPosition,-103.1104,1.759775,-107.3827,CameraRotation,297.2379,268.8301,353.6327,CurrentState,Approach1,Slider,52,Scenario,1
ID,8,Time,277.5537,DronePosition,-111.254,45,-107.379,3.099693,CameraPosition,-103.1104,1.759762,-107.3828,CameraRotation,297.2477,268.7767,353.717,CurrentState,Approach1,Slider,52,Scenario,1
ID,8,Time,277.5676,DronePosition,-111.2118,45,-107.379,3.029928,CameraPosition,-103.1104,1.759747,-107.3829,CameraRotation,297.2112,268.8077,353.6853,CurrentState,Approach1,Slider,52,Scenario,1
ID,8,Time,277.5816,DronePosition,-111.1705,45,-107.379,2.960231,CameraPosition,-103.1103,1.759689,-107.3829,CameraRotation,297.1719,268.8587,353.6417,CurrentState,Approach1,Slider,52,Scenario,1
ID,8,Time,277.5955,DronePosition,-111.1303,45,-107.379,2.890639,CameraPosition,-103.1103,1.759643,-107.3829,CameraRotation,297.1615,268.8889,353.6482,CurrentState,Approach1,Slider,52,Scenario,1
ID,8,Time,277.6093,DronePosition,-111.0914,45,-107.379,2.821699,CameraPosition,-103.1102,1.75961,-107.3829,CameraRotation,297.1617,268.8737,353.704,CurrentState,Approach1,Slider,52,Scenario,1
ID,8,Time,277.6233,DronePosition,-111.0528,45,-107.379,2.751679,CameraPosition,-103.1102,1.759629,-107.383,CameraRotation,297.1591,268.8649,353.7435,CurrentState,Approach1,Slider,52,Scenario,1
ID,8,Time,277.6372,DronePosition,-111.0155,45,-107.379,2.682173,CameraPosition,-103.1101,1.759673,-107.3831,CameraRotation,297.1572,268.8929,353.7426,CurrentState,Approach1,Slider,52,Scenario,1
ID,8,Time,277.6512,DronePosition,-110.9788,45,-107.379,2.611862,CameraPosition,-103.1101,1.759687,-107.3831,CameraRotation,297.1594,268.9221,353.7259,CurrentState,Approach1,Slider,52,Scenario,1
ID,8,Time,277.6656,DronePosition,-110.9424,45,-107.379,2.540267,CameraPosition,-103.1102,1.759671,-107.3831,CameraRotation,297.1866,268.9376,353.7222,CurrentState,Approach1,Slider,52,Scenario,1
ID,8,Time,277.6795,DronePosition,-110.9081,45,-107.379,2.470686,CameraPosition,-103.1104,1.759651,-107.3832,CameraRotation,297.2292,268.9084,353.7553,CurrentState,Approach1,Slider,52,Scenario,1
ID,8,Time,277.6932,DronePosition,-110.875,45,-107.379,2.401881,CameraPosition,-103.1105,1.759669,-107.3832,CameraRotation,297.282,268.9008,353.778,CurrentState,Approach1,Slider,52,Scenario,1
ID,8,Time,277.7074,DronePosition,-110.8419,45,-107.379,2.330837,CameraPosition,-103.1108,1.75979,-107.3832,CameraRotation,297.3063,268.9066,353.7847,CurrentState,Approach1,Slider,52,Scenario,1
ID,8,Time,277.7209,DronePosition,-110.8113,45,-107.379,2.263262,CameraPosition,-103.1111,1.759962,-107.3831,CameraRotation,297.3408,268.9369,353.7689,CurrentState,Approach1,Slider,52,Scenario,1
ID,8,Time,277.7347,DronePosition,-110.7812,45,-107.379,2.194634,CameraPosition,-103.1114,1.760062,-107.3831,CameraRotation,297.3887,268.9948,353.7315,CurrentState,Approach1,Slider,52,Scenario,1
ID,8,Time,277.7484,DronePosition,-110.752,45,-107.379,2.125897,CameraPosition,-103.1117,1.760115,-107.3831,CameraRotation,297.4754,269.0164,353.723,CurrentState,Approach1,Slider,52,Scenario,1
ID,8,Time,277.7626,DronePosition,-110.7229,45,-107.379,2.055108,CameraPosition,-103.112,1.760164,-107.3831,CameraRotation,297.5897,268.9906,353.7705,CurrentState,Approach1,Slider,52,Scenario,1
ID,8,Time,277.778,DronePosition,-110.6924,45,-107.379,1.97809,CameraPosition,-103.1124,1.760259,-107.3832,CameraRotation,297.664,268.9731,353.8024,CurrentState,Approach1,Slider,52,Scenario,1
ID,8,Time,277.7906,DronePosition,-110.6683,45,-107.379,1.915216,CameraPosition,-103.1126,1.760422,-107.3832,CameraRotation,297.6988,269.0038,353.7871,CurrentState,Approach1,Slider,52,Scenario,1
ID,8,Time,277.8054,DronePosition,-110.641,45,-107.379,1.840974,CameraPosition,-103.1128,1.760612,-107.3833,CameraRotation,297.7175,269.0646,353.7408,CurrentState,Approach1,Slider,52,Scenario,1
ID,8,Time,277.8187,DronePosition,-110.6173,45,-107.379,1.774443,CameraPosition,-103.1132,1.760738,-107.3833,CameraRotation,297.7614,269.09,353.7322,CurrentState,Approach1,Slider,52,Scenario,1
ID,8,Time,277.8329,DronePosition,-110.5931,45,-107.379,1.703261,CameraPosition,-103.1136,1.76084,-107.3833,CameraRotation,297.8488,269.0881,353.7658,CurrentState,Approach1,Slider,52,Scenario,1
ID,8,Time,277.8471,DronePosition,-110.57,45,-107.379,1.632636,CameraPosition,-103.114,1.760936,-107.3834,CameraRotation,297.9509,269.0343,353.8279,CurrentState,Approach1,Slider,52,Scenario,1
ID,8,Time,277.8606,DronePosition,-110.5488,45,-107.379,1.564842,CameraPosition,-103.1145,1.761074,-107.3834,CameraRotation,298.0357,269.0172,353.857,CurrentState,Approach1,Slider,52,Scenario,1
ID,8,Time,277.8753,DronePosition,-110.527,45,-107.379,1.49162,CameraPosition,-103.115,1.761253,-107.3835,CameraRotation,298.1092,269.0295,353.8559,CurrentState,Approach1,Slider,52,Scenario,1
ID,8,Time,277.889,DronePosition,-110.5074,45,-107.379,1.422845,CameraPosition,-103.1155,1.761448,-107.3835,CameraRotation,298.2029,269.0335,353.8464,CurrentState,Approach1,Slider,52,Scenario,1
ID,8,Time,277.9035,DronePosition,-110.4878,45,-107.379,1.350379,CameraPosition,-103.116,1.761596,-107.3835,CameraRotation,298.3077,269.0347,353.8475,CurrentState,Approach1,Slider,52,Scenario,1
ID,8,Time,277.9174,DronePosition,-110.4701,45,-107.379,1.280966,CameraPosition,-103.1165,1.761743,-107.3835,CameraRotation,298.4361,269.0042,353.8751,CurrentState,Approach1,Slider,52,Scenario,1
ID,8,Time,277.9311,DronePosition,-110.4534,45,-107.379,1.212348,CameraPosition,-103.117,1.7619,-107.3835,CameraRotation,298.5509,268.9872,353.8825,CurrentState,Approach1,Slider,52,Scenario,1
ID,8,Time,277.9447,DronePosition,-110.4379,45,-107.379,1.14456,CameraPosition,-103.1174,1.762097,-107.3836,CameraRotation,298.6508,268.9763,353.899,CurrentState,Approach1,Slider,52,Scenario,1
ID,8,Time,277.9587,DronePosition,-110.4228,45,-107.379,1.074521,CameraPosition,-103.1177,1.762326,-107.3836,CameraRotation,298.7606,268.9576,353.9177,CurrentState,Approach1,Slider,52,Scenario,1
ID,8,Time,277.9731,DronePosition,-110.4084,45,-107.379,1.002479,CameraPosition,-103.118,1.762606,-107.3836,CameraRotation,298.8312,268.967,353.9296,CurrentState,Approach1,Slider,52,Scenario,1
ID,8,Time,277.9864,DronePosition,-110.396,45,-107.379,0.9361342,CameraPosition,-103.1183,1.7629,-107.3836,CameraRotation,298.85,268.9986,353.9054,CurrentState,Approach1,Slider,52,Scenario,1
ID,8,Time,278.0002,DronePosition,-110.384,45,-107.379,0.8671382,CameraPosition,-103.1185,1.763216,-107.3835,CameraRotation,298.8805,269.0032,353.8854,CurrentState,Approach1,Slider,52,Scenario,1
ID,8,Time,278.0145,DronePosition,-110.3727,45,-107.379,0.7957637,CameraPosition,-103.1187,1.763522,-107.3835,CameraRotation,298.8701,269.0527,353.8238,CurrentState,Approach1,Slider,52,Scenario,1
ID,8,Time,278.0281,DronePosition,-110.3627,45,-107.379,0.7274907,CameraPosition,-103.119,1.763806,-107.3835,CameraRotation,298.9375,269.1052,353.8072,CurrentState,Approach1,Slider,52,Scenario,1
ID,8,Time,278.0422,DronePosition,-110.3535,45,-107.379,0.6571502,CameraPosition,-103.1194,1.764006,-107.3834,CameraRotation,298.9797,269.1683,353.7708,CurrentState,Approach1,Slider,52,Scenario,1
ID,8,Time,278.056,DronePosition,-110.3454,45,-107.379,0.5882507,CameraPosition,-103.1198,1.764115,-107.3834,CameraRotation,299.0478,269.212,353.722,CurrentState,Approach1,Slider,52,Scenario,1
ID,8,Time,278.0697,DronePosition,-110.3382,45,-107.379,0.5194612,CameraPosition,-103.1201,1.764154,-107.3834,CameraRotation,299.1605,269.2214,353.7013,CurrentState,Approach1,Slider,52,Scenario,1
ID,8,Time,278.0836,DronePosition,-110.331,45,-107.379,0.5194612,CameraPosition,-103.1205,1.764181,-107.3833,CameraRotation,299.2468,269.2611,353.6625,CurrentState,Hover1,Slider,52,Scenario,1
ID,8,Time,278.0987,DronePosition,-110.331,45,-107.379,0,CameraPosition,-103.1208,1.764185,-107.3832,CameraRotation,299.3496,269.3439,353.5864,CurrentState,Hover1,Slider,52,Scenario,1
ID,8,Time,278.1122,DronePosition,-110.331,45,-107.379,0,CameraPosition,-103.1211,1.764159,-107.3832,CameraRotation,299.4224,269.4229,353.5225,CurrentState,Hover1,Slider,52,Scenario,1
ID,8,Time,278.1254,DronePosition,-110.331,45,-107.379,0,CameraPosition,-103.1213,1.764158,-107.3833,CameraRotation,299.5216,269.4793,353.4661,CurrentState,Hover1,Slider,52,Scenario,1
ID,8,Time,278.1396,DronePosition,-110.331,45,-107.379,0,CameraPosition,-103.1215,1.76418,-107.3832,CameraRotation,299.6001,269.5112,353.4265,CurrentState,Hover1,Slider,52,Scenario,1
ID,8,Time,278.1532,DronePosition,-110.331,45,-107.379,0,CameraPosition,-103.1217,1.764243,-107.3832,CameraRotation,299.6493,269.5502,353.3911,CurrentState,Hover1,Slider,52,Scenario,1
ID,8,Time,278.1673,DronePosition,-110.331,45,-107.379,0,CameraPosition,-103.1219,1.764313,-107.3832,CameraRotation,299.6694,269.5916,353.3501,CurrentState,Hover1,Slider,52,Scenario,1
ID,8,Time,278.1807,DronePosition,-110.331,45,-107.379,0,CameraPosition,-103.1221,1.764364,-107.3832,CameraRotation,299.7224,269.5743,353.3643,CurrentState,Hover1,Slider,52,Scenario,1
ID,8,Time,278.1947,DronePosition,-110.331,45,-107.379,0,CameraPosition,-103.1225,1.764412,-107.3833,CameraRotation,299.7722,269.5421,353.4349,CurrentState,Hover1,Slider,52,Scenario,1
ID,8,Time,278.2087,DronePosition,-110.331,45,-107.379,0,CameraPosition,-103.1229,1.764393,-107.3834,CameraRotation,299.8747,269.4761,353.5512,CurrentState,Hover1,Slider,52,Scenario,1
ID,8,Time,278.223,DronePosition,-110.331,45,-107.379,0,CameraPosition,-103.1231,1.76437,-107.3834,CameraRotation,299.9983,269.4541,353.5591,CurrentState,Hover1,Slider,52,Scenario,1
ID,8,Time,278.2367,DronePosition,-110.331,45,-107.379,0,CameraPosition,-103.1232,1.764435,-107.3835,CameraRotation,299.9882,269.4493,353.5267,CurrentState,Hover1,Slider,52,Scenario,1
ID,8,Time,278.2505,DronePosition,-110.331,45,-107.379,0,CameraPosition,-103.1233,1.764561,-107.3835,CameraRotation,299.9713,269.4629,353.5326,CurrentState,Hover1,Slider,52,Scenario,1
ID,8,Time,278.2639,DronePosition,-110.331,45,-107.379,0,CameraPosition,-103.1233,1.76474,-107.3836,CameraRotation,299.9494,269.4132,353.6095,CurrentState,Hover1,Slider,52,Scenario,1
ID,8,Time,278.2777,DronePosition,-110.331,45,-107.379,0,CameraPosition,-103.1234,1.764866,-107.3838,CameraRotation,299.9359,269.3339,353.6895,CurrentState,Hover1,Slider,52,Scenario,1
ID,8,Time,278.2924,DronePosition,-110.331,45,-107.379,0,CameraPosition,-103.1235,1.76491,-107.384,CameraRotation,299.9917,269.2701,353.7504,CurrentState,Hover1,Slider,52,Scenario,1
ID,8,Time,278.3058,DronePosition,-110.331,45,-107.379,0,CameraPosition,-103.1237,1.764845,-107.3841,CameraRotation,300.0888,269.2042,353.7934,CurrentState,Hover1,Slider,52,Scenario,1
ID,8,Time,278.3202,DronePosition,-110.331,45,-107.379,0,CameraPosition,-103.1238,1.764782,-107.3841,CameraRotation,300.1556,269.1495,353.8273,CurrentState,Hover1,Slider,52,Scenario,1
ID,8,Time,278.3349,DronePosition,-110.331,45,-107.379,0,CameraPosition,-103.124,1.764754,-107.3842,CameraRotation,300.1943,269.0769,353.8997,CurrentState,Hover1,Slider,52,Scenario,1
ID,8,Time,278.3474,DronePosition,-110.331,45,-107.379,0,CameraPosition,-103.124,1.764807,-107.3843,CameraRotation,300.2444,269.0223,353.9816,CurrentState,Hover1,Slider,52,Scenario,1
ID,8,Time,278.3618,DronePosition,-110.331,45,-107.379,0,CameraPosition,-103.1241,1.764932,-107.3844,CameraRotation,300.2179,268.9774,354.0157,CurrentState,Hover1,Slider,52,Scenario,1
ID,8,Time,278.3754,DronePosition,-110.331,45,-107.379,0,CameraPosition,-103.1242,1.765028,-107.3845,CameraRotation,300.1761,268.9402,354.0539,CurrentState,Hover1,Slider,52,Scenario,1
ID,8,Time,278.3894,DronePosition,-110.331,45,-107.379,0,CameraPosition,-103.1243,1.765065,-107.3846,CameraRotation,300.1417,268.9214,354.1161,CurrentState,Hover1,Slider,52,Scenario,1
ID,8,Time,278.4036,DronePosition,-110.331,45,-107.379,0,CameraPosition,-103.1244,1.765038,-107.3846,CameraRotation,300.192,268.8987,354.1735,CurrentState,Hover1,Slider,52,Scenario,1
ID,8,Time,278.4174,DronePosition,-110.331,45,-107.379,0,CameraPosition,-103.1245,1.765033,-107.3847,CameraRotation,300.2543,268.8814,354.199,CurrentState,Hover1,Slider,52,Scenario,1
ID,8,Time,278.4316,DronePosition,-110.331,45,-107.379,0,CameraPosition,-103.1246,1.765044,-107.3849,CameraRotation,300.2533,268.8825,354.218,CurrentState,Hover1,Slider,52,Scenario,1
ID,8,Time,278.4449,DronePosition,-110.331,45,-107.379,0,CameraPosition,-103.1246,1.765109,-107.385,CameraRotation,300.2795,268.8633,354.2402,CurrentState,Hover1,Slider,52,Scenario,1
ID,8,Time,278.459,DronePosition,-110.331,45,-107.379,0,CameraPosition,-103.1247,1.765228,-107.385,CameraRotation,300.2418,268.8664,354.2553,CurrentState,Hover1,Slider,52,Scenario,1
ID,8,Time,278.4732,DronePosition,-110.331,45,-107.379,0,CameraPosition,-103.1247,1.765332,-107.3851,CameraRotation,300.1882,268.8604,354.2937,CurrentState,Hover1,Slider,52,Scenario,1
ID,8,Time,278.4871,DronePosition,-110.331,45,-107.379,0,CameraPosition,-103.1249,1.765367,-107.3851,CameraRotation,300.2164,268.8265,354.3389,CurrentState,Hover1,Slider,52,Scenario,1
ID,8,Time,278.5008,DronePosition,-110.331,45,-107.379,0,CameraPosition,-103.125,1.765334,-107.3852,CameraRotation,300.3208,268.7823,354.3803,CurrentState,Hover1,Slider,52,Scenario,1
ID,8,Time,278.515,DronePosition,-110.331,45,-107.379,0,CameraPosition,-103.1252,1.765284,-107.3852,CameraRotation,300.4207,268.7149,354.4403,CurrentState,Hover1,Slider,52,Scenario,1
ID,8,Time,278.5292,DronePosition,-110.331,45,-107.379,0,CameraPosition,-103.1254,1.765257,-107.3852,CameraRotation,300.4417,268.6635,354.4853,CurrentState,Hover1,Slider,52,Scenario,1
ID,8,Time,278.5425,DronePosition,-110.331,45,-107.379,0,CameraPosition,-103.1255,1.765243,-107.3853,CameraRotation,300.4496,268.6177,354.5514,CurrentState,Hover1,Slider,52,Scenario,1
ID,8,Time,278.5566,DronePosition,-110.331,45,-107.379,0,CameraPosition,-103.1256,1.765266,-107.3853,CameraRotation,300.4608,268.6014,354.5864,CurrentState,Hover1,Slider,52,Scenario,1
ID,8,Time,278.5711,DronePosition,-110.331,45,-107.379,0,CameraPosition,-103.1257,1.765291,-107.3852,CameraRotation,300.3985,268.5962,354.5941,CurrentState,Hover1,Slider,52,Scenario,1
ID,8,Time,278.5843,DronePosition,-110.331,45,-107.379,0,CameraPosition,-103.1257,1.765292,-107.3852,CameraRotation,300.4108,268.5824,354.6034,CurrentState,Hover1,Slider,52,Scenario,1
ID,8,Time,278.5981,DronePosition,-110.331,45,-107.379,0,CameraPosition,-103.1258,1.765229,-107.3852,CameraRotation,300.4531,268.5534,354.6381,CurrentState,Hover1,Slider,52,Scenario,1
ID,8,Time,278.612,DronePosition,-110.331,45,-107.379,0,CameraPosition,-103.1259,1.765142,-107.3852,CameraRotation,300.5444,268.5078,354.6693,CurrentState,Hover1,Slider,52,Scenario,1
ID,8,Time,278.6259,DronePosition,-110.331,45,-107.379,0,CameraPosition,-103.126,1.765089,-107.3852,CameraRotation,300.6067,268.4914,354.6859,CurrentState,Hover1,Slider,52,Scenario,1
ID,8,Time,278.6403,DronePosition,-110.331,45,-107.379,0,CameraPosition,-103.1262,1.765073,-107.3852,CameraRotation,300.677,268.4592,354.7296,CurrentState,Hover1,Slider,52,Scenario,1
ID,8,Time,278.6541,DronePosition,-110.331,45,-107.379,0,CameraPosition,-103.1263,1.765097,-107.3851,CameraRotation,300.6732,268.4413,354.7658,CurrentState,Hover1,Slider,52,Scenario,1
ID,8,Time,278.6678,DronePosition,-110.331,45,-107.379,0,CameraPosition,-103.1264,1.765201,-107.385,CameraRotation,300.6447,268.4538,354.7636,CurrentState,Hover1,Slider,52,Scenario,1
ID,8,Time,278.6845,DronePosition,-110.331,45,-107.379,0,CameraPosition,-103.1266,1.765262,-107.385,CameraRotation,300.6232,268.4669,354.7508,CurrentState,Hover1,Slider,52,Scenario,1
ID,8,Time,278.6955,DronePosition,-110.331,45,-107.379,0,CameraPosition,-103.1268,1.765214,-107.3849,CameraRotation,300.6656,268.473,354.7563,CurrentState,Hover1,Slider,52,Scenario,1
ID,8,Time,278.7099,DronePosition,-110.331,45,-107.379,0,CameraPosition,-103.127,1.765129,-107.3848,CameraRotation,300.7329,268.4734,354.7764,CurrentState,Hover1,Slider,52,Scenario,1
ID,8,Time,278.7234,DronePosition,-110.331,45,-107.379,0,CameraPosition,-103.1273,1.765043,-107.3847,CameraRotation,300.8156,268.4797,354.8036,CurrentState,Hover1,Slider,52,Scenario,1
ID,8,Time,278.738,DronePosition,-110.331,45,-107.379,0,CameraPosition,-103.1274,1.765005,-107.3846,CameraRotation,300.9056,268.4908,354.8118,CurrentState,Hover1,Slider,52,Scenario,1
ID,8,Time,278.7516,DronePosition,-110.331,45,-107.379,0,CameraPosition,-103.1276,1.765016,-107.3845,CameraRotation,300.9055,268.528,354.7968,CurrentState,Hover1,Slider,52,Scenario,1
ID,8,Time,278.7652,DronePosition,-110.331,45,-107.379,0,CameraPosition,-103.1278,1.765055,-107.3844,CameraRotation,300.9007,268.559,354.7778,CurrentState,Hover1,Slider,52,Scenario,1
ID,8,Time,278.7793,DronePosition,-110.331,45,-107.379,0,CameraPosition,-103.128,1.765074,-107.3843,CameraRotation,300.9199,268.5674,354.7962,CurrentState,Hover1,Slider,52,Scenario,1
ID,8,Time,278.7929,DronePosition,-110.331,45,-107.379,0,CameraPosition,-103.1283,1.765037,-107.3841,CameraRotation,300.9855,268.5594,354.8348,CurrentState,Hover1,Slider,52,Scenario,1
ID,8,Time,278.808,DronePosition,-110.331,45,-107.379,0,CameraPosition,-103.1286,1.764953,-107.384,CameraRotation,301.0764,268.5661,354.8371,CurrentState,Hover1,Slider,52,Scenario,1
ID,8,Time,278.8211,DronePosition,-110.331,45,-107.379,0,CameraPosition,-103.1289,1.764912,-107.3838,CameraRotation,301.1733,268.6053,354.7761,CurrentState,Hover1,Slider,52,Scenario,1
ID,8,Time,278.8354,DronePosition,-110.331,45,-107.379,0,CameraPosition,-103.1293,1.764926,-107.3837,CameraRotation,301.2549,268.6428,354.6931,CurrentState,Hover1,Slider,52,Scenario,1
ID,8,Time,278.8488,DronePosition,-110.331,45,-107.379,0,CameraPosition,-103.1296,1.764995,-107.3836,CameraRotation,301.281,268.671,354.6639,CurrentState,Hover1,Slider,52,Scenario,1
ID,8,Time,278.8627,DronePosition,-110.331,45,-107.379,0,CameraPosition,-103.1298,1.765045,-107.3834,CameraRotation,301.2769,268.6653,354.6968,CurrentState,Hover1,Slider,52,Scenario,1
ID,8,Time,278.8766,DronePosition,-110.331,45,-107.379,0,CameraPosition,-103.1301,1.765084,-107.3833,CameraRotation,301.2852,268.6356,354.7416,CurrentState,Hover1,Slider,52,Scenario,1
ID,8,Time,278.8908,DronePosition,-110.331,45,-107.379,0,CameraPosition,-103.1304,1.765094,-107.3831,CameraRotation,301.3208,268.667,354.69,CurrentState,Hover1,Slider,52,Scenario,1
ID,8,Time,278.9046,DronePosition,-110.331,45,-107.379,0,CameraPosition,-103.1306,1.765072,-107.383,CameraRotation,301.3779,268.7167,354.6169,CurrentState,Hover1,Slider,52,Scenario,1
ID,8,Time,278.9186,DronePosition,-110.331,45,-107.379,0,CameraPosition,-103.1307,1.765055,-107.3829,CameraRotation,301.4424,268.7459,354.5942,CurrentState,Hover1,Slider,52,Scenario,1
ID,8,Time,278.9325,DronePosition,-110.331,45,-107.379,0,CameraPosition,-103.1309,1.765081,-107.3828,CameraRotation,301.4918,268.7325,354.6429,CurrentState,Hover1,Slider,52,Scenario,1
ID,8,Time,278.9467,DronePosition,-110.331,45,-107.379,0,CameraPosition,-103.1312,1.765136,-107.3827,CameraRotation,301.505,268.7221,354.667,CurrentState,Hover1,Slider,52,Scenario,1
ID,8,Time,278.9604,DronePosition,-110.331,45,-107.379,0,CameraPosition,-103.1315,1.765167,-107.3825,CameraRotation,301.4983,268.6959,354.6946,CurrentState,Hover1,Slider,52,Scenario,1
ID,8,Time,278.9745,DronePosition,-110.331,45,-107.379,0,CameraPosition,-103.1318,1.765169,-107.3824,CameraRotation,301.5419,268.6804,354.7155,CurrentState,Hover1,Slider,52,Scenario,1
ID,8,Time,278.9878,DronePosition,-110.331,45,-107.379,0,CameraPosition,-103.1322,1.765197,-107.3823,CameraRotation,301.5851,268.6581,354.7351,CurrentState,Hover1,Slider,52,Scenario,1
ID,8,Time,279.002,DronePosition,-110.331,45,-107.379,0,CameraPosition,-103.1326,1.765222,-107.3822,CameraRotation,301.6584,268.6445,354.7387,CurrentState,Hover1,Slider,52,Scenario,1
ID,8,Time,279.016,DronePosition,-110.331,45,-107.379,0,CameraPosition,-103.133,1.765244,-107.382,CameraRotation,301.732,268.6434,354.7164,CurrentState,Hover1,Slider,52,Scenario,1
ID,8,Time,279.0297,DronePosition,-110.331,45,-107.379,0,CameraPosition,-103.1333,1.765269,-107.3819,CameraRotation,301.7798,268.6294,354.699,CurrentState,Hover1,Slider,52,Scenario,1
ID,8,Time,279.044,DronePosition,-110.331,45,-107.379,0,CameraPosition,-103.1336,1.765313,-107.3818,CameraRotation,301.8335,268.6072,354.6937,CurrentState,Hover1,Slider,52,Scenario,1
ID,8,Time,279.0577,DronePosition,-110.331,45,-107.379,0,CameraPosition,-103.1339,1.765354,-107.3817,CameraRotation,301.8556,268.58,354.7064,CurrentState,Hover1,Slider,52,Scenario,1
ID,8,Time,279.072,DronePosition,-110.331,45,-107.379,0,CameraPosition,-103.1342,1.765383,-107.3816,CameraRotation,301.899,268.5424,354.7261,CurrentState,Hover1,Slider,52,Scenario,1
ID,8,Time,279.0859,DronePosition,-110.331,45,-107.379,0,CameraPosition,-103.1345,1.765414,-107.3815,CameraRotation,301.9356,268.51,354.7448,CurrentState,Hover1,Slider,52,Scenario,1
ID,8,Time,279.0992,DronePosition,-110.331,45,-107.379,0,CameraPosition,-103.1347,1.765425,-107.3814,CameraRotation,301.9576,268.5173,354.7132,CurrentState,Hover1,Slider,52,Scenario,1
ID,8,Time,279.1138,DronePosition,-110.331,45,-107.379,0,CameraPosition,-103.135,1.765432,-107.3813,CameraRotation,301.9588,268.5034,354.688,CurrentState,Hover1,Slider,52,Scenario,1
ID,8,Time,279.1273,DronePosition,-110.331,45,-107.379,0,CameraPosition,-103.1352,1.765458,-107.3812,CameraRotation,301.9775,268.5023,354.6787,CurrentState,Hover1,Slider,52,Scenario,1
ID,8,Time,279.1431,DronePosition,-110.331,45,-107.379,0,CameraPosition,-103.1355,1.765513,-107.3811,CameraRotation,302.0111,268.4317,354.753,CurrentState,Hover1,Slider,52,Scenario,1
ID,8,Time,279.1555,DronePosition,-110.331,45,-107.379,0,CameraPosition,-103.1357,1.765616,-107.381,CameraRotation,302.028,268.3942,354.7877,CurrentState,Hover1,Slider,52,Scenario,1
ID,8,Time,279.1695,DronePosition,-110.331,45,-107.379,0,CameraPosition,-103.1359,1.765696,-107.3809,CameraRotation,302.0359,268.381,354.77,CurrentState,Hover1,Slider,52,Scenario,1
ID,8,Time,279.183,DronePosition,-110.331,45,-107.379,0,CameraPosition,-103.136,1.765706,-107.3808,CameraRotation,302.0645,268.3477,354.7775,CurrentState,Hover1,Slider,52,Scenario,1
ID,8,Time,279.1967,DronePosition,-110.331,45,-107.379,0,CameraPosition,-103.1362,1.765686,-107.3807,CameraRotation,302.0884,268.3412,354.774,CurrentState,Hover1,Slider,52,Scenario,1
ID,8,Time,279.2107,DronePosition,-110.331,45,-107.379,0,CameraPosition,-103.1363,1.765638,-107.3806,CameraRotation,302.1077,268.3178,354.7915,CurrentState,Hover1,Slider,52,Scenario,1
ID,8,Time,279.2251,DronePosition,-110.331,45,-107.379,0,CameraPosition,-103.1365,1.765583,-107.3806,CameraRotation,302.1234,268.2825,354.8117,CurrentState,Hover1,Slider,52,Scenario,1
ID,8,Time,279.2387,DronePosition,-110.331,45,-107.379,0,CameraPosition,-103.1366,1.76553,-107.3806,CameraRotation,302.1408,268.2668,354.8043,CurrentState,Hover1,Slider,52,Scenario,1
ID,8,Time,279.2527,DronePosition,-110.331,45,-107.379,0,CameraPosition,-103.1367,1.765489,-107.3806,CameraRotation,302.139,268.2616,354.789,CurrentState,Hover1,Slider,52,Scenario,1
ID,8,Time,279.2679,DronePosition,-110.331,45,-107.379,0,CameraPosition,-103.1368,1.765463,-107.3805,CameraRotation,302.1411,268.251,354.7829,CurrentState,Hover1,Slider,52,Scenario,1
ID,8,Time,279.2802,DronePosition,-110.331,45,-107.379,0,CameraPosition,-103.1369,1.765447,-107.3805,CameraRotation,302.1403,268.2201,354.8099,CurrentState,Hover1,Slider,52,Scenario,1
ID,8,Time,279.2943,DronePosition,-110.331,45,-107.379,0,CameraPosition,-103.137,1.76543,-107.3804,CameraRotation,302.1602,268.1981,354.813,CurrentState,Hover1,Slider,52,Scenario,1
ID,8,Time,279.3083,DronePosition,-110.331,45,-107.379,0,CameraPosition,-103.1372,1.765419,-107.3804,CameraRotation,302.1852,268.1888,354.8159,CurrentState,Hover1,Slider,52,Scenario,1
ID,8,Time,279.3222,DronePosition,-110.331,45,-107.379,0,CameraPosition,-103.1373,1.765426,-107.3804,CameraRotation,302.2417,268.1792,354.8252,CurrentState,Hover1,Slider,52,Scenario,1
ID,8,Time,279.3362,DronePosition,-110.331,45,-107.379,0,CameraPosition,-103.1374,1.765429,-107.3803,CameraRotation,302.2463,268.2133,354.7958,CurrentState,Hover1,Slider,52,Scenario,1
ID,8,Time,279.3501,DronePosition,-110.331,45,-107.379,0,CameraPosition,-103.1375,1.765417,-107.3802,CameraRotation,302.2674,268.2285,354.7545,CurrentState,Hover1,Slider,52,Scenario,1
ID,8,Time,279.3641,DronePosition,-110.331,45,-107.379,0,CameraPosition,-103.1375,1.765394,-107.3802,CameraRotation,302.2913,268.2211,354.7454,CurrentState,Hover1,Slider,52,Scenario,1
ID,8,Time,279.3782,DronePosition,-110.331,45,-107.379,0,CameraPosition,-103.1376,1.765374,-107.3802,CameraRotation,302.2999,268.1883,354.7756,CurrentState,Hover1,Slider,52,Scenario,1
ID,8,Time,279.3926,DronePosition,-110.331,45,-107.379,0,CameraPosition,-103.1376,1.765391,-107.3802,CameraRotation,302.32,268.1445,354.8195,CurrentState,Hover1,Slider,52,Scenario,1
ID,8,Time,279.4056,DronePosition,-110.331,45,-107.379,0,CameraPosition,-103.1376,1.765421,-107.3802,CameraRotation,302.3262,268.1048,354.8626,CurrentState,Hover1,Slider,52,Scenario,1
ID,8,Time,279.4196,DronePosition,-110.331,45,-107.379,0,CameraPosition,-103.1377,1.76541,-107.3802,CameraRotation,302.3221,268.1073,354.8408,CurrentState,Hover1,Slider,52,Scenario,1
ID,8,Time,279.4336,DronePosition,-110.331,45,-107.379,0,CameraPosition,-103.1377,1.76539,-107.3802,CameraRotation,302.3414,268.0967,354.822,CurrentState,Hover1,Slider,52,Scenario,1
ID,8,Time,279.4474,DronePosition,-110.331,45,-107.379,0,CameraPosition,-103.1377,1.765362,-107.3802,CameraRotation,302.3607,268.0541,354.8468,CurrentState,Hover1,Slider,52,Scenario,1
ID,8,Time,279.4616,DronePosition,-110.331,45,-107.379,0,CameraPosition,-103.1378,1.765344,-107.3803,CameraRotation,302.3741,267.997,354.8983,CurrentState,Hover1,Slider,52,Scenario,1
ID,8,Time,279.4755,DronePosition,-110.331,45,-107.379,0,CameraPosition,-103.1379,1.765327,-107.3803,CameraRotation,302.3904,267.9189,354.9636,CurrentState,Hover1,Slider,52,Scenario,1
ID,8,Time,279.4893,DronePosition,-110.331,45,-107.379,0,CameraPosition,-103.1379,1.76534,-107.3804,CameraRotation,302.4163,267.9033,354.9567,CurrentState,Hover1,Slider,52,Scenario,1
ID,8,Time,279.5033,DronePosition,-110.331,45,-107.379,0,CameraPosition,-103.1379,1.76535,-107.3804,CameraRotation,302.4518,267.891,354.9406,CurrentState,Hover1,Slider,52,Scenario,1
ID,8,Time,279.5173,DronePosition,-110.331,45,-107.379,0,CameraPosition,-103.1378,1.765362,-107.3804,CameraRotation,302.4639,267.8629,354.9287,CurrentState,Hover1,Slider,52,Scenario,1
ID,8,Time,279.5313,DronePosition,-110.331,45,-107.379,0,CameraPosition,-103.1378,1.765384,-107.3805,CameraRotation,302.4211,267.7973,354.9563,CurrentState,Hover1,Slider,52,Scenario,1
ID,8,Time,279.5453,DronePosition,-110.331,45,-107.379,0,CameraPosition,-103.1377,1.765401,-107.3805,CameraRotation,302.3876,267.7114,355.0497,CurrentState,Hover1,Slider,52,Scenario,1
ID,8,Time,279.5608,DronePosition,-110.331,45,-107.379,0,CameraPosition,-103.1376,1.765397,-107.3806,CameraRotation,302.3576,267.6508,355.1073,CurrentState,Hover1,Slider,52,Scenario,1
ID,8,Time,279.5732,DronePosition,-110.331,45,-107.379,0,CameraPosition,-103.1376,1.765365,-107.3806,CameraRotation,302.3549,267.6118,355.0822,CurrentState,Hover1,Slider,52,Scenario,1
ID,8,Time,279.5877,DronePosition,-110.331,45,-107.379,0,CameraPosition,-103.1375,1.765333,-107.3807,CameraRotation,302.3646,267.583,355.0549,CurrentState,Hover1,Slider,52,Scenario,1
ID,8,Time,279.6007,DronePosition,-110.331,45,-107.379,0,CameraPosition,-103.1375,1.765331,-107.3808,CameraRotation,302.3756,267.5298,355.0947,CurrentState,Hover1,Slider,52,Scenario,1
ID,8,Time,279.6144,DronePosition,-110.331,45,-107.379,0,CameraPosition,-103.1374,1.765365,-107.3808,CameraRotation,302.3352,267.4799,355.162,CurrentState,Hover1,Slider,52,Scenario,1
ID,8,Time,279.6284,DronePosition,-110.331,45,-107.379,0,CameraPosition,-103.1373,1.765384,-107.3809,CameraRotation,302.2852,267.4517,355.1854,CurrentState,Hover1,Slider,52,Scenario,1
ID,8,Time,279.6422,DronePosition,-110.331,45,-107.379,0,CameraPosition,-103.1372,1.765371,-107.3809,CameraRotation,302.297,267.4637,355.1599,CurrentState,Hover1,Slider,52,Scenario,1
ID,8,Time,279.6565,DronePosition,-110.331,45,-107.379,0,CameraPosition,-103.1371,1.765294,-107.381,CameraRotation,302.3374,267.4525,355.1703,CurrentState,Hover1,Slider,52,Scenario,1
ID,8,Time,279.6709,DronePosition,-110.331,45,-107.379,0,CameraPosition,-103.1371,1.765214,-107.381,CameraRotation,302.3889,267.4599,355.1792,CurrentState,Hover1,Slider,52,Scenario,1
ID,8,Time,279.6844,DronePosition,-110.331,45,-107.379,0,CameraPosition,-103.137,1.76518,-107.381,CameraRotation,302.4065,267.4616,355.1882,CurrentState,Hover1,Slider,52,Scenario,1
ID,8,Time,279.6985,DronePosition,-110.331,45,-107.379,0,CameraPosition,-103.1369,1.765218,-107.381,CameraRotation,302.3792,267.5096,355.149,CurrentState,Hover1,Slider,52,Scenario,1
ID,8,Time,279.7119,DronePosition,-110.331,45,-107.379,0,CameraPosition,-103.1367,1.765298,-107.3811,CameraRotation,302.3458,267.5762,355.0901,CurrentState,Hover1,Slider,52,Scenario,1
ID,8,Time,279.7262,DronePosition,-110.331,45,-107.379,0,CameraPosition,-103.1365,1.765331,-107.3811,CameraRotation,302.3553,267.604,355.0745,CurrentState,Hover1,Slider,52,Scenario,1
ID,8,Time,279.7403,DronePosition,-110.331,45,-107.379,0,CameraPosition,-103.1363,1.765298,-107.3811,CameraRotation,302.3974,267.6262,355.0623,CurrentState,Hover1,Slider,52,Scenario,1
ID,8,Time,279.754,DronePosition,-110.331,45,-107.379,0,CameraPosition,-103.1362,1.765254,-107.3811,CameraRotation,302.4113,267.6259,355.0729,CurrentState,Hover1,Slider,52,Scenario,1
ID,8,Time,279.7679,DronePosition,-110.331,45,-107.379,0,CameraPosition,-103.1361,1.76522,-107.3812,CameraRotation,302.4042,267.6377,355.064,CurrentState,Hover1,Slider,52,Scenario,1
ID,8,Time,279.7821,DronePosition,-110.331,45,-107.379,0,CameraPosition,-103.1359,1.76519,-107.3812,CameraRotation,302.3718,267.6569,355.0444,CurrentState,Hover1,Slider,52,Scenario,1
ID,8,Time,279.7955,DronePosition,-110.331,45,-107.379,0,CameraPosition,-103.1357,1.765157,-107.3813,CameraRotation,302.3319,267.6982,354.992,CurrentState,Hover1,Slider,52,Scenario,1
ID,8,Time,279.81,DronePosition,-110.331,45,-107.379,0,CameraPosition,-103.1356,1.765104,-107.3814,CameraRotation,302.3267,267.6999,354.9702,CurrentState,Hover1,Slider,52,Scenario,1
ID,8,Time,279.8232,DronePosition,-110.331,45,-107.379,0,CameraPosition,-103.1354,1.765092,-107.3814,CameraRotation,302.3155,267.6709,354.9982,CurrentState,Hover1,Slider,52,Scenario,1
ID,8,Time,279.8373,DronePosition,-110.331,45,-107.379,0,CameraPosition,-103.1352,1.765104,-107.3814,CameraRotation,302.2521,267.629,355.0581,CurrentState,Hover1,Slider,52,Scenario,1
ID,8,Time,279.8512,DronePosition,-110.331,45,-107.379,0,CameraPosition,-103.1349,1.765141,-107.3815,CameraRotation,302.1774,267.6176,355.055,CurrentState,Hover1,Slider,52,Scenario,1
ID,8,Time,279.8654,DronePosition,-110.331,45,-107.379,0,CameraPosition,-103.1347,1.765181,-107.3815,CameraRotation,302.1455,267.6106,355.0415,CurrentState,Hover1,Slider,52,Scenario,1
ID,8,Time,279.879,DronePosition,-110.331,45,-107.379,0,CameraPosition,-103.1344,1.765193,-107.3815,CameraRotation,302.1443,267.6064,355.0179,CurrentState,Hover1,Slider,52,Scenario,1
ID,8,Time,279.8929,DronePosition,-110.331,45,-107.379,0,CameraPosition,-103.1343,1.765162,-107.3816,CameraRotation,302.1704,267.6001,355.0281,CurrentState,Hover1,Slider,52,Scenario,1
ID,8,Time,279.9071,DronePosition,-110.331,45,-107.379,0,CameraPosition,-103.1341,1.7651,-107.3816,CameraRotation,302.1926,267.5938,355.0377,CurrentState,Hover1,Slider,52,Scenario,1
ID,8,Time,279.921,DronePosition,-110.331,45,-107.379,0,CameraPosition,-103.1339,1.765077,-107.3815,CameraRotation,302.1874,267.6146,355.0055,CurrentState,Hover1,Slider,52,Scenario,1
ID,8,Time,279.9349,DronePosition,-110.331,45,-107.379,0,CameraPosition,-103.1337,1.765083,-107.3815,CameraRotation,302.1556,267.6391,354.9744,CurrentState,Hover1,Slider,52,Scenario,1
ID,8,Time,279.9489,DronePosition,-110.331,45,-107.379,0,CameraPosition,-103.1336,1.765154,-107.3815,CameraRotation,302.1118,267.6653,354.942,CurrentState,Hover1,Slider,52,Scenario,1
ID,8,Time,279.9631,DronePosition,-110.331,45,-107.379,0,CameraPosition,-103.1335,1.765203,-107.3815,CameraRotation,302.0695,267.6859,354.9266,CurrentState,Hover1,Slider,52,Scenario,1
ID,8,Time,279.9768,DronePosition,-110.331,45,-107.379,0,CameraPosition,-103.1333,1.765198,-107.3815,CameraRotation,302.0646,267.6741,354.9306,CurrentState,Hover1,Slider,52,Scenario,1
ID,8,Time,279.9919,DronePosition,-110.331,45,-107.379,0,CameraPosition,-103.1332,1.765154,-107.3815,CameraRotation,302.1042,267.66,354.9236,CurrentState,Hover1,Slider,52,Scenario,1
ID,8,Time,280.0053,DronePosition,-110.331,45,-107.379,0,CameraPosition,-103.1331,1.765136,-107.3815,CameraRotation,302.145,267.6679,354.8983,CurrentState,Hover1,Slider,52,Scenario,1
ID,8,Time,280.0184,DronePosition,-110.331,45,-107.379,0,CameraPosition,-103.1329,1.765159,-107.3815,CameraRotation,302.145,267.6315,354.9173,CurrentState,Hover1,Slider,52,Scenario,1
ID,8,Time,280.0322,DronePosition,-110.331,45,-107.379,0,CameraPosition,-103.1328,1.765261,-107.3815,CameraRotation,302.1153,267.6095,354.9387,CurrentState,Hover1,Slider,52,Scenario,1
ID,8,Time,280.0461,DronePosition,-110.331,45,-107.379,0,CameraPosition,-103.1327,1.765336,-107.3815,CameraRotation,302.0873,267.6089,354.9384,CurrentState,Hover1,Slider,52,Scenario,1
ID,8,Time,280.0603,DronePosition,-110.331,45,-107.379,0,CameraPosition,-103.1326,1.765335,-107.3814,CameraRotation,302.0992,267.6392,354.9006,CurrentState,Hover1,Slider,52,Scenario,1
ID,8,Time,280.0743,DronePosition,-110.331,45,-107.379,0,CameraPosition,-103.1325,1.765307,-107.3813,CameraRotation,302.131,267.6633,354.8514,CurrentState,Hover1,Slider,52,Scenario,1
ID,8,Time,280.0887,DronePosition,-110.331,45,-107.379,0,CameraPosition,-103.1325,1.765277,-107.3813,CameraRotation,302.1786,267.6649,354.8339,CurrentState,Approach2,Slider,52,Scenario,1
ID,8,Time,280.1024,DronePosition,-110.331,44.99907,-107.379,0.0681685,CameraPosition,-103.1324,1.765265,-107.3812,CameraRotation,302.2035,267.6682,354.8207,CurrentState,Approach2,Slider,52,Scenario,1
ID,8,Time,280.1165,DronePosition,-110.331,44.99712,-107.379,0.1385765,CameraPosition,-103.1323,1.765256,-107.3812,CameraRotation,302.2163,267.6722,354.804,CurrentState,Approach2,Slider,52,Scenario,1
ID,8,Time,280.1298,DronePosition,-110.331,44.99438,-107.379,0.205251,CameraPosition,-103.1323,1.765227,-107.3811,CameraRotation,302.2483,267.7014,354.7769,CurrentState,Approach2,Slider,52,Scenario,1
ID,8,Time,280.1437,DronePosition,-110.331,44.99056,-107.379,0.2747515,CameraPosition,-103.1322,1.765178,-107.381,CameraRotation,302.2715,267.772,354.6968,CurrentState,Approach2,Slider,52,Scenario,1
ID,8,Time,280.1582,DronePosition,-110.331,44.98553,-107.379,0.3471535,CameraPosition,-103.1322,1.765103,-107.3809,CameraRotation,302.3157,267.8394,354.6126,CurrentState,Approach2,Slider,52,Scenario,1
ID,8,Time,280.1718,DronePosition,-110.331,44.9799,-107.379,0.4150045,CameraPosition,-103.1321,1.765039,-107.3808,CameraRotation,302.3669,267.8728,354.5618,CurrentState,Approach2,Slider,52,Scenario,1
ID,8,Time,280.1856,DronePosition,-110.3309,44.97318,-107.379,0.4844145,CameraPosition,-103.132,1.765043,-107.3808,CameraRotation,302.3912,267.9156,354.507,CurrentState,Approach2,Slider,52,Scenario,1
ID,8,Time,280.1998,DronePosition,-110.3309,44.96533,-107.379,0.5551245,CameraPosition,-103.1318,1.765095,-107.3807,CameraRotation,302.3846,267.9302,354.4903,CurrentState,Approach2,Slider,52,Scenario,1
ID,8,Time,280.2133,DronePosition,-110.3309,44.95689,-107.379,0.622831,CameraPosition,-103.1317,1.765105,-107.3807,CameraRotation,302.3579,267.9273,354.5025,CurrentState,Approach2,Slider,52,Scenario,1
ID,8,Time,280.2276,DronePosition,-110.3309,44.94698,-107.379,0.6942239,CameraPosition,-103.1317,1.765097,-107.3807,CameraRotation,302.3885,267.9251,354.5277,CurrentState,Approach2,Slider,52,Scenario,1
ID,8,Time,280.241,DronePosition,-110.3309,44.93678,-107.379,0.7612094,CameraPosition,-103.1317,1.765053,-107.3806,CameraRotation,302.4249,267.938,354.5013,CurrentState,Approach2,Slider,52,Scenario,1
ID,8,Time,280.2548,DronePosition,-110.3308,44.92535,-107.379,0.8300484,CameraPosition,-103.1316,1.765013,-107.3806,CameraRotation,302.4739,267.9699,354.4184,CurrentState,Approach2,Slider,52,Scenario,1
ID,8,Time,280.2689,DronePosition,-110.3308,44.91264,-107.379,0.9006079,CameraPosition,-103.1316,1.765041,-107.3806,CameraRotation,302.5176,267.9527,354.4031,CurrentState,Approach2,Slider,52,Scenario,1
ID,8,Time,280.2828,DronePosition,-110.3308,44.89911,-107.379,0.9703515,CameraPosition,-103.1315,1.765141,-107.3806,CameraRotation,302.5251,267.9264,354.434,CurrentState,Approach2,Slider,52,Scenario,1
ID,8,Time,280.2965,DronePosition,-110.3307,44.88484,-107.379,1.039022,CameraPosition,-103.1314,1.765235,-107.3805,CameraRotation,302.5084,267.8943,354.4695,CurrentState,Approach2,Slider,52,Scenario,1
ID,8,Time,280.3104,DronePosition,-110.3307,44.86946,-107.379,1.108376,CameraPosition,-103.1314,1.765295,-107.3805,CameraRotation,302.5008,267.8723,354.4763,CurrentState,Approach2,Slider,52,Scenario,1
ID,8,Time,280.3249,DronePosition,-110.3307,44.85241,-107.379,1.180628,CameraPosition,-103.1313,1.765284,-107.3805,CameraRotation,302.5474,267.8312,354.4763,CurrentState,Approach2,Slider,52,Scenario,1
ID,8,Time,280.3383,DronePosition,-110.3306,44.83558,-107.379,1.248047,CameraPosition,-103.1313,1.765242,-107.3806,CameraRotation,302.612,267.7814,354.4938,CurrentState,Approach2,Slider,52,Scenario,1
ID,8,Time,280.3525,DronePosition,-110.3306,44.81696,-107.379,1.318666,CameraPosition,-103.1313,1.765179,-107.3806,CameraRotation,302.668,267.7072,354.5603,CurrentState,Approach2,Slider,52,Scenario,1
ID,8,Time,280.3664,DronePosition,-110.3305,44.79765,-107.379,1.388187,CameraPosition,-103.1312,1.765148,-107.3807,CameraRotation,302.7155,267.6286,354.6365,CurrentState,Approach2,Slider,52,Scenario,1
ID,8,Time,280.3802,DronePosition,-110.3305,44.77758,-107.379,1.45706,CameraPosition,-103.1312,1.76515,-107.3807,CameraRotation,302.7505,267.5634,354.6776,CurrentState,Approach2,Slider,52,Scenario,1
ID,8,Time,280.395,DronePosition,-110.3304,44.75483,-107.379,1.531347,CameraPosition,-103.1311,1.765183,-107.3807,CameraRotation,302.757,267.5045,354.7076,CurrentState,Approach2,Slider,52,Scenario,1
ID,8,Time,280.4084,DronePosition,-110.3304,44.73344,-107.379,1.598272,CameraPosition,-103.131,1.765227,-107.3807,CameraRotation,302.728,267.4787,354.7173,CurrentState,Approach2,Slider,52,Scenario,1
ID,8,Time,280.4225,DronePosition,-110.3303,44.70998,-107.379,1.668561,CameraPosition,-103.131,1.765241,-107.3807,CameraRotation,302.6975,267.4456,354.7331,CurrentState,Approach2,Slider,52,Scenario,1
ID,8,Time,280.4359,DronePosition,-110.3303,44.6867,-107.379,1.735655,CameraPosition,-103.1309,1.765244,-107.3808,CameraRotation,302.7306,267.3776,354.7894,CurrentState,Approach2,Slider,52,Scenario,1
ID,8,Time,280.4497,DronePosition,-110.3302,44.66166,-107.379,1.805012,CameraPosition,-103.1308,1.765243,-107.3808,CameraRotation,302.7502,267.3343,354.8315,CurrentState,Approach2,Slider,52,Scenario,1
ID,8,Time,280.4635,DronePosition,-110.3301,44.63585,-107.379,1.873869,CameraPosition,-103.1307,1.765249,-107.3807,CameraRotation,302.7399,267.3037,354.8437,CurrentState,Approach2,Slider,52,Scenario,1
ID,8,Time,280.4774,DronePosition,-110.3301,44.60891,-107.379,1.943187,CameraPosition,-103.1306,1.765265,-107.3807,CameraRotation,302.6906,267.3123,354.8062,CurrentState,Approach2,Slider,52,Scenario,1
ID,8,Time,280.4915,DronePosition,-110.33,44.58043,-107.379,2.013905,CameraPosition,-103.1305,1.765282,-107.3806,CameraRotation,302.6734,267.3097,354.7813,CurrentState,Approach2,Slider,52,Scenario,1
ID,8,Time,280.5055,DronePosition,-110.3299,44.55121,-107.379,2.083992,CameraPosition,-103.1304,1.76532,-107.3806,CameraRotation,302.6561,267.3145,354.7685,CurrentState,Approach2,Slider,52,Scenario,1
ID,8,Time,280.5195,DronePosition,-110.3299,44.52123,-107.379,2.153599,CameraPosition,-103.1303,1.765372,-107.3806,CameraRotation,302.6577,267.3141,354.7691,CurrentState,Approach2,Slider,52,Scenario,1
ID,8,Time,280.5334,DronePosition,-110.3298,44.49028,-107.379,2.223204,CameraPosition,-103.1302,1.765375,-107.3805,CameraRotation,302.6531,267.2983,354.783,CurrentState,Approach2,Slider,52,Scenario,1
ID,8,Time,280.5474,DronePosition,-110.3297,44.45815,-107.379,2.293259,CameraPosition,-103.1301,1.765348,-107.3805,CameraRotation,302.6672,267.2936,354.7787,CurrentState,Approach2,Slider,52,Scenario,1
ID,8,Time,280.5609,DronePosition,-110.3296,44.42613,-107.379,2.361075,CameraPosition,-103.13,1.765315,-107.3804,CameraRotation,302.6947,267.3087,354.7624,CurrentState,Approach2,Slider,52,Scenario,1
ID,8,Time,280.5753,DronePosition,-110.3295,44.39109,-107.379,2.433077,CameraPosition,-103.1299,1.765303,-107.3803,CameraRotation,302.7141,267.3198,354.7498,CurrentState,Approach2,Slider,52,Scenario,1
ID,8,Time,280.5891,DronePosition,-110.3295,44.35662,-107.379,2.501961,CameraPosition,-103.1299,1.765374,-107.3802,CameraRotation,302.6962,267.3452,354.7251,CurrentState,Approach2,Slider,52,Scenario,1
ID,8,Time,280.6031,DronePosition,-110.3294,44.32074,-107.379,2.571726,CameraPosition,-103.1298,1.765476,-107.38,CameraRotation,302.6475,267.3865,354.6838,CurrentState,Approach2,Slider,52,Scenario,1
ID,8,Time,280.6174,DronePosition,-110.3293,44.28297,-107.379,2.643173,CameraPosition,-103.1297,1.765495,-107.3799,CameraRotation,302.6193,267.3961,354.6843,CurrentState,Approach2,Slider,52,Scenario,1
ID,8,Time,280.6312,DronePosition,-110.3292,44.24539,-107.379,2.712436,CameraPosition,-103.1295,1.765477,-107.3798,CameraRotation,302.6257,267.3987,354.6729,CurrentState,Approach2,Slider,52,Scenario,1
ID,8,Time,280.6446,DronePosition,-110.3291,44.20831,-107.379,2.779149,CameraPosition,-103.1294,1.765415,-107.3797,CameraRotation,302.6652,267.3816,354.6767,CurrentState,Approach2,Slider,52,Scenario,1
ID,8,Time,280.6586,DronePosition,-110.329,44.16836,-107.379,2.84926,CameraPosition,-103.1294,1.765383,-107.3796,CameraRotation,302.6796,267.3977,354.6577,CurrentState,Approach2,Slider,52,Scenario,1
ID,8,Time,280.6727,DronePosition,-110.3289,44.12717,-107.379,2.919783,CameraPosition,-103.1293,1.765396,-107.3795,CameraRotation,302.6581,267.4218,354.6237,CurrentState,Approach2,Slider,52,Scenario,1
ID,8,Time,280.6869,DronePosition,-110.3288,44.08484,-107.379,2.99057,CameraPosition,-103.1292,1.765434,-107.3794,CameraRotation,302.5896,267.4509,354.6083,CurrentState,Approach2,Slider,52,Scenario,1
ID,8,Time,280.7011,DronePosition,-110.3287,44.04124,-107.379,3.061769,CameraPosition,-103.1291,1.765456,-107.3793,CameraRotation,302.5216,267.475,354.5908,CurrentState,Approach2,Slider,52,Scenario,1
ID,8,Time,280.7144,DronePosition,-110.3286,43.99973,-107.379,3.128116,CameraPosition,-103.129,1.765443,-107.3792,CameraRotation,302.495,267.4771,354.5911,CurrentState,Approach2,Slider,52,Scenario,1
ID,8,Time,280.7283,DronePosition,-110.3285,43.95527,-107.379,3.197641,CameraPosition,-103.1288,1.765411,-107.3791,CameraRotation,302.4983,267.4662,354.6024,CurrentState,Approach2,Slider,52,Scenario,1
ID,8,Time,280.742,DronePosition,-110.3284,43.91031,-107.379,3.26646,CameraPosition,-103.1287,1.765353,-107.379,CameraRotation,302.507,267.4499,354.613,CurrentState,Approach2,Slider,52,Scenario,1
ID,8,Time,280.7562,DronePosition,-110.3283,43.8629,-107.379,3.337485,CameraPosition,-103.1286,1.765294,-107.3789,CameraRotation,302.5123,267.4489,354.6169,CurrentState,Approach2,Slider,52,Scenario,1
ID,8,Time,280.7704,DronePosition,-110.3282,43.81445,-107.379,3.408545,CameraPosition,-103.1285,1.765266,-107.3788,CameraRotation,302.4863,267.472,354.5976,CurrentState,Approach2,Slider,52,Scenario,1
ID,8,Time,280.7842,DronePosition,-110.328,43.76654,-107.379,3.477442,CameraPosition,-103.1284,1.765249,-107.3787,CameraRotation,302.4375,267.497,354.5794,CurrentState,Approach2,Slider,52,Scenario,1
ID,8,Time,280.7979,DronePosition,-110.3279,43.718,-107.379,3.545878,CameraPosition,-103.1282,1.765242,-107.3786,CameraRotation,302.4017,267.5172,354.5702,CurrentState,Approach2,Slider,52,Scenario,1
ID,8,Time,280.8118,DronePosition,-110.3278,43.6678,-107.379,3.615303,CameraPosition,-103.1281,1.765192,-107.3785,CameraRotation,302.3703,267.5112,354.5884,CurrentState,Approach2,Slider,52,Scenario,1
ID,8,Time,280.826,DronePosition,-110.3277,43.61549,-107.379,3.686268,CameraPosition,-103.128,1.765095,-107.3784,CameraRotation,302.3725,267.5273,354.5795,CurrentState,Approach2,Slider,52,Scenario,1
ID,8,Time,280.8399,DronePosition,-110.3275,43.56309,-107.379,3.756014,CameraPosition,-103.1279,1.764974,-107.3783,CameraRotation,302.4021,267.5475,354.5679,CurrentState,Approach2,Slider,52,Scenario,1
ID,8,Time,280.8536,DronePosition,-110.3274,43.51083,-107.379,3.824347,CameraPosition,-103.1278,1.764896,-107.3782,CameraRotation,302.4035,267.6028,354.5054,CurrentState,Approach2,Slider,52,Scenario,1
ID,8,Time,280.8675,DronePosition,-110.3273,43.45693,-107.379,3.893556,CameraPosition,-103.1277,1.764869,-107.378,CameraRotation,302.389,267.6411,354.451,CurrentState,Approach2,Slider,52,Scenario,1
ID,8,Time,280.8815,DronePosition,-110.3271,43.40108,-107.379,3.964007,CameraPosition,-103.1276,1.764847,-107.3779,CameraRotation,302.349,267.6545,354.4628,CurrentState,Approach2,Slider,52,Scenario,1
ID,8,Time,280.8948,DronePosition,-110.327,43.34758,-107.379,4.030377,CameraPosition,-103.1275,1.764827,-107.3778,CameraRotation,302.3307,267.6518,354.504,CurrentState,Approach2,Slider,52,Scenario,1
ID,8,Time,280.9094,DronePosition,-110.3269,43.2876,-107.379,4.103456,CameraPosition,-103.1274,1.764786,-107.3777,CameraRotation,302.3369,267.631,354.5478,CurrentState,Approach2,Slider,52,Scenario,1
ID,8,Time,280.9231,DronePosition,-110.3267,43.2304,-107.379,4.172006,CameraPosition,-103.1273,1.76472,-107.3776,CameraRotation,302.3502,267.6844,354.4933,CurrentState,Approach2,Slider,52,Scenario,1
ID,8,Time,280.9409,DronePosition,-110.3266,43.15455,-107.379,4.261018,CameraPosition,-103.1272,1.764656,-107.3775,CameraRotation,302.3589,267.7646,354.3839,CurrentState,Approach2,Slider,52,Scenario,1
ID,8,Time,280.9513,DronePosition,-110.3264,43.11008,-107.379,4.312572,CameraPosition,-103.1272,1.764626,-107.3773,CameraRotation,302.34,267.8225,354.3246,CurrentState,Approach2,Slider,52,Scenario,1
ID,8,Time,280.9672,DronePosition,-110.3263,43.04018,-107.379,4.392149,CameraPosition,-103.1271,1.764637,-107.3772,CameraRotation,302.3006,267.8208,354.3412,CurrentState,Approach2,Slider,52,Scenario,1
ID,8,Time,280.9813,DronePosition,-110.3261,42.97703,-107.379,4.462899,CameraPosition,-103.1269,1.764696,-107.3772,CameraRotation,302.2787,267.8385,354.3371,CurrentState,Approach2,Slider,52,Scenario,1
ID,8,Time,280.9946,DronePosition,-110.326,42.91689,-107.379,4.529289,CameraPosition,-103.1267,1.764726,-107.3771,CameraRotation,302.2614,267.8458,354.3265,CurrentState,Approach2,Slider,52,Scenario,1
ID,8,Time,281.0085,DronePosition,-110.3258,42.85301,-107.379,4.598741,CameraPosition,-103.1266,1.764726,-107.377,CameraRotation,302.2636,267.8732,354.2866,CurrentState,Approach2,Slider,52,Scenario,1
ID,8,Time,281.022,DronePosition,-110.3257,42.78981,-107.379,4.666466,CameraPosition,-103.1266,1.764644,-107.377,CameraRotation,302.2684,267.8661,354.2833,CurrentState,Approach2,Slider,52,Scenario,1
ID,8,Time,281.0362,DronePosition,-110.3255,42.72289,-107.379,4.737101,CameraPosition,-103.1265,1.764574,-107.3769,CameraRotation,302.2703,267.8528,354.3079,CurrentState,Approach2,Slider,52,Scenario,1
ID,8,Time,281.0497,DronePosition,-110.3254,42.65757,-107.379,4.805064,CameraPosition,-103.1264,1.764521,-107.3768,CameraRotation,302.274,267.8339,354.3166,CurrentState,Approach2,Slider,52,Scenario,1
ID,8,Time,281.0629,DronePosition,-110.3252,42.5935,-107.379,4.870834,CameraPosition,-103.1264,1.764493,-107.3767,CameraRotation,302.2788,267.8484,354.2847,CurrentState,Approach2,Slider,52,Scenario,1
ID,8,Time,281.0766,DronePosition,-110.325,42.52581,-107.379,4.939353,CameraPosition,-103.1264,1.764465,-107.3766,CameraRotation,302.2687,267.881,354.2439,CurrentState,Approach2,Slider,52,Scenario,1
ID,8,Time,281.0906,DronePosition,-110.3249,42.4556,-107.379,5.009427,CameraPosition,-103.1263,1.764448,-107.3765,CameraRotation,302.2823,267.8822,354.2389,CurrentState,Approach2,Slider,52,Scenario,1
ID,8,Time,281.1044,DronePosition,-110.3247,42.38557,-107.379,5.07838,CameraPosition,-103.1263,1.764408,-107.3764,CameraRotation,302.2643,267.8823,354.2393,CurrentState,Approach2,Slider,52,Scenario,1
ID,8,Time,281.1186,DronePosition,-110.3245,42.31242,-107.379,5.149412,CameraPosition,-103.1262,1.764362,-107.3764,CameraRotation,302.2896,267.8632,354.2571,CurrentState,Approach2,Slider,52,Scenario,1
ID,8,Time,281.1322,DronePosition,-110.3244,42.24138,-107.379,5.217485,CameraPosition,-103.1262,1.764329,-107.3763,CameraRotation,302.2932,267.8479,354.274,CurrentState,Approach2,Slider,52,Scenario,1
ID,8,Time,281.1457,DronePosition,-110.3242,42.17046,-107.379,5.284588,CameraPosition,-103.1261,1.764378,-107.3762,CameraRotation,302.2657,267.8567,354.2423,CurrentState,Approach2,Slider,52,Scenario,1
ID,8,Time,281.1595,DronePosition,-110.324,42.09652,-107.379,5.353643,CameraPosition,-103.126,1.764463,-107.3761,CameraRotation,302.23,267.8783,354.1902,CurrentState,Approach2,Slider,52,Scenario,1
ID,8,Time,281.1739,DronePosition,-110.3238,42.01833,-107.379,5.425702,CameraPosition,-103.126,1.764521,-107.376,CameraRotation,302.2034,267.8781,354.1759,CurrentState,Approach2,Slider,52,Scenario,1
ID,8,Time,281.1875,DronePosition,-110.3236,41.94348,-107.379,5.493818,CameraPosition,-103.126,1.764525,-107.3759,CameraRotation,302.1906,267.8558,354.1853,CurrentState,Approach2,Slider,52,Scenario,1
ID,8,Time,281.2014,DronePosition,-110.3234,41.86626,-107.379,5.56322,CameraPosition,-103.126,1.764518,-107.3758,CameraRotation,302.2093,267.8446,354.1794,CurrentState,Approach2,Slider,52,Scenario,1
ID,8,Time,281.2156,DronePosition,-110.3232,41.78587,-107.379,5.63456,CameraPosition,-103.126,1.764483,-107.3758,CameraRotation,302.2267,267.8083,354.1943,CurrentState,Approach2,Slider,52,Scenario,1
ID,8,Time,281.2292,DronePosition,-110.3231,41.70876,-107.379,5.702175,CameraPosition,-103.1261,1.764449,-107.3757,CameraRotation,302.2408,267.7804,354.1966,CurrentState,Approach2,Slider,52,Scenario,1
ID,8,Time,281.2433,DronePosition,-110.3229,41.62743,-107.379,5.77262,CameraPosition,-103.1262,1.764426,-107.3757,CameraRotation,302.2436,267.7594,354.1907,CurrentState,Approach2,Slider,52,Scenario,1
ID,8,Time,281.2569,DronePosition,-110.3227,41.54771,-107.379,5.840861,CameraPosition,-103.1262,1.764429,-107.3756,CameraRotation,302.242,267.7292,354.1913,CurrentState,Approach2,Slider,52,Scenario,1
ID,8,Time,281.2713,DronePosition,-110.3225,41.46288,-107.379,5.9126,CameraPosition,-103.1262,1.76444,-107.3755,CameraRotation,302.2088,267.6942,354.201,CurrentState,Approach2,Slider,52,Scenario,1
ID,8,Time,281.2848,DronePosition,-110.3223,41.38187,-107.379,5.980328,CameraPosition,-103.1262,1.764453,-107.3755,CameraRotation,302.1983,267.6643,354.1936,CurrentState,Approach2,Slider,52,Scenario,1
ID,8,Time,281.2989,DronePosition,-110.3221,41.29646,-107.379,6.050908,CameraPosition,-103.1263,1.764434,-107.3754,CameraRotation,302.1973,267.6187,354.199,CurrentState,Approach2,Slider,52,Scenario,1
ID,8,Time,281.3129,DronePosition,-110.3219,41.21085,-107.379,6.120837,CameraPosition,-103.1263,1.764402,-107.3754,CameraRotation,302.1979,267.5816,354.2061,CurrentState,Approach2,Slider,52,Scenario,1
ID,8,Time,281.3264,DronePosition,-110.3217,41.12753,-107.379,6.188162,CameraPosition,-103.1264,1.764359,-107.3754,CameraRotation,302.1962,267.5355,354.2408,CurrentState,Approach2,Slider,52,Scenario,1
ID,8,Time,281.3409,DronePosition,-110.3214,41.03651,-107.379,6.260847,CameraPosition,-103.1265,1.764333,-107.3753,CameraRotation,302.213,267.4736,354.2977,CurrentState,Approach2,Slider,52,Scenario,1
ID,8,Time,281.3545,DronePosition,-110.3212,40.95027,-107.379,6.328984,CameraPosition,-103.1266,1.764338,-107.3752,CameraRotation,302.2469,267.4265,354.3415,CurrentState,Approach2,Slider,52,Scenario,1
ID,8,Time,281.3685,DronePosition,-110.321,40.86097,-107.379,6.39876,CameraPosition,-103.1267,1.764367,-107.3751,CameraRotation,302.2569,267.424,354.3257,CurrentState,Approach2,Slider,52,Scenario,1
ID,8,Time,281.3824,DronePosition,-110.3208,40.77096,-107.379,6.468335,CameraPosition,-103.1268,1.764403,-107.375,CameraRotation,302.261,267.4366,354.2672,CurrentState,Approach2,Slider,52,Scenario,1
ID,8,Time,281.3963,DronePosition,-110.3206,40.6804,-107.379,6.537599,CameraPosition,-103.1268,1.76443,-107.375,CameraRotation,302.2538,267.46,354.2087,CurrentState,Approach2,Slider,52,Scenario,1
ID,8,Time,281.4097,DronePosition,-110.3204,40.59134,-107.379,6.605021,CameraPosition,-103.127,1.764409,-107.3749,CameraRotation,302.2655,267.4429,354.1973,CurrentState,Approach2,Slider,52,Scenario,1
ID,8,Time,281.4242,DronePosition,-110.3201,40.49512,-107.379,6.677072,CameraPosition,-103.1271,1.764359,-107.3748,CameraRotation,302.3071,267.4166,354.2023,CurrentState,Approach2,Slider,52,Scenario,1
ID,8,Time,281.4382,DronePosition,-110.3199,40.40031,-107.379,6.74733,CameraPosition,-103.1273,1.764327,-107.3748,CameraRotation,302.3436,267.3944,354.1872,CurrentState,Approach2,Slider,52,Scenario,1
ID,8,Time,281.4521,DronePosition,-110.3197,40.30598,-107.379,6.816523,CameraPosition,-103.1274,1.764314,-107.3747,CameraRotation,302.3558,267.3766,354.1729,CurrentState,Approach2,Slider,52,Scenario,1
ID,8,Time,281.4663,DronePosition,-110.3194,40.20783,-107.379,6.887767,CameraPosition,-103.1275,1.764321,-107.3746,CameraRotation,302.3501,267.3777,354.1378,CurrentState,Approach2,Slider,52,Scenario,1
ID,8,Time,281.4797,DronePosition,-110.3192,40.11472,-107.379,6.95471,CameraPosition,-103.1276,1.764332,-107.3745,CameraRotation,302.3333,267.3735,354.1173,CurrentState,Approach2,Slider,52,Scenario,1
ID,8,Time,281.4936,DronePosition,-110.319,40.017,-107.379,7.024269,CameraPosition,-103.1277,1.764313,-107.3745,CameraRotation,302.3373,267.3422,354.127,CurrentState,Approach2,Slider,52,Scenario,1
ID,8,Time,281.5076,DronePosition,-110.3187,39.91785,-107.379,7.094148,CameraPosition,-103.1278,1.76427,-107.3745,CameraRotation,302.3515,267.3033,354.1499,CurrentState,Approach2,Slider,52,Scenario,1
ID,8,Time,281.5215,DronePosition,-110.3185,39.81799,-107.379,7.163849,CameraPosition,-103.128,1.764214,-107.3744,CameraRotation,302.3706,267.2597,354.169,CurrentState,Approach2,Slider,52,Scenario,1
ID,8,Time,281.5356,DronePosition,-110.3182,39.71566,-107.379,7.234571,CameraPosition,-103.1282,1.764182,-107.3744,CameraRotation,302.3746,267.2362,354.161,CurrentState,Approach2,Slider,52,Scenario,1
ID,8,Time,281.5493,DronePosition,-110.318,39.61575,-107.379,7.302973,CameraPosition,-103.1284,1.764199,-107.3744,CameraRotation,302.3708,267.2411,354.1202,CurrentState,Approach2,Slider,52,Scenario,1
ID,8,Time,281.5636,DronePosition,-110.3177,39.51042,-107.379,7.374391,CameraPosition,-103.1286,1.764234,-107.3744,CameraRotation,302.3472,267.2195,354.1233,CurrentState,Approach2,Slider,51,Scenario,1
ID,8,Time,281.5772,DronePosition,-110.3175,39.40901,-107.379,7.442522,CameraPosition,-103.1287,1.764272,-107.3744,CameraRotation,302.3276,267.1425,354.2094,CurrentState,Approach2,Slider,51,Scenario,1
ID,8,Time,281.591,DronePosition,-110.3172,39.30589,-107.379,7.511168,CameraPosition,-103.129,1.764295,-107.3744,CameraRotation,302.3379,267.0841,354.289,CurrentState,Approach2,Slider,51,Scenario,1
ID,8,Time,281.6053,DronePosition,-110.317,39.19727,-107.379,7.582786,CameraPosition,-103.1292,1.76427,-107.3743,CameraRotation,302.3347,267.0781,354.273,CurrentState,Approach2,Slider,51,Scenario,1
ID,8,Time,281.6188,DronePosition,-110.3167,39.09363,-107.379,7.650519,CameraPosition,-103.1294,1.764222,-107.3743,CameraRotation,302.3619,267.1262,354.1891,CurrentState,Approach2,Slider,51,Scenario,1
ID,8,Time,281.6328,DronePosition,-110.3165,38.98545,-107.379,7.720583,CameraPosition,-103.1296,1.764177,-107.3742,CameraRotation,302.3973,267.132,354.1547,CurrentState,Approach2,Slider,51,Scenario,1
ID,8,Time,281.6469,DronePosition,-110.3162,38.87581,-107.379,7.790946,CameraPosition,-103.1299,1.764147,-107.3742,CameraRotation,302.4297,267.1147,354.1651,CurrentState,Approach2,Slider,51,Scenario,1
ID,8,Time,281.6613,DronePosition,-110.3159,38.76311,-107.379,7.86261,CameraPosition,-103.1302,1.764146,-107.3742,CameraRotation,302.4475,267.0912,354.1877,CurrentState,Approach2,Slider,51,Scenario,1
ID,8,Time,281.6749,DronePosition,-110.3157,38.65522,-107.379,7.930632,CameraPosition,-103.1304,1.764153,-107.3741,CameraRotation,302.4489,267.0788,354.1865,CurrentState,Approach2,Slider,51,Scenario,1
ID,8,Time,281.689,DronePosition,-110.3154,38.54251,-107.379,8.001069,CameraPosition,-103.1306,1.76414,-107.374,CameraRotation,302.4527,267.101,354.142,CurrentState,Approach2,Slider,51,Scenario,1
ID,8,Time,281.7027,DronePosition,-110.3151,38.43147,-107.379,8.069868,CameraPosition,-103.131,1.764092,-107.374,CameraRotation,302.4636,267.152,354.0767,CurrentState,Approach2,Slider,51,Scenario,1
ID,8,Time,281.7164,DronePosition,-110.3149,38.3202,-107.379,8.13823,CameraPosition,-103.1313,1.76402,-107.3739,CameraRotation,302.5154,267.2065,353.996,CurrentState,Approach2,Slider,51,Scenario,1
ID,8,Time,281.7316,DronePosition,-110.3146,38.19542,-107.379,8.214185,CameraPosition,-103.1316,1.763949,-107.3738,CameraRotation,302.5617,267.2278,353.9425,CurrentState,Approach2,Slider,51,Scenario,1
ID,8,Time,281.7443,DronePosition,-110.3143,38.09053,-107.379,8.277544,CameraPosition,-103.1319,1.763933,-107.3738,CameraRotation,302.5818,267.2553,353.8913,CurrentState,Approach2,Slider,51,Scenario,1
ID,8,Time,281.759,DronePosition,-110.314,37.9672,-107.379,8.35138,CameraPosition,-103.1321,1.763934,-107.3737,CameraRotation,302.575,267.2543,353.8704,CurrentState,Approach2,Slider,51,Scenario,1
ID,8,Time,281.772,DronePosition,-110.3137,37.85754,-107.379,8.416527,CameraPosition,-103.1323,1.763954,-107.3736,CameraRotation,302.5326,267.2746,353.8353,CurrentState,Approach2,Slider,51,Scenario,1
ID,8,Time,281.7863,DronePosition,-110.3135,37.73698,-107.379,8.48755,CameraPosition,-103.1326,1.763942,-107.3736,CameraRotation,302.507,267.3055,353.7894,CurrentState,Approach2,Slider,51,Scenario,1
ID,8,Time,281.8001,DronePosition,-110.3132,37.61857,-107.379,8.556739,CameraPosition,-103.1328,1.763931,-107.3736,CameraRotation,302.5509,267.3047,353.7794,CurrentState,Approach2,Slider,51,Scenario,1
ID,8,Time,281.8138,DronePosition,-110.3129,37.50038,-107.379,8.625256,CameraPosition,-103.133,1.763872,-107.3736,CameraRotation,302.5652,267.2796,353.8031,CurrentState,Approach2,Slider,51,Scenario,1
ID,8,Time,281.828,DronePosition,-110.3126,37.37655,-107.379,8.696449,CameraPosition,-103.1334,1.76384,-107.3736,CameraRotation,302.5576,267.2875,353.7965,CurrentState,Approach2,Slider,51,Scenario,1
ID,8,Time,281.8419,DronePosition,-110.3123,37.25489,-107.379,8.765843,CameraPosition,-103.1336,1.763842,-107.3736,CameraRotation,302.5241,267.299,353.7827,CurrentState,Approach2,Slider,51,Scenario,1
ID,8,Time,281.8557,DronePosition,-110.312,37.13334,-107.379,8.834641,CameraPosition,-103.134,1.763875,-107.3735,CameraRotation,302.4817,267.3551,353.7334,CurrentState,Approach2,Slider,49,Scenario,1
ID,8,Time,281.87,DronePosition,-110.3117,37.00596,-107.379,8.90615,CameraPosition,-103.1343,1.763921,-107.3735,CameraRotation,302.4518,267.3976,353.695,CurrentState,Approach2,Slider,49,Scenario,1
ID,8,Time,281.8839,DronePosition,-110.3114,36.88074,-107.379,8.975905,CameraPosition,-103.1346,1.763944,-107.3736,CameraRotation,302.4597,267.4175,353.6719,CurrentState,Approach2,Slider,49,Scenario,1
ID,8,Time,281.8979,DronePosition,-110.3111,36.75401,-107.379,9.045955,CameraPosition,-103.135,1.763936,-107.3736,CameraRotation,302.5064,267.41,353.6544,CurrentState,Approach2,Slider,49,Scenario,1
ID,8,Time,281.9114,DronePosition,-110.3108,36.63087,-107.379,9.11351,CameraPosition,-103.1354,1.763897,-107.3737,CameraRotation,302.5566,267.4297,353.65,CurrentState,Approach2,Slider,49,Scenario,1
ID,8,Time,281.9252,DronePosition,-110.3105,36.50438,-107.379,9.182389,CameraPosition,-103.1358,1.763844,-107.3737,CameraRotation,302.6191,267.4307,353.6619,CurrentState,Approach2,Slider,49,Scenario,1
ID,8,Time,281.9392,DronePosition,-110.3102,36.37501,-107.379,9.252303,CameraPosition,-103.1362,1.763824,-107.3738,CameraRotation,302.6595,267.4474,353.6683,CurrentState,Approach2,Slider,49,Scenario,1
ID,8,Time,281.9531,DronePosition,-110.3098,36.24521,-107.379,9.321921,CameraPosition,-103.1366,1.76384,-107.3739,CameraRotation,302.6601,267.4875,353.6455,CurrentState,Approach2,Slider,49,Scenario,1
ID,8,Time,281.9673,DronePosition,-110.3095,36.11165,-107.379,9.393019,CameraPosition,-103.137,1.763868,-107.374,CameraRotation,302.6479,267.5257,353.6294,CurrentState,Approach2,Slider,49,Scenario,1
ID,8,Time,281.9811,DronePosition,-110.3092,35.98133,-107.379,9.461884,CameraPosition,-103.1374,1.763881,-107.3741,CameraRotation,302.6547,267.5519,353.6296,CurrentState,Approach2,Slider,49,Scenario,1
ID,8,Time,281.9947,DronePosition,-110.3089,35.85157,-107.379,9.529963,CameraPosition,-103.1379,1.763864,-107.3742,CameraRotation,302.7008,267.5764,353.6203,CurrentState,Approach2,Slider,49,Scenario,1
ID,8,Time,282.0089,DronePosition,-110.3086,35.71573,-107.379,9.60071,CameraPosition,-103.1384,1.763824,-107.3743,CameraRotation,302.7717,267.586,353.6243,CurrentState,Approach2,Slider,49,Scenario,1
ID,8,Time,282.0236,DronePosition,-110.3082,35.57382,-107.379,9.674055,CameraPosition,-103.139,1.763786,-107.3745,CameraRotation,302.8583,267.6168,353.6139,CurrentState,Approach2,Slider,49,Scenario,1
ID,8,Time,282.0368,DronePosition,-110.3079,35.44447,-107.379,9.740455,CameraPosition,-103.1395,1.763757,-107.3746,CameraRotation,302.9178,267.6233,353.6388,CurrentState,Approach2,Slider,49,Scenario,1
ID,8,Time,282.0509,DronePosition,-110.3076,35.30619,-107.379,9.810926,CameraPosition,-103.14,1.763781,-107.3747,CameraRotation,302.9463,267.6674,353.6253,CurrentState,Approach2,Slider,49,Scenario,1
ID,8,Time,282.0647,DronePosition,-110.3072,35.17005,-107.379,9.879823,CameraPosition,-103.1405,1.763844,-107.3749,CameraRotation,302.9547,267.725,353.6236,CurrentState,Approach2,Slider,47,Scenario,1
ID,8,Time,282.0789,DronePosition,-110.3069,35.02816,-107.379,9.951119,CameraPosition,-103.141,1.76388,-107.3751,CameraRotation,302.9674,267.769,353.6187,CurrentState,Approach2,Slider,47,Scenario,1
ID,8,Time,282.0923,DronePosition,-110.3066,34.89418,-107.379,10.01799,CameraPosition,-103.1416,1.763874,-107.3753,CameraRotation,303.02,267.8042,353.6273,CurrentState,Approach2,Slider,47,Scenario,1
ID,8,Time,282.1064,DronePosition,-110.3062,34.75174,-107.379,10.08858,CameraPosition,-103.1422,1.76387,-107.3756,CameraRotation,303.0968,267.8106,353.6658,CurrentState,Approach2,Slider,47,Scenario,1
ID,8,Time,282.12,DronePosition,-110.3059,34.61382,-107.379,10.15648,CameraPosition,-103.1427,1.763894,-107.3759,CameraRotation,303.1776,267.826,353.6938,CurrentState,Approach2,Slider,47,Scenario,1
ID,8,Time,282.1362,DronePosition,-110.3055,34.44833,-107.379,10.23731,CameraPosition,-103.1433,1.763946,-107.3762,CameraRotation,303.2279,267.8728,353.7074,CurrentState,Approach2,Slider,47,Scenario,1
ID,8,Time,282.1485,DronePosition,-110.3052,34.32162,-107.379,10.29882,CameraPosition,-103.1439,1.764028,-107.3765,CameraRotation,303.2501,267.9228,353.7256,CurrentState,Approach2,Slider,47,Scenario,1
ID,8,Time,282.162,DronePosition,-110.3048,34.18156,-107.379,10.36638,CameraPosition,-103.1445,1.764107,-107.3768,CameraRotation,303.277,267.954,353.7587,CurrentState,Approach2,Slider,47,Scenario,1
ID,8,Time,282.1763,DronePosition,-110.3045,34.03216,-107.379,10.43794,CameraPosition,-103.1451,1.764169,-107.3771,CameraRotation,303.3274,267.9668,353.8102,CurrentState,Approach2,Slider,47,Scenario,1
ID,8,Time,282.1901,DronePosition,-110.3041,33.88754,-107.379,10.50677,CameraPosition,-103.1458,1.764219,-107.3775,CameraRotation,303.3879,268.0045,353.8408,CurrentState,Approach2,Slider,47,Scenario,1
ID,8,Time,282.2039,DronePosition,-110.3038,33.74158,-107.379,10.57577,CameraPosition,-103.1465,1.764248,-107.3779,CameraRotation,303.4859,268.0318,353.8698,CurrentState,Approach2,Slider,47,Scenario,1
ID,8,Time,282.218,DronePosition,-110.3034,33.59143,-107.379,10.64629,CameraPosition,-103.1472,1.764259,-107.3783,CameraRotation,303.5862,268.0756,353.8834,CurrentState,Approach2,Slider,47,Scenario,1
ID,8,Time,282.2318,DronePosition,-110.3031,33.44341,-107.379,10.71536,CameraPosition,-103.1479,1.764304,-107.3787,CameraRotation,303.6629,268.1088,353.8961,CurrentState,Approach2,Slider,47,Scenario,1
ID,8,Time,282.2477,DronePosition,-110.3027,33.27245,-107.379,10.79455,CameraPosition,-103.1486,1.764383,-107.3792,CameraRotation,303.7307,268.0961,353.9883,CurrentState,Approach2,Slider,47,Scenario,1
ID,8,Time,282.2598,DronePosition,-110.3023,33.14074,-107.379,10.85522,CameraPosition,-103.1492,1.764466,-107.3797,CameraRotation,303.796,268.0353,354.146,CurrentState,Approach2,Slider,46,Scenario,1
ID,8,Time,282.2736,DronePosition,-110.302,32.98995,-107.379,10.92423,CameraPosition,-103.1499,1.764536,-107.3802,CameraRotation,303.8529,268.0012,354.2484,CurrentState,Approach2,Slider,46,Scenario,1
ID,8,Time,282.2881,DronePosition,-110.3016,32.82987,-107.379,10.99701,CameraPosition,-103.1505,1.764587,-107.3808,CameraRotation,303.916,268.0228,354.2582,CurrentState,Approach2,Slider,46,Scenario,1
ID,8,Time,282.3018,DronePosition,-110.3012,32.6784,-107.379,11.06546,CameraPosition,-103.1512,1.764615,-107.3813,CameraRotation,303.9946,268.0499,354.2492,CurrentState,Approach2,Slider,46,Scenario,1
ID,8,Time,282.3156,DronePosition,-110.3008,32.52576,-107.379,11.1,CameraPosition,-103.152,1.764653,-107.3818,CameraRotation,304.0832,268.0365,354.3202,CurrentState,Approach2,Slider,46,Scenario,1
ID,8,Time,282.3293,DronePosition,-110.3005,32.37354,-107.379,11.1,CameraPosition,-103.1527,1.764716,-107.3824,CameraRotation,304.1502,268.001,354.4239,CurrentState,Approach2,Slider,46,Scenario,1
ID,8,Time,282.343,DronePosition,-110.3001,32.22082,-107.379,11.1,CameraPosition,-103.1534,1.764821,-107.383,CameraRotation,304.2245,267.9538,354.5274,CurrentState,Approach2,Slider,46,Scenario,1
ID,8,Time,282.3577,DronePosition,-110.2997,32.05789,-107.379,11.1,CameraPosition,-103.1541,1.764918,-107.3836,CameraRotation,304.3023,267.9188,354.6005,CurrentState,Approach2,Slider,46,Scenario,1
ID,8,Time,282.3734,DronePosition,-110.2993,31.88401,-107.379,11.1,CameraPosition,-103.1548,1.764975,-107.3842,CameraRotation,304.4009,267.8823,354.669,CurrentState,Approach2,Slider,46,Scenario,1
ID,8,Time,282.3854,DronePosition,-110.299,31.75043,-107.379,11.1,CameraPosition,-103.1556,1.764999,-107.3848,CameraRotation,304.4987,267.8428,354.742,CurrentState,Approach2,Slider,46,Scenario,1
ID,8,Time,282.399,DronePosition,-110.2986,31.60002,-107.379,11.1,CameraPosition,-103.1563,1.765021,-107.3854,CameraRotation,304.5808,267.7822,354.8438,CurrentState,Approach2,Slider,46,Scenario,1
ID,8,Time,282.4131,DronePosition,-110.2982,31.44325,-107.379,11.1,CameraPosition,-103.157,1.765049,-107.386,CameraRotation,304.6498,267.7451,354.9128,CurrentState,Approach2,Slider,46,Scenario,1
ID,8,Time,282.4268,DronePosition,-110.2979,31.29178,-107.379,11.1,CameraPosition,-103.1577,1.765083,-107.3867,CameraRotation,304.7433,267.6898,355.0026,CurrentState,Approach2,Slider,46,Scenario,1
ID,8,Time,282.4406,DronePosition,-110.2975,31.13781,-107.379,11.1,CameraPosition,-103.1584,1.76512,-107.3873,CameraRotation,304.8447,267.6355,355.1019,CurrentState,Approach2,Slider,46,Scenario,1
ID,8,Time,282.4546,DronePosition,-110.2971,30.98311,-107.379,11.1,CameraPosition,-103.1591,1.765152,-107.3879,CameraRotation,304.9477,267.6033,355.187,CurrentState,Approach2,Slider,46,Scenario,1
ID,8,Time,282.4684,DronePosition,-110.2967,30.82898,-107.379,11.1,CameraPosition,-103.1597,1.765176,-107.3885,CameraRotation,305.0494,267.5793,355.2633,CurrentState,Approach2,Slider,45,Scenario,1
ID,8,Time,282.4829,DronePosition,-110.2963,30.66863,-107.379,11.1,CameraPosition,-103.1604,1.765249,-107.3891,CameraRotation,305.1279,267.5938,355.3073,CurrentState,Approach2,Slider,45,Scenario,1
ID,8,Time,282.4977,DronePosition,-110.296,30.50404,-107.379,11.1,CameraPosition,-103.161,1.765314,-107.3898,CameraRotation,305.1656,267.6143,355.3293,CurrentState,Approach2,Slider,45,Scenario,1
ID,8,Time,282.51,DronePosition,-110.2956,30.36778,-107.379,11.1,CameraPosition,-103.1616,1.765369,-107.3904,CameraRotation,305.1906,267.6262,355.342,CurrentState,Approach2,Slider,45,Scenario,1
ID,8,Time,282.5244,DronePosition,-110.2952,30.20814,-107.379,11.1,CameraPosition,-103.1622,1.765394,-107.3911,CameraRotation,305.2564,267.603,355.3953,CurrentState,Approach2,Slider,45,Scenario,1
ID,8,Time,282.5381,DronePosition,-110.2949,30.05587,-107.379,11.1,CameraPosition,-103.1628,1.765402,-107.3918,CameraRotation,305.3497,267.5818,355.4539,CurrentState,Approach2,Slider,45,Scenario,1
ID,8,Time,282.5519,DronePosition,-110.2945,29.90236,-107.379,11.1,CameraPosition,-103.1634,1.765368,-107.3924,CameraRotation,305.4637,267.5368,355.5338,CurrentState,Approach2,Slider,45,Scenario,1
ID,8,Time,282.5657,DronePosition,-110.2941,29.74964,-107.379,11.1,CameraPosition,-103.164,1.765345,-107.3931,CameraRotation,305.5775,267.4952,355.5848,CurrentState,Approach2,Slider,45,Scenario,1
ID,8,Time,282.5798,DronePosition,-110.2937,29.59251,-107.379,11.1,CameraPosition,-103.1646,1.765371,-107.3938,CameraRotation,305.676,267.45,355.6589,CurrentState,Approach2,Slider,45,Scenario,1
ID,8,Time,282.5938,DronePosition,-110.2934,29.438,-107.379,11.1,CameraPosition,-103.1651,1.765455,-107.3945,CameraRotation,305.7623,267.4023,355.7553,CurrentState,Approach2,Slider,45,Scenario,1
ID,8,Time,282.6099,DronePosition,-110.2929,29.25863,-107.379,11.1,CameraPosition,-103.1656,1.765551,-107.3952,CameraRotation,305.8505,267.3576,355.8252,CurrentState,Approach2,Slider,45,Scenario,1
ID,8,Time,282.6216,DronePosition,-110.2926,29.12857,-107.379,11.1,CameraPosition,-103.166,1.765594,-107.3958,CameraRotation,305.9734,267.3326,355.8672,CurrentState,Approach2,Slider,45,Scenario,1
ID,8,Time,282.6351,DronePosition,-110.2923,28.97878,-107.379,11.1,CameraPosition,-103.1664,1.765595,-107.3965,CameraRotation,306.1143,267.338,355.8658,CurrentState,Approach2,Slider,45,Scenario,1
ID,8,Time,282.6495,DronePosition,-110.2919,28.81911,-107.379,11.1,CameraPosition,-103.1668,1.765539,-107.3972,CameraRotation,306.2522,267.3471,355.8678,CurrentState,Approach2,Slider,45,Scenario,1
ID,8,Time,282.6632,DronePosition,-110.2915,28.66754,-107.379,11.1,CameraPosition,-103.1671,1.76549,-107.3978,CameraRotation,306.3478,267.37,355.8858,CurrentState,Approach2,Slider,45,Scenario,1
ID,8,Time,282.6768,DronePosition,-110.2911,28.51682,-107.379,11.1,CameraPosition,-103.1673,1.765484,-107.3985,CameraRotation,306.4057,267.4188,355.8934,CurrentState,Approach2,Slider,45,Scenario,1
ID,8,Time,282.6914,DronePosition,-110.2907,28.35453,-107.379,11.1,CameraPosition,-103.1674,1.765465,-107.3992,CameraRotation,306.4026,267.4699,355.8889,CurrentState,Approach2,Slider,45,Scenario,1
ID,8,Time,282.7055,DronePosition,-110.2904,28.19729,-107.379,11.1,CameraPosition,-103.1676,1.765416,-107.3999,CameraRotation,306.4099,267.5181,355.8923,CurrentState,Approach2,Slider,45,Scenario,1
ID,8,Time,282.7195,DronePosition,-110.29,28.04285,-107.379,11.1,CameraPosition,-103.1677,1.765346,-107.4006,CameraRotation,306.4184,267.5543,355.9046,CurrentState,Approach2,Slider,45,Scenario,1
ID,8,Time,282.7338,DronePosition,-110.2896,27.88355,-107.379,11.1,CameraPosition,-103.1678,1.76526,-107.4013,CameraRotation,306.4554,267.5878,355.9473,CurrentState,Approach2,Slider,45,Scenario,1
ID,8,Time,282.747,DronePosition,-110.2892,27.73676,-107.379,11.1,CameraPosition,-103.1679,1.76519,-107.4021,CameraRotation,306.4882,267.6045,356.0072,CurrentState,Approach2,Slider,45,Scenario,1
ID,8,Time,282.7609,DronePosition,-110.2889,27.58231,-107.379,11.1,CameraPosition,-103.1679,1.765148,-107.4029,CameraRotation,306.5342,267.6356,356.0333,CurrentState,Approach2,Slider,44,Scenario,1
ID,8,Time,282.7748,DronePosition,-110.2885,27.42797,-107.379,11.1,CameraPosition,-103.1679,1.76512,-107.4036,CameraRotation,306.5674,267.671,356.0525,CurrentState,Approach2,Slider,44,Scenario,1
ID,8,Time,282.7888,DronePosition,-110.2881,27.27268,-107.379,11.1,CameraPosition,-103.1678,1.765105,-107.4044,CameraRotation,306.5854,267.6912,356.0858,CurrentState,Approach2,Slider,44,Scenario,1
ID,8,Time,282.8028,DronePosition,-110.2877,27.11819,-107.379,11.1,CameraPosition,-103.1677,1.765086,-107.4053,CameraRotation,306.6075,267.6834,356.156,CurrentState,Approach2,Slider,44,Scenario,1
ID,8,Time,282.8168,DronePosition,-110.2874,26.96173,-107.379,11.1,CameraPosition,-103.1676,1.765052,-107.4061,CameraRotation,306.6342,267.6588,356.2408,CurrentState,Approach2,Slider,44,Scenario,1
ID,8,Time,282.8306,DronePosition,-110.287,26.80871,-107.379,11.1,CameraPosition,-103.1674,1.765037,-107.407,CameraRotation,306.6574,267.644,356.3166,CurrentState,Approach2,Slider,44,Scenario,1
ID,8,Time,282.8517,DronePosition,-110.2864,26.57426,-107.379,11.1,CameraPosition,-103.1673,1.765003,-107.408,CameraRotation,306.6695,267.6414,356.3732,CurrentState,Approach2,Slider,44,Scenario,1
ID,8,Time,282.8745,DronePosition,-110.2858,26.32226,-107.379,11.1,CameraPosition,-103.1668,1.76488,-107.4098,CameraRotation,306.6694,267.6177,356.489,CurrentState,Approach2,Slider,44,Scenario,1
ID,8,Time,282.8881,DronePosition,-110.2854,26.17125,-107.379,11.1,CameraPosition,-103.1666,1.764837,-107.4108,CameraRotation,306.6449,267.5981,356.5605,CurrentState,Approach2,Slider,44,Scenario,1
ID,8,Time,282.9017,DronePosition,-110.2851,26.01984,-107.379,11.1,CameraPosition,-103.1664,1.764804,-107.4117,CameraRotation,306.621,267.5688,356.6331,CurrentState,Approach2,Slider,44,Scenario,1
ID,8,Time,282.9158,DronePosition,-110.2847,25.86302,-107.379,11.1,CameraPosition,-103.1663,1.764749,-107.4127,CameraRotation,306.6064,267.5226,356.7231,CurrentState,Approach2,Slider,44,Scenario,1
ID,8,Time,282.9294,DronePosition,-110.2843,25.712,-107.379,11.1,CameraPosition,-103.1662,1.764688,-107.4138,CameraRotation,306.6405,267.4743,356.8184,CurrentState,Approach2,Slider,44,Scenario,1
ID,8,Time,282.9424,DronePosition,-110.284,25.5677,-107.379,11.1,CameraPosition,-103.166,1.764639,-107.4148,CameraRotation,306.684,267.4162,356.8947,CurrentState,Approach2,Slider,44,Scenario,1
ID,8,Time,282.9565,DronePosition,-110.2836,25.41138,-107.379,11.1,CameraPosition,-103.1658,1.764622,-107.4158,CameraRotation,306.6916,267.4073,356.9097,CurrentState,Approach2,Slider,44,Scenario,1
ID,8,Time,282.9705,DronePosition,-110.2832,25.25664,-107.379,11.1,CameraPosition,-103.1655,1.764638,-107.4169,CameraRotation,306.686,267.3796,356.9382,CurrentState,Approach2,Slider,44,Scenario,1
ID,8,Time,282.9843,DronePosition,-110.2829,25.10342,-107.379,11.1,CameraPosition,-103.1652,1.764715,-107.418,CameraRotation,306.6897,267.3166,357.0308,CurrentState,Approach2,Slider,44,Scenario,1
ID,8,Time,282.9977,DronePosition,-110.2825,24.95473,-107.379,11.1,CameraPosition,-103.1649,1.76476,-107.4191,CameraRotation,306.7066,267.236,357.1441,CurrentState,Approach2,Slider,44,Scenario,1
ID,8,Time,283.0114,DronePosition,-110.2821,24.80173,-107.379,11.1,CameraPosition,-103.1645,1.764764,-107.4203,CameraRotation,306.7586,267.1518,357.2381,CurrentState,Approach2,Slider,44,Scenario,1
ID,8,Time,283.0252,DronePosition,-110.2817,24.64886,-107.379,11.1,CameraPosition,-103.1643,1.764696,-107.4214,CameraRotation,306.8249,267.0748,357.3171,CurrentState,Approach2,Slider,44,Scenario,1
ID,8,Time,283.0391,DronePosition,-110.2814,24.49466,-107.379,11.1,CameraPosition,-103.1641,1.764629,-107.4226,CameraRotation,306.8847,266.9882,357.4055,CurrentState,Approach2,Slider,44,Scenario,1
ID,8,Time,283.0531,DronePosition,-110.281,24.33895,-107.379,11.1,CameraPosition,-103.1638,1.764584,-107.4238,CameraRotation,306.9153,266.9166,357.4793,CurrentState,Approach2,Slider,44,Scenario,1
ID,8,Time,283.0673,DronePosition,-110.2806,24.18161,-107.379,11.1,CameraPosition,-103.1636,1.764546,-107.425,CameraRotation,306.9297,266.8204,357.5699,CurrentState,Approach2,Slider,44,Scenario,1
ID,8,Time,283.0811,DronePosition,-110.2802,24.02876,-107.379,11.1,CameraPosition,-103.1634,1.764526,-107.4263,CameraRotation,306.9453,266.7119,357.6745,CurrentState,Approach2,Slider,44,Scenario,1
ID,8,Time,283.0958,DronePosition,-110.2798,23.86545,-107.379,11.1,CameraPosition,-103.1632,1.764502,-107.4275,CameraRotation,306.9575,266.6182,357.7671,CurrentState,Approach2,Slider,44,Scenario,1
ID,8,Time,283.1091,DronePosition,-110.2795,23.71732,-107.379,11.1,CameraPosition,-103.1629,1.76447,-107.4288,CameraRotation,307.0212,266.5178,357.8578,CurrentState,Approach2,Slider,44,Scenario,1
ID,8,Time,283.1236,DronePosition,-110.2791,23.55699,-107.379,11.1,CameraPosition,-103.1627,1.764396,-107.43,CameraRotation,307.0986,266.4078,357.9716,CurrentState,Approach2,Slider,44,Scenario,1
ID,8,Time,283.1372,DronePosition,-110.2787,23.40619,-107.379,11.1,CameraPosition,-103.1625,1.764324,-107.4314,CameraRotation,307.2327,266.2511,358.1213,CurrentState,Approach2,Slider,44,Scenario,1
ID,8,Time,283.1509,DronePosition,-110.2784,23.25315,-107.379,11.1,CameraPosition,-103.1623,1.764305,-107.4326,CameraRotation,307.3859,266.0706,358.3028,CurrentState,Approach2,Slider,44,Scenario,1
ID,8,Time,283.1649,DronePosition,-110.278,23.09848,-107.379,11.1,CameraPosition,-103.1621,1.764313,-107.4339,CameraRotation,307.4906,265.9293,358.4414,CurrentState,Approach2,Slider,44,Scenario,1
ID,8,Time,283.1787,DronePosition,-110.2776,22.9449,-107.379,11.1,CameraPosition,-103.162,1.76431,-107.4353,CameraRotation,307.5742,265.7975,358.5458,CurrentState,Approach2,Slider,44,Scenario,1
ID,8,Time,283.1924,DronePosition,-110.2772,22.79361,-107.379,11.1,CameraPosition,-103.1618,1.764328,-107.4366,CameraRotation,307.6684,265.6762,358.6295,CurrentState,Approach2,Slider,44,Scenario,1
ID,8,Time,283.2061,DronePosition,-110.2769,22.6415,-107.379,11.1,CameraPosition,-103.1617,1.764351,-107.4379,CameraRotation,307.7951,265.5422,358.7438,CurrentState,Approach2,Slider,44,Scenario,1
ID,8,Time,283.2202,DronePosition,-110.2765,22.48485,-107.379,11.1,CameraPosition,-103.1617,1.764355,-107.4392,CameraRotation,307.9367,265.3922,358.8816,CurrentState,Approach2,Slider,44,Scenario,1
ID,8,Time,283.2341,DronePosition,-110.2761,22.32986,-107.379,11.1,CameraPosition,-103.1617,1.764329,-107.4406,CameraRotation,308.1066,265.265,359.0028,CurrentState,Approach2,Slider,44,Scenario,1
ID,8,Time,283.248,DronePosition,-110.2757,22.17651,-107.379,11.1,CameraPosition,-103.1618,1.764268,-107.442,CameraRotation,308.3177,265.1278,359.1343,CurrentState,Approach2,Slider,44,Scenario,1
ID,8,Time,283.262,DronePosition,-110.2754,22.02098,-107.379,11.1,CameraPosition,-103.1619,1.764193,-107.4433,CameraRotation,308.5372,264.9969,359.2733,CurrentState,Approach2,Slider,44,Scenario,1
ID,8,Time,283.2763,DronePosition,-110.275,21.86165,-107.379,11.1,CameraPosition,-103.1619,1.764163,-107.4446,CameraRotation,308.7214,264.8884,359.3965,CurrentState,Approach2,Slider,44,Scenario,1
ID,8,Time,283.2908,DronePosition,-110.2746,21.70132,-107.379,11.1,CameraPosition,-103.1619,1.764168,-107.4459,CameraRotation,308.8631,264.7646,359.5141,CurrentState,Approach2,Slider,44,Scenario,1
ID,8,Time,283.304,DronePosition,-110.2742,21.55408,-107.379,11.1,CameraPosition,-103.1619,1.764243,-107.4473,CameraRotation,308.9789,264.6603,359.6171,CurrentState,Approach2,Slider,44,Scenario,1
ID,8,Time,283.318,DronePosition,-110.2739,21.39952,-107.379,11.1,CameraPosition,-103.1618,1.764352,-107.4486,CameraRotation,309.0614,264.5765,359.7442,CurrentState,Approach2,Slider,44,Scenario,1
ID,8,Time,283.3322,DronePosition,-110.2735,21.24151,-107.379,11.1,CameraPosition,-103.1617,1.764458,-107.4498,CameraRotation,309.1569,264.489,359.9018,CurrentState,Approach2,Slider,44,Scenario,1
ID,8,Time,283.346,DronePosition,-110.2731,21.08797,-107.379,11.1,CameraPosition,-103.1616,1.764537,-107.4511,CameraRotation,309.2527,264.397,0.05470166,CurrentState,Approach2,Slider,44,Scenario,1
ID,8,Time,283.3606,DronePosition,-110.2727,20.92583,-107.379,11.1,CameraPosition,-103.1615,1.764563,-107.4523,CameraRotation,309.3641,264.3073,0.2043931,CurrentState,Approach2,Slider,44,Scenario,1
ID,8,Time,283.3738,DronePosition,-110.2724,20.77958,-107.379,11.1,CameraPosition,-103.1614,1.764528,-107.4534,CameraRotation,309.4921,264.2093,0.348905,CurrentState,Approach2,Slider,44,Scenario,1
ID,8,Time,283.3878,DronePosition,-110.272,20.62456,-107.379,11.1,CameraPosition,-103.1613,1.764453,-107.4545,CameraRotation,309.6377,264.1434,0.4524039,CurrentState,Approach2,Slider,44,Scenario,1
ID,8,Time,283.4012,DronePosition,-110.2716,20.4758,-107.379,11.1,CameraPosition,-103.1612,1.764387,-107.4556,CameraRotation,309.7819,264.1136,0.5148406,CurrentState,Approach2,Slider,44,Scenario,1
ID,8,Time,283.4156,DronePosition,-110.2712,20.31494,-107.379,11.1,CameraPosition,-103.1611,1.764324,-107.4567,CameraRotation,309.8964,264.0841,0.5746668,CurrentState,Approach2,Slider,44,Scenario,1
ID,8,Time,283.4293,DronePosition,-110.2709,20.16327,-107.379,11.1,CameraPosition,-103.1609,1.764308,-107.4576,CameraRotation,309.9915,264.0697,0.6069902,CurrentState,Approach2,Slider,44,Scenario,1
ID,8,Time,283.444,DronePosition,-110.2705,20.00074,-107.379,11.1,CameraPosition,-103.1607,1.764324,-107.4586,CameraRotation,310.0676,264.0591,0.6193108,CurrentState,Approach2,Slider,44,Scenario,1
ID,8,Time,283.4571,DronePosition,-110.2701,19.85472,-107.379,11.1,CameraPosition,-103.1605,1.764357,-107.4596,CameraRotation,310.1323,264.045,0.6355134,CurrentState,Approach2,Slider,44,Scenario,1
ID,8,Time,283.4713,DronePosition,-110.2698,19.69758,-107.379,11.1,CameraPosition,-103.1603,1.764363,-107.4605,CameraRotation,310.2168,264.0158,0.6664401,CurrentState,Approach2,Slider,44,Scenario,1
ID,8,Time,283.4853,DronePosition,-110.2694,19.54252,-107.379,11.1,CameraPosition,-103.1601,1.764326,-107.4615,CameraRotation,310.3597,263.9778,0.7227442,CurrentState,Approach2,Slider,44,Scenario,1
ID,8,Time,283.499,DronePosition,-110.269,19.38948,-107.379,11.1,CameraPosition,-103.16,1.76423,-107.4624,CameraRotation,310.5218,263.935,0.7868832,CurrentState,Approach2,Slider,44,Scenario,1
ID,8,Time,283.5133,DronePosition,-110.2686,19.23078,-107.379,11.1,CameraPosition,-103.1598,1.764104,-107.4632,CameraRotation,310.6925,263.9049,0.8324261,CurrentState,Approach2,Slider,44,Scenario,1
ID,8,Time,283.527,DronePosition,-110.2683,19.07869,-107.379,11.1,CameraPosition,-103.1597,1.763981,-107.4641,CameraRotation,310.8564,263.8891,0.8631316,CurrentState,Approach2,Slider,44,Scenario,1
ID,8,Time,283.541,DronePosition,-110.2679,18.92324,-107.379,11.1,CameraPosition,-103.1597,1.763919,-107.4649,CameraRotation,311.028,263.8842,0.8585673,CurrentState,Approach2,Slider,44,Scenario,1
ID,8,Time,283.5549,DronePosition,-110.2675,18.76996,-107.379,11.03052,CameraPosition,-103.1596,1.763918,-107.4657,CameraRotation,311.1469,263.8663,0.8800388,CurrentState,Approach2,Slider,44,Scenario,1
ID,8,Time,283.5691,DronePosition,-110.2671,18.61493,-107.379,10.95979,CameraPosition,-103.1596,1.763961,-107.4665,CameraRotation,311.2516,263.8264,0.9529877,CurrentState,Approach2,Slider,44,Scenario,1
ID,8,Time,283.5824,DronePosition,-110.2668,18.46956,-107.379,10.89307,CameraPosition,-103.1595,1.764029,-107.4673,CameraRotation,311.3542,263.7936,1.063305,CurrentState,Approach2,Slider,44,Scenario,1
ID,8,Time,283.5966,DronePosition,-110.2664,18.31627,-107.379,10.82225,CameraPosition,-103.1594,1.764087,-107.468,CameraRotation,311.4498,263.7573,1.177028,CurrentState,Approach2,Slider,44,Scenario,1
ID,8,Time,283.6101,DronePosition,-110.2661,18.17113,-107.379,10.75477,CameraPosition,-103.1593,1.764128,-107.4687,CameraRotation,311.5534,263.7261,1.274686,CurrentState,Approach2,Slider,44,Scenario,1
ID,8,Time,283.6242,DronePosition,-110.2657,18.02002,-107.379,10.68405,CameraPosition,-103.1592,1.764177,-107.4695,CameraRotation,311.6486,263.7229,1.34976,CurrentState,Approach2,Slider,44,Scenario,1
ID,8,Time,283.6381,DronePosition,-110.2653,17.87269,-107.379,10.61465,CameraPosition,-103.159,1.76422,-107.4702,CameraRotation,311.7581,263.7377,1.392087,CurrentState,Approach2,Slider,44,Scenario,1
ID,8,Time,283.6521,DronePosition,-110.265,17.72552,-107.379,10.54487,CameraPosition,-103.1589,1.76421,-107.4708,CameraRotation,311.8603,263.7285,1.466259,CurrentState,Approach2,Slider,44,Scenario,1
ID,8,Time,283.6661,DronePosition,-110.2646,17.57835,-107.379,10.47462,CameraPosition,-103.1588,1.764156,-107.4714,CameraRotation,312.0125,263.7122,1.570815,CurrentState,Approach2,Slider,44,Scenario,1
ID,8,Time,283.68,DronePosition,-110.2643,17.43387,-107.379,10.40519,CameraPosition,-103.1587,1.764058,-107.472,CameraRotation,312.1817,263.6742,1.696792,CurrentState,Approach2,Slider,44,Scenario,1
ID,8,Time,283.6934,DronePosition,-110.2639,17.29548,-107.379,10.33826,CameraPosition,-103.1586,1.76393,-107.4725,CameraRotation,312.3767,263.6692,1.777144,CurrentState,Approach2,Slider,44,Scenario,1
ID,8,Time,283.7079,DronePosition,-110.2636,17.14709,-107.379,10.26599,CameraPosition,-103.1587,1.763767,-107.473,CameraRotation,312.573,263.6725,1.832834,CurrentState,Approach2,Slider,44,Scenario,1
ID,8,Time,283.7217,DronePosition,-110.2632,17.00549,-107.379,10.19655,CameraPosition,-103.1587,1.763591,-107.4734,CameraRotation,312.7777,263.7033,1.83164,CurrentState,Approach2,Slider,44,Scenario,1
ID,8,Time,283.7358,DronePosition,-110.2629,16.86327,-107.379,10.12633,CameraPosition,-103.1587,1.7634,-107.4738,CameraRotation,312.9743,263.7579,1.797006,CurrentState,Approach2,Slider,44,Scenario,1
ID,8,Time,283.7497,DronePosition,-110.2626,16.72313,-107.379,10.05665,CameraPosition,-103.1587,1.763215,-107.4741,CameraRotation,313.1875,263.8268,1.740016,CurrentState,Approach2,Slider,44,Scenario,1
ID,8,Time,283.7632,DronePosition,-110.2622,16.58835,-107.379,9.989186,CameraPosition,-103.1587,1.76307,-107.4744,CameraRotation,313.4074,263.9016,1.687281,CurrentState,Approach2,Slider,44,Scenario,1
ID,8,Time,283.7771,DronePosition,-110.2619,16.4503,-107.379,9.919603,CameraPosition,-103.1587,1.762951,-107.4747,CameraRotation,313.6215,263.9507,1.645818,CurrentState,Approach2,Slider,44,Scenario,1
ID,8,Time,283.7912,DronePosition,-110.2616,16.31135,-107.379,9.849062,CameraPosition,-103.1586,1.762841,-107.475,CameraRotation,313.8459,263.9818,1.638909,CurrentState,Approach2,Slider,44,Scenario,1
ID,8,Time,283.805,DronePosition,-110.2612,16.17663,-107.379,9.78019,CameraPosition,-103.1586,1.762716,-107.4752,CameraRotation,314.071,264.0049,1.65259,CurrentState,Approach2,Slider,44,Scenario,1
ID,8,Time,283.8192,DronePosition,-110.2609,16.03847,-107.379,9.709041,CameraPosition,-103.1586,1.76256,-107.4754,CameraRotation,314.3016,264.0499,1.655972,CurrentState,Approach2,Slider,44,Scenario,1
ID,8,Time,283.8325,DronePosition,-110.2606,15.91097,-107.379,9.642929,CameraPosition,-103.1587,1.762412,-107.4756,CameraRotation,314.537,264.1337,1.601124,CurrentState,Approach2,Slider,44,Scenario,1
ID,8,Time,283.8472,DronePosition,-110.2602,15.7697,-107.379,9.569114,CameraPosition,-103.1587,1.762279,-107.4757,CameraRotation,314.7447,264.2463,1.518232,CurrentState,Approach2,Slider,44,Scenario,1
ID,8,Time,283.8606,DronePosition,-110.2599,15.6423,-107.379,9.502076,CameraPosition,-103.1588,1.76216,-107.4757,CameraRotation,314.9449,264.3692,1.470868,CurrentState,Approach2,Slider,44,Scenario,1
ID,8,Time,283.8745,DronePosition,-110.2596,15.51131,-107.379,9.43264,CameraPosition,-103.1589,1.762044,-107.4758,CameraRotation,315.1417,264.4715,1.45267,CurrentState,Approach2,Slider,44,Scenario,1
ID,8,Time,283.8885,DronePosition,-110.2593,15.37977,-107.379,9.362392,CameraPosition,-103.159,1.761886,-107.4758,CameraRotation,315.3817,264.6155,1.428829,CurrentState,Approach2,Slider,44,Scenario,1
ID,8,Time,283.9023,DronePosition,-110.259,15.25176,-107.379,9.29352,CameraPosition,-103.159,1.761676,-107.4756,CameraRotation,315.671,264.8144,1.311209,CurrentState,Approach2,Slider,44,Scenario,1
ID,8,Time,283.9161,DronePosition,-110.2587,15.12495,-107.379,9.224787,CameraPosition,-103.1591,1.761441,-107.4754,CameraRotation,315.9912,265.0836,1.130704,CurrentState,Approach2,Slider,44,Scenario,1
ID,8,Time,283.9298,DronePosition,-110.2584,14.99942,-107.379,9.156239,CameraPosition,-103.1591,1.761224,-107.4752,CameraRotation,316.2939,265.3677,0.9455104,CurrentState,Approach2,Slider,44,Scenario,1
ID,8,Time,283.9438,DronePosition,-110.2581,14.87165,-107.379,9.085927,CameraPosition,-103.1591,1.761035,-107.4748,CameraRotation,316.5435,265.641,0.7889345,CurrentState,Approach2,Slider,44,Scenario,1
ID,8,Time,283.958,DronePosition,-110.2578,14.74441,-107.379,9.015356,CameraPosition,-103.1589,1.760889,-107.4745,CameraRotation,316.7458,265.9077,0.6612411,CurrentState,Approach2,Slider,44,Scenario,1
ID,8,Time,283.972,DronePosition,-110.2574,14.61854,-107.379,8.945001,CameraPosition,-103.1588,1.760741,-107.4741,CameraRotation,316.9245,266.1389,0.5673358,CurrentState,Approach2,Slider,44,Scenario,1
ID,8,Time,283.9858,DronePosition,-110.2571,14.4961,-107.379,8.876025,CameraPosition,-103.1587,1.760578,-107.4737,CameraRotation,317.11,266.3595,0.4787547,CurrentState,Approach2,Slider,44,Scenario,1
ID,8,Time,283.9994,DronePosition,-110.2569,14.37704,-107.379,8.808444,CameraPosition,-103.1587,1.760375,-107.4733,CameraRotation,317.3252,266.577,0.376128,CurrentState,Approach2,Slider,44,Scenario,1
ID,8,Time,284.0134,DronePosition,-110.2566,14.25434,-107.379,8.738235,CameraPosition,-103.1586,1.760153,-107.4729,CameraRotation,317.5626,266.7927,0.2468496,CurrentState,Approach2,Slider,44,Scenario,1
ID,8,Time,284.0273,DronePosition,-110.2563,14.13409,-107.379,8.66888,CameraPosition,-103.1586,1.759937,-107.4725,CameraRotation,317.7987,267.0022,0.1303247,CurrentState,Approach2,Slider,44,Scenario,1
ID,8,Time,284.0413,DronePosition,-110.256,14.01326,-107.379,8.598619,CameraPosition,-103.1586,1.759748,-107.4721,CameraRotation,318.0112,267.1929,0.03396368,CurrentState,Approach2,Slider,44,Scenario,1
ID,8,Time,284.0551,DronePosition,-110.2557,13.89529,-107.379,8.529463,CameraPosition,-103.1586,1.759611,-107.4717,CameraRotation,318.18,267.3838,359.9284,CurrentState,Approach2,Slider,44,Scenario,1
ID,8,Time,284.0691,DronePosition,-110.2554,13.77753,-107.379,8.459865,CameraPosition,-103.1586,1.759498,-107.4713,CameraRotation,318.319,267.5468,359.8358,CurrentState,Approach2,Slider,44,Scenario,1
ID,8,Time,284.0831,DronePosition,-110.2551,13.65958,-107.379,8.38957,CameraPosition,-103.1586,1.759368,-107.4708,CameraRotation,318.4996,267.6996,359.7335,CurrentState,Approach2,Slider,44,Scenario,1
ID,8,Time,284.0968,DronePosition,-110.2549,13.54556,-107.379,8.321054,CameraPosition,-103.1586,1.759257,-107.4704,CameraRotation,318.7296,267.8465,359.6183,CurrentState,Approach2,Slider,44,Scenario,1
ID,8,Time,284.1107,DronePosition,-110.2546,13.43071,-107.379,8.251462,CameraPosition,-103.1585,1.75918,-107.47,CameraRotation,318.9338,267.985,359.5247,CurrentState,Approach2,Slider,44,Scenario,1
ID,8,Time,284.1247,DronePosition,-110.2543,13.3164,-107.379,8.181602,CameraPosition,-103.1585,1.759083,-107.4695,CameraRotation,319.0724,268.149,359.3853,CurrentState,Approach2,Slider,44,Scenario,1
ID,8,Time,284.1388,DronePosition,-110.254,13.2024,-107.379,8.111329,CameraPosition,-103.1585,1.758979,-107.4691,CameraRotation,319.2752,268.3075,359.2296,CurrentState,Approach2,Slider,44,Scenario,1
ID,8,Time,284.1527,DronePosition,-110.2538,13.0904,-107.379,8.041694,CameraPosition,-103.1587,1.758851,-107.4686,CameraRotation,319.5211,268.4636,359.0567,CurrentState,Approach2,Slider,44,Scenario,1
ID,8,Time,284.1671,DronePosition,-110.2535,12.97542,-107.379,7.969556,CameraPosition,-103.1588,1.758671,-107.4682,CameraRotation,319.8056,268.6037,358.9116,CurrentState,Approach2,Slider,44,Scenario,1
ID,8,Time,284.1812,DronePosition,-110.2532,12.86437,-107.379,7.899262,CameraPosition,-103.1591,1.758433,-107.4677,CameraRotation,320.1109,268.7686,358.7636,CurrentState,Approach2,Slider,44,Scenario,1
ID,8,Time,284.1943,DronePosition,-110.253,12.7617,-107.379,7.833733,CameraPosition,-103.1593,1.758129,-107.4673,CameraRotation,320.4639,268.9107,358.6283,CurrentState,Approach2,Slider,44,Scenario,1
ID,8,Time,284.2084,DronePosition,-110.2527,12.65181,-107.379,7.762953,CameraPosition,-103.1596,1.757758,-107.4669,CameraRotation,320.8063,269.0349,358.5168,CurrentState,Approach2,Slider,44,Scenario,1
ID,8,Time,284.2221,DronePosition,-110.2524,12.54674,-107.379,7.694678,CameraPosition,-103.1599,1.757341,-107.4665,CameraRotation,321.1256,269.1297,358.4985,CurrentState,Approach2,Slider,44,Scenario,1
ID,8,Time,284.2362,DronePosition,-110.2522,12.43889,-107.379,7.623947,CameraPosition,-103.1603,1.756927,-107.4661,CameraRotation,321.4752,269.2167,358.5415,CurrentState,Approach2,Slider,44,Scenario,1
ID,8,Time,284.2502,DronePosition,-110.2519,12.33346,-107.379,7.554164,CameraPosition,-103.1607,1.756552,-107.4657,CameraRotation,321.8563,269.2932,358.5759,CurrentState,Approach2,Slider,44,Scenario,1
ID,8,Time,284.2639,DronePosition,-110.2517,12.2309,-107.379,7.48566,CameraPosition,-103.161,1.756221,-107.4653,CameraRotation,322.2237,269.3692,358.5518,CurrentState,Approach2,Slider,44,Scenario,1
ID,8,Time,284.2779,DronePosition,-110.2514,12.12699,-107.379,7.415601,CameraPosition,-103.1612,1.755935,-107.465,CameraRotation,322.6097,269.4362,358.5137,CurrentState,Approach2,Slider,43,Scenario,1
ID,8,Time,284.2918,DronePosition,-110.2512,12.02495,-107.379,7.346149,CameraPosition,-103.1614,1.755703,-107.4646,CameraRotation,322.9741,269.4911,358.515,CurrentState,Approach2,Slider,43,Scenario,1
ID,8,Time,284.3057,DronePosition,-110.2509,11.92373,-107.379,7.276592,CameraPosition,-103.1617,1.75548,-107.4642,CameraRotation,323.2831,269.5247,358.58,CurrentState,Approach2,Slider,43,Scenario,1
ID,8,Time,284.3198,DronePosition,-110.2507,11.82252,-107.379,7.206371,CameraPosition,-103.162,1.755278,-107.4639,CameraRotation,323.5272,269.5611,358.6724,CurrentState,Approach2,Slider,43,Scenario,1
ID,8,Time,284.3338,DronePosition,-110.2505,11.72252,-107.379,7.13631,CameraPosition,-103.1624,1.755075,-107.4636,CameraRotation,323.7463,269.6011,358.7213,CurrentState,Approach2,Slider,43,Scenario,1
ID,8,Time,284.3478,DronePosition,-110.2502,11.62345,-107.379,7.066206,CameraPosition,-103.1627,1.754845,-107.4633,CameraRotation,323.9835,269.6654,358.7121,CurrentState,Approach2,Slider,43,Scenario,1
ID,8,Time,284.3617,DronePosition,-110.25,11.52631,-107.379,6.996789,CameraPosition,-103.1631,1.754577,-107.4631,CameraRotation,324.233,269.7081,358.6833,CurrentState,Approach2,Slider,43,Scenario,1
ID,8,Time,284.3759,DronePosition,-110.2497,11.42802,-107.379,6.925833,CameraPosition,-103.1635,1.754312,-107.4629,CameraRotation,324.533,269.7323,358.694,CurrentState,Approach2,Slider,43,Scenario,1
ID,8,Time,284.3899,DronePosition,-110.2495,11.33216,-107.379,6.855917,CameraPosition,-103.1639,1.754089,-107.4628,CameraRotation,324.8341,269.725,358.7493,CurrentState,Approach2,Slider,43,Scenario,1
ID,8,Time,284.4032,DronePosition,-110.2493,11.24161,-107.379,6.789234,CameraPosition,-103.1643,1.753961,-107.4627,CameraRotation,325.0782,269.679,358.8607,CurrentState,Approach2,Slider,43,Scenario,1
ID,8,Time,284.4171,DronePosition,-110.2491,11.1478,-107.379,6.719424,CameraPosition,-103.1646,1.753902,-107.4625,CameraRotation,325.29,269.6499,358.9713,CurrentState,Approach2,Slider,43,Scenario,1
ID,8,Time,284.4311,DronePosition,-110.2488,11.05519,-107.379,6.649796,CameraPosition,-103.1648,1.753976,-107.4624,CameraRotation,325.405,269.6011,359.1093,CurrentState,Approach2,Slider,43,Scenario,1
ID,8,Time,284.4451,DronePosition,-110.2486,10.96269,-107.379,6.579497,CameraPosition,-103.165,1.754094,-107.4623,CameraRotation,325.5024,269.5266,359.2788,CurrentState,Approach2,Slider,43,Scenario,1
ID,8,Time,284.459,DronePosition,-110.2484,10.87244,-107.379,6.510187,CameraPosition,-103.1652,1.754179,-107.4622,CameraRotation,325.5974,269.437,359.4615,CurrentState,Approach2,Slider,43,Scenario,1
ID,8,Time,284.4731,DronePosition,-110.2482,10.78188,-107.379,6.439871,CameraPosition,-103.1654,1.754233,-107.4621,CameraRotation,325.6298,269.2834,359.7496,CurrentState,Approach2,Slider,43,Scenario,1
ID,8,Time,284.487,DronePosition,-110.248,10.69294,-107.379,6.370062,CameraPosition,-103.1657,1.754176,-107.4621,CameraRotation,325.6046,269.1576,359.9706,CurrentState,Approach2,Slider,43,Scenario,1
ID,8,Time,284.5006,DronePosition,-110.2478,10.60722,-107.379,6.302052,CameraPosition,-103.166,1.754063,-107.462,CameraRotation,325.6646,269.0714,0.01709511,CurrentState,Approach2,Slider,43,Scenario,1
ID,8,Time,284.5146,DronePosition,-110.2476,10.51996,-107.379,6.232043,CameraPosition,-103.1662,1.753931,-107.462,CameraRotation,325.7801,268.985,359.9615,CurrentState,Approach2,Slider,43,Scenario,1
ID,8,Time,284.5283,DronePosition,-110.2473,10.4359,-107.379,6.163853,CameraPosition,-103.1665,1.753843,-107.4619,CameraRotation,325.9169,268.8833,359.9702,CurrentState,Approach2,Slider,43,Scenario,1
ID,8,Time,284.5428,DronePosition,-110.2471,10.34751,-107.379,6.091298,CameraPosition,-103.1667,1.753813,-107.4618,CameraRotation,326.0284,268.74,0.0668656,CurrentState,Approach2,Slider,43,Scenario,1
ID,8,Time,284.5564,DronePosition,-110.2469,10.2653,-107.379,6.023053,CameraPosition,-103.167,1.753799,-107.4618,CameraRotation,326.132,268.5667,0.195613,CurrentState,Approach2,Slider,43,Scenario,1
ID,8,Time,284.5706,DronePosition,-110.2467,10.18066,-107.379,5.951952,CameraPosition,-103.1672,1.753733,-107.4617,CameraRotation,326.2324,268.3918,0.30066,CurrentState,Approach2,Slider,43,Scenario,1
ID,8,Time,284.5848,DronePosition,-110.2465,10.09741,-107.379,5.881174,CameraPosition,-103.1674,1.753626,-107.4616,CameraRotation,326.3644,268.2637,0.3392813,CurrentState,Approach2,Slider,43,Scenario,1
ID,8,Time,284.5985,DronePosition,-110.2463,10.01774,-107.379,5.812638,CameraPosition,-103.1676,1.75345,-107.4616,CameraRotation,326.5342,268.1588,0.3303394,CurrentState,Approach2,Slider,43,Scenario,1
ID,8,Time,284.6121,DronePosition,-110.2461,9.93965,-107.379,5.744672,CameraPosition,-103.1677,1.753253,-107.4616,CameraRotation,326.7394,268.0564,0.3132325,CurrentState,Approach2,Slider,43,Scenario,1
ID,8,Time,284.6258,DronePosition,-110.246,9.861772,-107.379,5.67607,CameraPosition,-103.168,1.753067,-107.4616,CameraRotation,326.9869,267.9368,0.3412604,CurrentState,Approach2,Slider,43,Scenario,1
ID,8,Time,284.6401,DronePosition,-110.2458,9.781486,-107.379,5.604443,CameraPosition,-103.1683,1.752887,-107.4617,CameraRotation,327.2784,267.776,0.4338041,CurrentState,Approach2,Slider,43,Scenario,1
ID,8,Time,284.6539,DronePosition,-110.2456,9.705344,-107.379,5.535669,CameraPosition,-103.1685,1.752655,-107.4619,CameraRotation,327.589,267.547,0.6381559,CurrentState,Approach2,Slider,43,Scenario,1
ID,8,Time,284.6676,DronePosition,-110.2454,9.630228,-107.379,5.466969,CameraPosition,-103.1688,1.752361,-107.462,CameraRotation,327.8814,267.2906,0.8839542,CurrentState,Approach2,Slider,43,Scenario,1
ID,8,Time,284.682,DronePosition,-110.2452,9.552881,-107.379,5.395288,CameraPosition,-103.1691,1.752029,-107.4622,CameraRotation,328.1543,267.0543,1.162489,CurrentState,Approach2,Slider,43,Scenario,1
ID,8,Time,284.6954,DronePosition,-110.245,9.48119,-107.379,5.32801,CameraPosition,-103.1694,1.751728,-107.4623,CameraRotation,328.3987,266.8338,1.409206,CurrentState,Approach2,Slider,43,Scenario,1
ID,8,Time,284.7097,DronePosition,-110.2449,9.406229,-107.379,5.25671,CameraPosition,-103.1698,1.751468,-107.4625,CameraRotation,328.6399,266.6118,1.618127,CurrentState,Approach2,Slider,43,Scenario,1
ID,8,Time,284.7234,DronePosition,-110.2447,9.335058,-107.379,5.18812,CameraPosition,-103.1701,1.751242,-107.4627,CameraRotation,328.8669,266.3728,1.801972,CurrentState,Approach2,Slider,43,Scenario,1
ID,8,Time,284.7373,DronePosition,-110.2445,9.263828,-107.379,5.118539,CameraPosition,-103.1705,1.751025,-107.4628,CameraRotation,329.0726,266.165,1.957039,CurrentState,Approach2,Slider,43,Scenario,1
ID,8,Time,284.7513,DronePosition,-110.2443,9.193078,-107.379,5.048469,CameraPosition,-103.1709,1.75082,-107.4629,CameraRotation,329.2925,265.9757,2.044801,CurrentState,Approach2,Slider,43,Scenario,1
ID,8,Time,284.7651,DronePosition,-110.2442,9.124412,-107.379,4.97952,CameraPosition,-103.1712,1.750589,-107.463,CameraRotation,329.5085,265.8272,2.076272,CurrentState,Approach2,Slider,43,Scenario,1
ID,8,Time,284.779,DronePosition,-110.244,9.056155,-107.379,4.910012,CameraPosition,-103.1717,1.750339,-107.4631,CameraRotation,329.7508,265.7058,2.057549,CurrentState,Approach2,Slider,43,Scenario,1
ID,8,Time,284.7933,DronePosition,-110.2438,8.987089,-107.379,4.838643,CameraPosition,-103.1722,1.749988,-107.4632,CameraRotation,330.0264,265.5746,2.054501,CurrentState,Approach2,Slider,43,Scenario,1
ID,8,Time,284.8076,DronePosition,-110.2437,8.918674,-107.379,4.766881,CameraPosition,-103.1727,1.749589,-107.4633,CameraRotation,330.3442,265.4328,2.080037,CurrentState,Approach2,Slider,43,Scenario,1
ID,8,Time,284.8212,DronePosition,-110.2435,8.85489,-107.379,4.699012,CameraPosition,-103.1733,1.749177,-107.4634,CameraRotation,330.6616,265.322,2.078156,CurrentState,Approach2,Slider,43,Scenario,1
ID,8,Time,284.835,DronePosition,-110.2434,8.791194,-107.379,4.630229,CameraPosition,-103.1739,1.748802,-107.4634,CameraRotation,330.9763,265.254,2.034137,CurrentState,Approach2,Slider,43,Scenario,1
ID,8,Time,284.8493,DronePosition,-110.2432,8.725844,-107.379,4.558552,CameraPosition,-103.1745,1.748492,-107.4635,CameraRotation,331.2506,265.2436,1.963391,CurrentState,Approach2,Slider,43,Scenario,1
ID,8,Time,284.8633,DronePosition,-110.243,8.663046,-107.379,4.488597,CameraPosition,-103.1751,1.748224,-107.4635,CameraRotation,331.4884,265.2318,1.898349,CurrentState,Approach2,Slider,43,Scenario,1
ID,8,Time,284.877,DronePosition,-110.2429,8.602777,-107.379,4.420425,CameraPosition,-103.1758,1.747947,-107.4636,CameraRotation,331.7336,265.2217,1.853597,CurrentState,Approach2,Slider,43,Scenario,1
ID,8,Time,284.8908,DronePosition,-110.2428,8.542552,-107.379,4.351222,CameraPosition,-103.1764,1.747663,-107.4637,CameraRotation,332.0102,265.2197,1.816691,CurrentState,Approach2,Slider,43,Scenario,1
ID,8,Time,284.9049,DronePosition,-110.2426,8.482129,-107.379,4.280644,CameraPosition,-103.1771,1.747336,-107.4637,CameraRotation,332.2974,265.2203,1.785826,CurrentState,Approach2,Slider,43,Scenario,1
ID,8,Time,284.9189,DronePosition,-110.2425,8.42315,-107.379,4.210608,CameraPosition,-103.1777,1.747055,-107.4637,CameraRotation,332.5914,265.2505,1.730237,CurrentState,Approach2,Slider,43,Scenario,1
ID,8,Time,284.9326,DronePosition,-110.2423,8.366603,-107.379,4.142352,CameraPosition,-103.1783,1.746839,-107.4637,CameraRotation,332.8215,265.32,1.660918,CurrentState,Approach2,Slider,43,Scenario,1
ID,8,Time,284.9462,DronePosition,-110.2422,8.311188,-107.379,4.074347,CameraPosition,-103.179,1.746653,-107.4637,CameraRotation,332.9964,265.4008,1.606369,CurrentState,Approach2,Slider,43,Scenario,1
ID,8,Time,284.9601,DronePosition,-110.2421,8.255483,-107.379,4.004798,CameraPosition,-103.1796,1.746462,-107.4637,CameraRotation,333.1447,265.4864,1.566433,CurrentState,Approach2,Slider,43,Scenario,1
ID,8,Time,284.9743,DronePosition,-110.2419,8.199575,-107.379,3.933736,CameraPosition,-103.1802,1.74622,-107.4637,CameraRotation,333.3468,265.5666,1.541975,CurrentState,Approach2,Slider,43,Scenario,1
ID,8,Time,284.988,DronePosition,-110.2418,8.146643,-107.379,3.865263,CameraPosition,-103.1808,1.745906,-107.4637,CameraRotation,333.5795,265.643,1.515304,CurrentState,Approach2,Slider,43,Scenario,1
ID,8,Time,285.0021,DronePosition,-110.2417,8.092925,-107.379,3.794478,CameraPosition,-103.1814,1.74562,-107.4637,CameraRotation,333.7989,265.7264,1.495542,CurrentState,Approach2,Slider,43,Scenario,1
ID,8,Time,285.0161,DronePosition,-110.2415,8.040743,-107.379,3.724424,CameraPosition,-103.182,1.745409,-107.4637,CameraRotation,333.9363,265.8298,1.487238,CurrentState,Approach2,Slider,43,Scenario,1
ID,8,Time,285.0296,DronePosition,-110.2414,7.991458,-107.379,3.657041,CameraPosition,-103.1825,1.74527,-107.4636,CameraRotation,334.0349,265.9269,1.468951,CurrentState,Approach2,Slider,43,Scenario,1
ID,8,Time,285.0433,DronePosition,-110.2413,7.942355,-107.379,3.588626,CameraPosition,-103.183,1.745102,-107.4636,CameraRotation,334.1344,266.0083,1.452506,CurrentState,Approach2,Slider,43,Scenario,1
ID,8,Time,285.0575,DronePosition,-110.2412,7.892587,-107.379,3.51789,CameraPosition,-103.1835,1.74491,-107.4635,CameraRotation,334.3225,266.0861,1.473693,CurrentState,Approach2,Slider,43,Scenario,1
ID,8,Time,285.0713,DronePosition,-110.241,7.844843,-107.379,3.448668,CameraPosition,-103.1839,1.744639,-107.4634,CameraRotation,334.5311,266.1417,1.509443,CurrentState,Approach2,Slider,43,Scenario,1
ID,8,Time,285.0853,DronePosition,-110.2409,7.797676,-107.379,3.378871,CameraPosition,-103.1843,1.744345,-107.4634,CameraRotation,334.7407,266.2029,1.551417,CurrentState,Approach2,Slider,43,Scenario,1
ID,8,Time,285.099,DronePosition,-110.2408,7.752104,-107.379,3.310032,CameraPosition,-103.1847,1.744119,-107.4632,CameraRotation,334.957,266.2812,1.597541,CurrentState,Approach2,Slider,43,Scenario,1
ID,8,Time,285.1134,DronePosition,-110.2407,7.70562,-107.379,3.238258,CameraPosition,-103.1851,1.743902,-107.4631,CameraRotation,335.1656,266.386,1.625348,CurrentState,Approach2,Slider,43,Scenario,1
ID,8,Time,285.1269,DronePosition,-110.2406,7.662678,-107.379,3.170537,CameraPosition,-103.1855,1.743696,-107.463,CameraRotation,335.3621,266.5184,1.594102,CurrentState,Approach2,Slider,43,Scenario,1
ID,8,Time,285.1409,DronePosition,-110.2405,7.619404,-107.379,3.100757,CameraPosition,-103.1859,1.743459,-107.4628,CameraRotation,335.504,266.6552,1.483518,CurrentState,Approach2,Slider,43,Scenario,1
ID,8,Time,285.1551,DronePosition,-110.2404,7.57634,-107.379,3.029687,CameraPosition,-103.1864,1.743234,-107.4627,CameraRotation,335.6362,266.7802,1.354381,CurrentState,Approach2,Slider,43,Scenario,1
ID,8,Time,285.1689,DronePosition,-110.2403,7.53562,-107.379,2.960924,CameraPosition,-103.1869,1.743073,-107.4626,CameraRotation,335.7529,266.9296,1.196789,CurrentState,Approach2,Slider,43,Scenario,1
ID,8,Time,285.1828,DronePosition,-110.2402,7.495262,-107.379,2.891127,CameraPosition,-103.1875,1.742999,-107.4624,CameraRotation,335.8547,267.0511,1.07271,CurrentState,Approach2,Slider,43,Scenario,1
ID,8,Time,285.197,DronePosition,-110.2401,7.455274,-107.379,2.820232,CameraPosition,-103.1882,1.742933,-107.4623,CameraRotation,335.954,267.1542,0.9800058,CurrentState,Approach2,Slider,43,Scenario,1
ID,8,Time,285.211,DronePosition,-110.24,7.416796,-107.379,2.75028,CameraPosition,-103.1889,1.74283,-107.4623,CameraRotation,336.0693,267.2125,0.900507,CurrentState,Approach2,Slider,43,Scenario,1
ID,8,Time,285.2245,DronePosition,-110.2399,7.380443,-107.379,2.682521,CameraPosition,-103.1897,1.74265,-107.4622,CameraRotation,336.2508,267.2552,0.8499104,CurrentState,Approach2,Slider,43,Scenario,1
ID,8,Time,285.2384,DronePosition,-110.2398,7.344295,-107.379,2.613361,CameraPosition,-103.1904,1.742421,-107.4622,CameraRotation,336.4347,267.2981,0.8084449,CurrentState,Approach2,Slider,43,Scenario,1
ID,8,Time,285.2521,DronePosition,-110.2397,7.30937,-107.379,2.544739,CameraPosition,-103.1912,1.742167,-107.4621,CameraRotation,336.6375,267.3412,0.7733179,CurrentState,Approach2,Slider,43,Scenario,1
ID,8,Time,285.2661,DronePosition,-110.2397,7.274795,-107.379,2.474887,CameraPosition,-103.192,1.741907,-107.4621,CameraRotation,336.8489,267.39,0.7515829,CurrentState,Approach2,Slider,43,Scenario,1
ID,8,Time,285.2801,DronePosition,-110.2396,7.240998,-107.379,2.404613,CameraPosition,-103.1929,1.741632,-107.4621,CameraRotation,337.1175,267.4155,0.7432177,CurrentState,Approach2,Slider,43,Scenario,1
ID,8,Time,285.2938,DronePosition,-110.2395,7.208959,-107.379,2.336037,CameraPosition,-103.1937,1.741312,-107.4622,CameraRotation,337.447,267.4294,0.7611293,CurrentState,Approach2,Slider,43,Scenario,1
ID,8,Time,285.3079,DronePosition,-110.2394,7.177111,-107.379,2.265756,CameraPosition,-103.1945,1.740946,-107.4621,CameraRotation,337.7823,267.4411,0.7877166,CurrentState,Approach2,Slider,43,Scenario,1
ID,8,Time,285.3219,DronePosition,-110.2393,7.14631,-107.379,2.195614,CameraPosition,-103.1953,1.740579,-107.4621,CameraRotation,338.0977,267.4713,0.7984918,CurrentState,Approach2,Slider,43,Scenario,1
ID,8,Time,285.3358,DronePosition,-110.2393,7.116845,-107.379,2.126328,CameraPosition,-103.1961,1.740185,-107.462,CameraRotation,338.4,267.5196,0.818349,CurrentState,Approach2,Slider,43,Scenario,1
ID,8,Time,285.3498,DronePosition,-110.2392,7.088082,-107.379,2.056391,CameraPosition,-103.1969,1.739826,-107.462,CameraRotation,338.671,267.5771,0.8252981,CurrentState,Approach2,Slider,43,Scenario,1
ID,8,Time,285.3637,DronePosition,-110.2391,7.059366,-107.379,2.056391,CameraPosition,-103.1976,1.739489,-107.462,CameraRotation,338.9145,267.634,0.8219506,CurrentState,Hover2,Slider,43,Scenario,1
ID,8,Time,285.3772,DronePosition,-110.2391,7.059366,-107.379,0,CameraPosition,-103.1984,1.73919,-107.462,CameraRotation,339.1451,267.6877,0.8183171,CurrentState,Hover2,Slider,43,Scenario,1
ID,8,Time,285.3912,DronePosition,-110.2391,7.059366,-107.379,0,CameraPosition,-103.1991,1.738933,-107.462,CameraRotation,339.3538,267.7462,0.8158606,CurrentState,Hover2,Slider,43,Scenario,1
ID,8,Time,285.4052,DronePosition,-110.2391,7.059366,-107.379,0,CameraPosition,-103.1997,1.738732,-107.462,CameraRotation,339.527,267.8069,0.8028014,CurrentState,Hover2,Slider,43,Scenario,1
ID,8,Time,285.4195,DronePosition,-110.2391,7.059366,-107.379,0,CameraPosition,-103.2004,1.738614,-107.4619,CameraRotation,339.6538,267.8917,0.7864014,CurrentState,Hover2,Slider,43,Scenario,1
ID,8,Time,285.4334,DronePosition,-110.2391,7.059366,-107.379,0,CameraPosition,-103.201,1.738512,-107.4619,CameraRotation,339.7464,267.9752,0.7631883,CurrentState,Hover2,Slider,43,Scenario,1
ID,8,Time,285.4474,DronePosition,-110.2391,7.059366,-107.379,0,CameraPosition,-103.2017,1.738352,-107.4618,CameraRotation,339.8522,268.0554,0.743643,CurrentState,Hover2,Slider,43,Scenario,1
ID,8,Time,285.461,DronePosition,-110.2391,7.059366,-107.379,0,CameraPosition,-103.2022,1.738131,-107.4618,CameraRotation,339.9825,268.1419,0.7285584,CurrentState,Hover2,Slider,43,Scenario,1
ID,8,Time,285.475,DronePosition,-110.2391,7.059366,-107.379,0,CameraPosition,-103.2028,1.737891,-107.4618,CameraRotation,340.1615,268.1948,0.7263922,CurrentState,Hover2,Slider,43,Scenario,1
ID,8,Time,285.489,DronePosition,-110.2391,7.059366,-107.379,0,CameraPosition,-103.2033,1.73767,-107.4618,CameraRotation,340.3479,268.2449,0.7149293,CurrentState,Hover2,Slider,43,Scenario,1
ID,8,Time,285.5029,DronePosition,-110.2391,7.059366,-107.379,0,CameraPosition,-103.2038,1.737493,-107.4618,CameraRotation,340.4998,268.2936,0.6941065,CurrentState,Hover2,Slider,43,Scenario,1
ID,8,Time,285.5167,DronePosition,-110.2391,7.059366,-107.379,0,CameraPosition,-103.2042,1.737347,-107.4618,CameraRotation,340.6115,268.3373,0.6869813,CurrentState,Hover2,Slider,43,Scenario,1
ID,8,Time,285.5306,DronePosition,-110.2391,7.059366,-107.379,0,CameraPosition,-103.2047,1.737242,-107.4619,CameraRotation,340.6956,268.3775,0.6912934,CurrentState,Hover2,Slider,43,Scenario,1
ID,8,Time,285.5443,DronePosition,-110.2391,7.059366,-107.379,0,CameraPosition,-103.2051,1.737111,-107.4619,CameraRotation,340.7829,268.4213,0.6754292,CurrentState,Hover2,Slider,43,Scenario,1
ID,8,Time,285.5584,DronePosition,-110.2391,7.059366,-107.379,0,CameraPosition,-103.2054,1.736978,-107.462,CameraRotation,340.8786,268.472,0.6176059,CurrentState,Hover2,Slider,43,Scenario,1
ID,8,Time,285.5725,DronePosition,-110.2391,7.059366,-107.379,0,CameraPosition,-103.2057,1.736885,-107.4621,CameraRotation,340.9551,268.525,0.52959,CurrentState,Hover2,Slider,43,Scenario,1
ID,8,Time,285.5864,DronePosition,-110.2391,7.059366,-107.379,0,CameraPosition,-103.2061,1.736851,-107.4622,CameraRotation,341.0065,268.5816,0.4543589,CurrentState,Hover2,Slider,43,Scenario,1
ID,8,Time,285.6,DronePosition,-110.2391,7.059366,-107.379,0,CameraPosition,-103.2064,1.736867,-107.4623,CameraRotation,341.0273,268.6318,0.4207317,CurrentState,Hover2,Slider,43,Scenario,1
ID,8,Time,285.6141,DronePosition,-110.2391,7.059366,-107.379,0,CameraPosition,-103.2066,1.73687,-107.4624,CameraRotation,341.0295,268.6812,0.4078318,CurrentState,Hover2,Slider,43,Scenario,1
ID,8,Time,285.6284,DronePosition,-110.2391,7.059366,-107.379,0,CameraPosition,-103.2068,1.736835,-107.4624,CameraRotation,341.0603,268.7126,0.4226442,CurrentState,Hover2,Slider,43,Scenario,1
ID,8,Time,285.6419,DronePosition,-110.2391,7.059366,-107.379,0,CameraPosition,-103.207,1.736752,-107.4625,CameraRotation,341.1187,268.7387,0.4280094,CurrentState,Hover2,Slider,43,Scenario,1
ID,8,Time,285.6562,DronePosition,-110.2391,7.059366,-107.379,0,CameraPosition,-103.2072,1.736626,-107.4627,CameraRotation,341.1707,268.7607,0.4428573,CurrentState,Hover2,Slider,43,Scenario,1
ID,8,Time,285.6701,DronePosition,-110.2391,7.059366,-107.379,0,CameraPosition,-103.2073,1.736519,-107.4629,CameraRotation,341.2097,268.779,0.438799,CurrentState,Hover2,Slider,43,Scenario,1
ID,8,Time,285.6838,DronePosition,-110.2391,7.059366,-107.379,0,CameraPosition,-103.2075,1.736422,-107.4631,CameraRotation,341.212,268.8036,0.4274747,CurrentState,Hover2,Slider,42,Scenario,1
ID,8,Time,285.6979,DronePosition,-110.2391,7.059366,-107.379,0,CameraPosition,-103.2075,1.736348,-107.4633,CameraRotation,341.2362,268.8257,0.438492,CurrentState,Hover2,Slider,42,Scenario,1
ID,8,Time,285.7118,DronePosition,-110.2391,7.059366,-107.379,0,CameraPosition,-103.2076,1.736266,-107.4635,CameraRotation,341.2395,268.8297,0.4598512,CurrentState,Hover2,Slider,42,Scenario,1
ID,8,Time,285.7256,DronePosition,-110.2391,7.059366,-107.379,0,CameraPosition,-103.2075,1.736213,-107.4637,CameraRotation,341.213,268.8347,0.4811342,CurrentState,Hover2,Slider,42,Scenario,1
ID,8,Time,285.7398,DronePosition,-110.2391,7.059366,-107.379,0,CameraPosition,-103.2076,1.736218,-107.4639,CameraRotation,341.1807,268.8412,0.5053277,CurrentState,Hover2,Slider,42,Scenario,1
ID,8,Time,285.7536,DronePosition,-110.2391,7.059366,-107.379,0,CameraPosition,-103.2076,1.736253,-107.4642,CameraRotation,341.1333,268.8484,0.5210556,CurrentState,Hover2,Slider,42,Scenario,1
ID,8,Time,285.7675,DronePosition,-110.2391,7.059366,-107.379,0,CameraPosition,-103.2076,1.736278,-107.4644,CameraRotation,341.0863,268.8494,0.5183163,CurrentState,Hover2,Slider,42,Scenario,1
ID,8,Time,285.7816,DronePosition,-110.2391,7.059366,-107.379,0,CameraPosition,-103.2076,1.736309,-107.4647,CameraRotation,341.0485,268.841,0.5180013,CurrentState,Hover2,Slider,42,Scenario,1
ID,8,Time,285.7953,DronePosition,-110.2391,7.059366,-107.379,0,CameraPosition,-103.2075,1.736391,-107.4649,CameraRotation,341.0109,268.8315,0.5173851,CurrentState,Hover2,Slider,42,Scenario,1
ID,8,Time,285.8089,DronePosition,-110.2391,7.059366,-107.379,0,CameraPosition,-103.2075,1.736471,-107.4652,CameraRotation,340.9377,268.8133,0.5435544,CurrentState,Hover2,Slider,42,Scenario,1
ID,8,Time,285.8232,DronePosition,-110.2391,7.059366,-107.379,0,CameraPosition,-103.2075,1.73653,-107.4655,CameraRotation,340.8723,268.7952,0.562784,CurrentState,Hover2,Slider,42,Scenario,1
ID,8,Time,285.8374,DronePosition,-110.2391,7.059366,-107.379,0,CameraPosition,-103.2074,1.736653,-107.4658,CameraRotation,340.7819,268.7861,0.5561813,CurrentState,Hover2,Slider,42,Scenario,1
ID,8,Time,285.8513,DronePosition,-110.2391,7.059366,-107.379,0,CameraPosition,-103.2075,1.736762,-107.466,CameraRotation,340.6808,268.7816,0.5442803,CurrentState,Hover2,Slider,42,Scenario,1
ID,8,Time,285.8647,DronePosition,-110.2391,7.059366,-107.379,0,CameraPosition,-103.2074,1.736819,-107.4663,CameraRotation,340.6041,268.7751,0.5329791,CurrentState,Hover2,Slider,42,Scenario,1
ID,8,Time,285.8788,DronePosition,-110.2391,7.059366,-107.379,0,CameraPosition,-103.2074,1.73682,-107.4666,CameraRotation,340.5615,268.7584,0.5363355,CurrentState,Hover2,Slider,42,Scenario,1
ID,8,Time,285.8927,DronePosition,-110.2391,7.059366,-107.379,0,CameraPosition,-103.2074,1.736776,-107.4669,CameraRotation,340.5428,268.7311,0.5507401,CurrentState,Hover2,Slider,42,Scenario,1
ID,8,Time,285.9064,DronePosition,-110.2391,7.059366,-107.379,0,CameraPosition,-103.2074,1.736749,-107.4672,CameraRotation,340.5321,268.7099,0.5691735,CurrentState,Hover2,Slider,42,Scenario,1
ID,8,Time,285.9203,DronePosition,-110.2391,7.059366,-107.379,0,CameraPosition,-103.2075,1.736731,-107.4676,CameraRotation,340.5053,268.6707,0.6098902,CurrentState,Hover2,Slider,42,Scenario,1
ID,8,Time,285.9344,DronePosition,-110.2391,7.059366,-107.379,0,CameraPosition,-103.2076,1.736763,-107.4679,CameraRotation,340.4887,268.6309,0.6463804,CurrentState,Hover2,Slider,42,Scenario,1
ID,8,Time,285.9484,DronePosition,-110.2391,7.059366,-107.379,0,CameraPosition,-103.2077,1.736813,-107.4682,CameraRotation,340.4738,268.591,0.6867475,CurrentState,Hover2,Slider,42,Scenario,1
ID,8,Time,285.9623,DronePosition,-110.2391,7.059366,-107.379,0,CameraPosition,-103.2078,1.736861,-107.4684,CameraRotation,340.4721,268.5636,0.7107126,CurrentState,Hover2,Slider,42,Scenario,1
ID,8,Time,285.9761,DronePosition,-110.2391,7.059366,-107.379,0,CameraPosition,-103.2079,1.736876,-107.4687,CameraRotation,340.4856,268.5443,0.7322513,CurrentState,Hover2,Slider,42,Scenario,1
ID,8,Time,285.9906,DronePosition,-110.2391,7.059366,-107.379,0,CameraPosition,-103.208,1.736843,-107.469,CameraRotation,340.503,268.5291,0.7534296,CurrentState,Hover2,Slider,42,Scenario,1
ID,8,Time,286.004,DronePosition,-110.2391,7.059366,-107.379,0,CameraPosition,-103.2081,1.736796,-107.4693,CameraRotation,340.5284,268.5174,0.7658723,CurrentState,Hover2,Slider,42,Scenario,1
ID,8,Time,286.0179,DronePosition,-110.2391,7.059366,-107.379,0,CameraPosition,-103.2082,1.736729,-107.4696,CameraRotation,340.5438,268.5204,0.7760134,CurrentState,Hover2,Slider,42,Scenario,1
ID,8,Time,286.0319,DronePosition,-110.2391,7.059366,-107.379,0,CameraPosition,-103.2082,1.736624,-107.4699,CameraRotation,340.5524,268.5327,0.7892672,CurrentState,Hover2,Slider,42,Scenario,1
ID,8,Time,286.0461,DronePosition,-110.2391,7.059366,-107.379,0,CameraPosition,-103.2083,1.736528,-107.4701,CameraRotation,340.5222,268.5573,0.8172055,CurrentState,Hover2,Slider,42,Scenario,1
ID,8,Time,286.0594,DronePosition,-110.2391,7.059366,-107.379,0,CameraPosition,-103.2083,1.736527,-107.4704,CameraRotation,340.4975,268.5706,0.8427848,CurrentState,Hover2,Slider,42,Scenario,1
ID,8,Time,286.0738,DronePosition,-110.2391,7.059366,-107.379,0,CameraPosition,-103.2084,1.736543,-107.4707,CameraRotation,340.4738,268.5845,0.877996,CurrentState,Hover2,Slider,42,Scenario,1
ID,8,Time,286.0876,DronePosition,-110.2391,7.059366,-107.379,0,CameraPosition,-103.2085,1.736539,-107.4709,CameraRotation,340.4323,268.6044,0.8973477,CurrentState,Hover2,Slider,41,Scenario,1
ID,8,Time,286.1015,DronePosition,-110.2391,7.059366,-107.379,0,CameraPosition,-103.2086,1.736524,-107.4711,CameraRotation,340.3963,268.6248,0.9164674,CurrentState,Hover2,Slider,41,Scenario,1
ID,8,Time,286.1153,DronePosition,-110.2391,7.059366,-107.379,0,CameraPosition,-103.2087,1.736523,-107.4713,CameraRotation,340.385,268.6525,0.9212846,CurrentState,Hover2,Slider,41,Scenario,1
ID,8,Time,286.1296,DronePosition,-110.2391,7.059366,-107.379,0,CameraPosition,-103.2088,1.736547,-107.4714,CameraRotation,340.3776,268.6758,0.9063206,CurrentState,Hover2,Slider,41,Scenario,1
ID,8,Time,286.1433,DronePosition,-110.2391,7.059366,-107.379,0,CameraPosition,-103.2089,1.73654,-107.4717,CameraRotation,340.3373,268.7001,0.9063305,CurrentState,Hover2,Slider,41,Scenario,1
ID,8,Time,286.1573,DronePosition,-110.2391,7.059366,-107.379,0,CameraPosition,-103.209,1.736547,-107.4718,CameraRotation,340.2853,268.7139,0.9280486,CurrentState,Hover2,Slider,41,Scenario,1
ID,8,Time,286.1711,DronePosition,-110.2391,7.059366,-107.379,0,CameraPosition,-103.2092,1.736606,-107.472,CameraRotation,340.2555,268.7391,0.9328583,CurrentState,Hover2,Slider,41,Scenario,1
ID,8,Time,286.1852,DronePosition,-110.2391,7.059366,-107.379,0,CameraPosition,-103.2094,1.736688,-107.4722,CameraRotation,340.1924,268.7662,0.9095801,CurrentState,Hover2,Slider,41,Scenario,1
ID,8,Time,286.2001,DronePosition,-110.2391,7.059366,-107.379,0,CameraPosition,-103.2096,1.736826,-107.4724,CameraRotation,340.1074,268.8071,0.8629985,CurrentState,Hover2,Slider,41,Scenario,1
ID,8,Time,286.2136,DronePosition,-110.2391,7.059366,-107.379,0,CameraPosition,-103.2098,1.736991,-107.4726,CameraRotation,340.0067,268.8511,0.814108,CurrentState,Hover2,Slider,41,Scenario,1
ID,8,Time,286.2271,DronePosition,-110.2391,7.059366,-107.379,0,CameraPosition,-103.21,1.737123,-107.4727,CameraRotation,339.9347,268.8838,0.8031968,CurrentState,Hover2,Slider,41,Scenario,1
ID,8,Time,286.2413,DronePosition,-110.2391,7.059366,-107.379,0,CameraPosition,-103.2103,1.737187,-107.4729,CameraRotation,339.8861,268.9154,0.8147864,CurrentState,Hover2,Slider,41,Scenario,1
ID,8,Time,286.2559,DronePosition,-110.2391,7.059366,-107.379,0,CameraPosition,-103.2105,1.737181,-107.4731,CameraRotation,339.8616,268.9394,0.8504233,CurrentState,Hover2,Slider,41,Scenario,1
ID,8,Time,286.2696,DronePosition,-110.2391,7.059366,-107.379,0,CameraPosition,-103.2108,1.737163,-107.4732,CameraRotation,339.8444,268.9531,0.8900779,CurrentState,Hover2,Slider,41,Scenario,1
ID,8,Time,286.2838,DronePosition,-110.2391,7.059366,-107.379,0,CameraPosition,-103.2111,1.737118,-107.4733,CameraRotation,339.8454,268.9607,0.9351364,CurrentState,Hover2,Slider,41,Scenario,1
ID,8,Time,286.2973,DronePosition,-110.2391,7.059366,-107.379,0,CameraPosition,-103.2114,1.73711,-107.4734,CameraRotation,339.86,268.9681,0.9589227,CurrentState,Hover2,Slider,41,Scenario,1
ID,8,Time,286.3115,DronePosition,-110.2391,7.059366,-107.379,0,CameraPosition,-103.2117,1.737132,-107.4736,CameraRotation,339.8651,268.9868,0.967505,CurrentState,Hover2,Slider,41,Scenario,1
ID,8,Time,286.3252,DronePosition,-110.2391,7.059366,-107.379,0,CameraPosition,-103.212,1.737172,-107.4737,CameraRotation,339.8723,269.0087,0.9762092,CurrentState,Hover2,Slider,41,Scenario,1
ID,8,Time,286.3393,DronePosition,-110.2391,7.059366,-107.379,0,CameraPosition,-103.2123,1.737212,-107.4738,CameraRotation,339.9054,269.0281,0.977948,CurrentState,Hover2,Slider,41,Scenario,1
ID,8,Time,286.3527,DronePosition,-110.2391,7.059366,-107.379,0,CameraPosition,-103.2126,1.737171,-107.4739,CameraRotation,339.9157,269.0476,0.9683371,CurrentState,Hover2,Slider,41,Scenario,1
ID,8,Time,286.3668,DronePosition,-110.2391,7.059366,-107.379,0,CameraPosition,-103.2128,1.73709,-107.4739,CameraRotation,339.9577,269.0722,0.9634597,CurrentState,Hover2,Slider,41,Scenario,1
ID,8,Time,286.3808,DronePosition,-110.2391,7.059366,-107.379,0,CameraPosition,-103.2131,1.737036,-107.474,CameraRotation,340.0018,269.1051,0.9676493,CurrentState,Hover2,Slider,41,Scenario,1
ID,8,Time,286.3945,DronePosition,-110.2391,7.059366,-107.379,0,CameraPosition,-103.2134,1.737,-107.4741,CameraRotation,340.0138,269.1364,0.9654769,CurrentState,Hover2,Slider,41,Scenario,1
ID,8,Time,286.4088,DronePosition,-110.2391,7.059366,-107.379,0,CameraPosition,-103.2137,1.737006,-107.4741,CameraRotation,340.0132,269.1847,0.9264876,CurrentState,Hover2,Slider,41,Scenario,1
ID,8,Time,286.4223,DronePosition,-110.2391,7.059366,-107.379,0,CameraPosition,-103.214,1.737066,-107.4741,CameraRotation,339.9934,269.2413,0.8517615,CurrentState,Hover2,Slider,41,Scenario,1
ID,8,Time,286.4364,DronePosition,-110.2391,7.059366,-107.379,0,CameraPosition,-103.2143,1.737169,-107.4741,CameraRotation,339.9702,269.3114,0.7848605,CurrentState,Hover2,Slider,41,Scenario,1
ID,8,Time,286.4502,DronePosition,-110.2391,7.059366,-107.379,0,CameraPosition,-103.2145,1.737255,-107.4741,CameraRotation,339.9471,269.3622,0.7527012,CurrentState,Hover2,Slider,41,Scenario,1
ID,8,Time,286.4642,DronePosition,-110.2391,7.059366,-107.379,0,CameraPosition,-103.2148,1.737289,-107.4741,CameraRotation,339.9158,269.4045,0.7422798,CurrentState,Hover2,Slider,41,Scenario,1
ID,8,Time,286.478,DronePosition,-110.2391,7.059366,-107.379,0,CameraPosition,-103.215,1.737331,-107.4742,CameraRotation,339.9075,269.4427,0.7321202,CurrentState,Hover2,Slider,41,Scenario,1
ID,8,Time,286.4928,DronePosition,-110.2391,7.059366,-107.379,0,CameraPosition,-103.2153,1.73734,-107.4743,CameraRotation,339.8809,269.47,0.7499621,CurrentState,Hover2,Slider,41,Scenario,1
ID,8,Time,286.5054,DronePosition,-110.2391,7.059366,-107.379,0,CameraPosition,-103.2155,1.737396,-107.4744,CameraRotation,339.848,269.4895,0.7673581,CurrentState,Hover2,Slider,41,Scenario,1
ID,8,Time,286.5194,DronePosition,-110.2391,7.059366,-107.379,0,CameraPosition,-103.2157,1.737469,-107.4744,CameraRotation,339.8135,269.512,0.7834506,CurrentState,Hover2,Slider,41,Scenario,1
ID,8,Time,286.5334,DronePosition,-110.2391,7.059366,-107.379,0,CameraPosition,-103.2159,1.737547,-107.4745,CameraRotation,339.7687,269.5284,0.797663,CurrentState,Hover2,Slider,41,Scenario,1
ID,8,Time,286.5472,DronePosition,-110.2391,7.059366,-107.379,0,CameraPosition,-103.2161,1.737605,-107.4746,CameraRotation,339.7378,269.541,0.8047062,CurrentState,Hover2,Slider,41,Scenario,1
ID,8,Time,286.5608,DronePosition,-110.2391,7.059366,-107.379,0,CameraPosition,-103.2163,1.737622,-107.4747,CameraRotation,339.721,269.5461,0.8178251,CurrentState,Hover2,Slider,41,Scenario,1
ID,8,Time,286.5752,DronePosition,-110.2391,7.059366,-107.379,0,CameraPosition,-103.2165,1.737618,-107.4749,CameraRotation,339.7285,269.5324,0.8251757,CurrentState,Hover2,Slider,41,Scenario,1
ID,8,Time,286.5893,DronePosition,-110.2391,7.059366,-107.379,0,CameraPosition,-103.2167,1.737595,-107.4749,CameraRotation,339.7386,269.519,0.8514901,CurrentState,Hover2,Slider,41,Scenario,1
ID,8,Time,286.6031,DronePosition,-110.2391,7.059366,-107.379,0,CameraPosition,-103.2169,1.737573,-107.475,CameraRotation,339.7458,269.5068,0.8722838,CurrentState,Hover2,Slider,41,Scenario,1
ID,8,Time,286.6168,DronePosition,-110.2391,7.059366,-107.379,0,CameraPosition,-103.2171,1.737568,-107.4751,CameraRotation,339.7619,269.4893,0.8988673,CurrentState,Hover2,Slider,41,Scenario,1
ID,8,Time,286.6306,DronePosition,-110.2391,7.059366,-107.379,0,CameraPosition,-103.2173,1.737571,-107.4752,CameraRotation,339.7722,269.4669,0.9216059,CurrentState,Hover2,Slider,41,Scenario,1
ID,8,Time,286.6447,DronePosition,-110.2391,7.059366,-107.379,0,CameraPosition,-103.2174,1.737573,-107.4754,CameraRotation,339.7825,269.4518,0.9392109,CurrentState,Hover2,Slider,41,Scenario,1
ID,8,Time,286.6587,DronePosition,-110.2391,7.059366,-107.379,0,CameraPosition,-103.2176,1.737558,-107.4755,CameraRotation,339.7894,269.45,0.9551066,CurrentState,Hover2,Slider,41,Scenario,1
ID,8,Time,286.6729,DronePosition,-110.2391,7.059366,-107.379,0,CameraPosition,-103.2177,1.737473,-107.4756,CameraRotation,339.7874,269.4467,0.9784487,CurrentState,Hover2,Slider,41,Scenario,1
ID,8,Time,286.6868,DronePosition,-110.2391,7.059366,-107.379,0,CameraPosition,-103.2178,1.737374,-107.4757,CameraRotation,339.7885,269.4554,1.010128,CurrentState,Hover2,Slider,41,Scenario,1
ID,8,Time,286.7006,DronePosition,-110.2391,7.059366,-107.379,0,CameraPosition,-103.2179,1.737277,-107.4758,CameraRotation,339.819,269.4615,1.050379,CurrentState,Hover2,Slider,41,Scenario,1
ID,8,Time,286.7145,DronePosition,-110.2391,7.059366,-107.379,0,CameraPosition,-103.2181,1.737199,-107.476,CameraRotation,339.84,269.4646,1.093616,CurrentState,Hover2,Slider,41,Scenario,1
ID,8,Time,286.7285,DronePosition,-110.2391,7.059366,-107.379,0,CameraPosition,-103.2182,1.737162,-107.4761,CameraRotation,339.8627,269.4765,1.105941,CurrentState,Hover2,Slider,41,Scenario,1
ID,8,Time,286.7422,DronePosition,-110.2391,7.059366,-107.379,0,CameraPosition,-103.2182,1.73715,-107.4762,CameraRotation,339.8888,269.4797,1.124466,CurrentState,Hover2,Slider,41,Scenario,1
ID,8,Time,286.7561,DronePosition,-110.2391,7.059366,-107.379,0,CameraPosition,-103.2183,1.737161,-107.4763,CameraRotation,339.8937,269.4872,1.138743,CurrentState,Hover2,Slider,41,Scenario,1
ID,8,Time,286.77,DronePosition,-110.2391,7.059366,-107.379,0,CameraPosition,-103.2184,1.737149,-107.4764,CameraRotation,339.9116,269.4805,1.175726,CurrentState,Hover2,Slider,41,Scenario,1
ID,8,Time,286.7877,DronePosition,-110.2391,7.059366,-107.379,0,CameraPosition,-103.2184,1.737126,-107.4765,CameraRotation,339.9413,269.4828,1.227089,CurrentState,Hover2,Slider,41,Scenario,1
ID,8,Time,286.7978,DronePosition,-110.2391,7.059366,-107.379,0,CameraPosition,-103.2184,1.737119,-107.4766,CameraRotation,339.9738,269.4963,1.254977,CurrentState,Hover2,Slider,41,Scenario,1
ID,8,Time,286.812,DronePosition,-110.2391,7.059366,-107.379,0,CameraPosition,-103.2184,1.73709,-107.4768,CameraRotation,339.9794,269.5127,1.248709,CurrentState,Hover2,Slider,41,Scenario,1
ID,8,Time,286.8257,DronePosition,-110.2391,7.059366,-107.379,0,CameraPosition,-103.2183,1.737021,-107.4769,CameraRotation,339.9937,269.54,1.238546,CurrentState,Hover2,Slider,41,Scenario,1
ID,8,Time,286.8397,DronePosition,-110.2391,7.059366,-107.379,0,CameraPosition,-103.2181,1.736967,-107.4771,CameraRotation,340.0103,269.5558,1.262729,CurrentState,Hover2,Slider,41,Scenario,1
ID,8,Time,286.8535,DronePosition,-110.2391,7.059366,-107.379,0,CameraPosition,-103.218,1.736943,-107.4772,CameraRotation,339.9988,269.5636,1.292825,CurrentState,Hover2,Slider,41,Scenario,1
ID,8,Time,286.8676,DronePosition,-110.2391,7.059366,-107.379,0,CameraPosition,-103.2179,1.736941,-107.4773,CameraRotation,339.9729,269.5735,1.331505,CurrentState,Hover2,Slider,41,Scenario,1
ID,8,Time,286.882,DronePosition,-110.2391,7.059366,-107.379,0,CameraPosition,-103.2178,1.736935,-107.4775,CameraRotation,339.9568,269.5919,1.348736,CurrentState,Hover2,Slider,41,Scenario,1
ID,8,Time,286.8955,DronePosition,-110.2391,7.059366,-107.379,0,CameraPosition,-103.2176,1.736906,-107.4776,CameraRotation,339.9286,269.5961,1.366085,CurrentState,Hover2,Slider,41,Scenario,1
ID,8,Time,286.9094,DronePosition,-110.2391,7.059366,-107.379,0,CameraPosition,-103.2174,1.73686,-107.4777,CameraRotation,339.9035,269.5993,1.39065,CurrentState,Hover2,Slider,41,Scenario,1
ID,8,Time,286.9232,DronePosition,-110.2391,7.059366,-107.379,0,CameraPosition,-103.2172,1.736816,-107.4777,CameraRotation,339.8771,269.6112,1.404321,CurrentState,Hover2,Slider,41,Scenario,1
ID,8,Time,286.9372,DronePosition,-110.2391,7.059366,-107.379,0,CameraPosition,-103.217,1.736788,-107.4778,CameraRotation,339.8779,269.6062,1.414148,CurrentState,Hover2,Slider,41,Scenario,1
ID,8,Time,286.9511,DronePosition,-110.2391,7.059366,-107.379,0,CameraPosition,-103.2168,1.736793,-107.478,CameraRotation,339.891,269.617,1.419271,CurrentState,Hover2,Slider,41,Scenario,1
ID,8,Time,286.965,DronePosition,-110.2391,7.059366,-107.379,0,CameraPosition,-103.2165,1.736806,-107.4781,CameraRotation,339.8711,269.6098,1.428698,CurrentState,Hover2,Slider,41,Scenario,1
ID,8,Time,286.9792,DronePosition,-110.2391,7.059366,-107.379,0,CameraPosition,-103.2163,1.736825,-107.4782,CameraRotation,339.824,269.5968,1.435333,CurrentState,Hover2,Slider,41,Scenario,1
ID,8,Time,286.9928,DronePosition,-110.2391,7.059366,-107.379,0,CameraPosition,-103.216,1.736818,-107.4782,CameraRotation,339.7813,269.5818,1.425524,CurrentState,Hover2,Slider,41,Scenario,1
ID,8,Time,287.0069,DronePosition,-110.2391,7.059366,-107.379,0,CameraPosition,-103.2158,1.736805,-107.4783,CameraRotation,339.7301,269.5789,1.403226,CurrentState,Hover2,Slider,41,Scenario,1
ID,8,Time,287.0208,DronePosition,-110.2391,7.059366,-107.379,0,CameraPosition,-103.2155,1.736835,-107.4784,CameraRotation,339.6826,269.5676,1.384674,CurrentState,Hover2,Slider,41,Scenario,1
ID,8,Time,287.0345,DronePosition,-110.2391,7.059366,-107.379,0,CameraPosition,-103.2153,1.736878,-107.4785,CameraRotation,339.6362,269.5466,1.363881,CurrentState,Hover2,Slider,41,Scenario,1
ID,8,Time,287.0487,DronePosition,-110.2391,7.059366,-107.379,0,CameraPosition,-103.2151,1.736947,-107.4787,CameraRotation,339.5803,269.5453,1.345059,CurrentState,Hover2,Slider,41,Scenario,1
ID,8,Time,287.0623,DronePosition,-110.2391,7.059366,-107.379,0,CameraPosition,-103.2149,1.737041,-107.4787,CameraRotation,339.514,269.5176,1.363639,CurrentState,Hover2,Slider,41,Scenario,1
ID,8,Time,287.0763,DronePosition,-110.2391,7.059366,-107.379,0,CameraPosition,-103.2147,1.737134,-107.4787,CameraRotation,339.4411,269.5164,1.380974,CurrentState,Hover2,Slider,41,Scenario,1
ID,8,Time,287.0907,DronePosition,-110.2391,7.059366,-107.379,0,CameraPosition,-103.2145,1.737188,-107.4788,CameraRotation,339.3758,269.5018,1.398431,CurrentState,Hover2,Slider,41,Scenario,1
ID,8,Time,287.1046,DronePosition,-110.2391,7.059366,-107.379,0,CameraPosition,-103.2143,1.737189,-107.4788,CameraRotation,339.3564,269.4882,1.411991,CurrentState,Hover2,Slider,41,Scenario,1
ID,8,Time,287.118,DronePosition,-110.2391,7.059366,-107.379,0,CameraPosition,-103.2141,1.737159,-107.4789,CameraRotation,339.3695,269.4792,1.418913,CurrentState,Hover2,Slider,41,Scenario,1
ID,8,Time,287.1323,DronePosition,-110.2391,7.059366,-107.379,0,CameraPosition,-103.214,1.737088,-107.479,CameraRotation,339.4016,269.4581,1.449485,CurrentState,Hover2,Slider,41,Scenario,1
ID,8,Time,287.1461,DronePosition,-110.2391,7.059366,-107.379,0,CameraPosition,-103.2137,1.736974,-107.479,CameraRotation,339.4279,269.438,1.479429,CurrentState,Hover2,Slider,41,Scenario,1
ID,8,Time,287.1597,DronePosition,-110.2391,7.059366,-107.379,0,CameraPosition,-103.2135,1.736841,-107.479,CameraRotation,339.4604,269.3964,1.52446,CurrentState,Hover2,Slider,41,Scenario,1
ID,8,Time,287.1737,DronePosition,-110.2391,7.059366,-107.379,0,CameraPosition,-103.2133,1.736735,-107.479,CameraRotation,339.4507,269.3604,1.566146,CurrentState,Hover2,Slider,41,Scenario,1
ID,8,Time,287.1879,DronePosition,-110.2391,7.059366,-107.379,0,CameraPosition,-103.2132,1.736717,-107.4791,CameraRotation,339.4588,269.3181,1.577235,CurrentState,Hover2,Slider,42,Scenario,1
ID,8,Time,287.2022,DronePosition,-110.2391,7.059366,-107.379,0,CameraPosition,-103.213,1.736706,-107.4791,CameraRotation,339.4639,269.278,1.557808,CurrentState,Hover2,Slider,42,Scenario,1
ID,8,Time,287.2159,DronePosition,-110.2391,7.059366,-107.379,0,CameraPosition,-103.2129,1.736708,-107.4791,CameraRotation,339.4789,269.2242,1.528366,CurrentState,Hover2,Slider,42,Scenario,1
ID,8,Time,287.2295,DronePosition,-110.2391,7.059366,-107.379,0,CameraPosition,-103.2128,1.736706,-107.4791,CameraRotation,339.4895,269.1641,1.503595,CurrentState,Hover2,Slider,42,Scenario,1
ID,8,Time,287.244,DronePosition,-110.2391,7.059366,-107.379,0,CameraPosition,-103.2126,1.736695,-107.4791,CameraRotation,339.5039,269.096,1.473874,CurrentState,Hover2,Slider,42,Scenario,1
ID,8,Time,287.2575,DronePosition,-110.2391,7.059366,-107.379,0,CameraPosition,-103.2125,1.736645,-107.4791,CameraRotation,339.5051,269.048,1.450502,CurrentState,Hover2,Slider,42,Scenario,1
ID,8,Time,287.2715,DronePosition,-110.2391,7.059366,-107.379,0,CameraPosition,-103.2124,1.736604,-107.4791,CameraRotation,339.512,269.0076,1.420122,CurrentState,Hover2,Slider,42,Scenario,1
ID,8,Time,287.2852,DronePosition,-110.2391,7.059366,-107.379,0,CameraPosition,-103.2122,1.736564,-107.4792,CameraRotation,339.5219,268.9728,1.403093,CurrentState,Hover2,Slider,42,Scenario,1
ID,8,Time,287.2995,DronePosition,-110.2391,7.059366,-107.379,0,CameraPosition,-103.2121,1.736521,-107.4791,CameraRotation,339.5291,268.9409,1.400879,CurrentState,Hover2,Slider,42,Scenario,1
ID,8,Time,287.3131,DronePosition,-110.2391,7.059366,-107.379,0,CameraPosition,-103.2119,1.736476,-107.4791,CameraRotation,339.5313,268.9156,1.407492,CurrentState,Hover2,Slider,42,Scenario,1
ID,8,Time,287.327,DronePosition,-110.2391,7.059366,-107.379,0,CameraPosition,-103.2117,1.736465,-107.479,CameraRotation,339.5334,268.8932,1.416442,CurrentState,Hover2,Slider,42,Scenario,1
ID,8,Time,287.3408,DronePosition,-110.2391,7.059366,-107.379,0,CameraPosition,-103.2116,1.736493,-107.479,CameraRotation,339.5222,268.8791,1.433955,CurrentState,Hover2,Slider,42,Scenario,1
ID,8,Time,287.3548,DronePosition,-110.2391,7.059366,-107.379,0,CameraPosition,-103.2114,1.736578,-107.4789,CameraRotation,339.5037,268.8814,1.418995,CurrentState,Hover2,Slider,42,Scenario,1
ID,8,Time,287.3689,DronePosition,-110.2391,7.059366,-107.379,0,CameraPosition,-103.2113,1.736638,-107.4788,CameraRotation,339.4588,268.8888,1.397672,CurrentState,Hover2,Slider,42,Scenario,1
ID,8,Time,287.3826,DronePosition,-110.2391,7.059366,-107.379,0,CameraPosition,-103.2112,1.736683,-107.4787,CameraRotation,339.4368,268.9072,1.378322,CurrentState,Hover2,Slider,43,Scenario,1
ID,8,Time,287.3966,DronePosition,-110.2391,7.059366,-107.379,0,CameraPosition,-103.2112,1.736705,-107.4786,CameraRotation,339.4249,268.9271,1.3513,CurrentState,Hover2,Slider,43,Scenario,1
ID,8,Time,287.4104,DronePosition,-110.2391,7.059366,-107.379,0,CameraPosition,-103.2111,1.7367,-107.4784,CameraRotation,339.425,268.959,1.30328,CurrentState,Hover2,Slider,43,Scenario,1
ID,8,Time,287.4246,DronePosition,-110.2391,7.059366,-107.379,0,CameraPosition,-103.211,1.736699,-107.4783,CameraRotation,339.4321,269.0058,1.223848,CurrentState,Hover2,Slider,43,Scenario,1
ID,8,Time,287.4384,DronePosition,-110.2391,7.059366,-107.379,0,CameraPosition,-103.2109,1.736726,-107.4782,CameraRotation,339.4289,269.0573,1.156794,CurrentState,Hover2,Slider,43,Scenario,1
ID,8,Time,287.4525,DronePosition,-110.2391,7.059366,-107.379,0,CameraPosition,-103.2108,1.736783,-107.4781,CameraRotation,339.4077,269.1079,1.119369,CurrentState,Hover2,Slider,43,Scenario,1
ID,8,Time,287.4662,DronePosition,-110.2391,7.059366,-107.379,0,CameraPosition,-103.2107,1.736811,-107.478,CameraRotation,339.3714,269.1678,1.089444,CurrentState,Hover2,Slider,43,Scenario,1
ID,8,Time,287.4802,DronePosition,-110.2391,7.059366,-107.379,0,CameraPosition,-103.2106,1.736812,-107.4779,CameraRotation,339.3436,269.22,1.06119,CurrentState,Hover2,Slider,43,Scenario,1
ID,8,Time,287.4943,DronePosition,-110.2391,7.059366,-107.379,0,CameraPosition,-103.2105,1.736786,-107.4778,CameraRotation,339.3471,269.2737,1.034695,CurrentState,Hover2,Slider,43,Scenario,1
ID,8,Time,287.5096,DronePosition,-110.2391,7.059366,-107.379,0,CameraPosition,-103.2104,1.736753,-107.4777,CameraRotation,339.356,269.3102,1.026082,CurrentState,Hover2,Slider,43,Scenario,1
ID,8,Time,287.5219,DronePosition,-110.2391,7.059366,-107.379,0,CameraPosition,-103.2104,1.736707,-107.4776,CameraRotation,339.3812,269.323,1.044288,CurrentState,Hover2,Slider,43,Scenario,1
ID,8,Time,287.5358,DronePosition,-110.2391,7.059366,-107.379,0,CameraPosition,-103.2104,1.73669,-107.4776,CameraRotation,339.392,269.3399,1.0373,CurrentState,Hover2,Slider,43,Scenario,1
ID,8,Time,287.5497,DronePosition,-110.2391,7.059366,-107.379,0,CameraPosition,-103.2104,1.736713,-107.4774,CameraRotation,339.3953,269.3593,1.01438,CurrentState,Hover2,Slider,43,Scenario,1
ID,8,Time,287.5634,DronePosition,-110.2391,7.059366,-107.379,0,CameraPosition,-103.2103,1.736763,-107.4773,CameraRotation,339.4015,269.3721,0.9811069,CurrentState,Hover2,Slider,43,Scenario,1
ID,8,Time,287.5774,DronePosition,-110.2391,7.059366,-107.379,0,CameraPosition,-103.2103,1.736779,-107.4773,CameraRotation,339.402,269.3802,0.9705693,CurrentState,Hover2,Slider,43,Scenario,1
ID,8,Time,287.5912,DronePosition,-110.2391,7.059366,-107.379,0,CameraPosition,-103.2103,1.736778,-107.4773,CameraRotation,339.4149,269.3698,0.9778208,CurrentState,Hover2,Slider,44,Scenario,1
ID,8,Time,287.6054,DronePosition,-110.2391,7.059366,-107.379,0,CameraPosition,-103.2103,1.736779,-107.4772,CameraRotation,339.4324,269.3478,1.011276,CurrentState,Hover2,Slider,44,Scenario,1
ID,8,Time,287.6195,DronePosition,-110.2391,7.059366,-107.379,0,CameraPosition,-103.2103,1.73675,-107.4772,CameraRotation,339.4446,269.3261,1.036605,CurrentState,Hover2,Slider,44,Scenario,1
ID,8,Time,287.6332,DronePosition,-110.2391,7.059366,-107.379,0,CameraPosition,-103.2103,1.736708,-107.4772,CameraRotation,339.4475,269.3171,1.033609,CurrentState,Hover2,Slider,44,Scenario,1
ID,8,Time,287.6471,DronePosition,-110.2391,7.059366,-107.379,0,CameraPosition,-103.2102,1.736655,-107.4772,CameraRotation,339.4439,269.2977,1.038894,CurrentState,Hover2,Slider,44,Scenario,1
ID,8,Time,287.6623,DronePosition,-110.2391,7.059366,-107.379,0,CameraPosition,-103.2102,1.736664,-107.4772,CameraRotation,339.4311,269.2782,1.053821,CurrentState,Hover2,Slider,44,Scenario,1
ID,8,Time,287.675,DronePosition,-110.2391,7.059366,-107.379,0,CameraPosition,-103.2102,1.736657,-107.4772,CameraRotation,339.439,269.253,1.088272,CurrentState,Hover2,Slider,44,Scenario,1
ID,8,Time,287.6891,DronePosition,-110.2391,7.059366,-107.379,0,CameraPosition,-103.2103,1.736628,-107.4772,CameraRotation,339.4481,269.2282,1.127728,CurrentState,Hover2,Slider,44,Scenario,1
ID,8,Time,287.7031,DronePosition,-110.2391,7.059366,-107.379,0,CameraPosition,-103.2103,1.736625,-107.4771,CameraRotation,339.4491,269.2002,1.154645,CurrentState,Hover2,Slider,44,Scenario,1
ID,8,Time,287.7173,DronePosition,-110.2391,7.059366,-107.379,0,CameraPosition,-103.2103,1.736654,-107.477,CameraRotation,339.4529,269.1707,1.174914,CurrentState,Hover2,Slider,44,Scenario,1
ID,8,Time,287.7311,DronePosition,-110.2391,7.059366,-107.379,0,CameraPosition,-103.2104,1.736699,-107.4769,CameraRotation,339.4391,269.1452,1.185945,CurrentState,Hover2,Slider,44,Scenario,1
ID,8,Time,287.7444,DronePosition,-110.2391,7.059366,-107.379,0,CameraPosition,-103.2104,1.736738,-107.4769,CameraRotation,339.4286,269.1331,1.179053,CurrentState,Hover2,Slider,44,Scenario,1
ID,8,Time,287.7585,DronePosition,-110.2391,7.059366,-107.379,0,CameraPosition,-103.2104,1.736752,-107.4768,CameraRotation,339.4213,269.121,1.163161,CurrentState,Hover2,Slider,44,Scenario,1
ID,8,Time,287.7722,DronePosition,-110.2391,7.059366,-107.379,0,CameraPosition,-103.2105,1.736732,-107.4767,CameraRotation,339.4243,269.1223,1.130313,CurrentState,Hover2,Slider,44,Scenario,1
ID,8,Time,287.7865,DronePosition,-110.2391,7.059366,-107.379,0,CameraPosition,-103.2105,1.736672,-107.4766,CameraRotation,339.4319,269.1285,1.105441,CurrentState,Hover2,Slider,45,Scenario,1
ID,8,Time,287.8005,DronePosition,-110.2391,7.059366,-107.379,0,CameraPosition,-103.2105,1.7366,-107.4765,CameraRotation,339.4347,269.1392,1.093386,CurrentState,Hover2,Slider,45,Scenario,1
ID,8,Time,287.8143,DronePosition,-110.2391,7.059366,-107.379,0,CameraPosition,-103.2105,1.736572,-107.4763,CameraRotation,339.4238,269.1465,1.086316,CurrentState,Hover2,Slider,45,Scenario,1
ID,8,Time,287.8282,DronePosition,-110.2391,7.059366,-107.379,0,CameraPosition,-103.2105,1.736604,-107.4762,CameraRotation,339.4032,269.1646,1.077676,CurrentState,Hover2,Slider,45,Scenario,1
ID,8,Time,287.842,DronePosition,-110.2391,7.059366,-107.379,0,CameraPosition,-103.2106,1.736669,-107.4761,CameraRotation,339.3743,269.1974,1.069719,CurrentState,Hover2,Slider,45,Scenario,1
ID,8,Time,287.8559,DronePosition,-110.2391,7.059366,-107.379,0,CameraPosition,-103.2106,1.736734,-107.4759,CameraRotation,339.3288,269.2219,1.066789,CurrentState,Hover2,Slider,45,Scenario,1
ID,8,Time,287.8698,DronePosition,-110.2391,7.059366,-107.379,0,CameraPosition,-103.2107,1.736801,-107.4758,CameraRotation,339.2902,269.2551,1.047876,CurrentState,Hover2,Slider,45,Scenario,1
ID,8,Time,287.8838,DronePosition,-110.2391,7.059366,-107.379,0,CameraPosition,-103.2107,1.736856,-107.4756,CameraRotation,339.2554,269.2956,1.026597,CurrentState,Hover2,Slider,46,Scenario,1
ID,8,Time,287.8976,DronePosition,-110.2391,7.059366,-107.379,0,CameraPosition,-103.2108,1.736884,-107.4754,CameraRotation,339.2329,269.3256,1.01932,CurrentState,Hover2,Slider,46,Scenario,1
ID,8,Time,287.9117,DronePosition,-110.2391,7.059366,-107.379,0,CameraPosition,-103.2109,1.7369,-107.4753,CameraRotation,339.2147,269.3544,1.010104,CurrentState,Hover2,Slider,46,Scenario,1
ID,8,Time,287.9259,DronePosition,-110.2391,7.059366,-107.379,0,CameraPosition,-103.2109,1.736903,-107.4752,CameraRotation,339.1976,269.3744,0.9909477,CurrentState,Hover2,Slider,46,Scenario,1
ID,8,Time,287.9395,DronePosition,-110.2391,7.059366,-107.379,0,CameraPosition,-103.211,1.736869,-107.4751,CameraRotation,339.1884,269.3961,0.9832278,CurrentState,Hover2,Slider,46,Scenario,1
ID,8,Time,287.9536,DronePosition,-110.2391,7.059366,-107.379,0,CameraPosition,-103.211,1.736809,-107.475,CameraRotation,339.1654,269.408,0.9687614,CurrentState,Hover2,Slider,46,Scenario,1
ID,8,Time,287.9673,DronePosition,-110.2391,7.059366,-107.379,0,CameraPosition,-103.211,1.736775,-107.4749,CameraRotation,339.1502,269.4063,0.9426641,CurrentState,Hover2,Slider,46,Scenario,1
ID,8,Time,287.9812,DronePosition,-110.2391,7.059366,-107.379,0,CameraPosition,-103.2111,1.736816,-107.4748,CameraRotation,339.1205,269.4017,0.9005932,CurrentState,Hover2,Slider,46,Scenario,1
ID,8,Time,287.9949,DronePosition,-110.2391,7.059366,-107.379,0,CameraPosition,-103.2112,1.736871,-107.4747,CameraRotation,339.0868,269.3978,0.879095,CurrentState,Hover2,Slider,47,Scenario,1
ID,8,Time,288.009,DronePosition,-110.2391,7.059366,-107.379,0,CameraPosition,-103.2114,1.736911,-107.4746,CameraRotation,339.058,269.3853,0.8825845,CurrentState,Hover2,Slider,47,Scenario,1
ID,8,Time,288.0231,DronePosition,-110.2391,7.059366,-107.379,0,CameraPosition,-103.2115,1.736953,-107.4745,CameraRotation,339.0525,269.3659,0.8930741,CurrentState,Hover2,Slider,47,Scenario,1
ID,8,Time,288.0369,DronePosition,-110.2391,7.059366,-107.379,0,CameraPosition,-103.2117,1.736993,-107.4744,CameraRotation,339.0468,269.3684,0.8744457,CurrentState,Hover2,Slider,47,Scenario,1
ID,8,Time,288.051,DronePosition,-110.2391,7.059366,-107.379,0,CameraPosition,-103.2119,1.737042,-107.4744,CameraRotation,339.038,269.3709,0.8321069,CurrentState,Hover2,Slider,47,Scenario,1
ID,8,Time,288.0648,DronePosition,-110.2391,7.059366,-107.379,0,CameraPosition,-103.2121,1.737084,-107.4743,CameraRotation,339.0002,269.3734,0.8084245,CurrentState,Hover2,Slider,47,Scenario,1
ID,8,Time,288.0785,DronePosition,-110.2391,7.059366,-107.379,0,CameraPosition,-103.2122,1.737171,-107.4743,CameraRotation,338.9756,269.3663,0.8101046,CurrentState,Hover2,Slider,47,Scenario,1
ID,8,Time,288.0924,DronePosition,-110.2391,7.059366,-107.379,0,CameraPosition,-103.2124,1.737255,-107.4742,CameraRotation,338.9425,269.3712,0.8192732,CurrentState,Hover2,Slider,47,Scenario,1
ID,8,Time,288.1065,DronePosition,-110.2391,7.059366,-107.379,0,CameraPosition,-103.2124,1.737241,-107.4742,CameraRotation,338.9242,269.3591,0.8360659,CurrentState,Hover2,Slider,47,Scenario,1
ID,8,Time,288.1207,DronePosition,-110.2391,7.059366,-107.379,0,CameraPosition,-103.2125,1.737162,-107.4742,CameraRotation,338.9085,269.3531,0.8418742,CurrentState,Hover2,Slider,47,Scenario,1
ID,8,Time,288.1347,DronePosition,-110.2391,7.059366,-107.379,0,CameraPosition,-103.2126,1.737077,-107.4742,CameraRotation,338.9163,269.3423,0.8626436,CurrentState,Hover2,Slider,47,Scenario,1
ID,8,Time,288.1485,DronePosition,-110.2391,7.059366,-107.379,0,CameraPosition,-103.2127,1.737045,-107.4742,CameraRotation,338.9359,269.3187,0.8731892,CurrentState,Hover2,Slider,47,Scenario,1
ID,8,Time,288.1622,DronePosition,-110.2391,7.059366,-107.379,0,CameraPosition,-103.2128,1.737014,-107.4743,CameraRotation,338.9367,269.2901,0.8891466,CurrentState,Hover2,Slider,47,Scenario,1
ID,8,Time,288.1759,DronePosition,-110.2391,7.059366,-107.379,0,CameraPosition,-103.2129,1.737032,-107.4743,CameraRotation,338.944,269.2528,0.9081839,CurrentState,Hover2,Slider,47,Scenario,1
ID,8,Time,288.1899,DronePosition,-110.2391,7.059366,-107.379,0,CameraPosition,-103.213,1.737116,-107.4743,CameraRotation,338.9359,269.218,0.9204494,CurrentState,Hover2,Slider,47,Scenario,1
ID,8,Time,288.2043,DronePosition,-110.2391,7.059366,-107.379,0,CameraPosition,-103.2131,1.737193,-107.4743,CameraRotation,338.9258,269.1912,0.9214385,CurrentState,Hover2,Slider,47,Scenario,1
ID,8,Time,288.218,DronePosition,-110.2391,7.059366,-107.379,0,CameraPosition,-103.2131,1.737209,-107.4744,CameraRotation,338.9276,269.1636,0.909816,CurrentState,Hover2,Slider,47,Scenario,1
ID,8,Time,288.2318,DronePosition,-110.2391,7.059366,-107.379,0,CameraPosition,-103.2132,1.73721,-107.4744,CameraRotation,338.924,269.1555,0.8890916,CurrentState,Hover2,Slider,47,Scenario,1
ID,8,Time,288.2459,DronePosition,-110.2391,7.059366,-107.379,0,CameraPosition,-103.2132,1.737259,-107.4745,CameraRotation,338.9129,269.1624,0.8733121,CurrentState,Hover2,Slider,47,Scenario,1
ID,8,Time,288.2595,DronePosition,-110.2391,7.059366,-107.379,0,CameraPosition,-103.2131,1.737308,-107.4746,CameraRotation,338.8547,269.1624,0.8701592,CurrentState,Hover2,Slider,47,Scenario,1
ID,8,Time,288.2737,DronePosition,-110.2391,7.059366,-107.379,0,CameraPosition,-103.2131,1.737357,-107.4747,CameraRotation,338.7874,269.1696,0.8592942,CurrentState,Hover2,Slider,47,Scenario,1
ID,8,Time,288.2875,DronePosition,-110.2391,7.059366,-107.379,0,CameraPosition,-103.213,1.737405,-107.4749,CameraRotation,338.7192,269.1631,0.8930966,CurrentState,Hover2,Slider,47,Scenario,1
ID,8,Time,288.3014,DronePosition,-110.2391,7.059366,-107.379,0,CameraPosition,-103.213,1.737492,-107.475,CameraRotation,338.6357,269.1623,0.92308,CurrentState,Hover2,Slider,47,Scenario,1
ID,8,Time,288.3155,DronePosition,-110.2391,7.059366,-107.379,0,CameraPosition,-103.213,1.737582,-107.4751,CameraRotation,338.5585,269.1588,0.9532544,CurrentState,Hover2,Slider,47,Scenario,1
ID,8,Time,288.3294,DronePosition,-110.2391,7.059366,-107.379,0,CameraPosition,-103.2129,1.737738,-107.4753,CameraRotation,338.4748,269.1644,0.9593007,CurrentState,Hover2,Slider,47,Scenario,1
ID,8,Time,288.3436,DronePosition,-110.2391,7.059366,-107.379,0,CameraPosition,-103.2129,1.737945,-107.4754,CameraRotation,338.3477,269.1876,0.9574891,CurrentState,Hover2,Slider,47,Scenario,1
ID,8,Time,288.3573,DronePosition,-110.2391,7.059366,-107.379,0,CameraPosition,-103.2129,1.738169,-107.4755,CameraRotation,338.23,269.1968,0.9626191,CurrentState,Hover2,Slider,47,Scenario,1
ID,8,Time,288.3713,DronePosition,-110.2391,7.059366,-107.379,0,CameraPosition,-103.213,1.738404,-107.4756,CameraRotation,338.0925,269.2088,0.9821984,CurrentState,Hover2,Slider,47,Scenario,1
ID,8,Time,288.3847,DronePosition,-110.2391,7.059366,-107.379,0,CameraPosition,-103.213,1.738595,-107.4758,CameraRotation,337.957,269.2296,0.9912107,CurrentState,Hover2,Slider,48,Scenario,1
ID,8,Time,288.3993,DronePosition,-110.2391,7.059366,-107.379,0,CameraPosition,-103.2129,1.738809,-107.476,CameraRotation,337.8097,269.242,1.00368,CurrentState,Hover2,Slider,48,Scenario,1
ID,8,Time,288.4131,DronePosition,-110.2391,7.059366,-107.379,0,CameraPosition,-103.2129,1.739068,-107.4761,CameraRotation,337.6612,269.2636,0.9852448,CurrentState,Hover2,Slider,48,Scenario,1
ID,8,Time,288.4266,DronePosition,-110.2391,7.059366,-107.379,0,CameraPosition,-103.2129,1.739298,-107.4763,CameraRotation,337.4825,269.2926,0.9081533,CurrentState,Hover2,Slider,48,Scenario,1
ID,8,Time,288.4408,DronePosition,-110.2391,7.059366,-107.379,0,CameraPosition,-103.2128,1.739531,-107.4764,CameraRotation,337.3091,269.3254,0.8087296,CurrentState,Hover2,Slider,48,Scenario,1
ID,8,Time,288.4546,DronePosition,-110.2391,7.059366,-107.379,0,CameraPosition,-103.2128,1.739807,-107.4765,CameraRotation,337.1035,269.3748,0.6561866,CurrentState,Hover2,Slider,48,Scenario,1
ID,8,Time,288.4688,DronePosition,-110.2391,7.059366,-107.379,0,CameraPosition,-103.2127,1.740111,-107.4766,CameraRotation,336.908,269.4267,0.5174942,CurrentState,Hover2,Slider,48,Scenario,1
ID,8,Time,288.4826,DronePosition,-110.2391,7.059366,-107.379,0,CameraPosition,-103.2127,1.74043,-107.4767,CameraRotation,336.7076,269.4815,0.4052242,CurrentState,Hover2,Slider,48,Scenario,1
ID,8,Time,288.4968,DronePosition,-110.2391,7.059366,-107.379,0,CameraPosition,-103.2127,1.740764,-107.4768,CameraRotation,336.4872,269.5414,0.3005839,CurrentState,Hover2,Slider,48,Scenario,1
ID,8,Time,288.5101,DronePosition,-110.2391,7.059366,-107.379,0,CameraPosition,-103.2126,1.741119,-107.4769,CameraRotation,336.2842,269.586,0.203686,CurrentState,Hover2,Slider,48,Scenario,1
ID,8,Time,288.5243,DronePosition,-110.2391,7.059366,-107.379,0,CameraPosition,-103.2126,1.741456,-107.4771,CameraRotation,336.0835,269.6228,0.129545,CurrentState,Hover2,Slider,48,Scenario,1
ID,8,Time,288.538,DronePosition,-110.2391,7.059366,-107.379,0,CameraPosition,-103.2125,1.741757,-107.4772,CameraRotation,335.8734,269.669,0.06478015,CurrentState,Hover2,Slider,48,Scenario,1
ID,8,Time,288.5525,DronePosition,-110.2391,7.059366,-107.379,0,CameraPosition,-103.2124,1.742046,-107.4774,CameraRotation,335.6686,269.7314,0.0221919,CurrentState,Hover2,Slider,48,Scenario,1
ID,8,Time,288.5661,DronePosition,-110.2391,7.059366,-107.379,0,CameraPosition,-103.2122,1.742315,-107.4775,CameraRotation,335.4717,269.8123,359.9834,CurrentState,Hover2,Slider,48,Scenario,1
ID,8,Time,288.58,DronePosition,-110.2391,7.059366,-107.379,0,CameraPosition,-103.212,1.742501,-107.4777,CameraRotation,335.3051,269.8705,359.9937,CurrentState,Hover2,Slider,48,Scenario,1
ID,8,Time,288.5936,DronePosition,-110.2391,7.059366,-107.379,0,CameraPosition,-103.2118,1.742657,-107.4779,CameraRotation,335.1755,269.9222,0.01337387,CurrentState,Hover2,Slider,48,Scenario,1
ID,8,Time,288.6082,DronePosition,-110.2391,7.059366,-107.379,0,CameraPosition,-103.2116,1.742784,-107.4781,CameraRotation,335.0813,269.9655,0.03902533,CurrentState,Hover2,Slider,48,Scenario,1
ID,8,Time,288.6217,DronePosition,-110.2391,7.059366,-107.379,0,CameraPosition,-103.2114,1.742915,-107.4783,CameraRotation,334.9788,270.0185,0.03023607,CurrentState,Hover2,Slider,48,Scenario,1
ID,8,Time,288.6356,DronePosition,-110.2391,7.059366,-107.379,0,CameraPosition,-103.2112,1.743019,-107.4785,CameraRotation,334.8746,270.0724,0.03788313,CurrentState,Hover2,Slider,48,Scenario,1
ID,8,Time,288.6497,DronePosition,-110.2391,7.059366,-107.379,0,CameraPosition,-103.211,1.743114,-107.4787,CameraRotation,334.7911,270.133,0.06522288,CurrentState,Hover2,Slider,48,Scenario,1
ID,8,Time,288.6635,DronePosition,-110.2391,7.059366,-107.379,0,CameraPosition,-103.2108,1.743238,-107.4789,CameraRotation,334.7216,270.1729,0.09799985,CurrentState,Hover2,Slider,48,Scenario,1
ID,8,Time,288.6774,DronePosition,-110.2391,7.059366,-107.379,0,CameraPosition,-103.2106,1.743399,-107.479,CameraRotation,334.6475,270.2302,0.08859335,CurrentState,Hover2,Slider,48,Scenario,1
ID,8,Time,288.6911,DronePosition,-110.2391,7.059366,-107.379,0,CameraPosition,-103.2104,1.743548,-107.4792,CameraRotation,334.5689,270.2919,0.04242292,CurrentState,Hover2,Slider,48,Scenario,1
ID,8,Time,288.7059,DronePosition,-110.2391,7.059366,-107.379,0,CameraPosition,-103.2101,1.743647,-107.4794,CameraRotation,334.5194,270.3353,-0.002259439,CurrentState,Hover2,Slider,48,Scenario,1
ID,8,Time,288.7191,DronePosition,-110.2391,7.059366,-107.379,0,CameraPosition,-103.2099,1.743735,-107.4796,CameraRotation,334.4877,270.3798,359.9655,CurrentState,Hover2,Slider,48,Scenario,1
ID,8,Time,288.7333,DronePosition,-110.2391,7.059366,-107.379,0,CameraPosition,-103.2097,1.743759,-107.4798,CameraRotation,334.4768,270.4066,359.9481,CurrentState,Hover2,Slider,48,Scenario,1
ID,8,Time,288.7472,DronePosition,-110.2391,7.059366,-107.379,0,CameraPosition,-103.2094,1.743727,-107.48,CameraRotation,334.4807,270.4285,359.9541,CurrentState,Hover2,Slider,48,Scenario,1
ID,8,Time,288.7614,DronePosition,-110.2391,7.059366,-107.379,0,CameraPosition,-103.2092,1.743736,-107.4802,CameraRotation,334.5017,270.4409,359.9524,CurrentState,Hover2,Slider,48,Scenario,1
ID,8,Time,288.7747,DronePosition,-110.2391,7.059366,-107.379,0,CameraPosition,-103.209,1.743697,-107.4804,CameraRotation,334.4504,270.46,359.9134,CurrentState,Hover2,Slider,48,Scenario,1
ID,8,Time,288.7895,DronePosition,-110.2391,7.059366,-107.379,0,CameraPosition,-103.2088,1.74371,-107.4806,CameraRotation,334.4142,270.4642,359.8598,CurrentState,Hover2,Slider,48,Scenario,1
ID,8,Time,288.8027,DronePosition,-110.2391,7.059366,-107.379,0,CameraPosition,-103.2086,1.743751,-107.4809,CameraRotation,334.3869,270.4822,359.8441,CurrentState,Hover2,Slider,48,Scenario,1
ID,8,Time,288.8166,DronePosition,-110.2391,7.059366,-107.379,0,CameraPosition,-103.2084,1.743805,-107.4811,CameraRotation,334.3431,270.4675,359.8733,CurrentState,Hover2,Slider,48,Scenario,1
ID,8,Time,288.8307,DronePosition,-110.2391,7.059366,-107.379,0,CameraPosition,-103.2082,1.743882,-107.4812,CameraRotation,334.2913,270.4618,359.8887,CurrentState,Hover2,Slider,48,Scenario,1
ID,8,Time,288.8445,DronePosition,-110.2391,7.059366,-107.379,0,CameraPosition,-103.208,1.743922,-107.4814,CameraRotation,334.2292,270.4712,359.89,CurrentState,Hover2,Slider,48,Scenario,1
ID,8,Time,288.8582,DronePosition,-110.2391,7.059366,-107.379,0,CameraPosition,-103.2077,1.743969,-107.4815,CameraRotation,334.2041,270.4842,359.8889,CurrentState,Hover2,Slider,48,Scenario,1
ID,8,Time,288.8724,DronePosition,-110.2391,7.059366,-107.379,0,CameraPosition,-103.2074,1.743992,-107.4817,CameraRotation,334.1744,270.5097,359.8692,CurrentState,Hover2,Slider,48,Scenario,1
ID,8,Time,288.8865,DronePosition,-110.2391,7.059366,-107.379,0,CameraPosition,-103.2072,1.744007,-107.4819,CameraRotation,334.1555,270.5307,359.8479,CurrentState,Hover2,Slider,49,Scenario,1
ID,8,Time,288.9003,DronePosition,-110.2391,7.059366,-107.379,0,CameraPosition,-103.2068,1.744023,-107.4821,CameraRotation,334.1435,270.5371,359.8376,CurrentState,Hover2,Slider,49,Scenario,1
ID,8,Time,288.9139,DronePosition,-110.2391,7.059366,-107.379,0,CameraPosition,-103.2065,1.744037,-107.4823,CameraRotation,334.0884,270.5418,359.8531,CurrentState,Hover2,Slider,49,Scenario,1
ID,8,Time,288.9281,DronePosition,-110.2391,7.059366,-107.379,0,CameraPosition,-103.2062,1.744079,-107.4824,CameraRotation,334.0122,270.5479,359.8872,CurrentState,Hover2,Slider,49,Scenario,1
ID,8,Time,288.9424,DronePosition,-110.2391,7.059366,-107.379,0,CameraPosition,-103.2059,1.74416,-107.4826,CameraRotation,333.9255,270.5526,359.9308,CurrentState,Hover2,Slider,49,Scenario,1
ID,8,Time,288.956,DronePosition,-110.2391,7.059366,-107.379,0,CameraPosition,-103.2056,1.744197,-107.4827,CameraRotation,333.8599,270.5621,359.9358,CurrentState,Hover2,Slider,49,Scenario,1
ID,8,Time,288.9703,DronePosition,-110.2391,7.059366,-107.379,0,CameraPosition,-103.2053,1.744205,-107.4828,CameraRotation,333.8553,270.5673,359.931,CurrentState,Hover2,Slider,49,Scenario,1
ID,8,Time,288.9842,DronePosition,-110.2391,7.059366,-107.379,0,CameraPosition,-103.205,1.744217,-107.483,CameraRotation,333.8358,270.5683,359.9322,CurrentState,Hover2,Slider,49,Scenario,1
ID,8,Time,288.9978,DronePosition,-110.2391,7.059366,-107.379,0,CameraPosition,-103.2048,1.74427,-107.4831,CameraRotation,333.8088,270.5631,359.9546,CurrentState,Hover2,Slider,49,Scenario,1
ID,8,Time,289.0117,DronePosition,-110.2391,7.059366,-107.379,0,CameraPosition,-103.2045,1.744357,-107.4831,CameraRotation,333.7432,270.5593,359.9635,CurrentState,Hover2,Slider,49,Scenario,1
ID,8,Time,289.0253,DronePosition,-110.2391,7.059366,-107.379,0,CameraPosition,-103.2042,1.744431,-107.4832,CameraRotation,333.6631,270.5614,359.9577,CurrentState,Hover2,Slider,49,Scenario,1
ID,8,Time,289.0394,DronePosition,-110.2391,7.059366,-107.379,0,CameraPosition,-103.2039,1.744485,-107.4833,CameraRotation,333.5887,270.5715,359.9311,CurrentState,Hover2,Slider,49,Scenario,1
ID,8,Time,289.0533,DronePosition,-110.2391,7.059366,-107.379,0,CameraPosition,-103.2036,1.744511,-107.4834,CameraRotation,333.5544,270.5796,359.9027,CurrentState,Hover2,Slider,49,Scenario,1
ID,8,Time,289.0672,DronePosition,-110.2391,7.059366,-107.379,0,CameraPosition,-103.2033,1.744502,-107.4835,CameraRotation,333.5392,270.5766,359.9003,CurrentState,Hover2,Slider,49,Scenario,1
ID,8,Time,289.0815,DronePosition,-110.2391,7.059366,-107.379,0,CameraPosition,-103.203,1.744483,-107.4836,CameraRotation,333.5233,270.5715,359.9271,CurrentState,Hover2,Slider,49,Scenario,1
ID,8,Time,289.0949,DronePosition,-110.2391,7.059366,-107.379,0,CameraPosition,-103.2027,1.744523,-107.4837,CameraRotation,333.494,270.5806,359.9469,CurrentState,Hover2,Slider,49,Scenario,1
ID,8,Time,289.1089,DronePosition,-110.2391,7.059366,-107.379,0,CameraPosition,-103.2024,1.744586,-107.4837,CameraRotation,333.4365,270.5827,359.9632,CurrentState,Hover2,Slider,49,Scenario,1
ID,8,Time,289.123,DronePosition,-110.2391,7.059366,-107.379,0,CameraPosition,-103.2021,1.744676,-107.4838,CameraRotation,333.3704,270.6094,359.9672,CurrentState,Hover2,Slider,49,Scenario,1
ID,8,Time,289.1369,DronePosition,-110.2391,7.059366,-107.379,0,CameraPosition,-103.2019,1.744738,-107.4838,CameraRotation,333.2898,270.6257,359.9704,CurrentState,Hover2,Slider,49,Scenario,1
ID,8,Time,289.1508,DronePosition,-110.2391,7.059366,-107.379,0,CameraPosition,-103.2017,1.74478,-107.4839,CameraRotation,333.2249,270.6523,359.9766,CurrentState,Hover2,Slider,49,Scenario,1
ID,8,Time,289.165,DronePosition,-110.2391,7.059366,-107.379,0,CameraPosition,-103.2015,1.744794,-107.484,CameraRotation,333.1862,270.655,-0.001235014,CurrentState,Hover2,Slider,49,Scenario,1
ID,8,Time,289.179,DronePosition,-110.2391,7.059366,-107.379,0,CameraPosition,-103.2013,1.744803,-107.484,CameraRotation,333.144,270.6711,0.02431232,CurrentState,Hover2,Slider,49,Scenario,1
ID,8,Time,289.1924,DronePosition,-110.2391,7.059366,-107.379,0,CameraPosition,-103.201,1.744835,-107.4841,CameraRotation,333.1162,270.6705,0.05098946,CurrentState,Hover2,Slider,51,Scenario,1
ID,8,Time,289.2067,DronePosition,-110.2391,7.059366,-107.379,0,CameraPosition,-103.2008,1.744863,-107.4841,CameraRotation,333.0529,270.6674,0.07701652,CurrentState,Hover2,Slider,51,Scenario,1
ID,8,Time,289.2206,DronePosition,-110.2391,7.059366,-107.379,0,CameraPosition,-103.2006,1.744862,-107.4842,CameraRotation,333.0004,270.6533,0.08688661,CurrentState,Hover2,Slider,51,Scenario,1
ID,8,Time,289.2344,DronePosition,-110.2391,7.059366,-107.379,0,CameraPosition,-103.2004,1.744855,-107.4843,CameraRotation,332.9687,270.627,0.1056389,CurrentState,Hover2,Slider,51,Scenario,1
ID,8,Time,289.2485,DronePosition,-110.2391,7.059366,-107.379,0,CameraPosition,-103.2002,1.744843,-107.4845,CameraRotation,332.9235,270.581,0.1450267,CurrentState,Hover2,Slider,51,Scenario,1
ID,8,Time,289.2623,DronePosition,-110.2391,7.059366,-107.379,0,CameraPosition,-103.2,1.74489,-107.4846,CameraRotation,332.8583,270.5251,0.2034128,CurrentState,Hover2,Slider,51,Scenario,1
ID,8,Time,289.2759,DronePosition,-110.2391,7.059366,-107.379,0,CameraPosition,-103.1999,1.744932,-107.4847,CameraRotation,332.8055,270.4515,0.2678395,CurrentState,Hover2,Slider,51,Scenario,1
ID,8,Time,289.2904,DronePosition,-110.2391,7.059366,-107.379,0,CameraPosition,-103.1997,1.744972,-107.4848,CameraRotation,332.7596,270.3716,0.2966952,CurrentState,Hover2,Slider,51,Scenario,1
ID,8,Time,289.3042,DronePosition,-110.2391,7.059366,-107.379,0,CameraPosition,-103.1995,1.745037,-107.4849,CameraRotation,332.6994,270.3222,0.2981627,CurrentState,Hover2,Slider,51,Scenario,1
ID,8,Time,289.318,DronePosition,-110.2391,7.059366,-107.379,0,CameraPosition,-103.1994,1.74512,-107.485,CameraRotation,332.6346,270.2589,0.2975354,CurrentState,Hover2,Slider,51,Scenario,1
ID,8,Time,289.332,DronePosition,-110.2391,7.059366,-107.379,0,CameraPosition,-103.1992,1.745188,-107.4851,CameraRotation,332.5799,270.1973,0.3131596,CurrentState,Hover2,Slider,51,Scenario,1
ID,8,Time,289.3459,DronePosition,-110.2391,7.059366,-107.379,0,CameraPosition,-103.1991,1.745217,-107.4852,CameraRotation,332.5538,270.1259,0.3678334,CurrentState,Hover2,Slider,51,Scenario,1
ID,8,Time,289.3599,DronePosition,-110.2391,7.059366,-107.379,0,CameraPosition,-103.1989,1.74523,-107.4853,CameraRotation,332.5307,270.0428,0.4613091,CurrentState,Hover2,Slider,51,Scenario,1
ID,8,Time,289.3736,DronePosition,-110.2391,7.059366,-107.379,0,CameraPosition,-103.1987,1.745217,-107.4854,CameraRotation,332.5053,269.9667,0.5518546,CurrentState,Hover2,Slider,51,Scenario,1
ID,8,Time,289.388,DronePosition,-110.2391,7.059366,-107.379,0,CameraPosition,-103.1986,1.745148,-107.4855,CameraRotation,332.4902,269.9003,0.610731,CurrentState,Hover2,Slider,51,Scenario,1
ID,8,Time,289.4018,DronePosition,-110.2391,7.059366,-107.379,0,CameraPosition,-103.1985,1.745077,-107.4857,CameraRotation,332.4578,269.8408,0.6596185,CurrentState,Hover2,Slider,51,Scenario,1
ID,8,Time,289.4157,DronePosition,-110.2391,7.059366,-107.379,0,CameraPosition,-103.1983,1.74509,-107.4858,CameraRotation,332.4069,269.7706,0.7191462,CurrentState,Hover2,Slider,51,Scenario,1
ID,8,Time,289.4293,DronePosition,-110.2391,7.059366,-107.379,0,CameraPosition,-103.1982,1.745161,-107.4859,CameraRotation,332.3322,269.7081,0.7765161,CurrentState,Hover2,Slider,51,Scenario,1
ID,8,Time,289.4432,DronePosition,-110.2391,7.059366,-107.379,0,CameraPosition,-103.1981,1.745225,-107.486,CameraRotation,332.282,269.6431,0.827993,CurrentState,Hover2,Slider,51,Scenario,1
ID,8,Time,289.457,DronePosition,-110.2391,7.059366,-107.379,0,CameraPosition,-103.198,1.74526,-107.4861,CameraRotation,332.2587,269.5782,0.8723844,CurrentState,Hover2,Slider,51,Scenario,1
ID,8,Time,289.4711,DronePosition,-110.2391,7.059366,-107.379,0,CameraPosition,-103.198,1.745251,-107.4862,CameraRotation,332.2466,269.5105,0.9159505,CurrentState,Hover2,Slider,51,Scenario,1
ID,8,Time,289.4851,DronePosition,-110.2391,7.059366,-107.379,0,CameraPosition,-103.1979,1.74523,-107.4862,CameraRotation,332.2614,269.4222,0.9632325,CurrentState,Hover2,Slider,51,Scenario,1
ID,8,Time,289.4991,DronePosition,-110.2391,7.059366,-107.379,0,CameraPosition,-103.1979,1.745238,-107.4863,CameraRotation,332.2541,269.3271,1.013601,CurrentState,Hover2,Slider,51,Scenario,1
ID,8,Time,289.5132,DronePosition,-110.2391,7.059366,-107.379,0,CameraPosition,-103.1978,1.745268,-107.4864,CameraRotation,332.2021,269.2289,1.035635,CurrentState,Hover2,Slider,51,Scenario,1
ID,8,Time,289.5273,DronePosition,-110.2391,7.059366,-107.379,0,CameraPosition,-103.1978,1.745325,-107.4865,CameraRotation,332.1395,269.1181,1.03874,CurrentState,Hover2,Slider,51,Scenario,1
ID,8,Time,289.5407,DronePosition,-110.2391,7.059366,-107.379,0,CameraPosition,-103.1977,1.745388,-107.4866,CameraRotation,332.0801,269.0006,1.047171,CurrentState,Hover2,Slider,51,Scenario,1
ID,8,Time,289.5546,DronePosition,-110.2391,7.059366,-107.379,0,CameraPosition,-103.1976,1.745418,-107.4867,CameraRotation,332.0317,268.8801,1.076197,CurrentState,Hover2,Slider,51,Scenario,1
ID,8,Time,289.5687,DronePosition,-110.2391,7.059366,-107.379,0,CameraPosition,-103.1976,1.74543,-107.4868,CameraRotation,332.0119,268.7504,1.118728,CurrentState,Hover2,Slider,51,Scenario,1
ID,8,Time,289.5825,DronePosition,-110.2391,7.059366,-107.379,0,CameraPosition,-103.1975,1.745443,-107.4869,CameraRotation,332.0038,268.6069,1.171175,CurrentState,Hover2,Slider,51,Scenario,1
ID,8,Time,289.5966,DronePosition,-110.2391,7.059366,-107.379,0,CameraPosition,-103.1975,1.745451,-107.487,CameraRotation,331.9999,268.4785,1.224713,CurrentState,Hover2,Slider,52,Scenario,1
ID,8,Time,289.6101,DronePosition,-110.2391,7.059366,-107.379,0,CameraPosition,-103.1975,1.745458,-107.4871,CameraRotation,332.0164,268.3481,1.280412,CurrentState,Hover2,Slider,52,Scenario,1
ID,8,Time,289.6245,DronePosition,-110.2391,7.059366,-107.379,0,CameraPosition,-103.1976,1.745486,-107.4872,CameraRotation,332.007,268.2303,1.318708,CurrentState,Hover2,Slider,52,Scenario,1
ID,8,Time,289.6381,DronePosition,-110.2391,7.059366,-107.379,0,CameraPosition,-103.1976,1.745525,-107.4873,CameraRotation,332.0019,268.1177,1.346234,CurrentState,Hover2,Slider,52,Scenario,1
ID,8,Time,289.6521,DronePosition,-110.2391,7.059366,-107.379,0,CameraPosition,-103.1977,1.745553,-107.4873,CameraRotation,332.0034,268.0029,1.372801,CurrentState,Hover2,Slider,52,Scenario,1
ID,8,Time,289.6663,DronePosition,-110.2391,7.059366,-107.379,0,CameraPosition,-103.1977,1.74557,-107.4873,CameraRotation,332.0236,267.8948,1.409406,CurrentState,Hover2,Slider,52,Scenario,1
ID,8,Time,289.6801,DronePosition,-110.2391,7.059366,-107.379,0,CameraPosition,-103.1978,1.745576,-107.4874,CameraRotation,332.0253,267.7951,1.446208,CurrentState,Hover2,Slider,52,Scenario,1
ID,8,Time,289.6938,DronePosition,-110.2391,7.059366,-107.379,0,CameraPosition,-103.1978,1.745586,-107.4874,CameraRotation,332.0378,267.7096,1.474381,CurrentState,Hover2,Slider,53,Scenario,1
ID,8,Time,289.7079,DronePosition,-110.2391,7.059366,-107.379,0,CameraPosition,-103.1979,1.745536,-107.4873,CameraRotation,332.0535,267.6356,1.50868,CurrentState,Hover2,Slider,53,Scenario,1
ID,8,Time,289.7218,DronePosition,-110.2391,7.059366,-107.379,0,CameraPosition,-103.1979,1.7455,-107.4873,CameraRotation,332.0873,267.5696,1.54631,CurrentState,Hover2,Slider,53,Scenario,1
ID,8,Time,289.7358,DronePosition,-110.2391,7.059366,-107.379,0,CameraPosition,-103.1979,1.745496,-107.4873,CameraRotation,332.0974,267.5193,1.589093,CurrentState,Hover2,Slider,53,Scenario,1
ID,8,Time,289.7495,DronePosition,-110.2391,7.059366,-107.379,0,CameraPosition,-103.198,1.74551,-107.4872,CameraRotation,332.1,267.4803,1.633111,CurrentState,Hover2,Slider,53,Scenario,1
ID,8,Time,289.7632,DronePosition,-110.2391,7.059366,-107.379,0,CameraPosition,-103.1981,1.745513,-107.4871,CameraRotation,332.1006,267.4622,1.64884,CurrentState,Hover2,Slider,53,Scenario,1
ID,8,Time,289.7773,DronePosition,-110.2391,7.059366,-107.379,0,CameraPosition,-103.1981,1.745489,-107.487,CameraRotation,332.1209,267.4462,1.665494,CurrentState,Hover2,Slider,53,Scenario,1
ID,8,Time,289.7924,DronePosition,-110.2391,7.059366,-107.379,0,CameraPosition,-103.1982,1.745463,-107.4869,CameraRotation,332.1723,267.4335,1.684935,CurrentState,Hover2,Slider,54,Scenario,1
ID,8,Time,289.8055,DronePosition,-110.2391,7.059366,-107.379,0,CameraPosition,-103.1983,1.74543,-107.4868,CameraRotation,332.2127,267.4391,1.72152,CurrentState,Hover2,Slider,54,Scenario,1
ID,8,Time,289.8192,DronePosition,-110.2391,7.059366,-107.379,0,CameraPosition,-103.1984,1.745402,-107.4866,CameraRotation,332.2382,267.4491,1.746714,CurrentState,Hover2,Slider,54,Scenario,1
ID,8,Time,289.8331,DronePosition,-110.2391,7.059366,-107.379,0,CameraPosition,-103.1985,1.745371,-107.4864,CameraRotation,332.2458,267.4694,1.760094,CurrentState,Hover2,Slider,54,Scenario,1
ID,8,Time,289.847,DronePosition,-110.2391,7.059366,-107.379,0,CameraPosition,-103.1985,1.745379,-107.4863,CameraRotation,332.2613,267.515,1.725687,CurrentState,Hover2,Slider,54,Scenario,1
ID,8,Time,289.8606,DronePosition,-110.2391,7.059366,-107.379,0,CameraPosition,-103.1986,1.745368,-107.4861,CameraRotation,332.2567,267.5457,1.708789,CurrentState,Hover2,Slider,54,Scenario,1
ID,8,Time,289.8748,DronePosition,-110.2391,7.059366,-107.379,0,CameraPosition,-103.1986,1.745339,-107.4859,CameraRotation,332.243,267.5569,1.722847,CurrentState,Hover2,Slider,54,Scenario,1
ID,8,Time,289.8887,DronePosition,-110.2391,7.059366,-107.379,0,CameraPosition,-103.1986,1.745326,-107.4857,CameraRotation,332.2539,267.5617,1.768473,CurrentState,Hover2,Slider,55,Scenario,1
ID,8,Time,289.9027,DronePosition,-110.2391,7.059366,-107.379,0,CameraPosition,-103.1987,1.745346,-107.4856,CameraRotation,332.2659,267.553,1.795688,CurrentState,Hover2,Slider,55,Scenario,1
ID,8,Time,289.9165,DronePosition,-110.2391,7.059366,-107.379,0,CameraPosition,-103.1987,1.745362,-107.4854,CameraRotation,332.2538,267.5695,1.759488,CurrentState,Hover2,Slider,55,Scenario,1
ID,8,Time,289.9306,DronePosition,-110.2391,7.059366,-107.379,0,CameraPosition,-103.1987,1.745392,-107.4852,CameraRotation,332.2476,267.6136,1.692125,CurrentState,Hover2,Slider,55,Scenario,1
ID,8,Time,289.9443,DronePosition,-110.2391,7.059366,-107.379,0,CameraPosition,-103.1987,1.745432,-107.4849,CameraRotation,332.2564,267.6546,1.664747,CurrentState,Hover2,Slider,55,Scenario,1
ID,8,Time,289.9584,DronePosition,-110.2391,7.059366,-107.379,0,CameraPosition,-103.1987,1.745488,-107.4847,CameraRotation,332.2709,267.6647,1.685591,CurrentState,Hover2,Slider,55,Scenario,1
ID,8,Time,289.9723,DronePosition,-110.2391,7.059366,-107.379,0,CameraPosition,-103.1987,1.745543,-107.4845,CameraRotation,332.2533,267.626,1.737305,CurrentState,Hover2,Slider,55,Scenario,1
ID,8,Time,289.9866,DronePosition,-110.2391,7.059366,-107.379,0,CameraPosition,-103.1987,1.745581,-107.4843,CameraRotation,332.2294,267.5858,1.758037,CurrentState,Hover2,Slider,55,Scenario,1
ID,8,Time,290.0001,DronePosition,-110.2391,7.059366,-107.379,0,CameraPosition,-103.1987,1.745583,-107.4841,CameraRotation,332.1956,267.5502,1.753709,CurrentState,Hover2,Slider,56,Scenario,1
ID,8,Time,290.0144,DronePosition,-110.2391,7.059366,-107.379,0,CameraPosition,-103.1987,1.745567,-107.484,CameraRotation,332.1953,267.5391,1.719633,CurrentState,Hover2,Slider,56,Scenario,1
ID,8,Time,290.0279,DronePosition,-110.2391,7.059366,-107.379,0,CameraPosition,-103.1986,1.745505,-107.4838,CameraRotation,332.1965,267.5277,1.688173,CurrentState,Hover2,Slider,56,Scenario,1
ID,8,Time,290.0419,DronePosition,-110.2391,7.059366,-107.379,0,CameraPosition,-103.1986,1.745452,-107.4836,CameraRotation,332.2055,267.5029,1.693257,CurrentState,Hover2,Slider,56,Scenario,1
ID,8,Time,290.056,DronePosition,-110.2391,7.059366,-107.379,0,CameraPosition,-103.1986,1.74545,-107.4834,CameraRotation,332.2242,267.4669,1.715899,CurrentState,Hover2,Slider,56,Scenario,1
ID,8,Time,290.0696,DronePosition,-110.2391,7.059366,-107.379,0,CameraPosition,-103.1985,1.745474,-107.4832,CameraRotation,332.2151,267.4512,1.72131,CurrentState,Hover2,Slider,56,Scenario,1
ID,8,Time,290.0837,DronePosition,-110.2391,7.059366,-107.379,0,CameraPosition,-103.1985,1.745492,-107.4831,CameraRotation,332.2053,267.4597,1.706187,CurrentState,Hover2,Slider,56,Scenario,1
ID,8,Time,290.0976,DronePosition,-110.2391,7.059366,-107.379,0,CameraPosition,-103.1985,1.745493,-107.4829,CameraRotation,332.2186,267.4761,1.70066,CurrentState,Hover2,Slider,56,Scenario,1
ID,8,Time,290.1118,DronePosition,-110.2391,7.059366,-107.379,0,CameraPosition,-103.1984,1.745528,-107.4827,CameraRotation,332.2438,267.5096,1.703133,CurrentState,Hover2,Slider,56,Scenario,1
ID,8,Time,290.125,DronePosition,-110.2391,7.059366,-107.379,0,CameraPosition,-103.1984,1.745543,-107.4825,CameraRotation,332.2459,267.554,1.718815,CurrentState,Hover2,Slider,56,Scenario,1
ID,8,Time,290.1394,DronePosition,-110.2391,7.059366,-107.379,0,CameraPosition,-103.1983,1.745545,-107.4823,CameraRotation,332.2644,267.6093,1.732427,CurrentState,Hover2,Slider,56,Scenario,1
ID,8,Time,290.1533,DronePosition,-110.2391,7.059366,-107.379,0,CameraPosition,-103.1983,1.745535,-107.4821,CameraRotation,332.2707,267.6717,1.744631,CurrentState,Hover2,Slider,56,Scenario,1
ID,8,Time,290.1669,DronePosition,-110.2391,7.059366,-107.379,0,CameraPosition,-103.1983,1.745518,-107.482,CameraRotation,332.284,267.745,1.733071,CurrentState,Hover2,Slider,56,Scenario,1
ID,8,Time,290.1811,DronePosition,-110.2391,7.059366,-107.379,0,CameraPosition,-103.1982,1.745476,-107.4818,CameraRotation,332.3236,267.8358,1.724166,CurrentState,Hover2,Slider,56,Scenario,1
ID,8,Time,290.195,DronePosition,-110.2391,7.059366,-107.379,0,CameraPosition,-103.1982,1.745416,-107.4816,CameraRotation,332.3465,267.9271,1.714486,CurrentState,Hover2,Slider,56,Scenario,1
ID,8,Time,290.209,DronePosition,-110.2391,7.059366,-107.379,0,CameraPosition,-103.1982,1.745334,-107.4815,CameraRotation,332.375,268.006,1.729837,CurrentState,Hover2,Slider,56,Scenario,1
ID,8,Time,290.2234,DronePosition,-110.2391,7.059366,-107.379,0,CameraPosition,-103.1982,1.745303,-107.4813,CameraRotation,332.4029,268.0769,1.740723,CurrentState,Hover2,Slider,56,Scenario,1
ID,8,Time,290.237,DronePosition,-110.2391,7.059366,-107.379,0,CameraPosition,-103.1982,1.745265,-107.4812,CameraRotation,332.4444,268.141,1.759138,CurrentState,Hover2,Slider,56,Scenario,1
ID,8,Time,290.2508,DronePosition,-110.2391,7.059366,-107.379,0,CameraPosition,-103.1981,1.745243,-107.4811,CameraRotation,332.4706,268.2124,1.742587,CurrentState,Hover2,Slider,56,Scenario,1
ID,8,Time,290.2646,DronePosition,-110.2391,7.059366,-107.379,0,CameraPosition,-103.1981,1.745213,-107.4809,CameraRotation,332.4899,268.2848,1.709119,CurrentState,Hover2,Slider,56,Scenario,1
ID,8,Time,290.2784,DronePosition,-110.2391,7.059366,-107.379,0,CameraPosition,-103.1981,1.745179,-107.4808,CameraRotation,332.5003,268.3532,1.677616,CurrentState,Hover2,Slider,56,Scenario,1
ID,8,Time,290.2922,DronePosition,-110.2391,7.059366,-107.379,0,CameraPosition,-103.198,1.745158,-107.4806,CameraRotation,332.5317,268.3931,1.667706,CurrentState,Hover2,Slider,56,Scenario,1
ID,8,Time,290.3065,DronePosition,-110.2391,7.059366,-107.379,0,CameraPosition,-103.198,1.745134,-107.4806,CameraRotation,332.5595,268.4132,1.687191,CurrentState,Hover2,Slider,56,Scenario,1
ID,8,Time,290.3203,DronePosition,-110.2391,7.059366,-107.379,0,CameraPosition,-103.198,1.745113,-107.4806,CameraRotation,332.5749,268.4068,1.71376,CurrentState,Hover2,Slider,56,Scenario,1
ID,8,Time,290.3344,DronePosition,-110.2391,7.059366,-107.379,0,CameraPosition,-103.198,1.745106,-107.4806,CameraRotation,332.5877,268.4065,1.738424,CurrentState,Hover2,Slider,56,Scenario,1
ID,8,Time,290.3481,DronePosition,-110.2391,7.059366,-107.379,0,CameraPosition,-103.1979,1.745093,-107.4806,CameraRotation,332.5648,268.4089,1.757215,CurrentState,Hover2,Slider,56,Scenario,1
ID,8,Time,290.3621,DronePosition,-110.2391,7.059366,-107.379,0,CameraPosition,-103.1978,1.745102,-107.4806,CameraRotation,332.5177,268.4261,1.780463,CurrentState,Hover2,Slider,56,Scenario,1
ID,8,Time,290.376,DronePosition,-110.2391,7.059366,-107.379,0,CameraPosition,-103.1978,1.745136,-107.4806,CameraRotation,332.4636,268.4452,1.809476,CurrentState,Land,Slider,56,Scenario,1
ID,8,Time,290.3899,DronePosition,-110.2391,7.058402,-107.379,0.06943,CameraPosition,-103.1978,1.745184,-107.4807,CameraRotation,332.4156,268.4659,1.819296,CurrentState,Land,Slider,56,Scenario,1
ID,8,Time,290.4039,DronePosition,-110.2391,7.056455,-107.379,0.139307,CameraPosition,-103.1977,1.745222,-107.4807,CameraRotation,332.404,268.4794,1.827429,CurrentState,Land,Slider,56,Scenario,1
ID,8,Time,290.4178,DronePosition,-110.2391,7.053534,-107.379,0.209136,CameraPosition,-103.1977,1.745234,-107.4808,CameraRotation,332.3918,268.4904,1.856558,CurrentState,Land,Slider,56,Scenario,1
ID,8,Time,290.432,DronePosition,-110.2391,7.049568,-107.379,0.279969,CameraPosition,-103.1976,1.745243,-107.4809,CameraRotation,332.3892,268.4879,1.912449,CurrentState,Land,Slider,56,Scenario,1
ID,8,Time,290.4456,DronePosition,-110.2391,7.044847,-107.379,0.34783,CameraPosition,-103.1976,1.745237,-107.481,CameraRotation,332.3959,268.4849,1.978831,CurrentState,Land,Slider,56,Scenario,1
ID,8,Time,290.4596,DronePosition,-110.2391,7.038977,-107.379,0.4180395,CameraPosition,-103.1975,1.74524,-107.4811,CameraRotation,332.4153,268.4867,2.019137,CurrentState,Land,Slider,56,Scenario,1
ID,8,Time,290.4732,DronePosition,-110.2391,7.03238,-107.379,0.4859275,CameraPosition,-103.1975,1.74524,-107.4813,CameraRotation,332.4223,268.4938,2.041575,CurrentState,Land,Slider,56,Scenario,1
ID,8,Time,290.4874,DronePosition,-110.2391,7.024479,-107.379,0.556862,CameraPosition,-103.1975,1.745236,-107.4814,CameraRotation,332.4335,268.4805,2.072206,CurrentState,Land,Slider,56,Scenario,1
ID,8,Time,290.5013,DronePosition,-110.2391,7.015801,-107.379,0.6261575,CameraPosition,-103.1974,1.745183,-107.4816,CameraRotation,332.4784,268.4607,2.123351,CurrentState,Land,Slider,56,Scenario,1
ID,8,Time,290.5154,DronePosition,-110.2391,7.005959,-107.379,0.6967885,CameraPosition,-103.1974,1.745084,-107.4817,CameraRotation,332.533,268.4482,2.169844,CurrentState,Land,Slider,56,Scenario,1
ID,8,Time,290.529,DronePosition,-110.2391,6.995535,-107.379,0.764922,CameraPosition,-103.1973,1.744964,-107.4818,CameraRotation,332.5848,268.4579,2.187779,CurrentState,Land,Slider,56,Scenario,1
ID,8,Time,290.543,DronePosition,-110.2391,6.983822,-107.379,0.8350575,CameraPosition,-103.1973,1.744893,-107.4819,CameraRotation,332.6216,268.4817,2.155691,CurrentState,Land,Slider,56,Scenario,1
ID,8,Time,290.5569,DronePosition,-110.2391,6.971243,-107.379,0.904584,CameraPosition,-103.1972,1.744845,-107.4821,CameraRotation,332.6591,268.5126,2.131862,CurrentState,Land,Slider,56,Scenario,1
ID,8,Time,290.5709,DronePosition,-110.2391,6.957671,-107.379,0.9742405,CameraPosition,-103.1972,1.744804,-107.4823,CameraRotation,332.6949,268.5404,2.133708,CurrentState,Land,Slider,56,Scenario,1
ID,8,Time,290.5849,DronePosition,-110.2391,6.943015,-107.379,1.044405,CameraPosition,-103.1971,1.744742,-107.4825,CameraRotation,332.7423,268.5507,2.17242,CurrentState,Land,Slider,56,Scenario,1
ID,8,Time,290.5988,DronePosition,-110.2391,6.927567,-107.379,1.113757,CameraPosition,-103.197,1.744655,-107.4827,CameraRotation,332.8054,268.5487,2.213334,CurrentState,Land,Slider,55,Scenario,1
ID,8,Time,290.6127,DronePosition,-110.2391,6.911106,-107.379,1.183314,CameraPosition,-103.197,1.744519,-107.4829,CameraRotation,332.8636,268.5555,2.249473,CurrentState,Land,Slider,55,Scenario,1
ID,8,Time,290.6264,DronePosition,-110.2391,6.893978,-107.379,1.25173,CameraPosition,-103.1969,1.744399,-107.4832,CameraRotation,332.9178,268.5652,2.276749,CurrentState,Land,Slider,55,Scenario,1
ID,8,Time,290.6411,DronePosition,-110.2391,6.874468,-107.379,1.325333,CameraPosition,-103.1968,1.744326,-107.4834,CameraRotation,332.9551,268.5668,2.308984,CurrentState,Land,Slider,55,Scenario,1
ID,8,Time,290.6548,DronePosition,-110.2391,6.856046,-107.379,1.34,CameraPosition,-103.1967,1.744291,-107.4837,CameraRotation,332.9426,268.5715,2.327848,CurrentState,Land,Slider,55,Scenario,1
ID,8,Time,290.6685,DronePosition,-110.2391,6.837802,-107.379,1.34,CameraPosition,-103.1965,1.744269,-107.484,CameraRotation,332.9416,268.5674,2.347549,CurrentState,Land,Slider,55,Scenario,1
ID,8,Time,290.6823,DronePosition,-110.2391,6.819222,-107.379,1.34,CameraPosition,-103.1964,1.744253,-107.4843,CameraRotation,332.9396,268.5533,2.374196,CurrentState,Land,Slider,55,Scenario,1
ID,8,Time,290.6964,DronePosition,-110.2391,6.800427,-107.379,1.34,CameraPosition,-103.1962,1.74423,-107.4846,CameraRotation,332.9367,268.5553,2.356976,CurrentState,Land,Slider,55,Scenario,1
ID,8,Time,290.7103,DronePosition,-110.2391,6.781666,-107.379,1.34,CameraPosition,-103.1961,1.744195,-107.4849,CameraRotation,332.9651,268.5412,2.341611,CurrentState,Land,Slider,55,Scenario,1
ID,8,Time,290.7241,DronePosition,-110.2391,6.763192,-107.379,1.34,CameraPosition,-103.196,1.744158,-107.4852,CameraRotation,333.0016,268.5189,2.377342,CurrentState,Land,Slider,55,Scenario,1
ID,8,Time,290.738,DronePosition,-110.2391,6.744538,-107.379,1.34,CameraPosition,-103.1959,1.744158,-107.4855,CameraRotation,333.0242,268.5028,2.437512,CurrentState,Land,Slider,55,Scenario,1
ID,8,Time,290.7519,DronePosition,-110.2391,6.726008,-107.379,1.34,CameraPosition,-103.1958,1.74419,-107.4859,CameraRotation,333.0139,268.4796,2.482225,CurrentState,Land,Slider,55,Scenario,1
ID,8,Time,290.7658,DronePosition,-110.2391,6.707357,-107.379,1.34,CameraPosition,-103.1957,1.744235,-107.4862,CameraRotation,333.0176,268.471,2.48705,CurrentState,Land,Slider,55,Scenario,1
ID,8,Time,290.7799,DronePosition,-110.2391,6.688416,-107.379,1.34,CameraPosition,-103.1956,1.744246,-107.4865,CameraRotation,333.0132,268.4631,2.471618,CurrentState,Land,Slider,55,Scenario,1
ID,8,Time,290.7935,DronePosition,-110.2391,6.670242,-107.379,1.34,CameraPosition,-103.1954,1.744223,-107.4868,CameraRotation,333.0247,268.461,2.475339,CurrentState,Land,Slider,54,Scenario,1
ID,8,Time,290.8076,DronePosition,-110.2391,6.65132,-107.379,1.34,CameraPosition,-103.1953,1.744198,-107.4871,CameraRotation,333.0518,268.4493,2.488871,CurrentState,Land,Slider,54,Scenario,1
ID,8,Time,290.8216,DronePosition,-110.2391,6.632633,-107.379,1.34,CameraPosition,-103.1952,1.744184,-107.4874,CameraRotation,333.0792,268.4366,2.513754,CurrentState,Land,Slider,54,Scenario,1
ID,8,Time,290.8354,DronePosition,-110.2391,6.614089,-107.379,1.34,CameraPosition,-103.1951,1.744165,-107.4877,CameraRotation,333.0916,268.4299,2.549403,CurrentState,Land,Slider,54,Scenario,1
ID,8,Time,290.85,DronePosition,-110.2391,6.594509,-107.379,1.34,CameraPosition,-103.195,1.744161,-107.488,CameraRotation,333.1149,268.4333,2.566678,CurrentState,Land,Slider,54,Scenario,1
ID,8,Time,290.8635,DronePosition,-110.2391,6.576437,-107.379,1.34,CameraPosition,-103.1949,1.744148,-107.4882,CameraRotation,333.1354,268.4392,2.581404,CurrentState,Land,Slider,54,Scenario,1
ID,8,Time,290.8771,DronePosition,-110.2391,6.558191,-107.379,1.34,CameraPosition,-103.1948,1.744119,-107.4884,CameraRotation,333.1677,268.4505,2.578764,CurrentState,Land,Slider,54,Scenario,1
ID,8,Time,290.8911,DronePosition,-110.2391,6.539391,-107.379,1.34,CameraPosition,-103.1947,1.744068,-107.4887,CameraRotation,333.204,268.4641,2.578735,CurrentState,Land,Slider,54,Scenario,1
ID,8,Time,290.9053,DronePosition,-110.2391,6.520462,-107.379,1.34,CameraPosition,-103.1946,1.744044,-107.4889,CameraRotation,333.2592,268.4723,2.597775,CurrentState,Land,Slider,54,Scenario,1
ID,8,Time,290.9192,DronePosition,-110.2391,6.501872,-107.379,1.34,CameraPosition,-103.1945,1.744038,-107.489,CameraRotation,333.2926,268.4933,2.61433,CurrentState,Land,Slider,54,Scenario,1
ID,8,Time,290.933,DronePosition,-110.2391,6.483287,-107.379,1.34,CameraPosition,-103.1945,1.744035,-107.4892,CameraRotation,333.3051,268.5156,2.631598,CurrentState,Land,Slider,54,Scenario,1
ID,8,Time,290.9468,DronePosition,-110.2391,6.464775,-107.379,1.34,CameraPosition,-103.1944,1.744008,-107.4893,CameraRotation,333.3173,268.5297,2.623191,CurrentState,Land,Slider,54,Scenario,1
ID,8,Time,290.9606,DronePosition,-110.2391,6.446326,-107.379,1.34,CameraPosition,-103.1943,1.743966,-107.4895,CameraRotation,333.3585,268.5527,2.608414,CurrentState,Land,Slider,54,Scenario,1
ID,8,Time,290.9745,DronePosition,-110.2391,6.427646,-107.379,1.34,CameraPosition,-103.1942,1.743901,-107.4896,CameraRotation,333.4052,268.5727,2.592317,CurrentState,Land,Slider,54,Scenario,1
ID,8,Time,290.9886,DronePosition,-110.2391,6.408863,-107.379,1.34,CameraPosition,-103.194,1.743788,-107.4897,CameraRotation,333.449,268.589,2.587456,CurrentState,Land,Slider,54,Scenario,1
ID,8,Time,291.0025,DronePosition,-110.2391,6.390156,-107.379,1.34,CameraPosition,-103.1939,1.74369,-107.4898,CameraRotation,333.4915,268.6056,2.58133,CurrentState,Land,Slider,54,Scenario,1
ID,8,Time,291.0163,DronePosition,-110.2391,6.37165,-107.379,1.34,CameraPosition,-103.1938,1.743609,-107.4899,CameraRotation,333.5287,268.6292,2.574399,CurrentState,Land,Slider,54,Scenario,1
ID,8,Time,291.0304,DronePosition,-110.2391,6.35279,-107.379,1.34,CameraPosition,-103.1937,1.743573,-107.4899,CameraRotation,333.5576,268.6581,2.575628,CurrentState,Land,Slider,54,Scenario,1
ID,8,Time,291.0441,DronePosition,-110.2391,6.334475,-107.379,1.34,CameraPosition,-103.1935,1.743532,-107.4899,CameraRotation,333.5771,268.6854,2.573229,CurrentState,Land,Slider,54,Scenario,1
ID,8,Time,291.0583,DronePosition,-110.2391,6.315403,-107.379,1.34,CameraPosition,-103.1934,1.743471,-107.4899,CameraRotation,333.6038,268.7179,2.565954,CurrentState,Land,Slider,54,Scenario,1
ID,8,Time,291.0724,DronePosition,-110.2391,6.296518,-107.379,1.34,CameraPosition,-103.1934,1.743408,-107.49,CameraRotation,333.6352,268.7491,2.548742,CurrentState,Land,Slider,54,Scenario,1
ID,8,Time,291.0861,DronePosition,-110.2391,6.278188,-107.379,1.34,CameraPosition,-103.1933,1.743356,-107.4899,CameraRotation,333.6737,268.7757,2.520091,CurrentState,Land,Slider,54,Scenario,1
ID,8,Time,291.0998,DronePosition,-110.2391,6.259775,-107.379,1.34,CameraPosition,-103.1931,1.74332,-107.4899,CameraRotation,333.6917,268.8026,2.485639,CurrentState,Land,Slider,54,Scenario,1
ID,8,Time,291.114,DronePosition,-110.2391,6.240843,-107.379,1.34,CameraPosition,-103.193,1.743306,-107.4899,CameraRotation,333.7036,268.8129,2.489215,CurrentState,Land,Slider,54,Scenario,1
ID,8,Time,291.1276,DronePosition,-110.2391,6.222569,-107.379,1.34,CameraPosition,-103.1929,1.743297,-107.4898,CameraRotation,333.7226,268.8189,2.521456,CurrentState,Land,Slider,54,Scenario,1
ID,8,Time,291.1416,DronePosition,-110.2391,6.203773,-107.379,1.34,CameraPosition,-103.1928,1.743294,-107.4897,CameraRotation,333.7683,268.8265,2.528525,CurrentState,Land,Slider,54,Scenario,1
ID,8,Time,291.1556,DronePosition,-110.2391,6.184954,-107.379,1.34,CameraPosition,-103.1927,1.743276,-107.4896,CameraRotation,333.8093,268.848,2.469505,CurrentState,Land,Slider,54,Scenario,1
ID,8,Time,291.1696,DronePosition,-110.2391,6.166277,-107.379,1.34,CameraPosition,-103.1926,1.743249,-107.4895,CameraRotation,333.8199,268.8772,2.387385,CurrentState,Land,Slider,54,Scenario,1
ID,8,Time,291.1839,DronePosition,-110.2391,6.147155,-107.379,1.34,CameraPosition,-103.1925,1.743242,-107.4894,CameraRotation,333.8217,268.9045,2.318175,CurrentState,Land,Slider,54,Scenario,1
ID,8,Time,291.1973,DronePosition,-110.2391,6.12915,-107.379,1.34,CameraPosition,-103.1923,1.743246,-107.4893,CameraRotation,333.8153,268.9201,2.291245,CurrentState,Land,Slider,53,Scenario,1
ID,8,Time,291.2115,DronePosition,-110.2391,6.110089,-107.379,1.34,CameraPosition,-103.1922,1.743253,-107.4892,CameraRotation,333.8167,268.9153,2.29439,CurrentState,Land,Slider,53,Scenario,1
ID,8,Time,291.225,DronePosition,-110.2391,6.091978,-107.379,1.34,CameraPosition,-103.1921,1.743254,-107.4891,CameraRotation,333.8362,268.9109,2.272155,CurrentState,Land,Slider,53,Scenario,1
ID,8,Time,291.2393,DronePosition,-110.2391,6.072917,-107.379,1.34,CameraPosition,-103.1921,1.743229,-107.489,CameraRotation,333.8579,268.9129,2.242632,CurrentState,Land,Slider,53,Scenario,1
ID,8,Time,291.2532,DronePosition,-110.2391,6.054244,-107.379,1.34,CameraPosition,-103.192,1.743183,-107.4888,CameraRotation,333.8804,268.9143,2.222964,CurrentState,Land,Slider,53,Scenario,1
ID,8,Time,291.2675,DronePosition,-110.2391,6.035081,-107.379,1.34,CameraPosition,-103.1919,1.743136,-107.4887,CameraRotation,333.9122,268.9058,2.204608,CurrentState,Land,Slider,53,Scenario,1
ID,8,Time,291.2813,DronePosition,-110.2391,6.016665,-107.379,1.34,CameraPosition,-103.1918,1.743107,-107.4886,CameraRotation,333.9341,268.9005,2.187455,CurrentState,Land,Slider,53,Scenario,1
ID,8,Time,291.2948,DronePosition,-110.2391,5.998543,-107.379,1.34,CameraPosition,-103.1918,1.743094,-107.4884,CameraRotation,333.9621,268.8936,2.180295,CurrentState,Land,Slider,53,Scenario,1
ID,8,Time,291.3087,DronePosition,-110.2391,5.979855,-107.379,1.34,CameraPosition,-103.1917,1.743058,-107.4883,CameraRotation,333.9958,268.8823,2.173542,CurrentState,Land,Slider,53,Scenario,1
ID,8,Time,291.3228,DronePosition,-110.2391,5.960905,-107.379,1.34,CameraPosition,-103.1917,1.742989,-107.4881,CameraRotation,334.0315,268.8793,2.157669,CurrentState,Land,Slider,53,Scenario,1
ID,8,Time,291.3367,DronePosition,-110.2391,5.94233,-107.379,1.34,CameraPosition,-103.1916,1.7429,-107.4879,CameraRotation,334.0955,268.869,2.153038,CurrentState,Land,Slider,53,Scenario,1
ID,8,Time,291.3508,DronePosition,-110.2391,5.923415,-107.379,1.34,CameraPosition,-103.1916,1.742817,-107.4877,CameraRotation,334.1561,268.8568,2.136495,CurrentState,Land,Slider,53,Scenario,1
ID,8,Time,291.3644,DronePosition,-110.2391,5.905165,-107.379,1.34,CameraPosition,-103.1916,1.742763,-107.4875,CameraRotation,334.1977,268.8476,2.10934,CurrentState,Land,Slider,53,Scenario,1
ID,8,Time,291.3784,DronePosition,-110.2391,5.886539,-107.379,1.34,CameraPosition,-103.1916,1.742752,-107.4873,CameraRotation,334.2248,268.8517,2.054484,CurrentState,Land,Slider,53,Scenario,1
ID,8,Time,291.3922,DronePosition,-110.2391,5.867975,-107.379,1.34,CameraPosition,-103.1916,1.742799,-107.4871,CameraRotation,334.2527,268.8471,2.010659,CurrentState,Land,Slider,53,Scenario,1
ID,8,Time,291.4063,DronePosition,-110.2391,5.849114,-107.379,1.34,CameraPosition,-103.1916,1.742821,-107.4868,CameraRotation,334.281,268.8335,1.997068,CurrentState,Land,Slider,55,Scenario,1
ID,8,Time,291.4203,DronePosition,-110.2391,5.830278,-107.379,1.34,CameraPosition,-103.1916,1.742813,-107.4866,CameraRotation,334.3356,268.8121,1.99117,CurrentState,Land,Slider,55,Scenario,1
ID,8,Time,291.4342,DronePosition,-110.2391,5.81172,-107.379,1.34,CameraPosition,-103.1916,1.74275,-107.4864,CameraRotation,334.3963,268.7863,1.984089,CurrentState,Land,Slider,55,Scenario,1
ID,8,Time,291.448,DronePosition,-110.2391,5.793171,-107.379,1.34,CameraPosition,-103.1917,1.742668,-107.4861,CameraRotation,334.478,268.7566,1.969573,CurrentState,Land,Slider,55,Scenario,1
ID,8,Time,291.4621,DronePosition,-110.2391,5.774264,-107.379,1.34,CameraPosition,-103.1917,1.742561,-107.4859,CameraRotation,334.5721,268.7255,1.951716,CurrentState,Land,Slider,55,Scenario,1
ID,8,Time,291.476,DronePosition,-110.2391,5.755627,-107.379,1.34,CameraPosition,-103.1918,1.742408,-107.4856,CameraRotation,334.6417,268.7136,1.93096,CurrentState,Land,Slider,55,Scenario,1
ID,8,Time,291.49,DronePosition,-110.2391,5.736993,-107.379,1.34,CameraPosition,-103.1919,1.74227,-107.4853,CameraRotation,334.7095,268.7154,1.892534,CurrentState,Land,Slider,55,Scenario,1
ID,8,Time,291.5041,DronePosition,-110.2391,5.718006,-107.379,1.34,CameraPosition,-103.192,1.742176,-107.485,CameraRotation,334.7886,268.7101,1.883376,CurrentState,Land,Slider,57,Scenario,1
ID,8,Time,291.5176,DronePosition,-110.2391,5.699891,-107.379,1.34,CameraPosition,-103.192,1.742082,-107.4847,CameraRotation,334.8845,268.7109,1.880751,CurrentState,Land,Slider,57,Scenario,1
ID,8,Time,291.5317,DronePosition,-110.2391,5.681007,-107.379,1.34,CameraPosition,-103.1921,1.741975,-107.4844,CameraRotation,334.9961,268.7023,1.895139,CurrentState,Land,Slider,57,Scenario,1
ID,8,Time,291.5454,DronePosition,-110.2391,5.662692,-107.379,1.34,CameraPosition,-103.1922,1.741874,-107.4841,CameraRotation,335.1153,268.6921,1.920675,CurrentState,Land,Slider,57,Scenario,1
ID,8,Time,291.5589,DronePosition,-110.2391,5.644562,-107.379,1.34,CameraPosition,-103.1923,1.741812,-107.4837,CameraRotation,335.2253,268.7036,1.922451,CurrentState,Land,Slider,57,Scenario,1
ID,8,Time,291.5751,DronePosition,-110.2391,5.622918,-107.379,1.34,CameraPosition,-103.1925,1.741749,-107.4833,CameraRotation,335.3029,268.7099,1.92522,CurrentState,Land,Slider,57,Scenario,1
ID,8,Time,291.5873,DronePosition,-110.2391,5.606479,-107.379,1.34,CameraPosition,-103.1926,1.741696,-107.483,CameraRotation,335.371,268.7303,1.91542,CurrentState,Land,Slider,57,Scenario,1
ID,8,Time,291.6012,DronePosition,-110.2391,5.587959,-107.379,1.34,CameraPosition,-103.1926,1.741627,-107.4826,CameraRotation,335.4568,268.7409,1.910738,CurrentState,Land,Slider,60,Scenario,1
ID,8,Time,291.615,DronePosition,-110.2391,5.569454,-107.379,1.34,CameraPosition,-103.1927,1.741519,-107.4822,CameraRotation,335.5614,268.7437,1.910389,CurrentState,Land,Slider,60,Scenario,1
ID,8,Time,291.6289,DronePosition,-110.2391,5.550742,-107.379,1.34,CameraPosition,-103.1928,1.741342,-107.4817,CameraRotation,335.7025,268.7473,1.896139,CurrentState,Land,Slider,60,Scenario,1
ID,8,Time,291.6427,DronePosition,-110.2391,5.532278,-107.379,1.34,CameraPosition,-103.1928,1.741151,-107.4813,CameraRotation,335.8444,268.7585,1.874498,CurrentState,Land,Slider,60,Scenario,1
ID,8,Time,291.6568,DronePosition,-110.2391,5.513376,-107.379,1.34,CameraPosition,-103.1928,1.741035,-107.4808,CameraRotation,335.971,268.7658,1.853719,CurrentState,Land,Slider,60,Scenario,1
ID,8,Time,291.6708,DronePosition,-110.2391,5.494589,-107.379,1.34,CameraPosition,-103.1929,1.740945,-107.4804,CameraRotation,336.0518,268.7787,1.846536,CurrentState,Land,Slider,60,Scenario,1
ID,8,Time,291.685,DronePosition,-110.2391,5.475656,-107.379,1.34,CameraPosition,-103.1929,1.740869,-107.48,CameraRotation,336.1186,268.7883,1.849717,CurrentState,Land,Slider,60,Scenario,1
ID,8,Time,291.699,DronePosition,-110.2391,5.456918,-107.379,1.34,CameraPosition,-103.1929,1.740766,-107.4795,CameraRotation,336.1798,268.7988,1.858746,CurrentState,Land,Slider,62,Scenario,1
ID,8,Time,291.7127,DronePosition,-110.2391,5.438457,-107.379,1.34,CameraPosition,-103.1929,1.740669,-107.479,CameraRotation,336.2622,268.8233,1.819479,CurrentState,Land,Slider,62,Scenario,1
ID,8,Time,291.7266,DronePosition,-110.2391,5.419841,-107.379,1.34,CameraPosition,-103.1929,1.740574,-107.4786,CameraRotation,336.3685,268.8529,1.76458,CurrentState,Land,Slider,62,Scenario,1
ID,8,Time,291.7402,DronePosition,-110.2391,5.401605,-107.379,1.34,CameraPosition,-103.1929,1.740492,-107.4781,CameraRotation,336.4646,268.8807,1.708208,CurrentState,Land,Slider,62,Scenario,1
ID,8,Time,291.7543,DronePosition,-110.2391,5.382807,-107.379,1.34,CameraPosition,-103.1929,1.740441,-107.4776,CameraRotation,336.5179,268.885,1.680029,CurrentState,Land,Slider,62,Scenario,1
ID,8,Time,291.7683,DronePosition,-110.2391,5.363935,-107.379,1.34,CameraPosition,-103.1929,1.740406,-107.4772,CameraRotation,336.5683,268.8776,1.695823,CurrentState,Land,Slider,62,Scenario,1
ID,8,Time,291.7823,DronePosition,-110.2391,5.345271,-107.379,1.34,CameraPosition,-103.1929,1.740386,-107.4767,CameraRotation,336.6261,268.8708,1.691364,CurrentState,Land,Slider,62,Scenario,1
ID,8,Time,291.7962,DronePosition,-110.2391,5.326619,-107.379,1.34,CameraPosition,-103.1929,1.740353,-107.4762,CameraRotation,336.6716,268.882,1.649446,CurrentState,Land,Slider,62,Scenario,1
ID,8,Time,291.8098,DronePosition,-110.2391,5.308403,-107.379,1.34,CameraPosition,-103.193,1.740319,-107.4757,CameraRotation,336.6968,268.9003,1.585366,CurrentState,Land,Slider,62,Scenario,1
ID,8,Time,291.8238,DronePosition,-110.2391,5.289587,-107.379,1.34,CameraPosition,-103.193,1.740342,-107.4753,CameraRotation,336.7287,268.9127,1.541557,CurrentState,Land,Slider,62,Scenario,1
ID,8,Time,291.8379,DronePosition,-110.2391,5.270716,-107.379,1.34,CameraPosition,-103.193,1.740346,-107.4749,CameraRotation,336.7425,268.9056,1.520469,CurrentState,Land,Slider,62,Scenario,1
ID,8,Time,291.8519,DronePosition,-110.2391,5.251949,-107.379,1.34,CameraPosition,-103.193,1.740344,-107.4745,CameraRotation,336.7749,268.8834,1.522608,CurrentState,Land,Slider,62,Scenario,1
ID,8,Time,291.8657,DronePosition,-110.2391,5.233435,-107.379,1.34,CameraPosition,-103.193,1.740367,-107.4741,CameraRotation,336.8125,268.868,1.507785,CurrentState,Land,Slider,62,Scenario,1
ID,8,Time,291.8796,DronePosition,-110.2391,5.214812,-107.379,1.34,CameraPosition,-103.1931,1.740409,-107.4737,CameraRotation,336.864,268.8518,1.490207,CurrentState,Land,Slider,62,Scenario,1
ID,8,Time,291.8936,DronePosition,-110.2391,5.196053,-107.379,1.34,CameraPosition,-103.1931,1.74044,-107.4734,CameraRotation,336.9059,268.8286,1.479908,CurrentState,Land,Slider,62,Scenario,1
ID,8,Time,291.9073,DronePosition,-110.2391,5.177814,-107.379,1.34,CameraPosition,-103.1932,1.740415,-107.473,CameraRotation,336.9702,268.7919,1.468256,CurrentState,Land,Slider,63,Scenario,1
ID,8,Time,291.9214,DronePosition,-110.2391,5.158797,-107.379,1.34,CameraPosition,-103.1933,1.74038,-107.4726,CameraRotation,337.0359,268.7604,1.465544,CurrentState,Land,Slider,63,Scenario,1
ID,8,Time,291.9355,DronePosition,-110.2391,5.139994,-107.379,1.34,CameraPosition,-103.1933,1.740304,-107.4723,CameraRotation,337.1197,268.7173,1.457322,CurrentState,Land,Slider,63,Scenario,1
ID,8,Time,291.9493,DronePosition,-110.2391,5.121509,-107.379,1.34,CameraPosition,-103.1934,1.740166,-107.472,CameraRotation,337.2163,268.6801,1.443183,CurrentState,Land,Slider,63,Scenario,1
ID,8,Time,291.963,DronePosition,-110.2391,5.103057,-107.379,1.34,CameraPosition,-103.1934,1.740022,-107.4717,CameraRotation,337.3179,268.6331,1.423884,CurrentState,Land,Slider,63,Scenario,1
ID,8,Time,291.9767,DronePosition,-110.2391,5.08478,-107.379,1.34,CameraPosition,-103.1935,1.739934,-107.4713,CameraRotation,337.4311,268.5902,1.421925,CurrentState,Land,Slider,63,Scenario,1
ID,8,Time,291.9908,DronePosition,-110.2391,5.065895,-107.379,1.34,CameraPosition,-103.1936,1.739893,-107.471,CameraRotation,337.5194,268.5538,1.418163,CurrentState,Land,Slider,63,Scenario,1
ID,8,Time,292.0047,DronePosition,-110.2391,5.047181,-107.379,1.34,CameraPosition,-103.1937,1.739831,-107.4708,CameraRotation,337.5932,268.5215,1.396083,CurrentState,Land,Slider,63,Scenario,1
ID,8,Time,292.0189,DronePosition,-110.2391,5.028204,-107.379,1.34,CameraPosition,-103.1938,1.739775,-107.4705,CameraRotation,337.6864,268.492,1.355163,CurrentState,Land,Slider,63,Scenario,1
ID,8,Time,292.0326,DronePosition,-110.2391,5.009878,-107.379,1.34,CameraPosition,-103.1939,1.739757,-107.4702,CameraRotation,337.7889,268.4836,1.315283,CurrentState,Land,Slider,63,Scenario,1
ID,8,Time,292.0465,DronePosition,-110.2391,4.991224,-107.379,1.34,CameraPosition,-103.1939,1.739751,-107.4699,CameraRotation,337.8998,268.4808,1.286355,CurrentState,Land,Slider,63,Scenario,1
ID,8,Time,292.0605,DronePosition,-110.2391,4.972405,-107.379,1.34,CameraPosition,-103.194,1.739733,-107.4696,CameraRotation,338.007,268.4918,1.275362,CurrentState,Land,Slider,63,Scenario,1
ID,8,Time,292.0744,DronePosition,-110.2391,4.953816,-107.379,1.34,CameraPosition,-103.194,1.739671,-107.4693,CameraRotation,338.113,268.5123,1.266019,CurrentState,Land,Slider,63,Scenario,1
ID,8,Time,292.0882,DronePosition,-110.2391,4.935401,-107.379,1.34,CameraPosition,-103.1941,1.739573,-107.469,CameraRotation,338.219,268.5386,1.238227,CurrentState,Land,Slider,63,Scenario,1
ID,8,Time,292.1027,DronePosition,-110.2391,4.915912,-107.379,1.34,CameraPosition,-103.1941,1.739439,-107.4687,CameraRotation,338.3293,268.5761,1.214439,CurrentState,Land,Slider,64,Scenario,1
ID,8,Time,292.1164,DronePosition,-110.2391,4.897504,-107.379,1.34,CameraPosition,-103.1941,1.739292,-107.4684,CameraRotation,338.4208,268.6102,1.180689,CurrentState,Land,Slider,64,Scenario,1
ID,8,Time,292.1304,DronePosition,-110.2391,4.878839,-107.379,1.34,CameraPosition,-103.1942,1.739149,-107.4681,CameraRotation,338.5052,268.6516,1.161467,CurrentState,Land,Slider,64,Scenario,1
ID,8,Time,292.1438,DronePosition,-110.2391,4.860865,-107.379,1.34,CameraPosition,-103.1942,1.739072,-107.4679,CameraRotation,338.5796,268.6716,1.142514,CurrentState,Land,Slider,64,Scenario,1
ID,8,Time,292.1578,DronePosition,-110.2391,4.842107,-107.379,1.34,CameraPosition,-103.1942,1.739033,-107.4676,CameraRotation,338.6599,268.6965,1.126789,CurrentState,Land,Slider,64,Scenario,1
ID,8,Time,292.1718,DronePosition,-110.2391,4.823269,-107.379,1.34,CameraPosition,-103.1942,1.739012,-107.4674,CameraRotation,338.7274,268.7095,1.113024,CurrentState,Land,Slider,64,Scenario,1
ID,8,Time,292.1859,DronePosition,-110.2391,4.804438,-107.379,1.34,CameraPosition,-103.1943,1.739015,-107.4672,CameraRotation,338.7991,268.7174,1.090723,CurrentState,Land,Slider,64,Scenario,1
ID,8,Time,292.1998,DronePosition,-110.2391,4.785849,-107.379,1.34,CameraPosition,-103.1944,1.738975,-107.467,CameraRotation,338.8802,268.7181,1.073197,CurrentState,Land,Slider,65,Scenario,1
ID,8,Time,292.2137,DronePosition,-110.2391,4.767115,-107.379,1.34,CameraPosition,-103.1945,1.738891,-107.4669,CameraRotation,338.9723,268.7161,1.063646,CurrentState,Land,Slider,65,Scenario,1
ID,8,Time,292.2278,DronePosition,-110.2391,4.748269,-107.379,1.34,CameraPosition,-103.1945,1.738807,-107.4667,CameraRotation,339.0742,268.7107,1.048429,CurrentState,Land,Slider,65,Scenario,1
ID,8,Time,292.2416,DronePosition,-110.2391,4.729732,-107.379,1.34,CameraPosition,-103.1946,1.738786,-107.4666,CameraRotation,339.1729,268.705,1.043629,CurrentState,Land,Slider,65,Scenario,1
ID,8,Time,292.2554,DronePosition,-110.2391,4.711231,-107.379,1.34,CameraPosition,-103.1947,1.738778,-107.4664,CameraRotation,339.226,268.6952,1.045446,CurrentState,Land,Slider,65,Scenario,1
ID,8,Time,292.2694,DronePosition,-110.2391,4.692459,-107.379,1.34,CameraPosition,-103.1948,1.738724,-107.4662,CameraRotation,339.2833,268.6841,1.051863,CurrentState,Land,Slider,65,Scenario,1
ID,8,Time,292.2832,DronePosition,-110.2391,4.674073,-107.379,1.34,CameraPosition,-103.1948,1.738607,-107.4661,CameraRotation,339.3677,268.6743,1.051095,CurrentState,Land,Slider,65,Scenario,1
ID,8,Time,292.2973,DronePosition,-110.2391,4.65512,-107.379,1.34,CameraPosition,-103.1949,1.738456,-107.466,CameraRotation,339.5121,268.656,1.04912,CurrentState,Land,Slider,65,Scenario,1
ID,8,Time,292.3115,DronePosition,-110.2391,4.636118,-107.379,1.34,CameraPosition,-103.195,1.738315,-107.4659,CameraRotation,339.6351,268.6337,1.072729,CurrentState,Land,Slider,67,Scenario,1
ID,8,Time,292.3249,DronePosition,-110.2391,4.618167,-107.379,1.34,CameraPosition,-103.1951,1.738187,-107.4659,CameraRotation,339.727,268.6171,1.086863,CurrentState,Land,Slider,67,Scenario,1
ID,8,Time,292.3392,DronePosition,-110.2391,4.598956,-107.379,1.34,CameraPosition,-103.1953,1.738019,-107.4658,CameraRotation,339.7955,268.5882,1.112722,CurrentState,Land,Slider,67,Scenario,1
ID,8,Time,292.3529,DronePosition,-110.2391,4.580647,-107.379,1.34,CameraPosition,-103.1955,1.73783,-107.4658,CameraRotation,339.9137,268.561,1.133452,CurrentState,Land,Slider,67,Scenario,1
ID,8,Time,292.367,DronePosition,-110.2391,4.561749,-107.379,1.34,CameraPosition,-103.1956,1.737618,-107.4659,CameraRotation,340.1004,268.5345,1.127086,CurrentState,Land,Slider,67,Scenario,1
ID,8,Time,292.3808,DronePosition,-110.2391,4.543249,-107.379,1.34,CameraPosition,-103.1958,1.737374,-107.466,CameraRotation,340.3243,268.4942,1.139707,CurrentState,Land,Slider,67,Scenario,1
ID,8,Time,292.3947,DronePosition,-110.2391,4.524672,-107.379,1.34,CameraPosition,-103.196,1.73714,-107.4661,CameraRotation,340.5123,268.4357,1.197213,CurrentState,Land,Slider,67,Scenario,1
ID,8,Time,292.4086,DronePosition,-110.2391,4.505998,-107.379,1.34,CameraPosition,-103.1962,1.736913,-107.4662,CameraRotation,340.6925,268.3659,1.288079,CurrentState,Land,Slider,67,Scenario,1
ID,8,Time,292.4224,DronePosition,-110.2391,4.487521,-107.379,1.34,CameraPosition,-103.1964,1.736688,-107.4663,CameraRotation,340.8887,268.2916,1.382023,CurrentState,Land,Slider,67,Scenario,1
ID,8,Time,292.4366,DronePosition,-110.2391,4.468488,-107.379,1.34,CameraPosition,-103.1966,1.736456,-107.4665,CameraRotation,341.0646,268.2159,1.440668,CurrentState,Land,Slider,67,Scenario,1
ID,8,Time,292.4503,DronePosition,-110.2391,4.450194,-107.379,1.34,CameraPosition,-103.1968,1.736251,-107.4667,CameraRotation,341.2479,268.1265,1.481452,CurrentState,Land,Slider,67,Scenario,1
ID,8,Time,292.4644,DronePosition,-110.2391,4.431282,-107.379,1.34,CameraPosition,-103.197,1.736046,-107.467,CameraRotation,341.4458,268.0193,1.56393,CurrentState,Land,Slider,67,Scenario,1
ID,8,Time,292.4782,DronePosition,-110.2391,4.412681,-107.379,1.34,CameraPosition,-103.1972,1.735803,-107.4674,CameraRotation,341.6479,267.9038,1.667651,CurrentState,Land,Slider,67,Scenario,1
ID,8,Time,292.492,DronePosition,-110.2391,4.394279,-107.379,1.34,CameraPosition,-103.1974,1.735483,-107.4678,CameraRotation,341.8598,267.7569,1.802274,CurrentState,Land,Slider,67,Scenario,1
ID,8,Time,292.5059,DronePosition,-110.2391,4.375577,-107.379,1.34,CameraPosition,-103.1976,1.735169,-107.4682,CameraRotation,342.087,267.5961,1.943825,CurrentState,Land,Slider,68,Scenario,1
ID,8,Time,292.5205,DronePosition,-110.2391,4.356077,-107.379,1.34,CameraPosition,-103.1978,1.734894,-107.4687,CameraRotation,342.326,267.4275,2.086952,CurrentState,Land,Slider,68,Scenario,1
ID,8,Time,292.5342,DronePosition,-110.2391,4.337672,-107.379,1.34,CameraPosition,-103.198,1.734648,-107.4693,CameraRotation,342.5526,267.243,2.237831,CurrentState,Land,Slider,68,Scenario,1
ID,8,Time,292.5476,DronePosition,-110.2391,4.319767,-107.379,1.34,CameraPosition,-103.1982,1.734423,-107.4698,CameraRotation,342.7543,267.0528,2.383973,CurrentState,Land,Slider,68,Scenario,1
ID,8,Time,292.5619,DronePosition,-110.2391,4.300601,-107.379,1.34,CameraPosition,-103.1984,1.734247,-107.4704,CameraRotation,342.9211,266.8486,2.522519,CurrentState,Land,Slider,68,Scenario,1
ID,8,Time,292.5755,DronePosition,-110.2391,4.282338,-107.379,1.34,CameraPosition,-103.1986,1.734094,-107.471,CameraRotation,343.0557,266.6105,2.673278,CurrentState,Land,Slider,68,Scenario,1
ID,8,Time,292.5895,DronePosition,-110.2391,4.263639,-107.379,1.34,CameraPosition,-103.1988,1.733919,-107.4716,CameraRotation,343.1672,266.3217,2.87183,CurrentState,Land,Slider,68,Scenario,1
ID,8,Time,292.6034,DronePosition,-110.2391,4.245037,-107.379,1.34,CameraPosition,-103.199,1.733701,-107.4722,CameraRotation,343.2767,266.0241,3.07856,CurrentState,Land,Slider,68,Scenario,1
ID,8,Time,292.6174,DronePosition,-110.2391,4.226151,-107.379,1.34,CameraPosition,-103.1992,1.733507,-107.4729,CameraRotation,343.3948,265.7111,3.262079,CurrentState,Land,Slider,68,Scenario,1
ID,8,Time,292.6313,DronePosition,-110.2391,4.207627,-107.379,1.34,CameraPosition,-103.1993,1.733368,-107.4735,CameraRotation,343.501,265.4303,3.362935,CurrentState,Land,Slider,68,Scenario,1
ID,8,Time,292.6452,DronePosition,-110.2391,4.188982,-107.379,1.34,CameraPosition,-103.1995,1.733292,-107.4742,CameraRotation,343.5971,265.1691,3.435296,CurrentState,Land,Slider,68,Scenario,1
ID,8,Time,292.6591,DronePosition,-110.2391,4.170386,-107.379,1.34,CameraPosition,-103.1997,1.733266,-107.4748,CameraRotation,343.6444,264.9264,3.502134,CurrentState,Land,Slider,68,Scenario,1
ID,8,Time,292.6728,DronePosition,-110.2391,4.15194,-107.379,1.34,CameraPosition,-103.1999,1.733237,-107.4755,CameraRotation,343.6833,264.681,3.610418,CurrentState,Land,Slider,68,Scenario,1
ID,8,Time,292.6869,DronePosition,-110.2391,4.133072,-107.379,1.34,CameraPosition,-103.2001,1.733162,-107.4761,CameraRotation,343.7607,264.4294,3.74619,CurrentState,Land,Slider,68,Scenario,1
ID,8,Time,292.7009,DronePosition,-110.2391,4.11433,-107.379,1.34,CameraPosition,-103.2002,1.73303,-107.4768,CameraRotation,343.8656,264.1779,3.897248,CurrentState,Land,Slider,68,Scenario,1
ID,8,Time,292.7148,DronePosition,-110.2391,4.095689,-107.379,1.34,CameraPosition,-103.2003,1.732882,-107.4774,CameraRotation,343.9882,263.9416,4.034304,CurrentState,Land,Slider,69,Scenario,1
ID,8,Time,292.7289,DronePosition,-110.2391,4.076729,-107.379,1.34,CameraPosition,-103.2005,1.732713,-107.4781,CameraRotation,344.1014,263.7078,4.143341,CurrentState,Land,Slider,69,Scenario,1
ID,8,Time,292.7422,DronePosition,-110.2391,4.058953,-107.379,1.34,CameraPosition,-103.2006,1.732574,-107.4787,CameraRotation,344.212,263.485,4.223333,CurrentState,Land,Slider,69,Scenario,1
ID,8,Time,292.7567,DronePosition,-110.2391,4.039546,-107.379,1.34,CameraPosition,-103.2007,1.732444,-107.4793,CameraRotation,344.2932,263.2841,4.284993,CurrentState,Land,Slider,69,Scenario,1
ID,8,Time,292.7704,DronePosition,-110.2391,4.021243,-107.379,1.34,CameraPosition,-103.2008,1.732337,-107.4799,CameraRotation,344.3788,263.1067,4.353043,CurrentState,Land,Slider,69,Scenario,1
ID,8,Time,292.7841,DronePosition,-110.2391,4.002771,-107.379,1.34,CameraPosition,-103.2009,1.732211,-107.4804,CameraRotation,344.4342,262.9366,4.435963,CurrentState,Land,Slider,69,Scenario,1
ID,8,Time,292.7981,DronePosition,-110.2391,3.984124,-107.379,1.34,CameraPosition,-103.2011,1.732098,-107.481,CameraRotation,344.5015,262.7563,4.530283,CurrentState,Land,Slider,69,Scenario,1
ID,8,Time,292.812,DronePosition,-110.2391,3.965449,-107.379,1.34,CameraPosition,-103.2012,1.732002,-107.4815,CameraRotation,344.5633,262.6079,4.607709,CurrentState,Land,Slider,69,Scenario,1
ID,8,Time,292.8257,DronePosition,-110.2391,3.947012,-107.379,1.34,CameraPosition,-103.2013,1.731982,-107.4819,CameraRotation,344.6114,262.4745,4.658521,CurrentState,Land,Slider,69,Scenario,1
ID,8,Time,292.8399,DronePosition,-110.2391,3.928103,-107.379,1.34,CameraPosition,-103.2015,1.732012,-107.4823,CameraRotation,344.6118,262.3763,4.669618,CurrentState,Land,Slider,69,Scenario,1
ID,8,Time,292.854,DronePosition,-110.2391,3.909114,-107.379,1.34,CameraPosition,-103.2017,1.732038,-107.4827,CameraRotation,344.6159,262.2866,4.67667,CurrentState,Land,Slider,69,Scenario,1
ID,8,Time,292.8676,DronePosition,-110.2391,3.890955,-107.379,1.34,CameraPosition,-103.2019,1.732048,-107.483,CameraRotation,344.6225,262.2361,4.680488,CurrentState,Land,Slider,69,Scenario,1
ID,8,Time,292.8817,DronePosition,-110.2391,3.872067,-107.379,1.34,CameraPosition,-103.202,1.732015,-107.4834,CameraRotation,344.6577,262.1949,4.68373,CurrentState,Land,Slider,69,Scenario,1
ID,8,Time,292.8958,DronePosition,-110.2391,3.853185,-107.379,1.34,CameraPosition,-103.2022,1.731932,-107.4836,CameraRotation,344.7328,262.1894,4.68151,CurrentState,Land,Slider,69,Scenario,1
ID,8,Time,292.9094,DronePosition,-110.2391,3.834884,-107.379,1.34,CameraPosition,-103.2024,1.731885,-107.4839,CameraRotation,344.8225,262.2078,4.672081,CurrentState,Land,Slider,69,Scenario,1
ID,8,Time,292.9234,DronePosition,-110.2391,3.816162,-107.379,1.34,CameraPosition,-103.2026,1.731858,-107.4841,CameraRotation,344.877,262.2363,4.676436,CurrentState,Land,Slider,69,Scenario,1
ID,8,Time,292.9377,DronePosition,-110.2391,3.797021,-107.379,1.34,CameraPosition,-103.2028,1.731852,-107.4843,CameraRotation,344.9098,262.2767,4.676877,CurrentState,Land,Slider,69,Scenario,1
ID,8,Time,292.9517,DronePosition,-110.2391,3.778306,-107.379,1.34,CameraPosition,-103.2031,1.731855,-107.4844,CameraRotation,344.9198,262.3535,4.669134,CurrentState,Land,Slider,69,Scenario,1
ID,8,Time,292.9652,DronePosition,-110.2391,3.76012,-107.379,1.34,CameraPosition,-103.2033,1.731822,-107.4845,CameraRotation,344.9592,262.4506,4.644009,CurrentState,Land,Slider,69,Scenario,1
ID,8,Time,292.9791,DronePosition,-110.2391,3.741486,-107.379,1.34,CameraPosition,-103.2035,1.73171,-107.4847,CameraRotation,345.0295,262.5626,4.616724,CurrentState,Land,Slider,69,Scenario,1
ID,8,Time,292.993,DronePosition,-110.2391,3.72297,-107.379,1.34,CameraPosition,-103.2037,1.731595,-107.4848,CameraRotation,345.1064,262.6774,4.580984,CurrentState,Land,Slider,69,Scenario,1
ID,8,Time,293.007,DronePosition,-110.2391,3.704175,-107.379,1.34,CameraPosition,-103.2039,1.731518,-107.485,CameraRotation,345.1856,262.7962,4.538168,CurrentState,Land,Slider,70,Scenario,1
ID,8,Time,293.0211,DronePosition,-110.2391,3.685208,-107.379,1.34,CameraPosition,-103.2042,1.731443,-107.4851,CameraRotation,345.228,262.9189,4.504333,CurrentState,Land,Slider,70,Scenario,1
ID,8,Time,293.0349,DronePosition,-110.2391,3.666775,-107.379,1.34,CameraPosition,-103.2045,1.731347,-107.4853,CameraRotation,345.267,263.0282,4.496969,CurrentState,Land,Slider,70,Scenario,1
ID,8,Time,293.049,DronePosition,-110.2391,3.647889,-107.379,1.34,CameraPosition,-103.2048,1.731243,-107.4854,CameraRotation,345.3351,263.14,4.499177,CurrentState,Land,Slider,70,Scenario,1
ID,8,Time,293.0626,DronePosition,-110.2391,3.629624,-107.379,1.34,CameraPosition,-103.205,1.73112,-107.4856,CameraRotation,345.4254,263.262,4.46489,CurrentState,Land,Slider,70,Scenario,1
ID,8,Time,293.0767,DronePosition,-110.2391,3.610734,-107.379,1.34,CameraPosition,-103.2053,1.731007,-107.4858,CameraRotation,345.5027,263.3947,4.40632,CurrentState,Land,Slider,70,Scenario,1
ID,8,Time,293.0905,DronePosition,-110.2391,3.592306,-107.379,1.34,CameraPosition,-103.2056,1.730928,-107.486,CameraRotation,345.5586,263.5178,4.355359,CurrentState,Land,Slider,70,Scenario,1
ID,8,Time,293.1046,DronePosition,-110.2391,3.57338,-107.379,1.34,CameraPosition,-103.2059,1.730887,-107.4862,CameraRotation,345.608,263.6332,4.33492,CurrentState,Land,Slider,70,Scenario,1
ID,8,Time,293.1185,DronePosition,-110.2391,3.554748,-107.379,1.34,CameraPosition,-103.2062,1.730837,-107.4864,CameraRotation,345.6507,263.7446,4.323502,CurrentState,Land,Slider,70,Scenario,1
ID,8,Time,293.1326,DronePosition,-110.2391,3.535902,-107.379,1.34,CameraPosition,-103.2066,1.730733,-107.4865,CameraRotation,345.7155,263.8578,4.296977,CurrentState,Land,Slider,70,Scenario,1
ID,8,Time,293.1467,DronePosition,-110.2391,3.516943,-107.379,1.34,CameraPosition,-103.2069,1.730525,-107.4868,CameraRotation,345.8292,263.979,4.253041,CurrentState,Land,Slider,70,Scenario,1
ID,8,Time,293.1601,DronePosition,-110.2391,3.499028,-107.379,1.34,CameraPosition,-103.2072,1.730295,-107.487,CameraRotation,345.9449,264.0978,4.211202,CurrentState,Land,Slider,70,Scenario,1
ID,8,Time,293.1743,DronePosition,-110.2391,3.480006,-107.379,1.34,CameraPosition,-103.2075,1.730096,-107.4873,CameraRotation,346.056,264.2236,4.173265,CurrentState,Land,Slider,70,Scenario,1
ID,8,Time,293.1879,DronePosition,-110.2391,3.461688,-107.379,1.34,CameraPosition,-103.2078,1.729919,-107.4876,CameraRotation,346.1436,264.3286,4.151067,CurrentState,Land,Slider,70,Scenario,1
ID,8,Time,293.2022,DronePosition,-110.2391,3.442524,-107.379,1.34,CameraPosition,-103.2081,1.729777,-107.4879,CameraRotation,346.2228,264.4271,4.121197,CurrentState,Land,Slider,70,Scenario,1
ID,8,Time,293.216,DronePosition,-110.2391,3.424094,-107.379,1.34,CameraPosition,-103.2084,1.729633,-107.4882,CameraRotation,346.3281,264.5197,4.096478,CurrentState,Land,Slider,70,Scenario,1
ID,8,Time,293.23,DronePosition,-110.2391,3.405259,-107.379,1.34,CameraPosition,-103.2088,1.729426,-107.4885,CameraRotation,346.4554,264.6222,4.036815,CurrentState,Land,Slider,70,Scenario,1
ID,8,Time,293.2438,DronePosition,-110.2391,3.386862,-107.379,1.34,CameraPosition,-103.2091,1.729151,-107.4887,CameraRotation,346.5998,264.7545,3.937402,CurrentState,Land,Slider,70,Scenario,1
ID,8,Time,293.2577,DronePosition,-110.2391,3.368265,-107.379,1.34,CameraPosition,-103.2094,1.728914,-107.489,CameraRotation,346.7825,264.9055,3.820668,CurrentState,Land,Slider,70,Scenario,1
ID,8,Time,293.2717,DronePosition,-110.2391,3.349418,-107.379,1.34,CameraPosition,-103.2098,1.728793,-107.4892,CameraRotation,346.9386,265.0522,3.73022,CurrentState,Land,Slider,70,Scenario,1
ID,8,Time,293.2857,DronePosition,-110.2391,3.330639,-107.379,1.34,CameraPosition,-103.2101,1.728736,-107.4894,CameraRotation,347.0405,265.222,3.638276,CurrentState,Land,Slider,70,Scenario,1
ID,8,Time,293.2996,DronePosition,-110.2391,3.312117,-107.379,1.34,CameraPosition,-103.2105,1.72863,-107.4896,CameraRotation,347.1254,265.4031,3.526243,CurrentState,Land,Slider,70,Scenario,1
ID,8,Time,293.3134,DronePosition,-110.2391,3.293553,-107.379,1.34,CameraPosition,-103.2108,1.728477,-107.4899,CameraRotation,347.2367,265.5951,3.40919,CurrentState,Land,Slider,71,Scenario,1
ID,8,Time,293.3272,DronePosition,-110.2391,3.275018,-107.379,1.34,CameraPosition,-103.2111,1.728292,-107.4902,CameraRotation,347.379,265.8072,3.266589,CurrentState,Land,Slider,71,Scenario,1
ID,8,Time,293.341,DronePosition,-110.2391,3.256603,-107.379,1.34,CameraPosition,-103.2114,1.728063,-107.4905,CameraRotation,347.5349,266.0227,3.126363,CurrentState,Land,Slider,71,Scenario,1
ID,8,Time,293.3552,DronePosition,-110.2391,3.237544,-107.379,1.34,CameraPosition,-103.2117,1.727814,-107.4908,CameraRotation,347.6842,266.2145,2.998199,CurrentState,Land,Slider,71,Scenario,1
ID,8,Time,293.3694,DronePosition,-110.2391,3.21848,-107.379,1.34,CameraPosition,-103.212,1.727596,-107.4912,CameraRotation,347.8301,266.4101,2.866679,CurrentState,Land,Slider,71,Scenario,1
ID,8,Time,293.383,DronePosition,-110.2391,3.20032,-107.379,1.34,CameraPosition,-103.2122,1.727422,-107.4917,CameraRotation,347.9648,266.6056,2.743198,CurrentState,Land,Slider,71,Scenario,1
ID,8,Time,293.397,DronePosition,-110.2391,3.181551,-107.379,1.34,CameraPosition,-103.2125,1.727228,-107.4921,CameraRotation,348.0907,266.8068,2.614315,CurrentState,Land,Slider,71,Scenario,1
ID,8,Time,293.4107,DronePosition,-110.2391,3.163196,-107.379,1.34,CameraPosition,-103.2128,1.726994,-107.4926,CameraRotation,348.2223,267.0146,2.459557,CurrentState,Land,Slider,71,Scenario,1
ID,8,Time,293.4247,DronePosition,-110.2391,3.144498,-107.379,1.34,CameraPosition,-103.213,1.726729,-107.4932,CameraRotation,348.3692,267.2269,2.284882,CurrentState,Land,Slider,71,Scenario,1
ID,8,Time,293.4388,DronePosition,-110.2391,3.125457,-107.379,1.34,CameraPosition,-103.2133,1.72643,-107.4938,CameraRotation,348.5443,267.441,2.107628,CurrentState,Land,Slider,71,Scenario,1
ID,8,Time,293.4524,DronePosition,-110.2391,3.107301,-107.379,1.34,CameraPosition,-103.2135,1.726114,-107.4945,CameraRotation,348.74,267.6554,1.948118,CurrentState,Land,Slider,71,Scenario,1
ID,8,Time,293.4664,DronePosition,-110.2391,3.088506,-107.379,1.34,CameraPosition,-103.2137,1.725771,-107.4952,CameraRotation,348.9598,267.8581,1.822999,CurrentState,Land,Slider,71,Scenario,1
ID,8,Time,293.4804,DronePosition,-110.2391,3.069752,-107.379,1.34,CameraPosition,-103.214,1.725469,-107.496,CameraRotation,349.1657,268.0651,1.724721,CurrentState,Land,Slider,71,Scenario,1
ID,8,Time,293.4947,DronePosition,-110.2391,3.050647,-107.379,1.34,CameraPosition,-103.2142,1.72519,-107.4969,CameraRotation,349.3672,268.2616,1.664688,CurrentState,Land,Slider,71,Scenario,1
ID,8,Time,293.5079,DronePosition,-110.2391,3.032955,-107.379,1.34,CameraPosition,-103.2144,1.724883,-107.4977,CameraRotation,349.571,268.4571,1.584078,CurrentState,Land,Slider,72,Scenario,1
ID,8,Time,293.5223,DronePosition,-110.2391,3.013576,-107.379,1.34,CameraPosition,-103.2146,1.724542,-107.4987,CameraRotation,349.7876,268.6544,1.483525,CurrentState,Land,Slider,72,Scenario,1
ID,8,Time,293.5362,DronePosition,-110.2391,2.994999,-107.379,1.34,CameraPosition,-103.2148,1.724184,-107.4997,CameraRotation,350.0334,268.8365,1.372151,CurrentState,Land,Slider,72,Scenario,1
ID,8,Time,293.55,DronePosition,-110.2391,2.976494,-107.379,1.34,CameraPosition,-103.215,1.723868,-107.5007,CameraRotation,350.2575,269.0233,1.283479,CurrentState,Land,Slider,72,Scenario,1
ID,8,Time,293.5642,DronePosition,-110.2391,2.957515,-107.379,1.34,CameraPosition,-103.2153,1.723607,-107.5018,CameraRotation,350.4471,269.2066,1.242284,CurrentState,Land,Slider,72,Scenario,1
ID,8,Time,293.5779,DronePosition,-110.2391,2.93918,-107.379,1.34,CameraPosition,-103.2156,1.723332,-107.5029,CameraRotation,350.6196,269.4129,1.213766,CurrentState,Land,Slider,72,Scenario,1
ID,8,Time,293.5918,DronePosition,-110.2391,2.920536,-107.379,1.34,CameraPosition,-103.2159,1.723045,-107.5041,CameraRotation,350.8083,269.6234,1.16477,CurrentState,Land,Slider,72,Scenario,1
ID,8,Time,293.6079,DronePosition,-110.2391,2.898955,-107.379,1.34,CameraPosition,-103.2162,1.722641,-107.5052,CameraRotation,351.023,269.8468,1.095825,CurrentState,Land,Slider,72,Scenario,1
ID,8,Time,293.6197,DronePosition,-110.2391,2.883082,-107.379,1.34,CameraPosition,-103.2165,1.722146,-107.5064,CameraRotation,351.2795,270.0882,0.9992033,CurrentState,Land,Slider,72,Scenario,1
ID,8,Time,293.6334,DronePosition,-110.2391,2.864759,-107.379,1.34,CameraPosition,-103.2168,1.721622,-107.5077,CameraRotation,351.5693,270.3229,0.9035898,CurrentState,Land,Slider,72,Scenario,1
ID,8,Time,293.6474,DronePosition,-110.2391,2.845995,-107.379,1.34,CameraPosition,-103.2171,1.7211,-107.509,CameraRotation,351.8571,270.5436,0.828283,CurrentState,Land,Slider,72,Scenario,1
ID,8,Time,293.6618,DronePosition,-110.2391,2.826688,-107.379,1.34,CameraPosition,-103.2175,1.720586,-107.5102,CameraRotation,352.1516,270.7515,0.7925376,CurrentState,Land,Slider,72,Scenario,1
ID,8,Time,293.6751,DronePosition,-110.2391,2.808844,-107.379,1.34,CameraPosition,-103.2178,1.720036,-107.5115,CameraRotation,352.4502,270.9676,0.7957901,CurrentState,Land,Slider,72,Scenario,1
ID,8,Time,293.6893,DronePosition,-110.2391,2.78987,-107.379,1.34,CameraPosition,-103.2181,1.719432,-107.5128,CameraRotation,352.7744,271.1843,0.7941933,CurrentState,Land,Slider,72,Scenario,1
ID,8,Time,293.7032,DronePosition,-110.2391,2.771244,-107.379,1.34,CameraPosition,-103.2185,1.71878,-107.5142,CameraRotation,353.1358,271.4117,0.7657363,CurrentState,Land,Slider,72,Scenario,1
ID,8,Time,293.7173,DronePosition,-110.2391,2.752378,-107.379,1.34,CameraPosition,-103.2188,1.718076,-107.5156,CameraRotation,353.5308,271.6297,0.6943334,CurrentState,Land,Slider,72,Scenario,1
ID,8,Time,293.731,DronePosition,-110.2391,2.73399,-107.379,1.34,CameraPosition,-103.2192,1.717386,-107.5169,CameraRotation,353.923,271.8382,0.6312351,CurrentState,Land,Slider,72,Scenario,1
ID,8,Time,293.7452,DronePosition,-110.2391,2.714916,-107.379,1.34,CameraPosition,-103.2196,1.716755,-107.5183,CameraRotation,354.2903,272.0576,0.5902938,CurrentState,Land,Slider,72,Scenario,1
ID,8,Time,293.7588,DronePosition,-110.2391,2.696755,-107.379,1.34,CameraPosition,-103.22,1.716211,-107.5196,CameraRotation,354.6509,272.2654,0.5669419,CurrentState,Land,Slider,72,Scenario,1
ID,8,Time,293.7733,DronePosition,-110.2391,2.677339,-107.379,1.34,CameraPosition,-103.2204,1.715675,-107.521,CameraRotation,355.0211,272.475,0.5424777,CurrentState,Land,Slider,72,Scenario,1
ID,8,Time,293.7874,DronePosition,-110.2391,2.658391,-107.379,1.34,CameraPosition,-103.2208,1.715043,-107.5223,CameraRotation,355.3965,272.6979,0.5033917,CurrentState,Land,Slider,72,Scenario,1
ID,8,Time,293.8005,DronePosition,-110.2391,2.640789,-107.379,1.34,CameraPosition,-103.2212,1.714393,-107.5236,CameraRotation,355.7924,272.9311,0.4483587,CurrentState,Land,Slider,72,Scenario,1
ID,8,Time,293.8143,DronePosition,-110.2391,2.622307,-107.379,1.34,CameraPosition,-103.2217,1.7137,-107.5249,CameraRotation,356.186,273.1711,0.3227623,CurrentState,Land,Slider,72,Scenario,1
ID,8,Time,293.8285,DronePosition,-110.2391,2.603289,-107.379,1.34,CameraPosition,-103.2221,1.712948,-107.5262,CameraRotation,356.5609,273.4202,0.2354943,CurrentState,Land,Slider,72,Scenario,1
ID,8,Time,293.842,DronePosition,-110.2391,2.585258,-107.379,1.34,CameraPosition,-103.2224,1.712219,-107.5273,CameraRotation,356.9918,273.6515,0.1390204,CurrentState,Land,Slider,72,Scenario,1
ID,8,Time,293.8562,DronePosition,-110.2391,2.566239,-107.379,1.34,CameraPosition,-103.2227,1.711463,-107.5284,CameraRotation,357.4192,273.8764,0.151945,CurrentState,Land,Slider,72,Scenario,1
ID,8,Time,293.8701,DronePosition,-110.2391,2.547603,-107.379,1.34,CameraPosition,-103.223,1.71068,-107.5295,CameraRotation,357.8018,274.0861,0.1526289,CurrentState,Land,Slider,72,Scenario,1
ID,8,Time,293.8842,DronePosition,-110.2391,2.528658,-107.379,1.34,CameraPosition,-103.2232,1.709891,-107.5306,CameraRotation,358.1341,274.2897,0.142287,CurrentState,Land,Slider,72,Scenario,1
ID,8,Time,293.8982,DronePosition,-110.2391,2.509946,-107.379,1.34,CameraPosition,-103.2235,1.709146,-107.5315,CameraRotation,358.4211,274.4923,0.1277106,CurrentState,Land,Slider,72,Scenario,1
ID,8,Time,293.9124,DronePosition,-110.2391,2.490912,-107.379,1.34,CameraPosition,-103.2237,1.708437,-107.5324,CameraRotation,358.673,274.6842,0.1278361,CurrentState,Land,Slider,72,Scenario,1
ID,8,Time,293.9255,DronePosition,-110.2391,2.473296,-107.379,1.34,CameraPosition,-103.2239,1.707857,-107.5332,CameraRotation,358.9199,274.8412,0.1290537,CurrentState,Land,Slider,72,Scenario,1
ID,8,Time,293.94,DronePosition,-110.2391,2.453968,-107.379,1.34,CameraPosition,-103.224,1.70748,-107.534,CameraRotation,359.142,274.967,0.134675,CurrentState,Land,Slider,72,Scenario,1
ID,8,Time,293.9538,DronePosition,-110.2391,2.435433,-107.379,1.34,CameraPosition,-103.224,1.707318,-107.5346,CameraRotation,359.2966,275.0493,0.2203921,CurrentState,Land,Slider,72,Scenario,1
ID,8,Time,293.9677,DronePosition,-110.2391,2.416868,-107.379,1.34,CameraPosition,-103.224,1.70727,-107.5351,CameraRotation,359.4075,275.11,0.3385863,CurrentState,Land,Slider,72,Scenario,1
ID,8,Time,293.982,DronePosition,-110.2391,2.397607,-107.379,1.34,CameraPosition,-103.2239,1.707369,-107.5356,CameraRotation,359.4528,275.1221,0.4860283,CurrentState,Land,Slider,72,Scenario,1
ID,8,Time,293.9958,DronePosition,-110.2391,2.379164,-107.379,1.34,CameraPosition,-103.2238,1.707537,-107.5359,CameraRotation,359.489,275.0856,0.5754864,CurrentState,Land,Slider,72,Scenario,1
ID,8,Time,294.0093,DronePosition,-110.2391,2.361105,-107.379,1.34,CameraPosition,-103.2236,1.707684,-107.5362,CameraRotation,359.5067,275.0531,0.6143749,CurrentState,Land,Slider,72,Scenario,1
ID,8,Time,294.0233,DronePosition,-110.2391,2.342221,-107.379,1.34,CameraPosition,-103.2234,1.707966,-107.5364,CameraRotation,359.4517,274.9514,0.5995055,CurrentState,Land,Slider,72,Scenario,1
ID,8,Time,294.0373,DronePosition,-110.2391,2.323498,-107.379,1.34,CameraPosition,-103.2232,1.708233,-107.5365,CameraRotation,359.4398,274.8518,0.5985518,CurrentState,Land,Slider,72,Scenario,1
ID,8,Time,294.0517,DronePosition,-110.2391,2.304218,-107.379,1.34,CameraPosition,-103.2228,1.708566,-107.5365,CameraRotation,359.3969,274.6991,0.5806773,CurrentState,Land,Slider,72,Scenario,1
ID,8,Time,294.065,DronePosition,-110.2391,2.286463,-107.379,1.34,CameraPosition,-103.2225,1.708873,-107.5365,CameraRotation,359.3258,274.5253,0.5622446,CurrentState,Land,Slider,72,Scenario,1
ID,8,Time,294.079,DronePosition,-110.2391,2.26762,-107.379,1.34,CameraPosition,-103.2223,1.70914,-107.5364,CameraRotation,359.2406,274.3525,0.548023,CurrentState,Land,Slider,72,Scenario,1
ID,8,Time,294.093,DronePosition,-110.2391,2.24891,-107.379,1.34,CameraPosition,-103.2219,1.709422,-107.536,CameraRotation,359.1042,274.147,0.5183915,CurrentState,Land,Slider,72,Scenario,1
ID,8,Time,294.1068,DronePosition,-110.2391,2.230382,-107.379,1.34,CameraPosition,-103.2216,1.709699,-107.5356,CameraRotation,358.9556,273.9585,0.467176,CurrentState,Land,Slider,72,Scenario,1
ID,8,Time,294.1208,DronePosition,-110.2391,2.21163,-107.379,1.34,CameraPosition,-103.2213,1.709935,-107.5351,CameraRotation,358.7913,273.7759,0.3891294,CurrentState,Land,Slider,72,Scenario,1
ID,8,Time,294.1349,DronePosition,-110.2391,2.192745,-107.379,1.34,CameraPosition,-103.221,1.710108,-107.5345,CameraRotation,358.6396,273.5941,0.3197901,CurrentState,Land,Slider,72,Scenario,1
ID,8,Time,294.1488,DronePosition,-110.2391,2.174132,-107.379,1.34,CameraPosition,-103.2207,1.710217,-107.5338,CameraRotation,358.4281,273.415,0.2446136,CurrentState,Land,Slider,72,Scenario,1
ID,8,Time,294.1625,DronePosition,-110.2391,2.15582,-107.379,1.34,CameraPosition,-103.2204,1.71034,-107.5329,CameraRotation,358.2175,273.2403,0.2111444,CurrentState,Land,Slider,72,Scenario,1
ID,8,Time,294.1765,DronePosition,-110.2391,2.13696,-107.379,1.34,CameraPosition,-103.2202,1.710449,-107.5319,CameraRotation,357.959,273.045,0.1639858,CurrentState,Land,Slider,72,Scenario,1
ID,8,Time,294.1909,DronePosition,-110.2391,2.117661,-107.379,1.34,CameraPosition,-103.22,1.710485,-107.5309,CameraRotation,357.6935,272.8427,0.1757665,CurrentState,Land,Slider,72,Scenario,1
ID,8,Time,294.2044,DronePosition,-110.2391,2.099592,-107.379,1.34,CameraPosition,-103.2198,1.710501,-107.5297,CameraRotation,357.4875,272.6526,0.1667094,CurrentState,Land,Slider,72,Scenario,1
ID,8,Time,294.2183,DronePosition,-110.2391,2.08105,-107.379,1.34,CameraPosition,-103.2197,1.710537,-107.5285,CameraRotation,357.3449,272.479,0.1428908,CurrentState,Land,Slider,72,Scenario,1
ID,8,Time,294.2323,DronePosition,-110.2391,2.062252,-107.379,1.34,CameraPosition,-103.2196,1.710697,-107.5271,CameraRotation,357.2259,272.3261,0.1183836,CurrentState,Land,Slider,72,Scenario,1
ID,8,Time,294.2462,DronePosition,-110.2391,2.04359,-107.379,1.34,CameraPosition,-103.2197,1.710981,-107.5257,CameraRotation,357.0781,272.179,0.1089864,CurrentState,Land,Slider,72,Scenario,1
ID,8,Time,294.2602,DronePosition,-110.2391,2.024897,-107.379,1.34,CameraPosition,-103.2198,1.711329,-107.5241,CameraRotation,356.8636,272.0319,0.1196669,CurrentState,Land,Slider,72,Scenario,1
ID,8,Time,294.2739,DronePosition,-110.2391,2.006489,-107.379,1.34,CameraPosition,-103.2201,1.711763,-107.5225,CameraRotation,356.6943,271.8992,0.08779997,CurrentState,Land,Slider,72,Scenario,1
ID,8,Time,294.2878,DronePosition,-110.2391,1.987872,-107.379,1.34,CameraPosition,-103.2203,1.712184,-107.5209,CameraRotation,356.5674,271.7822,359.9925,CurrentState,Land,Slider,72,Scenario,1
ID,8,Time,294.3021,DronePosition,-110.2391,1.968693,-107.379,1.34,CameraPosition,-103.2205,1.712557,-107.5192,CameraRotation,356.473,271.6938,359.8423,CurrentState,Land,Slider,72,Scenario,1
ID,8,Time,294.316,DronePosition,-110.2391,1.950058,-107.379,1.34,CameraPosition,-103.2208,1.712918,-107.5174,CameraRotation,356.4189,271.6107,359.7058,CurrentState,Land,Slider,72,Scenario,1
ID,8,Time,294.3295,DronePosition,-110.2391,1.931982,-107.379,1.34,CameraPosition,-103.221,1.713282,-107.5157,CameraRotation,356.3665,271.5206,359.6043,CurrentState,Land,Slider,72,Scenario,1
ID,8,Time,294.3434,DronePosition,-110.2391,1.913334,-107.379,1.34,CameraPosition,-103.2213,1.713637,-107.5139,CameraRotation,356.297,271.4371,359.5341,CurrentState,Land,Slider,72,Scenario,1
ID,8,Time,294.3573,DronePosition,-110.2391,1.894687,-107.379,1.34,CameraPosition,-103.2217,1.71397,-107.5121,CameraRotation,356.1745,271.374,359.4546,CurrentState,Land,Slider,72,Scenario,1
ID,8,Time,294.3716,DronePosition,-110.2391,1.875544,-107.379,1.34,CameraPosition,-103.2221,1.714278,-107.5103,CameraRotation,356.0687,271.3041,359.3798,CurrentState,Land,Slider,72,Scenario,1
ID,8,Time,294.3854,DronePosition,-110.2391,1.857084,-107.379,1.34,CameraPosition,-103.2225,1.714494,-107.5086,CameraRotation,356.0068,271.2427,359.3298,CurrentState,Land,Slider,72,Scenario,1
ID,8,Time,294.4001,DronePosition,-110.2391,1.837328,-107.379,1.34,CameraPosition,-103.2228,1.714583,-107.5068,CameraRotation,356.0055,271.1845,359.2938,CurrentState,Land,Slider,72,Scenario,1
ID,8,Time,294.4136,DronePosition,-110.2391,1.819355,-107.379,1.34,CameraPosition,-103.2231,1.714578,-107.5051,CameraRotation,356.0176,271.1138,359.2638,CurrentState,Land,Slider,72,Scenario,1
ID,8,Time,294.4272,DronePosition,-110.2391,1.801098,-107.379,1.34,CameraPosition,-103.2234,1.714424,-107.5034,CameraRotation,356.0735,271.0563,359.2235,CurrentState,Land,Slider,72,Scenario,1
ID,8,Time,294.4408,DronePosition,-110.2391,1.782833,-107.379,1.34,CameraPosition,-103.2236,1.714275,-107.5016,CameraRotation,356.1161,271.0024,359.171,CurrentState,Land,Slider,72,Scenario,1
ID,8,Time,294.4549,DronePosition,-110.2391,1.763953,-107.379,1.34,CameraPosition,-103.2238,1.714125,-107.4999,CameraRotation,356.1486,270.9453,359.1255,CurrentState,Land,Slider,72,Scenario,1
ID,8,Time,294.4688,DronePosition,-110.2391,1.745279,-107.379,1.34,CameraPosition,-103.2241,1.714067,-107.4981,CameraRotation,356.1721,270.8944,359.14,CurrentState,Land,Slider,72,Scenario,1
ID,8,Time,294.4828,DronePosition,-110.2391,1.726592,-107.379,1.34,CameraPosition,-103.2243,1.714026,-107.4964,CameraRotation,356.1852,270.8385,359.1852,CurrentState,Land,Slider,72,Scenario,1
ID,8,Time,294.4968,DronePosition,-110.2391,1.707872,-107.379,1.34,CameraPosition,-103.2245,1.713955,-107.4947,CameraRotation,356.2168,270.7797,359.2241,CurrentState,Land,Slider,72,Scenario,1
ID,8,Time,294.5107,DronePosition,-110.2391,1.689122,-107.379,1.34,CameraPosition,-103.2247,1.713827,-107.493,CameraRotation,356.2642,270.7264,359.2449,CurrentState,Land,Slider,72,Scenario,1
ID,8,Time,294.5245,DronePosition,-110.2391,1.670671,-107.379,1.34,CameraPosition,-103.2249,1.713743,-107.4913,CameraRotation,356.3268,270.6704,359.2764,CurrentState,Land,Slider,72,Scenario,1
ID,8,Time,294.5386,DronePosition,-110.2391,1.651792,-107.379,1.34,CameraPosition,-103.225,1.713752,-107.4896,CameraRotation,356.3826,270.6269,359.3242,CurrentState,Land,Slider,72,Scenario,1
ID,8,Time,294.5526,DronePosition,-110.2391,1.632965,-107.379,1.34,CameraPosition,-103.2251,1.71389,-107.4879,CameraRotation,356.4079,270.5758,359.3886,CurrentState,Land,Slider,72,Scenario,1
ID,8,Time,294.5663,DronePosition,-110.2391,1.614604,-107.379,1.34,CameraPosition,-103.2252,1.714032,-107.4862,CameraRotation,356.4045,270.5181,359.4537,CurrentState,Land,Slider,72,Scenario,1
ID,8,Time,294.5802,DronePosition,-110.2391,1.596057,-107.379,1.34,CameraPosition,-103.2253,1.714196,-107.4845,CameraRotation,356.3734,270.441,359.5051,CurrentState,Land,Slider,72,Scenario,1
ID,8,Time,294.5941,DronePosition,-110.2391,1.57742,-107.379,1.34,CameraPosition,-103.2253,1.714328,-107.4829,CameraRotation,356.3412,270.3625,359.5639,CurrentState,Land,Slider,72,Scenario,1
ID,8,Time,294.6085,DronePosition,-110.2391,1.558149,-107.379,1.34,CameraPosition,-103.2253,1.714434,-107.4813,CameraRotation,356.3061,270.2688,359.6076,CurrentState,Land,Slider,72,Scenario,1
ID,8,Time,294.6246,DronePosition,-110.2391,1.536522,-107.379,1.34,CameraPosition,-103.2252,1.714541,-107.4797,CameraRotation,356.2492,270.1626,359.6569,CurrentState,Land,Slider,72,Scenario,1
ID,8,Time,294.6361,DronePosition,-110.2391,1.521097,-107.379,1.34,CameraPosition,-103.2251,1.714672,-107.4781,CameraRotation,356.1667,270.0434,359.704,CurrentState,Land,Slider,72,Scenario,1
ID,8,Time,294.6498,DronePosition,-110.2391,1.502753,-107.379,1.34,CameraPosition,-103.225,1.714783,-107.4766,CameraRotation,356.083,269.9107,359.753,CurrentState,Land,Slider,72,Scenario,1
ID,8,Time,294.6636,DronePosition,-110.2391,1.484303,-107.379,1.34,CameraPosition,-103.2249,1.714834,-107.4751,CameraRotation,356.006,269.7445,359.8153,CurrentState,Land,Slider,72,Scenario,1
ID,8,Time,294.6776,DronePosition,-110.2391,1.465483,-107.379,1.34,CameraPosition,-103.2247,1.714877,-107.4736,CameraRotation,355.9609,269.5641,359.8896,CurrentState,Land,Slider,72,Scenario,1
ID,8,Time,294.6912,DronePosition,-110.2391,1.4473,-107.379,1.34,CameraPosition,-103.2246,1.714884,-107.4722,CameraRotation,355.9331,269.3622,359.9915,CurrentState,Land,Slider,72,Scenario,1
ID,8,Time,294.7058,DronePosition,-110.2391,1.42769,-107.379,1.34,CameraPosition,-103.2244,1.714901,-107.4709,CameraRotation,355.929,269.1039,0.1113788,CurrentState,Land,Slider,72,Scenario,1
ID,8,Time,294.7197,DronePosition,-110.2391,1.409119,-107.379,1.34,CameraPosition,-103.2242,1.714917,-107.4695,CameraRotation,355.9239,268.8337,0.2084965,CurrentState,Land,Slider,72,Scenario,1
ID,8,Time,294.7334,DronePosition,-110.2391,1.390793,-107.379,1.34,CameraPosition,-103.224,1.714907,-107.4682,CameraRotation,355.9337,268.5803,0.2702774,CurrentState,Land,Slider,72,Scenario,1
ID,8,Time,294.7473,DronePosition,-110.2391,1.372098,-107.379,1.34,CameraPosition,-103.2238,1.714833,-107.4669,CameraRotation,355.9601,268.3323,0.2917113,CurrentState,Land,Slider,72,Scenario,1
ID,8,Time,294.7612,DronePosition,-110.2391,1.353517,-107.379,1.34,CameraPosition,-103.2235,1.714767,-107.4655,CameraRotation,356.0074,268.1008,0.3211772,CurrentState,Land,Slider,72,Scenario,1
ID,8,Time,294.7749,DronePosition,-110.2391,1.335178,-107.379,1.34,CameraPosition,-103.2233,1.714703,-107.4642,CameraRotation,356.012,267.8728,0.3746786,CurrentState,Land,Slider,72,Scenario,1
ID,8,Time,294.7901,DronePosition,-110.2391,1.314731,-107.379,1.34,CameraPosition,-103.2231,1.714729,-107.4628,CameraRotation,356.0176,267.6689,0.4160619,CurrentState,Land,Slider,72,Scenario,1
ID,8,Time,294.8029,DronePosition,-110.2391,1.297581,-107.379,1.34,CameraPosition,-103.223,1.714788,-107.4614,CameraRotation,355.9728,267.4903,0.4229558,CurrentState,Land,Slider,72,Scenario,1
ID,8,Time,294.8176,DronePosition,-110.2391,1.277897,-107.379,1.34,CameraPosition,-103.2228,1.714848,-107.46,CameraRotation,355.9286,267.3298,0.4277314,CurrentState,Land,Slider,73,Scenario,1
ID,8,Time,294.8313,DronePosition,-110.2391,1.25954,-107.379,1.34,CameraPosition,-103.2226,1.714891,-107.4586,CameraRotation,355.8729,267.1982,0.4114374,CurrentState,Land,Slider,73,Scenario,1
ID,8,Time,294.8448,DronePosition,-110.2391,1.241568,-107.379,1.34,CameraPosition,-103.2223,1.7149,-107.4572,CameraRotation,355.8329,267.0817,0.3964286,CurrentState,Land,Slider,73,Scenario,1
ID,8,Time,294.8586,DronePosition,-110.2391,1.222979,-107.379,1.34,CameraPosition,-103.2221,1.714893,-107.4557,CameraRotation,355.819,266.9783,0.387317,CurrentState,Land,Slider,73,Scenario,1
ID,8,Time,294.8723,DronePosition,-110.2391,1.204606,-107.379,1.34,CameraPosition,-103.2219,1.714831,-107.4544,CameraRotation,355.8109,266.9047,0.3683155,CurrentState,Land,Slider,73,Scenario,1
ID,8,Time,294.8867,DronePosition,-110.2391,1.185379,-107.379,1.34,CameraPosition,-103.2216,1.714775,-107.453,CameraRotation,355.8188,266.8467,0.3534308,CurrentState,Land,Slider,73,Scenario,1
ID,8,Time,294.9004,DronePosition,-110.2391,1.167007,-107.379,1.34,CameraPosition,-103.2214,1.714765,-107.4516,CameraRotation,355.8404,266.8019,0.3357791,CurrentState,Land,Slider,73,Scenario,1
ID,8,Time,294.9142,DronePosition,-110.2391,1.148508,-107.379,1.34,CameraPosition,-103.2212,1.71478,-107.4502,CameraRotation,355.8743,266.7771,0.3182402,CurrentState,Land,Slider,74,Scenario,1
ID,8,Time,294.9281,DronePosition,-110.2391,1.129852,-107.379,1.34,CameraPosition,-103.221,1.714735,-107.4488,CameraRotation,355.8644,266.7462,0.3201956,CurrentState,Land,Slider,74,Scenario,1
ID,8,Time,294.942,DronePosition,-110.2391,1.111181,-107.379,1.34,CameraPosition,-103.2208,1.714679,-107.4475,CameraRotation,355.8519,266.7224,0.3259786,CurrentState,Land,Slider,74,Scenario,1
ID,8,Time,294.9561,DronePosition,-110.2391,1.09232,-107.379,1.34,CameraPosition,-103.2206,1.714631,-107.4463,CameraRotation,355.8627,266.6844,0.3182236,CurrentState,Land,Slider,74,Scenario,1
ID,8,Time,294.9701,DronePosition,-110.2391,1.073636,-107.379,1.34,CameraPosition,-103.2205,1.714568,-107.445,CameraRotation,355.8808,266.6844,0.2896847,CurrentState,Land,Slider,74,Scenario,1
ID,8,Time,294.984,DronePosition,-110.2391,1.054939,-107.379,1.34,CameraPosition,-103.2204,1.714491,-107.4438,CameraRotation,355.9003,266.6791,0.2510636,CurrentState,Land,Slider,74,Scenario,1
ID,8,Time,294.998,DronePosition,-110.2391,1.036147,-107.379,1.34,CameraPosition,-103.2202,1.714392,-107.4426,CameraRotation,355.9448,266.6669,0.2179821,CurrentState,Land,Slider,74,Scenario,1
ID,8,Time,295.0119,DronePosition,-110.2391,1.017553,-107.379,1.34,CameraPosition,-103.2201,1.714246,-107.4414,CameraRotation,356.0367,266.6325,0.2167306,CurrentState,Land,Slider,74,Scenario,1
ID,8,Time,295.0258,DronePosition,-110.2391,0.9989794,-107.379,1.34,CameraPosition,-103.2199,1.714049,-107.4403,CameraRotation,356.1523,266.5902,0.213325,CurrentState,Land,Slider,74,Scenario,1
ID,8,Time,295.0395,DronePosition,-110.2391,0.9806477,-107.379,1.34,CameraPosition,-103.2198,1.713749,-107.4393,CameraRotation,356.2886,266.5477,0.2279635,CurrentState,Land,Slider,74,Scenario,1
ID,8,Time,295.0539,DronePosition,-110.2391,0.9613568,-107.379,1.34,CameraPosition,-103.2196,1.713395,-107.4383,CameraRotation,356.4171,266.5134,0.2476799,CurrentState,Land,Slider,74,Scenario,1
ID,8,Time,295.0676,DronePosition,-110.2391,0.9429815,-107.379,1.34,CameraPosition,-103.2194,1.713098,-107.4373,CameraRotation,356.5614,266.4862,0.2657058,CurrentState,Land,Slider,74,Scenario,1
ID,8,Time,295.0815,DronePosition,-110.2391,0.9243084,-107.379,1.34,CameraPosition,-103.2192,1.712776,-107.4363,CameraRotation,356.7283,266.4534,0.3031694,CurrentState,Land,Slider,74,Scenario,1
ID,8,Time,295.0955,DronePosition,-110.2391,0.9055792,-107.379,1.34,CameraPosition,-103.2189,1.712472,-107.4354,CameraRotation,356.8837,266.4139,0.3517486,CurrentState,Land,Slider,74,Scenario,1
ID,8,Time,295.1092,DronePosition,-110.2391,0.8871658,-107.379,1.34,CameraPosition,-103.2186,1.71226,-107.4345,CameraRotation,357.0175,266.3802,0.4046154,CurrentState,Land,Slider,74,Scenario,1
ID,8,Time,295.1231,DronePosition,-110.239,0.8685811,-107.379,1.34,CameraPosition,-103.2183,1.712144,-107.4337,CameraRotation,357.0773,266.352,0.4460808,CurrentState,Land,Slider,74,Scenario,1
ID,8,Time,295.1374,DronePosition,-110.239,0.8494108,-107.379,1.34,CameraPosition,-103.218,1.712042,-107.4329,CameraRotation,357.0978,266.3209,0.4822809,CurrentState,Land,Slider,74,Scenario,1
ID,8,Time,295.1509,DronePosition,-110.239,0.8312501,-107.379,1.34,CameraPosition,-103.2178,1.711952,-107.4321,CameraRotation,357.127,266.2981,0.5091358,CurrentState,Land,Slider,74,Scenario,1
ID,8,Time,295.165,DronePosition,-110.239,0.8124018,-107.379,1.34,CameraPosition,-103.2175,1.711868,-107.4313,CameraRotation,357.1711,266.2815,0.5397018,CurrentState,Land,Slider,74,Scenario,1
ID,8,Time,295.1787,DronePosition,-110.239,0.7940775,-107.379,1.34,CameraPosition,-103.2171,1.711791,-107.4306,CameraRotation,357.2404,266.2573,0.5558023,CurrentState,Land,Slider,74,Scenario,1
ID,8,Time,295.1925,DronePosition,-110.239,0.7755192,-107.379,1.34,CameraPosition,-103.2168,1.711718,-107.4299,CameraRotation,357.2656,266.2294,0.5535746,CurrentState,Land,Slider,74,Scenario,1
ID,8,Time,295.2067,DronePosition,-110.239,0.7565598,-107.379,1.34,CameraPosition,-103.2165,1.711741,-107.4292,CameraRotation,357.2597,266.2044,0.5480551,CurrentState,Land,Slider,74,Scenario,1
ID,8,Time,295.221,DronePosition,-110.239,0.7373544,-107.379,1.34,CameraPosition,-103.2161,1.711812,-107.4286,CameraRotation,357.2089,266.1841,0.5486522,CurrentState,Land,Slider,75,Scenario,1
ID,8,Time,295.2354,DronePosition,-110.239,0.7181482,-107.379,1.34,CameraPosition,-103.2158,1.711907,-107.4279,CameraRotation,357.1602,266.1693,0.5502986,CurrentState,Land,Slider,75,Scenario,1
ID,8,Time,295.2486,DronePosition,-110.239,0.7003889,-107.379,1.34,CameraPosition,-103.2155,1.712038,-107.4273,CameraRotation,357.0844,266.1711,0.5534541,CurrentState,Land,Slider,75,Scenario,1
ID,8,Time,295.2623,DronePosition,-110.239,0.6820362,-107.379,1.34,CameraPosition,-103.2152,1.712152,-107.4267,CameraRotation,357.0017,266.1725,0.5331568,CurrentState,Land,Slider,75,Scenario,1
ID,8,Time,295.2763,DronePosition,-110.239,0.6633137,-107.379,1.34,CameraPosition,-103.2149,1.712248,-107.4262,CameraRotation,356.9203,266.1676,0.5148836,CurrentState,Land,Slider,75,Scenario,1
ID,8,Time,295.29,DronePosition,-110.239,0.6448691,-107.379,1.34,CameraPosition,-103.2147,1.712369,-107.4256,CameraRotation,356.8385,266.1611,0.5000402,CurrentState,Land,Slider,75,Scenario,1
ID,8,Time,295.3043,DronePosition,-110.239,0.6267546,-107.379,1.268605,CameraPosition,-103.2144,1.712516,-107.4252,CameraRotation,356.75,266.1468,0.4900619,CurrentState,Land,Slider,75,Scenario,1
ID,8,Time,295.3182,DronePosition,-110.239,0.6100569,-107.379,1.198971,CameraPosition,-103.2141,1.712627,-107.4247,CameraRotation,356.6639,266.1303,0.4832283,CurrentState,Land,Slider,75,Scenario,1
ID,8,Time,295.332,DronePosition,-110.239,0.5945258,-107.379,1.130265,CameraPosition,-103.2138,1.712715,-107.4242,CameraRotation,356.5918,266.108,0.4697031,CurrentState,Land,Slider,75,Scenario,1
ID,8,Time,295.3457,DronePosition,-110.239,0.5799222,-107.379,1.061476,CameraPosition,-103.2136,1.712794,-107.4237,CameraRotation,356.5341,266.1122,0.4415995,CurrentState,Land,Slider,75,Scenario,1
ID,8,Time,295.3599,DronePosition,-110.239,0.5659236,-107.379,0.9908356,CameraPosition,-103.2133,1.712885,-107.4232,CameraRotation,356.4846,266.127,0.398925,CurrentState,Land,Slider,75,Scenario,1
ID,8,Time,295.374,DronePosition,-110.239,0.552925,-107.379,0.9202071,CameraPosition,-103.2131,1.712985,-107.4227,CameraRotation,356.455,266.1592,0.3586392,CurrentState,Land,Slider,75,Scenario,1
ID,8,Time,295.3878,DronePosition,-110.239,0.5412111,-107.379,0.8514166,CameraPosition,-103.2128,1.713045,-107.4223,CameraRotation,356.4329,266.1865,0.3326804,CurrentState,Hover3,Slider,75,Scenario,1
ID,8,Time,295.4018,DronePosition,-110.239,0.5412111,-107.379,0,CameraPosition,-103.2127,1.713089,-107.4219,CameraRotation,356.4305,266.2118,0.3255171,CurrentState,Hover3,Slider,75,Scenario,1
ID,8,Time,295.4155,DronePosition,-110.239,0.5412111,-107.379,0,CameraPosition,-103.2125,1.71308,-107.4215,CameraRotation,356.4238,266.2344,0.3228507,CurrentState,Hover3,Slider,76,Scenario,1
ID,8,Time,295.4294,DronePosition,-110.239,0.5412111,-107.379,0,CameraPosition,-103.2124,1.713094,-107.4212,CameraRotation,356.4305,266.2769,0.3167912,CurrentState,Hover3,Slider,76,Scenario,1
ID,8,Time,295.4435,DronePosition,-110.239,0.5412111,-107.379,0,CameraPosition,-103.2123,1.713072,-107.4208,CameraRotation,356.417,266.3242,0.3224753,CurrentState,Hover3,Slider,76,Scenario,1
ID,8,Time,295.4571,DronePosition,-110.239,0.5412111,-107.379,0,CameraPosition,-103.2122,1.713065,-107.4205,CameraRotation,356.4522,266.3668,0.3363907,CurrentState,Hover3,Slider,76,Scenario,1
ID,8,Time,295.4716,DronePosition,-110.239,0.5412111,-107.379,0,CameraPosition,-103.2121,1.713025,-107.4202,CameraRotation,356.4376,266.4044,0.3299197,CurrentState,Hover3,Slider,76,Scenario,1
ID,8,Time,295.485,DronePosition,-110.239,0.5412111,-107.379,0,CameraPosition,-103.212,1.712964,-107.4199,CameraRotation,356.4272,266.4317,0.3960795,CurrentState,Hover3,Slider,76,Scenario,1
ID,8,Time,295.4992,DronePosition,-110.239,0.5412111,-107.379,0,CameraPosition,-103.212,1.712901,-107.4197,CameraRotation,356.4396,266.4518,0.4246926,CurrentState,Hover3,Slider,76,Scenario,1
ID,8,Time,295.513,DronePosition,-110.239,0.5412111,-107.379,0,CameraPosition,-103.2119,1.712828,-107.4194,CameraRotation,356.4587,266.4631,0.4303,CurrentState,Hover3,Slider,76,Scenario,1
ID,8,Time,295.5272,DronePosition,-110.239,0.5412111,-107.379,0,CameraPosition,-103.2118,1.712759,-107.4192,CameraRotation,356.4984,266.4781,0.4230467,CurrentState,Hover3,Slider,76,Scenario,1
ID,8,Time,295.5407,DronePosition,-110.239,0.5412111,-107.379,0,CameraPosition,-103.2117,1.712692,-107.419,CameraRotation,356.5313,266.4752,0.425313,CurrentState,Hover3,Slider,76,Scenario,1
ID,8,Time,295.5548,DronePosition,-110.239,0.5412111,-107.379,0,CameraPosition,-103.2116,1.712627,-107.4188,CameraRotation,356.5501,266.4557,0.4457714,CurrentState,Hover3,Slider,76,Scenario,1
ID,8,Time,295.5688,DronePosition,-110.239,0.5412111,-107.379,0,CameraPosition,-103.2114,1.712571,-107.4187,CameraRotation,356.5746,266.4312,0.4620132,CurrentState,Hover3,Slider,76,Scenario,1
ID,8,Time,295.5826,DronePosition,-110.239,0.5412111,-107.379,0,CameraPosition,-103.2113,1.712563,-107.4186,CameraRotation,356.5898,266.4106,0.4390793,CurrentState,Hover3,Slider,76,Scenario,1
ID,8,Time,295.5966,DronePosition,-110.239,0.5412111,-107.379,0,CameraPosition,-103.2112,1.712573,-107.4184,CameraRotation,356.5859,266.4128,0.3947749,CurrentState,Hover3,Slider,76,Scenario,1
ID,8,Time,295.6104,DronePosition,-110.239,0.5412111,-107.379,0,CameraPosition,-103.211,1.712597,-107.4183,CameraRotation,356.5613,266.421,0.3363296,CurrentState,Hover3,Slider,76,Scenario,1
ID,8,Time,295.6244,DronePosition,-110.239,0.5412111,-107.379,0,CameraPosition,-103.2109,1.712608,-107.4181,CameraRotation,356.5427,266.4346,0.3269008,CurrentState,Hover3,Slider,77,Scenario,1
ID,8,Time,295.6407,DronePosition,-110.239,0.5412111,-107.379,0,CameraPosition,-103.2107,1.712623,-107.418,CameraRotation,356.5341,266.4552,0.3120509,CurrentState,Hover3,Slider,77,Scenario,1
ID,8,Time,295.6526,DronePosition,-110.239,0.5412111,-107.379,0,CameraPosition,-103.2106,1.712635,-107.4178,CameraRotation,356.5267,266.4736,0.3035977,CurrentState,Hover3,Slider,77,Scenario,1
ID,8,Time,295.6661,DronePosition,-110.239,0.5412111,-107.379,0,CameraPosition,-103.2104,1.712635,-107.4177,CameraRotation,356.5148,266.5013,0.3055705,CurrentState,Hover3,Slider,77,Scenario,1
ID,8,Time,295.68,DronePosition,-110.239,0.5412111,-107.379,0,CameraPosition,-103.2103,1.712662,-107.4175,CameraRotation,356.4877,266.5265,0.3015005,CurrentState,Hover3,Slider,77,Scenario,1
ID,8,Time,295.6936,DronePosition,-110.239,0.5412111,-107.379,0,CameraPosition,-103.2102,1.712714,-107.4173,CameraRotation,356.4372,266.5506,0.2883861,CurrentState,Hover3,Slider,77,Scenario,1
ID,8,Time,295.7077,DronePosition,-110.239,0.5412111,-107.379,0,CameraPosition,-103.21,1.712759,-107.4172,CameraRotation,356.3845,266.5665,0.2742484,CurrentState,Hover3,Slider,77,Scenario,1
ID,8,Time,295.7215,DronePosition,-110.239,0.5412111,-107.379,0,CameraPosition,-103.2099,1.712805,-107.4171,CameraRotation,356.3313,266.5877,0.2547911,CurrentState,Hover3,Slider,77,Scenario,1
ID,8,Time,295.7357,DronePosition,-110.239,0.5412111,-107.379,0,CameraPosition,-103.2098,1.712861,-107.417,CameraRotation,356.2936,266.6025,0.2367932,CurrentState,Hover3,Slider,77,Scenario,1
ID,8,Time,295.7495,DronePosition,-110.239,0.5412111,-107.379,0,CameraPosition,-103.2096,1.712909,-107.4169,CameraRotation,356.2698,266.6129,0.2226129,CurrentState,Hover3,Slider,77,Scenario,1
ID,8,Time,295.7633,DronePosition,-110.239,0.5412111,-107.379,0,CameraPosition,-103.2095,1.712927,-107.4167,CameraRotation,356.2404,266.6181,0.2192105,CurrentState,Hover3,Slider,77,Scenario,1
ID,8,Time,295.7775,DronePosition,-110.239,0.5412111,-107.379,0,CameraPosition,-103.2093,1.712986,-107.4166,CameraRotation,356.2325,266.618,0.2088749,CurrentState,Hover3,Slider,77,Scenario,1
ID,8,Time,295.7941,DronePosition,-110.239,0.5412111,-107.379,0,CameraPosition,-103.2092,1.713042,-107.4166,CameraRotation,356.2034,266.617,0.1947518,CurrentState,Hover3,Slider,77,Scenario,1
ID,8,Time,295.8049,DronePosition,-110.239,0.5412111,-107.379,0,CameraPosition,-103.209,1.713136,-107.4165,CameraRotation,356.1515,266.6174,0.1398851,CurrentState,Hover3,Slider,77,Scenario,1
ID,8,Time,295.8191,DronePosition,-110.239,0.5412111,-107.379,0,CameraPosition,-103.2088,1.713228,-107.4164,CameraRotation,356.0893,266.6184,0.08473264,CurrentState,Hover3,Slider,78,Scenario,1
ID,8,Time,295.8328,DronePosition,-110.239,0.5412111,-107.379,0,CameraPosition,-103.2087,1.713331,-107.4163,CameraRotation,356.021,266.615,0.0545782,CurrentState,Hover3,Slider,78,Scenario,1
ID,8,Time,295.847,DronePosition,-110.239,0.5412111,-107.379,0,CameraPosition,-103.2085,1.713453,-107.4162,CameraRotation,355.9713,266.6128,0.04929876,CurrentState,Hover3,Slider,78,Scenario,1
ID,8,Time,295.8614,DronePosition,-110.239,0.5412111,-107.379,0,CameraPosition,-103.2084,1.713543,-107.4161,CameraRotation,355.9247,266.6068,0.04806691,CurrentState,Hover3,Slider,78,Scenario,1
ID,8,Time,295.8747,DronePosition,-110.239,0.5412111,-107.379,0,CameraPosition,-103.2082,1.713623,-107.4161,CameraRotation,355.8815,266.6084,0.04100677,CurrentState,Hover3,Slider,78,Scenario,1
ID,8,Time,295.8888,DronePosition,-110.239,0.5412111,-107.379,0,CameraPosition,-103.208,1.713706,-107.416,CameraRotation,355.839,266.6302,0.01909782,CurrentState,Hover3,Slider,78,Scenario,1
ID,8,Time,295.9027,DronePosition,-110.239,0.5412111,-107.379,0,CameraPosition,-103.2078,1.713796,-107.416,CameraRotation,355.7787,266.647,359.9826,CurrentState,Hover3,Slider,78,Scenario,1
ID,8,Time,295.9164,DronePosition,-110.239,0.5412111,-107.379,0,CameraPosition,-103.2077,1.713887,-107.4159,CameraRotation,355.7228,266.6653,359.961,CurrentState,Hover3,Slider,79,Scenario,1
ID,8,Time,295.9304,DronePosition,-110.239,0.5412111,-107.379,0,CameraPosition,-103.2076,1.713971,-107.4158,CameraRotation,355.6714,266.6821,359.9746,CurrentState,Hover3,Slider,79,Scenario,1
ID,8,Time,295.9444,DronePosition,-110.239,0.5412111,-107.379,0,CameraPosition,-103.2074,1.714054,-107.4158,CameraRotation,355.6132,266.6939,359.9786,CurrentState,Hover3,Slider,79,Scenario,1
ID,8,Time,295.9582,DronePosition,-110.239,0.5412111,-107.379,0,CameraPosition,-103.2072,1.714113,-107.4157,CameraRotation,355.5525,266.714,359.9791,CurrentState,Hover3,Slider,79,Scenario,1
ID,8,Time,295.9724,DronePosition,-110.239,0.5412111,-107.379,0,CameraPosition,-103.207,1.71419,-107.4156,CameraRotation,355.5119,266.732,359.9612,CurrentState,Hover3,Slider,79,Scenario,1
ID,8,Time,295.9861,DronePosition,-110.239,0.5412111,-107.379,0,CameraPosition,-103.2069,1.714264,-107.4156,CameraRotation,355.4722,266.7542,359.9401,CurrentState,Hover3,Slider,79,Scenario,1
ID,8,Time,296.0003,DronePosition,-110.239,0.5412111,-107.379,0,CameraPosition,-103.2068,1.714335,-107.4155,CameraRotation,355.4248,266.7731,359.9171,CurrentState,Hover3,Slider,79,Scenario,1
ID,8,Time,296.014,DronePosition,-110.239,0.5412111,-107.379,0,CameraPosition,-103.2067,1.714401,-107.4154,CameraRotation,355.3812,266.7795,359.9075,CurrentState,Hover3,Slider,79,Scenario,1
ID,8,Time,296.0278,DronePosition,-110.239,0.5412111,-107.379,0,CameraPosition,-103.2065,1.714461,-107.4153,CameraRotation,355.3449,266.7952,359.8935,CurrentState,Hover3,Slider,80,Scenario,1
ID,8,Time,296.0418,DronePosition,-110.239,0.5412111,-107.379,0,CameraPosition,-103.2064,1.71449,-107.4153,CameraRotation,355.321,266.8213,359.8604,CurrentState,Hover3,Slider,80,Scenario,1
ID,8,Time,296.0563,DronePosition,-110.239,0.5412111,-107.379,0,CameraPosition,-103.2063,1.714515,-107.4152,CameraRotation,355.3032,266.8428,359.8133,CurrentState,Hover3,Slider,80,Scenario,1
ID,8,Time,296.0703,DronePosition,-110.239,0.5412111,-107.379,0,CameraPosition,-103.2061,1.714536,-107.4151,CameraRotation,355.2766,266.869,359.7919,CurrentState,Hover3,Slider,80,Scenario,1
ID,8,Time,296.0844,DronePosition,-110.239,0.5412111,-107.379,0,CameraPosition,-103.206,1.714594,-107.415,CameraRotation,355.2446,266.8979,359.7781,CurrentState,Hover3,Slider,80,Scenario,1
ID,8,Time,296.0975,DronePosition,-110.239,0.5412111,-107.379,0,CameraPosition,-103.2059,1.714625,-107.4149,CameraRotation,355.1996,266.9266,359.7897,CurrentState,Hover3,Slider,80,Scenario,1
ID,8,Time,296.1116,DronePosition,-110.239,0.5412111,-107.379,0,CameraPosition,-103.2058,1.714653,-107.4148,CameraRotation,355.1685,266.9562,359.8054,CurrentState,Hover3,Slider,80,Scenario,1
ID,8,Time,296.1252,DronePosition,-110.239,0.5412111,-107.379,0,CameraPosition,-103.2056,1.714672,-107.4147,CameraRotation,355.1588,266.9854,359.8091,CurrentState,Hover3,Slider,80,Scenario,1
ID,8,Time,296.1394,DronePosition,-110.239,0.5412111,-107.379,0,CameraPosition,-103.2055,1.714685,-107.4146,CameraRotation,355.1563,267.0228,359.7956,CurrentState,Hover3,Slider,80,Scenario,1
ID,8,Time,296.1534,DronePosition,-110.239,0.5412111,-107.379,0,CameraPosition,-103.2053,1.714684,-107.4145,CameraRotation,355.1599,267.059,359.7733,CurrentState,Hover3,Slider,80,Scenario,1
ID,8,Time,296.1674,DronePosition,-110.239,0.5412111,-107.379,0,CameraPosition,-103.2052,1.714717,-107.4144,CameraRotation,355.1277,267.0848,359.7887,CurrentState,Hover3,Slider,80,Scenario,1
ID,8,Time,296.1816,DronePosition,-110.239,0.5412111,-107.379,0,CameraPosition,-103.2051,1.714794,-107.4142,CameraRotation,355.0745,267.1066,359.8111,CurrentState,Hover3,Slider,80,Scenario,1
ID,8,Time,296.1951,DronePosition,-110.239,0.5412111,-107.379,0,CameraPosition,-103.205,1.714887,-107.4141,CameraRotation,355.0333,267.1376,359.8129,CurrentState,Hover3,Slider,80,Scenario,1
ID,8,Time,296.2092,DronePosition,-110.239,0.5412111,-107.379,0,CameraPosition,-103.205,1.714999,-107.414,CameraRotation,354.9815,267.1767,359.762,CurrentState,Hover3,Slider,80,Scenario,1
ID,8,Time,296.2227,DronePosition,-110.239,0.5412111,-107.379,0,CameraPosition,-103.2049,1.715122,-107.4139,CameraRotation,354.9204,267.2115,359.7281,CurrentState,Hover3,Slider,81,Scenario,1
ID,8,Time,296.2372,DronePosition,-110.239,0.5412111,-107.379,0,CameraPosition,-103.2049,1.715254,-107.4137,CameraRotation,354.8702,267.2513,359.7119,CurrentState,Hover3,Slider,81,Scenario,1
ID,8,Time,296.2506,DronePosition,-110.239,0.5412111,-107.379,0,CameraPosition,-103.2049,1.715342,-107.4136,CameraRotation,354.8513,267.2917,359.7107,CurrentState,Hover3,Slider,81,Scenario,1
ID,8,Time,296.2649,DronePosition,-110.239,0.5412111,-107.379,0,CameraPosition,-103.2048,1.715366,-107.4134,CameraRotation,354.8598,267.3278,359.6882,CurrentState,Hover3,Slider,81,Scenario,1
ID,8,Time,296.2795,DronePosition,-110.239,0.5412111,-107.379,0,CameraPosition,-103.2048,1.715361,-107.4133,CameraRotation,354.8627,267.3712,359.6615,CurrentState,Hover3,Slider,81,Scenario,1
ID,8,Time,296.2923,DronePosition,-110.239,0.5412111,-107.379,0,CameraPosition,-103.2048,1.715402,-107.4131,CameraRotation,354.8611,267.4087,359.6371,CurrentState,Hover3,Slider,81,Scenario,1
ID,8,Time,296.3069,DronePosition,-110.239,0.5412111,-107.379,0,CameraPosition,-103.2047,1.715486,-107.413,CameraRotation,354.8242,267.4343,359.6375,CurrentState,Hover3,Slider,81,Scenario,1
ID,8,Time,296.3203,DronePosition,-110.239,0.5412111,-107.379,0,CameraPosition,-103.2048,1.715612,-107.4129,CameraRotation,354.7679,267.4493,359.6465,CurrentState,Hover3,Slider,82,Scenario,1
ID,8,Time,296.3343,DronePosition,-110.239,0.5412111,-107.379,0,CameraPosition,-103.2048,1.715725,-107.4128,CameraRotation,354.7069,267.4539,359.6456,CurrentState,Hover3,Slider,82,Scenario,1
ID,8,Time,296.3482,DronePosition,-110.239,0.5412111,-107.379,0,CameraPosition,-103.2048,1.715818,-107.4126,CameraRotation,354.6679,267.4637,359.621,CurrentState,Hover3,Slider,82,Scenario,1
ID,8,Time,296.3621,DronePosition,-110.239,0.5412111,-107.379,0,CameraPosition,-103.2048,1.715894,-107.4125,CameraRotation,354.6488,267.468,359.5813,CurrentState,Hover3,Slider,82,Scenario,1
ID,8,Time,296.3759,DronePosition,-110.239,0.5412111,-107.379,0,CameraPosition,-103.2048,1.715945,-107.4123,CameraRotation,354.6111,267.478,359.5421,CurrentState,Hover3,Slider,82,Scenario,1
ID,8,Time,296.3901,DronePosition,-110.239,0.5412111,-107.379,0,CameraPosition,-103.2048,1.716042,-107.4122,CameraRotation,354.5843,267.4759,359.5204,CurrentState,Hover3,Slider,82,Scenario,1
ID,8,Time,296.404,DronePosition,-110.239,0.5412111,-107.379,0,CameraPosition,-103.2049,1.716145,-107.4121,CameraRotation,354.5395,267.4655,359.5064,CurrentState,Hover3,Slider,82,Scenario,1
ID,8,Time,296.418,DronePosition,-110.239,0.5412111,-107.379,0,CameraPosition,-103.2049,1.716239,-107.412,CameraRotation,354.4902,267.4559,359.4797,CurrentState,Hover3,Slider,82,Scenario,1
ID,8,Time,296.4318,DronePosition,-110.239,0.5412111,-107.379,0,CameraPosition,-103.205,1.716309,-107.4118,CameraRotation,354.4518,267.4477,359.4487,CurrentState,Hover3,Slider,82,Scenario,1
ID,8,Time,296.4458,DronePosition,-110.239,0.5412111,-107.379,0,CameraPosition,-103.2051,1.716351,-107.4117,CameraRotation,354.4486,267.4471,359.4317,CurrentState,Hover3,Slider,82,Scenario,1
ID,8,Time,296.4599,DronePosition,-110.239,0.5412111,-107.379,0,CameraPosition,-103.2052,1.716336,-107.4116,CameraRotation,354.4399,267.4397,359.4165,CurrentState,Hover3,Slider,82,Scenario,1
ID,8,Time,296.4738,DronePosition,-110.239,0.5412111,-107.379,0,CameraPosition,-103.2053,1.716322,-107.4115,CameraRotation,354.4262,267.4309,359.4004,CurrentState,Hover3,Slider,82,Scenario,1
ID,8,Time,296.4881,DronePosition,-110.239,0.5412111,-107.379,0,CameraPosition,-103.2055,1.7163,-107.4114,CameraRotation,354.4116,267.4159,359.3934,CurrentState,Hover3,Slider,82,Scenario,1
ID,8,Time,296.5019,DronePosition,-110.239,0.5412111,-107.379,0,CameraPosition,-103.2056,1.7163,-107.4113,CameraRotation,354.4008,267.403,359.3774,CurrentState,Hover3,Slider,82,Scenario,1
ID,8,Time,296.5156,DronePosition,-110.239,0.5412111,-107.379,0,CameraPosition,-103.2057,1.716285,-107.4113,CameraRotation,354.3972,267.3851,359.3584,CurrentState,Hover3,Slider,83,Scenario,1
ID,8,Time,296.5295,DronePosition,-110.239,0.5412111,-107.379,0,CameraPosition,-103.2058,1.716241,-107.4112,CameraRotation,354.4082,267.3629,359.3389,CurrentState,Hover3,Slider,83,Scenario,1
ID,8,Time,296.5435,DronePosition,-110.239,0.5412111,-107.379,0,CameraPosition,-103.2059,1.716194,-107.4111,CameraRotation,354.4269,267.3359,359.3044,CurrentState,Hover3,Slider,83,Scenario,1
ID,8,Time,296.5575,DronePosition,-110.239,0.5412111,-107.379,0,CameraPosition,-103.206,1.716147,-107.411,CameraRotation,354.4262,267.3164,359.2771,CurrentState,Hover3,Slider,83,Scenario,1
ID,8,Time,296.5722,DronePosition,-110.239,0.5412111,-107.379,0,CameraPosition,-103.2061,1.716109,-107.411,CameraRotation,354.4159,267.2807,359.2567,CurrentState,Hover3,Slider,83,Scenario,1
ID,8,Time,296.5855,DronePosition,-110.239,0.5412111,-107.379,0,CameraPosition,-103.2062,1.716115,-107.411,CameraRotation,354.4198,267.2477,359.2395,CurrentState,Hover3,Slider,83,Scenario,1
ID,8,Time,296.5995,DronePosition,-110.239,0.5412111,-107.379,0,CameraPosition,-103.2063,1.716106,-107.4109,CameraRotation,354.4213,267.2126,359.22,CurrentState,Hover3,Slider,83,Scenario,1
ID,8,Time,296.6135,DronePosition,-110.239,0.5412111,-107.379,0,CameraPosition,-103.2064,1.716069,-107.4109,CameraRotation,354.4241,267.1849,359.2071,CurrentState,Hover3,Slider,83,Scenario,1
ID,8,Time,296.6272,DronePosition,-110.239,0.5412111,-107.379,0,CameraPosition,-103.2066,1.716048,-107.411,CameraRotation,354.4327,267.1614,359.1843,CurrentState,Hover3,Slider,83,Scenario,1
ID,8,Time,296.641,DronePosition,-110.239,0.5412111,-107.379,0,CameraPosition,-103.2067,1.716049,-107.411,CameraRotation,354.4462,267.131,359.1765,CurrentState,Hover3,Slider,83,Scenario,1
ID,8,Time,296.6554,DronePosition,-110.239,0.5412111,-107.379,0,CameraPosition,-103.2069,1.71605,-107.411,CameraRotation,354.4478,267.1049,359.1784,CurrentState,Hover3,Slider,83,Scenario,1
ID,8,Time,296.669,DronePosition,-110.239,0.5412111,-107.379,0,CameraPosition,-103.2071,1.716039,-107.4111,CameraRotation,354.4436,267.0847,359.2039,CurrentState,Hover3,Slider,83,Scenario,1
ID,8,Time,296.6829,DronePosition,-110.239,0.5412111,-107.379,0,CameraPosition,-103.2072,1.716024,-107.4111,CameraRotation,354.4407,267.0552,359.2137,CurrentState,Hover3,Slider,83,Scenario,1
ID,8,Time,296.7016,DronePosition,-110.239,0.5412111,-107.379,0,CameraPosition,-103.2073,1.715995,-107.4112,CameraRotation,354.4605,267.0251,359.2403,CurrentState,Hover3,Slider,83,Scenario,1
ID,8,Time,296.7262,DronePosition,-110.239,0.5412111,-107.379,0,CameraPosition,-103.2077,1.715961,-107.4115,CameraRotation,354.4736,266.9428,359.3058,CurrentState,Hover3,Slider,83,Scenario,1
ID,8,Time,296.7409,DronePosition,-110.239,0.5412111,-107.379,0,CameraPosition,-103.2078,1.715952,-107.4116,CameraRotation,354.4713,266.8879,359.3099,CurrentState,Hover3,Slider,83,Scenario,1
ID,8,Time,296.7537,DronePosition,-110.239,0.5412111,-107.379,0,CameraPosition,-103.208,1.715969,-107.4118,CameraRotation,354.4833,266.8394,359.2997,CurrentState,Hover3,Slider,83,Scenario,1
ID,8,Time,296.7674,DronePosition,-110.239,0.5412111,-107.379,0,CameraPosition,-103.2081,1.715949,-107.4119,CameraRotation,354.4891,266.7772,359.309,CurrentState,Hover3,Slider,83,Scenario,1
ID,8,Time,296.781,DronePosition,-110.239,0.5412111,-107.379,0,CameraPosition,-103.2083,1.715901,-107.412,CameraRotation,354.509,266.7206,359.3336,CurrentState,Hover3,Slider,83,Scenario,1
ID,8,Time,296.7952,DronePosition,-110.239,0.5412111,-107.379,0,CameraPosition,-103.2084,1.715805,-107.4122,CameraRotation,354.5519,266.6794,359.3557,CurrentState,Hover3,Slider,83,Scenario,1
ID,8,Time,296.8082,DronePosition,-110.239,0.5412111,-107.379,0,CameraPosition,-103.2085,1.715732,-107.4123,CameraRotation,354.609,266.6566,359.3437,CurrentState,Hover3,Slider,83,Scenario,1
ID,8,Time,296.8227,DronePosition,-110.239,0.5412111,-107.379,0,CameraPosition,-103.2087,1.715713,-107.4124,CameraRotation,354.6214,266.6439,359.3132,CurrentState,Hover3,Slider,83,Scenario,1
ID,8,Time,296.8362,DronePosition,-110.239,0.5412111,-107.379,0,CameraPosition,-103.2089,1.715754,-107.4125,CameraRotation,354.6059,266.6455,359.3116,CurrentState,Hover3,Slider,83,Scenario,1
ID,8,Time,296.8499,DronePosition,-110.239,0.5412111,-107.379,0,CameraPosition,-103.2091,1.715806,-107.4126,CameraRotation,354.5724,266.6568,359.3398,CurrentState,Hover3,Slider,83,Scenario,1
ID,8,Time,296.864,DronePosition,-110.239,0.5412111,-107.379,0,CameraPosition,-103.2092,1.715867,-107.4127,CameraRotation,354.5537,266.6784,359.3737,CurrentState,Hover3,Slider,83,Scenario,1
ID,8,Time,296.8776,DronePosition,-110.239,0.5412111,-107.379,0,CameraPosition,-103.2094,1.715884,-107.4128,CameraRotation,354.5649,266.7045,359.3903,CurrentState,Hover3,Slider,83,Scenario,1
ID,8,Time,296.8914,DronePosition,-110.239,0.5412111,-107.379,0,CameraPosition,-103.2095,1.715854,-107.4128,CameraRotation,354.6034,266.7502,359.4036,CurrentState,Hover3,Slider,83,Scenario,1
ID,8,Time,296.9092,DronePosition,-110.239,0.5412111,-107.379,0,CameraPosition,-103.2096,1.715777,-107.4129,CameraRotation,354.6378,266.7818,359.4264,CurrentState,Hover3,Slider,83,Scenario,1
ID,8,Time,296.9352,DronePosition,-110.239,0.5412111,-107.379,0,CameraPosition,-103.2098,1.715708,-107.413,CameraRotation,354.654,266.8093,359.4827,CurrentState,Hover3,Slider,83,Scenario,1
ID,8,Time,296.9489,DronePosition,-110.239,0.5412111,-107.379,0,CameraPosition,-103.21,1.715684,-107.4131,CameraRotation,354.6555,266.8238,359.4821,CurrentState,Hover3,Slider,83,Scenario,1
ID,8,Time,296.9626,DronePosition,-110.239,0.5412111,-107.379,0,CameraPosition,-103.2101,1.715661,-107.4132,CameraRotation,354.6801,266.831,359.4588,CurrentState,Hover3,Slider,83,Scenario,1
ID,8,Time,296.976,DronePosition,-110.239,0.5412111,-107.379,0,CameraPosition,-103.2102,1.715605,-107.4132,CameraRotation,354.7121,266.8523,359.436,CurrentState,Hover3,Slider,83,Scenario,1
ID,8,Time,296.9898,DronePosition,-110.239,0.5412111,-107.379,0,CameraPosition,-103.2103,1.715526,-107.4133,CameraRotation,354.7399,266.8734,359.4273,CurrentState,Hover3,Slider,83,Scenario,1
ID,8,Time,297.0041,DronePosition,-110.239,0.5412111,-107.379,0,CameraPosition,-103.2103,1.715459,-107.4133,CameraRotation,354.7827,266.897,359.4284,CurrentState,Hover3,Slider,83,Scenario,1
ID,8,Time,297.0175,DronePosition,-110.239,0.5412111,-107.379,0,CameraPosition,-103.2104,1.71543,-107.4133,CameraRotation,354.8112,266.9231,359.4338,CurrentState,Hover3,Slider,83,Scenario,1
ID,8,Time,297.0313,DronePosition,-110.239,0.5412111,-107.379,0,CameraPosition,-103.2104,1.715434,-107.4134,CameraRotation,354.7952,266.9628,359.4272,CurrentState,Hover3,Slider,83,Scenario,1
ID,8,Time,297.0448,DronePosition,-110.239,0.5412111,-107.379,0,CameraPosition,-103.2104,1.715451,-107.4134,CameraRotation,354.7751,267.0138,359.4086,CurrentState,Hover3,Slider,83,Scenario,1
ID,8,Time,297.0584,DronePosition,-110.239,0.5412111,-107.379,0,CameraPosition,-103.2103,1.715465,-107.4134,CameraRotation,354.7832,267.0555,359.4201,CurrentState,Hover3,Slider,83,Scenario,1
ID,8,Time,297.0726,DronePosition,-110.239,0.5412111,-107.379,0,CameraPosition,-103.2103,1.715461,-107.4135,CameraRotation,354.7803,267.0885,359.4469,CurrentState,Hover3,Slider,83,Scenario,1
ID,8,Time,297.0868,DronePosition,-110.239,0.5412111,-107.379,0,CameraPosition,-103.2103,1.715454,-107.4135,CameraRotation,354.7808,267.1136,359.4748,CurrentState,Hover3,Slider,83,Scenario,1
ID,8,Time,297.1003,DronePosition,-110.239,0.5412111,-107.379,0,CameraPosition,-103.2103,1.71544,-107.4135,CameraRotation,354.7628,267.1225,359.4865,CurrentState,Hover3,Slider,83,Scenario,1
ID,8,Time,297.1183,DronePosition,-110.239,0.5412111,-107.379,0,CameraPosition,-103.2103,1.715458,-107.4135,CameraRotation,354.7387,267.1298,359.4779,CurrentState,Hover3,Slider,83,Scenario,1
ID,8,Time,297.1436,DronePosition,-110.239,0.5412111,-107.379,0,CameraPosition,-103.2103,1.715571,-107.4135,CameraRotation,354.6481,267.1324,359.4742,CurrentState,Hover3,Slider,83,Scenario,1
ID,8,Time,297.1573,DronePosition,-110.239,0.5412111,-107.379,0,CameraPosition,-103.2103,1.715624,-107.4135,CameraRotation,354.6044,267.12,359.4726,CurrentState,Hover3,Slider,83,Scenario,1
ID,8,Time,297.1713,DronePosition,-110.239,0.5412111,-107.379,0,CameraPosition,-103.2103,1.715634,-107.4136,CameraRotation,354.5804,267.1207,359.4713,CurrentState,Hover3,Slider,83,Scenario,1
ID,8,Time,297.1847,DronePosition,-110.239,0.5412111,-107.379,0,CameraPosition,-103.2103,1.71567,-107.4136,CameraRotation,354.5818,267.1158,359.4659,CurrentState,Hover3,Slider,83,Scenario,1
ID,8,Time,297.1983,DronePosition,-110.239,0.5412111,-107.379,0,CameraPosition,-103.2102,1.715697,-107.4137,CameraRotation,354.6033,267.1114,359.4626,CurrentState,Hover3,Slider,83,Scenario,1
ID,8,Time,297.2122,DronePosition,-110.239,0.5412111,-107.379,0,CameraPosition,-103.2102,1.7157,-107.4137,CameraRotation,354.6335,267.1053,359.4589,CurrentState,Hover3,Slider,83,Scenario,1
ID,8,Time,297.2256,DronePosition,-110.239,0.5412111,-107.379,0,CameraPosition,-103.2102,1.715651,-107.4137,CameraRotation,354.6628,267.1113,359.4688,CurrentState,Hover3,Slider,83,Scenario,1
ID,8,Time,297.2395,DronePosition,-110.239,0.5412111,-107.379,0,CameraPosition,-103.2102,1.715614,-107.4137,CameraRotation,354.6623,267.1082,359.4811,CurrentState,Hover3,Slider,83,Scenario,1
ID,8,Time,297.2536,DronePosition,-110.239,0.5412111,-107.379,0,CameraPosition,-103.2102,1.71562,-107.4137,CameraRotation,354.6532,267.1233,359.475,CurrentState,Hover3,Slider,83,Scenario,1
ID,8,Time,297.2671,DronePosition,-110.239,0.5412111,-107.379,0,CameraPosition,-103.2103,1.71561,-107.4137,CameraRotation,354.6295,267.1414,359.4676,CurrentState,Hover3,Slider,83,Scenario,1
ID,8,Time,297.2812,DronePosition,-110.239,0.5412111,-107.379,0,CameraPosition,-103.2103,1.715602,-107.4136,CameraRotation,354.6175,267.1562,359.4637,CurrentState,Hover3,Slider,83,Scenario,1
ID,8,Time,297.2952,DronePosition,-110.239,0.5412111,-107.379,0,CameraPosition,-103.2104,1.715556,-107.4136,CameraRotation,354.6104,267.1835,359.4727,CurrentState,Hover3,Slider,83,Scenario,1
ID,8,Time,297.3087,DronePosition,-110.239,0.5412111,-107.379,0,CameraPosition,-103.2104,1.715512,-107.4136,CameraRotation,354.6264,267.1995,359.4807,CurrentState,Hover3,Slider,83,Scenario,1
ID,8,Time,297.327,DronePosition,-110.239,0.5412111,-107.379,0,CameraPosition,-103.2104,1.715456,-107.4136,CameraRotation,354.6442,267.2172,359.4797,CurrentState,Hover3,Slider,84,Scenario,1
ID,8,Time,297.352,DronePosition,-110.239,0.5412111,-107.379,0,CameraPosition,-103.2104,1.715418,-107.4135,CameraRotation,354.6404,267.255,359.4828,CurrentState,Hover3,Slider,84,Scenario,1
ID,8,Time,297.3662,DronePosition,-110.239,0.5412111,-107.379,0,CameraPosition,-103.2104,1.715462,-107.4135,CameraRotation,354.6402,267.2726,359.4557,CurrentState,Hover3,Slider,84,Scenario,1
ID,8,Time,297.38,DronePosition,-110.239,0.5412111,-107.379,0,CameraPosition,-103.2105,1.715465,-107.4135,CameraRotation,354.6481,267.2968,359.4387,CurrentState,Hover3,Slider,84,Scenario,1
ID,8,Time,297.3933,DronePosition,-110.239,0.5412111,-107.379,0,CameraPosition,-103.2105,1.715476,-107.4134,CameraRotation,354.6381,267.3083,359.4283,CurrentState,Return,Slider,84,Scenario,1
ID,8,Time,297.407,DronePosition,-110.239,0.542156,-107.379,0.0687345,CameraPosition,-103.2105,1.715462,-107.4134,CameraRotation,354.608,267.313,359.471,CurrentState,Return,Slider,84,Scenario,1
ID,8,Time,297.4203,DronePosition,-110.239,0.5439415,-107.379,0.1349085,CameraPosition,-103.2105,1.715477,-107.4134,CameraRotation,354.6115,267.3296,359.4814,CurrentState,Return,Slider,84,Scenario,1
ID,8,Time,297.434,DronePosition,-110.239,0.5467306,-107.379,0.2034525,CameraPosition,-103.2106,1.71549,-107.4133,CameraRotation,354.6006,267.355,359.4565,CurrentState,Return,Slider,84,Scenario,1
ID,8,Time,297.4478,DronePosition,-110.239,0.55051,-107.379,0.2727385,CameraPosition,-103.2106,1.715525,-107.4132,CameraRotation,354.5696,267.3945,359.4079,CurrentState,Return,Slider,84,Scenario,1
ID,8,Time,297.4615,DronePosition,-110.239,0.5551617,-107.379,0.3409545,CameraPosition,-103.2106,1.715565,-107.4132,CameraRotation,354.533,267.4381,359.3843,CurrentState,Return,Slider,84,Scenario,1
ID,8,Time,297.4759,DronePosition,-110.239,0.5610895,-107.379,0.4127605,CameraPosition,-103.2106,1.715592,-107.4131,CameraRotation,354.5185,267.4615,359.3841,CurrentState,Return,Slider,84,Scenario,1
ID,8,Time,297.4893,DronePosition,-110.239,0.5675735,-107.379,0.480265,CameraPosition,-103.2107,1.715593,-107.4131,CameraRotation,354.5237,267.4832,359.391,CurrentState,Return,Slider,84,Scenario,1
ID,8,Time,297.5037,DronePosition,-110.239,0.5755075,-107.379,0.552116,CameraPosition,-103.2107,1.7156,-107.413,CameraRotation,354.5188,267.5052,359.3951,CurrentState,Return,Slider,84,Scenario,1
ID,8,Time,297.5176,DronePosition,-110.239,0.5841452,-107.379,0.621596,CameraPosition,-103.2107,1.715626,-107.413,CameraRotation,354.5153,267.5193,359.3993,CurrentState,Return,Slider,84,Scenario,1
ID,8,Time,297.5312,DronePosition,-110.239,0.5934678,-107.379,0.6892265,CameraPosition,-103.2107,1.715654,-107.413,CameraRotation,354.4986,267.5391,359.3964,CurrentState,Return,Slider,85,Scenario,1
ID,8,Time,297.545,DronePosition,-110.239,0.6039503,-107.379,0.758341,CameraPosition,-103.2107,1.715667,-107.413,CameraRotation,354.4734,267.5432,359.3948,CurrentState,Return,Slider,85,Scenario,1
ID,8,Time,297.5588,DronePosition,-110.239,0.6154265,-107.379,0.82767,CameraPosition,-103.2107,1.715678,-107.413,CameraRotation,354.4476,267.542,359.3943,CurrentState,Return,Slider,85,Scenario,1
ID,8,Time,297.5725,DronePosition,-110.239,0.6277134,-107.379,0.8962185,CameraPosition,-103.2107,1.715685,-107.413,CameraRotation,354.4419,267.537,359.3979,CurrentState,Return,Slider,85,Scenario,1
ID,8,Time,297.5869,DronePosition,-110.239,0.6415913,-107.379,0.9679086,CameraPosition,-103.2107,1.715683,-107.413,CameraRotation,354.4504,267.5244,359.4026,CurrentState,Return,Slider,85,Scenario,1
ID,8,Time,297.6003,DronePosition,-110.239,0.6554627,-107.379,1.034925,CameraPosition,-103.2108,1.715671,-107.413,CameraRotation,354.4537,267.5239,359.404,CurrentState,Return,Slider,85,Scenario,1
ID,8,Time,297.6145,DronePosition,-110.239,0.6712385,-107.379,1.10623,CameraPosition,-103.2108,1.715636,-107.413,CameraRotation,354.4503,267.5037,359.414,CurrentState,Return,Slider,85,Scenario,1
ID,8,Time,297.6282,DronePosition,-110.239,0.687266,-107.379,1.174463,CameraPosition,-103.2108,1.715647,-107.413,CameraRotation,354.4607,267.4867,359.4221,CurrentState,Return,Slider,85,Scenario,1
ID,8,Time,297.642,DronePosition,-110.239,0.704477,-107.379,1.243658,CameraPosition,-103.2108,1.715676,-107.413,CameraRotation,354.4474,267.4745,359.4089,CurrentState,Return,Slider,85,Scenario,1
ID,8,Time,297.6564,DronePosition,-110.239,0.7233873,-107.379,1.315531,CameraPosition,-103.2107,1.71572,-107.4131,CameraRotation,354.4205,267.4756,359.3859,CurrentState,Return,Slider,85,Scenario,1
ID,8,Time,297.6703,DronePosition,-110.239,0.741934,-107.379,1.34,CameraPosition,-103.2107,1.715833,-107.413,CameraRotation,354.3984,267.4779,359.3753,CurrentState,Return,Slider,85,Scenario,1
ID,8,Time,297.684,DronePosition,-110.239,0.7603105,-107.379,1.34,CameraPosition,-103.2107,1.715927,-107.413,CameraRotation,354.3814,267.4888,359.3857,CurrentState,Return,Slider,85,Scenario,1
ID,8,Time,297.6979,DronePosition,-110.239,0.7790111,-107.379,1.34,CameraPosition,-103.2106,1.715972,-107.413,CameraRotation,354.3528,267.4947,359.4133,CurrentState,Return,Slider,85,Scenario,1
ID,8,Time,297.7119,DronePosition,-110.239,0.7978164,-107.379,1.34,CameraPosition,-103.2106,1.715981,-107.413,CameraRotation,354.3282,267.5037,359.4572,CurrentState,Return,Slider,85,Scenario,1
ID,8,Time,297.7256,DronePosition,-110.239,0.8160627,-107.379,1.34,CameraPosition,-103.2106,1.715982,-107.413,CameraRotation,354.2986,267.5174,359.4807,CurrentState,Return,Slider,85,Scenario,1
ID,8,Time,297.7399,DronePosition,-110.239,0.8352793,-107.379,1.34,CameraPosition,-103.2105,1.715979,-107.413,CameraRotation,354.2663,267.5306,359.4879,CurrentState,Return,Slider,85,Scenario,1
ID,8,Time,297.7548,DronePosition,-110.239,0.8552512,-107.379,1.34,CameraPosition,-103.2105,1.716004,-107.413,CameraRotation,354.2311,267.5381,359.4872,CurrentState,Return,Slider,85,Scenario,1
ID,8,Time,297.7673,DronePosition,-110.239,0.8720035,-107.379,1.34,CameraPosition,-103.2105,1.716053,-107.4131,CameraRotation,354.1848,267.5311,359.5043,CurrentState,Return,Slider,85,Scenario,1
ID,8,Time,297.7815,DronePosition,-110.239,0.8910213,-107.379,1.34,CameraPosition,-103.2105,1.716118,-107.4131,CameraRotation,354.1382,267.5342,359.5242,CurrentState,Return,Slider,85,Scenario,1
ID,8,Time,297.7955,DronePosition,-110.239,0.9097277,-107.379,1.34,CameraPosition,-103.2105,1.716162,-107.4131,CameraRotation,354.0963,267.5158,359.5322,CurrentState,Return,Slider,85,Scenario,1
ID,8,Time,297.8093,DronePosition,-110.239,0.9283136,-107.379,1.34,CameraPosition,-103.2105,1.716195,-107.4131,CameraRotation,354.0791,267.5077,359.5343,CurrentState,Return,Slider,85,Scenario,1
ID,8,Time,297.8232,DronePosition,-110.239,0.9469009,-107.379,1.34,CameraPosition,-103.2104,1.716236,-107.4131,CameraRotation,354.0762,267.4942,359.523,CurrentState,Return,Slider,86,Scenario,1
ID,8,Time,297.8373,DronePosition,-110.239,0.9657941,-107.379,1.34,CameraPosition,-103.2104,1.716283,-107.4131,CameraRotation,354.0766,267.4821,359.5185,CurrentState,Return,Slider,86,Scenario,1
ID,8,Time,297.851,DronePosition,-110.239,0.9841657,-107.379,1.34,CameraPosition,-103.2104,1.716342,-107.4132,CameraRotation,354.063,267.464,359.5228,CurrentState,Return,Slider,86,Scenario,1
ID,8,Time,297.865,DronePosition,-110.239,1.002839,-107.379,1.34,CameraPosition,-103.2104,1.716406,-107.4132,CameraRotation,354.0156,267.4501,359.5294,CurrentState,Return,Slider,86,Scenario,1
ID,8,Time,297.8792,DronePosition,-110.239,1.021855,-107.379,1.34,CameraPosition,-103.2104,1.716516,-107.4132,CameraRotation,353.9604,267.4391,359.5287,CurrentState,Return,Slider,86,Scenario,1
ID,8,Time,297.8929,DronePosition,-110.239,1.040326,-107.379,1.34,CameraPosition,-103.2104,1.71662,-107.4131,CameraRotation,353.8754,267.4323,359.5378,CurrentState,Return,Slider,86,Scenario,1
ID,8,Time,297.9066,DronePosition,-110.239,1.058696,-107.379,1.34,CameraPosition,-103.2104,1.716721,-107.4131,CameraRotation,353.8114,267.4376,359.5365,CurrentState,Return,Slider,86,Scenario,1
ID,8,Time,297.9207,DronePosition,-110.239,1.077475,-107.379,1.34,CameraPosition,-103.2104,1.716815,-107.4131,CameraRotation,353.767,267.4466,359.5344,CurrentState,Return,Slider,86,Scenario,1
ID,8,Time,297.9345,DronePosition,-110.239,1.096014,-107.379,1.34,CameraPosition,-103.2104,1.716892,-107.413,CameraRotation,353.7127,267.4629,359.5379,CurrentState,Return,Slider,86,Scenario,1
ID,8,Time,297.9491,DronePosition,-110.239,1.115608,-107.379,1.34,CameraPosition,-103.2104,1.716965,-107.413,CameraRotation,353.6483,267.4828,359.545,CurrentState,Return,Slider,86,Scenario,1
ID,8,Time,297.963,DronePosition,-110.239,1.13415,-107.379,1.34,CameraPosition,-103.2105,1.717028,-107.4129,CameraRotation,353.5776,267.5069,359.5576,CurrentState,Return,Slider,86,Scenario,1
ID,8,Time,297.9763,DronePosition,-110.239,1.152091,-107.379,1.34,CameraPosition,-103.2105,1.717106,-107.4129,CameraRotation,353.5201,267.5278,359.554,CurrentState,Return,Slider,86,Scenario,1
ID,8,Time,297.9906,DronePosition,-110.239,1.171241,-107.379,1.34,CameraPosition,-103.2106,1.717225,-107.4129,CameraRotation,353.461,267.5453,359.5337,CurrentState,Return,Slider,86,Scenario,1
ID,8,Time,298.0042,DronePosition,-110.239,1.189503,-107.379,1.34,CameraPosition,-103.2107,1.717371,-107.4129,CameraRotation,353.4005,267.5594,359.5053,CurrentState,Return,Slider,86,Scenario,1
ID,8,Time,298.0181,DronePosition,-110.239,1.208088,-107.379,1.34,CameraPosition,-103.2108,1.717488,-107.4128,CameraRotation,353.3308,267.558,359.5056,CurrentState,Return,Slider,86,Scenario,1
ID,8,Time,298.0321,DronePosition,-110.239,1.22677,-107.379,1.34,CameraPosition,-103.2109,1.717617,-107.4127,CameraRotation,353.2722,267.554,359.5285,CurrentState,Return,Slider,86,Scenario,1
ID,8,Time,298.0459,DronePosition,-110.239,1.245272,-107.379,1.34,CameraPosition,-103.211,1.717737,-107.4127,CameraRotation,353.2266,267.5494,359.5168,CurrentState,Return,Slider,86,Scenario,1
ID,8,Time,298.0602,DronePosition,-110.239,1.264449,-107.379,1.34,CameraPosition,-103.2111,1.717828,-107.4126,CameraRotation,353.1729,267.5552,359.4768,CurrentState,Return,Slider,86,Scenario,1
ID,8,Time,298.0737,DronePosition,-110.239,1.28262,-107.379,1.34,CameraPosition,-103.2112,1.717918,-107.4126,CameraRotation,353.1255,267.5683,359.4233,CurrentState,Return,Slider,86,Scenario,1
ID,8,Time,298.0876,DronePosition,-110.239,1.301228,-107.379,1.34,CameraPosition,-103.2114,1.718006,-107.4125,CameraRotation,353.0894,267.5821,359.3909,CurrentState,Return,Slider,86,Scenario,1
ID,8,Time,298.1019,DronePosition,-110.239,1.32032,-107.379,1.34,CameraPosition,-103.2115,1.718074,-107.4125,CameraRotation,353.0541,267.5924,359.3822,CurrentState,Return,Slider,86,Scenario,1
ID,8,Time,298.1155,DronePosition,-110.239,1.338638,-107.379,1.34,CameraPosition,-103.2117,1.718131,-107.4124,CameraRotation,353.0218,267.6013,359.3805,CurrentState,Return,Slider,86,Scenario,1
ID,8,Time,298.1297,DronePosition,-110.239,1.35761,-107.379,1.34,CameraPosition,-103.2118,1.718174,-107.4123,CameraRotation,352.9859,267.6098,359.3788,CurrentState,Return,Slider,86,Scenario,1
ID,8,Time,298.1437,DronePosition,-110.239,1.376324,-107.379,1.34,CameraPosition,-103.2119,1.718224,-107.4123,CameraRotation,352.9476,267.6219,359.3722,CurrentState,Return,Slider,86,Scenario,1
ID,8,Time,298.1577,DronePosition,-110.239,1.395159,-107.379,1.34,CameraPosition,-103.2121,1.71827,-107.4122,CameraRotation,352.9071,267.6206,359.3693,CurrentState,Return,Slider,86,Scenario,1
ID,8,Time,298.1713,DronePosition,-110.239,1.413315,-107.379,1.34,CameraPosition,-103.2122,1.718327,-107.4122,CameraRotation,352.8846,267.6161,359.3576,CurrentState,Return,Slider,86,Scenario,1
ID,8,Time,298.1859,DronePosition,-110.239,1.43284,-107.379,1.34,CameraPosition,-103.2124,1.718355,-107.4122,CameraRotation,352.8625,267.611,359.3535,CurrentState,Return,Slider,86,Scenario,1
ID,8,Time,298.1997,DronePosition,-110.239,1.451433,-107.379,1.34,CameraPosition,-103.2125,1.718383,-107.4121,CameraRotation,352.8627,267.5823,359.3563,CurrentState,Return,Slider,86,Scenario,1
ID,8,Time,298.2131,DronePosition,-110.239,1.469325,-107.379,1.34,CameraPosition,-103.2127,1.718433,-107.4121,CameraRotation,352.8495,267.5589,359.3528,CurrentState,Return,Slider,86,Scenario,1
ID,8,Time,298.2272,DronePosition,-110.239,1.488249,-107.379,1.34,CameraPosition,-103.2129,1.718429,-107.4121,CameraRotation,352.8038,267.5318,359.3463,CurrentState,Return,Slider,86,Scenario,1
ID,8,Time,298.2409,DronePosition,-110.239,1.506632,-107.379,1.34,CameraPosition,-103.2131,1.71846,-107.412,CameraRotation,352.7538,267.5043,359.3391,CurrentState,Return,Slider,86,Scenario,1
ID,8,Time,298.2552,DronePosition,-110.239,1.525717,-107.379,1.34,CameraPosition,-103.2133,1.718523,-107.412,CameraRotation,352.6906,267.488,359.3329,CurrentState,Return,Slider,86,Scenario,1
ID,8,Time,298.2691,DronePosition,-110.239,1.544428,-107.379,1.34,CameraPosition,-103.2135,1.718606,-107.4119,CameraRotation,352.6323,267.476,359.3118,CurrentState,Return,Slider,86,Scenario,1
ID,8,Time,298.2831,DronePosition,-110.239,1.563203,-107.379,1.34,CameraPosition,-103.2137,1.718675,-107.4118,CameraRotation,352.5961,267.4721,359.2944,CurrentState,Return,Slider,86,Scenario,1
ID,8,Time,298.297,DronePosition,-110.239,1.581793,-107.379,1.34,CameraPosition,-103.2139,1.718727,-107.4118,CameraRotation,352.5757,267.4732,359.2846,CurrentState,Return,Slider,86,Scenario,1
ID,8,Time,298.3111,DronePosition,-110.239,1.600702,-107.379,1.34,CameraPosition,-103.2141,1.718768,-107.4117,CameraRotation,352.5565,267.4602,359.2926,CurrentState,Return,Slider,86,Scenario,1
ID,8,Time,298.3244,DronePosition,-110.239,1.618519,-107.379,1.34,CameraPosition,-103.2143,1.718818,-107.4117,CameraRotation,352.4897,267.4345,359.2972,CurrentState,Return,Slider,86,Scenario,1
ID,8,Time,298.3387,DronePosition,-110.239,1.637585,-107.379,1.34,CameraPosition,-103.2146,1.718927,-107.4116,CameraRotation,352.4147,267.4094,359.283,CurrentState,Return,Slider,86,Scenario,1
ID,8,Time,298.3529,DronePosition,-110.239,1.6567,-107.379,1.34,CameraPosition,-103.2148,1.719016,-107.4115,CameraRotation,352.3519,267.4035,359.2809,CurrentState,Return,Slider,86,Scenario,1
ID,8,Time,298.3669,DronePosition,-110.239,1.675498,-107.379,1.34,CameraPosition,-103.215,1.719054,-107.4114,CameraRotation,352.3141,267.4011,359.2888,CurrentState,Return,Slider,86,Scenario,1
ID,8,Time,298.3807,DronePosition,-110.239,1.693898,-107.379,1.34,CameraPosition,-103.2152,1.719078,-107.4113,CameraRotation,352.3004,267.4127,359.2954,CurrentState,Return,Slider,86,Scenario,1
ID,8,Time,298.3942,DronePosition,-110.239,1.711978,-107.379,1.34,CameraPosition,-103.2155,1.719064,-107.4112,CameraRotation,352.2974,267.4196,359.3047,CurrentState,Return,Slider,86,Scenario,1
ID,8,Time,298.408,DronePosition,-110.239,1.73049,-107.379,1.34,CameraPosition,-103.2158,1.719066,-107.4111,CameraRotation,352.2738,267.4317,359.3089,CurrentState,Return,Slider,86,Scenario,1
ID,8,Time,298.4222,DronePosition,-110.239,1.749577,-107.379,1.34,CameraPosition,-103.216,1.719125,-107.411,CameraRotation,352.2502,267.4453,359.3063,CurrentState,Return,Slider,86,Scenario,1
ID,8,Time,298.4361,DronePosition,-110.239,1.768129,-107.379,1.34,CameraPosition,-103.2163,1.71917,-107.4109,CameraRotation,352.2254,267.4479,359.3039,CurrentState,Return,Slider,87,Scenario,1
ID,8,Time,298.45,DronePosition,-110.239,1.786821,-107.379,1.34,CameraPosition,-103.2165,1.719213,-107.4108,CameraRotation,352.2131,267.462,359.2866,CurrentState,Return,Slider,87,Scenario,1
ID,8,Time,298.4641,DronePosition,-110.239,1.805696,-107.379,1.34,CameraPosition,-103.2167,1.719283,-107.4107,CameraRotation,352.2076,267.4643,359.2686,CurrentState,Return,Slider,87,Scenario,1
ID,8,Time,298.4781,DronePosition,-110.239,1.824443,-107.379,1.34,CameraPosition,-103.2169,1.71938,-107.4106,CameraRotation,352.187,267.476,359.2614,CurrentState,Return,Slider,87,Scenario,1
ID,8,Time,298.4917,DronePosition,-110.239,1.842686,-107.379,1.34,CameraPosition,-103.2172,1.719501,-107.4105,CameraRotation,352.1624,267.4742,359.2628,CurrentState,Return,Slider,87,Scenario,1
ID,8,Time,298.5056,DronePosition,-110.239,1.861334,-107.379,1.34,CameraPosition,-103.2174,1.719625,-107.4104,CameraRotation,352.1053,267.4714,359.2625,CurrentState,Return,Slider,87,Scenario,1
ID,8,Time,298.5197,DronePosition,-110.239,1.880163,-107.379,1.34,CameraPosition,-103.2176,1.719764,-107.4102,CameraRotation,352.0413,267.4666,359.263,CurrentState,Return,Slider,87,Scenario,1
ID,8,Time,298.5337,DronePosition,-110.239,1.899006,-107.379,1.34,CameraPosition,-103.2179,1.719929,-107.4101,CameraRotation,351.9715,267.4608,359.2563,CurrentState,Return,Slider,87,Scenario,1
ID,8,Time,298.5474,DronePosition,-110.239,1.917254,-107.379,1.34,CameraPosition,-103.2181,1.720054,-107.4101,CameraRotation,351.9165,267.4523,359.2383,CurrentState,Return,Slider,87,Scenario,1
ID,8,Time,298.5615,DronePosition,-110.239,1.93618,-107.379,1.34,CameraPosition,-103.2183,1.720156,-107.41,CameraRotation,351.8727,267.4418,359.2244,CurrentState,Return,Slider,87,Scenario,1
ID,8,Time,298.5755,DronePosition,-110.239,1.955011,-107.379,1.34,CameraPosition,-103.2186,1.720221,-107.4099,CameraRotation,351.8124,267.4369,359.2162,CurrentState,Return,Slider,87,Scenario,1
ID,8,Time,298.5894,DronePosition,-110.239,1.973546,-107.379,1.34,CameraPosition,-103.2188,1.720317,-107.4097,CameraRotation,351.7668,267.4438,359.1876,CurrentState,Return,Slider,87,Scenario,1
ID,8,Time,298.6036,DronePosition,-110.239,1.992658,-107.379,1.34,CameraPosition,-103.2189,1.720441,-107.4096,CameraRotation,351.7198,267.4527,359.1441,CurrentState,Return,Slider,87,Scenario,1
ID,8,Time,298.6171,DronePosition,-110.239,2.010679,-107.379,1.34,CameraPosition,-103.2191,1.720587,-107.4095,CameraRotation,351.6488,267.4539,359.1124,CurrentState,Return,Slider,87,Scenario,1
ID,8,Time,298.6313,DronePosition,-110.239,2.029793,-107.379,1.34,CameraPosition,-103.2193,1.72073,-107.4093,CameraRotation,351.5565,267.4589,359.0957,CurrentState,Return,Slider,87,Scenario,1
ID,8,Time,298.645,DronePosition,-110.239,2.048029,-107.379,1.34,CameraPosition,-103.2195,1.72089,-107.4091,CameraRotation,351.4525,267.465,359.0958,CurrentState,Return,Slider,87,Scenario,1
ID,8,Time,298.6587,DronePosition,-110.239,2.066475,-107.379,1.34,CameraPosition,-103.2197,1.721058,-107.4089,CameraRotation,351.3657,267.4719,359.0715,CurrentState,Return,Slider,87,Scenario,1
ID,8,Time,298.673,DronePosition,-110.239,2.085608,-107.379,1.34,CameraPosition,-103.2198,1.721195,-107.4088,CameraRotation,351.2809,267.4918,359.0124,CurrentState,Return,Slider,87,Scenario,1
ID,8,Time,298.6869,DronePosition,-110.239,2.104262,-107.379,1.34,CameraPosition,-103.22,1.721325,-107.4086,CameraRotation,351.2415,267.507,358.9609,CurrentState,Return,Slider,87,Scenario,1
ID,8,Time,298.701,DronePosition,-110.239,2.123121,-107.379,1.34,CameraPosition,-103.2201,1.721419,-107.4084,CameraRotation,351.2028,267.5228,358.9539,CurrentState,Return,Slider,87,Scenario,1
ID,8,Time,298.7149,DronePosition,-110.239,2.141763,-107.379,1.34,CameraPosition,-103.2202,1.721477,-107.4083,CameraRotation,351.1709,267.5294,358.9768,CurrentState,Return,Slider,87,Scenario,1
ID,8,Time,298.7288,DronePosition,-110.239,2.160407,-107.379,1.34,CameraPosition,-103.2203,1.72154,-107.4082,CameraRotation,351.1263,267.5385,358.977,CurrentState,Return,Slider,88,Scenario,1
ID,8,Time,298.7425,DronePosition,-110.239,2.178761,-107.379,1.34,CameraPosition,-103.2204,1.721627,-107.408,CameraRotation,351.0815,267.5409,358.9626,CurrentState,Return,Slider,88,Scenario,1
ID,8,Time,298.7562,DronePosition,-110.239,2.197094,-107.379,1.34,CameraPosition,-103.2205,1.721714,-107.4079,CameraRotation,351.0148,267.5608,358.9474,CurrentState,Return,Slider,88,Scenario,1
ID,8,Time,298.7704,DronePosition,-110.239,2.216091,-107.379,1.34,CameraPosition,-103.2206,1.721808,-107.4077,CameraRotation,350.948,267.5591,358.954,CurrentState,Return,Slider,88,Scenario,1
ID,8,Time,298.7847,DronePosition,-110.239,2.235353,-107.379,1.34,CameraPosition,-103.2206,1.721847,-107.4076,CameraRotation,350.8894,267.5521,358.9744,CurrentState,Return,Slider,88,Scenario,1
ID,8,Time,298.7985,DronePosition,-110.239,2.253762,-107.379,1.34,CameraPosition,-103.2205,1.72184,-107.4074,CameraRotation,350.8971,267.5338,358.9738,CurrentState,Return,Slider,88,Scenario,1
ID,8,Time,298.8123,DronePosition,-110.239,2.272295,-107.379,1.34,CameraPosition,-103.2203,1.721795,-107.4073,CameraRotation,350.9268,267.5109,358.9515,CurrentState,Return,Slider,88,Scenario,1
ID,8,Time,298.826,DronePosition,-110.239,2.290582,-107.379,1.34,CameraPosition,-103.2202,1.721786,-107.4072,CameraRotation,350.939,267.4892,358.9417,CurrentState,Return,Slider,89,Scenario,1
ID,8,Time,298.8398,DronePosition,-110.239,2.309132,-107.379,1.34,CameraPosition,-103.22,1.721816,-107.407,CameraRotation,350.8803,267.465,358.9207,CurrentState,Return,Slider,89,Scenario,1
ID,8,Time,298.8541,DronePosition,-110.239,2.328244,-107.379,1.34,CameraPosition,-103.2198,1.721916,-107.4069,CameraRotation,350.8167,267.4338,358.9056,CurrentState,Return,Slider,89,Scenario,1
ID,8,Time,298.868,DronePosition,-110.239,2.346955,-107.379,1.34,CameraPosition,-103.2196,1.721992,-107.4068,CameraRotation,350.7115,267.3917,358.9111,CurrentState,Return,Slider,89,Scenario,1
ID,8,Time,298.8817,DronePosition,-110.239,2.365331,-107.379,1.34,CameraPosition,-103.2193,1.722074,-107.4068,CameraRotation,350.6252,267.3542,358.9045,CurrentState,Return,Slider,89,Scenario,1
ID,8,Time,298.8961,DronePosition,-110.239,2.384573,-107.379,1.34,CameraPosition,-103.2191,1.722166,-107.4066,CameraRotation,350.5511,267.3132,358.8923,CurrentState,Return,Slider,89,Scenario,1
ID,8,Time,298.9096,DronePosition,-110.239,2.402684,-107.379,1.34,CameraPosition,-103.2187,1.722287,-107.4065,CameraRotation,350.451,267.2697,358.8777,CurrentState,Return,Slider,89,Scenario,1
ID,8,Time,298.9234,DronePosition,-110.239,2.421135,-107.379,1.34,CameraPosition,-103.2184,1.722464,-107.4064,CameraRotation,350.3252,267.2185,358.8541,CurrentState,Return,Slider,89,Scenario,1
ID,8,Time,298.9376,DronePosition,-110.239,2.440228,-107.379,1.34,CameraPosition,-103.218,1.722644,-107.4063,CameraRotation,350.185,267.1591,358.8404,CurrentState,Return,Slider,89,Scenario,1
ID,8,Time,298.9516,DronePosition,-110.239,2.458984,-107.379,1.34,CameraPosition,-103.2177,1.722846,-107.4061,CameraRotation,350.0169,267.082,358.833,CurrentState,Return,Slider,89,Scenario,1
ID,8,Time,298.9652,DronePosition,-110.239,2.477217,-107.379,1.34,CameraPosition,-103.2173,1.723046,-107.4059,CameraRotation,349.8464,266.9995,358.83,CurrentState,Return,Slider,89,Scenario,1
ID,8,Time,298.9796,DronePosition,-110.239,2.496384,-107.379,1.34,CameraPosition,-103.2169,1.723263,-107.4057,CameraRotation,349.6747,266.9188,358.8132,CurrentState,Return,Slider,89,Scenario,1
ID,8,Time,298.9937,DronePosition,-110.239,2.515334,-107.379,1.34,CameraPosition,-103.2165,1.723524,-107.4056,CameraRotation,349.4607,266.8162,358.7825,CurrentState,Return,Slider,89,Scenario,1
ID,8,Time,299.0068,DronePosition,-110.239,2.532955,-107.379,1.34,CameraPosition,-103.2162,1.723792,-107.4054,CameraRotation,349.2238,266.6904,358.7129,CurrentState,Return,Slider,89,Scenario,1
ID,8,Time,299.0214,DronePosition,-110.239,2.552466,-107.379,1.34,CameraPosition,-103.2158,1.724052,-107.4053,CameraRotation,348.9956,266.5515,358.6167,CurrentState,Return,Slider,89,Scenario,1
ID,8,Time,299.035,DronePosition,-110.239,2.570668,-107.379,1.34,CameraPosition,-103.2154,1.724252,-107.4051,CameraRotation,348.7952,266.4133,358.5067,CurrentState,Return,Slider,90,Scenario,1
ID,8,Time,299.049,DronePosition,-110.239,2.589498,-107.379,1.34,CameraPosition,-103.215,1.724442,-107.405,CameraRotation,348.6561,266.2498,358.4285,CurrentState,Return,Slider,90,Scenario,1
ID,8,Time,299.0631,DronePosition,-110.239,2.608432,-107.379,1.34,CameraPosition,-103.2145,1.724684,-107.4048,CameraRotation,348.5225,266.0764,358.3842,CurrentState,Return,Slider,90,Scenario,1
ID,8,Time,299.0766,DronePosition,-110.239,2.626449,-107.379,1.34,CameraPosition,-103.2141,1.724979,-107.4047,CameraRotation,348.378,265.8633,358.3549,CurrentState,Return,Slider,90,Scenario,1
ID,8,Time,299.0906,DronePosition,-110.239,2.645241,-107.379,1.34,CameraPosition,-103.2137,1.725249,-107.4045,CameraRotation,348.1887,265.6478,358.2614,CurrentState,Return,Slider,90,Scenario,1
ID,8,Time,299.1046,DronePosition,-110.239,2.663891,-107.379,1.34,CameraPosition,-103.2133,1.725459,-107.4043,CameraRotation,348.0002,265.4628,358.0861,CurrentState,Return,Slider,90,Scenario,1
ID,8,Time,299.1184,DronePosition,-110.239,2.682431,-107.379,1.34,CameraPosition,-103.2129,1.725674,-107.4041,CameraRotation,347.8869,265.3294,357.8597,CurrentState,Return,Slider,90,Scenario,1
ID,8,Time,299.1324,DronePosition,-110.239,2.701234,-107.379,1.34,CameraPosition,-103.2125,1.725906,-107.4038,CameraRotation,347.728,265.2007,357.6789,CurrentState,Return,Slider,90,Scenario,1
ID,8,Time,299.1464,DronePosition,-110.239,2.719927,-107.379,1.34,CameraPosition,-103.2122,1.726174,-107.4035,CameraRotation,347.498,265.062,357.5314,CurrentState,Return,Slider,90,Scenario,1
ID,8,Time,299.1603,DronePosition,-110.239,2.738644,-107.379,1.34,CameraPosition,-103.2119,1.726441,-107.4032,CameraRotation,347.2294,264.9222,357.4158,CurrentState,Return,Slider,90,Scenario,1
ID,8,Time,299.1743,DronePosition,-110.239,2.757376,-107.379,1.34,CameraPosition,-103.2116,1.726669,-107.4029,CameraRotation,346.9891,264.7794,357.2988,CurrentState,Return,Slider,90,Scenario,1
ID,8,Time,299.1882,DronePosition,-110.239,2.775932,-107.379,1.34,CameraPosition,-103.2113,1.726826,-107.4025,CameraRotation,346.8142,264.6701,357.1601,CurrentState,Return,Slider,90,Scenario,1
ID,8,Time,299.2023,DronePosition,-110.239,2.794853,-107.379,1.34,CameraPosition,-103.211,1.726958,-107.4021,CameraRotation,346.6979,264.6086,357.0115,CurrentState,Return,Slider,90,Scenario,1
ID,8,Time,299.2162,DronePosition,-110.239,2.813539,-107.379,1.34,CameraPosition,-103.2107,1.727128,-107.4017,CameraRotation,346.5686,264.5637,356.8615,CurrentState,Return,Slider,90,Scenario,1
ID,8,Time,299.2298,DronePosition,-110.239,2.831738,-107.379,1.34,CameraPosition,-103.2105,1.727336,-107.4012,CameraRotation,346.402,264.5389,356.7115,CurrentState,Return,Slider,90,Scenario,1
ID,8,Time,299.2437,DronePosition,-110.239,2.850381,-107.379,1.34,CameraPosition,-103.2104,1.727568,-107.4008,CameraRotation,346.1801,264.5136,356.5875,CurrentState,Return,Slider,90,Scenario,1
ID,8,Time,299.2579,DronePosition,-110.239,2.869419,-107.379,1.34,CameraPosition,-103.2102,1.727752,-107.4003,CameraRotation,345.9562,264.494,356.4947,CurrentState,Return,Slider,90,Scenario,1
ID,8,Time,299.2718,DronePosition,-110.239,2.887948,-107.379,1.34,CameraPosition,-103.2101,1.727904,-107.3998,CameraRotation,345.8097,264.486,356.4303,CurrentState,Return,Slider,90,Scenario,1
ID,8,Time,299.2856,DronePosition,-110.239,2.906479,-107.379,1.34,CameraPosition,-103.21,1.728012,-107.3992,CameraRotation,345.6955,264.5268,356.3269,CurrentState,Return,Slider,90,Scenario,1
ID,8,Time,299.2997,DronePosition,-110.239,2.925479,-107.379,1.34,CameraPosition,-103.21,1.72808,-107.3986,CameraRotation,345.5896,264.5749,356.1956,CurrentState,Return,Slider,90,Scenario,1
ID,8,Time,299.3134,DronePosition,-110.239,2.943834,-107.379,1.34,CameraPosition,-103.2099,1.728089,-107.398,CameraRotation,345.5255,264.6658,356.065,CurrentState,Return,Slider,90,Scenario,1
ID,8,Time,299.3276,DronePosition,-110.239,2.962798,-107.379,1.34,CameraPosition,-103.2099,1.728064,-107.3974,CameraRotation,345.4999,264.7764,355.9421,CurrentState,Return,Slider,90,Scenario,1
ID,8,Time,299.3411,DronePosition,-110.239,2.980829,-107.379,1.34,CameraPosition,-103.2099,1.728023,-107.3967,CameraRotation,345.5002,264.892,355.8454,CurrentState,Return,Slider,90,Scenario,1
ID,8,Time,299.3554,DronePosition,-110.239,3.000062,-107.379,1.34,CameraPosition,-103.21,1.72798,-107.3959,CameraRotation,345.5256,265.0128,355.7458,CurrentState,Return,Slider,90,Scenario,1
ID,8,Time,299.3693,DronePosition,-110.239,3.018683,-107.379,1.34,CameraPosition,-103.21,1.727932,-107.3952,CameraRotation,345.5386,265.1466,355.6301,CurrentState,Return,Slider,90,Scenario,1
ID,8,Time,299.3831,DronePosition,-110.239,3.037166,-107.379,1.34,CameraPosition,-103.2101,1.727911,-107.3945,CameraRotation,345.5379,265.264,355.5332,CurrentState,Return,Slider,90,Scenario,1
ID,8,Time,299.3973,DronePosition,-110.239,3.056198,-107.379,1.34,CameraPosition,-103.2102,1.727879,-107.3939,CameraRotation,345.5191,265.3793,355.4307,CurrentState,Return,Slider,90,Scenario,1
ID,8,Time,299.4113,DronePosition,-110.239,3.074996,-107.379,1.34,CameraPosition,-103.2103,1.727847,-107.3932,CameraRotation,345.503,265.4918,355.3162,CurrentState,Return,Slider,90,Scenario,1
ID,8,Time,299.4247,DronePosition,-110.239,3.092841,-107.379,1.34,CameraPosition,-103.2104,1.727809,-107.3925,CameraRotation,345.493,265.592,355.2043,CurrentState,Return,Slider,90,Scenario,1
ID,8,Time,299.439,DronePosition,-110.239,3.112048,-107.379,1.34,CameraPosition,-103.2105,1.727789,-107.3919,CameraRotation,345.4938,265.6833,355.1089,CurrentState,Return,Slider,90,Scenario,1
ID,8,Time,299.4528,DronePosition,-110.239,3.130554,-107.379,1.34,CameraPosition,-103.2106,1.727801,-107.3912,CameraRotation,345.4782,265.7444,355.0378,CurrentState,Return,Slider,90,Scenario,1
ID,8,Time,299.4668,DronePosition,-110.239,3.149301,-107.379,1.34,CameraPosition,-103.2107,1.727841,-107.3907,CameraRotation,345.4333,265.7873,354.9744,CurrentState,Return,Slider,90,Scenario,1
ID,8,Time,299.4807,DronePosition,-110.239,3.16788,-107.379,1.34,CameraPosition,-103.2108,1.72791,-107.3901,CameraRotation,345.3873,265.795,354.9311,CurrentState,Return,Slider,90,Scenario,1
ID,8,Time,299.4947,DronePosition,-110.239,3.186656,-107.379,1.34,CameraPosition,-103.2109,1.728007,-107.3896,CameraRotation,345.3369,265.7991,354.8689,CurrentState,Return,Slider,90,Scenario,1
ID,8,Time,299.5089,DronePosition,-110.239,3.205742,-107.379,1.34,CameraPosition,-103.211,1.728078,-107.3891,CameraRotation,345.2794,265.8196,354.7818,CurrentState,Return,Slider,90,Scenario,1
ID,8,Time,299.5224,DronePosition,-110.239,3.223848,-107.379,1.34,CameraPosition,-103.2111,1.728173,-107.3886,CameraRotation,345.2137,265.8264,354.7093,CurrentState,Return,Slider,90,Scenario,1
ID,8,Time,299.5365,DronePosition,-110.239,3.242692,-107.379,1.34,CameraPosition,-103.2112,1.728284,-107.3881,CameraRotation,345.1553,265.8392,354.6593,CurrentState,Return,Slider,90,Scenario,1
ID,8,Time,299.5502,DronePosition,-110.239,3.26111,-107.379,1.34,CameraPosition,-103.2113,1.728385,-107.3876,CameraRotation,345.0929,265.8427,354.6088,CurrentState,Return,Slider,90,Scenario,1
ID,8,Time,299.5642,DronePosition,-110.239,3.279819,-107.379,1.34,CameraPosition,-103.2113,1.72846,-107.3871,CameraRotation,345.0516,265.8542,354.5377,CurrentState,Return,Slider,90,Scenario,1
ID,8,Time,299.5779,DronePosition,-110.239,3.298165,-107.379,1.34,CameraPosition,-103.2114,1.728503,-107.3867,CameraRotation,345.0065,265.8712,354.4522,CurrentState,Return,Slider,90,Scenario,1
ID,8,Time,299.5921,DronePosition,-110.239,3.317161,-107.379,1.34,CameraPosition,-103.2114,1.728547,-107.3861,CameraRotation,344.9745,265.8986,354.3353,CurrentState,Return,Slider,90,Scenario,1
ID,8,Time,299.6061,DronePosition,-110.239,3.335942,-107.379,1.34,CameraPosition,-103.2115,1.728577,-107.3856,CameraRotation,344.8995,265.9535,354.2303,CurrentState,Return,Slider,90,Scenario,1
ID,8,Time,299.6203,DronePosition,-110.239,3.354989,-107.379,1.34,CameraPosition,-103.2116,1.728633,-107.385,CameraRotation,344.8297,266.0156,354.1051,CurrentState,Return,Slider,90,Scenario,1
ID,8,Time,299.6341,DronePosition,-110.239,3.373466,-107.379,1.34,CameraPosition,-103.2117,1.728664,-107.3845,CameraRotation,344.7995,266.084,354.009,CurrentState,Return,Slider,91,Scenario,1
ID,8,Time,299.6475,DronePosition,-110.239,3.391474,-107.379,1.34,CameraPosition,-103.2118,1.728672,-107.3839,CameraRotation,344.7784,266.1597,353.916,CurrentState,Return,Slider,91,Scenario,1
ID,8,Time,299.6622,DronePosition,-110.239,3.411152,-107.379,1.34,CameraPosition,-103.2118,1.728675,-107.3834,CameraRotation,344.7561,266.2447,353.8235,CurrentState,Return,Slider,91,Scenario,1
ID,8,Time,299.6758,DronePosition,-110.239,3.429325,-107.379,1.34,CameraPosition,-103.2119,1.728654,-107.3829,CameraRotation,344.733,266.3444,353.711,CurrentState,Return,Slider,91,Scenario,1
ID,8,Time,299.6896,DronePosition,-110.239,3.447869,-107.379,1.34,CameraPosition,-103.2119,1.728651,-107.3824,CameraRotation,344.7135,266.4427,353.6113,CurrentState,Return,Slider,91,Scenario,1
ID,8,Time,299.704,DronePosition,-110.239,3.467147,-107.379,1.34,CameraPosition,-103.212,1.728687,-107.3818,CameraRotation,344.6808,266.5581,353.5201,CurrentState,Return,Slider,91,Scenario,1
ID,8,Time,299.7175,DronePosition,-110.239,3.485263,-107.379,1.34,CameraPosition,-103.212,1.728724,-107.3813,CameraRotation,344.6261,266.668,353.4669,CurrentState,Return,Slider,91,Scenario,1
ID,8,Time,299.7314,DronePosition,-110.239,3.503829,-107.379,1.34,CameraPosition,-103.212,1.728771,-107.3808,CameraRotation,344.5677,266.7669,353.4203,CurrentState,Return,Slider,91,Scenario,1
ID,8,Time,299.7454,DronePosition,-110.239,3.522581,-107.379,1.34,CameraPosition,-103.212,1.728807,-107.3804,CameraRotation,344.5277,266.8471,353.3788,CurrentState,Return,Slider,91,Scenario,1
ID,8,Time,299.7593,DronePosition,-110.239,3.541281,-107.379,1.34,CameraPosition,-103.212,1.728852,-107.3799,CameraRotation,344.4812,266.9147,353.3376,CurrentState,Return,Slider,91,Scenario,1
ID,8,Time,299.7731,DronePosition,-110.239,3.559801,-107.379,1.34,CameraPosition,-103.2119,1.728912,-107.3795,CameraRotation,344.4104,266.9867,353.2996,CurrentState,Return,Slider,91,Scenario,1
ID,8,Time,299.787,DronePosition,-110.239,3.578402,-107.379,1.34,CameraPosition,-103.2119,1.729014,-107.3791,CameraRotation,344.3291,267.0402,353.2533,CurrentState,Return,Slider,91,Scenario,1
ID,8,Time,299.8012,DronePosition,-110.239,3.597437,-107.379,1.34,CameraPosition,-103.2118,1.72911,-107.3788,CameraRotation,344.2459,267.0754,353.2448,CurrentState,Return,Slider,91,Scenario,1
ID,8,Time,299.8151,DronePosition,-110.239,3.615982,-107.379,1.34,CameraPosition,-103.2117,1.729163,-107.3785,CameraRotation,344.1702,267.0869,353.2497,CurrentState,Return,Slider,91,Scenario,1
ID,8,Time,299.8289,DronePosition,-110.239,3.634571,-107.379,1.34,CameraPosition,-103.2116,1.729174,-107.3782,CameraRotation,344.1234,267.1077,353.2493,CurrentState,Return,Slider,91,Scenario,1
ID,8,Time,299.8426,DronePosition,-110.239,3.652863,-107.379,1.34,CameraPosition,-103.2115,1.729187,-107.378,CameraRotation,344.1002,267.1266,353.2316,CurrentState,Return,Slider,92,Scenario,1
ID,8,Time,299.8568,DronePosition,-110.239,3.671874,-107.379,1.34,CameraPosition,-103.2114,1.729255,-107.3777,CameraRotation,344.0471,267.1671,353.2186,CurrentState,Return,Slider,92,Scenario,1
ID,8,Time,299.8705,DronePosition,-110.239,3.690208,-107.379,1.34,CameraPosition,-103.2114,1.729362,-107.3774,CameraRotation,343.9587,267.1877,353.2173,CurrentState,Return,Slider,92,Scenario,1
ID,8,Time,299.8844,DronePosition,-110.239,3.708894,-107.379,1.34,CameraPosition,-103.2114,1.729468,-107.3771,CameraRotation,343.9122,267.1828,353.2095,CurrentState,Return,Slider,92,Scenario,1
ID,8,Time,299.8985,DronePosition,-110.239,3.727783,-107.379,1.34,CameraPosition,-103.2113,1.729502,-107.3769,CameraRotation,343.8974,267.1662,353.1787,CurrentState,Return,Slider,92,Scenario,1
ID,8,Time,299.9122,DronePosition,-110.239,3.746184,-107.379,1.34,CameraPosition,-103.2113,1.729486,-107.3767,CameraRotation,343.8965,267.1624,353.126,CurrentState,Return,Slider,92,Scenario,1
ID,8,Time,299.9261,DronePosition,-110.239,3.764763,-107.379,1.34,CameraPosition,-103.2112,1.729464,-107.3764,CameraRotation,343.8888,267.172,353.0746,CurrentState,Return,Slider,92,Scenario,1
ID,8,Time,299.9398,DronePosition,-110.239,3.783191,-107.379,1.34,CameraPosition,-103.2111,1.729499,-107.3762,CameraRotation,343.8626,267.1938,353.0504,CurrentState,Return,Slider,92,Scenario,1
ID,8,Time,299.954,DronePosition,-110.239,3.802232,-107.379,1.34,CameraPosition,-103.211,1.729557,-107.3759,CameraRotation,343.825,267.1954,353.0681,CurrentState,Return,Slider,92,Scenario,1
ID,8,Time,299.9682,DronePosition,-110.239,3.821204,-107.379,1.34,CameraPosition,-103.2109,1.729629,-107.3757,CameraRotation,343.776,267.2076,353.1018,CurrentState,Return,Slider,92,Scenario,1
ID,8,Time,299.9819,DronePosition,-110.239,3.839565,-107.379,1.34,CameraPosition,-103.2108,1.729671,-107.3755,CameraRotation,343.7175,267.2094,353.1293,CurrentState,Return,Slider,92,Scenario,1
ID,8,Time,299.9959,DronePosition,-110.239,3.858312,-107.379,1.34,CameraPosition,-103.2106,1.729702,-107.3753,CameraRotation,343.6632,267.2341,353.1599,CurrentState,Return,Slider,92,Scenario,1
ID,8,Time,300.0098,DronePosition,-110.239,3.876893,-107.379,1.34,CameraPosition,-103.2105,1.729741,-107.3751,CameraRotation,343.597,267.2482,353.2077,CurrentState,Return,Slider,92,Scenario,1
ID,8,Time,300.0238,DronePosition,-110.239,3.895695,-107.379,1.34,CameraPosition,-103.2103,1.729826,-107.3749,CameraRotation,343.5218,267.2632,353.2494,CurrentState,Return,Slider,92,Scenario,1
ID,8,Time,300.0378,DronePosition,-110.239,3.914513,-107.379,1.34,CameraPosition,-103.2102,1.729931,-107.3747,CameraRotation,343.4443,267.2751,353.2761,CurrentState,Return,Slider,92,Scenario,1
ID,8,Time,300.052,DronePosition,-110.239,3.933494,-107.379,1.34,CameraPosition,-103.21,1.73002,-107.3745,CameraRotation,343.3804,267.2532,353.3283,CurrentState,Return,Slider,92,Scenario,1
ID,8,Time,300.0655,DronePosition,-110.239,3.951511,-107.379,1.34,CameraPosition,-103.2097,1.730108,-107.3744,CameraRotation,343.3211,267.2173,353.3838,CurrentState,Return,Slider,92,Scenario,1
ID,8,Time,300.0795,DronePosition,-110.239,3.970296,-107.379,1.34,CameraPosition,-103.2095,1.730186,-107.3743,CameraRotation,343.259,267.1776,353.4525,CurrentState,Return,Slider,92,Scenario,1
ID,8,Time,300.0933,DronePosition,-110.239,3.988794,-107.379,1.34,CameraPosition,-103.2092,1.730282,-107.3742,CameraRotation,343.1827,267.1201,353.5016,CurrentState,Return,Slider,92,Scenario,1
ID,8,Time,300.107,DronePosition,-110.239,4.007122,-107.379,1.34,CameraPosition,-103.209,1.730385,-107.3741,CameraRotation,343.1032,267.0877,353.5272,CurrentState,Return,Slider,92,Scenario,1
ID,8,Time,300.1212,DronePosition,-110.239,4.026216,-107.379,1.34,CameraPosition,-103.2087,1.730494,-107.374,CameraRotation,343.0135,267.061,353.513,CurrentState,Return,Slider,92,Scenario,1
ID,8,Time,300.1352,DronePosition,-110.239,4.044956,-107.379,1.34,CameraPosition,-103.2085,1.73061,-107.3739,CameraRotation,342.9367,267.028,353.5205,CurrentState,Return,Slider,92,Scenario,1
ID,8,Time,300.1491,DronePosition,-110.239,4.06362,-107.379,1.34,CameraPosition,-103.2083,1.730727,-107.3738,CameraRotation,342.8466,266.9714,353.5374,CurrentState,Return,Slider,92,Scenario,1
ID,8,Time,300.1632,DronePosition,-110.239,4.082491,-107.379,1.34,CameraPosition,-103.208,1.730843,-107.3738,CameraRotation,342.7593,266.9112,353.5927,CurrentState,Return,Slider,92,Scenario,1
ID,8,Time,300.1767,DronePosition,-110.239,4.10063,-107.379,1.34,CameraPosition,-103.2078,1.730932,-107.3737,CameraRotation,342.6682,266.8652,353.6495,CurrentState,Return,Slider,92,Scenario,1
ID,8,Time,300.1906,DronePosition,-110.239,4.119142,-107.379,1.34,CameraPosition,-103.2076,1.730974,-107.3736,CameraRotation,342.5929,266.8343,353.6981,CurrentState,Return,Slider,92,Scenario,1
ID,8,Time,300.2049,DronePosition,-110.239,4.138343,-107.379,1.34,CameraPosition,-103.2073,1.730958,-107.3736,CameraRotation,342.5525,266.7982,353.7469,CurrentState,Return,Slider,92,Scenario,1
ID,8,Time,300.2188,DronePosition,-110.239,4.156944,-107.379,1.34,CameraPosition,-103.2071,1.730974,-107.3735,CameraRotation,342.5273,266.7691,353.7864,CurrentState,Return,Slider,92,Scenario,1
ID,8,Time,300.2324,DronePosition,-110.239,4.175204,-107.379,1.34,CameraPosition,-103.2068,1.731031,-107.3735,CameraRotation,342.4871,266.7213,353.8123,CurrentState,Return,Slider,92,Scenario,1
ID,8,Time,300.2468,DronePosition,-110.239,4.194491,-107.379,1.34,CameraPosition,-103.2066,1.731111,-107.3734,CameraRotation,342.4242,266.6889,353.8255,CurrentState,Return,Slider,92,Scenario,1
ID,8,Time,300.2608,DronePosition,-110.239,4.213331,-107.379,1.34,CameraPosition,-103.2063,1.73119,-107.3733,CameraRotation,342.3692,266.6754,353.8356,CurrentState,Return,Slider,92,Scenario,1
ID,8,Time,300.2745,DronePosition,-110.239,4.231601,-107.379,1.34,CameraPosition,-103.2061,1.731261,-107.3732,CameraRotation,342.3071,266.6744,353.8473,CurrentState,Return,Slider,92,Scenario,1
ID,8,Time,300.2885,DronePosition,-110.239,4.250382,-107.379,1.34,CameraPosition,-103.2058,1.731335,-107.3731,CameraRotation,342.2475,266.668,353.8651,CurrentState,Return,Slider,92,Scenario,1
ID,8,Time,300.3022,DronePosition,-110.239,4.268704,-107.379,1.34,CameraPosition,-103.2056,1.731421,-107.373,CameraRotation,342.1876,266.6626,353.8757,CurrentState,Return,Slider,92,Scenario,1
ID,8,Time,300.3165,DronePosition,-110.239,4.287889,-107.379,1.34,CameraPosition,-103.2054,1.731494,-107.3729,CameraRotation,342.1125,266.6578,353.8881,CurrentState,Return,Slider,92,Scenario,1
ID,8,Time,300.3302,DronePosition,-110.239,4.306284,-107.379,1.34,CameraPosition,-103.2051,1.73155,-107.3729,CameraRotation,342.0437,266.6518,353.8884,CurrentState,Return,Slider,92,Scenario,1
ID,8,Time,300.3442,DronePosition,-110.239,4.325054,-107.379,1.34,CameraPosition,-103.2049,1.731594,-107.3728,CameraRotation,341.9847,266.6543,353.8978,CurrentState,Return,Slider,92,Scenario,1
ID,8,Time,300.3581,DronePosition,-110.239,4.343697,-107.379,1.34,CameraPosition,-103.2047,1.731631,-107.3727,CameraRotation,341.9374,266.6629,353.9082,CurrentState,Return,Slider,92,Scenario,1
ID,8,Time,300.3719,DronePosition,-110.239,4.36209,-107.379,1.34,CameraPosition,-103.2044,1.73168,-107.3726,CameraRotation,341.8864,266.6682,353.9391,CurrentState,Return,Slider,92,Scenario,1
ID,8,Time,300.3859,DronePosition,-110.239,4.380847,-107.379,1.34,CameraPosition,-103.2041,1.731745,-107.3725,CameraRotation,341.8075,266.6761,353.9676,CurrentState,Return,Slider,92,Scenario,1
ID,8,Time,300.4,DronePosition,-110.239,4.399818,-107.379,1.34,CameraPosition,-103.2039,1.731845,-107.3724,CameraRotation,341.7043,266.6803,353.9915,CurrentState,Return,Slider,92,Scenario,1
ID,8,Time,300.4138,DronePosition,-110.239,4.418302,-107.379,1.34,CameraPosition,-103.2036,1.731975,-107.3723,CameraRotation,341.5883,266.6813,354.0222,CurrentState,Return,Slider,92,Scenario,1
ID,8,Time,300.4275,DronePosition,-110.239,4.436677,-107.379,1.34,CameraPosition,-103.2034,1.732092,-107.3722,CameraRotation,341.4644,266.675,354.0536,CurrentState,Return,Slider,92,Scenario,1
ID,8,Time,300.4416,DronePosition,-110.239,4.455492,-107.379,1.34,CameraPosition,-103.2032,1.732198,-107.3722,CameraRotation,341.3649,266.6637,354.0632,CurrentState,Return,Slider,93,Scenario,1
ID,8,Time,300.4557,DronePosition,-110.239,4.474445,-107.379,1.34,CameraPosition,-103.2029,1.732287,-107.3721,CameraRotation,341.2901,266.6526,354.0573,CurrentState,Return,Slider,93,Scenario,1
ID,8,Time,300.4697,DronePosition,-110.239,4.493199,-107.379,1.34,CameraPosition,-103.2028,1.732359,-107.3721,CameraRotation,341.2221,266.6413,354.0704,CurrentState,Return,Slider,93,Scenario,1
ID,8,Time,300.4832,DronePosition,-110.239,4.511338,-107.379,1.34,CameraPosition,-103.2026,1.732469,-107.3721,CameraRotation,341.151,266.6018,354.1222,CurrentState,Return,Slider,93,Scenario,1
ID,8,Time,300.4973,DronePosition,-110.239,4.530234,-107.379,1.34,CameraPosition,-103.2024,1.732612,-107.3721,CameraRotation,341.0637,266.5648,354.1749,CurrentState,Return,Slider,93,Scenario,1
ID,8,Time,300.5113,DronePosition,-110.239,4.548885,-107.379,1.34,CameraPosition,-103.2023,1.732777,-107.3721,CameraRotation,340.9618,266.5386,354.2032,CurrentState,Return,Slider,93,Scenario,1
ID,8,Time,300.5249,DronePosition,-110.239,4.567197,-107.379,1.34,CameraPosition,-103.2022,1.732935,-107.3721,CameraRotation,340.837,266.5191,354.2101,CurrentState,Return,Slider,93,Scenario,1
ID,8,Time,300.5389,DronePosition,-110.239,4.585882,-107.379,1.34,CameraPosition,-103.2021,1.733072,-107.372,CameraRotation,340.7333,266.4954,354.224,CurrentState,Return,Slider,94,Scenario,1
ID,8,Time,300.553,DronePosition,-110.239,4.604833,-107.379,1.34,CameraPosition,-103.202,1.733198,-107.3719,CameraRotation,340.6466,266.4772,354.2683,CurrentState,Return,Slider,94,Scenario,1
ID,8,Time,300.5668,DronePosition,-110.239,4.623312,-107.379,1.34,CameraPosition,-103.2019,1.733349,-107.3719,CameraRotation,340.5518,266.46,354.3091,CurrentState,Return,Slider,94,Scenario,1
ID,8,Time,300.5809,DronePosition,-110.239,4.642188,-107.379,1.34,CameraPosition,-103.2018,1.73352,-107.3718,CameraRotation,340.4322,266.4388,354.339,CurrentState,Return,Slider,94,Scenario,1
ID,8,Time,300.5948,DronePosition,-110.239,4.66086,-107.379,1.34,CameraPosition,-103.2018,1.733695,-107.3718,CameraRotation,340.303,266.4221,354.3565,CurrentState,Return,Slider,94,Scenario,1
ID,8,Time,300.6093,DronePosition,-110.239,4.680184,-107.379,1.34,CameraPosition,-103.2017,1.733839,-107.3717,CameraRotation,340.1627,266.399,354.3704,CurrentState,Return,Slider,94,Scenario,1
ID,8,Time,300.6224,DronePosition,-110.239,4.697854,-107.379,1.34,CameraPosition,-103.2017,1.73396,-107.3717,CameraRotation,340.0477,266.3706,354.397,CurrentState,Return,Slider,94,Scenario,1
ID,8,Time,300.6366,DronePosition,-110.239,4.716827,-107.379,1.34,CameraPosition,-103.2017,1.734097,-107.3717,CameraRotation,339.9513,266.3455,354.4048,CurrentState,Return,Slider,94,Scenario,1
ID,8,Time,300.6503,DronePosition,-110.239,4.735196,-107.379,1.34,CameraPosition,-103.2017,1.734237,-107.3716,CameraRotation,339.8698,266.311,354.4194,CurrentState,Return,Slider,94,Scenario,1
ID,8,Time,300.6646,DronePosition,-110.239,4.754378,-107.379,1.34,CameraPosition,-103.2017,1.734403,-107.3715,CameraRotation,339.7988,266.2862,354.4292,CurrentState,Return,Slider,94,Scenario,1
ID,8,Time,300.6783,DronePosition,-110.239,4.772717,-107.379,1.34,CameraPosition,-103.2017,1.73456,-107.3715,CameraRotation,339.6953,266.2614,354.4386,CurrentState,Return,Slider,94,Scenario,1
ID,8,Time,300.692,DronePosition,-110.239,4.791013,-107.379,1.34,CameraPosition,-103.2017,1.734714,-107.3714,CameraRotation,339.5898,266.2246,354.4466,CurrentState,Return,Slider,94,Scenario,1
ID,8,Time,300.7061,DronePosition,-110.239,4.809904,-107.379,1.34,CameraPosition,-103.2017,1.734826,-107.3714,CameraRotation,339.492,266.1703,354.4698,CurrentState,Return,Slider,94,Scenario,1
ID,8,Time,300.72,DronePosition,-110.239,4.82866,-107.379,1.34,CameraPosition,-103.2017,1.734933,-107.3713,CameraRotation,339.4126,266.116,354.4937,CurrentState,Return,Slider,94,Scenario,1
ID,8,Time,300.7346,DronePosition,-110.239,4.848234,-107.379,1.34,CameraPosition,-103.2017,1.735,-107.3713,CameraRotation,339.3386,266.0673,354.5013,CurrentState,Return,Slider,94,Scenario,1
ID,8,Time,300.7478,DronePosition,-110.239,4.865842,-107.379,1.34,CameraPosition,-103.2017,1.735082,-107.3712,CameraRotation,339.2877,266.0151,354.5004,CurrentState,Return,Slider,95,Scenario,1
ID,8,Time,300.7619,DronePosition,-110.239,4.884719,-107.379,1.34,CameraPosition,-103.2017,1.735182,-107.3712,CameraRotation,339.2294,265.9659,354.5039,CurrentState,Return,Slider,95,Scenario,1
ID,8,Time,300.7766,DronePosition,-110.239,4.90449,-107.379,1.34,CameraPosition,-103.2017,1.735352,-107.3712,CameraRotation,339.1528,265.9022,354.5304,CurrentState,Return,Slider,95,Scenario,1
ID,8,Time,300.7897,DronePosition,-110.239,4.921979,-107.379,1.34,CameraPosition,-103.2018,1.735586,-107.3712,CameraRotation,339.0048,265.8468,354.5639,CurrentState,Return,Slider,95,Scenario,1
ID,8,Time,300.8037,DronePosition,-110.239,4.940773,-107.379,1.34,CameraPosition,-103.2018,1.735805,-107.3712,CameraRotation,338.8556,265.7729,354.5862,CurrentState,Return,Slider,95,Scenario,1
ID,8,Time,300.8177,DronePosition,-110.239,4.959474,-107.379,1.34,CameraPosition,-103.2018,1.735957,-107.3712,CameraRotation,338.7394,265.6984,354.6008,CurrentState,Return,Slider,95,Scenario,1
ID,8,Time,300.8314,DronePosition,-110.239,4.977815,-107.379,1.34,CameraPosition,-103.2018,1.736046,-107.3712,CameraRotation,338.6554,265.6284,354.6008,CurrentState,Return,Slider,95,Scenario,1
ID,8,Time,300.8452,DronePosition,-110.239,4.996327,-107.379,1.34,CameraPosition,-103.2018,1.73614,-107.3712,CameraRotation,338.5934,265.5627,354.6059,CurrentState,Return,Slider,95,Scenario,1
ID,8,Time,300.859,DronePosition,-110.239,5.014845,-107.379,1.34,CameraPosition,-103.2018,1.736237,-107.3712,CameraRotation,338.5148,265.5086,354.6147,CurrentState,Return,Slider,95,Scenario,1
ID,8,Time,300.8735,DronePosition,-110.239,5.034292,-107.379,1.34,CameraPosition,-103.2018,1.736346,-107.3712,CameraRotation,338.4188,265.4553,354.6151,CurrentState,Return,Slider,95,Scenario,1
ID,8,Time,300.887,DronePosition,-110.239,5.05238,-107.379,1.34,CameraPosition,-103.2019,1.736484,-107.3712,CameraRotation,338.317,265.3979,354.6006,CurrentState,Return,Slider,95,Scenario,1
ID,8,Time,300.9014,DronePosition,-110.239,5.071615,-107.379,1.34,CameraPosition,-103.2019,1.73664,-107.3712,CameraRotation,338.2,265.3607,354.5816,CurrentState,Return,Slider,95,Scenario,1
ID,8,Time,300.9149,DronePosition,-110.239,5.08983,-107.379,1.34,CameraPosition,-103.2019,1.736817,-107.3712,CameraRotation,338.089,265.3114,354.5558,CurrentState,Return,Slider,95,Scenario,1
ID,8,Time,300.9287,DronePosition,-110.239,5.108327,-107.379,1.34,CameraPosition,-103.2019,1.736971,-107.3713,CameraRotation,337.9908,265.2614,354.5621,CurrentState,Return,Slider,95,Scenario,1
ID,8,Time,300.9424,DronePosition,-110.239,5.126611,-107.379,1.34,CameraPosition,-103.2018,1.737085,-107.3713,CameraRotation,337.9162,265.2128,354.5714,CurrentState,Return,Slider,95,Scenario,1
ID,8,Time,300.9565,DronePosition,-110.239,5.145494,-107.379,1.34,CameraPosition,-103.2018,1.737178,-107.3713,CameraRotation,337.8622,265.1529,354.5783,CurrentState,Return,Slider,95,Scenario,1
ID,8,Time,300.9705,DronePosition,-110.239,5.164221,-107.379,1.34,CameraPosition,-103.2018,1.737249,-107.3713,CameraRotation,337.8165,265.1201,354.5865,CurrentState,Return,Slider,95,Scenario,1
ID,8,Time,300.9844,DronePosition,-110.239,5.182851,-107.379,1.34,CameraPosition,-103.2017,1.737318,-107.3714,CameraRotation,337.7672,265.0887,354.5797,CurrentState,Return,Slider,95,Scenario,1
ID,8,Time,300.9985,DronePosition,-110.239,5.201814,-107.379,1.34,CameraPosition,-103.2017,1.737393,-107.3714,CameraRotation,337.7002,265.0795,354.5715,CurrentState,Return,Slider,95,Scenario,1
ID,8,Time,301.0123,DronePosition,-110.239,5.220324,-107.379,1.34,CameraPosition,-103.2016,1.737463,-107.3714,CameraRotation,337.6321,265.0706,354.5862,CurrentState,Return,Slider,95,Scenario,1
ID,8,Time,301.0262,DronePosition,-110.239,5.238884,-107.379,1.34,CameraPosition,-103.2016,1.737492,-107.3714,CameraRotation,337.5586,265.084,354.6006,CurrentState,Return,Slider,95,Scenario,1
ID,8,Time,301.04,DronePosition,-110.239,5.257434,-107.379,1.34,CameraPosition,-103.2015,1.737527,-107.3714,CameraRotation,337.4857,265.0954,354.6312,CurrentState,Return,Slider,95,Scenario,1
ID,8,Time,301.054,DronePosition,-110.239,5.276195,-107.379,1.34,CameraPosition,-103.2015,1.737598,-107.3713,CameraRotation,337.4046,265.1146,354.6438,CurrentState,Return,Slider,95,Scenario,1
ID,8,Time,301.0682,DronePosition,-110.239,5.295197,-107.379,1.34,CameraPosition,-103.2014,1.737734,-107.3713,CameraRotation,337.3187,265.1298,354.6401,CurrentState,Return,Slider,95,Scenario,1
ID,8,Time,301.0821,DronePosition,-110.239,5.313843,-107.379,1.34,CameraPosition,-103.2013,1.737872,-107.3713,CameraRotation,337.2366,265.1376,354.6629,CurrentState,Return,Slider,95,Scenario,1
ID,8,Time,301.0959,DronePosition,-110.239,5.33236,-107.379,1.34,CameraPosition,-103.2013,1.738009,-107.3713,CameraRotation,337.1507,265.1283,354.7134,CurrentState,Return,Slider,95,Scenario,1
ID,8,Time,301.1095,DronePosition,-110.239,5.350578,-107.379,1.34,CameraPosition,-103.2012,1.738139,-107.3713,CameraRotation,337.0677,265.1244,354.7648,CurrentState,Return,Slider,95,Scenario,1
ID,8,Time,301.1237,DronePosition,-110.239,5.369528,-107.379,1.34,CameraPosition,-103.2012,1.738301,-107.3714,CameraRotation,336.9707,265.1284,354.7657,CurrentState,Return,Slider,95,Scenario,1
ID,8,Time,301.1375,DronePosition,-110.239,5.388115,-107.379,1.34,CameraPosition,-103.2011,1.738478,-107.3715,CameraRotation,336.8428,265.1296,354.7235,CurrentState,Return,Slider,95,Scenario,1
ID,8,Time,301.1515,DronePosition,-110.239,5.40674,-107.379,1.34,CameraPosition,-103.2011,1.73868,-107.3716,CameraRotation,336.7155,265.0865,354.7025,CurrentState,Return,Slider,95,Scenario,1
ID,8,Time,301.1656,DronePosition,-110.239,5.425785,-107.379,1.34,CameraPosition,-103.201,1.73886,-107.3717,CameraRotation,336.6027,265.0279,354.7437,CurrentState,Return,Slider,95,Scenario,1
ID,8,Time,301.179,DronePosition,-110.239,5.443739,-107.379,1.34,CameraPosition,-103.201,1.739015,-107.3718,CameraRotation,336.5064,264.9312,354.8351,CurrentState,Return,Slider,95,Scenario,1
ID,8,Time,301.1934,DronePosition,-110.239,5.462955,-107.379,1.34,CameraPosition,-103.2009,1.739106,-107.3719,CameraRotation,336.3981,264.8445,354.9125,CurrentState,Return,Slider,95,Scenario,1
ID,8,Time,301.2072,DronePosition,-110.239,5.481405,-107.379,1.34,CameraPosition,-103.2009,1.73918,-107.3719,CameraRotation,336.2857,264.768,354.9468,CurrentState,Return,Slider,95,Scenario,1
ID,8,Time,301.221,DronePosition,-110.239,5.499932,-107.379,1.34,CameraPosition,-103.2008,1.739298,-107.372,CameraRotation,336.1694,264.6975,354.9509,CurrentState,Return,Slider,95,Scenario,1
ID,8,Time,301.2349,DronePosition,-110.239,5.518593,-107.379,1.34,CameraPosition,-103.2007,1.739433,-107.3721,CameraRotation,336.0604,264.6335,354.9541,CurrentState,Return,Slider,95,Scenario,1
ID,8,Time,301.2488,DronePosition,-110.239,5.537246,-107.379,1.34,CameraPosition,-103.2007,1.739571,-107.3722,CameraRotation,335.9481,264.568,354.9676,CurrentState,Return,Slider,95,Scenario,1
ID,8,Time,301.2628,DronePosition,-110.239,5.555935,-107.379,1.34,CameraPosition,-103.2006,1.739734,-107.3722,CameraRotation,335.8385,264.5102,354.989,CurrentState,Return,Slider,95,Scenario,1
ID,8,Time,301.2771,DronePosition,-110.239,5.575116,-107.379,1.34,CameraPosition,-103.2005,1.739951,-107.3721,CameraRotation,335.7194,264.4665,355.0006,CurrentState,Return,Slider,95,Scenario,1
ID,8,Time,301.2909,DronePosition,-110.239,5.593621,-107.379,1.34,CameraPosition,-103.2004,1.740168,-107.3721,CameraRotation,335.5632,264.4457,354.998,CurrentState,Return,Slider,95,Scenario,1
ID,8,Time,301.3045,DronePosition,-110.239,5.611851,-107.379,1.34,CameraPosition,-103.2004,1.740319,-107.372,CameraRotation,335.4171,264.4391,354.9691,CurrentState,Return,Slider,95,Scenario,1
ID,8,Time,301.3191,DronePosition,-110.239,5.631356,-107.379,1.34,CameraPosition,-103.2003,1.740425,-107.3719,CameraRotation,335.3008,264.4376,354.9322,CurrentState,Return,Slider,95,Scenario,1
ID,8,Time,301.3328,DronePosition,-110.239,5.64975,-107.379,1.34,CameraPosition,-103.2002,1.740494,-107.3718,CameraRotation,335.2075,264.4657,354.8735,CurrentState,Return,Slider,95,Scenario,1
ID,8,Time,301.347,DronePosition,-110.239,5.668845,-107.379,1.34,CameraPosition,-103.2001,1.740529,-107.3717,CameraRotation,335.1018,264.5128,354.8114,CurrentState,Return,Slider,96,Scenario,1
ID,8,Time,301.3603,DronePosition,-110.239,5.686605,-107.379,1.34,CameraPosition,-103.2,1.740613,-107.3715,CameraRotation,335.0049,264.5828,354.7287,CurrentState,Return,Slider,96,Scenario,1
ID,8,Time,301.374,DronePosition,-110.239,5.704948,-107.379,1.34,CameraPosition,-103.1999,1.740756,-107.3713,CameraRotation,334.8859,264.6634,354.6487,CurrentState,Return,Slider,96,Scenario,1
ID,8,Time,301.3882,DronePosition,-110.239,5.724009,-107.379,1.34,CameraPosition,-103.1999,1.74095,-107.3712,CameraRotation,334.7273,264.7319,354.6175,CurrentState,Return,Slider,96,Scenario,1
ID,8,Time,301.4021,DronePosition,-110.239,5.742632,-107.379,1.34,CameraPosition,-103.1999,1.74112,-107.371,CameraRotation,334.5694,264.7819,354.6267,CurrentState,Return,Slider,96,Scenario,1
ID,8,Time,301.4161,DronePosition,-110.239,5.761396,-107.379,1.34,CameraPosition,-103.1998,1.741215,-107.3708,CameraRotation,334.4417,264.8391,354.6611,CurrentState,Return,Slider,96,Scenario,1
ID,8,Time,301.4301,DronePosition,-110.239,5.780182,-107.379,1.34,CameraPosition,-103.1998,1.741336,-107.3707,CameraRotation,334.3762,264.9114,354.6367,CurrentState,Return,Slider,96,Scenario,1
ID,8,Time,301.4438,DronePosition,-110.239,5.798571,-107.379,1.34,CameraPosition,-103.1997,1.741467,-107.3705,CameraRotation,334.2866,265.006,354.5673,CurrentState,Return,Slider,97,Scenario,1
ID,8,Time,301.4577,DronePosition,-110.239,5.817109,-107.379,1.34,CameraPosition,-103.1997,1.741631,-107.3704,CameraRotation,334.1657,265.1016,354.5063,CurrentState,Return,Slider,97,Scenario,1
ID,8,Time,301.4716,DronePosition,-110.239,5.83579,-107.379,1.34,CameraPosition,-103.1997,1.741819,-107.3702,CameraRotation,334.0175,265.1665,354.4808,CurrentState,Return,Slider,97,Scenario,1
ID,8,Time,301.4855,DronePosition,-110.239,5.854321,-107.379,1.34,CameraPosition,-103.1997,1.742001,-107.37,CameraRotation,333.8844,265.2205,354.4695,CurrentState,Return,Slider,97,Scenario,1
ID,8,Time,301.4999,DronePosition,-110.239,5.873635,-107.379,1.34,CameraPosition,-103.1998,1.742134,-107.3699,CameraRotation,333.7585,265.2621,354.4574,CurrentState,Return,Slider,97,Scenario,1
ID,8,Time,301.5138,DronePosition,-110.239,5.89229,-107.379,1.34,CameraPosition,-103.1998,1.742213,-107.3697,CameraRotation,333.6728,265.3036,354.433,CurrentState,Return,Slider,97,Scenario,1
ID,8,Time,301.5274,DronePosition,-110.239,5.910509,-107.379,1.34,CameraPosition,-103.1998,1.742293,-107.3695,CameraRotation,333.6046,265.3524,354.3999,CurrentState,Return,Slider,97,Scenario,1
ID,8,Time,301.5411,DronePosition,-110.239,5.928917,-107.379,1.34,CameraPosition,-103.1998,1.742405,-107.3693,CameraRotation,333.5358,265.3948,354.3562,CurrentState,Return,Slider,98,Scenario,1
ID,8,Time,301.5552,DronePosition,-110.239,5.947737,-107.379,1.34,CameraPosition,-103.1999,1.742557,-107.3692,CameraRotation,333.4467,265.4246,354.3242,CurrentState,Return,Slider,98,Scenario,1
ID,8,Time,301.5694,DronePosition,-110.239,5.966833,-107.379,1.34,CameraPosition,-103.1999,1.742744,-107.369,CameraRotation,333.3328,265.4404,354.302,CurrentState,Return,Slider,98,Scenario,1
ID,8,Time,301.5833,DronePosition,-110.239,5.98538,-107.379,1.34,CameraPosition,-103.1999,1.742949,-107.3689,CameraRotation,333.186,265.4773,354.2537,CurrentState,Return,Slider,98,Scenario,1
ID,8,Time,301.5972,DronePosition,-110.239,6.004048,-107.379,1.34,CameraPosition,-103.1999,1.743133,-107.3687,CameraRotation,333.0472,265.5034,354.1897,CurrentState,Return,Slider,98,Scenario,1
ID,8,Time,301.6109,DronePosition,-110.239,6.022385,-107.379,1.34,CameraPosition,-103.1999,1.74329,-107.3685,CameraRotation,332.9111,265.5295,354.1226,CurrentState,Return,Slider,98,Scenario,1
ID,8,Time,301.625,DronePosition,-110.239,6.041331,-107.379,1.34,CameraPosition,-103.1999,1.74345,-107.3684,CameraRotation,332.7406,265.5398,354.0529,CurrentState,Return,Slider,98,Scenario,1
ID,8,Time,301.6386,DronePosition,-110.239,6.059549,-107.379,1.34,CameraPosition,-103.1999,1.743626,-107.3682,CameraRotation,332.5753,265.5569,353.9974,CurrentState,Return,Slider,98,Scenario,1
ID,8,Time,301.6527,DronePosition,-110.239,6.078433,-107.379,1.34,CameraPosition,-103.1999,1.74381,-107.3681,CameraRotation,332.4244,265.5506,353.9475,CurrentState,Return,Slider,100,Scenario,1
ID,8,Time,301.6671,DronePosition,-110.239,6.097645,-107.379,1.34,CameraPosition,-103.1999,1.744007,-107.3679,CameraRotation,332.2863,265.54,353.9189,CurrentState,Return,Slider,100,Scenario,1
ID,8,Time,301.6807,DronePosition,-110.239,6.115899,-107.379,1.34,CameraPosition,-103.1999,1.744209,-107.3677,CameraRotation,332.1592,265.5263,353.8794,CurrentState,Return,Slider,100,Scenario,1
ID,8,Time,301.6949,DronePosition,-110.239,6.134999,-107.379,1.34,CameraPosition,-103.2,1.744376,-107.3675,CameraRotation,332.0405,265.5351,353.8107,CurrentState,Return,Slider,100,Scenario,1
ID,8,Time,301.7095,DronePosition,-110.239,6.154552,-107.379,1.34,CameraPosition,-103.2,1.74447,-107.3674,CameraRotation,331.9642,265.5187,353.7648,CurrentState,Return,Slider,100,Scenario,1
ID,8,Time,301.7224,DronePosition,-110.239,6.17174,-107.379,1.34,CameraPosition,-103.2,1.744548,-107.3672,CameraRotation,331.8871,265.5105,353.739,CurrentState,Return,Slider,100,Scenario,1
ID,8,Time,301.7377,DronePosition,-110.239,6.192323,-107.379,1.34,CameraPosition,-103.2,1.744622,-107.367,CameraRotation,331.811,265.484,353.7379,CurrentState,Return,Slider,100,Scenario,1
ID,8,Time,301.7505,DronePosition,-110.239,6.209529,-107.379,1.34,CameraPosition,-103.2,1.744742,-107.3669,CameraRotation,331.6974,265.4714,353.7129,CurrentState,Return,Slider,100,Scenario,1
ID,8,Time,301.7643,DronePosition,-110.239,6.227996,-107.379,1.34,CameraPosition,-103.2001,1.744932,-107.3667,CameraRotation,331.5546,265.4849,353.6294,CurrentState,Return,Slider,100,Scenario,1
ID,8,Time,301.7781,DronePosition,-110.239,6.246466,-107.379,1.34,CameraPosition,-103.2001,1.745144,-107.3665,CameraRotation,331.4135,265.5061,353.5659,CurrentState,Return,Slider,100,Scenario,1
ID,8,Time,301.792,DronePosition,-110.239,6.265024,-107.379,1.34,CameraPosition,-103.2001,1.745352,-107.3663,CameraRotation,331.3045,265.5197,353.5308,CurrentState,Return,Slider,100,Scenario,1
ID,8,Time,301.8059,DronePosition,-110.239,6.283702,-107.379,1.34,CameraPosition,-103.2001,1.745487,-107.3661,CameraRotation,331.2238,265.5316,353.5012,CurrentState,Return,Slider,100,Scenario,1
ID,8,Time,301.8201,DronePosition,-110.239,6.302716,-107.379,1.34,CameraPosition,-103.2,1.745532,-107.3659,CameraRotation,331.1919,265.5339,353.4553,CurrentState,Return,Slider,100,Scenario,1
ID,8,Time,301.8338,DronePosition,-110.239,6.321084,-107.379,1.34,CameraPosition,-103.2,1.745485,-107.3657,CameraRotation,331.1646,265.5288,353.4215,CurrentState,Return,Slider,100,Scenario,1
ID,8,Time,301.8476,DronePosition,-110.239,6.33961,-107.379,1.34,CameraPosition,-103.2,1.745452,-107.3654,CameraRotation,331.1162,265.5161,353.4042,CurrentState,Return,Slider,100,Scenario,1
ID,8,Time,301.8619,DronePosition,-110.239,6.358754,-107.379,1.34,CameraPosition,-103.1999,1.745449,-107.3653,CameraRotation,331.0562,265.5066,353.3953,CurrentState,Return,Slider,100,Scenario,1
ID,8,Time,301.8755,DronePosition,-110.239,6.376906,-107.379,1.34,CameraPosition,-103.1999,1.745452,-107.3651,CameraRotation,331.0039,265.4985,353.3689,CurrentState,Return,Slider,100,Scenario,1
ID,8,Time,301.8892,DronePosition,-110.239,6.395347,-107.379,1.34,CameraPosition,-103.1998,1.745452,-107.3649,CameraRotation,330.9736,265.4915,353.3314,CurrentState,Return,Slider,100,Scenario,1
ID,8,Time,301.9034,DronePosition,-110.239,6.414424,-107.379,1.34,CameraPosition,-103.1997,1.745439,-107.3648,CameraRotation,330.9719,265.4799,353.3013,CurrentState,Return,Slider,100,Scenario,1
ID,8,Time,301.9177,DronePosition,-110.239,6.43351,-107.379,1.34,CameraPosition,-103.1997,1.745412,-107.3647,CameraRotation,330.943,265.4637,353.2618,CurrentState,Return,Slider,100,Scenario,1
ID,8,Time,301.9317,DronePosition,-110.239,6.452268,-107.379,1.34,CameraPosition,-103.1996,1.745371,-107.3645,CameraRotation,330.9079,265.4513,353.2201,CurrentState,Return,Slider,100,Scenario,1
ID,8,Time,301.9452,DronePosition,-110.239,6.470327,-107.379,1.34,CameraPosition,-103.1995,1.745357,-107.3644,CameraRotation,330.8699,265.438,353.183,CurrentState,Return,Slider,100,Scenario,1
ID,8,Time,301.959,DronePosition,-110.239,6.488932,-107.379,1.34,CameraPosition,-103.1993,1.745366,-107.3643,CameraRotation,330.8286,265.4309,353.1308,CurrentState,Return,Slider,100,Scenario,1
ID,8,Time,301.9731,DronePosition,-110.239,6.507823,-107.379,1.34,CameraPosition,-103.1992,1.74538,-107.3641,CameraRotation,330.786,265.4303,353.0688,CurrentState,Return,Slider,100,Scenario,1
ID,8,Time,301.987,DronePosition,-110.239,6.526322,-107.379,1.34,CameraPosition,-103.199,1.745366,-107.3639,CameraRotation,330.7428,265.4309,353.0388,CurrentState,Return,Slider,100,Scenario,1
ID,8,Time,302.0009,DronePosition,-110.239,6.545005,-107.379,1.34,CameraPosition,-103.1988,1.745358,-107.3637,CameraRotation,330.6969,265.4144,353.0205,CurrentState,Return,Slider,100,Scenario,1
ID,8,Time,302.015,DronePosition,-110.239,6.563901,-107.379,1.34,CameraPosition,-103.1986,1.745382,-107.3636,CameraRotation,330.6548,265.4098,353.0129,CurrentState,Return,Slider,100,Scenario,1
ID,8,Time,302.0286,DronePosition,-110.239,6.582079,-107.379,1.34,CameraPosition,-103.1985,1.745416,-107.3635,CameraRotation,330.5879,265.4048,353.0119,CurrentState,Return,Slider,100,Scenario,1
ID,8,Time,302.0428,DronePosition,-110.239,6.601079,-107.379,1.34,CameraPosition,-103.1983,1.745466,-107.3633,CameraRotation,330.5188,265.4082,352.9827,CurrentState,Return,Slider,100,Scenario,1
ID,8,Time,302.0564,DronePosition,-110.239,6.619388,-107.379,1.34,CameraPosition,-103.1981,1.745509,-107.3632,CameraRotation,330.4564,265.4187,352.9408,CurrentState,Return,Slider,100,Scenario,1
ID,8,Time,302.0705,DronePosition,-110.239,6.638259,-107.379,1.34,CameraPosition,-103.1979,1.745549,-107.3631,CameraRotation,330.4075,265.4254,352.9168,CurrentState,Return,Slider,100,Scenario,1
ID,8,Time,302.0848,DronePosition,-110.239,6.657494,-107.379,1.34,CameraPosition,-103.1978,1.74558,-107.3631,CameraRotation,330.3411,265.42,352.9145,CurrentState,Return,Slider,100,Scenario,1
ID,8,Time,302.0983,DronePosition,-110.239,6.675472,-107.379,1.34,CameraPosition,-103.1976,1.74564,-107.3631,CameraRotation,330.2785,265.3997,352.9028,CurrentState,Return,Slider,100,Scenario,1
ID,8,Time,302.1124,DronePosition,-110.239,6.694414,-107.379,1.34,CameraPosition,-103.1975,1.745687,-107.3631,CameraRotation,330.2118,265.3524,352.9219,CurrentState,Return,Slider,100,Scenario,1
ID,8,Time,302.1267,DronePosition,-110.239,6.713596,-107.379,1.34,CameraPosition,-103.1973,1.745733,-107.3631,CameraRotation,330.1626,265.2964,352.961,CurrentState,Return,Slider,100,Scenario,1
ID,8,Time,302.1399,DronePosition,-110.239,6.731316,-107.379,1.34,CameraPosition,-103.1972,1.745743,-107.3631,CameraRotation,330.1114,265.2285,353.0136,CurrentState,Return,Slider,100,Scenario,1
ID,8,Time,302.1543,DronePosition,-110.239,6.750525,-107.379,1.34,CameraPosition,-103.197,1.745731,-107.3631,CameraRotation,330.0889,265.1734,353.0381,CurrentState,Return,Slider,100,Scenario,1
ID,8,Time,302.168,DronePosition,-110.239,6.768943,-107.379,1.34,CameraPosition,-103.1969,1.745722,-107.3631,CameraRotation,330.0657,265.1232,353.0452,CurrentState,Return,Slider,100,Scenario,1
ID,8,Time,302.1819,DronePosition,-110.239,6.787591,-107.379,1.34,CameraPosition,-103.1968,1.74576,-107.3631,CameraRotation,330.0435,265.0653,353.0526,CurrentState,Return,Slider,100,Scenario,1
ID,8,Time,302.196,DronePosition,-110.239,6.806408,-107.379,1.34,CameraPosition,-103.1966,1.745816,-107.3631,CameraRotation,330.0056,265.0239,353.067,CurrentState,Return,Slider,100,Scenario,1
ID,8,Time,302.2098,DronePosition,-110.239,6.824922,-107.379,1.34,CameraPosition,-103.1965,1.745865,-107.363,CameraRotation,329.9628,265.0012,353.0648,CurrentState,Return,Slider,100,Scenario,1
ID,8,Time,302.2237,DronePosition,-110.239,6.843594,-107.379,1.34,CameraPosition,-103.1963,1.745895,-107.363,CameraRotation,329.9267,265.0127,353.0265,CurrentState,Return,Slider,100,Scenario,1
ID,8,Time,302.2375,DronePosition,-110.239,6.862117,-107.379,1.34,CameraPosition,-103.1961,1.745928,-107.3629,CameraRotation,329.872,265.0393,352.9818,CurrentState,Return,Slider,100,Scenario,1
ID,8,Time,302.2515,DronePosition,-110.239,6.880846,-107.379,1.34,CameraPosition,-103.196,1.745987,-107.3628,CameraRotation,329.7881,265.0807,352.9271,CurrentState,Return,Slider,100,Scenario,1
ID,8,Time,302.2654,DronePosition,-110.239,6.899415,-107.379,1.34,CameraPosition,-103.1957,1.746074,-107.3627,CameraRotation,329.6947,265.1346,352.888,CurrentState,Return,Slider,100,Scenario,1
ID,8,Time,302.2796,DronePosition,-110.239,6.918438,-107.379,1.34,CameraPosition,-103.1955,1.746114,-107.3626,CameraRotation,329.6016,265.1954,352.8555,CurrentState,Return,Slider,100,Scenario,1
ID,8,Time,302.2935,DronePosition,-110.239,6.937106,-107.379,1.34,CameraPosition,-103.1953,1.746099,-107.3625,CameraRotation,329.5624,265.2576,352.8349,CurrentState,Return,Slider,100,Scenario,1
ID,8,Time,302.3069,DronePosition,-110.239,6.955055,-107.379,1.34,CameraPosition,-103.1952,1.746025,-107.3623,CameraRotation,329.5778,265.3643,352.7824,CurrentState,Return,Slider,100,Scenario,1
ID,8,Time,302.3213,DronePosition,-110.239,6.974293,-107.379,1.34,CameraPosition,-103.195,1.745962,-107.3621,CameraRotation,329.6069,265.4803,352.7112,CurrentState,Return,Slider,100,Scenario,1
ID,8,Time,302.3358,DronePosition,-110.239,6.99374,-107.379,1.34,CameraPosition,-103.1948,1.745928,-107.362,CameraRotation,329.5802,265.5972,352.677,CurrentState,Return,Slider,100,Scenario,1
ID,8,Time,302.3498,DronePosition,-110.239,7.012484,-107.379,1.34,CameraPosition,-103.1945,1.745953,-107.3618,CameraRotation,329.5018,265.6915,352.701,CurrentState,Return,Slider,100,Scenario,1
ID,8,Time,302.3631,DronePosition,-110.239,7.029447,-107.379,1.273397,CameraPosition,-103.1943,1.746018,-107.3617,CameraRotation,329.4211,265.7555,352.7379,CurrentState,Return,Slider,100,Scenario,1
ID,8,Time,302.377,DronePosition,-110.239,7.046206,-107.379,1.203788,CameraPosition,-103.1941,1.746094,-107.3615,CameraRotation,329.3405,265.8326,352.7118,CurrentState,Return,Slider,100,Scenario,1
ID,8,Time,302.3907,DronePosition,-110.239,7.061815,-107.379,1.135027,CameraPosition,-103.1937,1.746211,-107.3614,CameraRotation,329.26,265.9202,352.6046,CurrentState,Return,Slider,100,Scenario,1
ID,8,Time,302.4046,DronePosition,-110.239,7.076613,-107.379,1.065587,CameraPosition,-103.1934,1.746354,-107.3613,CameraRotation,329.1496,266.012,352.4751,CurrentState,Hover4,Slider,100,Scenario,1
ID,8,Time,302.4188,DronePosition,-110.239,7.076613,-107.379,0,CameraPosition,-103.1931,1.746508,-107.3611,CameraRotation,329.0356,266.0719,352.3764,CurrentState,Hover4,Slider,100,Scenario,1
ID,8,Time,302.4328,DronePosition,-110.239,7.076613,-107.379,0,CameraPosition,-103.1929,1.74666,-107.361,CameraRotation,328.8946,266.1215,352.2738,CurrentState,Hover4,Slider,100,Scenario,1
ID,8,Time,302.4464,DronePosition,-110.239,7.076613,-107.379,0,CameraPosition,-103.1926,1.74676,-107.3608,CameraRotation,328.7534,266.175,352.1683,CurrentState,Hover4,Slider,100,Scenario,1
ID,8,Time,302.4605,DronePosition,-110.239,7.076613,-107.379,0,CameraPosition,-103.1923,1.746793,-107.3607,CameraRotation,328.6645,266.2322,352.0681,CurrentState,Hover4,Slider,100,Scenario,1
ID,8,Time,302.4742,DronePosition,-110.239,7.076613,-107.379,0,CameraPosition,-103.192,1.74675,-107.3605,CameraRotation,328.6108,266.276,352.0078,CurrentState,Hover4,Slider,100,Scenario,1
ID,8,Time,302.4882,DronePosition,-110.239,7.076613,-107.379,0,CameraPosition,-103.1918,1.746737,-107.3603,CameraRotation,328.5572,266.3079,351.9571,CurrentState,Hover4,Slider,100,Scenario,1
ID,8,Time,302.5023,DronePosition,-110.239,7.076613,-107.379,0,CameraPosition,-103.1914,1.74679,-107.3601,CameraRotation,328.4984,266.3398,351.9246,CurrentState,Hover4,Slider,100,Scenario,1
ID,8,Time,302.5161,DronePosition,-110.239,7.076613,-107.379,0,CameraPosition,-103.1911,1.746881,-107.3599,CameraRotation,328.4214,266.3876,351.886,CurrentState,Hover4,Slider,100,Scenario,1
ID,8,Time,302.5305,DronePosition,-110.239,7.076613,-107.379,0,CameraPosition,-103.1908,1.746984,-107.3597,CameraRotation,328.3448,266.4396,351.8361,CurrentState,Hover4,Slider,100,Scenario,1
ID,8,Time,302.5445,DronePosition,-110.239,7.076613,-107.379,0,CameraPosition,-103.1904,1.747033,-107.3595,CameraRotation,328.2607,266.492,351.7854,CurrentState,Hover4,Slider,100,Scenario,1
ID,8,Time,302.5576,DronePosition,-110.239,7.076613,-107.379,0,CameraPosition,-103.19,1.747035,-107.3593,CameraRotation,328.1898,266.5186,351.7847,CurrentState,Hover4,Slider,100,Scenario,1
ID,8,Time,302.572,DronePosition,-110.239,7.076613,-107.379,0,CameraPosition,-103.1896,1.747048,-107.3591,CameraRotation,328.1124,266.5288,351.7929,CurrentState,Hover4,Slider,100,Scenario,1
ID,8,Time,302.5856,DronePosition,-110.239,7.076613,-107.379,0,CameraPosition,-103.1892,1.747079,-107.3589,CameraRotation,328.0179,266.5638,351.7777,CurrentState,Hover4,Slider,100,Scenario,1
ID,8,Time,302.5997,DronePosition,-110.239,7.076613,-107.379,0,CameraPosition,-103.1889,1.747114,-107.3587,CameraRotation,327.9349,266.6183,351.7049,CurrentState,Hover4,Slider,100,Scenario,1
ID,8,Time,302.6135,DronePosition,-110.239,7.076613,-107.379,0,CameraPosition,-103.1885,1.747163,-107.3585,CameraRotation,327.8745,266.6743,351.6189,CurrentState,Hover4,Slider,100,Scenario,1
ID,8,Time,302.628,DronePosition,-110.239,7.076613,-107.379,0,CameraPosition,-103.1882,1.747241,-107.3582,CameraRotation,327.8087,266.7188,351.5623,CurrentState,Hover4,Slider,100,Scenario,1
ID,8,Time,302.6413,DronePosition,-110.239,7.076613,-107.379,0,CameraPosition,-103.1879,1.747326,-107.358,CameraRotation,327.7188,266.7439,351.5583,CurrentState,Hover4,Slider,100,Scenario,1
ID,8,Time,302.6553,DronePosition,-110.239,7.076613,-107.379,0,CameraPosition,-103.1875,1.747395,-107.3577,CameraRotation,327.602,266.7681,351.5804,CurrentState,Hover4,Slider,100,Scenario,1
ID,8,Time,302.6692,DronePosition,-110.239,7.076613,-107.379,0,CameraPosition,-103.1872,1.747481,-107.3574,CameraRotation,327.4998,266.8198,351.5678,CurrentState,Hover4,Slider,100,Scenario,1
ID,8,Time,302.6833,DronePosition,-110.239,7.076613,-107.379,0,CameraPosition,-103.1868,1.747549,-107.3571,CameraRotation,327.3846,266.8994,351.5233,CurrentState,Hover4,Slider,100,Scenario,1
ID,8,Time,302.6973,DronePosition,-110.239,7.076613,-107.379,0,CameraPosition,-103.1864,1.747615,-107.3568,CameraRotation,327.2865,266.9875,351.4602,CurrentState,Hover4,Slider,100,Scenario,1
ID,8,Time,302.7117,DronePosition,-110.239,7.076613,-107.379,0,CameraPosition,-103.186,1.747624,-107.3565,CameraRotation,327.1857,267.0674,351.4016,CurrentState,Hover4,Slider,100,Scenario,1
ID,8,Time,302.7248,DronePosition,-110.239,7.076613,-107.379,0,CameraPosition,-103.1856,1.747599,-107.3563,CameraRotation,327.1126,267.1181,351.3683,CurrentState,Hover4,Slider,100,Scenario,1
ID,8,Time,302.7387,DronePosition,-110.239,7.076613,-107.379,0,CameraPosition,-103.1853,1.747615,-107.356,CameraRotation,327.0488,267.1747,351.3304,CurrentState,Hover4,Slider,100,Scenario,1
ID,8,Time,302.7542,DronePosition,-110.239,7.076613,-107.379,0,CameraPosition,-103.1849,1.747651,-107.3557,CameraRotation,326.9781,267.2234,351.2971,CurrentState,Hover4,Slider,100,Scenario,1
ID,8,Time,302.7669,DronePosition,-110.239,7.076613,-107.379,0,CameraPosition,-103.1846,1.747684,-107.3554,CameraRotation,326.9208,267.2501,351.275,CurrentState,Hover4,Slider,100,Scenario,1
ID,8,Time,302.7806,DronePosition,-110.239,7.076613,-107.379,0,CameraPosition,-103.1843,1.747692,-107.3552,CameraRotation,326.8857,267.2714,351.2581,CurrentState,Hover4,Slider,100,Scenario,1
ID,8,Time,302.7947,DronePosition,-110.239,7.076613,-107.379,0,CameraPosition,-103.184,1.747651,-107.355,CameraRotation,326.8888,267.2751,351.277,CurrentState,Hover4,Slider,100,Scenario,1
ID,8,Time,302.8083,DronePosition,-110.239,7.076613,-107.379,0,CameraPosition,-103.1837,1.747619,-107.3547,CameraRotation,326.8936,267.2598,351.3039,CurrentState,Hover4,Slider,100,Scenario,1
ID,8,Time,302.8221,DronePosition,-110.239,7.076613,-107.379,0,CameraPosition,-103.1835,1.747631,-107.3545,CameraRotation,326.8562,267.2527,351.312,CurrentState,Hover4,Slider,100,Scenario,1
ID,8,Time,302.8366,DronePosition,-110.239,7.076613,-107.379,0,CameraPosition,-103.1832,1.747673,-107.3543,CameraRotation,326.7998,267.2559,351.3036,CurrentState,Hover4,Slider,100,Scenario,1
ID,8,Time,302.8503,DronePosition,-110.239,7.076613,-107.379,0,CameraPosition,-103.183,1.747715,-107.354,CameraRotation,326.7374,267.2456,351.2995,CurrentState,Hover4,Slider,100,Scenario,1
ID,8,Time,302.8643,DronePosition,-110.239,7.076613,-107.379,0,CameraPosition,-103.1826,1.747713,-107.3538,CameraRotation,326.6964,267.2342,351.2966,CurrentState,Hover4,Slider,100,Scenario,1
ID,8,Time,302.8779,DronePosition,-110.239,7.076613,-107.379,0,CameraPosition,-103.1823,1.747686,-107.3536,CameraRotation,326.697,267.2184,351.302,CurrentState,Hover4,Slider,100,Scenario,1
ID,8,Time,302.8919,DronePosition,-110.239,7.076613,-107.379,0,CameraPosition,-103.182,1.747687,-107.3533,CameraRotation,326.7133,267.2122,351.321,CurrentState,Hover4,Slider,100,Scenario,1
ID,8,Time,302.9057,DronePosition,-110.239,7.076613,-107.379,0,CameraPosition,-103.1816,1.747726,-107.353,CameraRotation,326.6846,267.2028,351.3313,CurrentState,Hover4,Slider,100,Scenario,1
ID,8,Time,302.9198,DronePosition,-110.239,7.076613,-107.379,0,CameraPosition,-103.1813,1.747797,-107.3528,CameraRotation,326.6257,267.2132,351.3127,CurrentState,Hover4,Slider,100,Scenario,1
ID,8,Time,302.9341,DronePosition,-110.239,7.076613,-107.379,0,CameraPosition,-103.1809,1.747887,-107.3525,CameraRotation,326.5486,267.2421,351.2475,CurrentState,Hover4,Slider,100,Scenario,1
ID,8,Time,302.9479,DronePosition,-110.239,7.076613,-107.379,0,CameraPosition,-103.1806,1.747897,-107.3522,CameraRotation,326.4787,267.2623,351.1949,CurrentState,Hover4,Slider,100,Scenario,1
ID,8,Time,302.9621,DronePosition,-110.239,7.076613,-107.379,0,CameraPosition,-103.1803,1.747828,-107.3519,CameraRotation,326.42,267.2596,351.1951,CurrentState,Hover4,Slider,100,Scenario,1
ID,8,Time,302.9755,DronePosition,-110.239,7.076613,-107.379,0,CameraPosition,-103.1799,1.747773,-107.3516,CameraRotation,326.4004,267.2295,351.2545,CurrentState,Hover4,Slider,100,Scenario,1
ID,8,Time,302.9894,DronePosition,-110.239,7.076613,-107.379,0,CameraPosition,-103.1796,1.747756,-107.3513,CameraRotation,326.3523,267.2184,351.2737,CurrentState,Hover4,Slider,100,Scenario,1
ID,8,Time,303.0033,DronePosition,-110.239,7.076613,-107.379,0,CameraPosition,-103.1792,1.74777,-107.3509,CameraRotation,326.2797,267.2239,351.2503,CurrentState,Hover4,Slider,100,Scenario,1
ID,8,Time,303.0173,DronePosition,-110.239,7.076613,-107.379,0,CameraPosition,-103.1789,1.747795,-107.3506,CameraRotation,326.2155,267.2395,351.2088,CurrentState,Hover4,Slider,100,Scenario,1
ID,8,Time,303.0315,DronePosition,-110.239,7.076613,-107.379,0,CameraPosition,-103.1785,1.74778,-107.3504,CameraRotation,326.1883,267.2504,351.1796,CurrentState,Hover4,Slider,100,Scenario,1
ID,8,Time,303.0453,DronePosition,-110.239,7.076613,-107.379,0,CameraPosition,-103.1782,1.74774,-107.3502,CameraRotation,326.2105,267.2498,351.1319,CurrentState,Hover4,Slider,100,Scenario,1
ID,8,Time,303.0592,DronePosition,-110.239,7.076613,-107.379,0,CameraPosition,-103.1779,1.747706,-107.3499,CameraRotation,326.2335,267.2429,351.0925,CurrentState,Hover4,Slider,100,Scenario,1
ID,8,Time,303.073,DronePosition,-110.239,7.076613,-107.379,0,CameraPosition,-103.1777,1.74765,-107.3497,CameraRotation,326.2143,267.2395,351.0755,CurrentState,Hover4,Slider,100,Scenario,1
ID,8,Time,303.0869,DronePosition,-110.239,7.076613,-107.379,0,CameraPosition,-103.1775,1.747557,-107.3494,CameraRotation,326.2091,267.2142,351.097,CurrentState,Hover4,Slider,100,Scenario,1
ID,8,Time,303.101,DronePosition,-110.239,7.076613,-107.379,0,CameraPosition,-103.1773,1.747454,-107.3492,CameraRotation,326.2197,267.1908,351.1179,CurrentState,Hover4,Slider,100,Scenario,1
ID,8,Time,303.1148,DronePosition,-110.239,7.076613,-107.379,0,CameraPosition,-103.1771,1.74739,-107.3489,CameraRotation,326.2285,267.1783,351.1139,CurrentState,Hover4,Slider,100,Scenario,1
ID,8,Time,303.129,DronePosition,-110.239,7.076613,-107.379,0,CameraPosition,-103.177,1.747398,-107.3486,CameraRotation,326.2088,267.1989,351.076,CurrentState,Hover4,Slider,100,Scenario,1
ID,8,Time,303.1427,DronePosition,-110.239,7.076613,-107.379,0,CameraPosition,-103.1768,1.747451,-107.3483,CameraRotation,326.1684,267.2145,351.0524,CurrentState,Hover4,Slider,100,Scenario,1
ID,8,Time,303.1565,DronePosition,-110.239,7.076613,-107.379,0,CameraPosition,-103.1767,1.747504,-107.3481,CameraRotation,326.1464,267.1987,351.0583,CurrentState,Hover4,Slider,100,Scenario,1
ID,8,Time,303.1707,DronePosition,-110.239,7.076613,-107.379,0,CameraPosition,-103.1766,1.747492,-107.3478,CameraRotation,326.1543,267.1683,351.0852,CurrentState,Hover4,Slider,100,Scenario,1
ID,8,Time,303.1846,DronePosition,-110.239,7.076613,-107.379,0,CameraPosition,-103.1765,1.747444,-107.3475,CameraRotation,326.202,267.1607,351.099,CurrentState,Hover4,Slider,100,Scenario,1
ID,8,Time,303.1984,DronePosition,-110.239,7.076613,-107.379,0,CameraPosition,-103.1763,1.747392,-107.3473,CameraRotation,326.2574,267.1779,351.0841,CurrentState,Hover4,Slider,100,Scenario,1
ID,8,Time,303.2123,DronePosition,-110.239,7.076613,-107.379,0,CameraPosition,-103.1762,1.747374,-107.347,CameraRotation,326.2819,267.2143,351.0381,CurrentState,Hover4,Slider,100,Scenario,1
ID,8,Time,303.2259,DronePosition,-110.239,7.076613,-107.379,0,CameraPosition,-103.1762,1.747388,-107.3467,CameraRotation,326.2574,267.2318,351.012,CurrentState,Hover4,Slider,100,Scenario,1
ID,8,Time,303.2399,DronePosition,-110.239,7.076613,-107.379,0,CameraPosition,-103.1761,1.747416,-107.3464,CameraRotation,326.2173,267.2438,351.0084,CurrentState,Hover4,Slider,100,Scenario,1
ID,8,Time,303.2541,DronePosition,-110.239,7.076613,-107.379,0,CameraPosition,-103.176,1.747441,-107.3461,CameraRotation,326.194,267.2599,351.0181,CurrentState,Hover4,Slider,100,Scenario,1
ID,8,Time,303.2681,DronePosition,-110.239,7.076613,-107.379,0,CameraPosition,-103.176,1.747429,-107.3457,CameraRotation,326.1895,267.2799,351.0061,CurrentState,Hover4,Slider,100,Scenario,1
ID,8,Time,303.2819,DronePosition,-110.239,7.076613,-107.379,0,CameraPosition,-103.176,1.747408,-107.3454,CameraRotation,326.2159,267.2975,350.9696,CurrentState,Hover4,Slider,100,Scenario,1
ID,8,Time,303.296,DronePosition,-110.239,7.076613,-107.379,0,CameraPosition,-103.1761,1.74739,-107.3451,CameraRotation,326.2388,267.3029,350.933,CurrentState,Hover4,Slider,100,Scenario,1
ID,8,Time,303.3096,DronePosition,-110.239,7.076613,-107.379,0,CameraPosition,-103.1761,1.7474,-107.3448,CameraRotation,326.2193,267.2881,350.9415,CurrentState,Hover4,Slider,100,Scenario,1
ID,8,Time,303.3234,DronePosition,-110.239,7.076613,-107.379,0,CameraPosition,-103.1761,1.747456,-107.3445,CameraRotation,326.1876,267.2815,350.9522,CurrentState,Hover4,Slider,100,Scenario,1
ID,8,Time,303.3376,DronePosition,-110.239,7.076613,-107.379,0,CameraPosition,-103.1762,1.747523,-107.3442,CameraRotation,326.1573,267.2889,350.949,CurrentState,Hover4,Slider,100,Scenario,1
ID,8,Time,303.3517,DronePosition,-110.239,7.076613,-107.379,0,CameraPosition,-103.1762,1.747552,-107.3438,CameraRotation,326.1746,267.3093,350.9554,CurrentState,Hover4,Slider,100,Scenario,1
ID,8,Time,303.3653,DronePosition,-110.239,7.076613,-107.379,0,CameraPosition,-103.1763,1.747542,-107.3435,CameraRotation,326.2367,267.3097,350.9675,CurrentState,Hover4,Slider,100,Scenario,1
ID,8,Time,303.3797,DronePosition,-110.239,7.076613,-107.379,0,CameraPosition,-103.1764,1.747501,-107.3432,CameraRotation,326.3211,267.3123,350.9644,CurrentState,Hover4,Slider,100,Scenario,1
ID,8,Time,303.3935,DronePosition,-110.239,7.076613,-107.379,0,CameraPosition,-103.1766,1.747466,-107.3428,CameraRotation,326.3983,267.313,350.9604,CurrentState,Hover4,Slider,100,Scenario,1
ID,8,Time,303.4071,DronePosition,-110.239,7.076613,-107.379,0,CameraPosition,-103.1768,1.747475,-107.3425,CameraRotation,326.439,267.3247,350.9447,CurrentState,Hover4,Slider,100,Scenario,1
ID,8,Time,303.4211,DronePosition,-110.239,7.076613,-107.379,0,CameraPosition,-103.177,1.747504,-107.3421,CameraRotation,326.4487,267.3224,350.9402,CurrentState,Hover4,Slider,100,Scenario,1
ID,8,Time,303.435,DronePosition,-110.239,7.076613,-107.379,0,CameraPosition,-103.1772,1.747533,-107.3418,CameraRotation,326.4635,267.3371,350.922,CurrentState,Hover4,Slider,100,Scenario,1
ID,8,Time,303.4488,DronePosition,-110.239,7.076613,-107.379,0,CameraPosition,-103.1774,1.747514,-107.3414,CameraRotation,326.4904,267.335,350.9194,CurrentState,Hover4,Slider,100,Scenario,1
ID,8,Time,303.4633,DronePosition,-110.239,7.076613,-107.379,0,CameraPosition,-103.1776,1.747455,-107.3411,CameraRotation,326.5402,267.3398,350.9169,CurrentState,Hover4,Slider,100,Scenario,1
ID,8,Time,303.4768,DronePosition,-110.239,7.076613,-107.379,0,CameraPosition,-103.1778,1.747408,-107.3407,CameraRotation,326.598,267.3313,350.9119,CurrentState,Hover4,Slider,100,Scenario,1
ID,8,Time,303.4904,DronePosition,-110.239,7.076613,-107.379,0,CameraPosition,-103.178,1.747398,-107.3403,CameraRotation,326.6219,267.3271,350.9095,CurrentState,Hover4,Slider,100,Scenario,1
ID,8,Time,303.5046,DronePosition,-110.239,7.076613,-107.379,0,CameraPosition,-103.1782,1.747429,-107.34,CameraRotation,326.6165,267.3203,350.8972,CurrentState,Hover4,Slider,100,Scenario,1
ID,8,Time,303.5186,DronePosition,-110.239,7.076613,-107.379,0,CameraPosition,-103.1783,1.747444,-107.3397,CameraRotation,326.6121,267.3113,350.8944,CurrentState,Hover4,Slider,100,Scenario,1
ID,8,Time,303.5325,DronePosition,-110.239,7.076613,-107.379,0,CameraPosition,-103.1785,1.747446,-107.3394,CameraRotation,326.6267,267.3127,350.8936,CurrentState,Hover4,Slider,100,Scenario,1
ID,8,Time,303.5463,DronePosition,-110.239,7.076613,-107.379,0,CameraPosition,-103.1787,1.747443,-107.339,CameraRotation,326.6671,267.3073,350.8769,CurrentState,Hover4,Slider,100,Scenario,1
ID,8,Time,303.5602,DronePosition,-110.239,7.076613,-107.379,0,CameraPosition,-103.1789,1.747462,-107.3387,CameraRotation,326.7203,267.3038,350.8407,CurrentState,Hover4,Slider,100,Scenario,1
ID,8,Time,303.5742,DronePosition,-110.239,7.076613,-107.379,0,CameraPosition,-103.1791,1.74749,-107.3383,CameraRotation,326.7437,267.2981,350.8309,CurrentState,Hover4,Slider,100,Scenario,1
ID,8,Time,303.5883,DronePosition,-110.239,7.076613,-107.379,0,CameraPosition,-103.1792,1.74748,-107.338,CameraRotation,326.757,267.2784,350.869,CurrentState,Hover4,Slider,100,Scenario,1
ID,8,Time,303.6022,DronePosition,-110.239,7.076613,-107.379,0,CameraPosition,-103.1794,1.747464,-107.3377,CameraRotation,326.7706,267.2732,350.8953,CurrentState,Hover4,Slider,100,Scenario,1
ID,8,Time,303.6162,DronePosition,-110.239,7.076613,-107.379,0,CameraPosition,-103.1796,1.747451,-107.3374,CameraRotation,326.8153,267.2864,350.8762,CurrentState,Hover4,Slider,100,Scenario,1
ID,8,Time,303.6301,DronePosition,-110.239,7.076613,-107.379,0,CameraPosition,-103.1798,1.747436,-107.3371,CameraRotation,326.8716,267.3098,350.8075,CurrentState,Hover4,Slider,100,Scenario,1
ID,8,Time,303.6436,DronePosition,-110.239,7.076613,-107.379,0,CameraPosition,-103.1799,1.747427,-107.3368,CameraRotation,326.9293,267.3229,350.7675,CurrentState,Hover4,Slider,100,Scenario,1
ID,8,Time,303.6577,DronePosition,-110.239,7.076613,-107.379,0,CameraPosition,-103.1801,1.747455,-107.3365,CameraRotation,327.0016,267.2974,350.7887,CurrentState,Hover4,Slider,100,Scenario,1
ID,8,Time,303.6719,DronePosition,-110.239,7.076613,-107.379,0,CameraPosition,-103.1801,1.747489,-107.3363,CameraRotation,327.0625,267.2597,350.8408,CurrentState,Hover4,Slider,100,Scenario,1
ID,8,Time,303.6856,DronePosition,-110.239,7.076613,-107.379,0,CameraPosition,-103.1802,1.747474,-107.3361,CameraRotation,327.1221,267.2403,350.8611,CurrentState,Hover4,Slider,100,Scenario,1
ID,8,Time,303.6997,DronePosition,-110.239,7.076613,-107.379,0,CameraPosition,-103.1803,1.747374,-107.3359,CameraRotation,327.2042,267.2263,350.8761,CurrentState,Hover4,Slider,100,Scenario,1
ID,8,Time,303.7136,DronePosition,-110.239,7.076613,-107.379,0,CameraPosition,-103.1804,1.747231,-107.3357,CameraRotation,327.3008,267.2119,350.8745,CurrentState,Hover4,Slider,100,Scenario,1
ID,8,Time,303.7275,DronePosition,-110.239,7.076613,-107.379,0,CameraPosition,-103.1805,1.747085,-107.3356,CameraRotation,327.4009,267.1945,350.9091,CurrentState,Hover4,Slider,100,Scenario,1
ID,8,Time,303.7417,DronePosition,-110.239,7.076613,-107.379,0,CameraPosition,-103.1806,1.746942,-107.3354,CameraRotation,327.4718,267.1667,350.9587,CurrentState,Hover4,Slider,100,Scenario,1
ID,8,Time,303.7553,DronePosition,-110.239,7.076613,-107.379,0,CameraPosition,-103.1807,1.746815,-107.3353,CameraRotation,327.5157,267.1497,351.0133,CurrentState,Hover4,Slider,100,Scenario,1
ID,8,Time,303.7692,DronePosition,-110.239,7.076613,-107.379,0,CameraPosition,-103.1809,1.746717,-107.3351,CameraRotation,327.5557,267.1227,351.0732,CurrentState,Hover4,Slider,100,Scenario,1
ID,8,Time,303.783,DronePosition,-110.239,7.076613,-107.379,0,CameraPosition,-103.1809,1.746698,-107.335,CameraRotation,327.6008,267.0978,351.1265,CurrentState,Hover4,Slider,100,Scenario,1
ID,8,Time,303.7972,DronePosition,-110.239,7.076613,-107.379,0,CameraPosition,-103.1809,1.746639,-107.3348,CameraRotation,327.6669,267.0591,351.183,CurrentState,Hover4,Slider,100,Scenario,1
ID,8,Time,303.8109,DronePosition,-110.239,7.076613,-107.379,0,CameraPosition,-103.181,1.746574,-107.3347,CameraRotation,327.7307,267.0037,351.2614,CurrentState,Hover4,Slider,100,Scenario,1
ID,8,Time,303.8246,DronePosition,-110.239,7.076613,-107.379,0,CameraPosition,-103.181,1.746572,-107.3346,CameraRotation,327.7485,266.9514,351.3278,CurrentState,Hover4,Slider,100,Scenario,1
ID,8,Time,303.8387,DronePosition,-110.239,7.076613,-107.379,0,CameraPosition,-103.1809,1.746612,-107.3346,CameraRotation,327.7221,266.9183,351.3554,CurrentState,Hover4,Slider,100,Scenario,1
ID,8,Time,303.853,DronePosition,-110.239,7.076613,-107.379,0,CameraPosition,-103.1809,1.746681,-107.3345,CameraRotation,327.683,266.8771,351.3585,CurrentState,Hover4,Slider,100,Scenario,1
ID,8,Time,303.8667,DronePosition,-110.239,7.076613,-107.379,0,CameraPosition,-103.1809,1.746735,-107.3344,CameraRotation,327.6483,266.8362,351.3541,CurrentState,Hover4,Slider,100,Scenario,1
ID,8,Time,303.8804,DronePosition,-110.239,7.076613,-107.379,0,CameraPosition,-103.1809,1.746749,-107.3344,CameraRotation,327.6227,266.7608,351.3806,CurrentState,Hover4,Slider,100,Scenario,1
ID,8,Time,303.8945,DronePosition,-110.239,7.076613,-107.379,0,CameraPosition,-103.1809,1.746769,-107.3343,CameraRotation,327.6066,266.6909,351.4168,CurrentState,Hover4,Slider,100,Scenario,1
ID,8,Time,303.9081,DronePosition,-110.239,7.076613,-107.379,0,CameraPosition,-103.1809,1.746759,-107.3342,CameraRotation,327.5748,266.6339,351.4411,CurrentState,Hover4,Slider,100,Scenario,1
ID,8,Time,303.922,DronePosition,-110.239,7.076613,-107.379,0,CameraPosition,-103.1809,1.746759,-107.3342,CameraRotation,327.5477,266.5746,351.4465,CurrentState,Hover4,Slider,100,Scenario,1
ID,8,Time,303.9362,DronePosition,-110.239,7.076613,-107.379,0,CameraPosition,-103.1809,1.746779,-107.3341,CameraRotation,327.5175,266.5092,351.4569,CurrentState,Hover4,Slider,100,Scenario,1
ID,8,Time,303.9502,DronePosition,-110.239,7.076613,-107.379,0,CameraPosition,-103.1808,1.746813,-107.334,CameraRotation,327.4797,266.4475,351.4792,CurrentState,Hover4,Slider,100,Scenario,1
ID,8,Time,303.9637,DronePosition,-110.239,7.076613,-107.379,0,CameraPosition,-103.1808,1.746835,-107.3339,CameraRotation,327.4304,266.3936,351.5081,CurrentState,Hover4,Slider,100,Scenario,1
ID,8,Time,303.978,DronePosition,-110.239,7.076613,-107.379,0,CameraPosition,-103.1807,1.746859,-107.3339,CameraRotation,327.384,266.352,351.5222,CurrentState,Hover4,Slider,100,Scenario,1
ID,8,Time,303.9918,DronePosition,-110.239,7.076613,-107.379,0,CameraPosition,-103.1805,1.746887,-107.3338,CameraRotation,327.3363,266.2964,351.5479,CurrentState,Hover4,Slider,100,Scenario,1
ID,8,Time,304.0059,DronePosition,-110.239,7.076613,-107.379,0,CameraPosition,-103.1804,1.74694,-107.3338,CameraRotation,327.289,266.2481,351.5814,CurrentState,Hover4,Slider,100,Scenario,1
ID,8,Time,304.0196,DronePosition,-110.239,7.076613,-107.379,0,CameraPosition,-103.1803,1.747004,-107.3337,CameraRotation,327.2189,266.2144,351.6062,CurrentState,Hover4,Slider,100,Scenario,1
ID,8,Time,304.0338,DronePosition,-110.239,7.076613,-107.379,0,CameraPosition,-103.1802,1.747082,-107.3336,CameraRotation,327.1606,266.1891,351.6186,CurrentState,Hover4,Slider,100,Scenario,1
ID,8,Time,304.0479,DronePosition,-110.239,7.076613,-107.379,0,CameraPosition,-103.1801,1.747136,-107.3335,CameraRotation,327.1142,266.1451,351.6408,CurrentState,Hover4,Slider,100,Scenario,1
ID,8,Time,304.0616,DronePosition,-110.239,7.076613,-107.379,0,CameraPosition,-103.18,1.747155,-107.3334,CameraRotation,327.0837,266.1037,351.6553,CurrentState,Hover4,Slider,100,Scenario,1
ID,8,Time,304.0753,DronePosition,-110.239,7.076613,-107.379,0,CameraPosition,-103.1799,1.74714,-107.3334,CameraRotation,327.0652,266.0644,351.6814,CurrentState,Hover4,Slider,100,Scenario,1
ID,8,Time,304.0892,DronePosition,-110.239,7.076613,-107.379,0,CameraPosition,-103.1799,1.747111,-107.3333,CameraRotation,327.0414,266.0208,351.7046,CurrentState,Hover4,Slider,100,Scenario,1
ID,8,Time,304.1032,DronePosition,-110.239,7.076613,-107.379,0,CameraPosition,-103.1798,1.747113,-107.3333,CameraRotation,327.0042,265.9788,351.715,CurrentState,Hover4,Slider,100,Scenario,1
ID,8,Time,304.1172,DronePosition,-110.239,7.076613,-107.379,0,CameraPosition,-103.1797,1.74713,-107.3333,CameraRotation,326.9697,265.9185,351.7521,CurrentState,Hover4,Slider,100,Scenario,1
ID,8,Time,304.1312,DronePosition,-110.239,7.076613,-107.379,0,CameraPosition,-103.1796,1.747158,-107.3332,CameraRotation,326.9178,265.882,351.7737,CurrentState,Hover4,Slider,100,Scenario,1
ID,8,Time,304.1452,DronePosition,-110.239,7.076613,-107.379,0,CameraPosition,-103.1795,1.747162,-107.3332,CameraRotation,326.8854,265.8354,351.8085,CurrentState,Hover4,Slider,100,Scenario,1
ID,8,Time,304.1587,DronePosition,-110.239,7.076613,-107.379,0,CameraPosition,-103.1794,1.747135,-107.3332,CameraRotation,326.8629,265.787,351.8437,CurrentState,Hover4,Slider,100,Scenario,1
ID,8,Time,304.1725,DronePosition,-110.239,7.076613,-107.379,0,CameraPosition,-103.1793,1.747123,-107.3332,CameraRotation,326.8555,265.7453,351.8813,CurrentState,Hover4,Slider,100,Scenario,1
ID,8,Time,304.1869,DronePosition,-110.239,7.076613,-107.379,0,CameraPosition,-103.1793,1.747151,-107.3332,CameraRotation,326.8315,265.7003,351.92,CurrentState,Hover4,Slider,100,Scenario,1
ID,8,Time,304.2006,DronePosition,-110.239,7.076613,-107.379,0,CameraPosition,-103.1792,1.747191,-107.3331,CameraRotation,326.7772,265.6915,351.9286,CurrentState,Hover4,Slider,100,Scenario,1
ID,8,Time,304.2149,DronePosition,-110.239,7.076613,-107.379,0,CameraPosition,-103.1792,1.747183,-107.3331,CameraRotation,326.7267,265.7059,351.938,CurrentState,Hover4,Slider,100,Scenario,1
ID,8,Time,304.2289,DronePosition,-110.239,7.076613,-107.379,0,CameraPosition,-103.1792,1.747105,-107.3331,CameraRotation,326.7338,265.712,351.9514,CurrentState,Hover4,Slider,100,Scenario,1
ID,8,Time,304.2424,DronePosition,-110.239,7.076613,-107.379,0,CameraPosition,-103.1792,1.747006,-107.3331,CameraRotation,326.7731,265.7276,351.9295,CurrentState,Hover4,Slider,100,Scenario,1
ID,8,Time,304.2562,DronePosition,-110.239,7.076613,-107.379,0,CameraPosition,-103.1791,1.746955,-107.3331,CameraRotation,326.793,265.7561,351.8799,CurrentState,Hover4,Slider,100,Scenario,1
ID,8,Time,304.2703,DronePosition,-110.239,7.076613,-107.379,0,CameraPosition,-103.1791,1.746941,-107.3331,CameraRotation,326.7955,265.7759,351.8502,CurrentState,Hover4,Slider,100,Scenario,1
ID,8,Time,304.284,DronePosition,-110.239,7.076613,-107.379,0,CameraPosition,-103.179,1.746965,-107.3331,CameraRotation,326.8,265.7792,351.8367,CurrentState,Hover4,Slider,100,Scenario,1
ID,8,Time,304.2985,DronePosition,-110.239,7.076613,-107.379,0,CameraPosition,-103.1789,1.746948,-107.3332,CameraRotation,326.7962,265.7661,351.8604,CurrentState,Hover4,Slider,100,Scenario,1
ID,8,Time,304.3121,DronePosition,-110.239,7.076613,-107.379,0,CameraPosition,-103.1788,1.74691,-107.3333,CameraRotation,326.8128,265.7667,351.8791,CurrentState,Hover4,Slider,100,Scenario,1
ID,8,Time,304.3259,DronePosition,-110.239,7.076613,-107.379,0,CameraPosition,-103.1787,1.746813,-107.3335,CameraRotation,326.829,265.7638,351.9091,CurrentState,Hover4,Slider,100,Scenario,1
ID,8,Time,304.3398,DronePosition,-110.239,7.076613,-107.379,0,CameraPosition,-103.1786,1.746732,-107.3335,CameraRotation,326.8397,265.7714,351.9281,CurrentState,Hover4,Slider,100,Scenario,1
ID,8,Time,304.3548,DronePosition,-110.239,7.076613,-107.379,0,CameraPosition,-103.1785,1.74668,-107.3336,CameraRotation,326.8458,265.7601,351.9397,CurrentState,Hover4,Slider,100,Scenario,1
ID,8,Time,304.368,DronePosition,-110.239,7.076613,-107.379,0,CameraPosition,-103.1785,1.746652,-107.3338,CameraRotation,326.8523,265.7543,351.9425,CurrentState,Hover4,Slider,100,Scenario,1
ID,8,Time,304.3819,DronePosition,-110.239,7.076613,-107.379,0,CameraPosition,-103.1785,1.746622,-107.3339,CameraRotation,326.8575,265.7385,351.9626,CurrentState,Hover4,Slider,100,Scenario,1
ID,8,Time,304.3955,DronePosition,-110.239,7.076613,-107.379,0,CameraPosition,-103.1785,1.746622,-107.334,CameraRotation,326.841,265.7234,351.9903,CurrentState,Hover4,Slider,100,Scenario,1
ID,8,Time,304.4095,DronePosition,-110.239,7.076613,-107.379,0,CameraPosition,-103.1785,1.746616,-107.3341,CameraRotation,326.7647,265.693,352.0135,CurrentState,Hover4,Slider,100,Scenario,1
ID,8,Time,304.4237,DronePosition,-110.239,7.076613,-107.379,0,CameraPosition,-103.1785,1.746628,-107.3343,CameraRotation,326.702,265.6569,352.0396,CurrentState,Hover4,Slider,100,Scenario,1
ID,8,Time,304.4374,DronePosition,-110.239,7.076613,-107.379,0,CameraPosition,-103.1784,1.74662,-107.3344,CameraRotation,326.6916,265.6173,352.0743,CurrentState,Hover4,Slider,100,Scenario,1
ID,8,Time,304.4518,DronePosition,-110.239,7.076613,-107.379,0,CameraPosition,-103.1784,1.746578,-107.3346,CameraRotation,326.7041,265.587,352.0905,CurrentState,Hover4,Slider,100,Scenario,1
ID,8,Time,304.4651,DronePosition,-110.239,7.076613,-107.379,0,CameraPosition,-103.1784,1.746547,-107.3347,CameraRotation,326.7331,265.5684,352.0727,CurrentState,Hover4,Slider,100,Scenario,1
ID,8,Time,304.4794,DronePosition,-110.239,7.076613,-107.379,0,CameraPosition,-103.1784,1.746539,-107.3349,CameraRotation,326.7674,265.5698,352.0527,CurrentState,Hover4,Slider,100,Scenario,1
ID,8,Time,304.493,DronePosition,-110.239,7.076613,-107.379,0,CameraPosition,-103.1784,1.746539,-107.335,CameraRotation,326.7969,265.5479,352.0781,CurrentState,Hover4,Slider,100,Scenario,1
ID,8,Time,304.507,DronePosition,-110.239,7.076613,-107.379,0,CameraPosition,-103.1785,1.746563,-107.3352,CameraRotation,326.848,265.5362,352.1207,CurrentState,Hover4,Slider,100,Scenario,1
ID,8,Time,304.5211,DronePosition,-110.239,7.076613,-107.379,0,CameraPosition,-103.1785,1.746558,-107.3353,CameraRotation,326.9022,265.5357,352.1407,CurrentState,Hover4,Slider,100,Scenario,1
ID,8,Time,304.535,DronePosition,-110.239,7.076613,-107.379,0,CameraPosition,-103.1786,1.746513,-107.3355,CameraRotation,326.9559,265.5624,352.1084,CurrentState,Hover4,Slider,100,Scenario,1
ID,8,Time,304.549,DronePosition,-110.239,7.076613,-107.379,0,CameraPosition,-103.1787,1.74645,-107.3357,CameraRotation,327.0039,265.5788,352.0812,CurrentState,Hover4,Slider,100,Scenario,1
ID,8,Time,304.5628,DronePosition,-110.239,7.076613,-107.379,0,CameraPosition,-103.1789,1.746383,-107.3358,CameraRotation,327.0422,265.594,352.0752,CurrentState,Hover4,Slider,100,Scenario,1
ID,8,Time,304.5765,DronePosition,-110.239,7.076613,-107.379,0,CameraPosition,-103.179,1.746376,-107.3361,CameraRotation,327.0535,265.5881,352.088,CurrentState,Hover4,Slider,100,Scenario,1
ID,8,Time,304.5904,DronePosition,-110.239,7.076613,-107.379,0,CameraPosition,-103.179,1.746409,-107.3363,CameraRotation,327.0595,265.5844,352.1208,CurrentState,Hover4,Slider,100,Scenario,1
ID,8,Time,304.6045,DronePosition,-110.239,7.076613,-107.379,0,CameraPosition,-103.1791,1.746405,-107.3364,CameraRotation,327.0804,265.5813,352.145,CurrentState,Hover4,Slider,100,Scenario,1
ID,8,Time,304.6186,DronePosition,-110.239,7.076613,-107.379,0,CameraPosition,-103.1791,1.746385,-107.3367,CameraRotation,327.1473,265.5747,352.1543,CurrentState,Hover4,Slider,100,Scenario,1
ID,8,Time,304.6328,DronePosition,-110.239,7.076613,-107.379,0,CameraPosition,-103.1792,1.74638,-107.3369,CameraRotation,327.2124,265.5487,352.1594,CurrentState,Hover4,Slider,100,Scenario,1
ID,8,Time,304.6465,DronePosition,-110.239,7.076613,-107.379,0,CameraPosition,-103.1792,1.746414,-107.3371,CameraRotation,327.2495,265.52,352.1849,CurrentState,Hover4,Slider,100,Scenario,1
ID,8,Time,304.6601,DronePosition,-110.239,7.076613,-107.379,0,CameraPosition,-103.1792,1.746473,-107.3374,CameraRotation,327.2481,265.4832,352.2396,CurrentState,Hover4,Slider,100,Scenario,1
ID,8,Time,304.6737,DronePosition,-110.239,7.076613,-107.379,0,CameraPosition,-103.1792,1.746541,-107.3376,CameraRotation,327.2135,265.4493,352.288,CurrentState,Hover4,Slider,100,Scenario,1
ID,8,Time,304.6881,DronePosition,-110.239,7.076613,-107.379,0,CameraPosition,-103.1792,1.746638,-107.3378,CameraRotation,327.1953,265.4234,352.3376,CurrentState,Hover4,Slider,100,Scenario,1
ID,8,Time,304.7023,DronePosition,-110.239,7.076613,-107.379,0,CameraPosition,-103.1792,1.746692,-107.3381,CameraRotation,327.1793,265.3901,352.3734,CurrentState,Hover4,Slider,100,Scenario,1
ID,8,Time,304.7159,DronePosition,-110.239,7.076613,-107.379,0,CameraPosition,-103.1792,1.746729,-107.3383,CameraRotation,327.1599,265.342,352.4125,CurrentState,Hover4,Slider,100,Scenario,1
ID,8,Time,304.7296,DronePosition,-110.239,7.076613,-107.379,0,CameraPosition,-103.1792,1.746783,-107.3385,CameraRotation,327.1149,265.3,352.4386,CurrentState,Hover4,Slider,100,Scenario,1
ID,8,Time,304.7438,DronePosition,-110.239,7.076613,-107.379,0,CameraPosition,-103.1792,1.74686,-107.3388,CameraRotation,327.0688,265.2632,352.4633,CurrentState,Hover4,Slider,100,Scenario,1
ID,8,Time,304.7574,DronePosition,-110.239,7.076613,-107.379,0,CameraPosition,-103.1792,1.746918,-107.339,CameraRotation,327.0546,265.22,352.5139,CurrentState,Hover4,Slider,100,Scenario,1
ID,8,Time,304.7728,DronePosition,-110.239,7.076613,-107.379,0,CameraPosition,-103.1792,1.746949,-107.3392,CameraRotation,327.0486,265.1722,352.5688,CurrentState,Hover4,Slider,100,Scenario,1
ID,8,Time,304.7853,DronePosition,-110.239,7.076613,-107.379,0,CameraPosition,-103.1793,1.746992,-107.3395,CameraRotation,327.0537,265.118,352.6174,CurrentState,Hover4,Slider,100,Scenario,1
ID,8,Time,304.7996,DronePosition,-110.239,7.076613,-107.379,0,CameraPosition,-103.1793,1.747051,-107.3398,CameraRotation,327.0404,265.0835,352.6258,CurrentState,Hover4,Slider,100,Scenario,1
ID,8,Time,304.8137,DronePosition,-110.239,7.076613,-107.379,0,CameraPosition,-103.1793,1.747141,-107.34,CameraRotation,327.0326,265.0692,352.6094,CurrentState,Hover4,Slider,100,Scenario,1
ID,8,Time,304.8273,DronePosition,-110.239,7.076613,-107.379,0,CameraPosition,-103.1794,1.747191,-107.3402,CameraRotation,327.0126,265.0666,352.6128,CurrentState,Hover4,Slider,100,Scenario,1
ID,8,Time,304.8413,DronePosition,-110.239,7.076613,-107.379,0,CameraPosition,-103.1794,1.747221,-107.3404,CameraRotation,327.0119,265.055,352.6562,CurrentState,Hover4,Slider,100,Scenario,1
ID,8,Time,304.8549,DronePosition,-110.239,7.076613,-107.379,0,CameraPosition,-103.1795,1.747218,-107.3406,CameraRotation,327.0497,265.046,352.7136,CurrentState,Hover4,Slider,100,Scenario,1
ID,8,Time,304.8691,DronePosition,-110.239,7.076613,-107.379,0,CameraPosition,-103.1795,1.747203,-107.3407,CameraRotation,327.0932,265.054,352.7371,CurrentState,Hover4,Slider,100,Scenario,1
ID,8,Time,304.8831,DronePosition,-110.239,7.076613,-107.379,0,CameraPosition,-103.1796,1.747214,-107.3409,CameraRotation,327.1075,265.0741,352.7305,CurrentState,Hover4,Slider,100,Scenario,1
ID,8,Time,304.8965,DronePosition,-110.239,7.076613,-107.379,0,CameraPosition,-103.1797,1.74724,-107.341,CameraRotation,327.1245,265.108,352.7014,CurrentState,Hover4,Slider,100,Scenario,1
ID,8,Time,304.9109,DronePosition,-110.239,7.076613,-107.379,0,CameraPosition,-103.1797,1.747261,-107.3412,CameraRotation,327.156,265.1353,352.6953,CurrentState,Hover4,Slider,100,Scenario,1
ID,8,Time,304.9244,DronePosition,-110.239,7.076613,-107.379,0,CameraPosition,-103.1797,1.747271,-107.3413,CameraRotation,327.1961,265.1547,352.7186,CurrentState,Hover4,Slider,100,Scenario,1
ID,8,Time,304.9386,DronePosition,-110.239,7.076613,-107.379,0,CameraPosition,-103.1797,1.747257,-107.3415,CameraRotation,327.2195,265.1481,352.7565,CurrentState,Hover4,Slider,100,Scenario,1
ID,8,Time,304.9527,DronePosition,-110.239,7.076613,-107.379,0,CameraPosition,-103.1798,1.747245,-107.3417,CameraRotation,327.2368,265.1258,352.7961,CurrentState,Hover4,Slider,100,Scenario,1
ID,8,Time,304.9664,DronePosition,-110.239,7.076613,-107.379,0,CameraPosition,-103.1798,1.747219,-107.3419,CameraRotation,327.2533,265.11,352.8307,CurrentState,Hover4,Slider,100,Scenario,1
ID,8,Time,304.9803,DronePosition,-110.239,7.076613,-107.379,0,CameraPosition,-103.1798,1.747162,-107.3421,CameraRotation,327.2702,265.1063,352.8596,CurrentState,Hover4,Slider,100,Scenario,1
ID,8,Time,304.9944,DronePosition,-110.239,7.076613,-107.379,0,CameraPosition,-103.1798,1.74714,-107.3422,CameraRotation,327.2959,265.0979,352.8773,CurrentState,Hover4,Slider,100,Scenario,1
ID,8,Time,305.0082,DronePosition,-110.239,7.076613,-107.379,0,CameraPosition,-103.1797,1.747123,-107.3424,CameraRotation,327.3041,265.0815,352.9006,CurrentState,Hover4,Slider,100,Scenario,1
ID,8,Time,305.0221,DronePosition,-110.239,7.076613,-107.379,0,CameraPosition,-103.1797,1.747121,-107.3426,CameraRotation,327.288,265.0534,352.9166,CurrentState,Hover4,Slider,100,Scenario,1
ID,8,Time,305.0361,DronePosition,-110.239,7.076613,-107.379,0,CameraPosition,-103.1796,1.747106,-107.3428,CameraRotation,327.2742,265.0455,352.9142,CurrentState,Hover4,Slider,100,Scenario,1
ID,8,Time,305.0504,DronePosition,-110.239,7.076613,-107.379,0,CameraPosition,-103.1796,1.747032,-107.3429,CameraRotation,327.2671,265.0437,352.9032,CurrentState,Hover4,Slider,100,Scenario,1
ID,8,Time,305.0645,DronePosition,-110.239,7.076613,-107.379,0,CameraPosition,-103.1795,1.747003,-107.3431,CameraRotation,327.2918,265.006,352.9421,CurrentState,Hover4,Slider,100,Scenario,1
ID,8,Time,305.0779,DronePosition,-110.239,7.076613,-107.379,0,CameraPosition,-103.1794,1.747024,-107.3433,CameraRotation,327.2679,264.9689,353.0107,CurrentState,Hover4,Slider,100,Scenario,1
ID,8,Time,305.0916,DronePosition,-110.239,7.076613,-107.379,0,CameraPosition,-103.1793,1.747163,-107.3434,CameraRotation,327.1874,264.9451,353.0718,CurrentState,Hover4,Slider,100,Scenario,1
ID,8,Time,305.1056,DronePosition,-110.239,7.076613,-107.379,0,CameraPosition,-103.1791,1.747353,-107.3436,CameraRotation,327.0741,264.9261,353.1175,CurrentState,Hover4,Slider,100,Scenario,1
ID,8,Time,305.1195,DronePosition,-110.239,7.076613,-107.379,0,CameraPosition,-103.1791,1.747513,-107.3437,CameraRotation,326.9921,264.9282,353.139,CurrentState,Hover4,Slider,100,Scenario,1
ID,8,Time,305.1335,DronePosition,-110.239,7.076613,-107.379,0,CameraPosition,-103.179,1.747584,-107.3438,CameraRotation,326.9605,264.9188,353.1631,CurrentState,Hover4,Slider,100,Scenario,1
ID,8,Time,305.1477,DronePosition,-110.239,7.076613,-107.379,0,CameraPosition,-103.1789,1.747585,-107.3439,CameraRotation,326.9675,264.8979,353.1963,CurrentState,Hover4,Slider,100,Scenario,1
ID,8,Time,305.1612,DronePosition,-110.239,7.076613,-107.379,0,CameraPosition,-103.1789,1.747576,-107.344,CameraRotation,326.9439,264.8818,353.2331,CurrentState,Hover4,Slider,100,Scenario,1
ID,8,Time,305.1749,DronePosition,-110.239,7.076613,-107.379,0,CameraPosition,-103.1788,1.747575,-107.3441,CameraRotation,326.9106,264.8777,353.2529,CurrentState,Hover4,Slider,100,Scenario,1
ID,8,Time,305.1892,DronePosition,-110.239,7.076613,-107.379,0,CameraPosition,-103.1788,1.747575,-107.3441,CameraRotation,326.8768,264.8863,353.2471,CurrentState,Hover4,Slider,100,Scenario,1
ID,8,Time,305.2032,DronePosition,-110.239,7.076613,-107.379,0,CameraPosition,-103.1789,1.747572,-107.3442,CameraRotation,326.8544,264.9081,353.2311,CurrentState,Hover4,Slider,100,Scenario,1
ID,8,Time,305.217,DronePosition,-110.239,7.076613,-107.379,0,CameraPosition,-103.1789,1.747551,-107.3442,CameraRotation,326.8423,264.9495,353.195,CurrentState,Hover4,Slider,100,Scenario,1
ID,8,Time,305.2311,DronePosition,-110.239,7.076613,-107.379,0,CameraPosition,-103.1789,1.747541,-107.3442,CameraRotation,326.8383,264.9911,353.1602,CurrentState,Hover4,Slider,100,Scenario,1
ID,8,Time,305.2447,DronePosition,-110.239,7.076613,-107.379,0,CameraPosition,-103.179,1.747555,-107.3441,CameraRotation,326.8268,265.0136,353.1604,CurrentState,Hover4,Slider,100,Scenario,1
ID,8,Time,305.2592,DronePosition,-110.239,7.076613,-107.379,0,CameraPosition,-103.179,1.74759,-107.3441,CameraRotation,326.8087,265.031,353.1729,CurrentState,Hover4,Slider,100,Scenario,1
ID,8,Time,305.2724,DronePosition,-110.239,7.076613,-107.379,0,CameraPosition,-103.1791,1.74762,-107.3441,CameraRotation,326.7891,265.0665,353.1805,CurrentState,Hover4,Slider,100,Scenario,1
ID,8,Time,305.2868,DronePosition,-110.239,7.076613,-107.379,0,CameraPosition,-103.1792,1.747631,-107.3441,CameraRotation,326.787,265.1128,353.1613,CurrentState,Hover4,Slider,100,Scenario,1
ID,8,Time,305.3008,DronePosition,-110.239,7.076613,-107.379,0,CameraPosition,-103.1793,1.747621,-107.3441,CameraRotation,326.8072,265.1629,353.139,CurrentState,Hover4,Slider,100,Scenario,1
ID,8,Time,305.3147,DronePosition,-110.239,7.076613,-107.379,0,CameraPosition,-103.1794,1.747581,-107.344,CameraRotation,326.8317,265.1869,353.1394,CurrentState,Hover4,Slider,100,Scenario,1
ID,8,Time,305.3283,DronePosition,-110.239,7.076613,-107.379,0,CameraPosition,-103.1795,1.747559,-107.344,CameraRotation,326.8588,265.1933,353.1507,CurrentState,Hover4,Slider,100,Scenario,1
ID,8,Time,305.342,DronePosition,-110.239,7.076613,-107.379,0,CameraPosition,-103.1797,1.747553,-107.344,CameraRotation,326.8678,265.2057,353.16,CurrentState,Hover4,Slider,100,Scenario,1
ID,8,Time,305.3564,DronePosition,-110.239,7.076613,-107.379,0,CameraPosition,-103.1798,1.747574,-107.3439,CameraRotation,326.8572,265.2341,353.1452,CurrentState,Hover4,Slider,100,Scenario,1
ID,8,Time,305.3703,DronePosition,-110.239,7.076613,-107.379,0,CameraPosition,-103.18,1.747597,-107.3438,CameraRotation,326.8343,265.2651,353.1238,CurrentState,Hover4,Slider,100,Scenario,1
ID,8,Time,305.384,DronePosition,-110.239,7.076613,-107.379,0,CameraPosition,-103.1801,1.747588,-107.3438,CameraRotation,326.8326,265.2594,353.1307,CurrentState,Hover4,Slider,100,Scenario,1
ID,8,Time,305.3979,DronePosition,-110.239,7.076613,-107.379,0,CameraPosition,-103.1803,1.747544,-107.3438,CameraRotation,326.8404,265.2336,353.1612,CurrentState,Hover4,Slider,100,Scenario,1
ID,8,Time,305.412,DronePosition,-110.239,7.076613,-107.379,0,CameraPosition,-103.1805,1.74748,-107.3438,CameraRotation,326.8602,265.2074,353.1954,CurrentState,Hover4,Slider,100,Scenario,1
ID,8,Time,305.4256,DronePosition,-110.239,7.076613,-107.379,0,CameraPosition,-103.1806,1.747442,-107.3437,CameraRotation,326.8898,265.1949,353.1859,CurrentState,Hover4,Slider,100,Scenario,1
ID,8,Time,305.4397,DronePosition,-110.239,7.076613,-107.379,0,CameraPosition,-103.1809,1.747457,-107.3436,CameraRotation,326.9168,265.2296,353.1393,CurrentState,Hover4,Slider,100,Scenario,1
ID,8,Time,305.454,DronePosition,-110.239,7.076613,-107.379,0,CameraPosition,-103.181,1.747492,-107.3435,CameraRotation,326.9112,265.2565,353.0945,CurrentState,Hover4,Slider,100,Scenario,1
ID,8,Time,305.4678,DronePosition,-110.239,7.076613,-107.379,0,CameraPosition,-103.1812,1.747504,-107.3434,CameraRotation,326.9054,265.2727,353.1111,CurrentState,Hover4,Slider,100,Scenario,1
ID,8,Time,305.4817,DronePosition,-110.239,7.076613,-107.379,0,CameraPosition,-103.1814,1.747505,-107.3433,CameraRotation,326.9289,265.265,353.1574,CurrentState,Hover4,Slider,100,Scenario,1
ID,8,Time,305.4954,DronePosition,-110.239,7.076613,-107.379,0,CameraPosition,-103.1816,1.747506,-107.3432,CameraRotation,326.9621,265.2817,353.1581,CurrentState,Hover4,Slider,100,Scenario,1
ID,8,Time,305.5095,DronePosition,-110.239,7.076613,-107.379,0,CameraPosition,-103.1819,1.747476,-107.3431,CameraRotation,326.9664,265.3421,353.0938,CurrentState,Hover4,Slider,100,Scenario,1
ID,8,Time,305.5232,DronePosition,-110.239,7.076613,-107.379,0,CameraPosition,-103.1821,1.747454,-107.3429,CameraRotation,326.9861,265.3985,353.041,CurrentState,Hover4,Slider,100,Scenario,1
ID,8,Time,305.5373,DronePosition,-110.239,7.076613,-107.379,0,CameraPosition,-103.1824,1.74744,-107.3428,CameraRotation,327.0011,265.4363,353.0412,CurrentState,Hover4,Slider,100,Scenario,1
ID,8,Time,305.551,DronePosition,-110.239,7.076613,-107.379,0,CameraPosition,-103.1826,1.747435,-107.3427,CameraRotation,326.9918,265.4399,353.0715,CurrentState,Hover4,Slider,100,Scenario,1
ID,8,Time,305.5651,DronePosition,-110.239,7.076613,-107.379,0,CameraPosition,-103.1828,1.747451,-107.3426,CameraRotation,326.98,265.4363,353.0823,CurrentState,Hover4,Slider,100,Scenario,1
ID,8,Time,305.5787,DronePosition,-110.239,7.076613,-107.379,0,CameraPosition,-103.183,1.747461,-107.3425,CameraRotation,326.9536,265.4418,353.0759,CurrentState,Hover4,Slider,100,Scenario,1
ID,8,Time,305.5928,DronePosition,-110.239,7.076613,-107.379,0,CameraPosition,-103.1832,1.747468,-107.3424,CameraRotation,326.9363,265.4585,353.0434,CurrentState,Hover4,Slider,100,Scenario,1
ID,8,Time,305.6069,DronePosition,-110.239,7.076613,-107.379,0,CameraPosition,-103.1835,1.747446,-107.3423,CameraRotation,326.942,265.4424,353.0442,CurrentState,Hover4,Slider,100,Scenario,1
ID,8,Time,305.6208,DronePosition,-110.239,7.076613,-107.379,0,CameraPosition,-103.1837,1.747423,-107.3423,CameraRotation,326.9581,265.4217,353.0455,CurrentState,Hover4,Slider,100,Scenario,1
ID,8,Time,305.6345,DronePosition,-110.239,7.076613,-107.379,0,CameraPosition,-103.1839,1.747407,-107.3422,CameraRotation,326.9996,265.378,353.0541,CurrentState,Hover4,Slider,100,Scenario,1
ID,8,Time,305.6484,DronePosition,-110.239,7.076613,-107.379,0,CameraPosition,-103.1842,1.747407,-107.3421,CameraRotation,327.0306,265.3522,353.0611,CurrentState,Hover4,Slider,100,Scenario,1
ID,8,Time,305.6626,DronePosition,-110.239,7.076613,-107.379,0,CameraPosition,-103.1844,1.747386,-107.342,CameraRotation,327.0239,265.3421,353.0517,CurrentState,Hover4,Slider,100,Scenario,1
ID,8,Time,305.6771,DronePosition,-110.239,7.076613,-107.379,0,CameraPosition,-103.1847,1.74735,-107.3419,CameraRotation,327.0309,265.3303,353.0452,CurrentState,Hover4,Slider,100,Scenario,1
ID,8,Time,305.6902,DronePosition,-110.239,7.076613,-107.379,0,CameraPosition,-103.185,1.747302,-107.3418,CameraRotation,327.0379,265.3267,353.0441,CurrentState,Hover4,Slider,100,Scenario,1
ID,8,Time,305.7044,DronePosition,-110.239,7.076613,-107.379,0,CameraPosition,-103.1852,1.747289,-107.3417,CameraRotation,327.0313,265.3367,353.0304,CurrentState,Hover4,Slider,100,Scenario,1
ID,8,Time,305.7182,DronePosition,-110.239,7.076613,-107.379,0,CameraPosition,-103.1854,1.747279,-107.3415,CameraRotation,327.0234,265.3825,352.9866,CurrentState,Hover4,Slider,100,Scenario,1
ID,8,Time,305.7321,DronePosition,-110.239,7.076613,-107.379,0,CameraPosition,-103.1857,1.747267,-107.3414,CameraRotation,327.0366,265.4363,352.9361,CurrentState,Hover4,Slider,100,Scenario,1
ID,8,Time,305.746,DronePosition,-110.239,7.076613,-107.379,0,CameraPosition,-103.1859,1.747277,-107.3413,CameraRotation,327.0537,265.4739,352.9213,CurrentState,Hover4,Slider,100,Scenario,1
ID,8,Time,305.7602,DronePosition,-110.239,7.076613,-107.379,0,CameraPosition,-103.1861,1.747321,-107.3412,CameraRotation,327.0641,265.4918,352.9355,CurrentState,Hover4,Slider,100,Scenario,1
ID,8,Time,305.7737,DronePosition,-110.239,7.076613,-107.379,0,CameraPosition,-103.1864,1.747346,-107.3411,CameraRotation,327.0574,265.518,352.9383,CurrentState,Hover4,Slider,100,Scenario,1
ID,8,Time,305.7877,DronePosition,-110.239,7.076613,-107.379,0,CameraPosition,-103.1866,1.747349,-107.3409,CameraRotation,327.0531,265.5503,352.9229,CurrentState,Hover4,Slider,100,Scenario,1
ID,8,Time,305.8022,DronePosition,-110.239,7.076613,-107.379,0,CameraPosition,-103.1868,1.747342,-107.3408,CameraRotation,327.0598,265.582,352.8936,CurrentState,Hover4,Slider,100,Scenario,1
ID,8,Time,305.8159,DronePosition,-110.239,7.076613,-107.379,0,CameraPosition,-103.1871,1.747323,-107.3407,CameraRotation,327.0748,265.6021,352.8679,CurrentState,Hover4,Slider,100,Scenario,1
ID,8,Time,305.8296,DronePosition,-110.239,7.076613,-107.379,0,CameraPosition,-103.1873,1.747303,-107.3407,CameraRotation,327.0956,265.6164,352.8523,CurrentState,Hover4,Slider,100,Scenario,1
ID,8,Time,305.8435,DronePosition,-110.239,7.076613,-107.379,0,CameraPosition,-103.1875,1.747263,-107.3406,CameraRotation,327.1164,265.6122,352.8323,CurrentState,Hover4,Slider,100,Scenario,1
ID,8,Time,305.8575,DronePosition,-110.239,7.076613,-107.379,0,CameraPosition,-103.1878,1.747219,-107.3406,CameraRotation,327.1326,265.6324,352.8015,CurrentState,Hover4,Slider,100,Scenario,1
ID,8,Time,305.8715,DronePosition,-110.239,7.076613,-107.379,0,CameraPosition,-103.188,1.74719,-107.3405,CameraRotation,327.1609,265.6438,352.7776,CurrentState,Hover4,Slider,100,Scenario,1
ID,8,Time,305.8858,DronePosition,-110.239,7.076613,-107.379,0,CameraPosition,-103.1882,1.74718,-107.3405,CameraRotation,327.1933,265.6407,352.7764,CurrentState,Hover4,Slider,100,Scenario,1
ID,8,Time,305.8996,DronePosition,-110.239,7.076613,-107.379,0,CameraPosition,-103.1883,1.747181,-107.3405,CameraRotation,327.213,265.6527,352.7704,CurrentState,Hover4,Slider,100,Scenario,1
ID,8,Time,305.9133,DronePosition,-110.239,7.076613,-107.379,0,CameraPosition,-103.1884,1.747171,-107.3405,CameraRotation,327.2338,265.6673,352.7621,CurrentState,Hover4,Slider,100,Scenario,1
ID,8,Time,305.927,DronePosition,-110.239,7.076613,-107.379,0,CameraPosition,-103.1886,1.747139,-107.3405,CameraRotation,327.2525,265.6924,352.756,CurrentState,Hover4,Slider,100,Scenario,1
ID,8,Time,305.9409,DronePosition,-110.239,7.076613,-107.379,0,CameraPosition,-103.1887,1.747115,-107.3405,CameraRotation,327.2603,265.7305,352.7435,CurrentState,Hover4,Slider,100,Scenario,1
ID,8,Time,305.9549,DronePosition,-110.239,7.076613,-107.379,0,CameraPosition,-103.1888,1.747099,-107.3405,CameraRotation,327.2585,265.7883,352.7229,CurrentState,Hover4,Slider,100,Scenario,1
ID,8,Time,305.9687,DronePosition,-110.239,7.076613,-107.379,0,CameraPosition,-103.1889,1.747104,-107.3405,CameraRotation,327.2505,265.8371,352.6919,CurrentState,Hover4,Slider,100,Scenario,1
ID,8,Time,305.9828,DronePosition,-110.239,7.076613,-107.379,0,CameraPosition,-103.189,1.747109,-107.3406,CameraRotation,327.2278,265.8969,352.6709,CurrentState,Hover4,Slider,100,Scenario,1
ID,8,Time,305.9966,DronePosition,-110.239,7.076613,-107.379,0,CameraPosition,-103.1891,1.747102,-107.3407,CameraRotation,327.1971,265.9281,352.6868,CurrentState,Hover4,Slider,100,Scenario,1
ID,8,Time,306.0106,DronePosition,-110.239,7.076613,-107.379,0,CameraPosition,-103.1892,1.747093,-107.3408,CameraRotation,327.1859,265.9318,352.7342,CurrentState,Hover4,Slider,100,Scenario,1
ID,8,Time,306.0248,DronePosition,-110.239,7.076613,-107.379,0,CameraPosition,-103.1893,1.74709,-107.3409,CameraRotation,327.1777,265.9186,352.7858,CurrentState,Hover4,Slider,100,Scenario,1
ID,8,Time,306.0381,DronePosition,-110.239,7.076613,-107.379,0,CameraPosition,-103.1894,1.747095,-107.341,CameraRotation,327.1647,265.9084,352.8204,CurrentState,Hover4,Slider,100,Scenario,1
ID,8,Time,306.0529,DronePosition,-110.239,7.076613,-107.379,0,CameraPosition,-103.1895,1.747122,-107.3411,CameraRotation,327.1581,265.8985,352.8293,CurrentState,Hover4,Slider,100,Scenario,1
ID,8,Time,306.0665,DronePosition,-110.239,7.076613,-107.379,0,CameraPosition,-103.1896,1.747171,-107.3413,CameraRotation,327.1506,265.8808,352.8271,CurrentState,Hover4,Slider,100,Scenario,1
ID,8,Time,306.08,DronePosition,-110.239,7.076613,-107.379,0,CameraPosition,-103.1897,1.747223,-107.3415,CameraRotation,327.1419,265.8569,352.8373,CurrentState,Hover4,Slider,100,Scenario,1
ID,8,Time,306.0945,DronePosition,-110.239,7.076613,-107.379,0,CameraPosition,-103.1898,1.747245,-107.3416,CameraRotation,327.151,265.8092,352.8944,CurrentState,Hover4,Slider,100,Scenario,1
ID,8,Time,306.108,DronePosition,-110.239,7.076613,-107.379,0,CameraPosition,-103.1899,1.747261,-107.3417,CameraRotation,327.1767,265.7687,352.939,CurrentState,Hover4,Slider,100,Scenario,1
ID,8,Time,306.1222,DronePosition,-110.239,7.076613,-107.379,0,CameraPosition,-103.19,1.747278,-107.3419,CameraRotation,327.1787,265.7617,352.9302,CurrentState,Hover4,Slider,100,Scenario,1
ID,8,Time,306.1359,DronePosition,-110.239,7.076613,-107.379,0,CameraPosition,-103.1902,1.747303,-107.342,CameraRotation,327.1874,265.7658,352.8904,CurrentState,Hover4,Slider,100,Scenario,1
ID,8,Time,306.1497,DronePosition,-110.239,7.076613,-107.379,0,CameraPosition,-103.1903,1.747305,-107.3422,CameraRotation,327.2025,265.7533,352.8766,CurrentState,Hover4,Slider,100,Scenario,1
ID,8,Time,306.1638,DronePosition,-110.239,7.076613,-107.379,0,CameraPosition,-103.1905,1.747302,-107.3423,CameraRotation,327.2433,265.732,352.9124,CurrentState,Hover4,Slider,100,Scenario,1
ID,8,Time,306.1774,DronePosition,-110.239,7.076613,-107.379,0,CameraPosition,-103.1906,1.747296,-107.3425,CameraRotation,327.2611,265.7216,352.9553,CurrentState,Hover4,Slider,100,Scenario,1
ID,8,Time,306.1916,DronePosition,-110.239,7.076613,-107.379,0,CameraPosition,-103.1907,1.747289,-107.3427,CameraRotation,327.278,265.7208,352.9689,CurrentState,Hover4,Slider,100,Scenario,1
ID,8,Time,306.2052,DronePosition,-110.239,7.076613,-107.379,0,CameraPosition,-103.1908,1.747273,-107.3428,CameraRotation,327.3047,265.7347,352.9683,CurrentState,Hover4,Slider,100,Scenario,1
ID,8,Time,306.2194,DronePosition,-110.239,7.076613,-107.379,0,CameraPosition,-103.1909,1.747245,-107.343,CameraRotation,327.3271,265.7403,352.9747,CurrentState,Hover4,Slider,100,Scenario,1
ID,8,Time,306.2331,DronePosition,-110.239,7.076613,-107.379,0,CameraPosition,-103.191,1.747219,-107.3432,CameraRotation,327.3515,265.7145,353.0056,CurrentState,Hover4,Slider,100,Scenario,1
ID,8,Time,306.2473,DronePosition,-110.239,7.076613,-107.379,0,CameraPosition,-103.1911,1.747215,-107.3434,CameraRotation,327.3749,265.7041,353.0152,CurrentState,Hover4,Slider,100,Scenario,1
ID,8,Time,306.2614,DronePosition,-110.239,7.076613,-107.379,0,CameraPosition,-103.1912,1.747208,-107.3435,CameraRotation,327.4011,265.7136,353.0128,CurrentState,Hover4,Slider,100,Scenario,1
ID,8,Time,306.2761,DronePosition,-110.239,7.076613,-107.379,0,CameraPosition,-103.1913,1.747211,-107.3437,CameraRotation,327.4327,265.7167,353.0014,CurrentState,Hover4,Slider,100,Scenario,1
ID,8,Time,306.2888,DronePosition,-110.239,7.076613,-107.379,0,CameraPosition,-103.1914,1.747181,-107.3439,CameraRotation,327.4606,265.7153,352.9991,CurrentState,Hover4,Slider,100,Scenario,1
ID,8,Time,306.3033,DronePosition,-110.239,7.076613,-107.379,0,CameraPosition,-103.1914,1.747136,-107.344,CameraRotation,327.5071,265.7069,353.0176,CurrentState,Hover4,Slider,100,Scenario,1
ID,8,Time,306.3172,DronePosition,-110.239,7.076613,-107.379,0,CameraPosition,-103.1915,1.747125,-107.3442,CameraRotation,327.5413,265.6977,353.0309,CurrentState,Hover4,Slider,100,Scenario,1
ID,8,Time,306.331,DronePosition,-110.239,7.076613,-107.379,0,CameraPosition,-103.1915,1.747151,-107.3444,CameraRotation,327.5385,265.7169,353.0193,CurrentState,Hover4,Slider,100,Scenario,1
ID,8,Time,306.3447,DronePosition,-110.239,7.076613,-107.379,0,CameraPosition,-103.1916,1.747182,-107.3445,CameraRotation,327.5176,265.7387,352.9978,CurrentState,Hover4,Slider,100,Scenario,1
ID,8,Time,306.3586,DronePosition,-110.239,7.076613,-107.379,0,CameraPosition,-103.1916,1.74723,-107.3447,CameraRotation,327.5166,265.7546,352.9926,CurrentState,Hover4,Slider,98,Scenario,1
ID,8,Time,306.3729,DronePosition,-110.239,7.076613,-107.379,0,CameraPosition,-103.1916,1.747277,-107.3449,CameraRotation,327.5214,265.7548,353.0112,CurrentState,Hover4,Slider,98,Scenario,1
ID,8,Time,306.3867,DronePosition,-110.239,7.076613,-107.379,0,CameraPosition,-103.1916,1.747302,-107.3452,CameraRotation,327.5158,265.7277,353.0457,CurrentState,Hover4,Slider,98,Scenario,1
ID,8,Time,306.4009,DronePosition,-110.239,7.076613,-107.379,0,CameraPosition,-103.1916,1.747313,-107.3454,CameraRotation,327.5071,265.6935,353.0764,CurrentState,Hover4,Slider,98,Scenario,1
ID,8,Time,306.4145,DronePosition,-110.239,7.076613,-107.379,0,CameraPosition,-103.1915,1.747318,-107.3457,CameraRotation,327.5115,265.6711,353.1046,CurrentState,Hover4,Slider,98,Scenario,1
ID,8,Time,306.4286,DronePosition,-110.239,7.076613,-107.379,0,CameraPosition,-103.1915,1.747333,-107.3459,CameraRotation,327.5137,265.649,353.1312,CurrentState,Hover4,Slider,98,Scenario,1
ID,8,Time,306.4423,DronePosition,-110.239,7.076613,-107.379,0,CameraPosition,-103.1915,1.74736,-107.3462,CameraRotation,327.5253,265.6205,353.1591,CurrentState,Hover4,Slider,98,Scenario,1
ID,8,Time,306.456,DronePosition,-110.239,7.076613,-107.379,0,CameraPosition,-103.1915,1.747375,-107.3465,CameraRotation,327.52,265.5873,353.1787,CurrentState,Hover4,Slider,98,Scenario,1
ID,8,Time,306.4703,DronePosition,-110.239,7.076613,-107.379,0,CameraPosition,-103.1915,1.747354,-107.3467,CameraRotation,327.5198,265.5453,353.2036,CurrentState,Hover4,Slider,97,Scenario,1
ID,8,Time,306.4842,DronePosition,-110.239,7.076613,-107.379,0,CameraPosition,-103.1914,1.747333,-107.347,CameraRotation,327.5345,265.5013,353.2314,CurrentState,Hover4,Slider,97,Scenario,1
ID,8,Time,306.4979,DronePosition,-110.239,7.076613,-107.379,0,CameraPosition,-103.1914,1.747302,-107.3473,CameraRotation,327.5451,265.4594,353.2812,CurrentState,Hover4,Slider,97,Scenario,1
ID,8,Time,306.5121,DronePosition,-110.239,7.076613,-107.379,0,CameraPosition,-103.1913,1.747301,-107.3476,CameraRotation,327.5674,265.4008,353.3277,CurrentState,Hover4,Slider,97,Scenario,1
ID,8,Time,306.5258,DronePosition,-110.239,7.076613,-107.379,0,CameraPosition,-103.1912,1.747295,-107.3479,CameraRotation,327.5726,265.3444,353.3767,CurrentState,Hover4,Slider,97,Scenario,1
ID,8,Time,306.5395,DronePosition,-110.239,7.076613,-107.379,0,CameraPosition,-103.1912,1.747313,-107.3482,CameraRotation,327.566,265.287,353.4286,CurrentState,Hover4,Slider,97,Scenario,1
ID,8,Time,306.5535,DronePosition,-110.239,7.076613,-107.379,0,CameraPosition,-103.1911,1.747359,-107.3484,CameraRotation,327.5461,265.2409,353.4905,CurrentState,Hover4,Slider,97,Scenario,1
ID,8,Time,306.5673,DronePosition,-110.239,7.076613,-107.379,0,CameraPosition,-103.191,1.747403,-107.3487,CameraRotation,327.5261,265.205,353.5411,CurrentState,Hover4,Slider,96,Scenario,1
ID,8,Time,306.5814,DronePosition,-110.239,7.076613,-107.379,0,CameraPosition,-103.1909,1.747438,-107.349,CameraRotation,327.5266,265.1718,353.5718,CurrentState,Hover4,Slider,96,Scenario,1
ID,8,Time,306.5953,DronePosition,-110.239,7.076613,-107.379,0,CameraPosition,-103.1908,1.74745,-107.3493,CameraRotation,327.5196,265.1445,353.6079,CurrentState,Hover4,Slider,96,Scenario,1
ID,8,Time,306.6093,DronePosition,-110.239,7.076613,-107.379,0,CameraPosition,-103.1907,1.747455,-107.3495,CameraRotation,327.5205,265.1323,353.6465,CurrentState,Hover4,Slider,96,Scenario,1
ID,8,Time,306.623,DronePosition,-110.239,7.076613,-107.379,0,CameraPosition,-103.1906,1.747433,-107.3497,CameraRotation,327.5227,265.1253,353.6669,CurrentState,Hover4,Slider,96,Scenario,1
ID,8,Time,306.637,DronePosition,-110.239,7.076613,-107.379,0,CameraPosition,-103.1904,1.747381,-107.35,CameraRotation,327.5357,265.1197,353.6776,CurrentState,Hover4,Slider,96,Scenario,1
ID,8,Time,306.651,DronePosition,-110.239,7.076613,-107.379,0,CameraPosition,-103.1904,1.747317,-107.3502,CameraRotation,327.5392,265.1201,353.6897,CurrentState,Hover4,Slider,96,Scenario,1
ID,8,Time,306.665,DronePosition,-110.239,7.076613,-107.379,0,CameraPosition,-103.1903,1.74728,-107.3504,CameraRotation,327.5617,265.1278,353.6834,CurrentState,Hover4,Slider,95,Scenario,1
ID,8,Time,306.6789,DronePosition,-110.239,7.076613,-107.379,0,CameraPosition,-103.1902,1.747289,-107.3506,CameraRotation,327.5647,265.1515,353.6443,CurrentState,Hover4,Slider,95,Scenario,1
ID,8,Time,306.6932,DronePosition,-110.239,7.076613,-107.379,0,CameraPosition,-103.1901,1.747331,-107.3508,CameraRotation,327.5551,265.1765,353.602,CurrentState,Hover4,Slider,95,Scenario,1
ID,8,Time,306.707,DronePosition,-110.239,7.076613,-107.379,0,CameraPosition,-103.1901,1.747398,-107.351,CameraRotation,327.5322,265.1849,353.5887,CurrentState,Hover4,Slider,95,Scenario,1
ID,8,Time,306.7209,DronePosition,-110.239,7.076613,-107.379,0,CameraPosition,-103.19,1.747433,-107.3512,CameraRotation,327.5141,265.1955,353.6177,CurrentState,Hover4,Slider,95,Scenario,1
ID,8,Time,306.7348,DronePosition,-110.239,7.076613,-107.379,0,CameraPosition,-103.19,1.747414,-107.3513,CameraRotation,327.5315,265.1855,353.6502,CurrentState,Hover4,Slider,95,Scenario,1
ID,8,Time,306.7486,DronePosition,-110.239,7.076613,-107.379,0,CameraPosition,-103.1899,1.747366,-107.3515,CameraRotation,327.5735,265.2012,353.6255,CurrentState,Hover4,Slider,95,Scenario,1
ID,8,Time,306.7623,DronePosition,-110.239,7.076613,-107.379,0,CameraPosition,-103.1899,1.747324,-107.3517,CameraRotation,327.5847,265.2209,353.5627,CurrentState,Hover4,Slider,94,Scenario,1
ID,8,Time,306.7763,DronePosition,-110.239,7.076613,-107.379,0,CameraPosition,-103.1898,1.747341,-107.3519,CameraRotation,327.5825,265.2314,353.5426,CurrentState,Hover4,Slider,94,Scenario,1
ID,8,Time,306.7901,DronePosition,-110.239,7.076613,-107.379,0,CameraPosition,-103.1898,1.747385,-107.3522,CameraRotation,327.5519,265.205,353.5742,CurrentState,Hover4,Slider,94,Scenario,1
ID,8,Time,306.8074,DronePosition,-110.239,7.076613,-107.379,0,CameraPosition,-103.1897,1.747435,-107.3525,CameraRotation,327.5266,265.144,353.6422,CurrentState,Hover4,Slider,94,Scenario,1
ID,8,Time,306.8178,DronePosition,-110.239,7.076613,-107.379,0,CameraPosition,-103.1896,1.747466,-107.3527,CameraRotation,327.5052,265.1042,353.6915,CurrentState,Hover4,Slider,94,Scenario,1
ID,8,Time,306.8326,DronePosition,-110.239,7.076613,-107.379,0,CameraPosition,-103.1896,1.747449,-107.353,CameraRotation,327.496,265.0619,353.743,CurrentState,Hover4,Slider,94,Scenario,1
ID,8,Time,306.8456,DronePosition,-110.239,7.076613,-107.379,0,CameraPosition,-103.1896,1.747423,-107.3532,CameraRotation,327.5177,265.0288,353.7678,CurrentState,Hover4,Slider,94,Scenario,1
ID,8,Time,306.8594,DronePosition,-110.239,7.076613,-107.379,0,CameraPosition,-103.1896,1.747401,-107.3534,CameraRotation,327.5367,264.9958,353.7919,CurrentState,Hover4,Slider,94,Scenario,1
ID,8,Time,306.8734,DronePosition,-110.239,7.076613,-107.379,0,CameraPosition,-103.1895,1.747441,-107.3537,CameraRotation,327.5389,264.9679,353.8156,CurrentState,Hover4,Slider,94,Scenario,1
ID,8,Time,306.8875,DronePosition,-110.239,7.076613,-107.379,0,CameraPosition,-103.1895,1.747496,-107.3539,CameraRotation,327.5222,264.9294,353.8508,CurrentState,Hover4,Slider,94,Scenario,1
ID,8,Time,306.9015,DronePosition,-110.239,7.076613,-107.379,0,CameraPosition,-103.1895,1.747536,-107.3541,CameraRotation,327.5261,264.8801,353.8926,CurrentState,Hover4,Slider,94,Scenario,1
ID,8,Time,306.9153,DronePosition,-110.239,7.076613,-107.379,0,CameraPosition,-103.1895,1.747523,-107.3543,CameraRotation,327.5313,264.844,353.9058,CurrentState,Hover4,Slider,94,Scenario,1
ID,8,Time,306.9297,DronePosition,-110.239,7.076613,-107.379,0,CameraPosition,-103.1895,1.747487,-107.3545,CameraRotation,327.572,264.8091,353.9197,CurrentState,Hover4,Slider,94,Scenario,1
ID,8,Time,306.9434,DronePosition,-110.239,7.076613,-107.379,0,CameraPosition,-103.1895,1.747472,-107.3547,CameraRotation,327.591,264.7997,353.9229,CurrentState,Hover4,Slider,94,Scenario,1
ID,8,Time,306.9571,DronePosition,-110.239,7.076613,-107.379,0,CameraPosition,-103.1895,1.747476,-107.3548,CameraRotation,327.5892,264.8034,353.9095,CurrentState,Hover4,Slider,94,Scenario,1
ID,8,Time,306.9711,DronePosition,-110.239,7.076613,-107.379,0,CameraPosition,-103.1895,1.747481,-107.3549,CameraRotation,327.5833,264.8167,353.8766,CurrentState,Hover4,Slider,94,Scenario,1
ID,8,Time,306.9851,DronePosition,-110.239,7.076613,-107.379,0,CameraPosition,-103.1895,1.747495,-107.355,CameraRotation,327.6017,264.8322,353.8503,CurrentState,Hover4,Slider,94,Scenario,1
ID,8,Time,306.999,DronePosition,-110.239,7.076613,-107.379,0,CameraPosition,-103.1895,1.747514,-107.3551,CameraRotation,327.6162,264.8546,353.8399,CurrentState,Hover4,Slider,94,Scenario,1
ID,8,Time,307.013,DronePosition,-110.239,7.076613,-107.379,0,CameraPosition,-103.1896,1.747525,-107.3552,CameraRotation,327.6141,264.8781,353.836,CurrentState,Hover4,Slider,94,Scenario,1
ID,8,Time,307.0266,DronePosition,-110.239,7.076613,-107.379,0,CameraPosition,-103.1896,1.747526,-107.3552,CameraRotation,327.6111,264.925,353.8153,CurrentState,Hover4,Slider,94,Scenario,1
ID,8,Time,307.0406,DronePosition,-110.239,7.076613,-107.379,0,CameraPosition,-103.1896,1.747493,-107.3553,CameraRotation,327.608,264.9723,353.7809,CurrentState,Hover4,Slider,94,Scenario,1
ID,8,Time,307.0545,DronePosition,-110.239,7.076613,-107.379,0,CameraPosition,-103.1896,1.747443,-107.3553,CameraRotation,327.6203,265.02,353.742,CurrentState,Hover4,Slider,94,Scenario,1
ID,8,Time,307.0688,DronePosition,-110.239,7.076613,-107.379,0,CameraPosition,-103.1896,1.747407,-107.3554,CameraRotation,327.637,265.0523,353.701,CurrentState,Hover4,Slider,94,Scenario,1
ID,8,Time,307.0828,DronePosition,-110.239,7.076613,-107.379,0,CameraPosition,-103.1896,1.747406,-107.3554,CameraRotation,327.6392,265.0945,353.6497,CurrentState,Hover4,Slider,94,Scenario,1
ID,8,Time,307.0965,DronePosition,-110.239,7.076613,-107.379,0,CameraPosition,-103.1896,1.747437,-107.3555,CameraRotation,327.6168,265.1089,353.6169,CurrentState,Hover4,Slider,94,Scenario,1
ID,8,Time,307.1103,DronePosition,-110.239,7.076613,-107.379,0,CameraPosition,-103.1896,1.747476,-107.3555,CameraRotation,327.5931,265.1274,353.5963,CurrentState,Hover4,Slider,94,Scenario,1
ID,8,Time,307.1242,DronePosition,-110.239,7.076613,-107.379,0,CameraPosition,-103.1895,1.747502,-107.3556,CameraRotation,327.5723,265.1299,353.5979,CurrentState,Hover4,Slider,94,Scenario,1
ID,8,Time,307.1386,DronePosition,-110.239,7.076613,-107.379,0,CameraPosition,-103.1895,1.747517,-107.3557,CameraRotation,327.5549,265.1378,353.6008,CurrentState,Hover4,Slider,94,Scenario,1
ID,8,Time,307.1524,DronePosition,-110.239,7.076613,-107.379,0,CameraPosition,-103.1895,1.747512,-107.3557,CameraRotation,327.5449,265.1244,353.6154,CurrentState,Hover4,Slider,94,Scenario,1
ID,8,Time,307.1662,DronePosition,-110.239,7.076613,-107.379,0,CameraPosition,-103.1895,1.747512,-107.3558,CameraRotation,327.5456,265.1289,353.6094,CurrentState,Hover4,Slider,94,Scenario,1
ID,8,Time,307.1797,DronePosition,-110.239,7.076613,-107.379,0,CameraPosition,-103.1894,1.747524,-107.3559,CameraRotation,327.5469,265.1227,353.623,CurrentState,Hover4,Slider,94,Scenario,1
ID,8,Time,307.1937,DronePosition,-110.239,7.076613,-107.379,0,CameraPosition,-103.1894,1.747539,-107.3559,CameraRotation,327.5257,265.1166,353.6262,CurrentState,Hover4,Slider,94,Scenario,1
ID,8,Time,307.2076,DronePosition,-110.239,7.076613,-107.379,0,CameraPosition,-103.1895,1.747541,-107.356,CameraRotation,327.5084,265.1071,353.6324,CurrentState,Hover4,Slider,94,Scenario,1
ID,8,Time,307.2214,DronePosition,-110.239,7.076613,-107.379,0,CameraPosition,-103.1894,1.747523,-107.356,CameraRotation,327.5158,265.0968,353.621,CurrentState,Hover4,Slider,94,Scenario,1
ID,8,Time,307.2354,DronePosition,-110.239,7.076613,-107.379,0,CameraPosition,-103.1894,1.747495,-107.356,CameraRotation,327.5057,265.1073,353.5938,CurrentState,Hover4,Slider,94,Scenario,1
ID,8,Time,307.2495,DronePosition,-110.239,7.076613,-107.379,0,CameraPosition,-103.1895,1.747488,-107.356,CameraRotation,327.4857,265.1187,353.5787,CurrentState,Hover4,Slider,94,Scenario,1
ID,8,Time,307.2636,DronePosition,-110.239,7.076613,-107.379,0,CameraPosition,-103.1895,1.747509,-107.3561,CameraRotation,327.4507,265.1418,353.5729,CurrentState,Hover4,Slider,94,Scenario,1
ID,8,Time,307.2773,DronePosition,-110.239,7.076613,-107.379,0,CameraPosition,-103.1896,1.747516,-107.3561,CameraRotation,327.4247,265.1448,353.5768,CurrentState,Hover4,Slider,93,Scenario,1
ID,8,Time,307.2914,DronePosition,-110.239,7.076613,-107.379,0,CameraPosition,-103.1896,1.74751,-107.356,CameraRotation,327.392,265.1715,353.5534,CurrentState,Hover4,Slider,93,Scenario,1
ID,8,Time,307.3051,DronePosition,-110.239,7.076613,-107.379,0,CameraPosition,-103.1897,1.747503,-107.356,CameraRotation,327.373,265.2133,353.5073,CurrentState,Hover4,Slider,93,Scenario,1
ID,8,Time,307.319,DronePosition,-110.239,7.076613,-107.379,0,CameraPosition,-103.1897,1.747509,-107.356,CameraRotation,327.3836,265.2465,353.4508,CurrentState,Hover4,Slider,93,Scenario,1
ID,8,Time,307.3332,DronePosition,-110.239,7.076613,-107.379,0,CameraPosition,-103.1898,1.747503,-107.356,CameraRotation,327.3871,265.274,353.4465,CurrentState,Hover4,Slider,93,Scenario,1
ID,8,Time,307.3474,DronePosition,-110.239,7.076613,-107.379,0,CameraPosition,-103.1899,1.747481,-107.356,CameraRotation,327.387,265.2819,353.4955,CurrentState,Hover4,Slider,93,Scenario,1
ID,8,Time,307.3614,DronePosition,-110.239,7.076613,-107.379,0,CameraPosition,-103.19,1.747455,-107.356,CameraRotation,327.4133,265.2758,353.5229,CurrentState,Hover4,Slider,93,Scenario,1
ID,8,Time,307.3751,DronePosition,-110.239,7.076613,-107.379,0,CameraPosition,-103.1901,1.747448,-107.3559,CameraRotation,327.4311,265.3096,353.4827,CurrentState,Hover4,Slider,93,Scenario,1
ID,8,Time,307.3889,DronePosition,-110.239,7.076613,-107.379,0,CameraPosition,-103.1902,1.747481,-107.3559,CameraRotation,327.4161,265.3564,353.4147,CurrentState,Hover4,Slider,93,Scenario,1
ID,8,Time,307.4026,DronePosition,-110.239,7.076613,-107.379,0,CameraPosition,-103.1903,1.74754,-107.3558,CameraRotation,327.3668,265.4021,353.3484,CurrentState,Hover4,Slider,93,Scenario,1
ID,8,Time,307.4167,DronePosition,-110.239,7.076613,-107.379,0,CameraPosition,-103.1904,1.747586,-107.3558,CameraRotation,327.3441,265.4327,353.3117,CurrentState,MoveToFinal,Slider,93,Scenario,1
ID,8,Time,307.4304,DronePosition,-110.239,7.077551,-107.379,0.068462,CameraPosition,-103.1906,1.747574,-107.3557,CameraRotation,327.3521,265.4332,353.3279,CurrentState,MoveToFinal,Slider,93,Scenario,1
ID,8,Time,307.4448,DronePosition,-110.239,7.079561,-107.379,0.140173,CameraPosition,-103.1907,1.747524,-107.3557,CameraRotation,327.3766,265.4515,353.3425,CurrentState,MoveToFinal,Slider,93,Scenario,1
ID,8,Time,307.4584,DronePosition,-110.239,7.082393,-107.379,0.208189,CameraPosition,-103.1909,1.747452,-107.3557,CameraRotation,327.4295,265.4651,353.3352,CurrentState,MoveToFinal,Slider,93,Scenario,1
ID,8,Time,307.4723,DronePosition,-110.239,7.086251,-107.379,0.277663,CameraPosition,-103.191,1.74736,-107.3556,CameraRotation,327.4646,265.4829,353.311,CurrentState,MoveToFinal,Slider,92,Scenario,1
ID,8,Time,307.4861,DronePosition,-110.239,7.091044,-107.379,0.346772,CameraPosition,-103.1912,1.747322,-107.3556,CameraRotation,327.492,265.4977,353.296,CurrentState,MoveToFinal,Slider,92,Scenario,1
ID,8,Time,307.5004,DronePosition,-110.239,7.097025,-107.379,0.418267,CameraPosition,-103.1913,1.747314,-107.3556,CameraRotation,327.4865,265.4978,353.3051,CurrentState,MoveToFinal,Slider,92,Scenario,1
ID,8,Time,307.5144,DronePosition,-110.239,7.103881,-107.379,0.4884455,CameraPosition,-103.1915,1.747328,-107.3555,CameraRotation,327.4839,265.4963,353.3183,CurrentState,MoveToFinal,Slider,92,Scenario,1
ID,8,Time,307.528,DronePosition,-110.239,7.111446,-107.379,0.5564245,CameraPosition,-103.1917,1.747332,-107.3555,CameraRotation,327.5042,265.5048,353.3046,CurrentState,MoveToFinal,Slider,92,Scenario,1
ID,8,Time,307.5418,DronePosition,-110.239,7.120075,-107.379,0.625413,CameraPosition,-103.1918,1.747299,-107.3555,CameraRotation,327.5278,265.5142,353.2803,CurrentState,MoveToFinal,Slider,92,Scenario,1
ID,8,Time,307.5562,DronePosition,-110.239,7.130099,-107.379,0.697291,CameraPosition,-103.192,1.747258,-107.3554,CameraRotation,327.5719,265.5189,353.2762,CurrentState,MoveToFinal,Slider,92,Scenario,1
ID,8,Time,307.5701,DronePosition,-110.239,7.140737,-107.379,0.766664,CameraPosition,-103.1921,1.747265,-107.3554,CameraRotation,327.6188,265.4813,353.3,CurrentState,MoveToFinal,Slider,91,Scenario,1
ID,8,Time,307.5841,DronePosition,-110.239,7.152525,-107.379,0.8370765,CameraPosition,-103.1923,1.747242,-107.3554,CameraRotation,327.6065,265.4525,353.3164,CurrentState,MoveToFinal,Slider,91,Scenario,1
ID,8,Time,307.5976,DronePosition,-110.239,7.164721,-107.379,0.904497,CameraPosition,-103.1925,1.747197,-107.3554,CameraRotation,327.5775,265.4296,353.3001,CurrentState,MoveToFinal,Slider,91,Scenario,1
ID,8,Time,307.6116,DronePosition,-110.239,7.178299,-107.379,0.9741865,CameraPosition,-103.1926,1.747167,-107.3554,CameraRotation,327.5802,265.4141,353.2896,CurrentState,MoveToFinal,Slider,91,Scenario,1
ID,8,Time,307.6255,DronePosition,-110.239,7.192853,-107.379,1.043895,CameraPosition,-103.1928,1.747156,-107.3554,CameraRotation,327.5981,265.4063,353.265,CurrentState,MoveToFinal,Slider,91,Scenario,1
ID,8,Time,307.6391,DronePosition,-110.239,7.207987,-107.379,1.111948,CameraPosition,-103.1929,1.747157,-107.3554,CameraRotation,327.6342,265.4003,353.2394,CurrentState,MoveToFinal,Slider,91,Scenario,1
ID,8,Time,307.6535,DronePosition,-110.239,7.225011,-107.379,1.183849,CameraPosition,-103.193,1.747148,-107.3553,CameraRotation,327.6475,265.3761,353.242,CurrentState,MoveToFinal,Slider,91,Scenario,1
ID,8,Time,307.6676,DronePosition,-110.239,7.242754,-107.379,1.254559,CameraPosition,-103.1931,1.747164,-107.3553,CameraRotation,327.6506,265.3633,353.2433,CurrentState,MoveToFinal,Slider,91,Scenario,1
ID,8,Time,307.6813,DronePosition,-110.239,7.260796,-107.379,1.322757,CameraPosition,-103.1932,1.747171,-107.3552,CameraRotation,327.6486,265.3614,353.2448,CurrentState,MoveToFinal,Slider,91,Scenario,1
ID,8,Time,307.6954,DronePosition,-110.239,7.280446,-107.379,1.393275,CameraPosition,-103.1933,1.747164,-107.3552,CameraRotation,327.6467,265.3821,353.2238,CurrentState,MoveToFinal,Slider,91,Scenario,1
ID,8,Time,307.7094,DronePosition,-110.239,7.301013,-107.379,1.463542,CameraPosition,-103.1935,1.747163,-107.3551,CameraRotation,327.6539,265.4227,353.1806,CurrentState,MoveToFinal,Slider,91,Scenario,1
ID,8,Time,307.7228,DronePosition,-110.239,7.321491,-107.379,1.530442,CameraPosition,-103.1936,1.747169,-107.3551,CameraRotation,327.6489,265.4583,353.1361,CurrentState,MoveToFinal,Slider,91,Scenario,1
ID,8,Time,307.7368,DronePosition,-110.239,7.343818,-107.379,1.600206,CameraPosition,-103.1937,1.747196,-107.3551,CameraRotation,327.6382,265.4651,353.1268,CurrentState,MoveToFinal,Slider,91,Scenario,1
ID,8,Time,307.751,DronePosition,-110.239,7.367615,-107.379,1.671394,CameraPosition,-103.1938,1.747237,-107.3551,CameraRotation,327.6257,265.4573,353.1497,CurrentState,MoveToFinal,Slider,91,Scenario,1
ID,8,Time,307.7652,DronePosition,-110.239,7.392365,-107.379,1.742417,CameraPosition,-103.1939,1.747281,-107.3551,CameraRotation,327.599,265.4503,353.1627,CurrentState,MoveToFinal,Slider,90,Scenario,1
ID,8,Time,307.779,DronePosition,-110.239,7.417387,-107.379,1.811483,CameraPosition,-103.194,1.74731,-107.3551,CameraRotation,327.5902,265.4628,353.1469,CurrentState,MoveToFinal,Slider,90,Scenario,1
ID,8,Time,307.7928,DronePosition,-110.239,7.443319,-107.379,1.880434,CameraPosition,-103.1941,1.74733,-107.3551,CameraRotation,327.5926,265.4799,353.1057,CurrentState,MoveToFinal,Slider,90,Scenario,1
ID,8,Time,307.8062,DronePosition,-110.239,7.469419,-107.379,1.947447,CameraPosition,-103.1942,1.74733,-107.3551,CameraRotation,327.5932,265.4836,353.0965,CurrentState,MoveToFinal,Slider,90,Scenario,1
ID,8,Time,307.8202,DronePosition,-110.239,7.497686,-107.379,2.017501,CameraPosition,-103.1942,1.747338,-107.3551,CameraRotation,327.592,265.4736,353.1058,CurrentState,MoveToFinal,Slider,90,Scenario,1
ID,8,Time,307.8344,DronePosition,-110.239,7.527165,-107.379,2.088089,CameraPosition,-103.1943,1.747351,-107.3551,CameraRotation,327.5977,265.4452,353.1291,CurrentState,MoveToFinal,Slider,90,Scenario,1
ID,8,Time,307.8483,DronePosition,-110.239,7.557358,-107.379,2.158042,CameraPosition,-103.1943,1.747387,-107.3551,CameraRotation,327.6033,265.4314,353.1342,CurrentState,MoveToFinal,Slider,90,Scenario,1
ID,8,Time,307.8624,DronePosition,-110.239,7.588664,-107.379,2.228288,CameraPosition,-103.1943,1.747394,-107.3551,CameraRotation,327.5819,265.4362,353.1252,CurrentState,MoveToFinal,Slider,90,Scenario,1
ID,8,Time,307.8761,DronePosition,-110.239,7.620255,-107.379,2.297054,CameraPosition,-103.1944,1.747401,-107.3551,CameraRotation,327.5741,265.4418,353.1143,CurrentState,MoveToFinal,Slider,90,Scenario,1
ID,8,Time,307.8898,DronePosition,-110.239,7.652476,-107.379,2.365168,CameraPosition,-103.1944,1.747389,-107.3551,CameraRotation,327.5725,265.4495,353.1047,CurrentState,MoveToFinal,Slider,90,Scenario,1
ID,8,Time,307.9041,DronePosition,-110.239,7.687406,-107.379,2.436838,CameraPosition,-103.1944,1.747344,-107.3551,CameraRotation,327.5679,265.4458,353.1131,CurrentState,MoveToFinal,Slider,90,Scenario,1
ID,8,Time,307.9178,DronePosition,-110.239,7.721706,-107.379,2.505294,CameraPosition,-103.1944,1.747298,-107.3551,CameraRotation,327.5681,265.4535,353.114,CurrentState,MoveToFinal,Slider,90,Scenario,1
ID,8,Time,307.9319,DronePosition,-110.239,7.757976,-107.379,2.575702,CameraPosition,-103.1944,1.747276,-107.3551,CameraRotation,327.5794,265.4833,353.0725,CurrentState,MoveToFinal,Slider,90,Scenario,1
ID,8,Time,307.9457,DronePosition,-110.239,7.794642,-107.379,2.645015,CameraPosition,-103.1943,1.74728,-107.3551,CameraRotation,327.5751,265.517,353.0333,CurrentState,MoveToFinal,Slider,90,Scenario,1
ID,8,Time,307.9595,DronePosition,-110.239,7.832,-107.379,2.713842,CameraPosition,-103.1943,1.747298,-107.3551,CameraRotation,327.5515,265.53,353.0331,CurrentState,MoveToFinal,Slider,90,Scenario,1
ID,8,Time,307.9738,DronePosition,-110.239,7.871842,-107.379,2.785363,CameraPosition,-103.1942,1.74733,-107.3551,CameraRotation,327.5284,265.5377,353.0632,CurrentState,MoveToFinal,Slider,90,Scenario,1
ID,8,Time,307.9875,DronePosition,-110.239,7.910801,-107.379,2.853626,CameraPosition,-103.1941,1.747356,-107.3552,CameraRotation,327.5228,265.5277,353.0877,CurrentState,MoveToFinal,Slider,90,Scenario,1
ID,8,Time,308.002,DronePosition,-110.239,7.953261,-107.379,2.926178,CameraPosition,-103.1939,1.747361,-107.3552,CameraRotation,327.5211,265.5334,353.0815,CurrentState,MoveToFinal,Slider,90,Scenario,1
ID,8,Time,308.0153,DronePosition,-110.239,7.993052,-107.379,2.992659,CameraPosition,-103.1938,1.747337,-107.3552,CameraRotation,327.5182,265.5522,353.0507,CurrentState,MoveToFinal,Slider,90,Scenario,1
ID,8,Time,308.0294,DronePosition,-110.239,8.036443,-107.379,3.063478,CameraPosition,-103.1936,1.74732,-107.3552,CameraRotation,327.5232,265.5642,353.0349,CurrentState,MoveToFinal,Slider,90,Scenario,1
ID,8,Time,308.0433,DronePosition,-110.239,8.079816,-107.379,3.132704,CameraPosition,-103.1935,1.747314,-107.3552,CameraRotation,327.495,265.5782,353.0304,CurrentState,MoveToFinal,Slider,90,Scenario,1
ID,8,Time,308.0572,DronePosition,-110.239,8.124416,-107.379,3.202341,CameraPosition,-103.1934,1.747329,-107.3552,CameraRotation,327.4495,265.5853,353.0245,CurrentState,MoveToFinal,Slider,90,Scenario,1
ID,8,Time,308.071,DronePosition,-110.239,8.169436,-107.379,3.271155,CameraPosition,-103.1932,1.747328,-107.3552,CameraRotation,327.4096,265.5987,353.002,CurrentState,MoveToFinal,Slider,90,Scenario,1
ID,8,Time,308.085,DronePosition,-110.239,8.216478,-107.379,3.341544,CameraPosition,-103.1931,1.747299,-107.3552,CameraRotation,327.3865,265.613,352.9851,CurrentState,MoveToFinal,Slider,90,Scenario,1
ID,8,Time,308.0987,DronePosition,-110.239,8.263063,-107.379,3.409853,CameraPosition,-103.1929,1.747271,-107.3553,CameraRotation,327.3753,265.6099,352.9848,CurrentState,MoveToFinal,Slider,90,Scenario,1
ID,8,Time,308.1129,DronePosition,-110.239,8.312422,-107.379,3.480755,CameraPosition,-103.1927,1.747258,-107.3553,CameraRotation,327.3639,265.6002,353.0071,CurrentState,MoveToFinal,Slider,90,Scenario,1
ID,8,Time,308.127,DronePosition,-110.239,8.362701,-107.379,3.551541,CameraPosition,-103.1926,1.747276,-107.3553,CameraRotation,327.343,265.5862,353.0219,CurrentState,MoveToFinal,Slider,90,Scenario,1
ID,8,Time,308.1407,DronePosition,-110.239,8.412078,-107.379,3.619746,CameraPosition,-103.1924,1.747314,-107.3553,CameraRotation,327.3233,265.5738,353.0301,CurrentState,MoveToFinal,Slider,90,Scenario,1
ID,8,Time,308.1544,DronePosition,-110.239,8.462911,-107.379,3.68865,CameraPosition,-103.1921,1.74737,-107.3553,CameraRotation,327.3068,265.5629,353.0222,CurrentState,MoveToFinal,Slider,90,Scenario,1
ID,8,Time,308.1684,DronePosition,-110.239,8.515486,-107.379,3.75859,CameraPosition,-103.1919,1.747401,-107.3554,CameraRotation,327.2699,265.5673,353.0028,CurrentState,MoveToFinal,Slider,90,Scenario,1
ID,8,Time,308.1828,DronePosition,-110.239,8.570642,-107.379,3.830583,CameraPosition,-103.1917,1.74742,-107.3553,CameraRotation,327.251,265.5634,352.996,CurrentState,MoveToFinal,Slider,90,Scenario,1
ID,8,Time,308.1968,DronePosition,-110.239,8.62519,-107.379,3.900508,CameraPosition,-103.1915,1.74744,-107.3553,CameraRotation,327.2145,265.5573,352.9906,CurrentState,MoveToFinal,Slider,90,Scenario,1
ID,8,Time,308.2104,DronePosition,-110.239,8.679303,-107.379,3.968684,CameraPosition,-103.1914,1.747469,-107.3553,CameraRotation,327.1851,265.5541,352.9774,CurrentState,MoveToFinal,Slider,90,Scenario,1
ID,8,Time,308.2245,DronePosition,-110.239,8.735902,-107.379,4.038753,CameraPosition,-103.1912,1.747484,-107.3553,CameraRotation,327.1685,265.561,352.947,CurrentState,MoveToFinal,Slider,90,Scenario,1
ID,8,Time,308.2382,DronePosition,-110.239,8.792092,-107.379,4.107158,CameraPosition,-103.1911,1.747497,-107.3553,CameraRotation,327.1718,265.5662,352.9317,CurrentState,MoveToFinal,Slider,90,Scenario,1
ID,8,Time,308.2525,DronePosition,-110.239,8.851909,-107.379,4.17873,CameraPosition,-103.1909,1.747515,-107.3552,CameraRotation,327.1745,265.5861,352.9015,CurrentState,MoveToFinal,Slider,90,Scenario,1
ID,8,Time,308.2661,DronePosition,-110.239,8.909914,-107.379,4.247019,CameraPosition,-103.1908,1.747517,-107.3552,CameraRotation,327.1546,265.6004,352.9093,CurrentState,MoveToFinal,Slider,90,Scenario,1
ID,8,Time,308.28,DronePosition,-110.239,8.969802,-107.379,4.316392,CameraPosition,-103.1907,1.747521,-107.3551,CameraRotation,327.127,265.6182,352.9103,CurrentState,MoveToFinal,Slider,90,Scenario,1
ID,8,Time,308.2943,DronePosition,-110.239,9.032598,-107.379,4.387947,CameraPosition,-103.1906,1.747533,-107.3551,CameraRotation,327.1059,265.667,352.8876,CurrentState,MoveToFinal,Slider,90,Scenario,1
ID,8,Time,308.3078,DronePosition,-110.239,9.092842,-107.379,4.455554,CameraPosition,-103.1905,1.747552,-107.355,CameraRotation,327.1037,265.7224,352.8592,CurrentState,MoveToFinal,Slider,90,Scenario,1
ID,8,Time,308.3221,DronePosition,-110.239,9.157582,-107.379,4.527057,CameraPosition,-103.1904,1.747576,-107.3549,CameraRotation,327.1107,265.7772,352.8286,CurrentState,MoveToFinal,Slider,90,Scenario,1
ID,8,Time,308.3365,DronePosition,-110.239,9.223437,-107.379,4.598659,CameraPosition,-103.1903,1.747588,-107.3549,CameraRotation,327.1198,265.8246,352.805,CurrentState,MoveToFinal,Slider,90,Scenario,1
ID,8,Time,308.3504,DronePosition,-110.239,9.28877,-107.379,4.668629,CameraPosition,-103.1902,1.747584,-107.3548,CameraRotation,327.1291,265.8587,352.7785,CurrentState,MoveToFinal,Slider,90,Scenario,1
ID,8,Time,308.364,DronePosition,-110.239,9.352986,-107.379,4.73642,CameraPosition,-103.1901,1.747551,-107.3547,CameraRotation,327.1482,265.8833,352.7567,CurrentState,MoveToFinal,Slider,90,Scenario,1
ID,8,Time,308.3777,DronePosition,-110.239,9.418563,-107.379,4.804662,CameraPosition,-103.19,1.747516,-107.3546,CameraRotation,327.1609,265.9066,352.7165,CurrentState,MoveToFinal,Slider,91,Scenario,1
ID,8,Time,308.3925,DronePosition,-110.239,9.491189,-107.379,4.879088,CameraPosition,-103.1899,1.74747,-107.3546,CameraRotation,327.1713,265.9248,352.6833,CurrentState,MoveToFinal,Slider,91,Scenario,1
ID,8,Time,308.4057,DronePosition,-110.239,9.556434,-107.379,4.945058,CameraPosition,-103.1898,1.747443,-107.3546,CameraRotation,327.169,265.9287,352.6621,CurrentState,MoveToFinal,Slider,91,Scenario,1
ID,8,Time,308.4197,DronePosition,-110.239,9.626347,-107.379,5.014766,CameraPosition,-103.1898,1.747466,-107.3545,CameraRotation,327.1667,265.9175,352.6469,CurrentState,MoveToFinal,Slider,91,Scenario,1
ID,8,Time,308.4337,DronePosition,-110.239,9.697459,-107.379,5.084694,CameraPosition,-103.1897,1.747468,-107.3545,CameraRotation,327.1623,265.9031,352.6501,CurrentState,MoveToFinal,Slider,91,Scenario,1
ID,8,Time,308.4471,DronePosition,-110.239,9.766376,-107.379,5.151583,CameraPosition,-103.1897,1.747465,-107.3545,CameraRotation,327.1754,265.8825,352.6519,CurrentState,MoveToFinal,Slider,91,Scenario,1
ID,8,Time,308.4612,DronePosition,-110.239,9.840348,-107.379,5.222404,CameraPosition,-103.1896,1.747459,-107.3545,CameraRotation,327.1944,265.8508,352.6603,CurrentState,MoveToFinal,Slider,91,Scenario,1
ID,8,Time,308.4752,DronePosition,-110.239,9.914431,-107.379,5.292394,CameraPosition,-103.1896,1.747451,-107.3544,CameraRotation,327.2072,265.8267,352.6835,CurrentState,MoveToFinal,Slider,94,Scenario,1
ID,8,Time,308.4887,DronePosition,-110.239,9.986798,-107.379,5.359902,CameraPosition,-103.1896,1.74747,-107.3544,CameraRotation,327.213,265.8211,352.6972,CurrentState,MoveToFinal,Slider,94,Scenario,1
ID,8,Time,308.5028,DronePosition,-110.239,10.06326,-107.379,5.430302,CameraPosition,-103.1896,1.747495,-107.3544,CameraRotation,327.2016,265.8052,352.736,CurrentState,MoveToFinal,Slider,94,Scenario,1
ID,8,Time,308.5167,DronePosition,-110.239,10.13993,-107.379,5.500003,CameraPosition,-103.1896,1.747508,-107.3543,CameraRotation,327.196,265.7864,352.7696,CurrentState,MoveToFinal,Slider,94,Scenario,1
ID,8,Time,308.5307,DronePosition,-110.239,10.21768,-107.379,5.569803,CameraPosition,-103.1896,1.7475,-107.3543,CameraRotation,327.1979,265.7821,352.7856,CurrentState,MoveToFinal,Slider,94,Scenario,1
ID,8,Time,308.5445,DronePosition,-110.239,10.29544,-107.379,5.638755,CameraPosition,-103.1896,1.747485,-107.3542,CameraRotation,327.216,265.7946,352.768,CurrentState,MoveToFinal,Slider,94,Scenario,1
ID,8,Time,308.5585,DronePosition,-110.239,10.37548,-107.379,5.708857,CameraPosition,-103.1896,1.74746,-107.3542,CameraRotation,327.2201,265.8103,352.7581,CurrentState,MoveToFinal,Slider,94,Scenario,1
ID,8,Time,308.5722,DronePosition,-110.239,10.45455,-107.379,5.777283,CameraPosition,-103.1896,1.747445,-107.3541,CameraRotation,327.2173,265.8063,352.7787,CurrentState,MoveToFinal,Slider,96,Scenario,1
ID,8,Time,308.5866,DronePosition,-110.239,10.53884,-107.379,5.849334,CameraPosition,-103.1896,1.747445,-107.354,CameraRotation,327.2185,265.7924,352.8126,CurrentState,MoveToFinal,Slider,96,Scenario,1
ID,8,Time,308.6005,DronePosition,-110.239,10.62091,-107.379,5.918671,CameraPosition,-103.1897,1.747418,-107.3539,CameraRotation,327.2422,265.7775,352.8492,CurrentState,MoveToFinal,Slider,96,Scenario,1
ID,8,Time,308.6144,DronePosition,-110.239,10.70454,-107.379,5.988492,CameraPosition,-103.1897,1.74739,-107.3538,CameraRotation,327.2648,265.8005,352.831,CurrentState,MoveToFinal,Slider,96,Scenario,1
ID,8,Time,308.6281,DronePosition,-110.239,10.78737,-107.379,6.056868,CameraPosition,-103.1897,1.747383,-107.3536,CameraRotation,327.2654,265.8325,352.7868,CurrentState,MoveToFinal,Slider,96,Scenario,1
ID,8,Time,308.6418,DronePosition,-110.239,10.87157,-107.379,6.1256,CameraPosition,-103.1897,1.747449,-107.3535,CameraRotation,327.2597,265.8726,352.7545,CurrentState,MoveToFinal,Slider,96,Scenario,1
ID,8,Time,308.6559,DronePosition,-110.239,10.95883,-107.379,6.196015,CameraPosition,-103.1897,1.747542,-107.3533,CameraRotation,327.2154,265.9111,352.7461,CurrentState,MoveToFinal,Slider,96,Scenario,1
ID,8,Time,308.6697,DronePosition,-110.239,11.04542,-107.379,6.265119,CameraPosition,-103.1897,1.747617,-107.3532,CameraRotation,327.1671,265.9106,352.7693,CurrentState,MoveToFinal,Slider,96,Scenario,1
ID,8,Time,308.6838,DronePosition,-110.239,11.13462,-107.379,6.335518,CameraPosition,-103.1897,1.74763,-107.3531,CameraRotation,327.1527,265.9094,352.7884,CurrentState,MoveToFinal,Slider,96,Scenario,1
ID,8,Time,308.6976,DronePosition,-110.239,11.22261,-107.379,6.404208,CameraPosition,-103.1897,1.74758,-107.353,CameraRotation,327.1596,265.9057,352.8082,CurrentState,MoveToFinal,Slider,96,Scenario,1
ID,8,Time,308.7116,DronePosition,-110.239,11.31367,-107.379,6.474531,CameraPosition,-103.1897,1.747518,-107.3529,CameraRotation,327.1693,265.8984,352.8272,CurrentState,MoveToFinal,Slider,96,Scenario,1
ID,8,Time,308.7252,DronePosition,-110.239,11.40269,-107.379,6.542562,CameraPosition,-103.1897,1.747481,-107.3528,CameraRotation,327.1675,265.9014,352.8276,CurrentState,MoveToFinal,Slider,96,Scenario,1
ID,8,Time,308.739,DronePosition,-110.239,11.49348,-107.379,6.611229,CameraPosition,-103.1896,1.74748,-107.3526,CameraRotation,327.1476,265.8979,352.8213,CurrentState,MoveToFinal,Slider,96,Scenario,1
ID,8,Time,308.7535,DronePosition,-110.239,11.59048,-107.379,6.683793,CameraPosition,-103.1896,1.747515,-107.3525,CameraRotation,327.1178,265.8727,352.8465,CurrentState,MoveToFinal,Slider,96,Scenario,1
ID,8,Time,308.7673,DronePosition,-110.239,11.68387,-107.379,6.752941,CameraPosition,-103.1896,1.747573,-107.3524,CameraRotation,327.0799,265.8357,352.8839,CurrentState,MoveToFinal,Slider,96,Scenario,1
ID,8,Time,308.7813,DronePosition,-110.239,11.77925,-107.379,6.822835,CameraPosition,-103.1895,1.747611,-107.3522,CameraRotation,327.0396,265.7982,352.9217,CurrentState,MoveToFinal,Slider,97,Scenario,1
ID,8,Time,308.7951,DronePosition,-110.239,11.87437,-107.379,6.891844,CameraPosition,-103.1894,1.747634,-107.352,CameraRotation,327.032,265.7902,352.9372,CurrentState,MoveToFinal,Slider,97,Scenario,1
ID,8,Time,308.8095,DronePosition,-110.239,11.97465,-107.379,6.963847,CameraPosition,-103.1894,1.747645,-107.3518,CameraRotation,327.0132,265.7874,352.9176,CurrentState,MoveToFinal,Slider,97,Scenario,1
ID,8,Time,308.8227,DronePosition,-110.239,12.06758,-107.379,7.029946,CameraPosition,-103.1893,1.747635,-107.3516,CameraRotation,326.9807,265.8156,352.8621,CurrentState,MoveToFinal,Slider,97,Scenario,1
ID,8,Time,308.8392,DronePosition,-110.239,12.1848,-107.379,7.112348,CameraPosition,-103.1893,1.747646,-107.3514,CameraRotation,326.952,265.8227,352.8188,CurrentState,MoveToFinal,Slider,97,Scenario,1
ID,8,Time,308.8511,DronePosition,-110.239,12.27019,-107.379,7.171878,CameraPosition,-103.1892,1.747684,-107.3512,CameraRotation,326.9095,265.8211,352.8109,CurrentState,MoveToFinal,Slider,97,Scenario,1
ID,8,Time,308.8647,DronePosition,-110.239,12.36839,-107.379,7.2397,CameraPosition,-103.1892,1.747785,-107.351,CameraRotation,326.846,265.7949,352.8478,CurrentState,MoveToFinal,Slider,97,Scenario,1
ID,8,Time,308.8784,DronePosition,-110.239,12.46874,-107.379,7.308355,CameraPosition,-103.1891,1.747907,-107.3508,CameraRotation,326.7859,265.7831,352.8755,CurrentState,MoveToFinal,Slider,99,Scenario,1
ID,8,Time,308.8923,DronePosition,-110.239,12.5714,-107.379,7.377925,CameraPosition,-103.1891,1.748052,-107.3506,CameraRotation,326.7142,265.779,352.8662,CurrentState,MoveToFinal,Slider,99,Scenario,1
ID,8,Time,308.9059,DronePosition,-110.239,12.67292,-107.379,7.446098,CameraPosition,-103.1891,1.748146,-107.3504,CameraRotation,326.6271,265.7816,352.8481,CurrentState,MoveToFinal,Slider,99,Scenario,1
ID,8,Time,308.92,DronePosition,-110.239,12.7788,-107.379,7.516532,CameraPosition,-103.1891,1.748234,-107.3502,CameraRotation,326.5529,265.7669,352.8509,CurrentState,MoveToFinal,Slider,99,Scenario,1
ID,8,Time,308.934,DronePosition,-110.239,12.88439,-107.379,7.586125,CameraPosition,-103.189,1.748315,-107.3499,CameraRotation,326.4976,265.7426,352.8417,CurrentState,MoveToFinal,Slider,99,Scenario,1
ID,8,Time,308.9481,DronePosition,-110.239,12.99282,-107.379,7.656925,CameraPosition,-103.189,1.74835,-107.3497,CameraRotation,326.4619,265.7202,352.8352,CurrentState,MoveToFinal,Slider,99,Scenario,1
ID,8,Time,308.9624,DronePosition,-110.239,13.10334,-107.379,7.728428,CameraPosition,-103.189,1.748367,-107.3495,CameraRotation,326.4579,265.6912,352.8221,CurrentState,MoveToFinal,Slider,99,Scenario,1
ID,8,Time,308.9759,DronePosition,-110.239,13.20872,-107.379,7.796017,CameraPosition,-103.189,1.748382,-107.3493,CameraRotation,326.4384,265.6782,352.795,CurrentState,MoveToFinal,Slider,100,Scenario,1
ID,8,Time,308.9897,DronePosition,-110.239,13.31736,-107.379,7.865081,CameraPosition,-103.189,1.74838,-107.349,CameraRotation,326.4171,265.6372,352.7788,CurrentState,MoveToFinal,Slider,100,Scenario,1
ID,8,Time,309.0037,DronePosition,-110.239,13.42791,-107.379,7.934745,CameraPosition,-103.189,1.748389,-107.3488,CameraRotation,326.4011,265.617,352.752,CurrentState,MoveToFinal,Slider,100,Scenario,1
ID,8,Time,309.0182,DronePosition,-110.239,13.54384,-107.379,8.007133,CameraPosition,-103.189,1.748402,-107.3485,CameraRotation,326.4001,265.6263,352.7055,CurrentState,MoveToFinal,Slider,100,Scenario,1
ID,8,Time,309.0318,DronePosition,-110.239,13.65419,-107.379,8.075458,CameraPosition,-103.1891,1.74841,-107.3483,CameraRotation,326.3904,265.6324,352.6394,CurrentState,MoveToFinal,Slider,100,Scenario,1
ID,8,Time,309.0454,DronePosition,-110.239,13.76526,-107.379,8.143655,CameraPosition,-103.1891,1.748415,-107.3481,CameraRotation,326.3695,265.6504,352.5807,CurrentState,MoveToFinal,Slider,100,Scenario,1
ID,8,Time,309.0595,DronePosition,-110.239,13.8804,-107.379,8.213745,CameraPosition,-103.1891,1.74844,-107.3478,CameraRotation,326.3522,265.6781,352.5286,CurrentState,MoveToFinal,Slider,100,Scenario,1
ID,8,Time,309.0733,DronePosition,-110.239,13.99481,-107.379,8.282809,CameraPosition,-103.1891,1.748448,-107.3476,CameraRotation,326.2991,265.7078,352.4976,CurrentState,MoveToFinal,Slider,100,Scenario,1
ID,8,Time,309.0876,DronePosition,-110.239,14.11413,-107.379,8.354218,CameraPosition,-103.189,1.748467,-107.3474,CameraRotation,326.2467,265.738,352.4609,CurrentState,MoveToFinal,Slider,100,Scenario,1
ID,8,Time,309.1011,DronePosition,-110.239,14.22817,-107.379,8.421926,CameraPosition,-103.189,1.748495,-107.3471,CameraRotation,326.1833,265.7646,352.4249,CurrentState,MoveToFinal,Slider,100,Scenario,1
ID,8,Time,309.1151,DronePosition,-110.239,14.34704,-107.379,8.491916,CameraPosition,-103.1889,1.748522,-107.347,CameraRotation,326.1198,265.7774,352.4035,CurrentState,MoveToFinal,Slider,100,Scenario,1
ID,8,Time,309.1292,DronePosition,-110.239,14.46789,-107.379,8.562487,CameraPosition,-103.1888,1.748562,-107.3468,CameraRotation,326.0536,265.8116,352.3703,CurrentState,MoveToFinal,Slider,100,Scenario,1
ID,8,Time,309.1431,DronePosition,-110.239,14.58748,-107.379,8.631758,CameraPosition,-103.1887,1.748625,-107.3466,CameraRotation,325.9692,265.8366,352.3429,CurrentState,MoveToFinal,Slider,100,Scenario,1
ID,8,Time,309.1569,DronePosition,-110.239,14.70732,-107.379,8.700626,CameraPosition,-103.1887,1.748737,-107.3464,CameraRotation,325.8856,265.8501,352.3027,CurrentState,MoveToFinal,Slider,100,Scenario,1
ID,8,Time,309.1706,DronePosition,-110.239,14.82807,-107.379,8.769473,CameraPosition,-103.1886,1.748883,-107.3462,CameraRotation,325.7806,265.8587,352.2693,CurrentState,MoveToFinal,Slider,100,Scenario,1
ID,8,Time,309.1846,DronePosition,-110.239,14.95163,-107.379,8.839366,CameraPosition,-103.1884,1.74902,-107.3461,CameraRotation,325.6457,265.8445,352.2756,CurrentState,MoveToFinal,Slider,100,Scenario,1
ID,8,Time,309.1989,DronePosition,-110.239,15.0791,-107.379,8.910888,CameraPosition,-103.1883,1.749124,-107.3459,CameraRotation,325.5229,265.8171,352.3225,CurrentState,MoveToFinal,Slider,100,Scenario,1
ID,8,Time,309.2128,DronePosition,-110.239,15.20375,-107.379,8.980292,CameraPosition,-103.1882,1.749217,-107.3457,CameraRotation,325.4104,265.7706,352.3712,CurrentState,MoveToFinal,Slider,100,Scenario,1
ID,8,Time,309.2267,DronePosition,-110.239,15.32963,-107.379,9.049837,CameraPosition,-103.188,1.749386,-107.3455,CameraRotation,325.2686,265.7405,352.391,CurrentState,MoveToFinal,Slider,100,Scenario,1
ID,8,Time,309.2403,DronePosition,-110.239,15.45336,-107.379,9.117692,CameraPosition,-103.1877,1.749671,-107.3452,CameraRotation,325.0916,265.7183,352.4134,CurrentState,MoveToFinal,Slider,100,Scenario,1
ID,8,Time,309.2545,DronePosition,-110.239,15.58411,-107.379,9.188834,CameraPosition,-103.1874,1.750057,-107.345,CameraRotation,324.8539,265.7094,352.4396,CurrentState,MoveToFinal,Slider,100,Scenario,1
ID,8,Time,309.2684,DronePosition,-110.239,15.71294,-107.379,9.25841,CameraPosition,-103.187,1.750504,-107.3447,CameraRotation,324.5508,265.7088,352.4301,CurrentState,MoveToFinal,Slider,100,Scenario,1
ID,8,Time,309.2828,DronePosition,-110.239,15.84708,-107.379,9.330297,CameraPosition,-103.1866,1.750936,-107.3444,CameraRotation,324.2026,265.7053,352.3821,CurrentState,MoveToFinal,Slider,100,Scenario,1
ID,8,Time,309.2962,DronePosition,-110.239,15.9728,-107.379,9.397187,CameraPosition,-103.1862,1.751301,-107.3441,CameraRotation,323.8619,265.7205,352.3173,CurrentState,MoveToFinal,Slider,100,Scenario,1
ID,8,Time,309.3099,DronePosition,-110.239,16.10314,-107.379,9.466033,CameraPosition,-103.1859,1.751592,-107.3438,CameraRotation,323.5324,265.7641,352.1749,CurrentState,MoveToFinal,Slider,100,Scenario,1
ID,8,Time,309.3237,DronePosition,-110.239,16.23428,-107.379,9.534802,CameraPosition,-103.1855,1.751843,-107.3436,CameraRotation,323.2185,265.8268,351.997,CurrentState,MoveToFinal,Slider,100,Scenario,1
ID,8,Time,309.3379,DronePosition,-110.239,16.37087,-107.379,9.605899,CameraPosition,-103.185,1.752137,-107.3433,CameraRotation,322.8978,265.8811,351.8396,CurrentState,MoveToFinal,Slider,100,Scenario,1
ID,8,Time,309.3522,DronePosition,-110.239,16.509,-107.379,9.677268,CameraPosition,-103.1845,1.752493,-107.343,CameraRotation,322.5007,265.9243,351.7131,CurrentState,MoveToFinal,Slider,100,Scenario,1
ID,8,Time,309.3656,DronePosition,-110.239,16.64024,-107.379,9.74461,CameraPosition,-103.184,1.752892,-107.3428,CameraRotation,322.0695,265.9675,351.5728,CurrentState,MoveToFinal,Slider,100,Scenario,1
ID,8,Time,309.3796,DronePosition,-110.239,16.7773,-107.379,9.814434,CameraPosition,-103.1835,1.753281,-107.3426,CameraRotation,321.6506,265.9992,351.4346,CurrentState,MoveToFinal,Slider,100,Scenario,1
ID,8,Time,309.3941,DronePosition,-110.239,16.92047,-107.379,9.886838,CameraPosition,-103.1829,1.753675,-107.3424,CameraRotation,321.2165,266.0132,351.2926,CurrentState,MoveToFinal,Slider,100,Scenario,1
ID,8,Time,309.4077,DronePosition,-110.239,17.05628,-107.379,9.955051,CameraPosition,-103.1824,1.754083,-107.3422,CameraRotation,320.7938,266.035,351.1885,CurrentState,MoveToFinal,Slider,100,Scenario,1
ID,8,Time,309.4214,DronePosition,-110.239,17.19335,-107.379,10.02342,CameraPosition,-103.1817,1.754514,-107.342,CameraRotation,320.3785,266.0183,351.1361,CurrentState,MoveToFinal,Slider,100,Scenario,1
ID,8,Time,309.4358,DronePosition,-110.239,17.33896,-107.379,10.09554,CameraPosition,-103.181,1.754967,-107.3418,CameraRotation,319.9273,266.0117,351.071,CurrentState,MoveToFinal,Slider,100,Scenario,1
ID,8,Time,309.4496,DronePosition,-110.239,17.47923,-107.379,10.16454,CameraPosition,-103.1803,1.755455,-107.3416,CameraRotation,319.4663,265.9886,351.016,CurrentState,MoveToFinal,Slider,100,Scenario,1
ID,8,Time,309.4636,DronePosition,-110.239,17.6217,-107.379,10.23415,CameraPosition,-103.1796,1.755911,-107.3414,CameraRotation,318.9655,265.9666,350.9602,CurrentState,MoveToFinal,Slider,100,Scenario,1
ID,8,Time,309.477,DronePosition,-110.239,17.76026,-107.379,10.3014,CameraPosition,-103.1788,1.756357,-107.3412,CameraRotation,318.4932,265.9038,350.9639,CurrentState,MoveToFinal,Slider,100,Scenario,1
ID,8,Time,309.4913,DronePosition,-110.239,17.9085,-107.379,10.37286,CameraPosition,-103.178,1.756783,-107.341,CameraRotation,317.9942,265.8599,350.9535,CurrentState,MoveToFinal,Slider,100,Scenario,1
ID,8,Time,309.5051,DronePosition,-110.239,18.05308,-107.379,10.44208,CameraPosition,-103.1772,1.757192,-107.3408,CameraRotation,317.4779,265.8251,350.9083,CurrentState,MoveToFinal,Slider,100,Scenario,1
ID,8,Time,309.5188,DronePosition,-110.239,18.19695,-107.379,10.51053,CameraPosition,-103.1764,1.757577,-107.3405,CameraRotation,316.991,265.798,350.7969,CurrentState,MoveToFinal,Slider,100,Scenario,1
ID,8,Time,309.5328,DronePosition,-110.239,18.34476,-107.379,10.58038,CameraPosition,-103.1755,1.75791,-107.3403,CameraRotation,316.5408,265.761,350.6785,CurrentState,MoveToFinal,Slider,100,Scenario,1
ID,8,Time,309.5466,DronePosition,-110.239,18.49158,-107.379,10.64931,CameraPosition,-103.1748,1.758193,-107.34,CameraRotation,316.1049,265.7399,350.5637,CurrentState,MoveToFinal,Slider,100,Scenario,1
ID,8,Time,309.5604,DronePosition,-110.239,18.63999,-107.379,10.71854,CameraPosition,-103.174,1.758468,-107.3398,CameraRotation,315.6819,265.7035,350.4471,CurrentState,MoveToFinal,Slider,100,Scenario,1
ID,8,Time,309.5744,DronePosition,-110.239,18.79122,-107.379,10.78863,CameraPosition,-103.1733,1.758762,-107.3395,CameraRotation,315.2339,265.6554,350.3731,CurrentState,MoveToFinal,Slider,100,Scenario,1
ID,8,Time,309.5887,DronePosition,-110.239,18.94632,-107.379,10.86004,CameraPosition,-103.1725,1.759045,-107.3393,CameraRotation,314.8066,265.5771,350.3137,CurrentState,MoveToFinal,Slider,100,Scenario,1
ID,8,Time,309.6024,DronePosition,-110.239,19.09633,-107.379,10.92867,CameraPosition,-103.1719,1.75927,-107.339,CameraRotation,314.4141,265.4872,350.2442,CurrentState,MoveToFinal,Slider,100,Scenario,1
ID,8,Time,309.6164,DronePosition,-110.239,19.25008,-107.379,10.99857,CameraPosition,-103.1712,1.759493,-107.3388,CameraRotation,314.0995,265.3689,350.1773,CurrentState,MoveToFinal,Slider,100,Scenario,1
ID,8,Time,309.6305,DronePosition,-110.239,19.40558,-107.379,11.0688,CameraPosition,-103.1705,1.759747,-107.3385,CameraRotation,313.7581,265.2877,350.0836,CurrentState,MoveToFinal,Slider,100,Scenario,1
ID,8,Time,309.6451,DronePosition,-110.239,19.56724,-107.379,11.1,CameraPosition,-103.1698,1.760029,-107.3382,CameraRotation,313.3729,265.2057,349.9631,CurrentState,MoveToFinal,Slider,100,Scenario,1
ID,8,Time,309.659,DronePosition,-110.239,19.72185,-107.379,11.1,CameraPosition,-103.1691,1.760306,-107.3379,CameraRotation,312.9828,265.129,349.8224,CurrentState,MoveToFinal,Slider,100,Scenario,1
ID,8,Time,309.6723,DronePosition,-110.239,19.86993,-107.379,11.1,CameraPosition,-103.1684,1.760576,-107.3376,CameraRotation,312.6136,265.0663,349.6508,CurrentState,MoveToFinal,Slider,100,Scenario,1
ID,8,Time,309.6873,DronePosition,-110.239,20.03683,-107.379,11.1,CameraPosition,-103.1678,1.76078,-107.3372,CameraRotation,312.2051,264.9965,349.5136,CurrentState,MoveToFinal,Slider,100,Scenario,1
ID,8,Time,309.7008,DronePosition,-110.239,20.18639,-107.379,11.1,CameraPosition,-103.1671,1.760971,-107.3368,CameraRotation,311.8681,264.9261,349.3819,CurrentState,MoveToFinal,Slider,100,Scenario,1
ID,8,Time,309.7141,DronePosition,-110.239,20.33435,-107.379,11.1,CameraPosition,-103.1665,1.761097,-107.3364,CameraRotation,311.5168,264.8671,349.2288,CurrentState,MoveToFinal,Slider,100,Scenario,1
ID,8,Time,309.7282,DronePosition,-110.239,20.49005,-107.379,11.1,CameraPosition,-103.1658,1.761141,-107.336,CameraRotation,311.2697,264.8021,349.0664,CurrentState,MoveToFinal,Slider,100,Scenario,1
ID,8,Time,309.7422,DronePosition,-110.239,20.64547,-107.379,11.1,CameraPosition,-103.1653,1.761153,-107.3356,CameraRotation,310.9852,264.7762,348.8513,CurrentState,MoveToFinal,Slider,100,Scenario,1
ID,8,Time,309.756,DronePosition,-110.239,20.7981,-107.379,11.1,CameraPosition,-103.1646,1.761179,-107.3351,CameraRotation,310.7664,264.7407,348.6518,CurrentState,MoveToFinal,Slider,100,Scenario,1
ID,8,Time,309.7698,DronePosition,-110.239,20.95256,-107.379,11.1,CameraPosition,-103.164,1.761224,-107.3347,CameraRotation,310.5383,264.7038,348.4717,CurrentState,MoveToFinal,Slider,100,Scenario,1
ID,8,Time,309.7843,DronePosition,-110.239,21.11317,-107.379,11.1,CameraPosition,-103.1635,1.761269,-107.3342,CameraRotation,310.2898,264.6605,348.3175,CurrentState,MoveToFinal,Slider,100,Scenario,1
ID,8,Time,309.7979,DronePosition,-110.239,21.2644,-107.379,11.1,CameraPosition,-103.163,1.761321,-107.3337,CameraRotation,310.0528,264.6084,348.2055,CurrentState,MoveToFinal,Slider,100,Scenario,1
ID,8,Time,309.8119,DronePosition,-110.239,21.41959,-107.379,11.1,CameraPosition,-103.1625,1.761386,-107.3332,CameraRotation,309.8403,264.5558,348.1072,CurrentState,MoveToFinal,Slider,100,Scenario,1
ID,8,Time,309.826,DronePosition,-110.239,21.57525,-107.379,11.1,CameraPosition,-103.162,1.761474,-107.3327,CameraRotation,309.6044,264.5336,347.9415,CurrentState,MoveToFinal,Slider,100,Scenario,1
ID,8,Time,309.8393,DronePosition,-110.239,21.72315,-107.379,11.1,CameraPosition,-103.1615,1.761556,-107.3321,CameraRotation,309.3014,264.564,347.71,CurrentState,MoveToFinal,Slider,100,Scenario,1
ID,8,Time,309.8541,DronePosition,-110.239,21.88801,-107.379,11.1,CameraPosition,-103.1609,1.761608,-107.3316,CameraRotation,309.0267,264.5889,347.4932,CurrentState,MoveToFinal,Slider,100,Scenario,1
ID,8,Time,309.8678,DronePosition,-110.239,22.0399,-107.379,11.1,CameraPosition,-103.1604,1.76164,-107.331,CameraRotation,308.8296,264.6018,347.3028,CurrentState,MoveToFinal,Slider,100,Scenario,1
ID,8,Time,309.8814,DronePosition,-110.239,22.19091,-107.379,11.1,CameraPosition,-103.1599,1.761662,-107.3304,CameraRotation,308.6284,264.6,347.1183,CurrentState,MoveToFinal,Slider,100,Scenario,1
ID,8,Time,309.8952,DronePosition,-110.239,22.34386,-107.379,11.1,CameraPosition,-103.1594,1.76164,-107.3299,CameraRotation,308.3981,264.5827,346.9565,CurrentState,MoveToFinal,Slider,100,Scenario,1
ID,8,Time,309.9089,DronePosition,-110.239,22.49626,-107.379,11.1,CameraPosition,-103.159,1.761598,-107.3293,CameraRotation,308.2102,264.5799,346.7907,CurrentState,MoveToFinal,Slider,100,Scenario,1
ID,8,Time,309.9227,DronePosition,-110.239,22.64958,-107.379,11.1,CameraPosition,-103.1585,1.761548,-107.3287,CameraRotation,308.0139,264.5668,346.6314,CurrentState,MoveToFinal,Slider,100,Scenario,1
ID,8,Time,309.9369,DronePosition,-110.239,22.80695,-107.379,11.1,CameraPosition,-103.1581,1.761481,-107.328,CameraRotation,307.8242,264.5758,346.4653,CurrentState,MoveToFinal,Slider,100,Scenario,1
ID,8,Time,309.9511,DronePosition,-110.239,22.96475,-107.379,11.1,CameraPosition,-103.1577,1.761382,-107.3274,CameraRotation,307.6307,264.6067,346.2538,CurrentState,MoveToFinal,Slider,100,Scenario,1
ID,8,Time,309.9648,DronePosition,-110.239,23.11642,-107.379,11.1,CameraPosition,-103.1574,1.761246,-107.3267,CameraRotation,307.4598,264.6345,346.041,CurrentState,MoveToFinal,Slider,100,Scenario,1
ID,8,Time,309.9788,DronePosition,-110.239,23.2719,-107.379,11.1,CameraPosition,-103.157,1.761171,-107.326,CameraRotation,307.3168,264.6642,345.8273,CurrentState,MoveToFinal,Slider,100,Scenario,1
ID,8,Time,309.9926,DronePosition,-110.239,23.42551,-107.379,11.1,CameraPosition,-103.1567,1.761096,-107.3253,CameraRotation,307.1554,264.7217,345.589,CurrentState,MoveToFinal,Slider,100,Scenario,1
ID,8,Time,310.0069,DronePosition,-110.239,23.58421,-107.379,11.1,CameraPosition,-103.1564,1.761007,-107.3246,CameraRotation,307.027,264.7546,345.3325,CurrentState,MoveToFinal,Slider,100,Scenario,1
ID,8,Time,310.0202,DronePosition,-110.239,23.73186,-107.379,11.1,CameraPosition,-103.1561,1.760911,-107.3238,CameraRotation,306.8949,264.7971,345.0828,CurrentState,MoveToFinal,Slider,100,Scenario,1
ID,8,Time,310.0342,DronePosition,-110.239,23.88661,-107.379,11.1,CameraPosition,-103.1558,1.760798,-107.323,CameraRotation,306.7756,264.8477,344.8316,CurrentState,MoveToFinal,Slider,100,Scenario,1
ID,8,Time,310.0485,DronePosition,-110.239,24.04508,-107.379,11.1,CameraPosition,-103.1556,1.760666,-107.3223,CameraRotation,306.6308,264.9231,344.5502,CurrentState,MoveToFinal,Slider,100,Scenario,1
ID,8,Time,310.0622,DronePosition,-110.239,24.19744,-107.379,11.1,CameraPosition,-103.1553,1.760569,-107.3215,CameraRotation,306.4916,265,344.2919,CurrentState,MoveToFinal,Slider,100,Scenario,1
ID,8,Time,310.0763,DronePosition,-110.239,24.35458,-107.379,11.1,CameraPosition,-103.1551,1.760478,-107.3207,CameraRotation,306.3207,265.0818,344.0173,CurrentState,MoveToFinal,Slider,100,Scenario,1
ID,8,Time,310.09,DronePosition,-110.239,24.50575,-107.379,11.1,CameraPosition,-103.1549,1.760422,-107.32,CameraRotation,306.1804,265.1852,343.7287,CurrentState,MoveToFinal,Slider,100,Scenario,1
ID,8,Time,310.1036,DronePosition,-110.239,24.65741,-107.379,11.1,CameraPosition,-103.1547,1.760343,-107.3193,CameraRotation,306.0168,265.2815,343.4628,CurrentState,MoveToFinal,Slider,100,Scenario,1
ID,8,Time,310.118,DronePosition,-110.239,24.81643,-107.379,11.1,CameraPosition,-103.1545,1.76027,-107.3186,CameraRotation,305.8694,265.3864,343.1922,CurrentState,MoveToFinal,Slider,100,Scenario,1
ID,8,Time,310.1315,DronePosition,-110.239,24.96667,-107.379,11.1,CameraPosition,-103.1544,1.760163,-107.3179,CameraRotation,305.7374,265.4583,342.9805,CurrentState,MoveToFinal,Slider,100,Scenario,1
ID,8,Time,310.1458,DronePosition,-110.239,25.12501,-107.379,11.1,CameraPosition,-103.1543,1.760065,-107.3172,CameraRotation,305.6444,265.51,342.8094,CurrentState,MoveToFinal,Slider,100,Scenario,1
ID,8,Time,310.1593,DronePosition,-110.239,25.27557,-107.379,11.1,CameraPosition,-103.1541,1.759983,-107.3165,CameraRotation,305.5448,265.576,342.6177,CurrentState,MoveToFinal,Slider,100,Scenario,1
ID,8,Time,310.1732,DronePosition,-110.239,25.42974,-107.379,11.1,CameraPosition,-103.154,1.759913,-107.3159,CameraRotation,305.4387,265.6365,342.4144,CurrentState,MoveToFinal,Slider,100,Scenario,1
ID,8,Time,310.1871,DronePosition,-110.239,25.58446,-107.379,11.1,CameraPosition,-103.1539,1.759793,-107.3153,CameraRotation,305.3582,265.6823,342.2295,CurrentState,MoveToFinal,Slider,100,Scenario,1
ID,8,Time,310.2014,DronePosition,-110.239,25.74333,-107.379,11.1,CameraPosition,-103.1539,1.759628,-107.3147,CameraRotation,305.2912,265.6989,342.0894,CurrentState,MoveToFinal,Slider,100,Scenario,1
ID,8,Time,310.2154,DronePosition,-110.239,25.89805,-107.379,11.1,CameraPosition,-103.1538,1.759496,-107.3141,CameraRotation,305.2739,265.6747,342.0032,CurrentState,MoveToFinal,Slider,100,Scenario,1
ID,8,Time,310.2289,DronePosition,-110.239,26.04769,-107.379,11.1,CameraPosition,-103.1538,1.759393,-107.3136,CameraRotation,305.2104,265.6471,341.9174,CurrentState,MoveToFinal,Slider,100,Scenario,1
ID,8,Time,310.2429,DronePosition,-110.239,26.20351,-107.379,11.1,CameraPosition,-103.1537,1.759303,-107.313,CameraRotation,305.1491,265.6039,341.8376,CurrentState,MoveToFinal,Slider,100,Scenario,1
ID,8,Time,310.2568,DronePosition,-110.239,26.35787,-107.379,11.1,CameraPosition,-103.1536,1.759207,-107.3125,CameraRotation,305.0677,265.5712,341.7358,CurrentState,MoveToFinal,Slider,100,Scenario,1
ID,8,Time,310.2711,DronePosition,-110.239,26.51586,-107.379,11.1,CameraPosition,-103.1535,1.759087,-107.312,CameraRotation,304.9995,265.5447,341.6218,CurrentState,MoveToFinal,Slider,100,Scenario,1
ID,8,Time,310.285,DronePosition,-110.239,26.67076,-107.379,11.1,CameraPosition,-103.1535,1.758943,-107.3115,CameraRotation,304.9376,265.5229,341.4915,CurrentState,MoveToFinal,Slider,100,Scenario,1
ID,8,Time,310.2989,DronePosition,-110.239,26.82509,-107.379,11.1,CameraPosition,-103.1534,1.758802,-107.3109,CameraRotation,304.897,265.5081,341.3694,CurrentState,MoveToFinal,Slider,100,Scenario,1
ID,8,Time,310.3129,DronePosition,-110.239,26.98038,-107.379,11.1,CameraPosition,-103.1533,1.758686,-107.3104,CameraRotation,304.8347,265.524,341.2184,CurrentState,MoveToFinal,Slider,100,Scenario,1
ID,8,Time,310.3265,DronePosition,-110.239,27.13121,-107.379,11.1,CameraPosition,-103.1532,1.758573,-107.3099,CameraRotation,304.7792,265.5205,341.0965,CurrentState,MoveToFinal,Slider,100,Scenario,1
ID,8,Time,310.3402,DronePosition,-110.239,27.28328,-107.379,11.1,CameraPosition,-103.1531,1.758451,-107.3094,CameraRotation,304.7031,265.5186,340.9807,CurrentState,MoveToFinal,Slider,100,Scenario,1
ID,8,Time,310.3543,DronePosition,-110.239,27.44033,-107.379,11.1,CameraPosition,-103.1529,1.758303,-107.3089,CameraRotation,304.6271,265.5154,340.843,CurrentState,MoveToFinal,Slider,100,Scenario,1
ID,8,Time,310.3683,DronePosition,-110.239,27.59508,-107.379,11.1,CameraPosition,-103.1528,1.758175,-107.3084,CameraRotation,304.545,265.5354,340.652,CurrentState,MoveToFinal,Slider,100,Scenario,1
ID,8,Time,310.3821,DronePosition,-110.239,27.74865,-107.379,11.1,CameraPosition,-103.1526,1.758063,-107.3079,CameraRotation,304.4759,265.5497,340.4795,CurrentState,MoveToFinal,Slider,100,Scenario,1
ID,8,Time,310.3961,DronePosition,-110.239,27.90443,-107.379,11.1,CameraPosition,-103.1525,1.757903,-107.3074,CameraRotation,304.4299,265.5069,340.403,CurrentState,MoveToFinal,Slider,100,Scenario,1
ID,8,Time,310.4101,DronePosition,-110.239,28.05932,-107.379,11.1,CameraPosition,-103.1523,1.757736,-107.307,CameraRotation,304.4107,265.4669,340.3286,CurrentState,MoveToFinal,Slider,100,Scenario,1
ID,8,Time,310.4242,DronePosition,-110.239,28.21532,-107.379,11.1,CameraPosition,-103.1522,1.757573,-107.3066,CameraRotation,304.3716,265.4712,340.1689,CurrentState,MoveToFinal,Slider,100,Scenario,1
ID,8,Time,310.4377,DronePosition,-110.239,28.3658,-107.379,11.1,CameraPosition,-103.1521,1.757427,-107.3063,CameraRotation,304.34,265.5125,339.9624,CurrentState,MoveToFinal,Slider,100,Scenario,1
ID,8,Time,310.4518,DronePosition,-110.239,28.52201,-107.379,11.1,CameraPosition,-103.152,1.757317,-107.3059,CameraRotation,304.288,265.5922,339.7446,CurrentState,MoveToFinal,Slider,100,Scenario,1
ID,8,Time,310.4656,DronePosition,-110.239,28.67543,-107.379,11.1,CameraPosition,-103.1518,1.757222,-107.3055,CameraRotation,304.223,265.6459,339.5818,CurrentState,MoveToFinal,Slider,100,Scenario,1
ID,8,Time,310.4799,DronePosition,-110.239,28.83349,-107.379,11.1,CameraPosition,-103.1515,1.757123,-107.3051,CameraRotation,304.1734,265.6854,339.4438,CurrentState,MoveToFinal,Slider,100,Scenario,1
ID,8,Time,310.4939,DronePosition,-110.239,28.98978,-107.379,11.1,CameraPosition,-103.1513,1.756998,-107.3048,CameraRotation,304.1305,265.7048,339.3065,CurrentState,MoveToFinal,Slider,100,Scenario,1
ID,8,Time,310.5077,DronePosition,-110.239,29.1423,-107.379,11.1,CameraPosition,-103.151,1.75684,-107.3044,CameraRotation,304.1069,265.7033,339.2014,CurrentState,MoveToFinal,Slider,100,Scenario,1
ID,8,Time,310.5211,DronePosition,-110.239,29.29183,-107.379,11.1,CameraPosition,-103.1507,1.756669,-107.3041,CameraRotation,304.0561,265.7167,339.0905,CurrentState,MoveToFinal,Slider,100,Scenario,1
ID,8,Time,310.5355,DronePosition,-110.239,29.45113,-107.379,11.1,CameraPosition,-103.1504,1.756528,-107.3038,CameraRotation,303.9914,265.7493,338.966,CurrentState,MoveToFinal,Slider,100,Scenario,1
ID,8,Time,310.5491,DronePosition,-110.239,29.60218,-107.379,11.1,CameraPosition,-103.15,1.756402,-107.3036,CameraRotation,303.9124,265.7784,338.8326,CurrentState,MoveToFinal,Slider,100,Scenario,1
ID,8,Time,310.5632,DronePosition,-110.239,29.75831,-107.379,11.1,CameraPosition,-103.1496,1.756293,-107.3034,CameraRotation,303.8476,265.7824,338.7167,CurrentState,MoveToFinal,Slider,100,Scenario,1
ID,8,Time,310.5771,DronePosition,-110.239,29.91314,-107.379,11.1,CameraPosition,-103.1492,1.756187,-107.3032,CameraRotation,303.792,265.7526,338.6546,CurrentState,MoveToFinal,Slider,100,Scenario,1
ID,8,Time,310.5912,DronePosition,-110.239,30.06991,-107.379,11.1,CameraPosition,-103.1488,1.756113,-107.3032,CameraRotation,303.7232,265.6899,338.6437,CurrentState,MoveToFinal,Slider,100,Scenario,1
ID,8,Time,310.6048,DronePosition,-110.239,30.22008,-107.379,11.1,CameraPosition,-103.1485,1.756057,-107.3031,CameraRotation,303.6503,265.6271,338.6359,CurrentState,MoveToFinal,Slider,100,Scenario,1
ID,8,Time,310.619,DronePosition,-110.239,30.37767,-107.379,11.1,CameraPosition,-103.148,1.755995,-107.303,CameraRotation,303.5625,265.5952,338.5736,CurrentState,MoveToFinal,Slider,100,Scenario,1
ID,8,Time,310.6329,DronePosition,-110.239,30.53235,-107.379,11.1,CameraPosition,-103.1475,1.755927,-107.3029,CameraRotation,303.4438,265.571,338.4909,CurrentState,MoveToFinal,Slider,100,Scenario,1
ID,8,Time,310.6467,DronePosition,-110.239,30.68578,-107.379,11.1,CameraPosition,-103.147,1.755852,-107.3029,CameraRotation,303.3416,265.5374,338.4162,CurrentState,MoveToFinal,Slider,100,Scenario,1
ID,8,Time,310.6606,DronePosition,-110.239,30.84019,-107.379,11.1,CameraPosition,-103.1465,1.755779,-107.3028,CameraRotation,303.2651,265.5053,338.3742,CurrentState,MoveToFinal,Slider,100,Scenario,1
ID,8,Time,310.6743,DronePosition,-110.239,30.99188,-107.379,11.1,CameraPosition,-103.146,1.755717,-107.3028,CameraRotation,303.1981,265.4334,338.39,CurrentState,MoveToFinal,Slider,100,Scenario,1
ID,8,Time,310.6885,DronePosition,-110.239,31.14937,-107.379,11.1,CameraPosition,-103.1455,1.755667,-107.3027,CameraRotation,303.109,265.3496,338.4356,CurrentState,MoveToFinal,Slider,100,Scenario,1
ID,8,Time,310.7025,DronePosition,-110.239,31.30549,-107.379,11.1,CameraPosition,-103.145,1.755631,-107.3027,CameraRotation,303.0212,265.276,338.4576,CurrentState,MoveToFinal,Slider,100,Scenario,1
ID,8,Time,310.7164,DronePosition,-110.239,31.45908,-107.379,11.1,CameraPosition,-103.1446,1.7556,-107.3027,CameraRotation,302.9466,265.2306,338.4658,CurrentState,MoveToFinal,Slider,100,Scenario,1
ID,8,Time,310.7303,DronePosition,-110.239,31.61293,-107.379,11.1,CameraPosition,-103.1441,1.755589,-107.3027,CameraRotation,302.8784,265.2166,338.4604,CurrentState,MoveToFinal,Slider,100,Scenario,1
ID,8,Time,310.7439,DronePosition,-110.239,31.76461,-107.379,11.1,CameraPosition,-103.1438,1.755592,-107.3027,CameraRotation,302.8082,265.2163,338.4383,CurrentState,MoveToFinal,Slider,100,Scenario,1
ID,8,Time,310.7583,DronePosition,-110.239,31.92412,-107.379,11.1,CameraPosition,-103.1435,1.755606,-107.3028,CameraRotation,302.7723,265.2313,338.3989,CurrentState,MoveToFinal,Slider,100,Scenario,1
ID,8,Time,310.7716,DronePosition,-110.239,32.07156,-107.379,11.1,CameraPosition,-103.1432,1.755574,-107.3028,CameraRotation,302.7513,265.2248,338.3913,CurrentState,MoveToFinal,Slider,100,Scenario,1
ID,8,Time,310.7856,DronePosition,-110.239,32.22759,-107.379,11.1,CameraPosition,-103.1428,1.755519,-107.3028,CameraRotation,302.74,265.2012,338.4175,CurrentState,MoveToFinal,Slider,100,Scenario,1
ID,8,Time,310.7998,DronePosition,-110.239,32.38457,-107.379,11.1,CameraPosition,-103.1425,1.755478,-107.3028,CameraRotation,302.7079,265.2081,338.4013,CurrentState,MoveToFinal,Slider,100,Scenario,1
ID,8,Time,310.8138,DronePosition,-110.239,32.54074,-107.379,11.1,CameraPosition,-103.1422,1.755444,-107.3028,CameraRotation,302.6563,265.2386,338.3633,CurrentState,MoveToFinal,Slider,100,Scenario,1
ID,8,Time,310.8276,DronePosition,-110.239,32.69326,-107.379,11.1,CameraPosition,-103.1419,1.755387,-107.3028,CameraRotation,302.593,265.283,338.3082,CurrentState,MoveToFinal,Slider,100,Scenario,1
ID,8,Time,310.8415,DronePosition,-110.239,32.84805,-107.379,11.1,CameraPosition,-103.1415,1.75533,-107.3027,CameraRotation,302.5786,265.3085,338.2663,CurrentState,MoveToFinal,Slider,100,Scenario,1
ID,8,Time,310.8557,DronePosition,-110.239,33.00607,-107.379,11.1,CameraPosition,-103.1413,1.755296,-107.3027,CameraRotation,302.559,265.3291,338.2316,CurrentState,MoveToFinal,Slider,100,Scenario,1
ID,8,Time,310.8697,DronePosition,-110.239,33.16029,-107.379,11.1,CameraPosition,-103.1409,1.755274,-107.3027,CameraRotation,302.5491,265.3404,338.1968,CurrentState,MoveToFinal,Slider,100,Scenario,1
ID,8,Time,310.8834,DronePosition,-110.239,33.3132,-107.379,11.1,CameraPosition,-103.1407,1.755251,-107.3027,CameraRotation,302.524,265.3431,338.1902,CurrentState,MoveToFinal,Slider,100,Scenario,1
ID,8,Time,310.8971,DronePosition,-110.239,33.46542,-107.379,11.1,CameraPosition,-103.1404,1.755223,-107.3028,CameraRotation,302.4954,265.3199,338.2153,CurrentState,MoveToFinal,Slider,100,Scenario,1
ID,8,Time,310.9113,DronePosition,-110.239,33.62259,-107.379,11.1,CameraPosition,-103.1403,1.755179,-107.3029,CameraRotation,302.4877,265.3134,338.2461,CurrentState,MoveToFinal,Slider,100,Scenario,1
ID,8,Time,310.9252,DronePosition,-110.239,33.77648,-107.379,11.1,CameraPosition,-103.1402,1.755124,-107.303,CameraRotation,302.4877,265.3176,338.2439,CurrentState,MoveToFinal,Slider,100,Scenario,1
ID,8,Time,310.9385,DronePosition,-110.239,33.92495,-107.379,11.1,CameraPosition,-103.1401,1.755069,-107.3031,CameraRotation,302.5009,265.3558,338.1936,CurrentState,MoveToFinal,Slider,100,Scenario,1
ID,8,Time,310.9525,DronePosition,-110.239,34.08059,-107.379,11.1,CameraPosition,-103.1398,1.755041,-107.3032,CameraRotation,302.525,265.3802,338.15,CurrentState,MoveToFinal,Slider,100,Scenario,1
ID,8,Time,310.9666,DronePosition,-110.239,34.23645,-107.379,11.1,CameraPosition,-103.1396,1.755066,-107.3033,CameraRotation,302.5397,265.4214,338.0938,CurrentState,MoveToFinal,Slider,100,Scenario,1
ID,8,Time,310.9808,DronePosition,-110.239,34.39375,-107.379,11.1,CameraPosition,-103.1394,1.755143,-107.3034,CameraRotation,302.5275,265.4274,338.104,CurrentState,MoveToFinal,Slider,100,Scenario,1
ID,8,Time,310.9952,DronePosition,-110.239,34.55387,-107.379,11.1,CameraPosition,-103.1392,1.755216,-107.3035,CameraRotation,302.5081,265.3896,338.1751,CurrentState,MoveToFinal,Slider,100,Scenario,1
ID,8,Time,311.0089,DronePosition,-110.239,34.70623,-107.379,11.1,CameraPosition,-103.1389,1.755297,-107.3036,CameraRotation,302.5066,265.3448,338.2431,CurrentState,MoveToFinal,Slider,100,Scenario,1
ID,8,Time,311.0223,DronePosition,-110.239,34.85527,-107.379,11.1,CameraPosition,-103.1387,1.75538,-107.3037,CameraRotation,302.481,265.3445,338.2618,CurrentState,MoveToFinal,Slider,100,Scenario,1
ID,8,Time,311.0364,DronePosition,-110.239,35.01131,-107.379,11.1,CameraPosition,-103.1386,1.755473,-107.3039,CameraRotation,302.4379,265.3989,338.2203,CurrentState,MoveToFinal,Slider,100,Scenario,1
ID,8,Time,311.0504,DronePosition,-110.239,35.16683,-107.379,11.1,CameraPosition,-103.1384,1.755576,-107.304,CameraRotation,302.4012,265.4644,338.1801,CurrentState,MoveToFinal,Slider,100,Scenario,1
ID,8,Time,311.0645,DronePosition,-110.239,35.32322,-107.379,11.1,CameraPosition,-103.1384,1.755729,-107.3042,CameraRotation,302.3469,265.5595,338.1298,CurrentState,MoveToFinal,Slider,100,Scenario,1
ID,8,Time,311.0782,DronePosition,-110.239,35.47582,-107.379,11.1,CameraPosition,-103.1384,1.755894,-107.3045,CameraRotation,302.2836,265.6584,338.054,CurrentState,MoveToFinal,Slider,100,Scenario,1
ID,8,Time,311.0922,DronePosition,-110.239,35.6304,-107.379,11.1,CameraPosition,-103.1385,1.756033,-107.3047,CameraRotation,302.2291,265.7231,338.0102,CurrentState,MoveToFinal,Slider,100,Scenario,1
ID,8,Time,311.1064,DronePosition,-110.239,35.7889,-107.379,11.1,CameraPosition,-103.1385,1.756132,-107.305,CameraRotation,302.2076,265.7292,338.0333,CurrentState,MoveToFinal,Slider,100,Scenario,1
ID,8,Time,311.1199,DronePosition,-110.239,35.93854,-107.379,11.1,CameraPosition,-103.1385,1.756223,-107.3054,CameraRotation,302.1993,265.7163,338.0721,CurrentState,MoveToFinal,Slider,100,Scenario,1
ID,8,Time,311.1343,DronePosition,-110.239,36.09832,-107.379,11.1,CameraPosition,-103.1386,1.756308,-107.3057,CameraRotation,302.2055,265.6646,338.147,CurrentState,MoveToFinal,Slider,100,Scenario,1
ID,8,Time,311.1479,DronePosition,-110.239,36.24938,-107.379,11.1,CameraPosition,-103.1387,1.75636,-107.3061,CameraRotation,302.2443,265.5954,338.2247,CurrentState,MoveToFinal,Slider,100,Scenario,1
ID,8,Time,311.1617,DronePosition,-110.239,36.40177,-107.379,11.1,CameraPosition,-103.1388,1.756436,-107.3065,CameraRotation,302.2851,265.5253,338.2878,CurrentState,MoveToFinal,Slider,100,Scenario,1
ID,8,Time,311.1761,DronePosition,-110.239,36.56145,-107.379,11.1,CameraPosition,-103.1389,1.756553,-107.3069,CameraRotation,302.3154,265.4554,338.3279,CurrentState,MoveToFinal,Slider,100,Scenario,1
ID,8,Time,311.1894,DronePosition,-110.239,36.70928,-107.379,11.1,CameraPosition,-103.139,1.756651,-107.3073,CameraRotation,302.3242,265.3801,338.3855,CurrentState,MoveToFinal,Slider,100,Scenario,1
ID,8,Time,311.2035,DronePosition,-110.239,36.86557,-107.379,11.1,CameraPosition,-103.1392,1.756761,-107.3078,CameraRotation,302.3628,265.2656,338.4997,CurrentState,MoveToFinal,Slider,100,Scenario,1
ID,8,Time,311.2175,DronePosition,-110.239,37.02186,-107.379,11.1,CameraPosition,-103.1393,1.756875,-107.3082,CameraRotation,302.3459,265.213,338.5447,CurrentState,MoveToFinal,Slider,100,Scenario,1
ID,8,Time,311.2315,DronePosition,-110.239,37.17683,-107.379,11.1,CameraPosition,-103.1395,1.757047,-107.3087,CameraRotation,302.3115,265.1648,338.5638,CurrentState,MoveToFinal,Slider,100,Scenario,1
ID,8,Time,311.2452,DronePosition,-110.239,37.32943,-107.379,11.1,CameraPosition,-103.1397,1.757233,-107.3093,CameraRotation,302.3101,265.0757,338.6325,CurrentState,MoveToFinal,Slider,100,Scenario,1
ID,8,Time,311.2594,DronePosition,-110.239,37.48681,-107.379,11.1,CameraPosition,-103.1398,1.757403,-107.3098,CameraRotation,302.3206,264.9545,338.7509,CurrentState,MoveToFinal,Slider,100,Scenario,1
ID,8,Time,311.2731,DronePosition,-110.239,37.63893,-107.379,11.1,CameraPosition,-103.1399,1.757584,-107.3103,CameraRotation,302.341,264.7815,338.946,CurrentState,MoveToFinal,Slider,100,Scenario,1
ID,8,Time,311.287,DronePosition,-110.239,37.79314,-107.379,11.1,CameraPosition,-103.1401,1.757752,-107.3109,CameraRotation,302.3529,264.5981,339.1282,CurrentState,MoveToFinal,Slider,100,Scenario,1
ID,8,Time,311.3011,DronePosition,-110.239,37.94954,-107.379,11.1,CameraPosition,-103.1402,1.757896,-107.3114,CameraRotation,302.3634,264.4566,339.2425,CurrentState,MoveToFinal,Slider,100,Scenario,1
ID,8,Time,311.3152,DronePosition,-110.239,38.10627,-107.379,11.1,CameraPosition,-103.1404,1.758029,-107.3119,CameraRotation,302.3914,264.3322,339.3302,CurrentState,MoveToFinal,Slider,100,Scenario,1
ID,8,Time,311.3291,DronePosition,-110.239,38.26044,-107.379,11.1,CameraPosition,-103.1405,1.758134,-107.3124,CameraRotation,302.4065,264.2057,339.439,CurrentState,MoveToFinal,Slider,100,Scenario,1
ID,8,Time,311.3427,DronePosition,-110.239,38.41086,-107.379,11.1,CameraPosition,-103.1406,1.758212,-107.3129,CameraRotation,302.4189,264.0501,339.6,CurrentState,MoveToFinal,Slider,100,Scenario,1
ID,8,Time,311.3566,DronePosition,-110.239,38.5653,-107.379,11.1,CameraPosition,-103.1408,1.75825,-107.3134,CameraRotation,302.4386,263.8723,339.7863,CurrentState,MoveToFinal,Slider,100,Scenario,1
ID,8,Time,311.3707,DronePosition,-110.239,38.72192,-107.379,11.1,CameraPosition,-103.1409,1.758294,-107.3138,CameraRotation,302.4556,263.7501,339.8878,CurrentState,MoveToFinal,Slider,100,Scenario,1
ID,8,Time,311.3846,DronePosition,-110.239,38.87566,-107.379,11.1,CameraPosition,-103.1411,1.758371,-107.3143,CameraRotation,302.4568,263.651,339.9578,CurrentState,MoveToFinal,Slider,100,Scenario,1
ID,8,Time,311.3988,DronePosition,-110.239,39.03406,-107.379,11.1,CameraPosition,-103.1413,1.758455,-107.3147,CameraRotation,302.4635,263.5912,339.9759,CurrentState,MoveToFinal,Slider,100,Scenario,1
ID,8,Time,311.4128,DronePosition,-110.239,39.18865,-107.379,11.1,CameraPosition,-103.1415,1.758495,-107.3151,CameraRotation,302.4656,263.527,339.9852,CurrentState,MoveToFinal,Slider,100,Scenario,1
ID,8,Time,311.4274,DronePosition,-110.239,39.35098,-107.379,11.1,CameraPosition,-103.1416,1.758482,-107.3155,CameraRotation,302.495,263.4281,340.0443,CurrentState,MoveToFinal,Slider,100,Scenario,1
ID,8,Time,311.4402,DronePosition,-110.239,39.49321,-107.379,11.1,CameraPosition,-103.1416,1.758458,-107.3158,CameraRotation,302.5359,263.3108,340.1203,CurrentState,MoveToFinal,Slider,100,Scenario,1
ID,8,Time,311.4541,DronePosition,-110.239,39.6479,-107.379,11.1,CameraPosition,-103.1417,1.758448,-107.3162,CameraRotation,302.5517,263.223,340.1761,CurrentState,MoveToFinal,Slider,100,Scenario,1
ID,8,Time,311.4682,DronePosition,-110.239,39.80418,-107.379,11.1,CameraPosition,-103.1417,1.758453,-107.3165,CameraRotation,302.5228,263.1951,340.1733,CurrentState,MoveToFinal,Slider,100,Scenario,1
ID,8,Time,311.4819,DronePosition,-110.239,39.95679,-107.379,11.1,CameraPosition,-103.1417,1.758466,-107.3167,CameraRotation,302.4446,263.2211,340.1234,CurrentState,MoveToFinal,Slider,100,Scenario,1
ID,8,Time,311.4958,DronePosition,-110.239,40.11067,-107.379,11.1,CameraPosition,-103.1416,1.758474,-107.3169,CameraRotation,302.3762,263.2504,340.0726,CurrentState,MoveToFinal,Slider,100,Scenario,1
ID,8,Time,311.5101,DronePosition,-110.239,40.26893,-107.379,11.1,CameraPosition,-103.1416,1.758445,-107.3171,CameraRotation,302.3409,263.2474,340.0737,CurrentState,MoveToFinal,Slider,100,Scenario,1
ID,8,Time,311.5243,DronePosition,-110.239,40.42731,-107.379,11.1,CameraPosition,-103.1416,1.758368,-107.3174,CameraRotation,302.3194,263.2388,340.0776,CurrentState,MoveToFinal,Slider,100,Scenario,1
ID,8,Time,311.5374,DronePosition,-110.239,40.57291,-107.379,11.1,CameraPosition,-103.1417,1.758293,-107.3177,CameraRotation,302.3232,263.2166,340.0968,CurrentState,MoveToFinal,Slider,100,Scenario,1
ID,8,Time,311.552,DronePosition,-110.239,40.7342,-107.379,11.1,CameraPosition,-103.1418,1.758274,-107.3181,CameraRotation,302.3344,263.1732,340.1121,CurrentState,MoveToFinal,Slider,100,Scenario,1
ID,8,Time,311.5655,DronePosition,-110.239,40.88449,-107.379,11.1,CameraPosition,-103.1419,1.758314,-107.3184,CameraRotation,302.316,263.1421,340.1181,CurrentState,MoveToFinal,Slider,100,Scenario,1
ID,8,Time,311.5793,DronePosition,-110.239,41.03793,-107.379,11.1,CameraPosition,-103.1419,1.758326,-107.3187,CameraRotation,302.2465,263.1223,340.1432,CurrentState,MoveToFinal,Slider,100,Scenario,1
ID,8,Time,311.5934,DronePosition,-110.239,41.19363,-107.379,11.1,CameraPosition,-103.1419,1.758329,-107.3189,CameraRotation,302.205,263.0679,340.2156,CurrentState,MoveToFinal,Slider,100,Scenario,1
ID,8,Time,311.6071,DronePosition,-110.239,41.3456,-107.379,11.1,CameraPosition,-103.142,1.758301,-107.3192,CameraRotation,302.2031,262.9958,340.2656,CurrentState,MoveToFinal,Slider,100,Scenario,1
ID,8,Time,311.621,DronePosition,-110.239,41.50054,-107.379,11.1,CameraPosition,-103.142,1.758235,-107.3194,CameraRotation,302.2219,262.9765,340.2362,CurrentState,MoveToFinal,Slider,100,Scenario,1
ID,8,Time,311.6352,DronePosition,-110.239,41.65745,-107.379,11.1,CameraPosition,-103.1421,1.758186,-107.3196,CameraRotation,302.2198,262.9972,340.1696,CurrentState,MoveToFinal,Slider,100,Scenario,1
ID,8,Time,311.6492,DronePosition,-110.239,41.81371,-107.379,11.1,CameraPosition,-103.1422,1.758172,-107.3198,CameraRotation,302.2132,263.013,340.1131,CurrentState,MoveToFinal,Slider,100,Scenario,1
ID,8,Time,311.6632,DronePosition,-110.239,41.96878,-107.379,11.1,CameraPosition,-103.1422,1.758175,-107.32,CameraRotation,302.184,262.9971,340.1032,CurrentState,MoveToFinal,Slider,100,Scenario,1
ID,8,Time,311.6768,DronePosition,-110.239,42.12032,-107.379,11.1,CameraPosition,-103.1422,1.758191,-107.3202,CameraRotation,302.1522,263.0017,340.0695,CurrentState,MoveToFinal,Slider,100,Scenario,1
ID,8,Time,311.6909,DronePosition,-110.239,42.27625,-107.379,11.1,CameraPosition,-103.1422,1.758182,-107.3204,CameraRotation,302.1094,262.9873,340.0465,CurrentState,MoveToFinal,Slider,100,Scenario,1
ID,8,Time,311.7051,DronePosition,-110.239,42.43344,-107.379,11.1,CameraPosition,-103.1423,1.758196,-107.3206,CameraRotation,302.0822,262.9626,340.0458,CurrentState,MoveToFinal,Slider,100,Scenario,1
ID,8,Time,311.7188,DronePosition,-110.239,42.58596,-107.379,11.1,CameraPosition,-103.1424,1.758195,-107.3208,CameraRotation,302.0793,262.8838,340.096,CurrentState,MoveToFinal,Slider,100,Scenario,1
ID,8,Time,311.733,DronePosition,-110.239,42.74382,-107.379,11.1,CameraPosition,-103.1424,1.758177,-107.321,CameraRotation,302.0884,262.8074,340.144,CurrentState,MoveToFinal,Slider,100,Scenario,1
ID,8,Time,311.747,DronePosition,-110.239,42.89929,-107.379,11.1,CameraPosition,-103.1425,1.75814,-107.3212,CameraRotation,302.0695,262.7568,340.1635,CurrentState,MoveToFinal,Slider,100,Scenario,1
ID,8,Time,311.7605,DronePosition,-110.239,43.04896,-107.379,11.1,CameraPosition,-103.1425,1.758129,-107.3214,CameraRotation,302.0215,262.7161,340.1599,CurrentState,MoveToFinal,Slider,100,Scenario,1
ID,8,Time,311.7744,DronePosition,-110.239,43.20263,-107.379,11.1,CameraPosition,-103.1424,1.75814,-107.3215,CameraRotation,301.9669,262.66,340.1517,CurrentState,MoveToFinal,Slider,100,Scenario,1
ID,8,Time,311.7883,DronePosition,-110.239,43.35764,-107.379,11.1,CameraPosition,-103.1424,1.758072,-107.3216,CameraRotation,301.9148,262.5946,340.1588,CurrentState,MoveToFinal,Slider,100,Scenario,1
ID,8,Time,311.8024,DronePosition,-110.239,43.514,-107.379,11.1,CameraPosition,-103.1424,1.757995,-107.3217,CameraRotation,301.9156,262.5032,340.1992,CurrentState,MoveToFinal,Slider,100,Scenario,1
ID,8,Time,311.816,DronePosition,-110.239,43.66484,-107.379,11.1,CameraPosition,-103.1424,1.757888,-107.3218,CameraRotation,301.8921,262.435,340.2025,CurrentState,MoveToFinal,Slider,100,Scenario,1
ID,8,Time,311.83,DronePosition,-110.239,43.82074,-107.379,11.1,CameraPosition,-103.1424,1.757839,-107.3218,CameraRotation,301.8391,262.4432,340.1056,CurrentState,MoveToFinal,Slider,100,Scenario,1
ID,8,Time,311.844,DronePosition,-110.239,43.97581,-107.379,11.1,CameraPosition,-103.1424,1.757793,-107.3219,CameraRotation,301.761,262.4389,340.0093,CurrentState,MoveToFinal,Slider,100,Scenario,1
ID,8,Time,311.858,DronePosition,-110.239,44.1307,-107.379,11.1,CameraPosition,-103.1424,1.757779,-107.3218,CameraRotation,301.6703,262.4341,339.9066,CurrentState,MoveToFinal,Slider,100,Scenario,1
ID,8,Time,311.873,DronePosition,-110.239,44.29819,-107.379,11.1,CameraPosition,-103.1423,1.757727,-107.3218,CameraRotation,301.5703,262.3808,339.8358,CurrentState,MoveToFinal,Slider,100,Scenario,1
ID,8,Time,311.8857,DronePosition,-110.239,44.43825,-107.379,11.1,CameraPosition,-103.1423,1.757657,-107.3218,CameraRotation,301.4986,262.3153,339.7668,CurrentState,MoveToFinal,Slider,99,Scenario,1
ID,8,Time,311.8999,DronePosition,-110.239,44.59578,-107.379,11.1,CameraPosition,-103.1422,1.757549,-107.3217,CameraRotation,301.4453,262.2375,339.6724,CurrentState,MoveToFinal,Slider,99,Scenario,1
ID,8,Time,311.9137,DronePosition,-110.239,44.74894,-107.379,11.1,CameraPosition,-103.1422,1.757445,-107.3217,CameraRotation,301.37,262.1617,339.5697,CurrentState,MoveToFinal,Slider,99,Scenario,1
ID,8,Time,311.9278,DronePosition,-110.239,44.90573,-107.379,11.1,CameraPosition,-103.1421,1.757369,-107.3216,CameraRotation,301.2851,262.0602,339.4747,CurrentState,MoveToFinal,Slider,99,Scenario,1
ID,8,Time,311.942,DronePosition,-110.239,45.06401,-107.379,11.1,CameraPosition,-103.1421,1.757297,-107.3215,CameraRotation,301.1438,261.9196,339.4067,CurrentState,MoveToFinal,Slider,99,Scenario,1
ID,8,Time,311.955,DronePosition,-110.239,45.20735,-107.379,11.1,CameraPosition,-103.142,1.7572,-107.3215,CameraRotation,300.9788,261.7107,339.3695,CurrentState,MoveToFinal,Slider,99,Scenario,1
ID,8,Time,311.9695,DronePosition,-110.239,45.36897,-107.379,11.1,CameraPosition,-103.1419,1.757106,-107.3214,CameraRotation,300.8389,261.4703,339.3369,CurrentState,MoveToFinal,Slider,99,Scenario,1
ID,8,Time,311.9834,DronePosition,-110.239,45.52271,-107.379,11.1,CameraPosition,-103.1418,1.757005,-107.3213,CameraRotation,300.6904,261.1364,339.3281,CurrentState,MoveToFinal,Slider,99,Scenario,1
ID,8,Time,311.9971,DronePosition,-110.239,45.67511,-107.379,11.1,CameraPosition,-103.1416,1.756932,-107.3212,CameraRotation,300.506,260.8336,339.291,CurrentState,MoveToFinal,Slider,100,Scenario,1
ID,8,Time,312.0109,DronePosition,-110.239,45.82793,-107.379,11.1,CameraPosition,-103.1415,1.756886,-107.3211,CameraRotation,300.2735,260.4833,339.2534,CurrentState,MoveToFinal,Slider,100,Scenario,1
ID,8,Time,312.0249,DronePosition,-110.239,45.98409,-107.379,11.1,CameraPosition,-103.1413,1.756919,-107.3209,CameraRotation,300.0166,260.107,339.2335,CurrentState,MoveToFinal,Slider,100,Scenario,1
ID,8,Time,312.0388,DronePosition,-110.239,46.13812,-107.379,11.1,CameraPosition,-103.1411,1.756935,-107.3207,CameraRotation,299.7392,259.7305,339.222,CurrentState,MoveToFinal,Slider,100,Scenario,1
ID,8,Time,312.0528,DronePosition,-110.239,46.29308,-107.379,11.1,CameraPosition,-103.1409,1.75693,-107.3205,CameraRotation,299.4461,259.2722,339.2526,CurrentState,MoveToFinal,Slider,100,Scenario,1
ID,8,Time,312.067,DronePosition,-110.239,46.45083,-107.379,11.1,CameraPosition,-103.1407,1.756865,-107.3203,CameraRotation,299.1649,258.7848,339.292,CurrentState,MoveToFinal,Slider,100,Scenario,1
ID,8,Time,312.0804,DronePosition,-110.239,46.60024,-107.379,11.1,CameraPosition,-103.1405,1.75681,-107.3201,CameraRotation,298.8876,258.3118,339.3193,CurrentState,MoveToFinal,Slider,100,Scenario,1
ID,8,Time,312.0946,DronePosition,-110.239,46.75762,-107.379,11.1,CameraPosition,-103.1402,1.756748,-107.3198,CameraRotation,298.5912,257.7963,339.3704,CurrentState,MoveToFinal,Slider,100,Scenario,1
ID,8,Time,312.1086,DronePosition,-110.239,46.91217,-107.379,11.1,CameraPosition,-103.14,1.756656,-107.3195,CameraRotation,298.254,257.2797,339.4395,CurrentState,MoveToFinal,Slider,100,Scenario,1
ID,8,Time,312.1218,DronePosition,-110.239,47.05954,-107.379,11.1,CameraPosition,-103.1397,1.756566,-107.3192,CameraRotation,297.9241,256.7597,339.5425,CurrentState,MoveToFinal,Slider,100,Scenario,1
ID,8,Time,312.1359,DronePosition,-110.239,47.21577,-107.379,11.1,CameraPosition,-103.1394,1.756469,-107.3189,CameraRotation,297.5596,256.2108,339.6873,CurrentState,MoveToFinal,Slider,100,Scenario,1
ID,8,Time,312.1501,DronePosition,-110.239,47.37347,-107.379,11.1,CameraPosition,-103.1392,1.756414,-107.3186,CameraRotation,297.2155,255.633,339.8621,CurrentState,MoveToFinal,Slider,100,Scenario,1
ID,8,Time,312.1642,DronePosition,-110.239,47.52999,-107.379,11.1,CameraPosition,-103.1389,1.756414,-107.3182,CameraRotation,296.886,255.0287,340.0234,CurrentState,MoveToFinal,Slider,100,Scenario,1
ID,8,Time,312.1777,DronePosition,-110.239,47.6801,-107.379,11.1,CameraPosition,-103.1385,1.756494,-107.3179,CameraRotation,296.5057,254.3707,340.2335,CurrentState,MoveToFinal,Slider,100,Scenario,1
ID,8,Time,312.1915,DronePosition,-110.239,47.83324,-107.379,11.1,CameraPosition,-103.1381,1.756649,-107.3175,CameraRotation,296.075,253.5928,340.5845,CurrentState,MoveToFinal,Slider,100,Scenario,1
ID,8,Time,312.2054,DronePosition,-110.239,47.98766,-107.379,11.1,CameraPosition,-103.1376,1.756812,-107.3172,CameraRotation,295.6342,252.7275,341.0063,CurrentState,MoveToFinal,Slider,100,Scenario,1
ID,8,Time,312.2197,DronePosition,-110.239,48.14607,-107.379,11.1,CameraPosition,-103.1371,1.756891,-107.3168,CameraRotation,295.1857,251.9015,341.3228,CurrentState,MoveToFinal,Slider,100,Scenario,1
ID,8,Time,312.2333,DronePosition,-110.239,48.29722,-107.379,11.1,CameraPosition,-103.1365,1.756903,-107.3164,CameraRotation,294.7993,251.1335,341.5719,CurrentState,MoveToFinal,Slider,100,Scenario,1
ID,8,Time,312.2474,DronePosition,-110.239,48.45325,-107.379,11.1,CameraPosition,-103.136,1.756859,-107.316,CameraRotation,294.4355,250.3199,341.8939,CurrentState,MoveToFinal,Slider,100,Scenario,1
ID,8,Time,312.2613,DronePosition,-110.239,48.60754,-107.379,11.1,CameraPosition,-103.1355,1.756819,-107.3156,CameraRotation,294.077,249.4297,342.3353,CurrentState,MoveToFinal,Slider,100,Scenario,1
ID,8,Time,312.2752,DronePosition,-110.239,48.76212,-107.379,11.1,CameraPosition,-103.135,1.756855,-107.3152,CameraRotation,293.7342,248.5162,342.8077,CurrentState,MoveToFinal,Slider,100,Scenario,1
ID,8,Time,312.2889,DronePosition,-110.239,48.914,-107.379,11.1,CameraPosition,-103.1345,1.756865,-107.3147,CameraRotation,293.3549,247.6269,343.2338,CurrentState,MoveToFinal,Slider,100,Scenario,1
ID,8,Time,312.3031,DronePosition,-110.239,49.07174,-107.379,11.1,CameraPosition,-103.134,1.75676,-107.3142,CameraRotation,292.9744,246.7941,343.6031,CurrentState,MoveToFinal,Slider,100,Scenario,1
ID,8,Time,312.317,DronePosition,-110.239,49.22644,-107.379,11.1,CameraPosition,-103.1334,1.756624,-107.3136,CameraRotation,292.6075,246.0148,343.9158,CurrentState,MoveToFinal,Slider,100,Scenario,1
ID,8,Time,312.3307,DronePosition,-110.239,49.37831,-107.379,11.1,CameraPosition,-103.1329,1.75645,-107.313,CameraRotation,292.2543,245.2799,344.1888,CurrentState,MoveToFinal,Slider,100,Scenario,1
ID,8,Time,312.3449,DronePosition,-110.239,49.53532,-107.379,11.1,CameraPosition,-103.1326,1.756136,-107.3124,CameraRotation,291.9281,244.6198,344.4271,CurrentState,MoveToFinal,Slider,100,Scenario,1
ID,8,Time,312.3593,DronePosition,-110.239,49.69529,-107.379,11.1,CameraPosition,-103.1323,1.755748,-107.3117,CameraRotation,291.6377,244.0442,344.5969,CurrentState,MoveToFinal,Slider,100,Scenario,1
ID,8,Time,312.3726,DronePosition,-110.239,49.84251,-107.379,11.1,CameraPosition,-103.1319,1.755422,-107.311,CameraRotation,291.3517,243.5136,344.7183,CurrentState,MoveToFinal,Slider,100,Scenario,1
ID,8,Time,312.3868,DronePosition,-110.239,50.00036,-107.379,11.1,CameraPosition,-103.1316,1.755136,-107.3102,CameraRotation,291.072,243.0812,344.7376,CurrentState,MoveToFinal,Slider,100,Scenario,1
ID,8,Time,312.4003,DronePosition,-110.239,50.15086,-107.379,11.1,CameraPosition,-103.1312,1.754862,-107.3094,CameraRotation,290.8208,242.6821,344.7361,CurrentState,MoveToFinal,Slider,100,Scenario,1
ID,8,Time,312.4146,DronePosition,-110.239,50.3098,-107.379,11.1,CameraPosition,-103.1309,1.754576,-107.3085,CameraRotation,290.5464,242.3204,344.7059,CurrentState,MoveToFinal,Slider,100,Scenario,1
ID,8,Time,312.4287,DronePosition,-110.239,50.4662,-107.379,11.1,CameraPosition,-103.1307,1.754266,-107.3077,CameraRotation,290.3101,242.0666,344.6104,CurrentState,MoveToFinal,Slider,100,Scenario,1
ID,8,Time,312.4428,DronePosition,-110.239,50.62253,-107.379,11.1,CameraPosition,-103.1307,1.753967,-107.3069,CameraRotation,290.0704,241.9623,344.3914,CurrentState,MoveToFinal,Slider,100,Scenario,1
ID,8,Time,312.4561,DronePosition,-110.239,50.76946,-107.379,11.1,CameraPosition,-103.1306,1.753651,-107.3061,CameraRotation,289.8435,241.8403,344.194,CurrentState,MoveToFinal,Slider,100,Scenario,1
ID,8,Time,312.47,DronePosition,-110.239,50.92412,-107.379,11.1,CameraPosition,-103.1305,1.753292,-107.3053,CameraRotation,289.6668,241.7332,344.0013,CurrentState,MoveToFinal,Slider,100,Scenario,1
ID,8,Time,312.4841,DronePosition,-110.239,51.08062,-107.379,11.1,CameraPosition,-103.1304,1.75295,-107.3045,CameraRotation,289.5198,241.6249,343.8237,CurrentState,MoveToFinal,Slider,100,Scenario,1
ID,8,Time,312.4979,DronePosition,-110.239,51.234,-107.379,11.1,CameraPosition,-103.1303,1.752653,-107.3036,CameraRotation,289.3572,241.5407,343.6241,CurrentState,MoveToFinal,Slider,100,Scenario,1
ID,8,Time,312.5118,DronePosition,-110.239,51.3886,-107.379,11.1,CameraPosition,-103.1303,1.752349,-107.3028,CameraRotation,289.2232,241.5924,343.3301,CurrentState,MoveToFinal,Slider,100,Scenario,1
ID,8,Time,312.5256,DronePosition,-110.239,51.54183,-107.379,11.1,CameraPosition,-103.1304,1.752045,-107.3021,CameraRotation,289.1631,241.6407,343.0413,CurrentState,MoveToFinal,Slider,100,Scenario,1
ID,8,Time,312.5394,DronePosition,-110.239,51.69498,-107.379,11.1,CameraPosition,-103.1305,1.751732,-107.3013,CameraRotation,289.1422,241.6753,342.7811,CurrentState,MoveToFinal,Slider,100,Scenario,1
ID,8,Time,312.5534,DronePosition,-110.239,51.85051,-107.379,11.1,CameraPosition,-103.1307,1.75142,-107.3006,CameraRotation,289.1311,241.7253,342.5228,CurrentState,MoveToFinal,Slider,100,Scenario,1
ID,8,Time,312.5679,DronePosition,-110.239,52.01088,-107.379,11.1,CameraPosition,-103.131,1.751086,-107.2998,CameraRotation,289.1217,241.7781,342.2917,CurrentState,MoveToFinal,Slider,100,Scenario,1
ID,8,Time,312.5816,DronePosition,-110.239,52.163,-107.379,11.1,CameraPosition,-103.1311,1.750773,-107.2991,CameraRotation,289.1157,241.8698,342.0429,CurrentState,MoveToFinal,Slider,100,Scenario,1
ID,8,Time,312.5954,DronePosition,-110.239,52.31593,-107.379,11.1,CameraPosition,-103.1312,1.750453,-107.2985,CameraRotation,289.0936,242.0009,341.7543,CurrentState,MoveToFinal,Slider,100,Scenario,1
ID,8,Time,312.6096,DronePosition,-110.239,52.47374,-107.379,11.1,CameraPosition,-103.1314,1.750113,-107.2978,CameraRotation,289.0749,242.0676,341.5135,CurrentState,MoveToFinal,Slider,100,Scenario,1
ID,8,Time,312.6229,DronePosition,-110.239,52.62185,-107.379,11.1,CameraPosition,-103.1315,1.74982,-107.2972,CameraRotation,289.0404,242.1001,341.2896,CurrentState,MoveToFinal,Slider,100,Scenario,1
ID,8,Time,312.637,DronePosition,-110.239,52.77834,-107.379,11.1,CameraPosition,-103.1316,1.749573,-107.2966,CameraRotation,289.0018,242.0981,341.126,CurrentState,MoveToFinal,Slider,100,Scenario,1
ID,8,Time,312.651,DronePosition,-110.239,52.93323,-107.379,11.1,CameraPosition,-103.1317,1.749348,-107.296,CameraRotation,288.9434,242.1241,340.9557,CurrentState,MoveToFinal,Slider,100,Scenario,1
ID,8,Time,312.6647,DronePosition,-110.239,53.08574,-107.379,11.1,CameraPosition,-103.1318,1.749133,-107.2954,CameraRotation,288.8543,242.1889,340.7279,CurrentState,MoveToFinal,Slider,100,Scenario,1
ID,8,Time,312.679,DronePosition,-110.239,53.24376,-107.379,11.1,CameraPosition,-103.1319,1.748896,-107.2948,CameraRotation,288.7612,242.2592,340.4794,CurrentState,MoveToFinal,Slider,100,Scenario,1
ID,8,Time,312.6929,DronePosition,-110.239,53.39836,-107.379,11.1,CameraPosition,-103.132,1.748641,-107.2942,CameraRotation,288.695,242.3463,340.2304,CurrentState,MoveToFinal,Slider,100,Scenario,1
ID,8,Time,312.7074,DronePosition,-110.239,53.55958,-107.379,11.1,CameraPosition,-103.1321,1.748412,-107.2937,CameraRotation,288.666,242.4515,339.9603,CurrentState,MoveToFinal,Slider,100,Scenario,1
ID,8,Time,312.7206,DronePosition,-110.239,53.7056,-107.379,11.1,CameraPosition,-103.1323,1.748187,-107.2931,CameraRotation,288.6693,242.5476,339.7005,CurrentState,MoveToFinal,Slider,100,Scenario,1
ID,8,Time,312.7346,DronePosition,-110.239,53.86155,-107.379,11.1,CameraPosition,-103.1325,1.747948,-107.2926,CameraRotation,288.673,242.6574,339.4392,CurrentState,MoveToFinal,Slider,100,Scenario,1
ID,8,Time,312.7484,DronePosition,-110.239,54.01511,-107.379,11.1,CameraPosition,-103.1326,1.747703,-107.2922,CameraRotation,288.6749,242.8112,339.1611,CurrentState,MoveToFinal,Slider,100,Scenario,1
ID,8,Time,312.7624,DronePosition,-110.239,54.16939,-107.379,11.1,CameraPosition,-103.1327,1.747475,-107.2917,CameraRotation,288.6799,242.9286,338.9462,CurrentState,MoveToFinal,Slider,100,Scenario,1
ID,8,Time,312.7767,DronePosition,-110.239,54.3286,-107.379,11.1,CameraPosition,-103.1328,1.747302,-107.2914,CameraRotation,288.6782,243.0643,338.6994,CurrentState,MoveToFinal,Slider,100,Scenario,1
ID,8,Time,312.7901,DronePosition,-110.239,54.47746,-107.379,11.1,CameraPosition,-103.133,1.74713,-107.2911,CameraRotation,288.6563,243.1499,338.5274,CurrentState,MoveToFinal,Slider,100,Scenario,1
ID,8,Time,312.8043,DronePosition,-110.239,54.63445,-107.379,11.1,CameraPosition,-103.1331,1.746986,-107.2908,CameraRotation,288.6617,243.2256,338.3768,CurrentState,MoveToFinal,Slider,100,Scenario,1
ID,8,Time,312.8181,DronePosition,-110.239,54.78818,-107.379,11.1,CameraPosition,-103.1332,1.746836,-107.2905,CameraRotation,288.6871,243.241,338.287,CurrentState,MoveToFinal,Slider,100,Scenario,1
ID,8,Time,312.8321,DronePosition,-110.239,54.94362,-107.379,11.1,CameraPosition,-103.1332,1.746715,-107.2902,CameraRotation,288.7161,243.2736,338.129,CurrentState,MoveToFinal,Slider,100,Scenario,1
ID,8,Time,312.846,DronePosition,-110.239,55.09766,-107.379,11.1,CameraPosition,-103.1333,1.746607,-107.29,CameraRotation,288.7234,243.3076,337.9851,CurrentState,MoveToFinal,Slider,100,Scenario,1
ID,8,Time,312.8598,DronePosition,-110.239,55.25052,-107.379,11.1,CameraPosition,-103.1333,1.74657,-107.2898,CameraRotation,288.7203,243.2979,337.9145,CurrentState,MoveToFinal,Slider,100,Scenario,1
ID,8,Time,312.8739,DronePosition,-110.239,55.4071,-107.379,11.1,CameraPosition,-103.1334,1.746561,-107.2897,CameraRotation,288.7141,243.2712,337.8781,CurrentState,MoveToFinal,Slider,100,Scenario,1
ID,8,Time,312.8874,DronePosition,-110.239,55.55722,-107.379,11.1,CameraPosition,-103.1334,1.746536,-107.2896,CameraRotation,288.7186,243.2556,337.8282,CurrentState,MoveToFinal,Slider,100,Scenario,1
ID,8,Time,312.902,DronePosition,-110.239,55.71969,-107.379,11.1,CameraPosition,-103.1334,1.746493,-107.2895,CameraRotation,288.7261,243.253,337.7625,CurrentState,MoveToFinal,Slider,100,Scenario,1
ID,8,Time,312.9155,DronePosition,-110.239,55.86937,-107.379,11.1,CameraPosition,-103.1333,1.746406,-107.2894,CameraRotation,288.7271,243.208,337.7477,CurrentState,MoveToFinal,Slider,100,Scenario,1
ID,8,Time,312.9294,DronePosition,-110.239,56.02352,-107.379,11.1,CameraPosition,-103.1332,1.74631,-107.2894,CameraRotation,288.7235,243.1206,337.7787,CurrentState,MoveToFinal,Slider,100,Scenario,1
ID,8,Time,312.9433,DronePosition,-110.239,56.17747,-107.379,11.1,CameraPosition,-103.1332,1.746232,-107.2894,CameraRotation,288.7384,243.0047,337.8493,CurrentState,MoveToFinal,Slider,100,Scenario,1
ID,8,Time,312.9574,DronePosition,-110.239,56.33384,-107.379,11.1,CameraPosition,-103.1331,1.746169,-107.2894,CameraRotation,288.7599,242.8681,337.9184,CurrentState,MoveToFinal,Slider,100,Scenario,1
ID,8,Time,312.9713,DronePosition,-110.239,56.48798,-107.379,11.1,CameraPosition,-103.133,1.746144,-107.2894,CameraRotation,288.7932,242.762,337.9312,CurrentState,MoveToFinal,Slider,100,Scenario,1
ID,8,Time,312.9855,DronePosition,-110.239,56.6459,-107.379,11.1,CameraPosition,-103.1328,1.746166,-107.2895,CameraRotation,288.8347,242.6456,337.9482,CurrentState,MoveToFinal,Slider,100,Scenario,1
ID,8,Time,312.9995,DronePosition,-110.239,56.80229,-107.379,11.1,CameraPosition,-103.1326,1.746198,-107.2895,CameraRotation,288.8601,242.5636,337.9624,CurrentState,MoveToFinal,Slider,100,Scenario,1
ID,8,Time,313.013,DronePosition,-110.239,56.95125,-107.379,11.1,CameraPosition,-103.1324,1.746206,-107.2896,CameraRotation,288.8897,242.4535,338.0354,CurrentState,MoveToFinal,Slider,100,Scenario,1
ID,8,Time,313.0268,DronePosition,-110.239,57.10419,-107.379,11.1,CameraPosition,-103.1323,1.746259,-107.2897,CameraRotation,288.9241,242.356,338.1178,CurrentState,MoveToFinal,Slider,100,Scenario,1
ID,8,Time,313.0414,DronePosition,-110.239,57.26671,-107.379,11.1,CameraPosition,-103.1322,1.746308,-107.2897,CameraRotation,288.9249,242.348,338.1338,CurrentState,MoveToFinal,Slider,100,Scenario,1
ID,8,Time,313.0544,DronePosition,-110.239,57.41136,-107.379,11.1,CameraPosition,-103.132,1.746348,-107.2898,CameraRotation,288.8999,242.4125,338.0905,CurrentState,MoveToFinal,Slider,100,Scenario,1
ID,8,Time,313.0686,DronePosition,-110.239,57.569,-107.379,11.1,CameraPosition,-103.1318,1.746402,-107.2899,CameraRotation,288.8818,242.4761,338.0481,CurrentState,MoveToFinal,Slider,100,Scenario,1
ID,8,Time,313.0827,DronePosition,-110.239,57.7253,-107.379,11.1,CameraPosition,-103.1315,1.746466,-107.29,CameraRotation,288.8591,242.4853,338.072,CurrentState,MoveToFinal,Slider,100,Scenario,1
ID,8,Time,313.0966,DronePosition,-110.239,57.8798,-107.379,11.1,CameraPosition,-103.1313,1.746542,-107.2901,CameraRotation,288.848,242.4521,338.1222,CurrentState,MoveToFinal,Slider,100,Scenario,1
ID,8,Time,313.1107,DronePosition,-110.239,58.03656,-107.379,11.1,CameraPosition,-103.1311,1.74661,-107.2903,CameraRotation,288.8698,242.343,338.2645,CurrentState,MoveToFinal,Slider,100,Scenario,1
ID,8,Time,313.1245,DronePosition,-110.239,58.18884,-107.379,11.1,CameraPosition,-103.131,1.746698,-107.2905,CameraRotation,288.9037,242.2435,338.3804,CurrentState,MoveToFinal,Slider,100,Scenario,1
ID,8,Time,313.1382,DronePosition,-110.239,58.3416,-107.379,11.1,CameraPosition,-103.1307,1.746812,-107.2907,CameraRotation,288.9211,242.1926,338.439,CurrentState,MoveToFinal,Slider,100,Scenario,1
ID,8,Time,313.1524,DronePosition,-110.239,58.49882,-107.379,11.1,CameraPosition,-103.1305,1.74693,-107.2908,CameraRotation,288.9195,242.12,338.5205,CurrentState,MoveToFinal,Slider,100,Scenario,1
ID,8,Time,313.1662,DronePosition,-110.239,58.65243,-107.379,11.1,CameraPosition,-103.1302,1.747037,-107.291,CameraRotation,288.9112,242.0823,338.6019,CurrentState,MoveToFinal,Slider,100,Scenario,1
ID,8,Time,313.1805,DronePosition,-110.239,58.81077,-107.379,11.1,CameraPosition,-103.13,1.747155,-107.2913,CameraRotation,288.9233,242.0659,338.6588,CurrentState,MoveToFinal,Slider,100,Scenario,1
ID,8,Time,313.1944,DronePosition,-110.239,58.96473,-107.379,11.1,CameraPosition,-103.1299,1.747283,-107.2916,CameraRotation,288.9845,241.976,338.7783,CurrentState,MoveToFinal,Slider,100,Scenario,1
ID,8,Time,313.2087,DronePosition,-110.239,59.12345,-107.379,11.1,CameraPosition,-103.1298,1.747384,-107.2919,CameraRotation,289.0439,241.9113,338.8789,CurrentState,MoveToFinal,Slider,100,Scenario,1
ID,8,Time,313.2219,DronePosition,-110.239,59.27025,-107.379,11.1,CameraPosition,-103.1296,1.747463,-107.2922,CameraRotation,289.1039,241.8921,338.9386,CurrentState,End,Slider,100,Scenario,1
ID,8,Time,313.2357,DronePosition,-110.239,59.27025,-107.379,0,CameraPosition,-103.1294,1.747557,-107.2924,CameraRotation,289.1476,241.8949,338.9698,CurrentState,End,Slider,100,Scenario,1
ID,8,Time,313.2498,DronePosition,-110.239,59.27025,-107.379,0,CameraPosition,-103.1292,1.747681,-107.2926,CameraRotation,289.1996,241.9375,338.9531,CurrentState,End,Slider,100,Scenario,1
ID,8,Time,313.2639,DronePosition,-110.239,59.27025,-107.379,0,CameraPosition,-103.1291,1.747811,-107.2929,CameraRotation,289.2478,241.9136,338.9958,CurrentState,End,Slider,100,Scenario,1
ID,8,Time,313.2778,DronePosition,-110.239,59.27025,-107.379,0,CameraPosition,-103.129,1.747943,-107.2932,CameraRotation,289.2804,241.8569,339.089,CurrentState,End,Slider,100,Scenario,1
ID,8,Time,313.2925,DronePosition,-110.239,59.27025,-107.379,0,CameraPosition,-103.1289,1.748043,-107.2936,CameraRotation,289.3129,241.7635,339.2303,CurrentState,End,Slider,100,Scenario,1
ID,8,Time,313.3051,DronePosition,-110.239,59.27025,-107.379,0,CameraPosition,-103.1287,1.748113,-107.2938,CameraRotation,289.3555,241.662,339.3764,CurrentState,End,Slider,100,Scenario,1
ID,8,Time,313.3191,DronePosition,-110.239,59.27025,-107.379,0,CameraPosition,-103.1285,1.748179,-107.2941,CameraRotation,289.3827,241.5997,339.4879,CurrentState,End,Slider,100,Scenario,1
ID,8,Time,313.333,DronePosition,-110.239,59.27025,-107.379,0,CameraPosition,-103.1284,1.748243,-107.2944,CameraRotation,289.3955,241.5349,339.5994,CurrentState,End,Slider,100,Scenario,1
ID,8,Time,313.347,DronePosition,-110.239,59.27025,-107.379,0,CameraPosition,-103.1283,1.748359,-107.2946,CameraRotation,289.3985,241.4968,339.6803,CurrentState,End,Slider,100,Scenario,1
ID,8,Time,313.361,DronePosition,-110.239,59.27025,-107.379,0,CameraPosition,-103.1282,1.748472,-107.2948,CameraRotation,289.389,241.4685,339.7446,CurrentState,End,Slider,100,Scenario,1
ID,8,Time,313.375,DronePosition,-110.239,59.27025,-107.379,0,CameraPosition,-103.1281,1.748542,-107.2951,CameraRotation,289.4015,241.4467,339.8004,CurrentState,End,Slider,100,Scenario,1
ID,8,Time,313.3893,DronePosition,-110.239,59.27025,-107.379,0,CameraPosition,-103.128,1.748587,-107.2953,CameraRotation,289.4471,241.3915,339.8732,CurrentState,End,Slider,100,Scenario,1
ID,8,Time,313.4032,DronePosition,-110.239,59.27025,-107.379,0,CameraPosition,-103.128,1.748646,-107.2956,CameraRotation,289.4818,241.3463,339.9411,CurrentState,End,Slider,100,Scenario,1
ID,8,Time,313.4167,DronePosition,-110.239,59.27025,-107.379,0,CameraPosition,-103.1279,1.748708,-107.2958,CameraRotation,289.5047,241.2596,340.0747,CurrentState,End,Slider,100,Scenario,1
ID,8,Time,313.4317,DronePosition,-110.239,59.27025,-107.379,0,CameraPosition,-103.128,1.748801,-107.2961,CameraRotation,289.5317,241.204,340.1898,CurrentState,End,Slider,100,Scenario,1
ID,8,Time,313.4447,DronePosition,-110.239,59.27025,-107.379,0,CameraPosition,-103.1281,1.748892,-107.2964,CameraRotation,289.5621,241.1854,340.2291,CurrentState,End,Slider,100,Scenario,1
ID,8,Time,313.4586,DronePosition,-110.239,59.27025,-107.379,0,CameraPosition,-103.1281,1.74897,-107.2967,CameraRotation,289.5751,241.2428,340.1914,CurrentState,End,Slider,100,Scenario,1
ID,8,Time,313.4722,DronePosition,-110.239,59.27025,-107.379,0,CameraPosition,-103.1282,1.749064,-107.2969,CameraRotation,289.6008,241.366,340.101,CurrentState,End,Slider,100,Scenario,1
ID,8,Time,313.4864,DronePosition,-110.239,59.27025,-107.379,0,CameraPosition,-103.1283,1.749149,-107.2971,CameraRotation,289.6311,241.4897,340.0046,CurrentState,End,Slider,100,Scenario,1
ID,8,Time,313.5004,DronePosition,-110.239,59.27025,-107.379,0,CameraPosition,-103.1285,1.749262,-107.2973,CameraRotation,289.6701,241.6649,339.854,CurrentState,End,Slider,100,Scenario,1
ID,8,Time,313.5145,DronePosition,-110.239,59.27025,-107.379,0,CameraPosition,-103.1287,1.749375,-107.2975,CameraRotation,289.7102,241.7727,339.7684,CurrentState,End,Slider,100,Scenario,1
ID,8,Time,313.5281,DronePosition,-110.239,59.27025,-107.379,0,CameraPosition,-103.1289,1.749462,-107.2979,CameraRotation,289.7572,241.8265,339.7383,CurrentState,End,Slider,100,Scenario,1
ID,8,Time,313.5422,DronePosition,-110.239,59.27025,-107.379,0,CameraPosition,-103.1291,1.749488,-107.2982,CameraRotation,289.8006,241.8114,339.793,CurrentState,End,Slider,100,Scenario,1
ID,8,Time,313.556,DronePosition,-110.239,59.27025,-107.379,0,CameraPosition,-103.1292,1.749522,-107.2985,CameraRotation,289.8547,241.7894,339.8339,CurrentState,End,Slider,100,Scenario,1
ID,8,Time,313.5701,DronePosition,-110.239,59.27025,-107.379,0,CameraPosition,-103.1295,1.749585,-107.2988,CameraRotation,289.9091,241.7789,339.8511,CurrentState,End,Slider,100,Scenario,1
ID,8,Time,313.5838,DronePosition,-110.239,59.27025,-107.379,0,CameraPosition,-103.1297,1.749665,-107.2992,CameraRotation,289.9364,241.8189,339.8047,CurrentState,End,Slider,100,Scenario,1
ID,8,Time,313.598,DronePosition,-110.239,59.27025,-107.379,0,CameraPosition,-103.13,1.749732,-107.2995,CameraRotation,289.9605,241.801,339.8148,CurrentState,End,Slider,100,Scenario,1
ID,8,Time,313.6121,DronePosition,-110.239,59.27025,-107.379,0,CameraPosition,-103.1303,1.749782,-107.2999,CameraRotation,289.9926,241.7468,339.8565,CurrentState,End,Slider,100,Scenario,1
ID,8,Time,313.6259,DronePosition,-110.239,59.27025,-107.379,0,CameraPosition,-103.1306,1.749793,-107.3003,CameraRotation,290.0458,241.6729,339.9128,CurrentState,End,Slider,100,Scenario,1
ID,8,Time,313.6396,DronePosition,-110.239,59.27025,-107.379,0,CameraPosition,-103.1309,1.749806,-107.3007,CameraRotation,290.1526,241.5437,340.0351,CurrentState,End,Slider,100,Scenario,1
ID,8,Time,313.6535,DronePosition,-110.239,59.27025,-107.379,0,CameraPosition,-103.1312,1.749815,-107.3011,CameraRotation,290.2006,241.4971,340.0576,CurrentState,End,Slider,100,Scenario,1
ID,8,Time,313.6675,DronePosition,-110.239,59.27025,-107.379,0,CameraPosition,-103.1316,1.749904,-107.3015,CameraRotation,290.2156,241.4703,340.0569,CurrentState,End,Slider,100,Scenario,1
ID,8,Time,313.6814,DronePosition,-110.239,59.27025,-107.379,0,CameraPosition,-103.1321,1.75003,-107.3018,CameraRotation,290.2146,241.4352,340.0724,CurrentState,End,Slider,100,Scenario,1
ID,8,Time,313.6956,DronePosition,-110.239,59.27025,-107.379,0,CameraPosition,-103.1325,1.750134,-107.3022,CameraRotation,290.225,241.399,340.0946,CurrentState,End,Slider,100,Scenario,1
ID,8,Time,313.7097,DronePosition,-110.239,59.27025,-107.379,0,CameraPosition,-103.1329,1.750217,-107.3026,CameraRotation,290.2534,241.3926,340.0813,CurrentState,End,Slider,100,Scenario,1
ID,8,Time,313.7231,DronePosition,-110.239,59.27025,-107.379,0,CameraPosition,-103.1333,1.750287,-107.303,CameraRotation,290.3246,241.3697,340.0792,CurrentState,End,Slider,100,Scenario,1
ID,8,Time,313.7369,DronePosition,-110.239,59.27025,-107.379,0,CameraPosition,-103.1338,1.750349,-107.3035,CameraRotation,290.3773,241.391,340.0363,CurrentState,End,Slider,100,Scenario,1
ID,8,Time,313.7512,DronePosition,-110.239,59.27025,-107.379,0,CameraPosition,-103.1344,1.750408,-107.304,CameraRotation,290.4355,241.3792,340.0255,CurrentState,End,Slider,100,Scenario,1
ID,8,Time,313.7648,DronePosition,-110.239,59.27025,-107.379,0,CameraPosition,-103.1351,1.75047,-107.3046,CameraRotation,290.5038,241.3651,340.0379,CurrentState,End,Slider,100,Scenario,1
ID,8,Time,313.7789,DronePosition,-110.239,59.27025,-107.379,0,CameraPosition,-103.1356,1.750539,-107.3051,CameraRotation,290.5889,241.3894,340.0088,CurrentState,End,Slider,100,Scenario,1
ID,8,Time,313.793,DronePosition,-110.239,59.27025,-107.379,0,CameraPosition,-103.1362,1.750607,-107.3057,CameraRotation,290.6805,241.4655,339.9357,CurrentState,End,Slider,100,Scenario,1
ID,8,Time,313.8064,DronePosition,-110.239,59.27025,-107.379,0,CameraPosition,-103.1368,1.750695,-107.3063,CameraRotation,290.7808,241.5906,339.8194,CurrentState,End,Slider,100,Scenario,1
ID,8,Time,313.821,DronePosition,-110.239,59.27025,-107.379,0,CameraPosition,-103.1374,1.750855,-107.3069,CameraRotation,290.8697,241.6476,339.7841,CurrentState,End,Slider,100,Scenario,1
ID,8,Time,313.8346,DronePosition,-110.239,59.27025,-107.379,0,CameraPosition,-103.1381,1.751089,-107.3075,CameraRotation,290.9467,241.725,339.7568,CurrentState,End,Slider,100,Scenario,1
ID,8,Time,313.8486,DronePosition,-110.239,59.27025,-107.379,0,CameraPosition,-103.1388,1.751298,-107.3082,CameraRotation,291.0451,241.7845,339.7476,CurrentState,End,Slider,100,Scenario,1
ID,8,Time,313.8624,DronePosition,-110.239,59.27025,-107.379,0,CameraPosition,-103.1395,1.751465,-107.309,CameraRotation,291.1832,241.8799,339.7027,CurrentState,End,Slider,100,Scenario,1
ID,8,Time,313.8762,DronePosition,-110.239,59.27025,-107.379,0,CameraPosition,-103.1402,1.751662,-107.31,CameraRotation,291.3878,241.97,339.666,CurrentState,End,Slider,100,Scenario,1
ID,8,Time,313.8902,DronePosition,-110.239,59.27025,-107.379,0,CameraPosition,-103.141,1.751901,-107.311,CameraRotation,291.6228,242.0177,339.671,CurrentState,End,Slider,100,Scenario,1
ID,8,Time,313.904,DronePosition,-110.239,59.27025,-107.379,0,CameraPosition,-103.1418,1.752162,-107.3121,CameraRotation,291.8649,242.0195,339.7552,CurrentState,End,Slider,100,Scenario,1
ID,8,Time,313.9184,DronePosition,-110.239,59.27025,-107.379,0,CameraPosition,-103.1427,1.752452,-107.3133,CameraRotation,292.1325,241.9843,339.8939,CurrentState,End,Slider,100,Scenario,1
ID,8,Time,313.9321,DronePosition,-110.239,59.27025,-107.379,0,CameraPosition,-103.1436,1.752711,-107.3146,CameraRotation,292.4538,241.9821,339.995,CurrentState,End,Slider,100,Scenario,1
ID,8,Time,313.9458,DronePosition,-110.239,59.27025,-107.379,0,CameraPosition,-103.1445,1.752948,-107.3159,CameraRotation,292.7986,242.0882,339.9854,CurrentState,End,Slider,100,Scenario,1
ID,8,Time,313.9596,DronePosition,-110.239,59.27025,-107.379,0,CameraPosition,-103.1455,1.753218,-107.3174,CameraRotation,293.2037,242.2913,339.8845,CurrentState,End,Slider,100,Scenario,1
ID,8,Time,313.9736,DronePosition,-110.239,59.27025,-107.379,0,CameraPosition,-103.1464,1.753505,-107.3189,CameraRotation,293.6211,242.4351,339.8649,CurrentState,End,Slider,100,Scenario,1
ID,8,Time,313.9874,DronePosition,-110.239,59.27025,-107.379,0,CameraPosition,-103.1474,1.753913,-107.3206,CameraRotation,294.0727,242.4925,339.9647,CurrentState,End,Slider,100,Scenario,1
ID,8,Time,314.0015,DronePosition,-110.239,59.27025,-107.379,0,CameraPosition,-103.1483,1.754332,-107.3224,CameraRotation,294.4969,242.4563,340.1976,CurrentState,End,Slider,100,Scenario,1
ID,8,Time,314.0155,DronePosition,-110.239,59.27025,-107.379,0,CameraPosition,-103.1492,1.754704,-107.3241,CameraRotation,294.9144,242.4106,340.4478,CurrentState,End,Slider,100,Scenario,1
ID,8,Time,314.0298,DronePosition,-110.239,59.27025,-107.379,0,CameraPosition,-103.1501,1.755099,-107.326,CameraRotation,295.3575,242.4747,340.6089,CurrentState,End,Slider,100,Scenario,1
ID,8,Time,314.0437,DronePosition,-110.239,59.27025,-107.379,0,CameraPosition,-103.1509,1.755484,-107.328,CameraRotation,295.8126,242.5496,340.7319,CurrentState,End,Slider,100,Scenario,1
ID,8,Time,314.0571,DronePosition,-110.239,59.27025,-107.379,0,CameraPosition,-103.1518,1.755826,-107.3301,CameraRotation,296.3188,242.5878,340.9157,CurrentState,End,Slider,100,Scenario,1
ID,8,Time,314.0711,DronePosition,-110.239,59.27025,-107.379,0,CameraPosition,-103.1528,1.756073,-107.3323,CameraRotation,296.8995,242.5936,341.1721,CurrentState,End,Slider,100,Scenario,1
ID,8,Time,314.0854,DronePosition,-110.239,59.27025,-107.379,0,CameraPosition,-103.1537,1.756276,-107.3346,CameraRotation,297.539,242.6578,341.42,CurrentState,End,Slider,100,Scenario,1
ID,8,Time,314.099,DronePosition,-110.239,59.27025,-107.379,0,CameraPosition,-103.1547,1.756566,-107.3369,CameraRotation,298.2105,242.7732,341.6611,CurrentState,End,Slider,100,Scenario,1
ID,8,Time,314.1132,DronePosition,-110.239,59.27025,-107.379,0,CameraPosition,-103.1557,1.756878,-107.3394,CameraRotation,298.8947,242.9298,341.9073,CurrentState,End,Slider,100,Scenario,1
ID,8,Time,314.127,DronePosition,-110.239,59.27025,-107.379,0,CameraPosition,-103.1566,1.7572,-107.3419,CameraRotation,299.5665,243.0779,342.1995,CurrentState,End,Slider,100,Scenario,1
ID,8,Time,314.1412,DronePosition,-110.239,59.27025,-107.379,0,CameraPosition,-103.1576,1.7575,-107.3444,CameraRotation,300.2949,243.2773,342.5096,CurrentState,End,Slider,100,Scenario,1
ID,8,Time,314.1547,DronePosition,-110.239,59.27025,-107.379,0,CameraPosition,-103.1587,1.757735,-107.347,CameraRotation,301.1309,243.5157,342.804,CurrentState,End,Slider,100,Scenario,1
ID,8,Time,314.1689,DronePosition,-110.239,59.27025,-107.379,0,CameraPosition,-103.1599,1.757867,-107.3498,CameraRotation,302.11,243.7509,343.1502,CurrentState,End,Slider,100,Scenario,1
ID,8,Time,314.1831,DronePosition,-110.239,59.27025,-107.379,0,CameraPosition,-103.161,1.757895,-107.3527,CameraRotation,303.1516,243.9429,343.5449,CurrentState,End,Slider,100,Scenario,1
ID,8,Time,314.1968,DronePosition,-110.239,59.27025,-107.379,0,CameraPosition,-103.1622,1.757831,-107.3558,CameraRotation,304.2456,244.1378,343.9979,CurrentState,End,Slider,100,Scenario,1
ID,8,Time,314.211,DronePosition,-110.239,59.27025,-107.379,0,CameraPosition,-103.1635,1.757777,-107.3588,CameraRotation,305.3491,244.3935,344.4243,CurrentState,End,Slider,100,Scenario,1
ID,8,Time,314.2249,DronePosition,-110.239,59.27025,-107.379,0,CameraPosition,-103.1648,1.757655,-107.362,CameraRotation,306.5158,244.7124,344.8337,CurrentState,End,Slider,100,Scenario,1
ID,8,Time,314.2395,DronePosition,-110.239,59.27025,-107.379,0,CameraPosition,-103.1662,1.757418,-107.3652,CameraRotation,307.8115,245.0699,345.2554,CurrentState,End,Slider,100,Scenario,1
ID,8,Time,314.2527,DronePosition,-110.239,59.27025,-107.379,0,CameraPosition,-103.1676,1.757046,-107.3685,CameraRotation,309.2086,245.4169,345.6448,CurrentState,End,Slider,100,Scenario,1
ID,8,Time,314.267,DronePosition,-110.239,59.27025,-107.379,0,CameraPosition,-103.1692,1.75654,-107.3718,CameraRotation,310.6949,245.7668,346.038,CurrentState,End,Slider,100,Scenario,1
ID,8,Time,314.2807,DronePosition,-110.239,59.27025,-107.379,0,CameraPosition,-103.171,1.755868,-107.3752,CameraRotation,312.3574,246.1553,346.4321,CurrentState,End,Slider,100,Scenario,1
ID,8,Time,314.2948,DronePosition,-110.239,59.27025,-107.379,0,CameraPosition,-103.1728,1.755,-107.3786,CameraRotation,314.1554,246.5851,346.8193,CurrentState,End,Slider,100,Scenario,1
ID,8,Time,314.3085,DronePosition,-110.239,59.27025,-107.379,0,CameraPosition,-103.1745,1.754112,-107.382,CameraRotation,315.9771,247.0264,347.2014,CurrentState,End,Slider,100,Scenario,1
ID,8,Time,314.3223,DronePosition,-110.239,59.27025,-107.379,0,CameraPosition,-103.1763,1.753072,-107.3856,CameraRotation,317.8951,247.4358,347.6026,CurrentState,End,Slider,100,Scenario,1
ID,8,Time,314.3364,DronePosition,-110.239,59.27025,-107.379,0,CameraPosition,-103.1781,1.75192,-107.3891,CameraRotation,319.8414,247.8442,348.011,CurrentState,End,Slider,100,Scenario,1
ID,8,Time,314.3506,DronePosition,-110.239,59.27025,-107.379,0,CameraPosition,-103.1799,1.750717,-107.3926,CameraRotation,321.7786,248.2813,348.4294,CurrentState,End,Slider,100,Scenario,1
ID,8,Time,314.3643,DronePosition,-110.239,59.27025,-107.379,0,CameraPosition,-103.1817,1.749378,-107.396,CameraRotation,323.7801,248.775,348.8531,CurrentState,End,Slider,100,Scenario,1
ID,8,Time,314.3784,DronePosition,-110.239,59.27025,-107.379,0,CameraPosition,-103.1834,1.747942,-107.3993,CameraRotation,325.774,249.3235,349.25,CurrentState,End,Slider,100,Scenario,1
ID,8,Time,314.3924,DronePosition,-110.239,59.27025,-107.379,0,CameraPosition,-103.185,1.746383,-107.4025,CameraRotation,327.741,249.9438,349.6505,CurrentState,End,Slider,100,Scenario,1
ID,8,Time,314.4058,DronePosition,-110.239,59.27025,-107.379,0,CameraPosition,-103.1865,1.744643,-107.4056,CameraRotation,329.7062,250.6135,350.0502,CurrentState,End,Slider,100,Scenario,1
ID,8,Time,314.42,DronePosition,-110.239,59.27025,-107.379,0,CameraPosition,-103.188,1.742842,-107.4087,CameraRotation,331.6358,251.3264,350.4326,CurrentState,End,Slider,100,Scenario,1
ID,8,Time,314.4342,DronePosition,-110.239,59.27025,-107.379,0,CameraPosition,-103.1893,1.74093,-107.4115,CameraRotation,333.5501,252.1044,350.7953,CurrentState,End,Slider,100,Scenario,1
ID,8,Time,314.448,DronePosition,-110.239,59.27025,-107.379,0,CameraPosition,-103.1906,1.739005,-107.4142,CameraRotation,335.386,252.9445,351.227,CurrentState,End,Slider,100,Scenario,1
ID,8,Time,314.4619,DronePosition,-110.239,59.27025,-107.379,0,CameraPosition,-103.1919,1.737104,-107.4169,CameraRotation,337.1476,253.8575,351.7261,CurrentState,End,Slider,100,Scenario,1
ID,8,Time,314.4757,DronePosition,-110.239,59.27025,-107.379,0,CameraPosition,-103.1931,1.735227,-107.4193,CameraRotation,338.8454,254.8415,352.2877,CurrentState,End,Slider,100,Scenario,1
ID,8,Time,314.4899,DronePosition,-110.239,59.27025,-107.379,0,CameraPosition,-103.1943,1.733393,-107.4217,CameraRotation,340.4611,255.8561,352.9097,CurrentState,End,Slider,100,Scenario,1
ID,8,Time,314.5032,DronePosition,-110.239,59.27025,-107.379,0,CameraPosition,-103.1953,1.731646,-107.4239,CameraRotation,342.0074,256.901,353.5707,CurrentState,End,Slider,100,Scenario,1
ID,8,Time,314.5175,DronePosition,-110.239,59.27025,-107.379,0,CameraPosition,-103.1962,1.730019,-107.4259,CameraRotation,343.4167,258.0173,354.2419,CurrentState,End,Slider,100,Scenario,1
ID,8,Time,314.5313,DronePosition,-110.239,59.27025,-107.379,0,CameraPosition,-103.1971,1.728516,-107.4278,CameraRotation,344.6544,259.2165,354.9357,CurrentState,End,Slider,100,Scenario,1
ID,8,Time,314.545,DronePosition,-110.239,59.27025,-107.379,0,CameraPosition,-103.198,1.727154,-107.4296,CameraRotation,345.7843,260.4192,355.6324,CurrentState,End,Slider,100,Scenario,1
ID,8,Time,314.559,DronePosition,-110.239,59.27025,-107.379,0,CameraPosition,-103.1988,1.726032,-107.4312,CameraRotation,346.6944,261.6471,356.322,CurrentState,End,Slider,100,Scenario,1
ID,8,Time,314.5724,DronePosition,-110.239,59.27025,-107.379,0,CameraPosition,-103.1997,1.725091,-107.4329,CameraRotation,347.5084,262.8247,356.9452,CurrentState,End,Slider,100,Scenario,1
ID,8,Time,314.5868,DronePosition,-110.239,59.27025,-107.379,0,CameraPosition,-103.2005,1.724419,-107.4346,CameraRotation,348.0573,263.9413,357.4403,CurrentState,End,Slider,100,Scenario,1
ID,8,Time,314.6006,DronePosition,-110.239,59.27025,-107.379,0,CameraPosition,-103.2012,1.723861,-107.4363,CameraRotation,348.5468,264.9983,357.8738,CurrentState,End,Slider,100,Scenario,1
ID,8,Time,314.6144,DronePosition,-110.239,59.27025,-107.379,0,CameraPosition,-103.2019,1.723426,-107.438,CameraRotation,348.9174,265.97,358.2659,CurrentState,End,Slider,100,Scenario,1
ID,8,Time,314.6286,DronePosition,-110.239,59.27025,-107.379,0,CameraPosition,-103.2026,1.723,-107.4397,CameraRotation,349.2286,266.8196,358.6956,CurrentState,End,Slider,100,Scenario,1
ID,8,Time,314.6422,DronePosition,-110.239,59.27025,-107.379,0,CameraPosition,-103.2032,1.72253,-107.4415,CameraRotation,349.6009,267.6071,359.1432,CurrentState,End,Slider,100,Scenario,1
ID,8,Time,314.6564,DronePosition,-110.239,59.27025,-107.379,0,CameraPosition,-103.2038,1.722064,-107.4433,CameraRotation,349.9402,268.2651,359.5475,CurrentState,End,Slider,100,Scenario,1
ID,8,Time,314.6699,DronePosition,-110.239,59.27025,-107.379,0,CameraPosition,-103.2043,1.721519,-107.445,CameraRotation,350.2756,268.8577,359.9006,CurrentState,End,Slider,100,Scenario,1
ID,8,Time,314.6839,DronePosition,-110.239,59.27025,-107.379,0,CameraPosition,-103.2048,1.720987,-107.4468,CameraRotation,350.6531,269.415,0.2314166,CurrentState,End,Slider,100,Scenario,1
ID,8,Time,314.6978,DronePosition,-110.239,59.27025,-107.379,0,CameraPosition,-103.2052,1.720543,-107.4485,CameraRotation,350.9628,269.8737,0.481149,CurrentState,End,Slider,100,Scenario,1
ID,8,Time,314.7118,DronePosition,-110.239,59.27025,-107.379,0,CameraPosition,-103.2056,1.720122,-107.4501,CameraRotation,351.1869,270.2495,0.788611,CurrentState,End,Slider,100,Scenario,1
ID,8,Time,314.7257,DronePosition,-110.239,59.27025,-107.379,0,CameraPosition,-103.2059,1.719696,-107.4517,CameraRotation,351.3817,270.5826,1.123296,CurrentState,End,Slider,100,Scenario,1
ID,8,Time,314.7397,DronePosition,-110.239,59.27025,-107.379,0,CameraPosition,-103.2062,1.719328,-107.4532,CameraRotation,351.5463,270.8129,1.379899,CurrentState,End,Slider,100,Scenario,1
ID,8,Time,314.7536,DronePosition,-110.239,59.27025,-107.379,0,CameraPosition,-103.2065,1.719015,-107.4547,CameraRotation,351.7172,270.9904,1.609109,CurrentState,End,Slider,100,Scenario,1
ID,8,Time,314.7673,DronePosition,-110.239,59.27025,-107.379,0,CameraPosition,-103.2067,1.718776,-107.4562,CameraRotation,351.8546,271.1589,1.800261,CurrentState,End,Slider,100,Scenario,1
ID,8,Time,314.7813,DronePosition,-110.239,59.27025,-107.379,0,CameraPosition,-103.2069,1.718612,-107.4575,CameraRotation,351.885,271.2477,1.941681,CurrentState,End,Slider,100,Scenario,1
ID,8,Time,314.7954,DronePosition,-110.239,59.27025,-107.379,0,CameraPosition,-103.207,1.718533,-107.4587,CameraRotation,351.9011,271.341,2.04046,CurrentState,End,Slider,100,Scenario,1
ID,8,Time,314.8124,DronePosition,-110.239,59.27025,-107.379,0,CameraPosition,-103.2071,1.718385,-107.4598,CameraRotation,351.8374,271.423,2.312018,CurrentState,End,Slider,100,Scenario,1
ID,8,Time,314.8259,DronePosition,-110.239,59.27025,-107.379,0,CameraPosition,-103.2071,1.718319,-107.4608,CameraRotation,351.8666,271.4729,2.467336,CurrentState,End,Slider,100,Scenario,1
ID,8,Time,314.8399,DronePosition,-110.239,59.27025,-107.379,0,CameraPosition,-103.2071,1.718176,-107.4618,CameraRotation,351.8758,271.5114,2.602558,CurrentState,End,Slider,100,Scenario,1
ID,8,Time,314.8539,DronePosition,-110.239,59.27025,-107.379,0,CameraPosition,-103.2071,1.718033,-107.4626,CameraRotation,351.8936,271.513,2.792054,CurrentState,End,Slider,100,Scenario,1
ID,8,Time,314.8681,DronePosition,-110.239,59.27025,-107.379,0,CameraPosition,-103.207,1.717986,-107.4633,CameraRotation,351.9228,271.5018,2.95102,CurrentState,End,Slider,100,Scenario,1
ID,8,Time,314.8821,DronePosition,-110.239,59.27025,-107.379,0,CameraPosition,-103.2069,1.718018,-107.4639,CameraRotation,351.943,271.4779,3.077743,CurrentState,End,Slider,100,Scenario,1
ID,8,Time,314.8958,DronePosition,-110.239,59.27025,-107.379,0,CameraPosition,-103.2068,1.71806,-107.4644,CameraRotation,351.9139,271.4611,3.19997,CurrentState,End,Slider,100,Scenario,1
ID,8,Time,314.9183,DronePosition,-110.239,59.27025,-107.379,0,CameraPosition,-103.2068,1.718367,-107.4643,CameraRotation,351.8544,271.428,3.216554,CurrentState,End,Slider,100,Scenario,1
ID,8,Time,314.9347,DronePosition,-110.239,59.27025,-107.379,0,CameraPosition,-103.2067,1.718534,-107.465,CameraRotation,351.8223,271.4386,3.38179,CurrentState,End,Slider,100,Scenario,1
ID,8,Time,314.9505,DronePosition,-110.239,59.27025,-107.379,0,CameraPosition,-103.2066,1.718617,-107.4649,CameraRotation,351.7756,271.4106,3.402188,CurrentState,End,Slider,100,Scenario,1
ID,8,Time,314.9641,DronePosition,-110.239,59.27025,-107.379,0,CameraPosition,-103.2064,1.718689,-107.4649,CameraRotation,351.7438,271.3851,3.411721,CurrentState,End,Slider,100,Scenario,1
ID,8,Time,314.9775,DronePosition,-110.239,59.27025,-107.379,0,CameraPosition,-103.2062,1.718783,-107.4646,CameraRotation,351.7367,271.3622,3.382144,CurrentState,End,Slider,100,Scenario,1
ID,8,Time,314.9912,DronePosition,-110.239,59.27025,-107.379,0,CameraPosition,-103.2062,1.718897,-107.4644,CameraRotation,351.7312,271.3531,3.343,CurrentState,End,Slider,100,Scenario,1
ID,8,Time,315.0049,DronePosition,-110.239,59.27025,-107.379,0,CameraPosition,-103.2061,1.718971,-107.464,CameraRotation,351.715,271.3306,3.297838,CurrentState,End,Slider,100,Scenario,1
ID,8,Time,315.0185,DronePosition,-110.239,59.27025,-107.379,0,CameraPosition,-103.2059,1.718991,-107.4635,CameraRotation,351.7097,271.2973,3.28377,CurrentState,End,Slider,100,Scenario,1
ID,8,Time,315.0326,DronePosition,-110.239,59.27025,-107.379,0,CameraPosition,-103.2057,1.719027,-107.4629,CameraRotation,351.7365,271.2647,3.2452,CurrentState,End,Slider,100,Scenario,1
ID,8,Time,315.0461,DronePosition,-110.239,59.27025,-107.379,0,CameraPosition,-103.2055,1.719074,-107.4622,CameraRotation,351.7634,271.2315,3.182431,CurrentState,End,Slider,100,Scenario,1
ID,8,Time,315.06,DronePosition,-110.239,59.27025,-107.379,0,CameraPosition,-103.2054,1.719144,-107.4614,CameraRotation,351.7829,271.1985,3.084228,CurrentState,End,Slider,100,Scenario,1
ID,8,Time,315.0741,DronePosition,-110.239,59.27025,-107.379,0,CameraPosition,-103.2053,1.719217,-107.4604,CameraRotation,351.784,271.1736,2.971462,CurrentState,End,Slider,100,Scenario,1
ID,8,Time,315.0874,DronePosition,-110.239,59.27025,-107.379,0,CameraPosition,-103.2052,1.719279,-107.4594,CameraRotation,351.8217,271.1588,2.827528,CurrentState,End,Slider,100,Scenario,1
ID,8,Time,315.1015,DronePosition,-110.239,59.27025,-107.379,0,CameraPosition,-103.205,1.719242,-107.4584,CameraRotation,351.8927,271.1066,2.68348,CurrentState,End,Slider,100,Scenario,1
ID,8,Time,315.1151,DronePosition,-110.239,59.27025,-107.379,0,CameraPosition,-103.2049,1.719189,-107.4572,CameraRotation,352.0139,271.0288,2.575968,CurrentState,End,Slider,100,Scenario,1
ID,8,Time,315.1291,DronePosition,-110.239,59.27025,-107.379,0,CameraPosition,-103.2047,1.719091,-107.4561,CameraRotation,352.1503,270.9371,2.455652,CurrentState,End,Slider,100,Scenario,1
ID,8,Time,315.1426,DronePosition,-110.239,59.27025,-107.379,0,CameraPosition,-103.2045,1.71889,-107.4548,CameraRotation,352.3373,270.8168,2.308959,CurrentState,End,Slider,100,Scenario,1
ID,8,Time,315.1567,DronePosition,-110.239,59.27025,-107.379,0,CameraPosition,-103.2044,1.71864,-107.4535,CameraRotation,352.5414,270.6975,2.145021,CurrentState,End,Slider,100,Scenario,1
ID,8,Time,315.1706,DronePosition,-110.239,59.27025,-107.379,0,CameraPosition,-103.2042,1.718349,-107.4522,CameraRotation,352.7816,270.5671,1.956074,CurrentState,End,Slider,100,Scenario,1
ID,8,Time,315.1846,DronePosition,-110.239,59.27025,-107.379,0,CameraPosition,-103.2039,1.718033,-107.4508,CameraRotation,353.0354,270.4065,1.774209,CurrentState,End,Slider,100,Scenario,1
ID,8,Time,315.1985,DronePosition,-110.239,59.27025,-107.379,0,CameraPosition,-103.2036,1.717721,-107.4493,CameraRotation,353.2547,270.2076,1.638803,CurrentState,End,Slider,100,Scenario,1
ID,8,Time,315.2123,DronePosition,-110.239,59.27025,-107.379,0,CameraPosition,-103.2034,1.717454,-107.4478,CameraRotation,353.4705,269.9704,1.558545,CurrentState,End,Slider,100,Scenario,1
ID,8,Time,315.2262,DronePosition,-110.239,59.27025,-107.379,0,CameraPosition,-103.2032,1.71728,-107.4462,CameraRotation,353.661,269.7113,1.475245,CurrentState,End,Slider,100,Scenario,1
ID,8,Time,315.2402,DronePosition,-110.239,59.27025,-107.379,0,CameraPosition,-103.2031,1.717116,-107.4445,CameraRotation,353.8352,269.456,1.347177,CurrentState,End,Slider,100,Scenario,1
ID,8,Time,315.2537,DronePosition,-110.239,59.27025,-107.379,0,CameraPosition,-103.2029,1.716914,-107.4428,CameraRotation,354.0053,269.1951,1.16682,CurrentState,End,Slider,100,Scenario,1
ID,8,Time,315.268,DronePosition,-110.239,59.27025,-107.379,0,CameraPosition,-103.2026,1.716634,-107.441,CameraRotation,354.1919,268.9435,0.9526334,CurrentState,End,Slider,100,Scenario,1
ID,8,Time,315.2824,DronePosition,-110.239,59.27025,-107.379,0,CameraPosition,-103.2024,1.716362,-107.4392,CameraRotation,354.3883,268.6905,0.738588,CurrentState,End,Slider,100,Scenario,1
ID,8,Time,315.2961,DronePosition,-110.239,59.27025,-107.379,0,CameraPosition,-103.2022,1.7161,-107.4373,CameraRotation,354.6058,268.4363,0.5317258,CurrentState,End,Slider,100,Scenario,1
ID,8,Time,315.3097,DronePosition,-110.239,59.27025,-107.379,0,CameraPosition,-103.202,1.715778,-107.4353,CameraRotation,354.8451,268.1474,0.3676028,CurrentState,End,Slider,100,Scenario,1
ID,8,Time,315.3234,DronePosition,-110.239,59.27025,-107.379,0,CameraPosition,-103.2019,1.715387,-107.4333,CameraRotation,355.1261,267.8343,0.2436559,CurrentState,End,Slider,100,Scenario,1
ID,8,Time,315.3376,DronePosition,-110.239,59.27025,-107.379,0,CameraPosition,-103.2019,1.714928,-107.4312,CameraRotation,355.4794,267.5197,0.1420284,CurrentState,End,Slider,100,Scenario,1
ID,8,Time,315.3514,DronePosition,-110.239,59.27025,-107.379,0,CameraPosition,-103.2018,1.714444,-107.4291,CameraRotation,355.9215,267.2014,0.005317322,CurrentState,End,Slider,100,Scenario,1
ID,8,Time,315.3655,DronePosition,-110.239,59.27025,-107.379,0,CameraPosition,-103.2018,1.713991,-107.4271,CameraRotation,356.3844,266.9091,359.8118,CurrentState,End,Slider,100,Scenario,1
ID,8,Time,315.3793,DronePosition,-110.239,59.27025,-107.379,0,CameraPosition,-103.202,1.713555,-107.425,CameraRotation,356.8461,266.6024,359.577,CurrentState,End,Slider,100,Scenario,1
ID,8,Time,315.3932,DronePosition,-110.239,59.27025,-107.379,0,CameraPosition,-103.2022,1.713071,-107.423,CameraRotation,357.2834,266.2756,359.3388,CurrentState,End,Slider,100,Scenario,1
ID,8,Time,315.4073,DronePosition,-110.239,59.27025,-107.379,0,CameraPosition,-103.2025,1.712367,-107.421,CameraRotation,357.7678,265.9154,359.1116,CurrentState,End,Slider,100,Scenario,1
ID,8,Time,315.421,DronePosition,-110.239,59.27025,-107.379,0,CameraPosition,-103.2027,1.711214,-107.419,CameraRotation,358.4346,265.5352,358.9022,CurrentState,End,Slider,100,Scenario,1
ID,8,Time,315.4351,DronePosition,-110.239,59.27025,-107.379,0,CameraPosition,-103.2029,1.709871,-107.4171,CameraRotation,359.2413,265.1359,358.7392,CurrentState,End,Slider,100,Scenario,1
ID,8,Time,315.4491,DronePosition,-110.239,59.27025,-107.379,0,CameraPosition,-103.203,1.708344,-107.4153,CameraRotation,0.2721079,264.5978,358.7381,CurrentState,End,Slider,100,Scenario,1
ID,8,Time,315.463,DronePosition,-110.239,59.27025,-107.379,0,CameraPosition,-103.2032,1.706927,-107.4137,CameraRotation,1.155894,263.9106,358.8087,CurrentState,End,Slider,100,Scenario,1
ID,8,Time,315.4772,DronePosition,-110.239,59.27025,-107.379,0,CameraPosition,-103.2036,1.70572,-107.4122,CameraRotation,1.828712,263.1588,358.7854,CurrentState,End,Slider,100,Scenario,1
ID,8,Time,315.4911,DronePosition,-110.239,59.27025,-107.379,0,CameraPosition,-103.204,1.704698,-107.4107,CameraRotation,2.395651,262.4302,358.6569,CurrentState,End,Slider,100,Scenario,1
ID,8,Time,315.5043,DronePosition,-110.239,59.27025,-107.379,0,CameraPosition,-103.2043,1.703801,-107.4093,CameraRotation,2.876533,261.7681,358.4237,CurrentState,End,Slider,100,Scenario,1
ID,8,Time,315.5184,DronePosition,-110.239,59.27025,-107.379,0,CameraPosition,-103.2047,1.702897,-107.4078,CameraRotation,3.325143,261.2029,358.1609,CurrentState,End,Slider,100,Scenario,1
ID,8,Time,315.5324,DronePosition,-110.239,59.27025,-107.379,0,CameraPosition,-103.2049,1.702149,-107.4062,CameraRotation,3.707726,260.6864,357.9734,CurrentState,End,Slider,100,Scenario,1
ID,8,Time,315.5463,DronePosition,-110.239,59.27025,-107.379,0,CameraPosition,-103.2053,1.701581,-107.4046,CameraRotation,3.956866,260.2011,357.9283,CurrentState,End,Slider,100,Scenario,1
ID,8,Time,315.5603,DronePosition,-110.239,59.27025,-107.379,0,CameraPosition,-103.2056,1.701111,-107.4029,CameraRotation,4.163896,259.7747,357.8714,CurrentState,End,Slider,100,Scenario,1
ID,8,Time,315.5743,DronePosition,-110.239,59.27025,-107.379,0,CameraPosition,-103.2061,1.7008,-107.4011,CameraRotation,4.284424,259.4954,357.7577,CurrentState,End,Slider,100,Scenario,1
ID,8,Time,315.5878,DronePosition,-110.239,59.27025,-107.379,0,CameraPosition,-103.2065,1.700462,-107.3993,CameraRotation,4.443559,259.3561,357.6031,CurrentState,End,Slider,100,Scenario,1
ID,8,Time,315.602,DronePosition,-110.239,59.27025,-107.379,0,CameraPosition,-103.2068,1.700024,-107.3974,CameraRotation,4.705785,259.2698,357.5056,CurrentState,End,Slider,100,Scenario,1
ID,8,Time,315.6158,DronePosition,-110.239,59.27025,-107.379,0,CameraPosition,-103.2073,1.699511,-107.3955,CameraRotation,5.016802,259.2797,357.4799,CurrentState,End,Slider,100,Scenario,1
ID,8,Time,315.6295,DronePosition,-110.239,59.27025,-107.379,0,CameraPosition,-103.2078,1.698927,-107.3936,CameraRotation,5.335531,259.3461,357.5091,CurrentState,End,Slider,100,Scenario,1
ID,8,Time,315.6437,DronePosition,-110.239,59.27025,-107.379,0,CameraPosition,-103.2084,1.69827,-107.3917,CameraRotation,5.639259,259.443,357.5432,CurrentState,End,Slider,100,Scenario,1
ID,8,Time,315.6576,DronePosition,-110.239,59.27025,-107.379,0,CameraPosition,-103.2091,1.697541,-107.3897,CameraRotation,5.981676,259.6219,357.5994,CurrentState,End,Slider,100,Scenario,1
ID,8,Time,315.6716,DronePosition,-110.239,59.27025,-107.379,0,CameraPosition,-103.2098,1.696774,-107.3878,CameraRotation,6.362704,259.8579,357.7158,CurrentState,End,Slider,100,Scenario,1
ID,8,Time,315.6855,DronePosition,-110.239,59.27025,-107.379,0,CameraPosition,-103.2106,1.696055,-107.386,CameraRotation,6.698689,260.0879,357.8581,CurrentState,End,Slider,100,Scenario,1
ID,8,Time,315.6996,DronePosition,-110.239,59.27025,-107.379,0,CameraPosition,-103.2115,1.695277,-107.3842,CameraRotation,6.958885,260.3402,358.0135,CurrentState,End,Slider,100,Scenario,1
ID,8,Time,315.7136,DronePosition,-110.239,59.27025,-107.379,0,CameraPosition,-103.2125,1.69444,-107.3824,CameraRotation,7.214949,260.5931,358.1199,CurrentState,End,Slider,100,Scenario,1
ID,8,Time,315.7273,DronePosition,-110.239,59.27025,-107.379,0,CameraPosition,-103.2134,1.693524,-107.3807,CameraRotation,7.49441,260.8764,358.192,CurrentState,End,Slider,100,Scenario,1
ID,8,Time,315.7411,DronePosition,-110.239,59.27025,-107.379,0,CameraPosition,-103.2142,1.692466,-107.379,CameraRotation,7.844589,261.2344,358.2347,CurrentState,End,Slider,100,Scenario,1
ID,8,Time,315.7548,DronePosition,-110.239,59.27025,-107.379,0,CameraPosition,-103.2149,1.691391,-107.3774,CameraRotation,8.293374,261.6261,358.2596,CurrentState,End,Slider,100,Scenario,1
ID,8,Time,315.7686,DronePosition,-110.239,59.27025,-107.379,0,CameraPosition,-103.2156,1.690304,-107.3757,CameraRotation,8.746256,262.0502,358.2699,CurrentState,End,Slider,100,Scenario,1
ID,8,Time,315.7827,DronePosition,-110.239,59.27025,-107.379,0,CameraPosition,-103.2162,1.689267,-107.3742,CameraRotation,9.167344,262.5331,358.3408,CurrentState,End,Slider,100,Scenario,1
ID,8,Time,315.7968,DronePosition,-110.239,59.27025,-107.379,0,CameraPosition,-103.2169,1.688439,-107.3726,CameraRotation,9.532412,263.0591,358.463,CurrentState,End,Slider,100,Scenario,1
ID,8,Time,315.8109,DronePosition,-110.239,59.27025,-107.379,0,CameraPosition,-103.2175,1.687688,-107.371,CameraRotation,9.862088,263.6129,358.6223,CurrentState,End,Slider,100,Scenario,1
ID,8,Time,315.8246,DronePosition,-110.239,59.27025,-107.379,0,CameraPosition,-103.2179,1.687098,-107.3694,CameraRotation,10.1673,264.2276,358.8286,CurrentState,End,Slider,100,Scenario,1
ID,8,Time,315.8385,DronePosition,-110.239,59.27025,-107.379,0,CameraPosition,-103.2183,1.686625,-107.3678,CameraRotation,10.44266,264.8283,359.0623,CurrentState,End,Slider,100,Scenario,1
ID,8,Time,315.8524,DronePosition,-110.239,59.27025,-107.379,0,CameraPosition,-103.2187,1.686355,-107.3664,CameraRotation,10.61608,265.4156,359.2867,CurrentState,End,Slider,100,Scenario,1
ID,8,Time,315.8664,DronePosition,-110.239,59.27025,-107.379,0,CameraPosition,-103.2189,1.686205,-107.365,CameraRotation,10.73477,265.9774,359.4463,CurrentState,End,Slider,100,Scenario,1
ID,8,Time,315.8804,DronePosition,-110.239,59.27025,-107.379,0,CameraPosition,-103.219,1.686137,-107.3637,CameraRotation,10.82751,266.4883,359.5453,CurrentState,End,Slider,100,Scenario,1
ID,8,Time,315.8942,DronePosition,-110.239,59.27025,-107.379,0,CameraPosition,-103.2189,1.68612,-107.3625,CameraRotation,10.91435,266.9837,359.5941,CurrentState,End,Slider,100,Scenario,1
ID,8,Time,315.9087,DronePosition,-110.239,59.27025,-107.379,0,CameraPosition,-103.2189,1.686217,-107.3614,CameraRotation,10.98995,267.4622,359.611,CurrentState,End,Slider,100,Scenario,1
ID,8,Time,315.922,DronePosition,-110.239,59.27025,-107.379,0,CameraPosition,-103.2188,1.686383,-107.3604,CameraRotation,11.04549,267.9321,359.6229,CurrentState,End,Slider,100,Scenario,1
ID,8,Time,315.9362,DronePosition,-110.239,59.27025,-107.379,0,CameraPosition,-103.2186,1.686592,-107.3596,CameraRotation,11.04216,268.3708,359.6411,CurrentState,End,Slider,100,Scenario,1
ID,8,Time,315.9514,DronePosition,-110.239,59.27025,-107.379,0,CameraPosition,-103.2185,1.686806,-107.3587,CameraRotation,10.97957,268.7835,359.6738,CurrentState,End,Slider,100,Scenario,1
ID,8,Time,315.9638,DronePosition,-110.239,59.27025,-107.379,0,CameraPosition,-103.2183,1.687059,-107.358,CameraRotation,10.87542,269.1706,359.7188,CurrentState,End,Slider,100,Scenario,1
ID,8,Time,315.9777,DronePosition,-110.239,59.27025,-107.379,0,CameraPosition,-103.2182,1.687323,-107.3572,CameraRotation,10.7564,269.5352,359.7707,CurrentState,End,Slider,100,Scenario,1
ID,8,Time,315.9919,DronePosition,-110.239,59.27025,-107.379,0,CameraPosition,-103.2181,1.687494,-107.3564,CameraRotation,10.64775,269.9002,359.8071,CurrentState,End,Slider,100,Scenario,1
ID,8,Time,316.0059,DronePosition,-110.239,59.27025,-107.379,0,CameraPosition,-103.218,1.687639,-107.3558,CameraRotation,10.51531,270.2385,359.8455,CurrentState,End,Slider,100,Scenario,1
ID,8,Time,316.0196,DronePosition,-110.239,59.27025,-107.379,0,CameraPosition,-103.2179,1.687769,-107.3553,CameraRotation,10.38303,270.5468,359.8338,CurrentState,End,Slider,100,Scenario,1
ID,8,Time,316.0336,DronePosition,-110.239,59.27025,-107.379,0,CameraPosition,-103.2179,1.687881,-107.3549,CameraRotation,10.30445,270.835,359.8213,CurrentState,End,Slider,100,Scenario,1
ID,8,Time,316.0474,DronePosition,-110.239,59.27025,-107.379,0,CameraPosition,-103.2179,1.687965,-107.3546,CameraRotation,10.26126,271.1093,359.8105,CurrentState,End,Slider,100,Scenario,1
ID,8,Time,316.0614,DronePosition,-110.239,59.27025,-107.379,0,CameraPosition,-103.2179,1.68809,-107.3544,CameraRotation,10.24582,271.3432,359.7995,CurrentState,End,Slider,100,Scenario,1
ID,8,Time,316.0756,DronePosition,-110.239,59.27025,-107.379,0,CameraPosition,-103.2179,1.688312,-107.3542,CameraRotation,10.22286,271.5713,359.8076,CurrentState,End,Slider,100,Scenario,1
ID,8,Time,316.0893,DronePosition,-110.239,59.27025,-107.379,0,CameraPosition,-103.218,1.688579,-107.3541,CameraRotation,10.15966,271.7718,359.8193,CurrentState,End,Slider,100,Scenario,1
ID,8,Time,316.1033,DronePosition,-110.239,59.27025,-107.379,0,CameraPosition,-103.2182,1.688836,-107.3542,CameraRotation,10.0342,271.9262,359.8309,CurrentState,End,Slider,100,Scenario,1
ID,8,Time,316.1178,DronePosition,-110.239,59.27025,-107.379,0,CameraPosition,-103.2185,1.689198,-107.3543,CameraRotation,9.871011,272.0409,359.8566,CurrentState,End,Slider,100,Scenario,1
ID,8,Time,316.1314,DronePosition,-110.239,59.27025,-107.379,0,CameraPosition,-103.2188,1.689614,-107.3544,CameraRotation,9.688193,272.1616,359.9022,CurrentState,End,Slider,100,Scenario,1
ID,8,Time,316.145,DronePosition,-110.239,59.27025,-107.379,0,CameraPosition,-103.2191,1.690131,-107.3546,CameraRotation,9.460109,272.2531,359.9525,CurrentState,End,Slider,100,Scenario,1
ID,8,Time,316.1591,DronePosition,-110.239,59.27025,-107.379,0,CameraPosition,-103.2194,1.690604,-107.3548,CameraRotation,9.196159,272.328,0.01388495,CurrentState,End,Slider,100,Scenario,1
ID,8,Time,316.1729,DronePosition,-110.239,59.27025,-107.379,0,CameraPosition,-103.2197,1.691093,-107.355,CameraRotation,8.933224,272.3681,0.0845032,CurrentState,End,Slider,100,Scenario,1
ID,8,Time,316.1869,DronePosition,-110.239,59.27025,-107.379,0,CameraPosition,-103.22,1.691665,-107.3553,CameraRotation,8.649846,272.3613,0.1566479,CurrentState,End,Slider,100,Scenario,1
ID,8,Time,316.2008,DronePosition,-110.239,59.27025,-107.379,0,CameraPosition,-103.2202,1.69233,-107.3557,CameraRotation,8.316084,272.3403,0.2270926,CurrentState,End,Slider,100,Scenario,1
ID,8,Time,316.2147,DronePosition,-110.239,59.27025,-107.379,0,CameraPosition,-103.2204,1.693183,-107.3562,CameraRotation,7.894603,272.2926,0.2639334,CurrentState,End,Slider,100,Scenario,1
ID,8,Time,316.2288,DronePosition,-110.239,59.27025,-107.379,0,CameraPosition,-103.2206,1.69422,-107.3566,CameraRotation,7.458873,272.2433,0.2790799,CurrentState,End,Slider,100,Scenario,1
ID,8,Time,316.2429,DronePosition,-110.239,59.27025,-107.379,0,CameraPosition,-103.2208,1.695336,-107.3571,CameraRotation,6.997053,272.1759,0.2343055,CurrentState,End,Slider,100,Scenario,1
ID,8,Time,316.2566,DronePosition,-110.239,59.27025,-107.379,0,CameraPosition,-103.2209,1.696528,-107.3576,CameraRotation,6.474575,272.0967,0.1603682,CurrentState,End,Slider,100,Scenario,1
ID,8,Time,316.2705,DronePosition,-110.239,59.27025,-107.379,0,CameraPosition,-103.221,1.697757,-107.3581,CameraRotation,5.857475,271.9956,0.09988673,CurrentState,End,Slider,100,Scenario,1
ID,8,Time,316.2845,DronePosition,-110.239,59.27025,-107.379,0,CameraPosition,-103.221,1.699041,-107.3587,CameraRotation,5.2369,271.8773,0.05326088,CurrentState,End,Slider,100,Scenario,1
ID,8,Time,316.2988,DronePosition,-110.239,59.27025,-107.379,0,CameraPosition,-103.2209,1.700387,-107.3593,CameraRotation,4.563209,271.7381,0.01681672,CurrentState,End,Slider,100,Scenario,1
ID,8,Time,316.3122,DronePosition,-110.239,59.27025,-107.379,0,CameraPosition,-103.2206,1.701672,-107.3597,CameraRotation,3.914294,271.6008,359.9731,CurrentState,End,Slider,99,Scenario,1
ID,8,Time,316.3266,DronePosition,-110.239,59.27025,-107.379,0,CameraPosition,-103.2204,1.702926,-107.3602,CameraRotation,3.277329,271.4759,359.9356,CurrentState,End,Slider,99,Scenario,1
ID,8,Time,316.3405,DronePosition,-110.239,59.27025,-107.379,0,CameraPosition,-103.2201,1.704132,-107.3608,CameraRotation,2.587474,271.3641,359.9093,CurrentState,End,Slider,99,Scenario,1
ID,8,Time,316.354,DronePosition,-110.239,59.27025,-107.379,0,CameraPosition,-103.2199,1.705281,-107.3614,CameraRotation,1.953975,271.2547,359.896,CurrentState,End,Slider,99,Scenario,1
ID,8,Time,316.368,DronePosition,-110.239,59.27025,-107.379,0,CameraPosition,-103.2197,1.706296,-107.362,CameraRotation,1.40836,271.1678,359.893,CurrentState,End,Slider,99,Scenario,1
ID,8,Time,316.3819,DronePosition,-110.239,59.27025,-107.379,0,CameraPosition,-103.2194,1.707164,-107.3625,CameraRotation,0.9557031,271.0919,359.9126,CurrentState,End,Slider,99,Scenario,1
ID,8,Time,316.3957,DronePosition,-110.239,59.27025,-107.379,0,CameraPosition,-103.219,1.707828,-107.363,CameraRotation,0.6690908,271.0429,359.9514,CurrentState,End,Slider,99,Scenario,1
ID,8,Time,316.4102,DronePosition,-110.239,59.27025,-107.379,0,CameraPosition,-103.2186,1.708302,-107.3636,CameraRotation,0.4645885,271.0207,359.9599,CurrentState,End,Slider,100,Scenario,1
ID,8,Time,316.4237,DronePosition,-110.239,59.27025,-107.379,0,CameraPosition,-103.2182,1.708604,-107.3641,CameraRotation,0.320014,271.018,359.9659,CurrentState,End,Slider,100,Scenario,1
ID,8,Time,316.4375,DronePosition,-110.239,59.27025,-107.379,0,CameraPosition,-103.2178,1.708759,-107.3645,CameraRotation,0.2719011,271.041,0.002098212,CurrentState,End,Slider,100,Scenario,1
ID,8,Time,316.4514,DronePosition,-110.239,59.27025,-107.379,0,CameraPosition,-103.2173,1.708846,-107.365,CameraRotation,0.2434164,271.0789,0.03641378,CurrentState,End,Slider,100,Scenario,1
ID,8,Time,316.4657,DronePosition,-110.239,59.27025,-107.379,0,CameraPosition,-103.217,1.708903,-107.3653,CameraRotation,0.214892,271.1064,0.07877717,CurrentState,End,Slider,100,Scenario,1
ID,8,Time,316.4795,DronePosition,-110.239,59.27025,-107.379,0,CameraPosition,-103.2166,1.708899,-107.3656,CameraRotation,0.2038832,271.1395,0.1490227,CurrentState,End,Slider,100,Scenario,1
ID,8,Time,316.4934,DronePosition,-110.239,59.27025,-107.379,0,CameraPosition,-103.2163,1.708846,-107.3659,CameraRotation,0.1611057,271.1738,0.2394519,CurrentState,End,Slider,100,Scenario,1
ID,8,Time,316.5074,DronePosition,-110.239,59.27025,-107.379,0,CameraPosition,-103.2159,1.708873,-107.3662,CameraRotation,0.09701189,271.187,0.2987222,CurrentState,End,Slider,100,Scenario,1
ID,8,Time,316.521,DronePosition,-110.239,59.27025,-107.379,0,CameraPosition,-103.2156,1.708862,-107.3666,CameraRotation,0.04522446,271.2233,0.343224,CurrentState,End,Slider,100,Scenario,1
ID,8,Time,316.5355,DronePosition,-110.239,59.27025,-107.379,0,CameraPosition,-103.2153,1.708835,-107.367,CameraRotation,0.03986543,271.2443,0.3630859,CurrentState,End,Slider,100,Scenario,1
ID,8,Time,316.5492,DronePosition,-110.239,59.27025,-107.379,0,CameraPosition,-103.2151,1.708919,-107.3674,CameraRotation,0.04454267,271.2733,0.3918936,CurrentState,End,Slider,100,Scenario,1
ID,8,Time,316.5629,DronePosition,-110.239,59.27025,-107.379,0,CameraPosition,-103.2149,1.709015,-107.3678,CameraRotation,0.04868055,271.3004,0.4242752,CurrentState,End,Slider,100,Scenario,1
ID,8,Time,316.5769,DronePosition,-110.239,59.27025,-107.379,0,CameraPosition,-103.2146,1.709097,-107.3681,CameraRotation,0.02783817,271.3224,0.4261701,CurrentState,End,Slider,100,Scenario,1
ID,8,Time,316.591,DronePosition,-110.239,59.27025,-107.379,0,CameraPosition,-103.2143,1.709186,-107.3683,CameraRotation,359.9331,271.3439,0.4384051,CurrentState,End,Slider,100,Scenario,1
ID,8,Time,316.6045,DronePosition,-110.239,59.27025,-107.379,0,CameraPosition,-103.214,1.709372,-107.3686,CameraRotation,359.8998,271.3526,0.526617,CurrentState,End,Slider,100,Scenario,1
ID,8,Time,316.6185,DronePosition,-110.239,59.27025,-107.379,0,CameraPosition,-103.2137,1.709592,-107.3689,CameraRotation,359.7783,271.3611,0.4749797,CurrentState,End,Slider,100,Scenario,1
ID,8,Time,316.6328,DronePosition,-110.239,59.27025,-107.379,0,CameraPosition,-103.2134,1.709786,-107.3691,CameraRotation,359.6109,271.3996,0.4464267,CurrentState,End,Slider,100,Scenario,1
ID,8,Time,316.6467,DronePosition,-110.239,59.27025,-107.379,0,CameraPosition,-103.2131,1.709936,-107.3692,CameraRotation,359.5387,271.4317,0.488871,CurrentState,End,Slider,100,Scenario,1
ID,8,Time,316.6606,DronePosition,-110.239,59.27025,-107.379,0,CameraPosition,-103.2126,1.709948,-107.3695,CameraRotation,359.5519,271.4432,0.5085937,CurrentState,End,Slider,100,Scenario,1
ID,8,Time,316.6745,DronePosition,-110.239,59.27025,-107.379,0,CameraPosition,-103.2122,1.70992,-107.3698,CameraRotation,359.6147,271.4402,0.5054531,CurrentState,End,Slider,100,Scenario,1
ID,8,Time,316.6882,DronePosition,-110.239,59.27025,-107.379,0,CameraPosition,-103.2118,1.709779,-107.3702,CameraRotation,359.6675,271.409,0.5412642,CurrentState,End,Slider,100,Scenario,1
ID,8,Time,316.7023,DronePosition,-110.239,59.27025,-107.379,0,CameraPosition,-103.2114,1.709718,-107.3707,CameraRotation,359.7284,271.3636,0.582809,CurrentState,End,Slider,100,Scenario,1
ID,8,Time,316.7164,DronePosition,-110.239,59.27025,-107.379,0,CameraPosition,-103.211,1.709726,-107.3712,CameraRotation,359.7605,271.3044,0.5954369,CurrentState,End,Slider,100,Scenario,1
ID,8,Time,316.7304,DronePosition,-110.239,59.27025,-107.379,0,CameraPosition,-103.2107,1.709801,-107.3719,CameraRotation,359.8292,271.1979,0.5883102,CurrentState,End,Slider,100,Scenario,1
ID,8,Time,316.7445,DronePosition,-110.239,59.27025,-107.379,0,CameraPosition,-103.2103,1.709817,-107.3726,CameraRotation,359.8779,271.0369,0.5945034,CurrentState,End,Slider,100,Scenario,1
ID,8,Time,316.7581,DronePosition,-110.239,59.27025,-107.379,0,CameraPosition,-103.2099,1.709793,-107.3733,CameraRotation,359.9585,270.8698,0.6174569,CurrentState,End,Slider,100,Scenario,1
ID,8,Time,316.7718,DronePosition,-110.239,59.27025,-107.379,0,CameraPosition,-103.2095,1.709647,-107.3741,CameraRotation,0.04684915,270.6441,0.611167,CurrentState,End,Slider,100,Scenario,1
ID,8,Time,316.7857,DronePosition,-110.239,59.27025,-107.379,0,CameraPosition,-103.209,1.709381,-107.3749,CameraRotation,0.2188024,270.36,0.7194389,CurrentState,End,Slider,100,Scenario,1
ID,8,Time,316.7997,DronePosition,-110.239,59.27025,-107.379,0,CameraPosition,-103.2086,1.709052,-107.3757,CameraRotation,0.3940201,270.0598,0.7580184,CurrentState,End,Slider,100,Scenario,1
ID,8,Time,316.8147,DronePosition,-110.239,59.27025,-107.379,0,CameraPosition,-103.2082,1.708601,-107.3766,CameraRotation,0.6187917,269.7058,0.8301801,CurrentState,End,Slider,100,Scenario,1
ID,8,Time,316.8275,DronePosition,-110.239,59.27025,-107.379,0,CameraPosition,-103.2078,1.708085,-107.3777,CameraRotation,0.8953596,269.3033,0.7803426,CurrentState,End,Slider,100,Scenario,1
ID,8,Time,316.8414,DronePosition,-110.239,59.27025,-107.379,0,CameraPosition,-103.2076,1.707473,-107.3788,CameraRotation,1.218942,268.8954,0.7560354,CurrentState,End,Slider,100,Scenario,1
ID,8,Time,316.855,DronePosition,-110.239,59.27025,-107.379,0,CameraPosition,-103.2073,1.70669,-107.3799,CameraRotation,1.690297,268.3638,0.7449666,CurrentState,End,Slider,100,Scenario,1
ID,8,Time,316.8691,DronePosition,-110.239,59.27025,-107.379,0,CameraPosition,-103.2072,1.705968,-107.3812,CameraRotation,2.191739,267.7679,0.7449272,CurrentState,End,Slider,100,Scenario,1
ID,8,Time,316.8834,DronePosition,-110.239,59.27025,-107.379,0,CameraPosition,-103.2072,1.705346,-107.3825,CameraRotation,2.639839,267.1124,0.7550517,CurrentState,End,Slider,100,Scenario,1
ID,8,Time,316.8969,DronePosition,-110.239,59.27025,-107.379,0,CameraPosition,-103.2074,1.704858,-107.3837,CameraRotation,2.92024,266.4478,0.7833636,CurrentState,End,Slider,100,Scenario,1
ID,8,Time,316.9111,DronePosition,-110.239,59.27025,-107.379,0,CameraPosition,-103.2076,1.704519,-107.3849,CameraRotation,3.052557,265.8146,0.8128328,CurrentState,End,Slider,100,Scenario,1
ID,8,Time,316.9249,DronePosition,-110.239,59.27025,-107.379,0,CameraPosition,-103.2081,1.70437,-107.386,CameraRotation,3.07143,265.2205,0.8608271,CurrentState,End,Slider,100,Scenario,1
ID,8,Time,316.939,DronePosition,-110.239,59.27025,-107.379,0,CameraPosition,-103.2086,1.704298,-107.3871,CameraRotation,3.079069,264.6819,0.8753418,CurrentState,End,Slider,100,Scenario,1
ID,8,Time,316.953,DronePosition,-110.239,59.27025,-107.379,0,CameraPosition,-103.2092,1.704186,-107.3881,CameraRotation,3.077349,264.1646,0.8683071,CurrentState,End,Slider,100,Scenario,1
ID,8,Time,316.9669,DronePosition,-110.239,59.27025,-107.379,0,CameraPosition,-103.2098,1.704152,-107.3889,CameraRotation,3.063902,263.6697,0.852599,CurrentState,End,Slider,100,Scenario,1
ID,8,Time,316.9804,DronePosition,-110.239,59.27025,-107.379,0,CameraPosition,-103.2105,1.704177,-107.3898,CameraRotation,3.013763,263.2023,0.8816782,CurrentState,End,Slider,100,Scenario,1
ID,8,Time,316.9944,DronePosition,-110.239,59.27025,-107.379,0,CameraPosition,-103.2112,1.704179,-107.3906,CameraRotation,2.988839,262.7604,0.8905923,CurrentState,End,Slider,100,Scenario,1
ID,8,Time,317.0081,DronePosition,-110.239,59.27025,-107.379,0,CameraPosition,-103.212,1.704196,-107.3913,CameraRotation,2.939934,262.366,0.8495492,CurrentState,End,Slider,100,Scenario,1
ID,8,Time,317.0221,DronePosition,-110.239,59.27025,-107.379,0,CameraPosition,-103.2128,1.704226,-107.392,CameraRotation,2.905835,262.0118,0.8015363,CurrentState,End,Slider,100,Scenario,1
ID,8,Time,317.0359,DronePosition,-110.239,59.27025,-107.379,0,CameraPosition,-103.2137,1.704335,-107.3927,CameraRotation,2.866716,261.7055,0.7559597,CurrentState,End,Slider,100,Scenario,1
ID,8,Time,317.0504,DronePosition,-110.239,59.27025,-107.379,0,CameraPosition,-103.2146,1.704453,-107.3932,CameraRotation,2.807261,261.4119,0.730419,CurrentState,End,Slider,100,Scenario,1
ID,8,Time,317.0638,DronePosition,-110.239,59.27025,-107.379,0,CameraPosition,-103.2155,1.704576,-107.3938,CameraRotation,2.729558,261.1518,0.7045479,CurrentState,End,Slider,100,Scenario,1
ID,8,Time,317.0779,DronePosition,-110.239,59.27025,-107.379,0,CameraPosition,-103.2164,1.704669,-107.3941,CameraRotation,2.653303,260.9381,0.6862836,CurrentState,End,Slider,100,Scenario,1
ID,8,Time,317.0916,DronePosition,-110.239,59.27025,-107.379,0,CameraPosition,-103.2172,1.704711,-107.3945,CameraRotation,2.617431,260.7357,0.6446422,CurrentState,End,Slider,100,Scenario,1
ID,8,Time,317.1057,DronePosition,-110.239,59.27025,-107.379,0,CameraPosition,-103.2182,1.704737,-107.3948,CameraRotation,2.59883,260.608,0.5934578,CurrentState,End,Slider,100,Scenario,1
ID,8,Time,317.1198,DronePosition,-110.239,59.27025,-107.379,0,CameraPosition,-103.2191,1.70479,-107.395,CameraRotation,2.539821,260.5081,0.5473605,CurrentState,End,Slider,100,Scenario,1
ID,8,Time,317.1337,DronePosition,-110.239,59.27025,-107.379,0,CameraPosition,-103.22,1.704865,-107.3953,CameraRotation,2.473369,260.4305,0.4957574,CurrentState,End,Slider,100,Scenario,1
ID,8,Time,317.1475,DronePosition,-110.239,59.27025,-107.379,0,CameraPosition,-103.2209,1.704921,-107.3955,CameraRotation,2.419313,260.3872,0.4428844,CurrentState,End,Slider,100,Scenario,1
ID,8,Time,317.1616,DronePosition,-110.239,59.27025,-107.379,0,CameraPosition,-103.2218,1.704979,-107.3956,CameraRotation,2.39556,260.3594,0.3887318,CurrentState,End,Slider,100,Scenario,1
ID,8,Time,317.1752,DronePosition,-110.239,59.27025,-107.379,0,CameraPosition,-103.2227,1.705043,-107.3958,CameraRotation,2.329706,260.3143,0.3587685,CurrentState,End,Slider,100,Scenario,1
ID,8,Time,317.1891,DronePosition,-110.239,59.27025,-107.379,0,CameraPosition,-103.2236,1.705094,-107.396,CameraRotation,2.232833,260.2685,0.3638111,CurrentState,End,Slider,100,Scenario,1
ID,8,Time,317.2028,DronePosition,-110.239,59.27025,-107.379,0,CameraPosition,-103.2245,1.705125,-107.3962,CameraRotation,2.182848,260.2164,0.3962791,CurrentState,End,Slider,100,Scenario,1
ID,8,Time,317.2171,DronePosition,-110.239,59.27025,-107.379,0,CameraPosition,-103.2254,1.705105,-107.3964,CameraRotation,2.206025,260.1695,0.4124956,CurrentState,End,Slider,100,Scenario,1
ID,8,Time,317.2309,DronePosition,-110.239,59.27025,-107.379,0,CameraPosition,-103.2261,1.705094,-107.3965,CameraRotation,2.222379,260.1291,0.380062,CurrentState,End,Slider,100,Scenario,1
ID,8,Time,317.245,DronePosition,-110.239,59.27025,-107.379,0,CameraPosition,-103.2269,1.705154,-107.3967,CameraRotation,2.183877,260.1073,0.3262293,CurrentState,End,Slider,100,Scenario,1
ID,8,Time,317.259,DronePosition,-110.239,59.27025,-107.379,0,CameraPosition,-103.2277,1.705262,-107.3969,CameraRotation,2.097956,260.1024,0.2783494,CurrentState,End,Slider,100,Scenario,1
ID,8,Time,317.2725,DronePosition,-110.239,59.27025,-107.379,0,CameraPosition,-103.2284,1.705427,-107.3971,CameraRotation,2.032225,260.0735,0.2721073,CurrentState,End,Slider,100,Scenario,1
ID,8,Time,317.2865,DronePosition,-110.239,59.27025,-107.379,0,CameraPosition,-103.2291,1.70555,-107.3973,CameraRotation,2.002507,260.0282,0.3219311,CurrentState,End,Slider,100,Scenario,1
ID,8,Time,317.3004,DronePosition,-110.239,59.27025,-107.379,0,CameraPosition,-103.2298,1.705573,-107.3975,CameraRotation,2.00298,259.9608,0.3840102,CurrentState,End,Slider,100,Scenario,1
ID,8,Time,317.3145,DronePosition,-110.239,59.27025,-107.379,0,CameraPosition,-103.2304,1.705545,-107.3977,CameraRotation,1.993,259.9007,0.4417832,CurrentState,End,Slider,100,Scenario,1
ID,8,Time,317.3282,DronePosition,-110.239,59.27025,-107.379,0,CameraPosition,-103.231,1.705554,-107.3978,CameraRotation,1.969283,259.8386,0.4745414,CurrentState,End,Slider,100,Scenario,1
ID,8,Time,317.3421,DronePosition,-110.239,59.27025,-107.379,0,CameraPosition,-103.2316,1.705593,-107.398,CameraRotation,1.94226,259.7957,0.472542,CurrentState,End,Slider,100,Scenario,1
ID,8,Time,317.3563,DronePosition,-110.239,59.27025,-107.379,0,CameraPosition,-103.2321,1.705628,-107.3982,CameraRotation,1.919223,259.7341,0.4520283,CurrentState,End,Slider,100,Scenario,1
ID,8,Time,317.3702,DronePosition,-110.239,59.27025,-107.379,0,CameraPosition,-103.2326,1.705609,-107.3984,CameraRotation,1.907243,259.6704,0.4392171,CurrentState,End,Slider,100,Scenario,1
ID,8,Time,317.3839,DronePosition,-110.239,59.27025,-107.379,0,CameraPosition,-103.2331,1.705514,-107.3986,CameraRotation,1.892068,259.5966,0.4607606,CurrentState,End,Slider,100,Scenario,1
ID,8,Time,317.3982,DronePosition,-110.239,59.27025,-107.379,0,CameraPosition,-103.2336,1.705495,-107.3988,CameraRotation,1.888536,259.5289,0.4801867,CurrentState,End,Slider,100,Scenario,1
ID,8,Time,317.4119,DronePosition,-110.239,59.27025,-107.379,0,CameraPosition,-103.2341,1.705549,-107.3991,CameraRotation,1.860281,259.4667,0.4799643,CurrentState,End,Slider,100,Scenario,1
ID,8,Time,317.426,DronePosition,-110.239,59.27025,-107.379,0,CameraPosition,-103.2347,1.7057,-107.3993,CameraRotation,1.749122,259.4218,0.4508037,CurrentState,End,Slider,100,Scenario,1
ID,8,Time,317.4398,DronePosition,-110.239,59.27025,-107.379,0,CameraPosition,-103.2353,1.705907,-107.3996,CameraRotation,1.610523,259.3882,0.4169082,CurrentState,End,Slider,100,Scenario,1
ID,8,Time,317.4535,DronePosition,-110.239,59.27025,-107.379,0,CameraPosition,-103.2358,1.706123,-107.4,CameraRotation,1.479367,259.3564,0.3980833,CurrentState,End,Slider,100,Scenario,1
ID,8,Time,317.4674,DronePosition,-110.239,59.27025,-107.379,0,CameraPosition,-103.2364,1.706326,-107.4003,CameraRotation,1.353662,259.3271,0.3605762,CurrentState,End,Slider,100,Scenario,1
ID,8,Time,317.4818,DronePosition,-110.239,59.27025,-107.379,0,CameraPosition,-103.2369,1.706524,-107.4007,CameraRotation,1.222309,259.3082,0.3441918,CurrentState,End,Slider,100,Scenario,1
ID,8,Time,317.4953,DronePosition,-110.239,59.27025,-107.379,0,CameraPosition,-103.2375,1.706775,-107.4012,CameraRotation,1.027451,259.2839,0.3676948,CurrentState,End,Slider,100,Scenario,1
ID,8,Time,317.5095,DronePosition,-110.239,59.27025,-107.379,0,CameraPosition,-103.2381,1.707145,-107.4016,CameraRotation,0.803162,259.2698,0.4237783,CurrentState,End,Slider,100,Scenario,1
ID,8,Time,317.5232,DronePosition,-110.239,59.27025,-107.379,0,CameraPosition,-103.2386,1.707498,-107.4021,CameraRotation,0.6086421,259.2649,0.4637282,CurrentState,End,Slider,100,Scenario,1
ID,8,Time,317.5377,DronePosition,-110.239,59.27025,-107.379,0,CameraPosition,-103.2391,1.707744,-107.4026,CameraRotation,0.4613179,259.2627,0.491343,CurrentState,End,Slider,100,Scenario,1
ID,8,Time,317.5513,DronePosition,-110.239,59.27025,-107.379,0,CameraPosition,-103.2395,1.707918,-107.4031,CameraRotation,0.3539276,259.2697,0.5035989,CurrentState,End,Slider,100,Scenario,1
ID,8,Time,317.5654,DronePosition,-110.239,59.27025,-107.379,0,CameraPosition,-103.2399,1.708095,-107.4037,CameraRotation,0.2703315,259.2646,0.5321792,CurrentState,End,Slider,100,Scenario,1
ID,8,Time,317.5794,DronePosition,-110.239,59.27025,-107.379,0,CameraPosition,-103.2402,1.708312,-107.4044,CameraRotation,0.1766313,259.2316,0.6091305,CurrentState,End,Slider,100,Scenario,1
ID,8,Time,317.593,DronePosition,-110.239,59.27025,-107.379,0,CameraPosition,-103.2405,1.708537,-107.4049,CameraRotation,0.04352111,259.1841,0.7241544,CurrentState,End,Slider,100,Scenario,1
ID,8,Time,317.6067,DronePosition,-110.239,59.27025,-107.379,0,CameraPosition,-103.2408,1.708783,-107.4056,CameraRotation,359.9044,259.1176,0.8499439,CurrentState,End,Slider,100,Scenario,1
ID,8,Time,317.6205,DronePosition,-110.239,59.27025,-107.379,0,CameraPosition,-103.241,1.709014,-107.4063,CameraRotation,359.7629,259.0578,0.926132,CurrentState,End,Slider,100,Scenario,1
ID,8,Time,317.6348,DronePosition,-110.239,59.27025,-107.379,0,CameraPosition,-103.2413,1.709254,-107.407,CameraRotation,359.6439,259.0036,0.9710433,CurrentState,End,Slider,100,Scenario,1
ID,8,Time,317.6486,DronePosition,-110.239,59.27025,-107.379,0,CameraPosition,-103.2414,1.709541,-107.4077,CameraRotation,359.5291,258.9306,1.021221,CurrentState,End,Slider,100,Scenario,1
ID,8,Time,317.6626,DronePosition,-110.239,59.27025,-107.379,0,CameraPosition,-103.2416,1.709872,-107.4085,CameraRotation,359.3343,258.8455,1.085292,CurrentState,End,Slider,100,Scenario,1
ID,8,Time,317.6766,DronePosition,-110.239,59.27025,-107.379,0,CameraPosition,-103.2418,1.710233,-107.4092,CameraRotation,359.1086,258.7491,1.158035,CurrentState,End,Slider,100,Scenario,1
ID,8,Time,317.6903,DronePosition,-110.239,59.27025,-107.379,0,CameraPosition,-103.2419,1.710593,-107.41,CameraRotation,358.9041,258.6393,1.223435,CurrentState,End,Slider,100,Scenario,1
ID,8,Time,317.7044,DronePosition,-110.239,59.27025,-107.379,0,CameraPosition,-103.242,1.710922,-107.4108,CameraRotation,358.6991,258.5131,1.278307,CurrentState,End,Slider,100,Scenario,1
ID,8,Time,317.7181,DronePosition,-110.239,59.27025,-107.379,0,CameraPosition,-103.242,1.711306,-107.4116,CameraRotation,358.5039,258.3786,1.360841,CurrentState,End,Slider,100,Scenario,1
ID,8,Time,317.7319,DronePosition,-110.239,59.27025,-107.379,0,CameraPosition,-103.242,1.711709,-107.4125,CameraRotation,358.2717,258.2207,1.422549,CurrentState,End,Slider,100,Scenario,1
ID,8,Time,317.746,DronePosition,-110.239,59.27025,-107.379,0,CameraPosition,-103.242,1.712155,-107.4133,CameraRotation,358.0428,258.0476,1.46951,CurrentState,End,Slider,100,Scenario,1
ID,8,Time,317.76,DronePosition,-110.239,59.27025,-107.379,0,CameraPosition,-103.2419,1.712593,-107.4141,CameraRotation,357.8021,257.8641,1.501584,CurrentState,End,Slider,100,Scenario,1
ID,8,Time,317.774,DronePosition,-110.239,59.27025,-107.379,0,CameraPosition,-103.2418,1.712991,-107.4149,CameraRotation,357.5454,257.6969,1.51894,CurrentState,End,Slider,100,Scenario,1
ID,8,Time,317.7881,DronePosition,-110.239,59.27025,-107.379,0,CameraPosition,-103.2415,1.713319,-107.4157,CameraRotation,357.3072,257.5321,1.516288,CurrentState,End,Slider,100,Scenario,1
ID,8,Time,317.8016,DronePosition,-110.239,59.27025,-107.379,0,CameraPosition,-103.2413,1.71363,-107.4165,CameraRotation,357.1167,257.3684,1.516797,CurrentState,End,Slider,100,Scenario,1
ID,8,Time,317.8187,DronePosition,-110.239,59.27025,-107.379,0,CameraPosition,-103.241,1.713955,-107.4173,CameraRotation,356.9679,257.2026,1.507504,CurrentState,End,Slider,100,Scenario,1
ID,8,Time,317.8294,DronePosition,-110.239,59.27025,-107.379,0,CameraPosition,-103.2408,1.714357,-107.4181,CameraRotation,356.7896,257.0317,1.492442,CurrentState,End,Slider,100,Scenario,1
ID,8,Time,317.8432,DronePosition,-110.239,59.27025,-107.379,0,CameraPosition,-103.2405,1.714831,-107.4189,CameraRotation,356.5731,256.8386,1.465212,CurrentState,End,Slider,100,Scenario,1
ID,8,Time,317.8573,DronePosition,-110.239,59.27025,-107.379,0,CameraPosition,-103.2403,1.715263,-107.4196,CameraRotation,356.3612,256.636,1.519411,CurrentState,End,Slider,100,Scenario,1
ID,8,Time,317.871,DronePosition,-110.239,59.27025,-107.379,0,CameraPosition,-103.24,1.715696,-107.4203,CameraRotation,356.2167,256.4184,1.515056,CurrentState,End,Slider,100,Scenario,1
ID,8,Time,317.8849,DronePosition,-110.239,59.27025,-107.379,0,CameraPosition,-103.2397,1.715977,-107.421,CameraRotation,356.079,256.2284,1.529315,CurrentState,End,Slider,100,Scenario,1
ID,8,Time,317.8993,DronePosition,-110.239,59.27025,-107.379,0,CameraPosition,-103.2394,1.716144,-107.4217,CameraRotation,355.9378,256.062,1.445566,CurrentState,End,Slider,100,Scenario,1
ID,8,Time,317.9133,DronePosition,-110.239,59.27025,-107.379,0,CameraPosition,-103.2391,1.716226,-107.4223,CameraRotation,355.769,255.9175,1.403754,CurrentState,End,Slider,100,Scenario,1
ID,8,Time,317.9275,DronePosition,-110.239,59.27025,-107.379,0,CameraPosition,-103.2387,1.7163,-107.4228,CameraRotation,355.6592,255.792,1.360192,CurrentState,End,Slider,100,Scenario,1
ID,8,Time,317.9409,DronePosition,-110.239,59.27025,-107.379,0,CameraPosition,-103.2384,1.716418,-107.4234,CameraRotation,355.5252,255.6828,1.286213,CurrentState,End,Slider,100,Scenario,1
ID,8,Time,317.9549,DronePosition,-110.239,59.27025,-107.379,0,CameraPosition,-103.2382,1.716595,-107.424,CameraRotation,355.3742,255.5836,1.24106,CurrentState,End,Slider,100,Scenario,1
ID,8,Time,317.9686,DronePosition,-110.239,59.27025,-107.379,0,CameraPosition,-103.238,1.716775,-107.4246,CameraRotation,355.2285,255.4783,1.209402,CurrentState,End,Slider,100,Scenario,1
ID,8,Time,317.9829,DronePosition,-110.239,59.27025,-107.379,0,CameraPosition,-103.2378,1.716884,-107.4252,CameraRotation,355.1234,255.3827,1.208018,CurrentState,End,Slider,100,Scenario,1
ID,8,Time,317.9969,DronePosition,-110.239,59.27025,-107.379,0,CameraPosition,-103.2375,1.716971,-107.4257,CameraRotation,355.0682,255.2807,1.243044,CurrentState,End,Slider,100,Scenario,1
ID,8,Time,318.011,DronePosition,-110.239,59.27025,-107.379,0,CameraPosition,-103.2372,1.716986,-107.4261,CameraRotation,355.05,255.1795,1.314875,CurrentState,End,Slider,100,Scenario,1
ID,8,Time,318.0245,DronePosition,-110.239,59.27025,-107.379,0,CameraPosition,-103.2368,1.716916,-107.4265,CameraRotation,355.0692,255.1022,1.322204,CurrentState,End,Slider,100,Scenario,1
ID,8,Time,318.0381,DronePosition,-110.239,59.27025,-107.379,0,CameraPosition,-103.2364,1.716779,-107.4269,CameraRotation,355.1367,255.0408,1.244341,CurrentState,End,Slider,100,Scenario,1
ID,8,Time,318.0525,DronePosition,-110.239,59.27025,-107.379,0,CameraPosition,-103.2359,1.716588,-107.4273,CameraRotation,355.261,255.0155,1.139176,CurrentState,End,Slider,100,Scenario,1
ID,8,Time,318.0663,DronePosition,-110.239,59.27025,-107.379,0,CameraPosition,-103.2354,1.716368,-107.4275,CameraRotation,355.4137,254.9966,1.062312,CurrentState,End,Slider,100,Scenario,1
ID,8,Time,318.08,DronePosition,-110.239,59.27025,-107.379,0,CameraPosition,-103.2349,1.716181,-107.4276,CameraRotation,355.5598,254.9857,1.026413,CurrentState,End,Slider,100,Scenario,1
ID,8,Time,318.094,DronePosition,-110.239,59.27025,-107.379,0,CameraPosition,-103.2345,1.716,-107.4278,CameraRotation,355.6905,254.9964,1.017788,CurrentState,End,Slider,100,Scenario,1
ID,8,Time,318.1079,DronePosition,-110.239,59.27025,-107.379,0,CameraPosition,-103.234,1.715802,-107.4279,CameraRotation,355.8134,255.0175,0.9978277,CurrentState,End,Slider,100,Scenario,1
ID,8,Time,318.1218,DronePosition,-110.239,59.27025,-107.379,0,CameraPosition,-103.2335,1.715496,-107.428,CameraRotation,355.9962,255.0662,0.9601531,CurrentState,End,Slider,100,Scenario,1
ID,8,Time,318.1356,DronePosition,-110.239,59.27025,-107.379,0,CameraPosition,-103.2331,1.714954,-107.428,CameraRotation,356.2348,255.1552,0.9335398,CurrentState,End,Slider,100,Scenario,1
ID,8,Time,318.1497,DronePosition,-110.239,59.27025,-107.379,0,CameraPosition,-103.2327,1.714163,-107.428,CameraRotation,356.5586,255.2868,0.9233546,CurrentState,End,Slider,100,Scenario,1
ID,8,Time,318.1638,DronePosition,-110.239,59.27025,-107.379,0,CameraPosition,-103.2323,1.713008,-107.4278,CameraRotation,357.0661,255.4889,0.9765682,CurrentState,End,Slider,100,Scenario,1
ID,8,Time,318.1778,DronePosition,-110.239,59.27025,-107.379,0,CameraPosition,-103.2319,1.711712,-107.4276,CameraRotation,357.7023,255.7337,1.070131,CurrentState,End,Slider,100,Scenario,1
ID,8,Time,318.1919,DronePosition,-110.239,59.27025,-107.379,0,CameraPosition,-103.2316,1.710207,-107.4273,CameraRotation,358.4843,256.0304,1.186187,CurrentState,End,Slider,100,Scenario,1
ID,8,Time,318.2056,DronePosition,-110.239,59.27025,-107.379,0,CameraPosition,-103.2313,1.70839,-107.4269,CameraRotation,359.5129,256.4117,1.312166,CurrentState,End,Slider,100,Scenario,1
ID,8,Time,318.2193,DronePosition,-110.239,59.27025,-107.379,0,CameraPosition,-103.231,1.706449,-107.4264,CameraRotation,0.6456622,256.8568,1.446245,CurrentState,End,Slider,100,Scenario,1
ID,8,Time,318.2336,DronePosition,-110.239,59.27025,-107.379,0,CameraPosition,-103.2308,1.704433,-107.4258,CameraRotation,1.809226,257.3749,1.578347,CurrentState,End,Slider,100,Scenario,1
ID,8,Time,318.247,DronePosition,-110.239,59.27025,-107.379,0,CameraPosition,-103.2307,1.702371,-107.4251,CameraRotation,3.049931,257.976,1.728616,CurrentState,End,Slider,100,Scenario,1
ID,8,Time,318.2612,DronePosition,-110.239,59.27025,-107.379,0,CameraPosition,-103.2307,1.700625,-107.4244,CameraRotation,4.207973,258.5966,1.966491,CurrentState,End,Slider,100,Scenario,1
ID,8,Time,318.2753,DronePosition,-110.239,59.27025,-107.379,0,CameraPosition,-103.2309,1.699214,-107.4238,CameraRotation,5.12481,259.1689,2.263407,CurrentState,End,Slider,100,Scenario,1
ID,8,Time,318.289,DronePosition,-110.239,59.27025,-107.379,0,CameraPosition,-103.2313,1.698228,-107.4233,CameraRotation,5.669899,259.7145,2.592198,CurrentState,End,Slider,100,Scenario,1
ID,8,Time,318.303,DronePosition,-110.239,59.27025,-107.379,0,CameraPosition,-103.2319,1.697596,-107.4229,CameraRotation,5.854521,260.208,2.868631,CurrentState,End,Slider,100,Scenario,1
ID,8,Time,318.317,DronePosition,-110.239,59.27025,-107.379,0,CameraPosition,-103.2324,1.697201,-107.4225,CameraRotation,5.942571,260.6532,3.093657,CurrentState,End,Slider,100,Scenario,1
ID,8,Time,318.3307,DronePosition,-110.239,59.27025,-107.379,0,CameraPosition,-103.233,1.697217,-107.4223,CameraRotation,5.883792,261.0459,3.278708,CurrentState,End,Slider,100,Scenario,1
ID,8,Time,318.3447,DronePosition,-110.239,59.27025,-107.379,0,CameraPosition,-103.2335,1.697439,-107.4222,CameraRotation,5.740303,261.3677,3.423782,CurrentState,End,Slider,100,Scenario,1
ID,8,Time,318.3588,DronePosition,-110.239,59.27025,-107.379,0,CameraPosition,-103.234,1.697634,-107.4221,CameraRotation,5.598145,261.6402,3.560808,CurrentState,End,Slider,100,Scenario,1
ID,8,Time,318.3727,DronePosition,-110.239,59.27025,-107.379,0,CameraPosition,-103.2345,1.698023,-107.4222,CameraRotation,5.342566,261.7936,3.680828,CurrentState,End,Slider,100,Scenario,1
ID,8,Time,318.3863,DronePosition,-110.239,59.27025,-107.379,0,CameraPosition,-103.2349,1.698381,-107.4223,CameraRotation,5.149173,261.8778,3.827148,CurrentState,End,Slider,100,Scenario,1
ID,8,Time,318.4002,DronePosition,-110.239,59.27025,-107.379,0,CameraPosition,-103.2352,1.698794,-107.4226,CameraRotation,4.963928,261.8353,3.973921,CurrentState,End,Slider,100,Scenario,1
ID,8,Time,318.4146,DronePosition,-110.239,59.27025,-107.379,0,CameraPosition,-103.2355,1.699156,-107.4228,CameraRotation,4.807544,261.722,4.077287,CurrentState,End,Slider,100,Scenario,1
ID,8,Time,318.4287,DronePosition,-110.239,59.27025,-107.379,0,CameraPosition,-103.2358,1.69952,-107.4231,CameraRotation,4.649729,261.5809,4.121009,CurrentState,End,Slider,100,Scenario,1
ID,8,Time,318.4421,DronePosition,-110.239,59.27025,-107.379,0,CameraPosition,-103.2362,1.699916,-107.4235,CameraRotation,4.42699,261.3812,4.113484,CurrentState,End,Slider,100,Scenario,1
ID,8,Time,318.4565,DronePosition,-110.239,59.27025,-107.379,0,CameraPosition,-103.2365,1.700291,-107.4239,CameraRotation,4.213273,261.1815,4.058336,CurrentState,End,Slider,100,Scenario,1
ID,8,Time,318.4698,DronePosition,-110.239,59.27025,-107.379,0,CameraPosition,-103.2368,1.700655,-107.4243,CameraRotation,4.040715,260.9915,3.980245,CurrentState,End,Slider,100,Scenario,1
ID,8,Time,318.4839,DronePosition,-110.239,59.27025,-107.379,0,CameraPosition,-103.237,1.700951,-107.4246,CameraRotation,3.934278,260.7666,3.906532,CurrentState,End,Slider,100,Scenario,1
ID,8,Time,318.498,DronePosition,-110.239,59.27025,-107.379,0,CameraPosition,-103.2372,1.701142,-107.4249,CameraRotation,3.858342,260.5518,3.882896,CurrentState,End,Slider,100,Scenario,1
ID,8,Time,318.5116,DronePosition,-110.239,59.27025,-107.379,0,CameraPosition,-103.2373,1.701276,-107.4252,CameraRotation,3.785489,260.3052,3.889036,CurrentState,End,Slider,100,Scenario,1
ID,8,Time,318.5256,DronePosition,-110.239,59.27025,-107.379,0,CameraPosition,-103.2376,1.701469,-107.4254,CameraRotation,3.665669,260.0728,3.884692,CurrentState,End,Slider,100,Scenario,1
ID,8,Time,318.5396,DronePosition,-110.239,59.27025,-107.379,0,CameraPosition,-103.2379,1.701725,-107.4255,CameraRotation,3.505617,259.8707,3.860346,CurrentState,End,Slider,100,Scenario,1
ID,8,Time,318.5531,DronePosition,-110.239,59.27025,-107.379,0,CameraPosition,-103.2383,1.702117,-107.4257,CameraRotation,3.32604,259.6848,3.787533,CurrentState,End,Slider,100,Scenario,1
ID,8,Time,318.5674,DronePosition,-110.239,59.27025,-107.379,0,CameraPosition,-103.2386,1.702475,-107.4258,CameraRotation,3.129577,259.5246,3.678467,CurrentState,End,Slider,100,Scenario,1
ID,8,Time,318.5815,DronePosition,-110.239,59.27025,-107.379,0,CameraPosition,-103.239,1.702734,-107.4259,CameraRotation,2.966187,259.3694,3.598404,CurrentState,End,Slider,100,Scenario,1
ID,8,Time,318.5955,DronePosition,-110.239,59.27025,-107.379,0,CameraPosition,-103.2393,1.702964,-107.4259,CameraRotation,2.843621,259.2226,3.539199,CurrentState,End,Slider,100,Scenario,1
ID,8,Time,318.6093,DronePosition,-110.239,59.27025,-107.379,0,CameraPosition,-103.2396,1.703136,-107.4259,CameraRotation,2.73813,259.089,3.475574,CurrentState,End,Slider,100,Scenario,1
ID,8,Time,318.6234,DronePosition,-110.239,59.27025,-107.379,0,CameraPosition,-103.2399,1.70327,-107.4259,CameraRotation,2.647155,258.9719,3.391064,CurrentState,End,Slider,100,Scenario,1
ID,8,Time,318.637,DronePosition,-110.239,59.27025,-107.379,0,CameraPosition,-103.2402,1.703338,-107.4259,CameraRotation,2.571549,258.8741,3.296136,CurrentState,End,Slider,100,Scenario,1
ID,8,Time,318.6511,DronePosition,-110.239,59.27025,-107.379,0,CameraPosition,-103.2406,1.703391,-107.4258,CameraRotation,2.478954,258.7888,3.204217,CurrentState,End,Slider,100,Scenario,1
ID,8,Time,318.6651,DronePosition,-110.239,59.27025,-107.379,0,CameraPosition,-103.2409,1.703459,-107.4257,CameraRotation,2.404305,258.7263,3.133915,CurrentState,End,Slider,100,Scenario,1
ID,8,Time,318.6788,DronePosition,-110.239,59.27025,-107.379,0,CameraPosition,-103.2412,1.703568,-107.4255,CameraRotation,2.318213,258.6605,3.101304,CurrentState,End,Slider,100,Scenario,1
ID,8,Time,318.6929,DronePosition,-110.239,59.27025,-107.379,0,CameraPosition,-103.2416,1.703695,-107.4253,CameraRotation,2.239161,258.6059,3.078721,CurrentState,End,Slider,100,Scenario,1
ID,8,Time,318.7068,DronePosition,-110.239,59.27025,-107.379,0,CameraPosition,-103.242,1.703843,-107.425,CameraRotation,2.193291,258.5742,3.05007,CurrentState,End,Slider,100,Scenario,1
ID,8,Time,318.7203,DronePosition,-110.239,59.27025,-107.379,0,CameraPosition,-103.2423,1.703944,-107.4247,CameraRotation,2.165782,258.5405,3.019323,CurrentState,End,Slider,100,Scenario,1
ID,8,Time,318.7344,DronePosition,-110.239,59.27025,-107.379,0,CameraPosition,-103.2426,1.704001,-107.4243,CameraRotation,2.144796,258.5296,2.974749,CurrentState,End,Slider,100,Scenario,1
ID,8,Time,318.7484,DronePosition,-110.239,59.27025,-107.379,0,CameraPosition,-103.2429,1.704028,-107.4239,CameraRotation,2.102975,258.5515,2.911664,CurrentState,End,Slider,100,Scenario,1
ID,8,Time,318.7627,DronePosition,-110.239,59.27025,-107.379,0,CameraPosition,-103.2431,1.704089,-107.4235,CameraRotation,2.054549,258.5939,2.856229,CurrentState,End,Slider,100,Scenario,1
ID,8,Time,318.7764,DronePosition,-110.239,59.27025,-107.379,0,CameraPosition,-103.2433,1.704154,-107.423,CameraRotation,2.008369,258.6313,2.796865,CurrentState,End,Slider,100,Scenario,1
ID,8,Time,318.7903,DronePosition,-110.239,59.27025,-107.379,0,CameraPosition,-103.2435,1.704256,-107.4225,CameraRotation,1.977199,258.6863,2.736162,CurrentState,End,Slider,100,Scenario,1
ID,8,Time,318.8039,DronePosition,-110.239,59.27025,-107.379,0,CameraPosition,-103.2437,1.704405,-107.422,CameraRotation,1.940925,258.7578,2.669767,CurrentState,End,Slider,100,Scenario,1
ID,8,Time,318.8206,DronePosition,-110.239,59.27025,-107.379,0,CameraPosition,-103.2439,1.704561,-107.4215,CameraRotation,1.867335,258.8287,2.612744,CurrentState,End,Slider,100,Scenario,1
ID,8,Time,318.8325,DronePosition,-110.239,59.27025,-107.379,0,CameraPosition,-103.244,1.704759,-107.4209,CameraRotation,1.746701,258.941,2.545726,CurrentState,End,Slider,100,Scenario,1
ID,8,Time,318.8459,DronePosition,-110.239,59.27025,-107.379,0,CameraPosition,-103.2442,1.704962,-107.4203,CameraRotation,1.628005,259.0691,2.454797,CurrentState,End,Slider,100,Scenario,1
ID,8,Time,318.8599,DronePosition,-110.239,59.27025,-107.379,0,CameraPosition,-103.2443,1.705123,-107.4197,CameraRotation,1.53775,259.2241,2.34984,CurrentState,End,Slider,100,Scenario,1
ID,8,Time,318.8735,DronePosition,-110.239,59.27025,-107.379,0,CameraPosition,-103.2444,1.705255,-107.419,CameraRotation,1.503706,259.3947,2.25114,CurrentState,End,Slider,100,Scenario,1
ID,8,Time,318.8873,DronePosition,-110.239,59.27025,-107.379,0,CameraPosition,-103.2445,1.705338,-107.4183,CameraRotation,1.479073,259.5931,2.161842,CurrentState,End,Slider,100,Scenario,1
ID,8,Time,318.9013,DronePosition,-110.239,59.27025,-107.379,0,CameraPosition,-103.2445,1.705371,-107.4177,CameraRotation,1.446272,259.7861,2.077321,CurrentState,End,Slider,100,Scenario,1
ID,8,Time,318.9156,DronePosition,-110.239,59.27025,-107.379,0,CameraPosition,-103.2445,1.705388,-107.417,CameraRotation,1.41226,260.0001,1.986612,CurrentState,End,Slider,100,Scenario,1
ID,8,Time,318.9293,DronePosition,-110.239,59.27025,-107.379,0,CameraPosition,-103.2446,1.705428,-107.4163,CameraRotation,1.377911,260.1987,1.895264,CurrentState,End,Slider,100,Scenario,1
ID,8,Time,318.9433,DronePosition,-110.239,59.27025,-107.379,0,CameraPosition,-103.2447,1.70548,-107.4157,CameraRotation,1.343713,260.4183,1.787992,CurrentState,End,Slider,100,Scenario,1
ID,8,Time,318.9572,DronePosition,-110.239,59.27025,-107.379,0,CameraPosition,-103.2447,1.705465,-107.415,CameraRotation,1.313897,260.6351,1.722606,CurrentState,End,Slider,100,Scenario,1
ID,8,Time,318.9709,DronePosition,-110.239,59.27025,-107.379,0,CameraPosition,-103.2448,1.705423,-107.4144,CameraRotation,1.318753,260.8476,1.694095,CurrentState,End,Slider,100,Scenario,1
ID,8,Time,318.985,DronePosition,-110.239,59.27025,-107.379,0,CameraPosition,-103.2448,1.705319,-107.4137,CameraRotation,1.335984,261.0658,1.675482,CurrentState,End,Slider,100,Scenario,1
ID,8,Time,319.0033,DronePosition,-110.239,59.27025,-107.379,0,CameraPosition,-103.2448,1.705247,-107.4131,CameraRotation,1.351781,261.2817,1.615757,CurrentState,End,Slider,100,Scenario,1
ID,8,Time,319.027,DronePosition,-110.239,59.27025,-107.379,0,CameraPosition,-103.2448,1.705099,-107.4119,CameraRotation,1.391811,261.6952,1.478245,CurrentState,End,Slider,100,Scenario,1
ID,8,Time,319.0409,DronePosition,-110.239,59.27025,-107.379,0,CameraPosition,-103.2447,1.704913,-107.4113,CameraRotation,1.473965,261.8807,1.44884,CurrentState,End,Slider,100,Scenario,1
ID,8,Time,319.0549,DronePosition,-110.239,59.27025,-107.379,0,CameraPosition,-103.2447,1.704657,-107.4108,CameraRotation,1.575796,262.0651,1.450129,CurrentState,End,Slider,100,Scenario,1
ID,8,Time,319.0688,DronePosition,-110.239,59.27025,-107.379,0,CameraPosition,-103.2446,1.704395,-107.4102,CameraRotation,1.678657,262.2269,1.484798,CurrentState,End,Slider,100,Scenario,1
ID,8,Time,319.0826,DronePosition,-110.239,59.27025,-107.379,0,CameraPosition,-103.2445,1.704221,-107.4097,CameraRotation,1.748376,262.3791,1.540722,CurrentState,End,Slider,100,Scenario,1
ID,8,Time,319.0965,DronePosition,-110.239,59.27025,-107.379,0,CameraPosition,-103.2444,1.704147,-107.4092,CameraRotation,1.759426,262.5306,1.574098,CurrentState,End,Slider,100,Scenario,1
ID,8,Time,319.1105,DronePosition,-110.239,59.27025,-107.379,0,CameraPosition,-103.2445,1.704227,-107.4087,CameraRotation,1.733614,262.6598,1.585926,CurrentState,End,Slider,100,Scenario,1
ID,8,Time,319.1242,DronePosition,-110.239,59.27025,-107.379,0,CameraPosition,-103.2445,1.704334,-107.4082,CameraRotation,1.696102,262.7617,1.577529,CurrentState,End,Slider,100,Scenario,1
ID,8,Time,319.1385,DronePosition,-110.239,59.27025,-107.379,0,CameraPosition,-103.2445,1.704328,-107.4078,CameraRotation,1.676021,262.8764,1.571201,CurrentState,End,Slider,100,Scenario,1
ID,8,Time,319.1521,DronePosition,-110.239,59.27025,-107.379,0,CameraPosition,-103.2446,1.704282,-107.4074,CameraRotation,1.666941,262.9602,1.555136,CurrentState,End,Slider,100,Scenario,1
ID,8,Time,319.1661,DronePosition,-110.239,59.27025,-107.379,0,CameraPosition,-103.2446,1.704265,-107.4071,CameraRotation,1.667556,263.029,1.523973,CurrentState,End,Slider,100,Scenario,1
ID,8,Time,319.18,DronePosition,-110.239,59.27025,-107.379,0,CameraPosition,-103.2447,1.704267,-107.4067,CameraRotation,1.690985,263.0931,1.495132,CurrentState,End,Slider,100,Scenario,1
ID,8,Time,319.1938,DronePosition,-110.239,59.27025,-107.379,0,CameraPosition,-103.2448,1.704235,-107.4065,CameraRotation,1.733493,263.1653,1.417616,CurrentState,End,Slider,100,Scenario,1
ID,8,Time,319.208,DronePosition,-110.239,59.27025,-107.379,0,CameraPosition,-103.245,1.704091,-107.4062,CameraRotation,1.827087,263.2396,1.305627,CurrentState,End,Slider,100,Scenario,1
ID,8,Time,319.2218,DronePosition,-110.239,59.27025,-107.379,0,CameraPosition,-103.245,1.703833,-107.406,CameraRotation,1.968908,263.3232,1.226755,CurrentState,End,Slider,100,Scenario,1
ID,8,Time,319.2358,DronePosition,-110.239,59.27025,-107.379,0,CameraPosition,-103.2451,1.703535,-107.4057,CameraRotation,2.163381,263.413,1.174159,CurrentState,End,Slider,100,Scenario,1
ID,8,Time,319.2503,DronePosition,-110.239,59.27025,-107.379,0,CameraPosition,-103.2452,1.703336,-107.4055,CameraRotation,2.304671,263.4919,1.14221,CurrentState,End,Slider,100,Scenario,1
ID,8,Time,319.264,DronePosition,-110.239,59.27025,-107.379,0,CameraPosition,-103.2454,1.70326,-107.4053,CameraRotation,2.364835,263.5554,1.120453,CurrentState,End,Slider,100,Scenario,1
ID,8,Time,319.2776,DronePosition,-110.239,59.27025,-107.379,0,CameraPosition,-103.2457,1.703282,-107.4051,CameraRotation,2.370687,263.6011,1.11086,CurrentState,End,Slider,100,Scenario,1
ID,8,Time,319.2914,DronePosition,-110.239,59.27025,-107.379,0,CameraPosition,-103.2459,1.703287,-107.405,CameraRotation,2.373004,263.6208,1.132915,CurrentState,End,Slider,100,Scenario,1
ID,8,Time,319.3054,DronePosition,-110.239,59.27025,-107.379,0,CameraPosition,-103.2462,1.703227,-107.4049,CameraRotation,2.405747,263.6151,1.166523,CurrentState,End,Slider,100,Scenario,1
ID,8,Time,319.3191,DronePosition,-110.239,59.27025,-107.379,0,CameraPosition,-103.2463,1.70314,-107.4048,CameraRotation,2.486487,263.5889,1.191821,CurrentState,End,Slider,100,Scenario,1
ID,8,Time,319.3333,DronePosition,-110.239,59.27025,-107.379,0,CameraPosition,-103.2465,1.70306,-107.4048,CameraRotation,2.548971,263.5611,1.195838,CurrentState,End,Slider,100,Scenario,1
ID,8,Time,319.3473,DronePosition,-110.239,59.27025,-107.379,0,CameraPosition,-103.2467,1.703057,-107.4048,CameraRotation,2.572485,263.51,1.185251,CurrentState,End,Slider,100,Scenario,1
ID,8,Time,319.3609,DronePosition,-110.239,59.27025,-107.379,0,CameraPosition,-103.2469,1.703115,-107.4047,CameraRotation,2.574207,263.4537,1.169149,CurrentState,End,Slider,100,Scenario,1
ID,8,Time,319.375,DronePosition,-110.239,59.27025,-107.379,0,CameraPosition,-103.2471,1.703234,-107.4047,CameraRotation,2.556131,263.3954,1.123128,CurrentState,End,Slider,100,Scenario,1
ID,8,Time,319.3889,DronePosition,-110.239,59.27025,-107.379,0,CameraPosition,-103.2473,1.703526,-107.4047,CameraRotation,2.42606,263.3195,1.02591,CurrentState,End,Slider,100,Scenario,1
ID,8,Time,319.4028,DronePosition,-110.239,59.27025,-107.379,0,CameraPosition,-103.2475,1.703993,-107.4047,CameraRotation,2.172386,263.2218,0.8736463,CurrentState,End,Slider,100,Scenario,1
ID,8,Time,319.4169,DronePosition,-110.239,59.27025,-107.379,0,CameraPosition,-103.2476,1.704488,-107.4047,CameraRotation,1.937384,263.1095,0.7229357,CurrentState,End,Slider,100,Scenario,1
ID,8,Time,319.4306,DronePosition,-110.239,59.27025,-107.379,0,CameraPosition,-103.2478,1.705167,-107.4046,CameraRotation,1.690768,262.9762,0.5442953,CurrentState,End,Slider,100,Scenario,1
ID,8,Time,319.4447,DronePosition,-110.239,59.27025,-107.379,0,CameraPosition,-103.248,1.706107,-107.4045,CameraRotation,1.357038,262.8324,0.3428065,CurrentState,End,Slider,100,Scenario,1
ID,8,Time,319.459,DronePosition,-110.239,59.27025,-107.379,0,CameraPosition,-103.2482,1.707154,-107.4045,CameraRotation,0.8900734,262.6916,0.1192458,CurrentState,End,Slider,100,Scenario,1
ID,8,Time,319.4723,DronePosition,-110.239,59.27025,-107.379,0,CameraPosition,-103.2484,1.708621,-107.4044,CameraRotation,0.1433515,262.5356,359.8582,CurrentState,End,Slider,100,Scenario,1
ID,8,Time,319.4865,DronePosition,-110.239,59.27025,-107.379,0,CameraPosition,-103.2487,1.710331,-107.4043,CameraRotation,359.2497,262.3928,359.6116,CurrentState,End,Slider,100,Scenario,1
ID,8,Time,319.5009,DronePosition,-110.239,59.27025,-107.379,0,CameraPosition,-103.2488,1.711978,-107.4041,CameraRotation,358.3601,262.2633,359.3445,CurrentState,End,Slider,100,Scenario,1
ID,8,Time,319.5142,DronePosition,-110.239,59.27025,-107.379,0,CameraPosition,-103.249,1.713771,-107.404,CameraRotation,357.3839,262.1563,359.0194,CurrentState,End,Slider,100,Scenario,1
ID,8,Time,319.528,DronePosition,-110.239,59.27025,-107.379,0,CameraPosition,-103.249,1.715587,-107.4038,CameraRotation,356.3232,262.0709,358.694,CurrentState,End,Slider,100,Scenario,1
ID,8,Time,319.5422,DronePosition,-110.239,59.27025,-107.379,0,CameraPosition,-103.249,1.71747,-107.4035,CameraRotation,355.1456,261.9831,358.3893,CurrentState,End,Slider,100,Scenario,1
ID,8,Time,319.556,DronePosition,-110.239,59.27025,-107.379,0,CameraPosition,-103.2489,1.719444,-107.4032,CameraRotation,354,261.8593,358.0885,CurrentState,End,Slider,100,Scenario,1
ID,8,Time,319.5699,DronePosition,-110.239,59.27025,-107.379,0,CameraPosition,-103.2487,1.721479,-107.4029,CameraRotation,352.8677,261.6707,357.7802,CurrentState,End,Slider,100,Scenario,1
ID,8,Time,319.584,DronePosition,-110.239,59.27025,-107.379,0,CameraPosition,-103.2486,1.723482,-107.4027,CameraRotation,351.7411,261.4222,357.467,CurrentState,End,Slider,100,Scenario,1
ID,8,Time,319.5977,DronePosition,-110.239,59.27025,-107.379,0,CameraPosition,-103.2484,1.725453,-107.4024,CameraRotation,350.6088,261.1292,357.1272,CurrentState,End,Slider,100,Scenario,1
ID,8,Time,319.612,DronePosition,-110.239,59.27025,-107.379,0,CameraPosition,-103.2482,1.727216,-107.4021,CameraRotation,349.5696,260.8065,356.7821,CurrentState,End,Slider,100,Scenario,1
ID,8,Time,319.6256,DronePosition,-110.239,59.27025,-107.379,0,CameraPosition,-103.2478,1.728771,-107.4019,CameraRotation,348.6492,260.4909,356.4721,CurrentState,End,Slider,100,Scenario,1
ID,8,Time,319.6394,DronePosition,-110.239,59.27025,-107.379,0,CameraPosition,-103.2475,1.73013,-107.4017,CameraRotation,347.8084,260.151,356.1568,CurrentState,End,Slider,100,Scenario,1
ID,8,Time,319.6535,DronePosition,-110.239,59.27025,-107.379,0,CameraPosition,-103.2471,1.731326,-107.4015,CameraRotation,347.019,259.748,355.8744,CurrentState,End,Slider,100,Scenario,1
ID,8,Time,319.668,DronePosition,-110.239,59.27025,-107.379,0,CameraPosition,-103.2467,1.732375,-107.4013,CameraRotation,346.2589,259.3174,355.6232,CurrentState,End,Slider,100,Scenario,1
ID,8,Time,319.6818,DronePosition,-110.239,59.27025,-107.379,0,CameraPosition,-103.2464,1.733306,-107.4012,CameraRotation,345.5409,258.8697,355.3922,CurrentState,End,Slider,100,Scenario,1
ID,8,Time,319.6954,DronePosition,-110.239,59.27025,-107.379,0,CameraPosition,-103.246,1.733998,-107.401,CameraRotation,344.9615,258.4292,355.1764,CurrentState,End,Slider,100,Scenario,1
ID,8,Time,319.7094,DronePosition,-110.239,59.27025,-107.379,0,CameraPosition,-103.2455,1.734704,-107.4008,CameraRotation,344.4938,258.0059,354.9886,CurrentState,End,Slider,100,Scenario,1
ID,8,Time,319.723,DronePosition,-110.239,59.27025,-107.379,0,CameraPosition,-103.2451,1.735248,-107.4005,CameraRotation,344.1117,257.5849,354.8277,CurrentState,End,Slider,100,Scenario,1
ID,8,Time,319.7372,DronePosition,-110.239,59.27025,-107.379,0,CameraPosition,-103.2447,1.735763,-107.4002,CameraRotation,343.727,257.1625,354.7009,CurrentState,End,Slider,100,Scenario,1
ID,8,Time,319.751,DronePosition,-110.239,59.27025,-107.379,0,CameraPosition,-103.2443,1.736243,-107.3999,CameraRotation,343.3227,256.7244,354.6181,CurrentState,End,Slider,100,Scenario,1
ID,8,Time,319.7648,DronePosition,-110.239,59.27025,-107.379,0,CameraPosition,-103.244,1.736742,-107.3995,CameraRotation,342.9569,256.2742,354.5808,CurrentState,End,Slider,100,Scenario,1
ID,8,Time,319.7788,DronePosition,-110.239,59.27025,-107.379,0,CameraPosition,-103.2436,1.737119,-107.3991,CameraRotation,342.6617,255.8458,354.5771,CurrentState,End,Slider,100,Scenario,1
ID,8,Time,319.7927,DronePosition,-110.239,59.27025,-107.379,0,CameraPosition,-103.2432,1.737484,-107.3986,CameraRotation,342.435,255.4477,354.5288,CurrentState,End,Slider,100,Scenario,1
ID,8,Time,319.8069,DronePosition,-110.239,59.27025,-107.379,0,CameraPosition,-103.2429,1.737786,-107.3982,CameraRotation,342.1919,255.081,354.463,CurrentState,End,Slider,100,Scenario,1
ID,8,Time,319.8204,DronePosition,-110.239,59.27025,-107.379,0,CameraPosition,-103.2426,1.73796,-107.3977,CameraRotation,341.9829,254.7175,354.3817,CurrentState,End,Slider,100,Scenario,1
ID,8,Time,319.8345,DronePosition,-110.239,59.27025,-107.379,0,CameraPosition,-103.2423,1.738116,-107.3972,CameraRotation,341.8077,254.3186,354.3033,CurrentState,End,Slider,100,Scenario,1
ID,8,Time,319.8483,DronePosition,-110.239,59.27025,-107.379,0,CameraPosition,-103.242,1.738258,-107.3967,CameraRotation,341.6268,253.898,354.2404,CurrentState,End,Slider,100,Scenario,1
ID,8,Time,319.8622,DronePosition,-110.239,59.27025,-107.379,0,CameraPosition,-103.2416,1.738446,-107.3961,CameraRotation,341.5067,253.5131,354.1797,CurrentState,End,Slider,100,Scenario,1
ID,8,Time,319.8765,DronePosition,-110.239,59.27025,-107.379,0,CameraPosition,-103.2413,1.738681,-107.3955,CameraRotation,341.3747,253.1277,354.1428,CurrentState,End,Slider,100,Scenario,1
ID,8,Time,319.8904,DronePosition,-110.239,59.27025,-107.379,0,CameraPosition,-103.241,1.738927,-107.3948,CameraRotation,341.1705,252.7895,354.0539,CurrentState,End,Slider,100,Scenario,1
ID,8,Time,319.904,DronePosition,-110.239,59.27025,-107.379,0,CameraPosition,-103.2408,1.739148,-107.3941,CameraRotation,340.967,252.4608,353.9456,CurrentState,End,Slider,100,Scenario,1
ID,8,Time,319.9181,DronePosition,-110.239,59.27025,-107.379,0,CameraPosition,-103.2406,1.739342,-107.3935,CameraRotation,340.7779,252.1288,353.8444,CurrentState,End,Slider,100,Scenario,1
ID,8,Time,319.932,DronePosition,-110.239,59.27025,-107.379,0,CameraPosition,-103.2403,1.739454,-107.3927,CameraRotation,340.6336,251.7825,353.7054,CurrentState,End,Slider,100,Scenario,1
ID,8,Time,319.9464,DronePosition,-110.239,59.27025,-107.379,0,CameraPosition,-103.24,1.73951,-107.392,CameraRotation,340.5314,251.4323,353.554,CurrentState,End,Slider,100,Scenario,1
ID,8,Time,319.96,DronePosition,-110.239,59.27025,-107.379,0,CameraPosition,-103.2397,1.739614,-107.3914,CameraRotation,340.3723,251.0927,353.3512,CurrentState,End,Slider,100,Scenario,1
ID,8,Time,319.9742,DronePosition,-110.239,59.27025,-107.379,0,CameraPosition,-103.2393,1.739834,-107.3907,CameraRotation,340.2232,250.7546,353.1579,CurrentState,End,Slider,100,Scenario,1
ID,8,Time,319.988,DronePosition,-110.239,59.27025,-107.379,0,CameraPosition,-103.239,1.740102,-107.3901,CameraRotation,340.009,250.4118,352.9699,CurrentState,End,Slider,100,Scenario,1
ID,8,Time,320.002,DronePosition,-110.239,59.27025,-107.379,0,CameraPosition,-103.2386,1.740358,-107.3895,CameraRotation,339.6827,250.0412,352.7655,CurrentState,End,Slider,100,Scenario,1
ID,8,Time,320.0161,DronePosition,-110.239,59.27025,-107.379,0,CameraPosition,-103.2382,1.740671,-107.389,CameraRotation,339.3654,249.6109,352.5739,CurrentState,End,Slider,100,Scenario,1
ID,8,Time,320.0299,DronePosition,-110.239,59.27025,-107.379,0,CameraPosition,-103.2377,1.741038,-107.3885,CameraRotation,339.038,249.1369,352.4129,CurrentState,End,Slider,100,Scenario,1
ID,8,Time,320.0437,DronePosition,-110.239,59.27025,-107.379,0,CameraPosition,-103.2372,1.741436,-107.388,CameraRotation,338.7116,248.6156,352.2494,CurrentState,End,Slider,100,Scenario,1
ID,8,Time,320.0578,DronePosition,-110.239,59.27025,-107.379,0,CameraPosition,-103.2367,1.741861,-107.3876,CameraRotation,338.3607,248.0561,352.1327,CurrentState,End,Slider,100,Scenario,1
ID,8,Time,320.0716,DronePosition,-110.239,59.27025,-107.379,0,CameraPosition,-103.2362,1.742338,-107.3872,CameraRotation,337.9073,247.4787,352.0024,CurrentState,End,Slider,100,Scenario,1
ID,8,Time,320.0857,DronePosition,-110.239,59.27025,-107.379,0,CameraPosition,-103.2357,1.742854,-107.3868,CameraRotation,337.4646,246.8712,351.8821,CurrentState,End,Slider,100,Scenario,1
ID,8,Time,320.0999,DronePosition,-110.239,59.27025,-107.379,0,CameraPosition,-103.2351,1.743304,-107.3866,CameraRotation,337.0053,246.2343,351.7188,CurrentState,End,Slider,100,Scenario,1
ID,8,Time,320.1136,DronePosition,-110.239,59.27025,-107.379,0,CameraPosition,-103.2344,1.743736,-107.3865,CameraRotation,336.6258,245.5536,351.5213,CurrentState,End,Slider,100,Scenario,1
ID,8,Time,320.1271,DronePosition,-110.239,59.27025,-107.379,0,CameraPosition,-103.2338,1.744149,-107.3863,CameraRotation,336.2812,244.8649,351.3334,CurrentState,End,Slider,100,Scenario,1
ID,8,Time,320.1411,DronePosition,-110.239,59.27025,-107.379,0,CameraPosition,-103.2331,1.744536,-107.3862,CameraRotation,335.901,244.1569,351.1801,CurrentState,End,Slider,100,Scenario,1
ID,8,Time,320.1551,DronePosition,-110.239,59.27025,-107.379,0,CameraPosition,-103.2325,1.744963,-107.386,CameraRotation,335.5479,243.4656,351.0647,CurrentState,End,Slider,100,Scenario,1
ID,8,Time,320.1691,DronePosition,-110.239,59.27025,-107.379,0,CameraPosition,-103.2318,1.745389,-107.3858,CameraRotation,335.1398,242.785,350.9937,CurrentState,End,Slider,100,Scenario,1
ID,8,Time,320.183,DronePosition,-110.239,59.27025,-107.379,0,CameraPosition,-103.2312,1.745833,-107.3855,CameraRotation,334.7321,242.1112,350.9591,CurrentState,End,Slider,100,Scenario,1
ID,8,Time,320.197,DronePosition,-110.239,59.27025,-107.379,0,CameraPosition,-103.2306,1.746263,-107.3852,CameraRotation,334.3343,241.4481,350.9605,CurrentState,End,Slider,100,Scenario,1
ID,8,Time,320.2109,DronePosition,-110.239,59.27025,-107.379,0,CameraPosition,-103.2299,1.746624,-107.3849,CameraRotation,333.9944,240.8212,350.9049,CurrentState,End,Slider,100,Scenario,1
ID,8,Time,320.2246,DronePosition,-110.239,59.27025,-107.379,0,CameraPosition,-103.2293,1.746878,-107.3845,CameraRotation,333.7215,240.2116,350.7982,CurrentState,End,Slider,100,Scenario,1
ID,8,Time,320.2386,DronePosition,-110.239,59.27025,-107.379,0,CameraPosition,-103.2286,1.746993,-107.3842,CameraRotation,333.5311,239.6324,350.6871,CurrentState,End,Slider,100,Scenario,1
ID,8,Time,320.2524,DronePosition,-110.239,59.27025,-107.379,0,CameraPosition,-103.228,1.747017,-107.3838,CameraRotation,333.341,239.0662,350.6297,CurrentState,End,Slider,100,Scenario,1
ID,8,Time,320.2666,DronePosition,-110.239,59.27025,-107.379,0,CameraPosition,-103.2273,1.747042,-107.3835,CameraRotation,333.1899,238.5042,350.5923,CurrentState,End,Slider,100,Scenario,1
ID,8,Time,320.2804,DronePosition,-110.239,59.27025,-107.379,0,CameraPosition,-103.2267,1.747038,-107.3832,CameraRotation,333.109,237.9545,350.6215,CurrentState,End,Slider,100,Scenario,1
ID,8,Time,320.2946,DronePosition,-110.239,59.27025,-107.379,0,CameraPosition,-103.2261,1.747048,-107.3828,CameraRotation,333.0595,237.4326,350.694,CurrentState,End,Slider,100,Scenario,1
ID,8,Time,320.3087,DronePosition,-110.239,59.27025,-107.379,0,CameraPosition,-103.2254,1.747049,-107.3825,CameraRotation,332.9941,236.946,350.8013,CurrentState,End,Slider,100,Scenario,1
ID,8,Time,320.3221,DronePosition,-110.239,59.27025,-107.379,0,CameraPosition,-103.2249,1.747072,-107.382,CameraRotation,332.9727,236.524,350.9381,CurrentState,End,Slider,100,Scenario,1
ID,8,Time,320.3359,DronePosition,-110.239,59.27025,-107.379,0,CameraPosition,-103.2244,1.74715,-107.3815,CameraRotation,332.9265,236.1862,351.0438,CurrentState,End,Slider,100,Scenario,1
ID,8,Time,320.3505,DronePosition,-110.239,59.27025,-107.379,0,CameraPosition,-103.224,1.747234,-107.381,CameraRotation,332.8394,235.9013,351.1005,CurrentState,End,Slider,100,Scenario,1
ID,8,Time,320.3641,DronePosition,-110.239,59.27025,-107.379,0,CameraPosition,-103.2236,1.747266,-107.3805,CameraRotation,332.7791,235.7059,351.1487,CurrentState,End,Slider,100,Scenario,1
ID,8,Time,320.378,DronePosition,-110.239,59.27025,-107.379,0,CameraPosition,-103.2233,1.747219,-107.38,CameraRotation,332.76,235.54,351.2005,CurrentState,End,Slider,100,Scenario,1
ID,8,Time,320.392,DronePosition,-110.239,59.27025,-107.379,0,CameraPosition,-103.2231,1.747083,-107.3794,CameraRotation,332.8202,235.3944,351.263,CurrentState,End,Slider,100,Scenario,1
ID,8,Time,320.4057,DronePosition,-110.239,59.27025,-107.379,0,CameraPosition,-103.2229,1.746845,-107.3788,CameraRotation,332.9565,235.3063,351.3175,CurrentState,End,Slider,100,Scenario,1
ID,8,Time,320.4196,DronePosition,-110.239,59.27025,-107.379,0,CameraPosition,-103.2229,1.746526,-107.3782,CameraRotation,333.1368,235.3187,351.3504,CurrentState,End,Slider,100,Scenario,1
ID,8,Time,320.4337,DronePosition,-110.239,59.27025,-107.379,0,CameraPosition,-103.2228,1.746219,-107.3776,CameraRotation,333.2614,235.3526,351.3566,CurrentState,End,Slider,100,Scenario,1
ID,8,Time,320.4479,DronePosition,-110.239,59.27025,-107.379,0,CameraPosition,-103.223,1.745886,-107.377,CameraRotation,333.3888,235.4893,351.3292,CurrentState,End,Slider,100,Scenario,1
ID,8,Time,320.4615,DronePosition,-110.239,59.27025,-107.379,0,CameraPosition,-103.2232,1.745563,-107.3764,CameraRotation,333.5059,235.7364,351.2916,CurrentState,End,Slider,100,Scenario,1
ID,8,Time,320.4757,DronePosition,-110.239,59.27025,-107.379,0,CameraPosition,-103.2235,1.745303,-107.3756,CameraRotation,333.6291,235.9732,351.2549,CurrentState,End,Slider,100,Scenario,1
ID,8,Time,320.4895,DronePosition,-110.239,59.27025,-107.379,0,CameraPosition,-103.224,1.745034,-107.3749,CameraRotation,333.7449,236.3189,351.211,CurrentState,End,Slider,100,Scenario,1
ID,8,Time,320.5044,DronePosition,-110.239,59.27025,-107.379,0,CameraPosition,-103.2245,1.744793,-107.3741,CameraRotation,333.9268,236.6972,351.139,CurrentState,End,Slider,100,Scenario,1
ID,8,Time,320.5175,DronePosition,-110.239,59.27025,-107.379,0,CameraPosition,-103.2252,1.744507,-107.3733,CameraRotation,334.1472,237.1821,351.0313,CurrentState,End,Slider,100,Scenario,1
ID,8,Time,320.5316,DronePosition,-110.239,59.27025,-107.379,0,CameraPosition,-103.226,1.744079,-107.3725,CameraRotation,334.4081,237.7248,350.9156,CurrentState,End,Slider,100,Scenario,1
ID,8,Time,320.5451,DronePosition,-110.239,59.27025,-107.379,0,CameraPosition,-103.2269,1.743479,-107.3718,CameraRotation,334.7497,238.3051,350.8198,CurrentState,End,Slider,100,Scenario,1
ID,8,Time,320.559,DronePosition,-110.239,59.27025,-107.379,0,CameraPosition,-103.2279,1.74255,-107.3709,CameraRotation,335.2624,238.9807,350.7397,CurrentState,End,Slider,100,Scenario,1
ID,8,Time,320.5728,DronePosition,-110.239,59.27025,-107.379,0,CameraPosition,-103.2291,1.741261,-107.3701,CameraRotation,336.0411,239.8028,350.6741,CurrentState,End,Slider,100,Scenario,1
ID,8,Time,320.5866,DronePosition,-110.239,59.27025,-107.379,0,CameraPosition,-103.2304,1.739685,-107.3693,CameraRotation,336.9835,240.7042,350.6155,CurrentState,End,Slider,100,Scenario,1
ID,8,Time,320.6008,DronePosition,-110.239,59.27025,-107.379,0,CameraPosition,-103.232,1.737621,-107.3683,CameraRotation,338.2562,241.7609,350.5937,CurrentState,End,Slider,100,Scenario,1
ID,8,Time,320.6149,DronePosition,-110.239,59.27025,-107.379,0,CameraPosition,-103.2336,1.735168,-107.3672,CameraRotation,339.7435,242.9557,350.5933,CurrentState,End,Slider,100,Scenario,1
ID,8,Time,320.6286,DronePosition,-110.239,59.27025,-107.379,0,CameraPosition,-103.2353,1.732619,-107.3661,CameraRotation,341.3318,244.2125,350.6362,CurrentState,End,Slider,100,Scenario,1
ID,8,Time,320.6425,DronePosition,-110.239,59.27025,-107.379,0,CameraPosition,-103.2371,1.729568,-107.3647,CameraRotation,343.2712,245.6544,350.7665,CurrentState,End,Slider,100,Scenario,1
ID,8,Time,320.6566,DronePosition,-110.239,59.27025,-107.379,0,CameraPosition,-103.2388,1.726364,-107.3632,CameraRotation,345.3393,247.1395,350.9677,CurrentState,End,Slider,100,Scenario,1
ID,8,Time,320.6702,DronePosition,-110.239,59.27025,-107.379,0,CameraPosition,-103.2405,1.723086,-107.3618,CameraRotation,347.4834,248.6489,351.2134,CurrentState,End,Slider,100,Scenario,1
ID,8,Time,320.6843,DronePosition,-110.239,59.27025,-107.379,0,CameraPosition,-103.2422,1.71958,-107.3602,CameraRotation,349.7895,250.2542,351.5374,CurrentState,End,Slider,100,Scenario,1
ID,8,Time,320.6983,DronePosition,-110.239,59.27025,-107.379,0,CameraPosition,-103.2437,1.716032,-107.3584,CameraRotation,352.1722,251.9368,351.94,CurrentState,End,Slider,100,Scenario,1
ID,8,Time,320.713,DronePosition,-110.239,59.27025,-107.379,0,CameraPosition,-103.2451,1.712641,-107.3566,CameraRotation,354.4615,253.7207,352.387,CurrentState,End,Slider,100,Scenario,1
ID,8,Time,320.7267,DronePosition,-110.239,59.27025,-107.379,0,CameraPosition,-103.2466,1.709371,-107.3546,CameraRotation,356.713,255.8014,352.8582,CurrentState,End,Slider,100,Scenario,1
ID,8,Time,320.7399,DronePosition,-110.239,59.27025,-107.379,0,CameraPosition,-103.2481,1.706366,-107.3525,CameraRotation,358.7533,258.012,353.326,CurrentState,End,Slider,100,Scenario,1
ID,8,Time,320.7537,DronePosition,-110.239,59.27025,-107.379,0,CameraPosition,-103.2497,1.703867,-107.3504,CameraRotation,0.5235311,260.4731,353.7316,CurrentState,End,Slider,100,Scenario,1
ID,8,Time,320.7679,DronePosition,-110.239,59.27025,-107.379,0,CameraPosition,-103.2514,1.702132,-107.3483,CameraRotation,1.906777,262.969,354.0348,CurrentState,End,Slider,100,Scenario,1
ID,8,Time,320.7819,DronePosition,-110.239,59.27025,-107.379,0,CameraPosition,-103.253,1.700816,-107.3463,CameraRotation,2.904671,265.3318,354.3082,CurrentState,End,Slider,100,Scenario,1
ID,8,Time,320.7959,DronePosition,-110.239,59.27025,-107.379,0,CameraPosition,-103.2543,1.699674,-107.3444,CameraRotation,3.539882,267.482,354.6715,CurrentState,End,Slider,100,Scenario,1
ID,8,Time,320.8096,DronePosition,-110.239,59.27025,-107.379,0,CameraPosition,-103.2553,1.698522,-107.343,CameraRotation,4.08391,269.2887,355.2288,CurrentState,End,Slider,100,Scenario,1
ID,8,Time,320.8234,DronePosition,-110.239,59.27025,-107.379,0,CameraPosition,-103.2561,1.697287,-107.342,CameraRotation,4.697817,270.8482,355.8528,CurrentState,End,Slider,100,Scenario,1
ID,8,Time,320.8372,DronePosition,-110.239,59.27025,-107.379,0,CameraPosition,-103.2564,1.696311,-107.3414,CameraRotation,5.14841,272.0642,356.3557,CurrentState,End,Slider,100,Scenario,1
ID,8,Time,320.8512,DronePosition,-110.239,59.27025,-107.379,0,CameraPosition,-103.2567,1.695665,-107.341,CameraRotation,5.466632,273.1565,356.7013,CurrentState,End,Slider,100,Scenario,1
ID,8,Time,320.8652,DronePosition,-110.239,59.27025,-107.379,0,CameraPosition,-103.2569,1.695678,-107.341,CameraRotation,5.475654,273.9606,356.9007,CurrentState,End,Slider,100,Scenario,1
ID,8,Time,320.8791,DronePosition,-110.239,59.27025,-107.379,0,CameraPosition,-103.2572,1.696079,-107.3412,CameraRotation,5.296146,274.6357,356.9955,CurrentState,End,Slider,100,Scenario,1
ID,8,Time,320.8928,DronePosition,-110.239,59.27025,-107.379,0,CameraPosition,-103.2576,1.696671,-107.3415,CameraRotation,4.991205,275.1714,356.9939,CurrentState,End,Slider,100,Scenario,1
ID,8,Time,320.9069,DronePosition,-110.239,59.27025,-107.379,0,CameraPosition,-103.2577,1.697499,-107.3419,CameraRotation,4.58753,275.4614,356.8897,CurrentState,End,Slider,100,Scenario,1
ID,8,Time,320.9212,DronePosition,-110.239,59.27025,-107.379,0,CameraPosition,-103.2578,1.698158,-107.3424,CameraRotation,4.297858,275.7155,356.7695,CurrentState,End,Slider,100,Scenario,1
ID,8,Time,320.9344,DronePosition,-110.239,59.27025,-107.379,0,CameraPosition,-103.2579,1.698758,-107.3431,CameraRotation,4.072567,275.8411,356.5703,CurrentState,End,Slider,100,Scenario,1
ID,8,Time,320.9487,DronePosition,-110.239,59.27025,-107.379,0,CameraPosition,-103.2579,1.699203,-107.3438,CameraRotation,3.89762,275.933,356.3752,CurrentState,End,Slider,100,Scenario,1
ID,8,Time,320.9623,DronePosition,-110.239,59.27025,-107.379,0,CameraPosition,-103.2579,1.699563,-107.3446,CameraRotation,3.784561,275.9876,356.2569,CurrentState,End,Slider,100,Scenario,1
ID,8,Time,320.9764,DronePosition,-110.239,59.27025,-107.379,0,CameraPosition,-103.2579,1.699852,-107.3453,CameraRotation,3.723295,276.0244,356.184,CurrentState,End,Slider,100,Scenario,1
ID,8,Time,320.9902,DronePosition,-110.239,59.27025,-107.379,0,CameraPosition,-103.2578,1.700046,-107.3461,CameraRotation,3.662443,276.0407,356.1733,CurrentState,End,Slider,100,Scenario,1
ID,8,Time,321.0039,DronePosition,-110.239,59.27025,-107.379,0,CameraPosition,-103.2577,1.700205,-107.3468,CameraRotation,3.59895,276.0632,356.2153,CurrentState,End,Slider,100,Scenario,1
ID,8,Time,321.0181,DronePosition,-110.239,59.27025,-107.379,0,CameraPosition,-103.2576,1.700314,-107.3475,CameraRotation,3.524206,276.0947,356.2729,CurrentState,End,Slider,100,Scenario,1
ID,8,Time,321.0324,DronePosition,-110.239,59.27025,-107.379,0,CameraPosition,-103.2576,1.700366,-107.3482,CameraRotation,3.472412,276.1026,356.3234,CurrentState,End,Slider,100,Scenario,1
ID,8,Time,321.046,DronePosition,-110.239,59.27025,-107.379,0,CameraPosition,-103.2575,1.700383,-107.3488,CameraRotation,3.421479,276.1253,356.3674,CurrentState,End,Slider,100,Scenario,1
ID,8,Time,321.0599,DronePosition,-110.239,59.27025,-107.379,0,CameraPosition,-103.2575,1.70037,-107.3495,CameraRotation,3.391935,276.1422,356.4443,CurrentState,End,Slider,100,Scenario,1
ID,8,Time,321.0742,DronePosition,-110.239,59.27025,-107.379,0,CameraPosition,-103.2574,1.700317,-107.3503,CameraRotation,3.42348,276.1139,356.5988,CurrentState,End,Slider,100,Scenario,1
ID,8,Time,321.0876,DronePosition,-110.239,59.27025,-107.379,0,CameraPosition,-103.2573,1.700288,-107.351,CameraRotation,3.465299,276.0828,356.7735,CurrentState,End,Slider,100,Scenario,1
ID,8,Time,321.1016,DronePosition,-110.239,59.27025,-107.379,0,CameraPosition,-103.2573,1.700348,-107.3517,CameraRotation,3.50145,276.0254,356.8895,CurrentState,End,Slider,100,Scenario,1
ID,8,Time,321.1155,DronePosition,-110.239,59.27025,-107.379,0,CameraPosition,-103.2572,1.700518,-107.3524,CameraRotation,3.541322,275.9613,356.9649,CurrentState,End,Slider,100,Scenario,1
ID,8,Time,321.1299,DronePosition,-110.239,59.27025,-107.379,0,CameraPosition,-103.2572,1.700714,-107.353,CameraRotation,3.563529,275.9067,357.0294,CurrentState,End,Slider,100,Scenario,1
ID,8,Time,321.144,DronePosition,-110.239,59.27025,-107.379,0,CameraPosition,-103.2572,1.700807,-107.3537,CameraRotation,3.569209,275.835,357.1026,CurrentState,End,Slider,100,Scenario,1
ID,8,Time,321.1575,DronePosition,-110.239,59.27025,-107.379,0,CameraPosition,-103.257,1.700822,-107.3545,CameraRotation,3.586038,275.758,357.1854,CurrentState,End,Slider,100,Scenario,1
ID,8,Time,321.1711,DronePosition,-110.239,59.27025,-107.379,0,CameraPosition,-103.2568,1.700797,-107.3553,CameraRotation,3.638389,275.6472,357.2342,CurrentState,End,Slider,100,Scenario,1
ID,8,Time,321.1852,DronePosition,-110.239,59.27025,-107.379,0,CameraPosition,-103.2565,1.700711,-107.356,CameraRotation,3.695744,275.5275,357.2704,CurrentState,End,Slider,100,Scenario,1
ID,8,Time,321.199,DronePosition,-110.239,59.27025,-107.379,0,CameraPosition,-103.2562,1.70058,-107.3567,CameraRotation,3.746433,275.3889,357.3114,CurrentState,End,Slider,100,Scenario,1
ID,8,Time,321.2131,DronePosition,-110.239,59.27025,-107.379,0,CameraPosition,-103.2559,1.700436,-107.3574,CameraRotation,3.770602,275.2446,357.3369,CurrentState,End,Slider,100,Scenario,1
ID,8,Time,321.227,DronePosition,-110.239,59.27025,-107.379,0,CameraPosition,-103.2556,1.700344,-107.3581,CameraRotation,3.809567,275.1086,357.3355,CurrentState,End,Slider,100,Scenario,1
ID,8,Time,321.2411,DronePosition,-110.239,59.27025,-107.379,0,CameraPosition,-103.2552,1.700188,-107.3588,CameraRotation,3.9228,274.9647,357.3301,CurrentState,End,Slider,100,Scenario,1
ID,8,Time,321.2545,DronePosition,-110.239,59.27025,-107.379,0,CameraPosition,-103.2548,1.699981,-107.3595,CameraRotation,4.065911,274.8017,357.3242,CurrentState,End,Slider,100,Scenario,1
ID,8,Time,321.2686,DronePosition,-110.239,59.27025,-107.379,0,CameraPosition,-103.2544,1.699722,-107.3602,CameraRotation,4.221114,274.612,357.3708,CurrentState,End,Slider,100,Scenario,1
ID,8,Time,321.2826,DronePosition,-110.239,59.27025,-107.379,0,CameraPosition,-103.2541,1.699521,-107.3608,CameraRotation,4.374829,274.3735,357.4413,CurrentState,End,Slider,100,Scenario,1
ID,8,Time,321.2966,DronePosition,-110.239,59.27025,-107.379,0,CameraPosition,-103.2536,1.699375,-107.3615,CameraRotation,4.504384,274.1302,357.4635,CurrentState,End,Slider,100,Scenario,1
ID,8,Time,321.3106,DronePosition,-110.239,59.27025,-107.379,0,CameraPosition,-103.2531,1.699221,-107.3622,CameraRotation,4.606274,273.8566,357.4191,CurrentState,End,Slider,100,Scenario,1
ID,8,Time,321.3243,DronePosition,-110.239,59.27025,-107.379,0,CameraPosition,-103.2526,1.699121,-107.3629,CameraRotation,4.683769,273.5788,357.3351,CurrentState,End,Slider,100,Scenario,1
ID,8,Time,321.3385,DronePosition,-110.239,59.27025,-107.379,0,CameraPosition,-103.252,1.699046,-107.3636,CameraRotation,4.694362,273.292,357.2831,CurrentState,End,Slider,100,Scenario,1
ID,8,Time,321.3521,DronePosition,-110.239,59.27025,-107.379,0,CameraPosition,-103.2515,1.699036,-107.3641,CameraRotation,4.672873,272.9847,357.2348,CurrentState,End,Slider,100,Scenario,1
ID,8,Time,321.3664,DronePosition,-110.239,59.27025,-107.379,0,CameraPosition,-103.2509,1.699038,-107.3646,CameraRotation,4.645442,272.6696,357.1804,CurrentState,End,Slider,100,Scenario,1
ID,8,Time,321.3802,DronePosition,-110.239,59.27025,-107.379,0,CameraPosition,-103.2502,1.69907,-107.3652,CameraRotation,4.626093,272.3561,357.1064,CurrentState,End,Slider,100,Scenario,1
ID,8,Time,321.394,DronePosition,-110.239,59.27025,-107.379,0,CameraPosition,-103.2494,1.699115,-107.3658,CameraRotation,4.569306,272.0449,357.0387,CurrentState,End,Slider,100,Scenario,1
ID,8,Time,321.4078,DronePosition,-110.239,59.27025,-107.379,0,CameraPosition,-103.2487,1.699184,-107.3662,CameraRotation,4.503376,271.7292,357.0172,CurrentState,End,Slider,100,Scenario,1
ID,8,Time,321.4218,DronePosition,-110.239,59.27025,-107.379,0,CameraPosition,-103.2479,1.699238,-107.3667,CameraRotation,4.417502,271.4204,356.9979,CurrentState,End,Slider,100,Scenario,1
ID,8,Time,321.4356,DronePosition,-110.239,59.27025,-107.379,0,CameraPosition,-103.2472,1.699281,-107.3672,CameraRotation,4.364707,271.1065,356.9684,CurrentState,End,Slider,100,Scenario,1
ID,8,Time,321.4495,DronePosition,-110.239,59.27025,-107.379,0,CameraPosition,-103.2465,1.699366,-107.3676,CameraRotation,4.362331,270.8002,356.9162,CurrentState,End,Slider,100,Scenario,1
ID,8,Time,321.4638,DronePosition,-110.239,59.27025,-107.379,0,CameraPosition,-103.2458,1.699471,-107.3679,CameraRotation,4.343343,270.5057,356.8746,CurrentState,End,Slider,100,Scenario,1
ID,8,Time,321.4774,DronePosition,-110.239,59.27025,-107.379,0,CameraPosition,-103.2451,1.699716,-107.3681,CameraRotation,4.269969,270.2347,356.8478,CurrentState,End,Slider,100,Scenario,1
ID,8,Time,321.4915,DronePosition,-110.239,59.27025,-107.379,0,CameraPosition,-103.2446,1.700031,-107.3683,CameraRotation,4.092544,269.9774,356.8284,CurrentState,End,Slider,100,Scenario,1
ID,8,Time,321.5053,DronePosition,-110.239,59.27025,-107.379,0,CameraPosition,-103.2441,1.700263,-107.3684,CameraRotation,3.885197,269.7469,356.7923,CurrentState,End,Slider,100,Scenario,1
ID,8,Time,321.5193,DronePosition,-110.239,59.27025,-107.379,0,CameraPosition,-103.2437,1.700462,-107.3684,CameraRotation,3.689607,269.5207,356.724,CurrentState,End,Slider,100,Scenario,1
ID,8,Time,321.5332,DronePosition,-110.239,59.27025,-107.379,0,CameraPosition,-103.2433,1.700567,-107.3684,CameraRotation,3.477029,269.3357,356.6247,CurrentState,End,Slider,100,Scenario,1
ID,8,Time,321.5473,DronePosition,-110.239,59.27025,-107.379,0,CameraPosition,-103.2427,1.700586,-107.3684,CameraRotation,3.372262,269.1818,356.5041,CurrentState,End,Slider,100,Scenario,1
ID,8,Time,321.5613,DronePosition,-110.239,59.27025,-107.379,0,CameraPosition,-103.2421,1.700437,-107.3683,CameraRotation,3.390024,269.0751,356.3835,CurrentState,End,Slider,100,Scenario,1
ID,8,Time,321.575,DronePosition,-110.239,59.27025,-107.379,0,CameraPosition,-103.2414,1.700279,-107.3682,CameraRotation,3.445767,268.9904,356.2493,CurrentState,End,Slider,100,Scenario,1
ID,8,Time,321.5887,DronePosition,-110.239,59.27025,-107.379,0,CameraPosition,-103.2409,1.700143,-107.3681,CameraRotation,3.512638,268.9756,356.1104,CurrentState,End,Slider,100,Scenario,1
ID,8,Time,321.6027,DronePosition,-110.239,59.27025,-107.379,0,CameraPosition,-103.2405,1.700067,-107.368,CameraRotation,3.520113,268.9858,356.0017,CurrentState,End,Slider,100,Scenario,1
ID,8,Time,321.6168,DronePosition,-110.239,59.27025,-107.379,0,CameraPosition,-103.24,1.700062,-107.3678,CameraRotation,3.49516,269.0143,355.9389,CurrentState,End,Slider,100,Scenario,1
ID,8,Time,321.6305,DronePosition,-110.239,59.27025,-107.379,0,CameraPosition,-103.2395,1.700077,-107.3677,CameraRotation,3.454285,269.0627,355.9041,CurrentState,End,Slider,100,Scenario,1
ID,8,Time,321.6444,DronePosition,-110.239,59.27025,-107.379,0,CameraPosition,-103.2391,1.700111,-107.3675,CameraRotation,3.445475,269.128,355.9188,CurrentState,End,Slider,100,Scenario,1
ID,8,Time,321.6587,DronePosition,-110.239,59.27025,-107.379,0,CameraPosition,-103.2388,1.700173,-107.3673,CameraRotation,3.39681,269.2031,355.9431,CurrentState,End,Slider,100,Scenario,1
ID,8,Time,321.6723,DronePosition,-110.239,59.27025,-107.379,0,CameraPosition,-103.2386,1.700291,-107.3672,CameraRotation,3.307273,269.269,355.9873,CurrentState,End,Slider,100,Scenario,1
ID,8,Time,321.6862,DronePosition,-110.239,59.27025,-107.379,0,CameraPosition,-103.2384,1.700416,-107.3671,CameraRotation,3.189065,269.3124,356.0507,CurrentState,End,Slider,100,Scenario,1
ID,8,Time,321.7002,DronePosition,-110.239,59.27025,-107.379,0,CameraPosition,-103.2381,1.700517,-107.3671,CameraRotation,3.134295,269.3169,356.0786,CurrentState,End,Slider,100,Scenario,1
ID,8,Time,321.7142,DronePosition,-110.239,59.27025,-107.379,0,CameraPosition,-103.2379,1.700602,-107.3671,CameraRotation,3.097098,269.2835,356.0961,CurrentState,End,Slider,100,Scenario,1
ID,8,Time,321.7284,DronePosition,-110.239,59.27025,-107.379,0,CameraPosition,-103.2378,1.700714,-107.367,CameraRotation,3.032737,269.2323,356.1017,CurrentState,End,Slider,100,Scenario,1
ID,8,Time,321.742,DronePosition,-110.239,59.27025,-107.379,0,CameraPosition,-103.2379,1.7009,-107.3669,CameraRotation,2.911028,269.1646,356.0974,CurrentState,End,Slider,100,Scenario,1
ID,8,Time,321.7561,DronePosition,-110.239,59.27025,-107.379,0,CameraPosition,-103.2381,1.701194,-107.3669,CameraRotation,2.701066,269.0832,356.0753,CurrentState,End,Slider,100,Scenario,1
ID,8,Time,321.7697,DronePosition,-110.239,59.27025,-107.379,0,CameraPosition,-103.2384,1.701607,-107.3669,CameraRotation,2.407771,268.9497,355.9881,CurrentState,End,Slider,100,Scenario,1
ID,8,Time,321.7841,DronePosition,-110.239,59.27025,-107.379,0,CameraPosition,-103.2387,1.702054,-107.3669,CameraRotation,2.036662,268.7541,355.8061,CurrentState,End,Slider,100,Scenario,1
ID,8,Time,321.7975,DronePosition,-110.239,59.27025,-107.379,0,CameraPosition,-103.2391,1.702614,-107.3671,CameraRotation,1.614352,268.4515,355.5492,CurrentState,End,Slider,100,Scenario,1
ID,8,Time,321.8116,DronePosition,-110.239,59.27025,-107.379,0,CameraPosition,-103.2394,1.703204,-107.3673,CameraRotation,1.215459,268.0287,355.2434,CurrentState,End,Slider,100,Scenario,1
ID,8,Time,321.8255,DronePosition,-110.239,59.27025,-107.379,0,CameraPosition,-103.2398,1.703743,-107.3675,CameraRotation,0.8654337,267.5679,354.9178,CurrentState,End,Slider,100,Scenario,1
ID,8,Time,321.8397,DronePosition,-110.239,59.27025,-107.379,0,CameraPosition,-103.2401,1.704303,-107.3677,CameraRotation,0.5246194,267.0432,354.566,CurrentState,End,Slider,100,Scenario,1
ID,8,Time,321.8531,DronePosition,-110.239,59.27025,-107.379,0,CameraPosition,-103.2403,1.705099,-107.3679,CameraRotation,0.09781305,266.4741,354.2522,CurrentState,End,Slider,100,Scenario,1
ID,8,Time,321.8674,DronePosition,-110.239,59.27025,-107.379,0,CameraPosition,-103.2406,1.706042,-107.368,CameraRotation,359.5737,265.9332,354.0128,CurrentState,End,Slider,100,Scenario,1
ID,8,Time,321.881,DronePosition,-110.239,59.27025,-107.379,0,CameraPosition,-103.2409,1.707192,-107.3681,CameraRotation,358.9297,265.3703,353.8206,CurrentState,End,Slider,100,Scenario,1
ID,8,Time,321.8951,DronePosition,-110.239,59.27025,-107.379,0,CameraPosition,-103.2412,1.708348,-107.3681,CameraRotation,358.2755,264.8456,353.6802,CurrentState,End,Slider,100,Scenario,1
ID,8,Time,321.9087,DronePosition,-110.239,59.27025,-107.379,0,CameraPosition,-103.2416,1.709458,-107.368,CameraRotation,357.7189,264.3565,353.5789,CurrentState,End,Slider,100,Scenario,1
ID,8,Time,321.9229,DronePosition,-110.239,59.27025,-107.379,0,CameraPosition,-103.242,1.710502,-107.3679,CameraRotation,357.147,263.9028,353.528,CurrentState,End,Slider,100,Scenario,1
ID,8,Time,321.9367,DronePosition,-110.239,59.27025,-107.379,0,CameraPosition,-103.2422,1.711403,-107.3677,CameraRotation,356.611,263.4664,353.4931,CurrentState,End,Slider,100,Scenario,1
ID,8,Time,321.9506,DronePosition,-110.239,59.27025,-107.379,0,CameraPosition,-103.2424,1.712215,-107.3675,CameraRotation,356.171,263.0203,353.4663,CurrentState,End,Slider,100,Scenario,1
ID,8,Time,321.9657,DronePosition,-110.239,59.27025,-107.379,0,CameraPosition,-103.2426,1.71291,-107.3672,CameraRotation,355.8119,262.5879,353.4833,CurrentState,End,Slider,100,Scenario,1
ID,8,Time,321.9787,DronePosition,-110.239,59.27025,-107.379,0,CameraPosition,-103.2428,1.713468,-107.3669,CameraRotation,355.48,262.1884,353.4847,CurrentState,End,Slider,100,Scenario,1
ID,8,Time,321.9923,DronePosition,-110.239,59.27025,-107.379,0,CameraPosition,-103.2431,1.713925,-107.3665,CameraRotation,355.1617,261.7969,353.4818,CurrentState,End,Slider,100,Scenario,1
ID,8,Time,322.0063,DronePosition,-110.239,59.27025,-107.379,0,CameraPosition,-103.2435,1.714387,-107.366,CameraRotation,354.8978,261.4191,353.5124,CurrentState,End,Slider,100,Scenario,1
ID,8,Time,322.02,DronePosition,-110.239,59.27025,-107.379,0,CameraPosition,-103.2438,1.714994,-107.3654,CameraRotation,354.5578,261.035,353.533,CurrentState,End,Slider,100,Scenario,1
ID,8,Time,322.0342,DronePosition,-110.239,59.27025,-107.379,0,CameraPosition,-103.2442,1.715559,-107.3649,CameraRotation,354.2041,260.6466,353.5497,CurrentState,End,Slider,100,Scenario,1
ID,8,Time,322.0482,DronePosition,-110.239,59.27025,-107.379,0,CameraPosition,-103.2445,1.71596,-107.3642,CameraRotation,353.9734,260.2524,353.5778,CurrentState,End,Slider,100,Scenario,1
ID,8,Time,322.0636,DronePosition,-110.239,59.27025,-107.379,0,CameraPosition,-103.2448,1.71635,-107.3635,CameraRotation,353.7889,259.8648,353.6065,CurrentState,End,Slider,100,Scenario,1
ID,8,Time,322.0761,DronePosition,-110.239,59.27025,-107.379,0,CameraPosition,-103.2451,1.716728,-107.3626,CameraRotation,353.5857,259.488,353.6705,CurrentState,End,Slider,100,Scenario,1
ID,8,Time,322.09,DronePosition,-110.239,59.27025,-107.379,0,CameraPosition,-103.2455,1.717125,-107.3617,CameraRotation,353.32,259.1286,353.7338,CurrentState,End,Slider,100,Scenario,1
ID,8,Time,322.1034,DronePosition,-110.239,59.27025,-107.379,0,CameraPosition,-103.2459,1.717444,-107.3608,CameraRotation,353.0362,258.8009,353.7473,CurrentState,End,Slider,100,Scenario,1
ID,8,Time,322.1178,DronePosition,-110.239,59.27025,-107.379,0,CameraPosition,-103.2462,1.717722,-107.3597,CameraRotation,352.8033,258.4919,353.7192,CurrentState,End,Slider,100,Scenario,1
ID,8,Time,322.1317,DronePosition,-110.239,59.27025,-107.379,0,CameraPosition,-103.2467,1.717885,-107.3587,CameraRotation,352.6112,258.2318,353.6534,CurrentState,End,Slider,100,Scenario,1
ID,8,Time,322.1457,DronePosition,-110.239,59.27025,-107.379,0,CameraPosition,-103.2472,1.717994,-107.3575,CameraRotation,352.4236,257.9858,353.5871,CurrentState,End,Slider,100,Scenario,1
ID,8,Time,322.1596,DronePosition,-110.239,59.27025,-107.379,0,CameraPosition,-103.2478,1.718107,-107.3563,CameraRotation,352.2115,257.7529,353.536,CurrentState,End,Slider,100,Scenario,1
ID,8,Time,322.1739,DronePosition,-110.239,59.27025,-107.379,0,CameraPosition,-103.2484,1.718163,-107.355,CameraRotation,351.9655,257.5768,353.4768,CurrentState,End,Slider,100,Scenario,1
ID,8,Time,322.1875,DronePosition,-110.239,59.27025,-107.379,0,CameraPosition,-103.249,1.718222,-107.3537,CameraRotation,351.725,257.4229,353.4141,CurrentState,End,Slider,100,Scenario,1
ID,8,Time,322.2011,DronePosition,-110.239,59.27025,-107.379,0,CameraPosition,-103.2496,1.718266,-107.3524,CameraRotation,351.493,257.3456,353.3486,CurrentState,End,Slider,100,Scenario,1
ID,8,Time,322.2153,DronePosition,-110.239,59.27025,-107.379,0,CameraPosition,-103.2502,1.718375,-107.3512,CameraRotation,351.2471,257.3432,353.2706,CurrentState,End,Slider,100,Scenario,1
ID,8,Time,322.2292,DronePosition,-110.239,59.27025,-107.379,0,CameraPosition,-103.2508,1.718582,-107.3501,CameraRotation,350.9313,257.3746,353.2027,CurrentState,End,Slider,100,Scenario,1
ID,8,Time,322.2431,DronePosition,-110.239,59.27025,-107.379,0,CameraPosition,-103.2514,1.719021,-107.349,CameraRotation,350.5275,257.524,353.209,CurrentState,End,Slider,100,Scenario,1
ID,8,Time,322.2569,DronePosition,-110.239,59.27025,-107.379,0,CameraPosition,-103.2519,1.719567,-107.3479,CameraRotation,350.0541,257.7192,353.3119,CurrentState,End,Slider,100,Scenario,1
ID,8,Time,322.2713,DronePosition,-110.239,59.27025,-107.379,0,CameraPosition,-103.2523,1.720098,-107.347,CameraRotation,349.5359,257.9302,353.511,CurrentState,End,Slider,100,Scenario,1
ID,8,Time,322.2847,DronePosition,-110.239,59.27025,-107.379,0,CameraPosition,-103.2526,1.720777,-107.3462,CameraRotation,348.9906,258.2079,353.8545,CurrentState,End,Slider,100,Scenario,1
ID,8,Time,322.2989,DronePosition,-110.239,59.27025,-107.379,0,CameraPosition,-103.2528,1.721608,-107.3457,CameraRotation,348.291,258.5165,354.3005,CurrentState,End,Slider,100,Scenario,1
ID,8,Time,322.3129,DronePosition,-110.239,59.27025,-107.379,0,CameraPosition,-103.2529,1.722529,-107.3453,CameraRotation,347.6067,258.8357,354.6588,CurrentState,End,Slider,100,Scenario,1
ID,8,Time,322.3265,DronePosition,-110.239,59.27025,-107.379,0,CameraPosition,-103.2529,1.723558,-107.3451,CameraRotation,346.9624,259.2168,354.9319,CurrentState,End,Slider,100,Scenario,1
ID,8,Time,322.3406,DronePosition,-110.239,59.27025,-107.379,0,CameraPosition,-103.2526,1.724558,-107.3451,CameraRotation,346.3858,259.6725,355.1696,CurrentState,End,Slider,100,Scenario,1
ID,8,Time,322.3545,DronePosition,-110.239,59.27025,-107.379,0,CameraPosition,-103.2523,1.725537,-107.3452,CameraRotation,345.8109,260.1727,355.4736,CurrentState,End,Slider,100,Scenario,1
ID,8,Time,322.3688,DronePosition,-110.239,59.27025,-107.379,0,CameraPosition,-103.2518,1.726564,-107.3454,CameraRotation,345.2775,260.7326,355.7813,CurrentState,End,Slider,100,Scenario,1
ID,8,Time,322.3826,DronePosition,-110.239,59.27025,-107.379,0,CameraPosition,-103.2511,1.727649,-107.3459,CameraRotation,344.8405,261.3101,356.0951,CurrentState,End,Slider,100,Scenario,1
ID,8,Time,322.3969,DronePosition,-110.239,59.27025,-107.379,0,CameraPosition,-103.2504,1.728787,-107.3465,CameraRotation,344.4517,261.8795,356.409,CurrentState,End,Slider,100,Scenario,1
ID,8,Time,322.4103,DronePosition,-110.239,59.27025,-107.379,0,CameraPosition,-103.2494,1.729984,-107.3474,CameraRotation,344.0756,262.5023,356.7475,CurrentState,End,Slider,100,Scenario,1
ID,8,Time,322.4243,DronePosition,-110.239,59.27025,-107.379,0,CameraPosition,-103.2483,1.731074,-107.3485,CameraRotation,343.686,263.1523,357.1498,CurrentState,End,Slider,100,Scenario,1
ID,8,Time,322.438,DronePosition,-110.239,59.27025,-107.379,0,CameraPosition,-103.2471,1.731963,-107.3496,CameraRotation,343.3066,263.7957,357.5824,CurrentState,End,Slider,100,Scenario,1
ID,8,Time,322.452,DronePosition,-110.239,59.27025,-107.379,0,CameraPosition,-103.2457,1.732639,-107.3511,CameraRotation,342.9779,264.4465,358.0565,CurrentState,End,Slider,100,Scenario,1
ID,8,Time,322.466,DronePosition,-110.239,59.27025,-107.379,0,CameraPosition,-103.2442,1.733277,-107.3528,CameraRotation,342.6356,265.0706,358.5485,CurrentState,End,Slider,100,Scenario,1
ID,8,Time,322.4806,DronePosition,-110.239,59.27025,-107.379,0,CameraPosition,-103.2427,1.733946,-107.3546,CameraRotation,342.247,265.6668,359.0239,CurrentState,End,Slider,100,Scenario,1
ID,8,Time,322.4942,DronePosition,-110.239,59.27025,-107.379,0,CameraPosition,-103.2411,1.734579,-107.3568,CameraRotation,341.8571,266.223,359.4976,CurrentState,End,Slider,100,Scenario,1
ID,8,Time,322.5079,DronePosition,-110.239,59.27025,-107.379,0,CameraPosition,-103.2394,1.735147,-107.3592,CameraRotation,341.4398,266.741,359.9816,CurrentState,End,Slider,100,Scenario,1
ID,8,Time,322.5223,DronePosition,-110.239,59.27025,-107.379,0,CameraPosition,-103.2377,1.735715,-107.3617,CameraRotation,341.0911,267.2206,0.4625906,CurrentState,End,Slider,100,Scenario,1
ID,8,Time,322.5359,DronePosition,-110.239,59.27025,-107.379,0,CameraPosition,-103.2359,1.736412,-107.3645,CameraRotation,340.8478,267.6441,0.8940629,CurrentState,End,Slider,100,Scenario,1
ID,8,Time,322.5499,DronePosition,-110.239,59.27025,-107.379,0,CameraPosition,-103.2341,1.737236,-107.3676,CameraRotation,340.5291,268.0337,1.252033,CurrentState,End,Slider,100,Scenario,1
ID,8,Time,322.5639,DronePosition,-110.239,59.27025,-107.379,0,CameraPosition,-103.2323,1.738192,-107.3708,CameraRotation,340.1721,268.3638,1.567106,CurrentState,End,Slider,100,Scenario,1
ID,8,Time,322.5776,DronePosition,-110.239,59.27025,-107.379,0,CameraPosition,-103.2306,1.73922,-107.3743,CameraRotation,339.8049,268.6057,1.8385,CurrentState,End,Slider,100,Scenario,1
ID,8,Time,322.592,DronePosition,-110.239,59.27025,-107.379,0,CameraPosition,-103.2289,1.740249,-107.3778,CameraRotation,339.5268,268.7901,2.139751,CurrentState,End,Slider,100,Scenario,1
ID,8,Time,322.6057,DronePosition,-110.239,59.27025,-107.379,0,CameraPosition,-103.2272,1.741255,-107.3814,CameraRotation,339.2921,268.9164,2.416121,CurrentState,End,Slider,100,Scenario,1
ID,8,Time,322.6194,DronePosition,-110.239,59.27025,-107.379,0,CameraPosition,-103.2256,1.742262,-107.3852,CameraRotation,339.0607,268.9409,2.654417,CurrentState,End,Slider,100,Scenario,1
ID,8,Time,322.6332,DronePosition,-110.239,59.27025,-107.379,0,CameraPosition,-103.2242,1.743211,-107.389,CameraRotation,338.7783,268.8409,2.907549,CurrentState,End,Slider,100,Scenario,1
ID,8,Time,322.6474,DronePosition,-110.239,59.27025,-107.379,0,CameraPosition,-103.2228,1.743988,-107.3928,CameraRotation,338.4847,268.7162,3.215686,CurrentState,End,Slider,100,Scenario,1
ID,8,Time,322.6613,DronePosition,-110.239,59.27025,-107.379,0,CameraPosition,-103.2215,1.744479,-107.3967,CameraRotation,338.2592,268.4534,3.557457,CurrentState,End,Slider,100,Scenario,1
ID,8,Time,322.6752,DronePosition,-110.239,59.27025,-107.379,0,CameraPosition,-103.2203,1.744792,-107.4006,CameraRotation,338.0703,268.1672,3.905134,CurrentState,End,Slider,100,Scenario,1
ID,8,Time,322.6891,DronePosition,-110.239,59.27025,-107.379,0,CameraPosition,-103.2191,1.745013,-107.4045,CameraRotation,337.8919,267.878,4.242428,CurrentState,End,Slider,100,Scenario,1
ID,8,Time,322.7032,DronePosition,-110.239,59.27025,-107.379,0,CameraPosition,-103.2181,1.745108,-107.4084,CameraRotation,337.6823,267.5261,4.578981,CurrentState,End,Slider,100,Scenario,1
ID,8,Time,322.7166,DronePosition,-110.239,59.27025,-107.379,0,CameraPosition,-103.2171,1.745155,-107.4122,CameraRotation,337.4649,267.16,4.901676,CurrentState,End,Slider,100,Scenario,1
ID,8,Time,322.7308,DronePosition,-110.239,59.27025,-107.379,0,CameraPosition,-103.2162,1.745163,-107.416,CameraRotation,337.2737,266.7968,5.218525,CurrentState,End,Slider,100,Scenario,1
ID,8,Time,322.7448,DronePosition,-110.239,59.27025,-107.379,0,CameraPosition,-103.2153,1.745023,-107.4197,CameraRotation,337.1475,266.4218,5.506972,CurrentState,End,Slider,100,Scenario,1
ID,8,Time,322.7586,DronePosition,-110.239,59.27025,-107.379,0,CameraPosition,-103.2145,1.744854,-107.4233,CameraRotation,337.0752,266.0558,5.740434,CurrentState,End,Slider,100,Scenario,1
ID,8,Time,322.7729,DronePosition,-110.239,59.27025,-107.379,0,CameraPosition,-103.2138,1.744736,-107.4268,CameraRotation,337.0041,265.7425,5.923309,CurrentState,End,Slider,100,Scenario,1
ID,8,Time,322.7864,DronePosition,-110.239,59.27025,-107.379,0,CameraPosition,-103.2131,1.744643,-107.4302,CameraRotation,336.9671,265.473,6.051355,CurrentState,End,Slider,100,Scenario,1
ID,8,Time,322.8008,DronePosition,-110.239,59.27025,-107.379,0,CameraPosition,-103.2124,1.744577,-107.4335,CameraRotation,336.9424,265.2279,6.191744,CurrentState,End,Slider,100,Scenario,1
ID,8,Time,322.8145,DronePosition,-110.239,59.27025,-107.379,0,CameraPosition,-103.2118,1.744562,-107.4367,CameraRotation,336.898,265.0013,6.337529,CurrentState,End,Slider,100,Scenario,1
ID,8,Time,322.8282,DronePosition,-110.239,59.27025,-107.379,0,CameraPosition,-103.2113,1.744503,-107.4399,CameraRotation,336.8342,264.7938,6.50643,CurrentState,End,Slider,100,Scenario,1
ID,8,Time,322.842,DronePosition,-110.239,59.27025,-107.379,0,CameraPosition,-103.2107,1.744449,-107.443,CameraRotation,336.7864,264.6064,6.654644,CurrentState,End,Slider,100,Scenario,1
ID,8,Time,322.8561,DronePosition,-110.239,59.27025,-107.379,0,CameraPosition,-103.2102,1.744373,-107.4461,CameraRotation,336.7411,264.4402,6.771974,CurrentState,End,Slider,100,Scenario,1
ID,8,Time,322.8696,DronePosition,-110.239,59.27025,-107.379,0,CameraPosition,-103.2098,1.744282,-107.449,CameraRotation,336.7342,264.3324,6.825742,CurrentState,End,Slider,100,Scenario,1
ID,8,Time,322.8838,DronePosition,-110.239,59.27025,-107.379,0,CameraPosition,-103.2094,1.744219,-107.452,CameraRotation,336.7385,264.2548,6.817616,CurrentState,End,Slider,100,Scenario,1
ID,8,Time,322.898,DronePosition,-110.239,59.27025,-107.379,0,CameraPosition,-103.209,1.744233,-107.455,CameraRotation,336.7439,264.2086,6.791844,CurrentState,End,Slider,100,Scenario,1
ID,8,Time,322.9118,DronePosition,-110.239,59.27025,-107.379,0,CameraPosition,-103.2086,1.744388,-107.4579,CameraRotation,336.7137,264.1242,6.864329,CurrentState,End,Slider,100,Scenario,1
ID,8,Time,322.9258,DronePosition,-110.239,59.27025,-107.379,0,CameraPosition,-103.2083,1.744662,-107.4607,CameraRotation,336.6516,264.0251,7.019102,CurrentState,End,Slider,100,Scenario,1
ID,8,Time,322.94,DronePosition,-110.239,59.27025,-107.379,0,CameraPosition,-103.208,1.744905,-107.4635,CameraRotation,336.5729,263.9161,7.171337,CurrentState,End,Slider,100,Scenario,1
ID,8,Time,322.9535,DronePosition,-110.239,59.27025,-107.379,0,CameraPosition,-103.2077,1.745125,-107.4662,CameraRotation,336.4998,263.8216,7.251189,CurrentState,End,Slider,100,Scenario,1
ID,8,Time,322.9674,DronePosition,-110.239,59.27025,-107.379,0,CameraPosition,-103.2075,1.745326,-107.469,CameraRotation,336.4302,263.7446,7.25694,CurrentState,End,Slider,100,Scenario,1
ID,8,Time,322.9813,DronePosition,-110.239,59.27025,-107.379,0,CameraPosition,-103.2073,1.74555,-107.4716,CameraRotation,336.3539,263.6866,7.211868,CurrentState,End,Slider,100,Scenario,1
ID,8,Time,322.9951,DronePosition,-110.239,59.27025,-107.379,0,CameraPosition,-103.2071,1.745649,-107.4741,CameraRotation,336.2645,263.6128,7.228008,CurrentState,End,Slider,100,Scenario,1
ID,8,Time,323.0097,DronePosition,-110.239,59.27025,-107.379,0,CameraPosition,-103.2069,1.745617,-107.4766,CameraRotation,336.2165,263.5341,7.288922,CurrentState,End,Slider,100,Scenario,1
ID,8,Time,323.0235,DronePosition,-110.239,59.27025,-107.379,0,CameraPosition,-103.2067,1.745436,-107.479,CameraRotation,336.2277,263.4579,7.350339,CurrentState,End,Slider,100,Scenario,1
ID,8,Time,323.0368,DronePosition,-110.239,59.27025,-107.379,0,CameraPosition,-103.2065,1.745122,-107.4812,CameraRotation,336.2845,263.4224,7.349411,CurrentState,End,Slider,100,Scenario,1
ID,8,Time,323.0507,DronePosition,-110.239,59.27025,-107.379,0,CameraPosition,-103.2063,1.744859,-107.4834,CameraRotation,336.3008,263.4085,7.297886,CurrentState,End,Slider,100,Scenario,1
ID,8,Time,323.065,DronePosition,-110.239,59.27025,-107.379,0,CameraPosition,-103.2061,1.744606,-107.4856,CameraRotation,336.315,263.4108,7.198885,CurrentState,End,Slider,100,Scenario,1
ID,8,Time,323.0798,DronePosition,-110.239,59.27025,-107.379,0,CameraPosition,-103.2058,1.744304,-107.4875,CameraRotation,336.3389,263.4511,7.077909,CurrentState,End,Slider,100,Scenario,1
ID,8,Time,323.0928,DronePosition,-110.239,59.27025,-107.379,0,CameraPosition,-103.2056,1.743967,-107.4895,CameraRotation,336.367,263.4984,6.984684,CurrentState,End,Slider,100,Scenario,1
ID,8,Time,323.1064,DronePosition,-110.239,59.27025,-107.379,0,CameraPosition,-103.2053,1.743583,-107.4912,CameraRotation,336.4328,263.5629,6.903692,CurrentState,End,Slider,100,Scenario,1
ID,8,Time,323.1201,DronePosition,-110.239,59.27025,-107.379,0,CameraPosition,-103.2051,1.743208,-107.4929,CameraRotation,336.505,263.6395,6.816756,CurrentState,End,Slider,100,Scenario,1
ID,8,Time,323.1342,DronePosition,-110.239,59.27025,-107.379,0,CameraPosition,-103.2049,1.742836,-107.4944,CameraRotation,336.5531,263.7207,6.72014,CurrentState,End,Slider,100,Scenario,1
ID,8,Time,323.1485,DronePosition,-110.239,59.27025,-107.379,0,CameraPosition,-103.2047,1.742419,-107.4958,CameraRotation,336.5653,263.8438,6.570529,CurrentState,End,Slider,100,Scenario,1
ID,8,Time,323.1623,DronePosition,-110.239,59.27025,-107.379,0,CameraPosition,-103.2044,1.741995,-107.4971,CameraRotation,336.5686,263.9978,6.377129,CurrentState,End,Slider,100,Scenario,1
ID,8,Time,323.1763,DronePosition,-110.239,59.27025,-107.379,0,CameraPosition,-103.2042,1.741564,-107.4983,CameraRotation,336.5876,264.1776,6.165641,CurrentState,End,Slider,100,Scenario,1
ID,8,Time,323.1903,DronePosition,-110.239,59.27025,-107.379,0,CameraPosition,-103.2038,1.74104,-107.4992,CameraRotation,336.5938,264.3795,5.952485,CurrentState,End,Slider,100,Scenario,1
ID,8,Time,323.2041,DronePosition,-110.239,59.27025,-107.379,0,CameraPosition,-103.2034,1.740477,-107.5001,CameraRotation,336.6408,264.5736,5.79348,CurrentState,End,Slider,100,Scenario,1
ID,8,Time,323.2183,DronePosition,-110.239,59.27025,-107.379,0,CameraPosition,-103.2031,1.73991,-107.5008,CameraRotation,336.7285,264.7534,5.702368,CurrentState,End,Slider,100,Scenario,1
ID,8,Time,323.2322,DronePosition,-110.239,59.27025,-107.379,0,CameraPosition,-103.2027,1.739333,-107.5013,CameraRotation,336.817,264.9292,5.634137,CurrentState,End,Slider,100,Scenario,1
ID,8,Time,323.2462,DronePosition,-110.239,59.27025,-107.379,0,CameraPosition,-103.2024,1.738782,-107.5016,CameraRotation,336.9205,265.0941,5.580344,CurrentState,End,Slider,100,Scenario,1
ID,8,Time,323.26,DronePosition,-110.239,59.27025,-107.379,0,CameraPosition,-103.2019,1.738368,-107.5019,CameraRotation,337.0719,265.2573,5.550178,CurrentState,End,Slider,100,Scenario,1
ID,8,Time,323.2738,DronePosition,-110.239,59.27025,-107.379,0,CameraPosition,-103.2015,1.738173,-107.502,CameraRotation,337.2122,265.4194,5.538569,CurrentState,End,Slider,100,Scenario,1
ID,8,Time,323.2874,DronePosition,-110.239,59.27025,-107.379,0,CameraPosition,-103.2011,1.738238,-107.5019,CameraRotation,337.325,265.5609,5.515607,CurrentState,End,Slider,100,Scenario,1
ID,8,Time,323.3015,DronePosition,-110.239,59.27025,-107.379,0,CameraPosition,-103.2006,1.738412,-107.5017,CameraRotation,337.4007,265.6845,5.465808,CurrentState,End,Slider,100,Scenario,1
ID,8,Time,323.3156,DronePosition,-110.239,59.27025,-107.379,0,CameraPosition,-103.2,1.738713,-107.5014,CameraRotation,337.465,265.8116,5.406071,CurrentState,End,Slider,100,Scenario,1
ID,8,Time,323.3295,DronePosition,-110.239,59.27025,-107.379,0,CameraPosition,-103.1994,1.739044,-107.501,CameraRotation,337.5113,265.9295,5.336193,CurrentState,End,Slider,100,Scenario,1
ID,8,Time,323.3432,DronePosition,-110.239,59.27025,-107.379,0,CameraPosition,-103.1987,1.739422,-107.5004,CameraRotation,337.5445,266.0548,5.21828,CurrentState,End,Slider,100,Scenario,1
ID,8,Time,323.3573,DronePosition,-110.239,59.27025,-107.379,0,CameraPosition,-103.1979,1.739792,-107.4997,CameraRotation,337.5254,266.1978,5.08291,CurrentState,End,Slider,100,Scenario,1
ID,8,Time,323.3711,DronePosition,-110.239,59.27025,-107.379,0,CameraPosition,-103.1972,1.740164,-107.499,CameraRotation,337.4815,266.3724,4.923416,CurrentState,End,Slider,100,Scenario,1
ID,8,Time,323.385,DronePosition,-110.239,59.27025,-107.379,0,CameraPosition,-103.1966,1.740636,-107.4981,CameraRotation,337.3496,266.6096,4.655554,CurrentState,End,Slider,100,Scenario,1
ID,8,Time,323.3991,DronePosition,-110.239,59.27025,-107.379,0,CameraPosition,-103.1959,1.741052,-107.4971,CameraRotation,337.1854,266.8721,4.37502,CurrentState,End,Slider,100,Scenario,1
ID,8,Time,323.4131,DronePosition,-110.239,59.27025,-107.379,0,CameraPosition,-103.1953,1.741384,-107.4961,CameraRotation,337.0145,267.1514,4.113199,CurrentState,End,Slider,100,Scenario,1
ID,8,Time,323.4273,DronePosition,-110.239,59.27025,-107.379,0,CameraPosition,-103.1947,1.741712,-107.4951,CameraRotation,336.8169,267.4614,3.843015,CurrentState,End,Slider,100,Scenario,1
ID,8,Time,323.4409,DronePosition,-110.239,59.27025,-107.379,0,CameraPosition,-103.1941,1.742021,-107.494,CameraRotation,336.6353,267.7743,3.606394,CurrentState,End,Slider,100,Scenario,1
ID,8,Time,323.4546,DronePosition,-110.239,59.27025,-107.379,0,CameraPosition,-103.1935,1.742265,-107.4929,CameraRotation,336.478,268.1012,3.379763,CurrentState,End,Slider,100,Scenario,1
ID,8,Time,323.4685,DronePosition,-110.239,59.27025,-107.379,0,CameraPosition,-103.1929,1.742337,-107.4917,CameraRotation,336.3567,268.4464,3.171705,CurrentState,End,Slider,100,Scenario,1
ID,8,Time,323.4825,DronePosition,-110.239,59.27025,-107.379,0,CameraPosition,-103.1924,1.742313,-107.4904,CameraRotation,336.2751,268.7779,2.963762,CurrentState,End,Slider,100,Scenario,1
ID,8,Time,323.4971,DronePosition,-110.239,59.27025,-107.379,0,CameraPosition,-103.1918,1.742299,-107.4892,CameraRotation,336.2047,269.1083,2.771332,CurrentState,End,Slider,100,Scenario,1
ID,8,Time,323.5104,DronePosition,-110.239,59.27025,-107.379,0,CameraPosition,-103.1912,1.742233,-107.4879,CameraRotation,336.1282,269.4201,2.638543,CurrentState,End,Slider,100,Scenario,1
ID,8,Time,323.5244,DronePosition,-110.239,59.27025,-107.379,0,CameraPosition,-103.1906,1.742177,-107.4866,CameraRotation,336.0521,269.7005,2.5324,CurrentState,End,Slider,100,Scenario,1
ID,8,Time,323.5383,DronePosition,-110.239,59.27025,-107.379,0,CameraPosition,-103.1901,1.742162,-107.4853,CameraRotation,335.9992,269.9888,2.412168,CurrentState,End,Slider,100,Scenario,1
ID,8,Time,323.5522,DronePosition,-110.239,59.27025,-107.379,0,CameraPosition,-103.1896,1.742202,-107.4839,CameraRotation,335.9925,270.296,2.273822,CurrentState,End,Slider,100,Scenario,1
ID,8,Time,323.5663,DronePosition,-110.239,59.27025,-107.379,0,CameraPosition,-103.1891,1.742283,-107.4824,CameraRotation,335.9775,270.6231,2.144156,CurrentState,End,Slider,100,Scenario,1
ID,8,Time,323.58,DronePosition,-110.239,59.27025,-107.379,0,CameraPosition,-103.1886,1.7424,-107.4809,CameraRotation,335.9495,270.9427,2.054712,CurrentState,End,Slider,100,Scenario,1
ID,8,Time,323.5942,DronePosition,-110.239,59.27025,-107.379,0,CameraPosition,-103.1882,1.742622,-107.4794,CameraRotation,335.9562,271.2509,2.019373,CurrentState,End,Slider,100,Scenario,1
ID,8,Time,323.6079,DronePosition,-110.239,59.27025,-107.379,0,CameraPosition,-103.1877,1.742851,-107.4779,CameraRotation,335.9695,271.5506,1.999132,CurrentState,End,Slider,100,Scenario,1
ID,8,Time,323.622,DronePosition,-110.239,59.27025,-107.379,0,CameraPosition,-103.1872,1.743053,-107.4762,CameraRotation,335.9605,271.8943,1.908003,CurrentState,End,Slider,100,Scenario,1
ID,8,Time,323.6363,DronePosition,-110.239,59.27025,-107.379,0,CameraPosition,-103.1868,1.743207,-107.4745,CameraRotation,335.9304,272.2879,1.748079,CurrentState,End,Slider,100,Scenario,1
ID,8,Time,323.6497,DronePosition,-110.239,59.27025,-107.379,0,CameraPosition,-103.1863,1.743305,-107.4727,CameraRotation,335.9623,272.7559,1.543653,CurrentState,End,Slider,100,Scenario,1
ID,8,Time,323.6642,DronePosition,-110.239,59.27025,-107.379,0,CameraPosition,-103.1858,1.743315,-107.471,CameraRotation,336.043,273.2117,1.375419,CurrentState,End,Slider,100,Scenario,1
ID,8,Time,323.6778,DronePosition,-110.239,59.27025,-107.379,0,CameraPosition,-103.1852,1.743251,-107.4692,CameraRotation,336.1423,273.6404,1.277321,CurrentState,End,Slider,100,Scenario,1
ID,8,Time,323.6917,DronePosition,-110.239,59.27025,-107.379,0,CameraPosition,-103.1847,1.74316,-107.4674,CameraRotation,336.2343,274.0446,1.240344,CurrentState,End,Slider,100,Scenario,1
ID,8,Time,323.7057,DronePosition,-110.239,59.27025,-107.379,0,CameraPosition,-103.1842,1.743068,-107.4656,CameraRotation,336.3248,274.4542,1.206191,CurrentState,End,Slider,100,Scenario,1
ID,8,Time,323.7194,DronePosition,-110.239,59.27025,-107.379,0,CameraPosition,-103.1838,1.742975,-107.4637,CameraRotation,336.4006,274.8931,1.116289,CurrentState,End,Slider,100,Scenario,1
ID,8,Time,323.7335,DronePosition,-110.239,59.27025,-107.379,0,CameraPosition,-103.1833,1.742902,-107.4618,CameraRotation,336.4679,275.3503,0.979337,CurrentState,End,Slider,100,Scenario,1
ID,8,Time,323.7473,DronePosition,-110.239,59.27025,-107.379,0,CameraPosition,-103.1829,1.742852,-107.46,CameraRotation,336.5297,275.8218,0.8261251,CurrentState,End,Slider,100,Scenario,1
ID,8,Time,323.7613,DronePosition,-110.239,59.27025,-107.379,0,CameraPosition,-103.1824,1.742816,-107.4582,CameraRotation,336.5873,276.2855,0.6803339,CurrentState,End,Slider,100,Scenario,1
ID,8,Time,323.7756,DronePosition,-110.239,59.27025,-107.379,0,CameraPosition,-103.182,1.742726,-107.4564,CameraRotation,336.6254,276.7317,0.5540902,CurrentState,End,Slider,100,Scenario,1
ID,8,Time,323.7892,DronePosition,-110.239,59.27025,-107.379,0,CameraPosition,-103.1816,1.742616,-107.4545,CameraRotation,336.6956,277.1437,0.4675152,CurrentState,End,Slider,100,Scenario,1
ID,8,Time,323.8029,DronePosition,-110.239,59.27025,-107.379,0,CameraPosition,-103.1812,1.742566,-107.4527,CameraRotation,336.7734,277.5532,0.3945015,CurrentState,End,Slider,100,Scenario,1
ID,8,Time,323.8169,DronePosition,-110.239,59.27025,-107.379,0,CameraPosition,-103.1809,1.74257,-107.4508,CameraRotation,336.7966,277.9602,0.3029696,CurrentState,End,Slider,100,Scenario,1
ID,8,Time,323.831,DronePosition,-110.239,59.27025,-107.379,0,CameraPosition,-103.1805,1.742579,-107.4491,CameraRotation,336.7854,278.3297,0.2086153,CurrentState,End,Slider,100,Scenario,1
ID,8,Time,323.8451,DronePosition,-110.239,59.27025,-107.379,0,CameraPosition,-103.1801,1.742566,-107.4474,CameraRotation,336.7733,278.6657,0.1355556,CurrentState,End,Slider,100,Scenario,1
ID,8,Time,323.8592,DronePosition,-110.239,59.27025,-107.379,0,CameraPosition,-103.1797,1.742541,-107.4456,CameraRotation,336.7995,278.9855,0.05748443,CurrentState,End,Slider,100,Scenario,1
ID,8,Time,323.8726,DronePosition,-110.239,59.27025,-107.379,0,CameraPosition,-103.1794,1.742531,-107.4439,CameraRotation,336.8505,279.2471,359.9666,CurrentState,End,Slider,100,Scenario,1
ID,8,Time,323.8864,DronePosition,-110.239,59.27025,-107.379,0,CameraPosition,-103.1792,1.742592,-107.4421,CameraRotation,336.892,279.4936,359.8628,CurrentState,End,Slider,100,Scenario,1
ID,8,Time,323.9004,DronePosition,-110.239,59.27025,-107.379,0,CameraPosition,-103.1789,1.742694,-107.4404,CameraRotation,336.8677,279.7217,359.792,CurrentState,End,Slider,100,Scenario,1
ID,8,Time,323.9144,DronePosition,-110.239,59.27025,-107.379,0,CameraPosition,-103.1787,1.742856,-107.4388,CameraRotation,336.804,279.8932,359.7678,CurrentState,End,Slider,100,Scenario,1
ID,8,Time,323.9283,DronePosition,-110.239,59.27025,-107.379,0,CameraPosition,-103.1784,1.742977,-107.4372,CameraRotation,336.7862,280.0262,359.7599,CurrentState,End,Slider,100,Scenario,1
ID,8,Time,323.9425,DronePosition,-110.239,59.27025,-107.379,0,CameraPosition,-103.1782,1.74298,-107.4355,CameraRotation,336.8163,280.143,359.7441,CurrentState,End,Slider,100,Scenario,1
ID,8,Time,323.9561,DronePosition,-110.239,59.27025,-107.379,0,CameraPosition,-103.178,1.742951,-107.4339,CameraRotation,336.881,280.2164,359.7104,CurrentState,End,Slider,100,Scenario,1
ID,8,Time,323.9698,DronePosition,-110.239,59.27025,-107.379,0,CameraPosition,-103.1779,1.742952,-107.4322,CameraRotation,336.9462,280.2656,359.6705,CurrentState,End,Slider,100,Scenario,1
ID,8,Time,323.984,DronePosition,-110.239,59.27025,-107.379,0,CameraPosition,-103.1777,1.742976,-107.4306,CameraRotation,336.9891,280.2973,359.6182,CurrentState,End,Slider,100,Scenario,1
ID,8,Time,323.9982,DronePosition,-110.239,59.27025,-107.379,0,CameraPosition,-103.1775,1.742997,-107.429,CameraRotation,336.9948,280.2714,359.5717,CurrentState,End,Slider,100,Scenario,1
ID,8,Time,324.0119,DronePosition,-110.239,59.27025,-107.379,0,CameraPosition,-103.1773,1.743065,-107.4274,CameraRotation,336.9711,280.2347,359.5232,CurrentState,End,Slider,100,Scenario,1
ID,8,Time,324.0259,DronePosition,-110.239,59.27025,-107.379,0,CameraPosition,-103.1772,1.743206,-107.4257,CameraRotation,336.922,280.1971,359.4649,CurrentState,End,Slider,100,Scenario,1
ID,8,Time,324.0397,DronePosition,-110.239,59.27025,-107.379,0,CameraPosition,-103.1772,1.743404,-107.424,CameraRotation,336.8617,280.1383,359.385,CurrentState,End,Slider,100,Scenario,1
ID,8,Time,324.0536,DronePosition,-110.239,59.27025,-107.379,0,CameraPosition,-103.1772,1.743645,-107.4223,CameraRotation,336.7624,280.0519,359.2643,CurrentState,End,Slider,100,Scenario,1
ID,8,Time,324.0676,DronePosition,-110.239,59.27025,-107.379,0,CameraPosition,-103.1773,1.743914,-107.4207,CameraRotation,336.6631,279.9285,359.1632,CurrentState,End,Slider,100,Scenario,1
ID,8,Time,324.0815,DronePosition,-110.239,59.27025,-107.379,0,CameraPosition,-103.1774,1.744192,-107.419,CameraRotation,336.5522,279.766,359.0762,CurrentState,End,Slider,100,Scenario,1
ID,8,Time,324.0955,DronePosition,-110.239,59.27025,-107.379,0,CameraPosition,-103.1775,1.744367,-107.4174,CameraRotation,336.446,279.5953,358.9723,CurrentState,End,Slider,100,Scenario,1
ID,8,Time,324.1096,DronePosition,-110.239,59.27025,-107.379,0,CameraPosition,-103.1776,1.744461,-107.4157,CameraRotation,336.3825,279.4383,358.8442,CurrentState,End,Slider,100,Scenario,1
ID,8,Time,324.1233,DronePosition,-110.239,59.27025,-107.379,0,CameraPosition,-103.1778,1.744533,-107.4141,CameraRotation,336.3502,279.2858,358.6864,CurrentState,End,Slider,100,Scenario,1
ID,8,Time,324.137,DronePosition,-110.239,59.27025,-107.379,0,CameraPosition,-103.178,1.744615,-107.4124,CameraRotation,336.3095,279.1126,358.5395,CurrentState,End,Slider,100,Scenario,1
ID,8,Time,324.1509,DronePosition,-110.239,59.27025,-107.379,0,CameraPosition,-103.1782,1.744649,-107.4108,CameraRotation,336.2491,278.902,358.4203,CurrentState,End,Slider,100,Scenario,1
ID,8,Time,324.1651,DronePosition,-110.239,59.27025,-107.379,0,CameraPosition,-103.1784,1.744691,-107.4093,CameraRotation,336.2028,278.6533,358.3606,CurrentState,End,Slider,100,Scenario,1
ID,8,Time,324.1788,DronePosition,-110.239,59.27025,-107.379,0,CameraPosition,-103.1788,1.744732,-107.4076,CameraRotation,336.1678,278.3872,358.2729,CurrentState,End,Slider,100,Scenario,1
ID,8,Time,324.1928,DronePosition,-110.239,59.27025,-107.379,0,CameraPosition,-103.1792,1.74473,-107.406,CameraRotation,336.1776,278.1178,358.1338,CurrentState,End,Slider,100,Scenario,1
ID,8,Time,324.207,DronePosition,-110.239,59.27025,-107.379,0,CameraPosition,-103.1797,1.744655,-107.4045,CameraRotation,336.2167,277.8456,357.9602,CurrentState,End,Slider,100,Scenario,1
ID,8,Time,324.2206,DronePosition,-110.239,59.27025,-107.379,0,CameraPosition,-103.1803,1.744569,-107.4029,CameraRotation,336.2885,277.5267,357.8004,CurrentState,End,Slider,100,Scenario,1
ID,8,Time,324.2346,DronePosition,-110.239,59.27025,-107.379,0,CameraPosition,-103.1809,1.744507,-107.4015,CameraRotation,336.3676,277.1461,357.6878,CurrentState,End,Slider,100,Scenario,1
ID,8,Time,324.2486,DronePosition,-110.239,59.27025,-107.379,0,CameraPosition,-103.1816,1.744458,-107.4002,CameraRotation,336.4497,276.6965,357.6134,CurrentState,End,Slider,100,Scenario,1
ID,8,Time,324.263,DronePosition,-110.239,59.27025,-107.379,0,CameraPosition,-103.1823,1.744387,-107.3988,CameraRotation,336.5302,276.2082,357.5509,CurrentState,End,Slider,100,Scenario,1
ID,8,Time,324.2767,DronePosition,-110.239,59.27025,-107.379,0,CameraPosition,-103.183,1.744244,-107.3974,CameraRotation,336.6335,275.6783,357.5051,CurrentState,End,Slider,100,Scenario,1
ID,8,Time,324.29,DronePosition,-110.239,59.27025,-107.379,0,CameraPosition,-103.1838,1.744017,-107.3961,CameraRotation,336.7745,275.153,357.4433,CurrentState,End,Slider,100,Scenario,1
ID,8,Time,324.3042,DronePosition,-110.239,59.27025,-107.379,0,CameraPosition,-103.1845,1.743708,-107.3948,CameraRotation,336.9648,274.6344,357.3652,CurrentState,End,Slider,100,Scenario,1
ID,8,Time,324.3177,DronePosition,-110.239,59.27025,-107.379,0,CameraPosition,-103.1853,1.743356,-107.3937,CameraRotation,337.1877,274.0762,357.2868,CurrentState,End,Slider,100,Scenario,1
ID,8,Time,324.332,DronePosition,-110.239,59.27025,-107.379,0,CameraPosition,-103.186,1.743082,-107.3925,CameraRotation,337.4031,273.4705,357.2362,CurrentState,End,Slider,100,Scenario,1
ID,8,Time,324.3462,DronePosition,-110.239,59.27025,-107.379,0,CameraPosition,-103.1869,1.742865,-107.3913,CameraRotation,337.5756,272.8728,357.1966,CurrentState,End,Slider,100,Scenario,1
ID,8,Time,324.3598,DronePosition,-110.239,59.27025,-107.379,0,CameraPosition,-103.1877,1.742639,-107.3902,CameraRotation,337.7665,272.2594,357.1802,CurrentState,End,Slider,100,Scenario,1
ID,8,Time,324.3739,DronePosition,-110.239,59.27025,-107.379,0,CameraPosition,-103.1885,1.742385,-107.389,CameraRotation,337.9647,271.6678,357.1776,CurrentState,End,Slider,100,Scenario,1
ID,8,Time,324.3874,DronePosition,-110.239,59.27025,-107.379,0,CameraPosition,-103.1893,1.742012,-107.3879,CameraRotation,338.1776,271.0959,357.1865,CurrentState,End,Slider,100,Scenario,1
ID,8,Time,324.4015,DronePosition,-110.239,59.27025,-107.379,0,CameraPosition,-103.1901,1.741606,-107.3868,CameraRotation,338.3947,270.5324,357.1945,CurrentState,End,Slider,100,Scenario,1
ID,8,Time,324.4154,DronePosition,-110.239,59.27025,-107.379,0,CameraPosition,-103.1908,1.741264,-107.3857,CameraRotation,338.5883,269.9899,357.2446,CurrentState,End,Slider,100,Scenario,1
ID,8,Time,324.4294,DronePosition,-110.239,59.27025,-107.379,0,CameraPosition,-103.1916,1.741045,-107.3845,CameraRotation,338.7301,269.4722,357.3557,CurrentState,End,Slider,100,Scenario,1
ID,8,Time,324.4434,DronePosition,-110.239,59.27025,-107.379,0,CameraPosition,-103.1924,1.740913,-107.3832,CameraRotation,338.7516,269.0312,357.4948,CurrentState,End,Slider,100,Scenario,1
ID,8,Time,324.4572,DronePosition,-110.239,59.27025,-107.379,0,CameraPosition,-103.1932,1.740831,-107.3819,CameraRotation,338.7398,268.6413,357.5793,CurrentState,End,Slider,100,Scenario,1
ID,8,Time,324.4714,DronePosition,-110.239,59.27025,-107.379,0,CameraPosition,-103.194,1.740767,-107.3806,CameraRotation,338.6563,268.3566,357.6197,CurrentState,End,Slider,100,Scenario,1
ID,8,Time,324.4847,DronePosition,-110.239,59.27025,-107.379,0,CameraPosition,-103.1947,1.740668,-107.3792,CameraRotation,338.5956,268.1259,357.6203,CurrentState,End,Slider,100,Scenario,1
ID,8,Time,324.4994,DronePosition,-110.239,59.27025,-107.379,0,CameraPosition,-103.1955,1.740525,-107.3778,CameraRotation,338.5942,267.9163,357.6245,CurrentState,End,Slider,100,Scenario,1
ID,8,Time,324.5128,DronePosition,-110.239,59.27025,-107.379,0,CameraPosition,-103.1962,1.740348,-107.3764,CameraRotation,338.6798,267.722,357.6609,CurrentState,End,Slider,100,Scenario,1
ID,8,Time,324.5268,DronePosition,-110.239,59.27025,-107.379,0,CameraPosition,-103.197,1.740186,-107.3749,CameraRotation,338.7986,267.5457,357.687,CurrentState,End,Slider,100,Scenario,1
ID,8,Time,324.5404,DronePosition,-110.239,59.27025,-107.379,0,CameraPosition,-103.1978,1.740074,-107.3734,CameraRotation,338.9437,267.4176,357.6994,CurrentState,End,Slider,100,Scenario,1
ID,8,Time,324.5548,DronePosition,-110.239,59.27025,-107.379,0,CameraPosition,-103.1985,1.739944,-107.372,CameraRotation,339.0955,267.3436,357.6854,CurrentState,End,Slider,100,Scenario,1
ID,8,Time,324.569,DronePosition,-110.239,59.27025,-107.379,0,CameraPosition,-103.1992,1.739742,-107.3705,CameraRotation,339.2587,267.2726,357.6534,CurrentState,End,Slider,100,Scenario,1
ID,8,Time,324.5824,DronePosition,-110.239,59.27025,-107.379,0,CameraPosition,-103.1999,1.739464,-107.369,CameraRotation,339.4789,267.2511,357.6081,CurrentState,End,Slider,100,Scenario,1
ID,8,Time,324.5965,DronePosition,-110.239,59.27025,-107.379,0,CameraPosition,-103.2005,1.739154,-107.3675,CameraRotation,339.6914,267.2368,357.5837,CurrentState,End,Slider,100,Scenario,1
ID,8,Time,324.6104,DronePosition,-110.239,59.27025,-107.379,0,CameraPosition,-103.2011,1.738935,-107.3659,CameraRotation,339.8817,267.2562,357.5567,CurrentState,End,Slider,100,Scenario,1
ID,8,Time,324.6241,DronePosition,-110.239,59.27025,-107.379,0,CameraPosition,-103.2017,1.738785,-107.3643,CameraRotation,340.0109,267.2899,357.5283,CurrentState,End,Slider,100,Scenario,1
ID,8,Time,324.6379,DronePosition,-110.239,59.27025,-107.379,0,CameraPosition,-103.2021,1.73866,-107.3628,CameraRotation,340.1131,267.3455,357.4898,CurrentState,End,Slider,100,Scenario,1
ID,8,Time,324.6519,DronePosition,-110.239,59.27025,-107.379,0,CameraPosition,-103.2025,1.738474,-107.3613,CameraRotation,340.2059,267.401,357.4521,CurrentState,End,Slider,100,Scenario,1
ID,8,Time,324.666,DronePosition,-110.239,59.27025,-107.379,0,CameraPosition,-103.203,1.738225,-107.3598,CameraRotation,340.3312,267.4638,357.4489,CurrentState,End,Slider,100,Scenario,1
ID,8,Time,324.68,DronePosition,-110.239,59.27025,-107.379,0,CameraPosition,-103.2035,1.737889,-107.3583,CameraRotation,340.4959,267.5181,357.4749,CurrentState,End,Slider,100,Scenario,1
ID,8,Time,324.6942,DronePosition,-110.239,59.27025,-107.379,0,CameraPosition,-103.2039,1.737577,-107.3569,CameraRotation,340.6787,267.5629,357.4986,CurrentState,End,Slider,100,Scenario,1
ID,8,Time,324.7079,DronePosition,-110.239,59.27025,-107.379,0,CameraPosition,-103.2043,1.737283,-107.3556,CameraRotation,340.8385,267.5977,357.5232,CurrentState,End,Slider,100,Scenario,1
ID,8,Time,324.7215,DronePosition,-110.239,59.27025,-107.379,0,CameraPosition,-103.2046,1.737019,-107.3544,CameraRotation,340.9674,267.606,357.5478,CurrentState,End,Slider,100,Scenario,1
ID,8,Time,324.7354,DronePosition,-110.239,59.27025,-107.379,0,CameraPosition,-103.205,1.736734,-107.3531,CameraRotation,341.0935,267.5984,357.6101,CurrentState,End,Slider,100,Scenario,1
ID,8,Time,324.7495,DronePosition,-110.239,59.27025,-107.379,0,CameraPosition,-103.2052,1.736421,-107.3519,CameraRotation,341.2604,267.5785,357.6909,CurrentState,End,Slider,97,Scenario,1
ID,8,Time,324.7635,DronePosition,-110.239,59.27025,-107.379,0,CameraPosition,-103.2055,1.736091,-107.3506,CameraRotation,341.443,267.5511,357.7453,CurrentState,End,Slider,97,Scenario,1
ID,8,Time,324.7773,DronePosition,-110.239,59.27025,-107.379,0,CameraPosition,-103.2057,1.735837,-107.3494,CameraRotation,341.5998,267.5427,357.7581,CurrentState,End,Slider,97,Scenario,1
ID,8,Time,324.7912,DronePosition,-110.239,59.27025,-107.379,0,CameraPosition,-103.2058,1.735659,-107.3484,CameraRotation,341.6961,267.5158,357.7549,CurrentState,End,Slider,97,Scenario,1
ID,8,Time,324.8053,DronePosition,-110.239,59.27025,-107.379,0,CameraPosition,-103.2058,1.735516,-107.3473,CameraRotation,341.7503,267.487,357.7677,CurrentState,End,Slider,97,Scenario,1
ID,8,Time,324.8203,DronePosition,-110.239,59.27025,-107.379,0,CameraPosition,-103.2058,1.735347,-107.3462,CameraRotation,341.8155,267.43,357.8135,CurrentState,End,Slider,97,Scenario,1
ID,8,Time,324.8327,DronePosition,-110.239,59.27025,-107.379,0,CameraPosition,-103.2058,1.735137,-107.3452,CameraRotation,341.9039,267.3558,357.8634,CurrentState,End,Slider,97,Scenario,1
ID,8,Time,324.8467,DronePosition,-110.239,59.27025,-107.379,0,CameraPosition,-103.2058,1.734905,-107.3441,CameraRotation,341.9803,267.2799,357.9124,CurrentState,End,Slider,84,Scenario,1
ID,8,Time,324.8606,DronePosition,-110.239,59.27025,-107.379,0,CameraPosition,-103.2057,1.734714,-107.3431,CameraRotation,342,267.207,357.9605,CurrentState,End,Slider,84,Scenario,1
ID,8,Time,324.8745,DronePosition,-110.239,59.27025,-107.379,0,CameraPosition,-103.2057,1.734626,-107.3422,CameraRotation,341.9594,267.1327,358.0111,CurrentState,End,Slider,84,Scenario,1
ID,8,Time,324.8887,DronePosition,-110.239,59.27025,-107.379,0,CameraPosition,-103.2056,1.734623,-107.3413,CameraRotation,341.8552,267.0535,358.0454,CurrentState,End,Slider,84,Scenario,1
ID,8,Time,324.9024,DronePosition,-110.239,59.27025,-107.379,0,CameraPosition,-103.2055,1.734678,-107.3404,CameraRotation,341.7031,266.9762,358.0796,CurrentState,End,Slider,84,Scenario,1
ID,8,Time,324.9164,DronePosition,-110.239,59.27025,-107.379,0,CameraPosition,-103.2053,1.734761,-107.3397,CameraRotation,341.5158,266.8995,358.0864,CurrentState,End,Slider,84,Scenario,1
ID,8,Time,324.9303,DronePosition,-110.239,59.27025,-107.379,0,CameraPosition,-103.2052,1.734785,-107.339,CameraRotation,341.36,266.8391,358.0673,CurrentState,End,Slider,84,Scenario,1
ID,8,Time,324.9446,DronePosition,-110.239,59.27025,-107.379,0,CameraPosition,-103.2049,1.734812,-107.3383,CameraRotation,341.2847,266.7771,358.0599,CurrentState,End,Slider,70,Scenario,1
ID,8,Time,324.958,DronePosition,-110.239,59.27025,-107.379,0,CameraPosition,-103.2047,1.734828,-107.3377,CameraRotation,341.2329,266.7217,358.0865,CurrentState,End,Slider,70,Scenario,1
ID,8,Time,324.9722,DronePosition,-110.239,59.27025,-107.379,0,CameraPosition,-103.2045,1.734835,-107.337,CameraRotation,341.1693,266.7149,358.104,CurrentState,End,Slider,70,Scenario,1
ID,8,Time,324.9859,DronePosition,-110.239,59.27025,-107.379,0,CameraPosition,-103.2043,1.734797,-107.3364,CameraRotation,341.0914,266.742,358.0955,CurrentState,End,Slider,70,Scenario,1
ID,8,Time,325.0002,DronePosition,-110.239,59.27025,-107.379,0,CameraPosition,-103.2042,1.734741,-107.3357,CameraRotation,341.0394,266.8101,358.0528,CurrentState,End,Slider,70,Scenario,1
ID,8,Time,325.014,DronePosition,-110.239,59.27025,-107.379,0,CameraPosition,-103.2041,1.734657,-107.3351,CameraRotation,341.025,266.9084,357.9994,CurrentState,End,Slider,70,Scenario,1
ID,8,Time,325.0281,DronePosition,-110.239,59.27025,-107.379,0,CameraPosition,-103.2041,1.734533,-107.3345,CameraRotation,341.0157,267.0217,357.9513,CurrentState,End,Slider,70,Scenario,1
ID,8,Time,325.0419,DronePosition,-110.239,59.27025,-107.379,0,CameraPosition,-103.2041,1.734411,-107.334,CameraRotation,341.0156,267.1561,357.9059,CurrentState,End,Slider,53,Scenario,1
ID,8,Time,325.0557,DronePosition,-110.239,59.27025,-107.379,0,CameraPosition,-103.2041,1.734301,-107.3335,CameraRotation,341.0113,267.2881,357.885,CurrentState,End,Slider,53,Scenario,1
ID,8,Time,325.0693,DronePosition,-110.239,59.27025,-107.379,0,CameraPosition,-103.2041,1.734192,-107.3331,CameraRotation,341.0098,267.4038,357.8922,CurrentState,End,Slider,53,Scenario,1
ID,8,Time,325.0836,DronePosition,-110.239,59.27025,-107.379,0,CameraPosition,-103.2041,1.734102,-107.3328,CameraRotation,341.0034,267.5117,357.9296,CurrentState,End,Slider,53,Scenario,1
ID,8,Time,325.0981,DronePosition,-110.239,59.27025,-107.379,0,CameraPosition,-103.2041,1.734095,-107.3326,CameraRotation,340.9734,267.5934,357.9678,CurrentState,End,Slider,53,Scenario,1
ID,8,Time,325.1115,DronePosition,-110.239,59.27025,-107.379,0,CameraPosition,-103.204,1.734275,-107.3324,CameraRotation,340.9241,267.6866,357.983,CurrentState,End,Slider,53,Scenario,1
ID,8,Time,325.1258,DronePosition,-110.239,59.27025,-107.379,0,CameraPosition,-103.204,1.734493,-107.3323,CameraRotation,340.8268,267.7747,357.9718,CurrentState,End,Slider,53,Scenario,1
ID,8,Time,325.1394,DronePosition,-110.239,59.27025,-107.379,0,CameraPosition,-103.2041,1.734677,-107.3322,CameraRotation,340.7031,267.8709,357.9272,CurrentState,End,Slider,53,Scenario,1
ID,8,Time,325.1533,DronePosition,-110.239,59.27025,-107.379,0,CameraPosition,-103.2041,1.734731,-107.3321,CameraRotation,340.6338,267.9435,357.9313,CurrentState,End,Slider,40,Scenario,1
ID,8,Time,325.1671,DronePosition,-110.239,59.27025,-107.379,0,CameraPosition,-103.204,1.734686,-107.332,CameraRotation,340.6552,267.9904,357.9545,CurrentState,End,Slider,40,Scenario,1
ID,8,Time,325.1813,DronePosition,-110.239,59.27025,-107.379,0,CameraPosition,-103.204,1.734579,-107.332,CameraRotation,340.7212,268.0168,357.9711,CurrentState,End,Slider,40,Scenario,1
ID,8,Time,325.1949,DronePosition,-110.239,59.27025,-107.379,0,CameraPosition,-103.204,1.734511,-107.332,CameraRotation,340.7805,268.0458,357.9561,CurrentState,End,Slider,40,Scenario,1
ID,8,Time,325.2089,DronePosition,-110.239,59.27025,-107.379,0,CameraPosition,-103.2039,1.734473,-107.332,CameraRotation,340.8256,268.0688,357.9313,CurrentState,End,Slider,40,Scenario,1
ID,8,Time,325.223,DronePosition,-110.239,59.27025,-107.379,0,CameraPosition,-103.2037,1.734452,-107.3321,CameraRotation,340.832,268.0989,357.9283,CurrentState,End,Slider,40,Scenario,1
ID,8,Time,325.2365,DronePosition,-110.239,59.27025,-107.379,0,CameraPosition,-103.2035,1.734391,-107.3322,CameraRotation,340.8286,268.1233,357.9595,CurrentState,End,Slider,40,Scenario,1
ID,8,Time,325.2507,DronePosition,-110.239,59.27025,-107.379,0,CameraPosition,-103.2033,1.734293,-107.3324,CameraRotation,340.8297,268.1465,357.9969,CurrentState,End,Slider,36,Scenario,1
ID,8,Time,325.2644,DronePosition,-110.239,59.27025,-107.379,0,CameraPosition,-103.2031,1.73422,-107.3325,CameraRotation,340.8268,268.1592,358.0268,CurrentState,End,Slider,36,Scenario,1
ID,8,Time,325.2785,DronePosition,-110.239,59.27025,-107.379,0,CameraPosition,-103.2028,1.734219,-107.3326,CameraRotation,340.7869,268.1953,358.0332,CurrentState,End,Slider,36,Scenario,1
ID,8,Time,325.2925,DronePosition,-110.239,59.27025,-107.379,0,CameraPosition,-103.2025,1.734317,-107.3327,CameraRotation,340.6959,268.2563,358.0287,CurrentState,End,Slider,36,Scenario,1
ID,8,Time,325.3066,DronePosition,-110.239,59.27025,-107.379,0,CameraPosition,-103.2023,1.734432,-107.3328,CameraRotation,340.5436,268.3218,358.0265,CurrentState,End,Slider,36,Scenario,1
ID,8,Time,325.3203,DronePosition,-110.239,59.27025,-107.379,0,CameraPosition,-103.202,1.734589,-107.3329,CameraRotation,340.4391,268.3826,358.0713,CurrentState,End,Slider,36,Scenario,1
ID,8,Time,325.3342,DronePosition,-110.239,59.27025,-107.379,0,CameraPosition,-103.2016,1.734789,-107.333,CameraRotation,340.3522,268.4389,358.1499,CurrentState,End,Slider,36,Scenario,1
ID,8,Time,325.3481,DronePosition,-110.239,59.27025,-107.379,0,CameraPosition,-103.2013,1.73493,-107.333,CameraRotation,340.2708,268.5132,358.1747,CurrentState,End,Slider,35,Scenario,1
ID,8,Time,325.362,DronePosition,-110.239,59.27025,-107.379,0,CameraPosition,-103.2009,1.735031,-107.333,CameraRotation,340.187,268.6028,358.1578,CurrentState,End,Slider,35,Scenario,1
ID,8,Time,325.3759,DronePosition,-110.239,59.27025,-107.379,0,CameraPosition,-103.2005,1.735145,-107.333,CameraRotation,340.1155,268.7018,358.1451,CurrentState,End,Slider,35,Scenario,1
ID,8,Time,325.3899,DronePosition,-110.239,59.27025,-107.379,0,CameraPosition,-103.2001,1.735229,-107.333,CameraRotation,340.044,268.8005,358.1549,CurrentState,End,Slider,35,Scenario,1
ID,8,Time,325.4037,DronePosition,-110.239,59.27025,-107.379,0,CameraPosition,-103.1996,1.735262,-107.3331,CameraRotation,339.9914,268.9001,358.1594,CurrentState,End,Slider,35,Scenario,1
ID,8,Time,325.4176,DronePosition,-110.239,59.27025,-107.379,0,CameraPosition,-103.1991,1.735245,-107.3331,CameraRotation,339.9553,269.002,358.1595,CurrentState,End,Slider,35,Scenario,1
ID,8,Time,325.4316,DronePosition,-110.239,59.27025,-107.379,0,CameraPosition,-103.1986,1.735224,-107.3332,CameraRotation,339.9233,269.1115,358.1633,CurrentState,End,Slider,35,Scenario,1
ID,8,Time,325.4455,DronePosition,-110.239,59.27025,-107.379,0,CameraPosition,-103.198,1.735208,-107.3332,CameraRotation,339.8849,269.2102,358.1868,CurrentState,End,Slider,35,Scenario,1
ID,8,Time,325.4594,DronePosition,-110.239,59.27025,-107.379,0,CameraPosition,-103.1974,1.735196,-107.3332,CameraRotation,339.8472,269.292,358.2383,CurrentState,End,Slider,35,Scenario,1
ID,8,Time,325.4734,DronePosition,-110.239,59.27025,-107.379,0,CameraPosition,-103.1968,1.735128,-107.3333,CameraRotation,339.8112,269.3605,358.2982,CurrentState,End,Slider,35,Scenario,1
ID,8,Time,325.4873,DronePosition,-110.239,59.27025,-107.379,0,CameraPosition,-103.1961,1.735035,-107.3333,CameraRotation,339.8047,269.4255,358.3605,CurrentState,End,Slider,35,Scenario,1
ID,8,Time,325.5009,DronePosition,-110.239,59.27025,-107.379,0,CameraPosition,-103.1955,1.734912,-107.3332,CameraRotation,339.8235,269.4895,358.4176,CurrentState,End,Slider,35,Scenario,1
ID,8,Time,325.5154,DronePosition,-110.239,59.27025,-107.379,0,CameraPosition,-103.1949,1.7348,-107.3331,CameraRotation,339.8299,269.5513,358.4493,CurrentState,End,Slider,35,Scenario,1
ID,8,Time,325.5293,DronePosition,-110.239,59.27025,-107.379,0,CameraPosition,-103.1942,1.734721,-107.333,CameraRotation,339.8293,269.6288,358.4691,CurrentState,End,Slider,35,Scenario,1
ID,8,Time,325.5431,DronePosition,-110.239,59.27025,-107.379,0,CameraPosition,-103.1935,1.734664,-107.333,CameraRotation,339.8097,269.6951,358.4919,CurrentState,End,Slider,35,Scenario,1
ID,8,Time,325.5571,DronePosition,-110.239,59.27025,-107.379,0,CameraPosition,-103.1928,1.734606,-107.333,CameraRotation,339.7728,269.7553,358.5318,CurrentState,End,Slider,35,Scenario,1
ID,8,Time,325.5711,DronePosition,-110.239,59.27025,-107.379,0,CameraPosition,-103.1921,1.734546,-107.3329,CameraRotation,339.7381,269.8027,358.5729,CurrentState,End,Slider,35,Scenario,1
ID,8,Time,325.5846,DronePosition,-110.239,59.27025,-107.379,0,CameraPosition,-103.1914,1.734498,-107.3329,CameraRotation,339.6976,269.8478,358.6189,CurrentState,End,Slider,35,Scenario,1
ID,8,Time,325.5986,DronePosition,-110.239,59.27025,-107.379,0,CameraPosition,-103.1906,1.734443,-107.3328,CameraRotation,339.6634,269.9076,358.6381,CurrentState,End,Slider,35,Scenario,1
ID,8,Time,325.6129,DronePosition,-110.239,59.27025,-107.379,0,CameraPosition,-103.1899,1.734373,-107.3326,CameraRotation,339.6327,269.9836,358.6192,CurrentState,End,Slider,35,Scenario,1
ID,8,Time,325.6266,DronePosition,-110.239,59.27025,-107.379,0,CameraPosition,-103.1892,1.734297,-107.3325,CameraRotation,339.6112,270.0673,358.5833,CurrentState,End,Slider,35,Scenario,1
ID,8,Time,325.6405,DronePosition,-110.239,59.27025,-107.379,0,CameraPosition,-103.1885,1.734243,-107.3324,CameraRotation,339.5767,270.1559,358.5507,CurrentState,End,Slider,35,Scenario,1
ID,8,Time,325.6544,DronePosition,-110.239,59.27025,-107.379,0,CameraPosition,-103.1878,1.734215,-107.3322,CameraRotation,339.5247,270.2334,358.5402,CurrentState,End,Slider,35,Scenario,1
ID,8,Time,325.6685,DronePosition,-110.239,59.27025,-107.379,0,CameraPosition,-103.1872,1.734228,-107.332,CameraRotation,339.461,270.2975,358.561,CurrentState,End,Slider,35,Scenario,1
ID,8,Time,325.6821,DronePosition,-110.239,59.27025,-107.379,0,CameraPosition,-103.1866,1.734224,-107.3318,CameraRotation,339.4122,270.3668,358.5743,CurrentState,End,Slider,35,Scenario,1
ID,8,Time,325.6961,DronePosition,-110.239,59.27025,-107.379,0,CameraPosition,-103.186,1.734161,-107.3316,CameraRotation,339.3835,270.4366,358.5873,CurrentState,End,Slider,35,Scenario,1
ID,8,Time,325.7104,DronePosition,-110.239,59.27025,-107.379,0,CameraPosition,-103.1853,1.734104,-107.3315,CameraRotation,339.3914,270.5015,358.5999,CurrentState,End,Slider,35,Scenario,1
ID,8,Time,325.7243,DronePosition,-110.239,59.27025,-107.379,0,CameraPosition,-103.1847,1.734091,-107.3313,CameraRotation,339.3804,270.5598,358.6073,CurrentState,End,Slider,35,Scenario,1
ID,8,Time,325.7379,DronePosition,-110.239,59.27025,-107.379,0,CameraPosition,-103.1841,1.734154,-107.3312,CameraRotation,339.3516,270.6351,358.601,CurrentState,End,Slider,35,Scenario,1
ID,8,Time,325.752,DronePosition,-110.239,59.27025,-107.379,0,CameraPosition,-103.1835,1.734247,-107.331,CameraRotation,339.3045,270.7075,358.6153,CurrentState,End,Slider,35,Scenario,1
ID,8,Time,325.7656,DronePosition,-110.239,59.27025,-107.379,0,CameraPosition,-103.1829,1.734333,-107.3309,CameraRotation,339.2848,270.7695,358.621,CurrentState,End,Slider,35,Scenario,1
ID,8,Time,325.7796,DronePosition,-110.239,59.27025,-107.379,0,CameraPosition,-103.1824,1.734375,-107.3308,CameraRotation,339.2727,270.8336,358.6158,CurrentState,End,Slider,35,Scenario,1
ID,8,Time,325.7936,DronePosition,-110.239,59.27025,-107.379,0,CameraPosition,-103.1819,1.73439,-107.3307,CameraRotation,339.2669,270.8885,358.599,CurrentState,End,Slider,35,Scenario,1
ID,8,Time,325.8075,DronePosition,-110.239,59.27025,-107.379,0,CameraPosition,-103.1814,1.734402,-107.3306,CameraRotation,339.2734,270.9399,358.5946,CurrentState,End,Slider,35,Scenario,1
ID,8,Time,325.8229,DronePosition,-110.239,59.27025,-107.379,0,CameraPosition,-103.181,1.734426,-107.3304,CameraRotation,339.2864,270.983,358.603,CurrentState,End,Slider,35,Scenario,1
ID,8,Time,325.8349,DronePosition,-110.239,59.27025,-107.379,0,CameraPosition,-103.1806,1.734454,-107.3303,CameraRotation,339.296,271.0239,358.6204,CurrentState,End,Slider,35,Scenario,1
ID,8,Time,325.8494,DronePosition,-110.239,59.27025,-107.379,0,CameraPosition,-103.1802,1.734464,-107.3301,CameraRotation,339.3066,271.0571,358.6469,CurrentState,End,Slider,35,Scenario,1
ID,8,Time,325.8632,DronePosition,-110.239,59.27025,-107.379,0,CameraPosition,-103.1798,1.734441,-107.33,CameraRotation,339.3025,271.0905,358.6619,CurrentState,End,Slider,35,Scenario,1
ID,8,Time,325.8772,DronePosition,-110.239,59.27025,-107.379,0,CameraPosition,-103.1794,1.73442,-107.33,CameraRotation,339.3038,271.129,358.657,CurrentState,End,Slider,35,Scenario,1
ID,8,Time,325.8913,DronePosition,-110.239,59.27025,-107.379,0,CameraPosition,-103.179,1.734404,-107.3299,CameraRotation,339.2958,271.1727,358.6502,CurrentState,End,Slider,35,Scenario,1
ID,8,Time,325.9049,DronePosition,-110.239,59.27025,-107.379,0,CameraPosition,-103.1786,1.734385,-107.3299,CameraRotation,339.2708,271.1693,358.7244,CurrentState,End,Slider,35,Scenario,1
ID,8,Time,325.9189,DronePosition,-110.239,59.27025,-107.379,0,CameraPosition,-103.1782,1.734424,-107.33,CameraRotation,339.2557,271.1428,358.8442,CurrentState,End,Slider,35,Scenario,1
ID,8,Time,325.9331,DronePosition,-110.239,59.27025,-107.379,0,CameraPosition,-103.1778,1.734484,-107.33,CameraRotation,339.2466,271.1175,358.9257,CurrentState,End,Slider,35,Scenario,1
ID,8,Time,325.947,DronePosition,-110.239,59.27025,-107.379,0,CameraPosition,-103.1775,1.734555,-107.33,CameraRotation,339.2202,271.1114,358.9085,CurrentState,End,Slider,35,Scenario,1
ID,8,Time,325.9606,DronePosition,-110.239,59.27025,-107.379,0,CameraPosition,-103.1771,1.73461,-107.3301,CameraRotation,339.1895,271.1277,358.8648,CurrentState,End,Slider,35,Scenario,1
ID,8,Time,325.9748,DronePosition,-110.239,59.27025,-107.379,0,CameraPosition,-103.1767,1.73465,-107.3301,CameraRotation,339.1694,271.1355,358.8645,CurrentState,End,Slider,35,Scenario,1
ID,8,Time,325.9885,DronePosition,-110.239,59.27025,-107.379,0,CameraPosition,-103.1764,1.734706,-107.3301,CameraRotation,339.1658,271.1298,358.9122,CurrentState,End,Slider,35,Scenario,1
ID,8,Time,326.0027,DronePosition,-110.239,59.27025,-107.379,0,CameraPosition,-103.1761,1.734755,-107.3301,CameraRotation,339.1656,271.0917,358.971,CurrentState,End,Slider,35,Scenario,1
ID,8,Time,326.0163,DronePosition,-110.239,59.27025,-107.379,0,CameraPosition,-103.1758,1.734781,-107.3302,CameraRotation,339.1359,271.0641,359.0127,CurrentState,End,Slider,35,Scenario,1
ID,8,Time,326.0304,DronePosition,-110.239,59.27025,-107.379,0,CameraPosition,-103.1755,1.734817,-107.3303,CameraRotation,339.0765,271.0435,359.0302,CurrentState,End,Slider,35,Scenario,1
ID,8,Time,326.0442,DronePosition,-110.239,59.27025,-107.379,0,CameraPosition,-103.1752,1.734877,-107.3304,CameraRotation,339.0135,271.0266,359.0536,CurrentState,End,Slider,35,Scenario,1
ID,8,Time,326.0583,DronePosition,-110.239,59.27025,-107.379,0,CameraPosition,-103.1749,1.734953,-107.3305,CameraRotation,338.9576,271.0168,359.0688,CurrentState,End,Slider,35,Scenario,1
ID,8,Time,326.0723,DronePosition,-110.239,59.27025,-107.379,0,CameraPosition,-103.1746,1.735021,-107.3307,CameraRotation,338.9285,270.9843,359.0938,CurrentState,End,Slider,35,Scenario,1
ID,8,Time,326.0858,DronePosition,-110.239,59.27025,-107.379,0,CameraPosition,-103.1743,1.735061,-107.3308,CameraRotation,338.9218,270.9468,359.1385,CurrentState,End,Slider,35,Scenario,1
ID,8,Time,326.0999,DronePosition,-110.239,59.27025,-107.379,0,CameraPosition,-103.174,1.735058,-107.331,CameraRotation,338.9316,270.9043,359.187,CurrentState,End,Slider,35,Scenario,1
ID,8,Time,326.1139,DronePosition,-110.239,59.27025,-107.379,0,CameraPosition,-103.1738,1.735033,-107.3311,CameraRotation,338.9268,270.8616,359.219,CurrentState,End,Slider,35,Scenario,1
ID,8,Time,326.1303,DronePosition,-110.239,59.27025,-107.379,0,CameraPosition,-103.1736,1.735064,-107.3312,CameraRotation,338.9311,270.8268,359.2525,CurrentState,End,Slider,35,Scenario,1
ID,8,Time,326.1419,DronePosition,-110.239,59.27025,-107.379,0,CameraPosition,-103.1734,1.735129,-107.3313,CameraRotation,338.9189,270.7985,359.264,CurrentState,End,Slider,35,Scenario,1
ID,8,Time,326.1555,DronePosition,-110.239,59.27025,-107.379,0,CameraPosition,-103.1733,1.735178,-107.3313,CameraRotation,338.8863,270.7763,359.2637,CurrentState,End,Slider,35,Scenario,1
ID,8,Time,326.1691,DronePosition,-110.239,59.27025,-107.379,0,CameraPosition,-103.1732,1.735211,-107.3314,CameraRotation,338.8775,270.7729,359.2349,CurrentState,End,Slider,35,Scenario,1
ID,8,Time,326.1832,DronePosition,-110.239,59.27025,-107.379,0,CameraPosition,-103.1731,1.735187,-107.3315,CameraRotation,338.899,270.7617,359.2298,CurrentState,End,Slider,35,Scenario,1
ID,8,Time,326.1973,DronePosition,-110.239,59.27025,-107.379,0,CameraPosition,-103.173,1.735146,-107.3316,CameraRotation,338.9327,270.7604,359.2556,CurrentState,End,Slider,35,Scenario,1
ID,8,Time,326.2112,DronePosition,-110.239,59.27025,-107.379,0,CameraPosition,-103.1728,1.735106,-107.3317,CameraRotation,338.9608,270.753,359.282,CurrentState,End,Slider,35,Scenario,1
ID,8,Time,326.2254,DronePosition,-110.239,59.27025,-107.379,0,CameraPosition,-103.1727,1.73506,-107.3319,CameraRotation,338.9947,270.766,359.2917,CurrentState,End,Slider,35,Scenario,1
ID,8,Time,326.2391,DronePosition,-110.239,59.27025,-107.379,0,CameraPosition,-103.1725,1.73502,-107.3321,CameraRotation,339.0306,270.7782,359.2979,CurrentState,End,Slider,35,Scenario,1
ID,8,Time,326.2531,DronePosition,-110.239,59.27025,-107.379,0,CameraPosition,-103.1724,1.734957,-107.3323,CameraRotation,339.0686,270.8147,359.301,CurrentState,End,Slider,35,Scenario,1
ID,8,Time,326.2669,DronePosition,-110.239,59.27025,-107.379,0,CameraPosition,-103.1724,1.734881,-107.3323,CameraRotation,339.1188,270.8633,359.313,CurrentState,End,Slider,35,Scenario,1
ID,8,Time,326.2809,DronePosition,-110.239,59.27025,-107.379,0,CameraPosition,-103.1724,1.734814,-107.3324,CameraRotation,339.1855,270.9171,359.3132,CurrentState,End,Slider,35,Scenario,1
ID,8,Time,326.2951,DronePosition,-110.239,59.27025,-107.379,0,CameraPosition,-103.1723,1.734749,-107.3325,CameraRotation,339.2409,270.9687,359.3234,CurrentState,End,Slider,35,Scenario,1
ID,8,Time,326.3087,DronePosition,-110.239,59.27025,-107.379,0,CameraPosition,-103.1724,1.734663,-107.3325,CameraRotation,339.2945,271.0267,359.3448,CurrentState,End,Slider,35,Scenario,1
ID,8,Time,326.323,DronePosition,-110.239,59.27025,-107.379,0,CameraPosition,-103.1724,1.734585,-107.3325,CameraRotation,339.3652,271.0837,359.3687,CurrentState,End,Slider,35,Scenario,1
ID,8,Time,326.3364,DronePosition,-110.239,59.27025,-107.379,0,CameraPosition,-103.1725,1.734511,-107.3325,CameraRotation,339.4315,271.149,359.3824,CurrentState,End,Slider,35,Scenario,1
ID,8,Time,326.3511,DronePosition,-110.239,59.27025,-107.379,0,CameraPosition,-103.1724,1.73444,-107.3325,CameraRotation,339.4932,271.2242,359.3802,CurrentState,End,Slider,37,Scenario,1
ID,8,Time,326.3646,DronePosition,-110.239,59.27025,-107.379,0,CameraPosition,-103.1724,1.734378,-107.3325,CameraRotation,339.5457,271.3084,359.3841,CurrentState,End,Slider,37,Scenario,1
ID,8,Time,326.3782,DronePosition,-110.239,59.27025,-107.379,0,CameraPosition,-103.1724,1.73434,-107.3325,CameraRotation,339.5823,271.3861,359.3761,CurrentState,End,Slider,37,Scenario,1
ID,8,Time,326.3923,DronePosition,-110.239,59.27025,-107.379,0,CameraPosition,-103.1723,1.734332,-107.3325,CameraRotation,339.6111,271.4694,359.3686,CurrentState,End,Slider,37,Scenario,1
ID,8,Time,326.4062,DronePosition,-110.239,59.27025,-107.379,0,CameraPosition,-103.1722,1.734313,-107.3326,CameraRotation,339.6392,271.5458,359.3647,CurrentState,End,Slider,37,Scenario,1
ID,8,Time,326.4199,DronePosition,-110.239,59.27025,-107.379,0,CameraPosition,-103.1721,1.734291,-107.3326,CameraRotation,339.6774,271.6171,359.3644,CurrentState,End,Slider,37,Scenario,1
ID,8,Time,326.4341,DronePosition,-110.239,59.27025,-107.379,0,CameraPosition,-103.172,1.734259,-107.3326,CameraRotation,339.6967,271.692,359.3632,CurrentState,End,Slider,37,Scenario,1
ID,8,Time,326.448,DronePosition,-110.239,59.27025,-107.379,0,CameraPosition,-103.1719,1.73423,-107.3326,CameraRotation,339.7104,271.7595,359.3766,CurrentState,End,Slider,37,Scenario,1
ID,8,Time,326.4618,DronePosition,-110.239,59.27025,-107.379,0,CameraPosition,-103.1718,1.734221,-107.3326,CameraRotation,339.6974,271.8143,359.3918,CurrentState,End,Slider,38,Scenario,1
ID,8,Time,326.4758,DronePosition,-110.239,59.27025,-107.379,0,CameraPosition,-103.1717,1.734232,-107.3326,CameraRotation,339.6894,271.8626,359.381,CurrentState,End,Slider,38,Scenario,1
ID,8,Time,326.4896,DronePosition,-110.239,59.27025,-107.379,0,CameraPosition,-103.1716,1.734264,-107.3326,CameraRotation,339.6785,271.9086,359.3664,CurrentState,End,Slider,38,Scenario,1
ID,8,Time,326.5036,DronePosition,-110.239,59.27025,-107.379,0,CameraPosition,-103.1714,1.734324,-107.3327,CameraRotation,339.6344,271.9289,359.3619,CurrentState,End,Slider,38,Scenario,1
ID,8,Time,326.5175,DronePosition,-110.239,59.27025,-107.379,0,CameraPosition,-103.1712,1.734435,-107.3327,CameraRotation,339.5688,271.9326,359.3862,CurrentState,End,Slider,38,Scenario,1
ID,8,Time,326.5318,DronePosition,-110.239,59.27025,-107.379,0,CameraPosition,-103.171,1.734529,-107.3328,CameraRotation,339.4984,271.9298,359.3867,CurrentState,End,Slider,38,Scenario,1
ID,8,Time,326.5454,DronePosition,-110.239,59.27025,-107.379,0,CameraPosition,-103.1708,1.73463,-107.3329,CameraRotation,339.4333,271.9365,359.3238,CurrentState,End,Slider,38,Scenario,1
ID,8,Time,326.5596,DronePosition,-110.239,59.27025,-107.379,0,CameraPosition,-103.1705,1.734738,-107.3331,CameraRotation,339.3734,271.9372,359.2712,CurrentState,End,Slider,40,Scenario,1
ID,8,Time,326.5735,DronePosition,-110.239,59.27025,-107.379,0,CameraPosition,-103.1702,1.734849,-107.3332,CameraRotation,339.3027,271.923,359.2787,CurrentState,End,Slider,40,Scenario,1
ID,8,Time,326.5874,DronePosition,-110.239,59.27025,-107.379,0,CameraPosition,-103.17,1.734926,-107.3333,CameraRotation,339.2195,271.8634,359.3391,CurrentState,End,Slider,40,Scenario,1
ID,8,Time,326.601,DronePosition,-110.239,59.27025,-107.379,0,CameraPosition,-103.1698,1.734967,-107.3335,CameraRotation,339.1684,271.8004,359.3897,CurrentState,End,Slider,40,Scenario,1
ID,8,Time,326.615,DronePosition,-110.239,59.27025,-107.379,0,CameraPosition,-103.1696,1.735005,-107.3336,CameraRotation,339.1307,271.7542,359.4097,CurrentState,End,Slider,40,Scenario,1
ID,8,Time,326.6289,DronePosition,-110.239,59.27025,-107.379,0,CameraPosition,-103.1694,1.735018,-107.3337,CameraRotation,339.0758,271.6893,359.4317,CurrentState,End,Slider,40,Scenario,1
ID,8,Time,326.643,DronePosition,-110.239,59.27025,-107.379,0,CameraPosition,-103.1692,1.735045,-107.3338,CameraRotation,339.0302,271.6399,359.4552,CurrentState,End,Slider,40,Scenario,1
ID,8,Time,326.6572,DronePosition,-110.239,59.27025,-107.379,0,CameraPosition,-103.169,1.735064,-107.334,CameraRotation,338.9715,271.5711,359.4948,CurrentState,End,Slider,41,Scenario,1
ID,8,Time,326.6709,DronePosition,-110.239,59.27025,-107.379,0,CameraPosition,-103.1688,1.735086,-107.3341,CameraRotation,338.9222,271.4987,359.5428,CurrentState,End,Slider,41,Scenario,1
ID,8,Time,326.6846,DronePosition,-110.239,59.27025,-107.379,0,CameraPosition,-103.1686,1.735104,-107.3342,CameraRotation,338.8848,271.4197,359.5897,CurrentState,End,Slider,41,Scenario,1
ID,8,Time,326.6988,DronePosition,-110.239,59.27025,-107.379,0,CameraPosition,-103.1684,1.735126,-107.3343,CameraRotation,338.8551,271.3467,359.6174,CurrentState,End,Slider,41,Scenario,1
ID,8,Time,326.7126,DronePosition,-110.239,59.27025,-107.379,0,CameraPosition,-103.1682,1.735173,-107.3344,CameraRotation,338.8196,271.2775,359.6185,CurrentState,End,Slider,41,Scenario,1
ID,8,Time,326.7268,DronePosition,-110.239,59.27025,-107.379,0,CameraPosition,-103.1679,1.735255,-107.3345,CameraRotation,338.7926,271.2109,359.6196,CurrentState,End,Slider,41,Scenario,1
ID,8,Time,326.7405,DronePosition,-110.239,59.27025,-107.379,0,CameraPosition,-103.1677,1.735296,-107.3346,CameraRotation,338.7508,271.1517,359.6301,CurrentState,End,Slider,41,Scenario,1
ID,8,Time,326.754,DronePosition,-110.239,59.27025,-107.379,0,CameraPosition,-103.1675,1.735333,-107.3346,CameraRotation,338.7122,271.1039,359.6197,CurrentState,End,Slider,42,Scenario,1
ID,8,Time,326.7686,DronePosition,-110.239,59.27025,-107.379,0,CameraPosition,-103.1673,1.735355,-107.3346,CameraRotation,338.6874,271.0486,359.5852,CurrentState,End,Slider,42,Scenario,1
ID,8,Time,326.7819,DronePosition,-110.239,59.27025,-107.379,0,CameraPosition,-103.1672,1.735344,-107.3347,CameraRotation,338.6618,270.9943,359.5734,CurrentState,End,Slider,42,Scenario,1
ID,8,Time,326.7961,DronePosition,-110.239,59.27025,-107.379,0,CameraPosition,-103.167,1.735337,-107.3347,CameraRotation,338.6318,270.9402,359.5802,CurrentState,End,Slider,42,Scenario,1
ID,8,Time,326.81,DronePosition,-110.239,59.27025,-107.379,0,CameraPosition,-103.1669,1.735353,-107.3347,CameraRotation,338.5919,270.8719,359.6094,CurrentState,End,Slider,42,Scenario,1
ID,8,Time,326.8244,DronePosition,-110.239,59.27025,-107.379,0,CameraPosition,-103.1667,1.735396,-107.3347,CameraRotation,338.5496,270.8199,359.6275,CurrentState,End,Slider,42,Scenario,1
ID,8,Time,326.8379,DronePosition,-110.239,59.27025,-107.379,0,CameraPosition,-103.1666,1.735435,-107.3347,CameraRotation,338.5127,270.7617,359.6366,CurrentState,End,Slider,42,Scenario,1
ID,8,Time,326.8517,DronePosition,-110.239,59.27025,-107.379,0,CameraPosition,-103.1665,1.735456,-107.3347,CameraRotation,338.4878,270.6989,359.6411,CurrentState,End,Slider,43,Scenario,1
ID,8,Time,326.8655,DronePosition,-110.239,59.27025,-107.379,0,CameraPosition,-103.1663,1.735426,-107.3348,CameraRotation,338.48,270.6323,359.6451,CurrentState,End,Slider,43,Scenario,1
ID,8,Time,326.8795,DronePosition,-110.239,59.27025,-107.379,0,CameraPosition,-103.1662,1.735369,-107.3349,CameraRotation,338.4745,270.553,359.6527,CurrentState,End,Slider,43,Scenario,1
ID,8,Time,326.8935,DronePosition,-110.239,59.27025,-107.379,0,CameraPosition,-103.1661,1.735348,-107.335,CameraRotation,338.4636,270.4797,359.6603,CurrentState,End,Slider,43,Scenario,1
ID,8,Time,326.9074,DronePosition,-110.239,59.27025,-107.379,0,CameraPosition,-103.166,1.735337,-107.335,CameraRotation,338.4474,270.4007,359.6646,CurrentState,End,Slider,43,Scenario,1
ID,8,Time,326.9214,DronePosition,-110.239,59.27025,-107.379,0,CameraPosition,-103.1659,1.735324,-107.335,CameraRotation,338.4542,270.3286,359.6616,CurrentState,End,Slider,43,Scenario,1
ID,8,Time,326.9352,DronePosition,-110.239,59.27025,-107.379,0,CameraPosition,-103.1659,1.735286,-107.3349,CameraRotation,338.4598,270.2708,359.6507,CurrentState,End,Slider,43,Scenario,1
ID,8,Time,326.9493,DronePosition,-110.239,59.27025,-107.379,0,CameraPosition,-103.1659,1.735258,-107.3349,CameraRotation,338.4705,270.2077,359.6273,CurrentState,End,Slider,43,Scenario,1
ID,8,Time,326.963,DronePosition,-110.239,59.27025,-107.379,0,CameraPosition,-103.1659,1.73524,-107.3348,CameraRotation,338.4908,270.1431,359.6084,CurrentState,End,Slider,43,Scenario,1
ID,8,Time,326.9776,DronePosition,-110.239,59.27025,-107.379,0,CameraPosition,-103.1659,1.735247,-107.3348,CameraRotation,338.4947,270.0802,359.5922,CurrentState,End,Slider,43,Scenario,1
ID,8,Time,326.9913,DronePosition,-110.239,59.27025,-107.379,0,CameraPosition,-103.1659,1.735249,-107.3347,CameraRotation,338.4964,270.0142,359.5936,CurrentState,End,Slider,43,Scenario,1
ID,8,Time,327.0051,DronePosition,-110.239,59.27025,-107.379,0,CameraPosition,-103.166,1.735253,-107.3347,CameraRotation,338.4977,269.9444,359.5799,CurrentState,End,Slider,43,Scenario,1
ID,8,Time,327.0188,DronePosition,-110.239,59.27025,-107.379,0,CameraPosition,-103.166,1.735218,-107.3347,CameraRotation,338.5195,269.8706,359.5821,CurrentState,End,Slider,43,Scenario,1
ID,8,Time,327.0327,DronePosition,-110.239,59.27025,-107.379,0,CameraPosition,-103.1661,1.735151,-107.3347,CameraRotation,338.5476,269.7862,359.5894,CurrentState,End,Slider,43,Scenario,1
ID,8,Time,327.0467,DronePosition,-110.239,59.27025,-107.379,0,CameraPosition,-103.1662,1.735084,-107.3347,CameraRotation,338.5963,269.6949,359.6078,CurrentState,End,Slider,43,Scenario,1
ID,8,Time,327.0605,DronePosition,-110.239,59.27025,-107.379,0,CameraPosition,-103.1663,1.73502,-107.3347,CameraRotation,338.6225,269.5923,359.6222,CurrentState,End,Slider,43,Scenario,1
ID,8,Time,327.0744,DronePosition,-110.239,59.27025,-107.379,0,CameraPosition,-103.1664,1.734982,-107.3347,CameraRotation,338.6368,269.4862,359.6464,CurrentState,End,Slider,43,Scenario,1
ID,8,Time,327.0882,DronePosition,-110.239,59.27025,-107.379,0,CameraPosition,-103.1665,1.734983,-107.3348,CameraRotation,338.6495,269.3754,359.6281,CurrentState,End,Slider,43,Scenario,1
ID,8,Time,327.1024,DronePosition,-110.239,59.27025,-107.379,0,CameraPosition,-103.1667,1.734971,-107.3348,CameraRotation,338.6692,269.2576,359.6281,CurrentState,End,Slider,43,Scenario,1
ID,8,Time,327.116,DronePosition,-110.239,59.27025,-107.379,0,CameraPosition,-103.1668,1.734951,-107.3348,CameraRotation,338.7176,269.1264,359.6537,CurrentState,End,Slider,43,Scenario,1
ID,8,Time,327.1303,DronePosition,-110.239,59.27025,-107.379,0,CameraPosition,-103.1669,1.734887,-107.3348,CameraRotation,338.7942,268.9859,359.674,CurrentState,End,Slider,43,Scenario,1
ID,8,Time,327.1446,DronePosition,-110.239,59.27025,-107.379,0,CameraPosition,-103.1671,1.734778,-107.3348,CameraRotation,338.8932,268.8598,359.6543,CurrentState,End,Slider,43,Scenario,1
ID,8,Time,327.1581,DronePosition,-110.239,59.27025,-107.379,0,CameraPosition,-103.1673,1.734667,-107.3349,CameraRotation,338.9795,268.7362,359.5834,CurrentState,End,Slider,44,Scenario,1
ID,8,Time,327.1719,DronePosition,-110.239,59.27025,-107.379,0,CameraPosition,-103.1674,1.734585,-107.3349,CameraRotation,339.0468,268.6256,359.5299,CurrentState,End,Slider,44,Scenario,1
ID,8,Time,327.1862,DronePosition,-110.239,59.27025,-107.379,0,CameraPosition,-103.1675,1.734494,-107.335,CameraRotation,339.0974,268.5008,359.5201,CurrentState,End,Slider,44,Scenario,1
ID,8,Time,327.1999,DronePosition,-110.239,59.27025,-107.379,0,CameraPosition,-103.1677,1.734401,-107.3351,CameraRotation,339.1305,268.3658,359.531,CurrentState,End,Slider,44,Scenario,1
ID,8,Time,327.214,DronePosition,-110.239,59.27025,-107.379,0,CameraPosition,-103.1679,1.734308,-107.3352,CameraRotation,339.1433,268.2434,359.5534,CurrentState,End,Slider,44,Scenario,1
ID,8,Time,327.2276,DronePosition,-110.239,59.27025,-107.379,0,CameraPosition,-103.168,1.734221,-107.3353,CameraRotation,339.163,268.1366,359.5459,CurrentState,End,Slider,44,Scenario,1
ID,8,Time,327.2419,DronePosition,-110.239,59.27025,-107.379,0,CameraPosition,-103.1681,1.734108,-107.3354,CameraRotation,339.1974,268.0101,359.5307,CurrentState,End,Slider,44,Scenario,1
ID,8,Time,327.2553,DronePosition,-110.239,59.27025,-107.379,0,CameraPosition,-103.1683,1.734028,-107.3355,CameraRotation,339.2425,267.9022,359.5076,CurrentState,End,Slider,44,Scenario,1
ID,8,Time,327.2693,DronePosition,-110.239,59.27025,-107.379,0,CameraPosition,-103.1684,1.734,-107.3355,CameraRotation,339.2665,267.781,359.5094,CurrentState,End,Slider,44,Scenario,1
ID,8,Time,327.2833,DronePosition,-110.239,59.27025,-107.379,0,CameraPosition,-103.1685,1.734003,-107.3355,CameraRotation,339.301,267.662,359.536,CurrentState,End,Slider,44,Scenario,1
ID,8,Time,327.2972,DronePosition,-110.239,59.27025,-107.379,0,CameraPosition,-103.1687,1.73398,-107.3355,CameraRotation,339.347,267.5353,359.5421,CurrentState,End,Slider,44,Scenario,1
ID,8,Time,327.3111,DronePosition,-110.239,59.27025,-107.379,0,CameraPosition,-103.1688,1.733903,-107.3356,CameraRotation,339.3735,267.4147,359.5372,CurrentState,End,Slider,44,Scenario,1
ID,8,Time,327.3252,DronePosition,-110.239,59.27025,-107.379,0,CameraPosition,-103.1689,1.733818,-107.3356,CameraRotation,339.4164,267.3055,359.5175,CurrentState,End,Slider,44,Scenario,1
ID,8,Time,327.3391,DronePosition,-110.239,59.27025,-107.379,0,CameraPosition,-103.169,1.733717,-107.3357,CameraRotation,339.4654,267.1913,359.4935,CurrentState,End,Slider,44,Scenario,1
ID,8,Time,327.3528,DronePosition,-110.239,59.27025,-107.379,0,CameraPosition,-103.1691,1.733593,-107.3358,CameraRotation,339.5346,267.0785,359.4651,CurrentState,End,Slider,44,Scenario,1
ID,8,Time,327.3666,DronePosition,-110.239,59.27025,-107.379,0,CameraPosition,-103.1692,1.73346,-107.3359,CameraRotation,339.5769,266.9788,359.4312,CurrentState,End,Slider,44,Scenario,1
ID,8,Time,327.3808,DronePosition,-110.239,59.27025,-107.379,0,CameraPosition,-103.1693,1.733415,-107.336,CameraRotation,339.6111,266.8852,359.4025,CurrentState,End,Slider,44,Scenario,1
ID,8,Time,327.3951,DronePosition,-110.239,59.27025,-107.379,0,CameraPosition,-103.1694,1.733386,-107.336,CameraRotation,339.6016,266.7879,359.4099,CurrentState,End,Slider,44,Scenario,1
ID,8,Time,327.4091,DronePosition,-110.239,59.27025,-107.379,0,CameraPosition,-103.1696,1.733371,-107.3361,CameraRotation,339.5897,266.6861,359.433,CurrentState,End,Slider,44,Scenario,1
ID,8,Time,327.4224,DronePosition,-110.239,59.27025,-107.379,0,CameraPosition,-103.1697,1.733372,-107.3361,CameraRotation,339.5812,266.5854,359.4773,CurrentState,End,Slider,44,Scenario,1
ID,8,Time,327.4362,DronePosition,-110.239,59.27025,-107.379,0,CameraPosition,-103.1699,1.733371,-107.3362,CameraRotation,339.5623,266.4857,359.5399,CurrentState,End,Slider,44,Scenario,1
ID,8,Time,327.4504,DronePosition,-110.239,59.27025,-107.379,0,CameraPosition,-103.1701,1.733361,-107.3362,CameraRotation,339.5431,266.3907,359.5927,CurrentState,End,Slider,44,Scenario,1
ID,8,Time,327.4642,DronePosition,-110.239,59.27025,-107.379,0,CameraPosition,-103.1702,1.733342,-107.3363,CameraRotation,339.5361,266.2936,359.6228,CurrentState,End,Slider,45,Scenario,1
ID,8,Time,327.4781,DronePosition,-110.239,59.27025,-107.379,0,CameraPosition,-103.1704,1.733318,-107.3363,CameraRotation,339.5199,266.2124,359.6436,CurrentState,End,Slider,45,Scenario,1
ID,8,Time,327.4921,DronePosition,-110.239,59.27025,-107.379,0,CameraPosition,-103.1707,1.73331,-107.3363,CameraRotation,339.5084,266.1433,359.6527,CurrentState,End,Slider,45,Scenario,1
ID,8,Time,327.506,DronePosition,-110.239,59.27025,-107.379,0,CameraPosition,-103.1708,1.733284,-107.3364,CameraRotation,339.4902,266.0645,359.6814,CurrentState,End,Slider,45,Scenario,1
ID,8,Time,327.5198,DronePosition,-110.239,59.27025,-107.379,0,CameraPosition,-103.171,1.733247,-107.3364,CameraRotation,339.4736,265.9888,359.7116,CurrentState,End,Slider,45,Scenario,1
ID,8,Time,327.5338,DronePosition,-110.239,59.27025,-107.379,0,CameraPosition,-103.1712,1.733212,-107.3364,CameraRotation,339.4702,265.917,359.7435,CurrentState,End,Slider,45,Scenario,1
ID,8,Time,327.5478,DronePosition,-110.239,59.27025,-107.379,0,CameraPosition,-103.1714,1.73317,-107.3364,CameraRotation,339.4825,265.8467,359.7776,CurrentState,End,Slider,45,Scenario,1
ID,8,Time,327.5617,DronePosition,-110.239,59.27025,-107.379,0,CameraPosition,-103.1717,1.733084,-107.3364,CameraRotation,339.5117,265.7798,359.8024,CurrentState,End,Slider,46,Scenario,1
ID,8,Time,327.5757,DronePosition,-110.239,59.27025,-107.379,0,CameraPosition,-103.1719,1.733002,-107.3364,CameraRotation,339.5558,265.7231,359.7982,CurrentState,End,Slider,46,Scenario,1
ID,8,Time,327.5898,DronePosition,-110.239,59.27025,-107.379,0,CameraPosition,-103.1721,1.732921,-107.3363,CameraRotation,339.5838,265.6517,359.8003,CurrentState,End,Slider,46,Scenario,1
ID,8,Time,327.6042,DronePosition,-110.239,59.27025,-107.379,0,CameraPosition,-103.1724,1.732848,-107.3362,CameraRotation,339.6151,265.5935,359.801,CurrentState,End,Slider,46,Scenario,1
ID,8,Time,327.6175,DronePosition,-110.239,59.27025,-107.379,0,CameraPosition,-103.1726,1.732779,-107.3361,CameraRotation,339.6391,265.5455,359.7881,CurrentState,End,Slider,46,Scenario,1
ID,8,Time,327.632,DronePosition,-110.239,59.27025,-107.379,0,CameraPosition,-103.1729,1.732723,-107.3361,CameraRotation,339.6646,265.5062,359.7604,CurrentState,End,Slider,46,Scenario,1
ID,8,Time,327.6451,DronePosition,-110.239,59.27025,-107.379,0,CameraPosition,-103.1731,1.732695,-107.336,CameraRotation,339.68,265.4718,359.7433,CurrentState,End,Slider,46,Scenario,1
ID,8,Time,327.6596,DronePosition,-110.239,59.27025,-107.379,0,CameraPosition,-103.1733,1.732687,-107.3359,CameraRotation,339.6579,265.4453,359.7638,CurrentState,End,Slider,46,Scenario,1
ID,8,Time,327.6732,DronePosition,-110.239,59.27025,-107.379,0,CameraPosition,-103.1735,1.732684,-107.3358,CameraRotation,339.6203,265.4168,359.7871,CurrentState,End,Slider,46,Scenario,1
ID,8,Time,327.687,DronePosition,-110.239,59.27025,-107.379,0,CameraPosition,-103.1737,1.732708,-107.3357,CameraRotation,339.5774,265.3768,359.8143,CurrentState,End,Slider,46,Scenario,1
ID,8,Time,327.701,DronePosition,-110.239,59.27025,-107.379,0,CameraPosition,-103.174,1.732751,-107.3356,CameraRotation,339.5342,265.3591,359.8171,CurrentState,End,Slider,46,Scenario,1
ID,8,Time,327.7149,DronePosition,-110.239,59.27025,-107.379,0,CameraPosition,-103.1742,1.732812,-107.3354,CameraRotation,339.5162,265.3415,359.8125,CurrentState,End,Slider,46,Scenario,1
ID,8,Time,327.7288,DronePosition,-110.239,59.27025,-107.379,0,CameraPosition,-103.1745,1.732862,-107.3353,CameraRotation,339.486,265.3088,359.8181,CurrentState,End,Slider,46,Scenario,1
ID,8,Time,327.7426,DronePosition,-110.239,59.27025,-107.379,0,CameraPosition,-103.1749,1.732896,-107.3351,CameraRotation,339.4679,265.2684,359.8565,CurrentState,End,Slider,46,Scenario,1
ID,8,Time,327.7564,DronePosition,-110.239,59.27025,-107.379,0,CameraPosition,-103.1752,1.732906,-107.335,CameraRotation,339.4476,265.2309,359.8757,CurrentState,End,Slider,47,Scenario,1
ID,8,Time,327.7705,DronePosition,-110.239,59.27025,-107.379,0,CameraPosition,-103.1756,1.732928,-107.3348,CameraRotation,339.4502,265.1978,359.8315,CurrentState,End,Slider,47,Scenario,1
ID,8,Time,327.7846,DronePosition,-110.239,59.27025,-107.379,0,CameraPosition,-103.176,1.73297,-107.3347,CameraRotation,339.45,265.1768,359.7771,CurrentState,End,Slider,47,Scenario,1
ID,8,Time,327.7983,DronePosition,-110.239,59.27025,-107.379,0,CameraPosition,-103.1764,1.733014,-107.3345,CameraRotation,339.4484,265.1451,359.7797,CurrentState,End,Slider,47,Scenario,1
ID,8,Time,327.8125,DronePosition,-110.239,59.27025,-107.379,0,CameraPosition,-103.1768,1.733026,-107.3343,CameraRotation,339.4576,265.0981,359.8062,CurrentState,End,Slider,47,Scenario,1
ID,8,Time,327.8265,DronePosition,-110.239,59.27025,-107.379,0,CameraPosition,-103.1771,1.732979,-107.3342,CameraRotation,339.4914,265.0521,359.8106,CurrentState,End,Slider,47,Scenario,1
ID,8,Time,327.8402,DronePosition,-110.239,59.27025,-107.379,0,CameraPosition,-103.1775,1.732871,-107.334,CameraRotation,339.5587,265.0149,359.79,CurrentState,End,Slider,47,Scenario,1
ID,8,Time,327.8539,DronePosition,-110.239,59.27025,-107.379,0,CameraPosition,-103.1779,1.732742,-107.3339,CameraRotation,339.6332,264.9858,359.7507,CurrentState,End,Slider,47,Scenario,1
ID,8,Time,327.8678,DronePosition,-110.239,59.27025,-107.379,0,CameraPosition,-103.1784,1.73262,-107.3337,CameraRotation,339.7023,264.9552,359.7224,CurrentState,End,Slider,47,Scenario,1
ID,8,Time,327.8819,DronePosition,-110.239,59.27025,-107.379,0,CameraPosition,-103.1788,1.732537,-107.3335,CameraRotation,339.748,264.9323,359.7023,CurrentState,End,Slider,47,Scenario,1
ID,8,Time,327.8959,DronePosition,-110.239,59.27025,-107.379,0,CameraPosition,-103.1793,1.732506,-107.3333,CameraRotation,339.7938,264.9041,359.6877,CurrentState,End,Slider,47,Scenario,1
ID,8,Time,327.9098,DronePosition,-110.239,59.27025,-107.379,0,CameraPosition,-103.1797,1.732526,-107.3331,CameraRotation,339.8441,264.8883,359.6851,CurrentState,End,Slider,47,Scenario,1
ID,8,Time,327.9235,DronePosition,-110.239,59.27025,-107.379,0,CameraPosition,-103.1802,1.732541,-107.3329,CameraRotation,339.8882,264.8847,359.6703,CurrentState,End,Slider,47,Scenario,1
ID,8,Time,327.9376,DronePosition,-110.239,59.27025,-107.379,0,CameraPosition,-103.1806,1.732454,-107.3326,CameraRotation,339.9458,264.8902,359.6544,CurrentState,End,Slider,47,Scenario,1
ID,8,Time,327.9512,DronePosition,-110.239,59.27025,-107.379,0,CameraPosition,-103.1811,1.732368,-107.3324,CameraRotation,340.0403,264.9095,359.6402,CurrentState,End,Slider,47,Scenario,1
ID,8,Time,327.9655,DronePosition,-110.239,59.27025,-107.379,0,CameraPosition,-103.1815,1.732243,-107.3322,CameraRotation,340.123,264.9403,359.6253,CurrentState,End,Slider,48,Scenario,1
ID,8,Time,327.9792,DronePosition,-110.239,59.27025,-107.379,0,CameraPosition,-103.1819,1.732086,-107.332,CameraRotation,340.2048,264.9691,359.5935,CurrentState,End,Slider,48,Scenario,1
ID,8,Time,327.9933,DronePosition,-110.239,59.27025,-107.379,0,CameraPosition,-103.1823,1.731882,-107.3318,CameraRotation,340.3021,264.9852,359.5724,CurrentState,End,Slider,48,Scenario,1
ID,8,Time,328.0073,DronePosition,-110.239,59.27025,-107.379,0,CameraPosition,-103.1827,1.731673,-107.3316,CameraRotation,340.4137,265.0079,359.5751,CurrentState,End,Slider,48,Scenario,1
ID,8,Time,328.0215,DronePosition,-110.239,59.27025,-107.379,0,CameraPosition,-103.1831,1.731503,-107.3314,CameraRotation,340.5066,265.0206,359.5767,CurrentState,End,Slider,48,Scenario,1
ID,8,Time,328.0351,DronePosition,-110.239,59.27025,-107.379,0,CameraPosition,-103.1834,1.731348,-107.3312,CameraRotation,340.5886,265.0301,359.5789,CurrentState,End,Slider,48,Scenario,1
ID,8,Time,328.0492,DronePosition,-110.239,59.27025,-107.379,0,CameraPosition,-103.1838,1.731212,-107.331,CameraRotation,340.6664,265.0425,359.5638,CurrentState,End,Slider,48,Scenario,1
ID,8,Time,328.063,DronePosition,-110.239,59.27025,-107.379,0,CameraPosition,-103.1842,1.731141,-107.3308,CameraRotation,340.7287,265.0728,359.5312,CurrentState,End,Slider,49,Scenario,1
ID,8,Time,328.0768,DronePosition,-110.239,59.27025,-107.379,0,CameraPosition,-103.1845,1.731097,-107.3306,CameraRotation,340.7935,265.093,359.5079,CurrentState,End,Slider,49,Scenario,1
ID,8,Time,328.0909,DronePosition,-110.239,59.27025,-107.379,0,CameraPosition,-103.1849,1.731082,-107.3304,CameraRotation,340.8214,265.1236,359.4889,CurrentState,End,Slider,49,Scenario,1
ID,8,Time,328.1046,DronePosition,-110.239,59.27025,-107.379,0,CameraPosition,-103.1852,1.731039,-107.3302,CameraRotation,340.8532,265.1655,359.4677,CurrentState,End,Slider,49,Scenario,1
ID,8,Time,328.1187,DronePosition,-110.239,59.27025,-107.379,0,CameraPosition,-103.1854,1.730978,-107.33,CameraRotation,340.9015,265.2097,359.4402,CurrentState,End,Slider,49,Scenario,1
ID,8,Time,328.1325,DronePosition,-110.239,59.27025,-107.379,0,CameraPosition,-103.1857,1.730904,-107.3298,CameraRotation,340.9523,265.2769,359.4112,CurrentState,End,Slider,49,Scenario,1
ID,8,Time,328.1465,DronePosition,-110.239,59.27025,-107.379,0,CameraPosition,-103.186,1.730828,-107.3295,CameraRotation,341.0019,265.3607,359.371,CurrentState,End,Slider,49,Scenario,1
ID,8,Time,328.161,DronePosition,-110.239,59.27025,-107.379,0,CameraPosition,-103.1862,1.73075,-107.3293,CameraRotation,341.061,265.4415,359.3489,CurrentState,End,Slider,49,Scenario,1
ID,8,Time,328.1745,DronePosition,-110.239,59.27025,-107.379,0,CameraPosition,-103.1864,1.7307,-107.329,CameraRotation,341.1108,265.5337,359.3335,CurrentState,End,Slider,49,Scenario,1
ID,8,Time,328.1883,DronePosition,-110.239,59.27025,-107.379,0,CameraPosition,-103.1866,1.730686,-107.3288,CameraRotation,341.1381,265.6333,359.3283,CurrentState,End,Slider,49,Scenario,1
ID,8,Time,328.2021,DronePosition,-110.239,59.27025,-107.379,0,CameraPosition,-103.1868,1.73066,-107.3286,CameraRotation,341.1633,265.7256,359.3176,CurrentState,End,Slider,49,Scenario,1
ID,8,Time,328.216,DronePosition,-110.239,59.27025,-107.379,0,CameraPosition,-103.187,1.730629,-107.3283,CameraRotation,341.2045,265.8221,359.3059,CurrentState,End,Slider,49,Scenario,1
ID,8,Time,328.2303,DronePosition,-110.239,59.27025,-107.379,0,CameraPosition,-103.1872,1.730578,-107.3281,CameraRotation,341.2458,265.9156,359.2899,CurrentState,End,Slider,49,Scenario,1
ID,8,Time,328.2442,DronePosition,-110.239,59.27025,-107.379,0,CameraPosition,-103.1875,1.730521,-107.3279,CameraRotation,341.2813,266.0228,359.278,CurrentState,End,Slider,49,Scenario,1
ID,8,Time,328.2577,DronePosition,-110.239,59.27025,-107.379,0,CameraPosition,-103.1876,1.730495,-107.3276,CameraRotation,341.3183,266.1278,359.2653,CurrentState,End,Slider,49,Scenario,1
ID,8,Time,328.2717,DronePosition,-110.239,59.27025,-107.379,0,CameraPosition,-103.1878,1.730482,-107.3274,CameraRotation,341.3359,266.2442,359.2495,CurrentState,End,Slider,49,Scenario,1
ID,8,Time,328.2854,DronePosition,-110.239,59.27025,-107.379,0,CameraPosition,-103.1879,1.730471,-107.3271,CameraRotation,341.3491,266.3665,359.2308,CurrentState,End,Slider,49,Scenario,1
ID,8,Time,328.2995,DronePosition,-110.239,59.27025,-107.379,0,CameraPosition,-103.188,1.730442,-107.3269,CameraRotation,341.3556,266.5083,359.2255,CurrentState,End,Slider,49,Scenario,1
ID,8,Time,328.3134,DronePosition,-110.239,59.27025,-107.379,0,CameraPosition,-103.1882,1.730413,-107.3266,CameraRotation,341.3683,266.6442,359.2229,CurrentState,End,Slider,49,Scenario,1
ID,8,Time,328.3277,DronePosition,-110.239,59.27025,-107.379,0,CameraPosition,-103.1883,1.730396,-107.3264,CameraRotation,341.4047,266.8123,359.2078,CurrentState,End,Slider,49,Scenario,1
ID,8,Time,328.3414,DronePosition,-110.239,59.27025,-107.379,0,CameraPosition,-103.1884,1.730376,-107.3262,CameraRotation,341.4237,266.9921,359.1906,CurrentState,End,Slider,49,Scenario,1
ID,8,Time,328.3556,DronePosition,-110.239,59.27025,-107.379,0,CameraPosition,-103.1886,1.730347,-107.3259,CameraRotation,341.4139,267.1819,359.2,CurrentState,End,Slider,49,Scenario,1
ID,8,Time,328.3688,DronePosition,-110.239,59.27025,-107.379,0,CameraPosition,-103.1887,1.730336,-107.3257,CameraRotation,341.428,267.3644,359.2444,CurrentState,End,Slider,49,Scenario,1
ID,8,Time,328.3831,DronePosition,-110.239,59.27025,-107.379,0,CameraPosition,-103.1888,1.730304,-107.3254,CameraRotation,341.4589,267.5488,359.2868,CurrentState,End,Slider,49,Scenario,1
ID,8,Time,328.397,DronePosition,-110.239,59.27025,-107.379,0,CameraPosition,-103.189,1.730265,-107.3251,CameraRotation,341.5018,267.7775,359.2804,CurrentState,End,Slider,49,Scenario,1
ID,8,Time,328.4109,DronePosition,-110.239,59.27025,-107.379,0,CameraPosition,-103.1892,1.730258,-107.3248,CameraRotation,341.5417,268.0187,359.2517,CurrentState,End,Slider,49,Scenario,1
ID,8,Time,328.425,DronePosition,-110.239,59.27025,-107.379,0,CameraPosition,-103.1893,1.730285,-107.3245,CameraRotation,341.5767,268.2618,359.2556,CurrentState,End,Slider,49,Scenario,1
ID,8,Time,328.4394,DronePosition,-110.239,59.27025,-107.379,0,CameraPosition,-103.1894,1.730307,-107.3242,CameraRotation,341.6092,268.4906,359.2719,CurrentState,End,Slider,49,Scenario,1
ID,8,Time,328.4526,DronePosition,-110.239,59.27025,-107.379,0,CameraPosition,-103.1895,1.73029,-107.324,CameraRotation,341.6466,268.7234,359.2747,CurrentState,End,Slider,49,Scenario,1
ID,8,Time,328.4669,DronePosition,-110.239,59.27025,-107.379,0,CameraPosition,-103.1896,1.730154,-107.3236,CameraRotation,341.7207,268.9447,359.2929,CurrentState,End,Slider,49,Scenario,1
ID,8,Time,328.4806,DronePosition,-110.239,59.27025,-107.379,0,CameraPosition,-103.1897,1.729992,-107.3233,CameraRotation,341.8138,269.1685,359.2921,CurrentState,End,Slider,49,Scenario,1
ID,8,Time,328.4943,DronePosition,-110.239,59.27025,-107.379,0,CameraPosition,-103.1897,1.729779,-107.323,CameraRotation,341.9438,269.409,359.2966,CurrentState,End,Slider,49,Scenario,1
ID,8,Time,328.5086,DronePosition,-110.239,59.27025,-107.379,0,CameraPosition,-103.1897,1.729589,-107.3227,CameraRotation,342.0581,269.6364,359.3035,CurrentState,End,Slider,49,Scenario,1
ID,8,Time,328.5225,DronePosition,-110.239,59.27025,-107.379,0,CameraPosition,-103.1897,1.729438,-107.3224,CameraRotation,342.1475,269.8659,359.3023,CurrentState,End,Slider,49,Scenario,1
ID,8,Time,328.5361,DronePosition,-110.239,59.27025,-107.379,0,CameraPosition,-103.1897,1.729331,-107.3221,CameraRotation,342.2311,270.0836,359.3073,CurrentState,End,Slider,49,Scenario,1
ID,8,Time,328.55,DronePosition,-110.239,59.27025,-107.379,0,CameraPosition,-103.1898,1.729218,-107.3218,CameraRotation,342.2971,270.294,359.2944,CurrentState,End,Slider,49,Scenario,1
ID,8,Time,328.5645,DronePosition,-110.239,59.27025,-107.379,0,CameraPosition,-103.1898,1.729082,-107.3215,CameraRotation,342.3764,270.4991,359.2924,CurrentState,End,Slider,49,Scenario,1
ID,8,Time,328.5781,DronePosition,-110.239,59.27025,-107.379,0,CameraPosition,-103.1898,1.728976,-107.3212,CameraRotation,342.4776,270.6808,359.2963,CurrentState,End,Slider,49,Scenario,1
ID,8,Time,328.5919,DronePosition,-110.239,59.27025,-107.379,0,CameraPosition,-103.1897,1.728864,-107.3209,CameraRotation,342.5597,270.8477,359.2924,CurrentState,End,Slider,49,Scenario,1
ID,8,Time,328.6058,DronePosition,-110.239,59.27025,-107.379,0,CameraPosition,-103.1897,1.728759,-107.3207,CameraRotation,342.6438,271.0031,359.2803,CurrentState,End,Slider,49,Scenario,1
ID,8,Time,328.6198,DronePosition,-110.239,59.27025,-107.379,0,CameraPosition,-103.1896,1.728675,-107.3204,CameraRotation,342.7051,271.1388,359.2498,CurrentState,End,Slider,49,Scenario,1
ID,8,Time,328.6338,DronePosition,-110.239,59.27025,-107.379,0,CameraPosition,-103.1894,1.728627,-107.3202,CameraRotation,342.7628,271.2768,359.2234,CurrentState,End,Slider,49,Scenario,1
ID,8,Time,328.6479,DronePosition,-110.239,59.27025,-107.379,0,CameraPosition,-103.1893,1.728608,-107.3199,CameraRotation,342.8082,271.3987,359.1977,CurrentState,End,Slider,49,Scenario,1
ID,8,Time,328.6622,DronePosition,-110.239,59.27025,-107.379,0,CameraPosition,-103.1892,1.728617,-107.3197,CameraRotation,342.7921,271.5031,359.1793,CurrentState,End,Slider,51,Scenario,1
ID,8,Time,328.6766,DronePosition,-110.239,59.27025,-107.379,0,CameraPosition,-103.1891,1.72863,-107.3195,CameraRotation,342.7716,271.5917,359.1716,CurrentState,End,Slider,51,Scenario,1
ID,8,Time,328.6898,DronePosition,-110.239,59.27025,-107.379,0,CameraPosition,-103.189,1.728624,-107.3194,CameraRotation,342.7511,271.6671,359.1596,CurrentState,End,Slider,51,Scenario,1
ID,8,Time,328.7042,DronePosition,-110.239,59.27025,-107.379,0,CameraPosition,-103.1889,1.728629,-107.3192,CameraRotation,342.7568,271.7329,359.147,CurrentState,End,Slider,51,Scenario,1
ID,8,Time,328.7175,DronePosition,-110.239,59.27025,-107.379,0,CameraPosition,-103.1888,1.728632,-107.3191,CameraRotation,342.761,271.7971,359.1312,CurrentState,End,Slider,51,Scenario,1
ID,8,Time,328.7317,DronePosition,-110.239,59.27025,-107.379,0,CameraPosition,-103.1886,1.728652,-107.319,CameraRotation,342.7447,271.8389,359.1138,CurrentState,End,Slider,51,Scenario,1
ID,8,Time,328.7459,DronePosition,-110.239,59.27025,-107.379,0,CameraPosition,-103.1885,1.72868,-107.3189,CameraRotation,342.7069,271.8575,359.1072,CurrentState,End,Slider,51,Scenario,1
ID,8,Time,328.7596,DronePosition,-110.239,59.27025,-107.379,0,CameraPosition,-103.1883,1.728722,-107.3189,CameraRotation,342.6812,271.8617,359.1094,CurrentState,End,Slider,51,Scenario,1
ID,8,Time,328.7736,DronePosition,-110.239,59.27025,-107.379,0,CameraPosition,-103.1881,1.728747,-107.3188,CameraRotation,342.6648,271.8521,359.1031,CurrentState,End,Slider,51,Scenario,1
ID,8,Time,328.7879,DronePosition,-110.239,59.27025,-107.379,0,CameraPosition,-103.1879,1.728782,-107.3188,CameraRotation,342.6656,271.8185,359.0976,CurrentState,End,Slider,51,Scenario,1
ID,8,Time,328.8012,DronePosition,-110.239,59.27025,-107.379,0,CameraPosition,-103.1877,1.728828,-107.3189,CameraRotation,342.6656,271.7744,359.0915,CurrentState,End,Slider,51,Scenario,1
ID,8,Time,328.8154,DronePosition,-110.239,59.27025,-107.379,0,CameraPosition,-103.1874,1.72887,-107.3189,CameraRotation,342.6565,271.7324,359.0872,CurrentState,End,Slider,51,Scenario,1
ID,8,Time,328.8301,DronePosition,-110.239,59.27025,-107.379,0,CameraPosition,-103.1872,1.728898,-107.3189,CameraRotation,342.6195,271.6815,359.0828,CurrentState,End,Slider,51,Scenario,1
ID,8,Time,328.8437,DronePosition,-110.239,59.27025,-107.379,0,CameraPosition,-103.187,1.728924,-107.319,CameraRotation,342.584,271.6223,359.0786,CurrentState,End,Slider,51,Scenario,1
ID,8,Time,328.8582,DronePosition,-110.239,59.27025,-107.379,0,CameraPosition,-103.1867,1.728951,-107.319,CameraRotation,342.5506,271.56,359.0763,CurrentState,End,Slider,51,Scenario,1
ID,8,Time,328.8717,DronePosition,-110.239,59.27025,-107.379,0,CameraPosition,-103.1865,1.728987,-107.3191,CameraRotation,342.5161,271.4949,359.0913,CurrentState,End,Slider,51,Scenario,1
ID,8,Time,328.8856,DronePosition,-110.239,59.27025,-107.379,0,CameraPosition,-103.1864,1.729037,-107.3191,CameraRotation,342.4614,271.4156,359.127,CurrentState,End,Slider,51,Scenario,1
ID,8,Time,328.8996,DronePosition,-110.239,59.27025,-107.379,0,CameraPosition,-103.1861,1.729102,-107.3192,CameraRotation,342.4102,271.3383,359.1609,CurrentState,End,Slider,51,Scenario,1
ID,8,Time,328.9145,DronePosition,-110.239,59.27025,-107.379,0,CameraPosition,-103.1859,1.729156,-107.3193,CameraRotation,342.3445,271.2545,359.1934,CurrentState,End,Slider,51,Scenario,1
ID,8,Time,328.9272,DronePosition,-110.239,59.27025,-107.379,0,CameraPosition,-103.1857,1.7292,-107.3194,CameraRotation,342.2827,271.1799,359.2113,CurrentState,End,Slider,51,Scenario,1
ID,8,Time,328.9409,DronePosition,-110.239,59.27025,-107.379,0,CameraPosition,-103.1855,1.729246,-107.3195,CameraRotation,342.2463,271.0984,359.2236,CurrentState,End,Slider,51,Scenario,1
ID,8,Time,328.9551,DronePosition,-110.239,59.27025,-107.379,0,CameraPosition,-103.1853,1.729354,-107.3196,CameraRotation,342.2239,271.0212,359.2247,CurrentState,End,Slider,51,Scenario,1
ID,8,Time,328.9688,DronePosition,-110.239,59.27025,-107.379,0,CameraPosition,-103.1851,1.729464,-107.3197,CameraRotation,342.1658,270.9274,359.2593,CurrentState,End,Slider,51,Scenario,1
ID,8,Time,328.9828,DronePosition,-110.239,59.27025,-107.379,0,CameraPosition,-103.185,1.729554,-107.3197,CameraRotation,342.1175,270.8195,359.328,CurrentState,End,Slider,51,Scenario,1
ID,8,Time,328.9977,DronePosition,-110.239,59.27025,-107.379,0,CameraPosition,-103.1848,1.729631,-107.3198,CameraRotation,342.0798,270.708,359.3924,CurrentState,End,Slider,51,Scenario,1
ID,8,Time,329.0118,DronePosition,-110.239,59.27025,-107.379,0,CameraPosition,-103.1847,1.729658,-107.3199,CameraRotation,342.0653,270.6147,359.3959,CurrentState,End,Slider,51,Scenario,1
ID,8,Time,329.0247,DronePosition,-110.239,59.27025,-107.379,0,CameraPosition,-103.1846,1.729637,-107.32,CameraRotation,342.071,270.5448,359.3493,CurrentState,End,Slider,51,Scenario,1
ID,8,Time,329.0384,DronePosition,-110.239,59.27025,-107.379,0,CameraPosition,-103.1846,1.729609,-107.3201,CameraRotation,342.0992,270.4879,359.3353,CurrentState,End,Slider,51,Scenario,1
ID,8,Time,329.0519,DronePosition,-110.239,59.27025,-107.379,0,CameraPosition,-103.1845,1.729619,-107.3202,CameraRotation,342.1064,270.4081,359.3828,CurrentState,End,Slider,51,Scenario,1
ID,8,Time,329.0664,DronePosition,-110.239,59.27025,-107.379,0,CameraPosition,-103.1844,1.729661,-107.3203,CameraRotation,342.1171,270.3273,359.4282,CurrentState,End,Slider,51,Scenario,1
ID,8,Time,329.0801,DronePosition,-110.239,59.27025,-107.379,0,CameraPosition,-103.1844,1.729637,-107.3204,CameraRotation,342.1133,270.2397,359.446,CurrentState,End,Slider,51,Scenario,1
ID,8,Time,329.0937,DronePosition,-110.239,59.27025,-107.379,0,CameraPosition,-103.1843,1.729601,-107.3205,CameraRotation,342.1392,270.1581,359.4486,CurrentState,End,Slider,51,Scenario,1
ID,8,Time,329.1074,DronePosition,-110.239,59.27025,-107.379,0,CameraPosition,-103.1843,1.729512,-107.3206,CameraRotation,342.1522,270.0657,359.4327,CurrentState,End,Slider,51,Scenario,1
ID,8,Time,329.1217,DronePosition,-110.239,59.27025,-107.379,0,CameraPosition,-103.1842,1.729446,-107.3208,CameraRotation,342.18,269.97,359.439,CurrentState,End,Slider,51,Scenario,1
ID,8,Time,329.1357,DronePosition,-110.239,59.27025,-107.379,0,CameraPosition,-103.1842,1.72943,-107.3209,CameraRotation,342.1976,269.8644,359.4466,CurrentState,End,Slider,51,Scenario,1
ID,8,Time,329.1497,DronePosition,-110.239,59.27025,-107.379,0,CameraPosition,-103.1841,1.729452,-107.321,CameraRotation,342.1913,269.7656,359.4613,CurrentState,End,Slider,51,Scenario,1
ID,8,Time,329.164,DronePosition,-110.239,59.27025,-107.379,0,CameraPosition,-103.1841,1.729501,-107.3211,CameraRotation,342.1784,269.6691,359.4468,CurrentState,End,Slider,51,Scenario,1
ID,8,Time,329.1774,DronePosition,-110.239,59.27025,-107.379,0,CameraPosition,-103.1841,1.72951,-107.3212,CameraRotation,342.1558,269.5649,359.4426,CurrentState,End,Slider,51,Scenario,1
ID,8,Time,329.1914,DronePosition,-110.239,59.27025,-107.379,0,CameraPosition,-103.1841,1.729522,-107.3213,CameraRotation,342.1572,269.4698,359.4339,CurrentState,End,Slider,51,Scenario,1
ID,8,Time,329.2057,DronePosition,-110.239,59.27025,-107.379,0,CameraPosition,-103.1842,1.729532,-107.3214,CameraRotation,342.1591,269.3804,359.4288,CurrentState,End,Slider,51,Scenario,1
ID,8,Time,329.2191,DronePosition,-110.239,59.27025,-107.379,0,CameraPosition,-103.1841,1.729561,-107.3216,CameraRotation,342.1402,269.2809,359.4315,CurrentState,End,Slider,51,Scenario,1
ID,8,Time,329.233,DronePosition,-110.239,59.27025,-107.379,0,CameraPosition,-103.1841,1.729622,-107.3218,CameraRotation,342.11,269.1705,359.4315,CurrentState,End,Slider,51,Scenario,1
ID,8,Time,329.2469,DronePosition,-110.239,59.27025,-107.379,0,CameraPosition,-103.1841,1.729681,-107.322,CameraRotation,342.0696,269.0491,359.4451,CurrentState,End,Slider,51,Scenario,1
ID,8,Time,329.2613,DronePosition,-110.239,59.27025,-107.379,0,CameraPosition,-103.1841,1.72973,-107.3222,CameraRotation,342.0372,268.9298,359.4564,CurrentState,End,Slider,51,Scenario,1
ID,8,Time,329.2758,DronePosition,-110.239,59.27025,-107.379,0,CameraPosition,-103.184,1.72975,-107.3224,CameraRotation,342.0105,268.7916,359.4712,CurrentState,End,Slider,51,Scenario,1
ID,8,Time,329.2892,DronePosition,-110.239,59.27025,-107.379,0,CameraPosition,-103.1839,1.729748,-107.3227,CameraRotation,342.0023,268.6462,359.4879,CurrentState,End,Slider,51,Scenario,1
ID,8,Time,329.3027,DronePosition,-110.239,59.27025,-107.379,0,CameraPosition,-103.1839,1.729756,-107.3229,CameraRotation,341.9939,268.4986,359.4915,CurrentState,End,Slider,51,Scenario,1
ID,8,Time,329.3167,DronePosition,-110.239,59.27025,-107.379,0,CameraPosition,-103.1838,1.729779,-107.3232,CameraRotation,341.9766,268.3582,359.4912,CurrentState,End,Slider,51,Scenario,1
ID,8,Time,329.3307,DronePosition,-110.239,59.27025,-107.379,0,CameraPosition,-103.1838,1.729834,-107.3234,CameraRotation,341.9499,268.2069,359.4853,CurrentState,End,Slider,51,Scenario,1
ID,8,Time,329.3447,DronePosition,-110.239,59.27025,-107.379,0,CameraPosition,-103.1838,1.729893,-107.3237,CameraRotation,341.9029,268.0519,359.492,CurrentState,End,Slider,51,Scenario,1
ID,8,Time,329.3583,DronePosition,-110.239,59.27025,-107.379,0,CameraPosition,-103.1838,1.729954,-107.3239,CameraRotation,341.8597,267.9114,359.4929,CurrentState,End,Slider,51,Scenario,1
ID,8,Time,329.3723,DronePosition,-110.239,59.27025,-107.379,0,CameraPosition,-103.1838,1.72998,-107.3241,CameraRotation,341.826,267.7832,359.489,CurrentState,End,Slider,51,Scenario,1
ID,8,Time,329.386,DronePosition,-110.239,59.27025,-107.379,0,CameraPosition,-103.1838,1.729997,-107.3243,CameraRotation,341.8026,267.6687,359.4873,CurrentState,End,Slider,51,Scenario,1
ID,8,Time,329.4001,DronePosition,-110.239,59.27025,-107.379,0,CameraPosition,-103.1837,1.730017,-107.3245,CameraRotation,341.792,267.5627,359.487,CurrentState,End,Slider,51,Scenario,1
ID,8,Time,329.4139,DronePosition,-110.239,59.27025,-107.379,0,CameraPosition,-103.1837,1.730062,-107.3246,CameraRotation,341.7712,267.4611,359.5013,CurrentState,End,Slider,51,Scenario,1
ID,8,Time,329.4278,DronePosition,-110.239,59.27025,-107.379,0,CameraPosition,-103.1836,1.730146,-107.3248,CameraRotation,341.7504,267.3681,359.5195,CurrentState,End,Slider,51,Scenario,1
ID,8,Time,329.442,DronePosition,-110.239,59.27025,-107.379,0,CameraPosition,-103.1836,1.730251,-107.3249,CameraRotation,341.7047,267.2966,359.5388,CurrentState,End,Slider,51,Scenario,1
ID,8,Time,329.4557,DronePosition,-110.239,59.27025,-107.379,0,CameraPosition,-103.1835,1.730353,-107.325,CameraRotation,341.6539,267.2459,359.5548,CurrentState,End,Slider,51,Scenario,1
ID,8,Time,329.4694,DronePosition,-110.239,59.27025,-107.379,0,CameraPosition,-103.1835,1.730422,-107.3251,CameraRotation,341.6237,267.2051,359.5582,CurrentState,End,Slider,51,Scenario,1
ID,8,Time,329.484,DronePosition,-110.239,59.27025,-107.379,0,CameraPosition,-103.1834,1.730437,-107.3251,CameraRotation,341.6093,267.1721,359.55,CurrentState,End,Slider,51,Scenario,1
ID,8,Time,329.4977,DronePosition,-110.239,59.27025,-107.379,0,CameraPosition,-103.1833,1.730417,-107.3252,CameraRotation,341.6206,267.1461,359.5309,CurrentState,End,Slider,51,Scenario,1
ID,8,Time,329.5114,DronePosition,-110.239,59.27025,-107.379,0,CameraPosition,-103.1833,1.730388,-107.3252,CameraRotation,341.6271,267.1263,359.4967,CurrentState,End,Slider,51,Scenario,1
ID,8,Time,329.5251,DronePosition,-110.239,59.27025,-107.379,0,CameraPosition,-103.1833,1.730352,-107.3252,CameraRotation,341.629,267.1093,359.4749,CurrentState,End,Slider,51,Scenario,1
ID,8,Time,329.5392,DronePosition,-110.239,59.27025,-107.379,0,CameraPosition,-103.1833,1.730349,-107.3252,CameraRotation,341.5911,267.0966,359.4218,CurrentState,End,Slider,51,Scenario,1
ID,8,Time,329.553,DronePosition,-110.239,59.27025,-107.379,0,CameraPosition,-103.1832,1.730357,-107.3252,CameraRotation,341.5455,267.0932,359.3499,CurrentState,End,Slider,51,Scenario,1
ID,8,Time,329.5671,DronePosition,-110.239,59.27025,-107.379,0,CameraPosition,-103.1831,1.730388,-107.3251,CameraRotation,341.5129,267.1113,359.2598,CurrentState,End,Slider,51,Scenario,1
ID,8,Time,329.5811,DronePosition,-110.239,59.27025,-107.379,0,CameraPosition,-103.183,1.730417,-107.3251,CameraRotation,341.4851,267.1305,359.1798,CurrentState,End,Slider,51,Scenario,1
ID,8,Time,329.5947,DronePosition,-110.239,59.27025,-107.379,0,CameraPosition,-103.1829,1.730437,-107.325,CameraRotation,341.4552,267.1805,359.1066,CurrentState,End,Slider,51,Scenario,1
ID,8,Time,329.6088,DronePosition,-110.239,59.27025,-107.379,0,CameraPosition,-103.1827,1.730441,-107.3248,CameraRotation,341.4499,267.226,359.0646,CurrentState,End,Slider,51,Scenario,1
ID,8,Time,329.6227,DronePosition,-110.239,59.27025,-107.379,0,CameraPosition,-103.1825,1.730411,-107.3247,CameraRotation,341.4713,267.301,359.0175,CurrentState,End,Slider,51,Scenario,1
ID,8,Time,329.6362,DronePosition,-110.239,59.27025,-107.379,0,CameraPosition,-103.1824,1.730362,-107.3246,CameraRotation,341.5073,267.3908,358.9449,CurrentState,End,Slider,51,Scenario,1
ID,8,Time,329.6502,DronePosition,-110.239,59.27025,-107.379,0,CameraPosition,-103.1823,1.730316,-107.3244,CameraRotation,341.5434,267.4989,358.8811,CurrentState,End,Slider,51,Scenario,1
ID,8,Time,329.6646,DronePosition,-110.239,59.27025,-107.379,0,CameraPosition,-103.1822,1.730315,-107.3243,CameraRotation,341.5489,267.6158,358.8376,CurrentState,End,Slider,51,Scenario,1
ID,8,Time,329.6783,DronePosition,-110.239,59.27025,-107.379,0,CameraPosition,-103.182,1.730365,-107.3241,CameraRotation,341.5337,267.7405,358.8236,CurrentState,End,Slider,51,Scenario,1
ID,8,Time,329.6926,DronePosition,-110.239,59.27025,-107.379,0,CameraPosition,-103.182,1.730384,-107.3239,CameraRotation,341.485,267.874,358.8162,CurrentState,End,Slider,51,Scenario,1
ID,8,Time,329.7062,DronePosition,-110.239,59.27025,-107.379,0,CameraPosition,-103.1818,1.730375,-107.3238,CameraRotation,341.4465,268.0044,358.7969,CurrentState,End,Slider,51,Scenario,1
ID,8,Time,329.7199,DronePosition,-110.239,59.27025,-107.379,0,CameraPosition,-103.1817,1.73034,-107.3236,CameraRotation,341.4164,268.1429,358.7673,CurrentState,End,Slider,51,Scenario,1
ID,8,Time,329.7336,DronePosition,-110.239,59.27025,-107.379,0,CameraPosition,-103.1816,1.730313,-107.3235,CameraRotation,341.4052,268.2657,358.7352,CurrentState,End,Slider,51,Scenario,1
ID,8,Time,329.7481,DronePosition,-110.239,59.27025,-107.379,0,CameraPosition,-103.1815,1.730334,-107.3234,CameraRotation,341.4005,268.3611,358.706,CurrentState,End,Slider,51,Scenario,1
ID,8,Time,329.7618,DronePosition,-110.239,59.27025,-107.379,0,CameraPosition,-103.1814,1.730338,-107.3233,CameraRotation,341.3774,268.4496,358.6958,CurrentState,End,Slider,51,Scenario,1
ID,8,Time,329.7755,DronePosition,-110.239,59.27025,-107.379,0,CameraPosition,-103.1813,1.730356,-107.3232,CameraRotation,341.3731,268.5314,358.6735,CurrentState,End,Slider,51,Scenario,1
ID,8,Time,329.7895,DronePosition,-110.239,59.27025,-107.379,0,CameraPosition,-103.1812,1.730352,-107.3231,CameraRotation,341.3595,268.5992,358.6547,CurrentState,End,Slider,51,Scenario,1
ID,8,Time,329.8035,DronePosition,-110.239,59.27025,-107.379,0,CameraPosition,-103.1811,1.730354,-107.323,CameraRotation,341.3454,268.6415,358.6345,CurrentState,End,Slider,51,Scenario,1
ID,8,Time,329.8169,DronePosition,-110.239,59.27025,-107.379,0,CameraPosition,-103.181,1.730354,-107.3229,CameraRotation,341.3278,268.6875,358.6251,CurrentState,End,Slider,51,Scenario,1
ID,8,Time,329.831,DronePosition,-110.239,59.27025,-107.379,0,CameraPosition,-103.181,1.730374,-107.3229,CameraRotation,341.3093,268.7213,358.6031,CurrentState,End,Slider,51,Scenario,1
ID,8,Time,329.8453,DronePosition,-110.239,59.27025,-107.379,0,CameraPosition,-103.1809,1.730401,-107.3228,CameraRotation,341.2751,268.7469,358.5849,CurrentState,End,Slider,51,Scenario,1
ID,8,Time,329.859,DronePosition,-110.239,59.27025,-107.379,0,CameraPosition,-103.1809,1.730437,-107.3227,CameraRotation,341.2321,268.7789,358.5756,CurrentState,End,Slider,51,Scenario,1
ID,8,Time,329.8733,DronePosition,-110.239,59.27025,-107.379,0,CameraPosition,-103.1808,1.730471,-107.3227,CameraRotation,341.1911,268.8009,358.5923,CurrentState,End,Slider,51,Scenario,1
ID,8,Time,329.8866,DronePosition,-110.239,59.27025,-107.379,0,CameraPosition,-103.1808,1.730528,-107.3227,CameraRotation,341.1685,268.8093,358.6259,CurrentState,End,Slider,51,Scenario,1
ID,8,Time,329.9013,DronePosition,-110.239,59.27025,-107.379,0,CameraPosition,-103.1807,1.730561,-107.3227,CameraRotation,341.1387,268.8136,358.6655,CurrentState,End,Slider,51,Scenario,1
ID,8,Time,329.9148,DronePosition,-110.239,59.27025,-107.379,0,CameraPosition,-103.1806,1.730561,-107.3226,CameraRotation,341.1132,268.8059,358.7162,CurrentState,End,Slider,51,Scenario,1
ID,8,Time,329.9286,DronePosition,-110.239,59.27025,-107.379,0,CameraPosition,-103.1805,1.730526,-107.3226,CameraRotation,341.1097,268.7903,358.7577,CurrentState,End,Slider,51,Scenario,1
ID,8,Time,329.9425,DronePosition,-110.239,59.27025,-107.379,0,CameraPosition,-103.1804,1.730487,-107.3226,CameraRotation,341.1211,268.7619,358.7961,CurrentState,End,Slider,51,Scenario,1
ID,8,Time,329.9565,DronePosition,-110.239,59.27025,-107.379,0,CameraPosition,-103.1804,1.730432,-107.3226,CameraRotation,341.1461,268.7144,358.8412,CurrentState,End,Slider,51,Scenario,1
ID,8,Time,329.9701,DronePosition,-110.239,59.27025,-107.379,0,CameraPosition,-103.1804,1.730388,-107.3226,CameraRotation,341.1636,268.6825,358.859,CurrentState,End,Slider,51,Scenario,1
ID,8,Time,329.9842,DronePosition,-110.239,59.27025,-107.379,0,CameraPosition,-103.1804,1.730363,-107.3226,CameraRotation,341.1867,268.6567,358.8521,CurrentState,End,Slider,51,Scenario,1
ID,8,Time,329.9982,DronePosition,-110.239,59.27025,-107.379,0,CameraPosition,-103.1804,1.730345,-107.3226,CameraRotation,341.2039,268.64,358.8384,CurrentState,End,Slider,51,Scenario,1
ID,8,Time,330.0121,DronePosition,-110.239,59.27025,-107.379,0,CameraPosition,-103.1805,1.730322,-107.3225,CameraRotation,341.2022,268.6344,358.8221,CurrentState,End,Slider,51,Scenario,1
ID,8,Time,330.0261,DronePosition,-110.239,59.27025,-107.379,0,CameraPosition,-103.1804,1.730298,-107.3225,CameraRotation,341.205,268.6264,358.8288,CurrentState,End,Slider,51,Scenario,1
ID,8,Time,330.0399,DronePosition,-110.239,59.27025,-107.379,0,CameraPosition,-103.1804,1.730268,-107.3224,CameraRotation,341.2244,268.6133,358.8275,CurrentState,End,Slider,51,Scenario,1
ID,8,Time,330.0539,DronePosition,-110.239,59.27025,-107.379,0,CameraPosition,-103.1804,1.730241,-107.3223,CameraRotation,341.2477,268.6017,358.8189,CurrentState,End,Slider,51,Scenario,1
ID,8,Time,330.0677,DronePosition,-110.239,59.27025,-107.379,0,CameraPosition,-103.1804,1.730208,-107.3223,CameraRotation,341.2638,268.5974,358.8102,CurrentState,End,Slider,51,Scenario,1
ID,8,Time,330.0817,DronePosition,-110.239,59.27025,-107.379,0,CameraPosition,-103.1803,1.730153,-107.3223,CameraRotation,341.2913,268.5838,358.8055,CurrentState,End,Slider,51,Scenario,1
ID,8,Time,330.0958,DronePosition,-110.239,59.27025,-107.379,0,CameraPosition,-103.1802,1.730077,-107.3222,CameraRotation,341.3156,268.5755,358.8064,CurrentState,End,Slider,51,Scenario,1
ID,8,Time,330.11,DronePosition,-110.239,59.27025,-107.379,0,CameraPosition,-103.1802,1.730014,-107.3222,CameraRotation,341.3373,268.5573,358.7925,CurrentState,End,Slider,51,Scenario,1
ID,8,Time,330.124,DronePosition,-110.239,59.27025,-107.379,0,CameraPosition,-103.1801,1.729977,-107.3221,CameraRotation,341.3463,268.5404,358.7898,CurrentState,End,Slider,51,Scenario,1
ID,8,Time,330.1373,DronePosition,-110.239,59.27025,-107.379,0,CameraPosition,-103.1801,1.729959,-107.322,CameraRotation,341.3407,268.5109,358.8087,CurrentState,End,Slider,51,Scenario,1
ID,8,Time,330.1512,DronePosition,-110.239,59.27025,-107.379,0,CameraPosition,-103.1801,1.729946,-107.322,CameraRotation,341.3265,268.4777,358.8261,CurrentState,End,Slider,51,Scenario,1
ID,8,Time,330.1653,DronePosition,-110.239,59.27025,-107.379,0,CameraPosition,-103.1801,1.729918,-107.3219,CameraRotation,341.3093,268.4417,358.8475,CurrentState,End,Slider,51,Scenario,1
ID,8,Time,330.1792,DronePosition,-110.239,59.27025,-107.379,0,CameraPosition,-103.1801,1.729901,-107.3218,CameraRotation,341.3091,268.3945,358.868,CurrentState,End,Slider,51,Scenario,1
ID,8,Time,330.1945,DronePosition,-110.239,59.27025,-107.379,0,CameraPosition,-103.18,1.729912,-107.3218,CameraRotation,341.3019,268.3444,358.8714,CurrentState,End,Slider,51,Scenario,1
ID,8,Time,330.2069,DronePosition,-110.239,59.27025,-107.379,0,CameraPosition,-103.18,1.729962,-107.3218,CameraRotation,341.2755,268.2753,358.8692,CurrentState,End,Slider,51,Scenario,1
ID,8,Time,330.2209,DronePosition,-110.239,59.27025,-107.379,0,CameraPosition,-103.18,1.730021,-107.3217,CameraRotation,341.2456,268.1948,358.9091,CurrentState,End,Slider,51,Scenario,1
ID,8,Time,330.2346,DronePosition,-110.239,59.27025,-107.379,0,CameraPosition,-103.18,1.730049,-107.3217,CameraRotation,341.2219,268.1203,358.9571,CurrentState,End,Slider,51,Scenario,1
ID,8,Time,330.2489,DronePosition,-110.239,59.27025,-107.379,0,CameraPosition,-103.18,1.73008,-107.3217,CameraRotation,341.2141,268.0592,358.9496,CurrentState,End,Slider,51,Scenario,1
ID,8,Time,330.2628,DronePosition,-110.239,59.27025,-107.379,0,CameraPosition,-103.18,1.730077,-107.3216,CameraRotation,341.1972,268.0051,358.9026,CurrentState,End,Slider,51,Scenario,1
ID,8,Time,330.2767,DronePosition,-110.239,59.27025,-107.379,0,CameraPosition,-103.18,1.730127,-107.3215,CameraRotation,341.1954,267.9598,358.8693,CurrentState,End,Slider,51,Scenario,1
ID,8,Time,330.2906,DronePosition,-110.239,59.27025,-107.379,0,CameraPosition,-103.1801,1.730205,-107.3214,CameraRotation,341.1579,267.9204,358.8827,CurrentState,End,Slider,51,Scenario,1
ID,8,Time,330.3045,DronePosition,-110.239,59.27025,-107.379,0,CameraPosition,-103.1802,1.730283,-107.3212,CameraRotation,341.1169,267.8653,358.924,CurrentState,End,Slider,51,Scenario,1
ID,8,Time,330.319,DronePosition,-110.239,59.27025,-107.379,0,CameraPosition,-103.1802,1.730302,-107.3211,CameraRotation,341.1119,267.8371,358.9357,CurrentState,End,Slider,51,Scenario,1
ID,8,Time,330.3322,DronePosition,-110.239,59.27025,-107.379,0,CameraPosition,-103.1803,1.730232,-107.3209,CameraRotation,341.149,267.8137,358.9449,CurrentState,End,Slider,51,Scenario,1
ID,8,Time,330.3465,DronePosition,-110.239,59.27025,-107.379,0,CameraPosition,-103.1804,1.730134,-107.3207,CameraRotation,341.1984,267.8081,358.9349,CurrentState,End,Slider,51,Scenario,1
ID,8,Time,330.3603,DronePosition,-110.239,59.27025,-107.379,0,CameraPosition,-103.1804,1.730064,-107.3206,CameraRotation,341.2274,267.7946,358.9271,CurrentState,End,Slider,51,Scenario,1
ID,8,Time,330.3741,DronePosition,-110.239,59.27025,-107.379,0,CameraPosition,-103.1805,1.73003,-107.3204,CameraRotation,341.2437,267.7864,358.9188,CurrentState,End,Slider,51,Scenario,1
ID,8,Time,330.3878,DronePosition,-110.239,59.27025,-107.379,0,CameraPosition,-103.1806,1.730021,-107.3202,CameraRotation,341.2498,267.7752,358.9069,CurrentState,End,Slider,51,Scenario,1
ID,8,Time,330.4018,DronePosition,-110.239,59.27025,-107.379,0,CameraPosition,-103.1807,1.730011,-107.32,CameraRotation,341.2616,267.7782,358.8889,CurrentState,End,Slider,51,Scenario,1
ID,8,Time,330.4157,DronePosition,-110.239,59.27025,-107.379,0,CameraPosition,-103.1809,1.729947,-107.3198,CameraRotation,341.276,267.7903,358.867,CurrentState,End,Slider,51,Scenario,1
ID,8,Time,330.4299,DronePosition,-110.239,59.27025,-107.379,0,CameraPosition,-103.181,1.729886,-107.3196,CameraRotation,341.3111,267.8081,358.8517,CurrentState,End,Slider,51,Scenario,1
ID,8,Time,330.4438,DronePosition,-110.239,59.27025,-107.379,0,CameraPosition,-103.1811,1.729836,-107.3194,CameraRotation,341.3501,267.8311,358.8332,CurrentState,End,Slider,51,Scenario,1
ID,8,Time,330.4578,DronePosition,-110.239,59.27025,-107.379,0,CameraPosition,-103.1812,1.729818,-107.3191,CameraRotation,341.3737,267.8759,358.782,CurrentState,End,Slider,51,Scenario,1
ID,8,Time,330.4717,DronePosition,-110.239,59.27025,-107.379,0,CameraPosition,-103.1814,1.729805,-107.3189,CameraRotation,341.3926,267.9168,358.7392,CurrentState,End,Slider,51,Scenario,1
ID,8,Time,330.4853,DronePosition,-110.239,59.27025,-107.379,0,CameraPosition,-103.1816,1.729771,-107.3186,CameraRotation,341.4254,267.9709,358.7169,CurrentState,End,Slider,51,Scenario,1
ID,8,Time,330.4993,DronePosition,-110.239,59.27025,-107.379,0,CameraPosition,-103.1817,1.729698,-107.3183,CameraRotation,341.4638,268.0319,358.709,CurrentState,End,Slider,51,Scenario,1
ID,8,Time,330.5132,DronePosition,-110.239,59.27025,-107.379,0,CameraPosition,-103.1818,1.729626,-107.318,CameraRotation,341.4962,268.0859,358.7112,CurrentState,End,Slider,51,Scenario,1
ID,8,Time,330.5275,DronePosition,-110.239,59.27025,-107.379,0,CameraPosition,-103.182,1.729575,-107.3178,CameraRotation,341.519,268.1518,358.6931,CurrentState,End,Slider,51,Scenario,1
ID,8,Time,330.5416,DronePosition,-110.239,59.27025,-107.379,0,CameraPosition,-103.1821,1.729559,-107.3176,CameraRotation,341.5282,268.2054,358.6702,CurrentState,End,Slider,51,Scenario,1
ID,8,Time,330.555,DronePosition,-110.239,59.27025,-107.379,0,CameraPosition,-103.1823,1.72955,-107.3174,CameraRotation,341.5378,268.2648,358.6483,CurrentState,End,Slider,51,Scenario,1
ID,8,Time,330.5687,DronePosition,-110.239,59.27025,-107.379,0,CameraPosition,-103.1824,1.72953,-107.3172,CameraRotation,341.5594,268.3228,358.6379,CurrentState,End,Slider,51,Scenario,1
ID,8,Time,330.583,DronePosition,-110.239,59.27025,-107.379,0,CameraPosition,-103.1826,1.729486,-107.3169,CameraRotation,341.5861,268.3792,358.6232,CurrentState,End,Slider,51,Scenario,1
ID,8,Time,330.5969,DronePosition,-110.239,59.27025,-107.379,0,CameraPosition,-103.1827,1.729453,-107.3167,CameraRotation,341.6039,268.4282,358.6234,CurrentState,End,Slider,51,Scenario,1
ID,8,Time,330.6107,DronePosition,-110.239,59.27025,-107.379,0,CameraPosition,-103.1829,1.72945,-107.3165,CameraRotation,341.6136,268.4769,358.618,CurrentState,End,Slider,51,Scenario,1
ID,8,Time,330.6249,DronePosition,-110.239,59.27025,-107.379,0,CameraPosition,-103.1831,1.729479,-107.3163,CameraRotation,341.6061,268.5172,358.6131,CurrentState,End,Slider,51,Scenario,1
ID,8,Time,330.6388,DronePosition,-110.239,59.27025,-107.379,0,CameraPosition,-103.1833,1.729515,-107.3161,CameraRotation,341.6108,268.558,358.5957,CurrentState,End,Slider,51,Scenario,1
ID,8,Time,330.653,DronePosition,-110.239,59.27025,-107.379,0,CameraPosition,-103.1836,1.729524,-107.3159,CameraRotation,341.6166,268.6023,358.5821,CurrentState,End,Slider,51,Scenario,1
ID,8,Time,330.6664,DronePosition,-110.239,59.27025,-107.379,0,CameraPosition,-103.1838,1.72952,-107.3157,CameraRotation,341.644,268.6559,358.5654,CurrentState,End,Slider,51,Scenario,1
ID,8,Time,330.6805,DronePosition,-110.239,59.27025,-107.379,0,CameraPosition,-103.184,1.729514,-107.3155,CameraRotation,341.6611,268.6955,358.559,CurrentState,End,Slider,51,Scenario,1
ID,8,Time,330.6943,DronePosition,-110.239,59.27025,-107.379,0,CameraPosition,-103.1842,1.729509,-107.3153,CameraRotation,341.6787,268.7417,358.5556,CurrentState,End,Slider,51,Scenario,1
ID,8,Time,330.7086,DronePosition,-110.239,59.27025,-107.379,0,CameraPosition,-103.1844,1.729517,-107.3151,CameraRotation,341.6901,268.7798,358.5414,CurrentState,End,Slider,51,Scenario,1
ID,8,Time,330.7225,DronePosition,-110.239,59.27025,-107.379,0,CameraPosition,-103.1846,1.729517,-107.315,CameraRotation,341.712,268.8324,358.5171,CurrentState,End,Slider,51,Scenario,1
ID,8,Time,330.7366,DronePosition,-110.239,59.27025,-107.379,0,CameraPosition,-103.1848,1.729486,-107.3148,CameraRotation,341.7403,268.8706,358.5014,CurrentState,End,Slider,51,Scenario,1
ID,8,Time,330.7501,DronePosition,-110.239,59.27025,-107.379,0,CameraPosition,-103.1851,1.729442,-107.3146,CameraRotation,341.7855,268.9162,358.4793,CurrentState,End,Slider,51,Scenario,1
ID,8,Time,330.764,DronePosition,-110.239,59.27025,-107.379,0,CameraPosition,-103.1853,1.729371,-107.3145,CameraRotation,341.8406,268.9599,358.4728,CurrentState,End,Slider,51,Scenario,1
ID,8,Time,330.7779,DronePosition,-110.239,59.27025,-107.379,0,CameraPosition,-103.1855,1.72928,-107.3143,CameraRotation,341.9142,269.0138,358.46,CurrentState,End,Slider,51,Scenario,1
ID,8,Time,330.7916,DronePosition,-110.239,59.27025,-107.379,0,CameraPosition,-103.1857,1.729164,-107.314,CameraRotation,342.0101,269.0851,358.4582,CurrentState,End,Slider,51,Scenario,1
ID,8,Time,330.806,DronePosition,-110.239,59.27025,-107.379,0,CameraPosition,-103.1858,1.729046,-107.3138,CameraRotation,342.1195,269.1701,358.4571,CurrentState,End,Slider,51,Scenario,1
ID,8,Time,330.8196,DronePosition,-110.239,59.27025,-107.379,0,CameraPosition,-103.1859,1.728951,-107.3135,CameraRotation,342.2124,269.2482,358.4544,CurrentState,End,Slider,51,Scenario,1
ID,8,Time,330.8334,DronePosition,-110.239,59.27025,-107.379,0,CameraPosition,-103.1861,1.728861,-107.3132,CameraRotation,342.2348,269.3244,358.4462,CurrentState,End,Slider,51,Scenario,1
ID,8,Time,330.8476,DronePosition,-110.239,59.27025,-107.379,0,CameraPosition,-103.1862,1.728819,-107.3129,CameraRotation,342.227,269.3649,358.4784,CurrentState,End,Slider,51,Scenario,1
ID,8,Time,330.8614,DronePosition,-110.239,59.27025,-107.379,0,CameraPosition,-103.1863,1.728807,-107.3125,CameraRotation,342.2177,269.4037,358.5381,CurrentState,End,Slider,51,Scenario,1
ID,8,Time,330.8755,DronePosition,-110.239,59.27025,-107.379,0,CameraPosition,-103.1863,1.728804,-107.3122,CameraRotation,342.2018,269.4415,358.5556,CurrentState,End,Slider,51,Scenario,1
ID,8,Time,330.8893,DronePosition,-110.239,59.27025,-107.379,0,CameraPosition,-103.1864,1.728828,-107.3119,CameraRotation,342.1578,269.4944,358.5256,CurrentState,End,Slider,51,Scenario,1
ID,8,Time,330.903,DronePosition,-110.239,59.27025,-107.379,0,CameraPosition,-103.1865,1.728885,-107.3115,CameraRotation,342.1031,269.5481,358.4992,CurrentState,End,Slider,51,Scenario,1
ID,8,Time,330.917,DronePosition,-110.239,59.27025,-107.379,0,CameraPosition,-103.1865,1.728932,-107.3111,CameraRotation,342.0614,269.5898,358.5244,CurrentState,End,Slider,51,Scenario,1
ID,8,Time,330.9309,DronePosition,-110.239,59.27025,-107.379,0,CameraPosition,-103.1865,1.728948,-107.3107,CameraRotation,342.0449,269.6233,358.5556,CurrentState,End,Slider,51,Scenario,1
ID,8,Time,330.9453,DronePosition,-110.239,59.27025,-107.379,0,CameraPosition,-103.1866,1.728903,-107.3103,CameraRotation,342.0395,269.6652,358.5718,CurrentState,End,Slider,51,Scenario,1
ID,8,Time,330.9592,DronePosition,-110.239,59.27025,-107.379,0,CameraPosition,-103.1866,1.728853,-107.3098,CameraRotation,342.0416,269.7224,358.5537,CurrentState,End,Slider,51,Scenario,1
ID,8,Time,330.9731,DronePosition,-110.239,59.27025,-107.379,0,CameraPosition,-103.1867,1.728788,-107.3093,CameraRotation,342.0392,269.8092,358.5085,CurrentState,End,Slider,51,Scenario,1
ID,8,Time,330.9868,DronePosition,-110.239,59.27025,-107.379,0,CameraPosition,-103.1867,1.728731,-107.3088,CameraRotation,342.0169,269.9008,358.4619,CurrentState,End,Slider,51,Scenario,1
ID,8,Time,331.0007,DronePosition,-110.239,59.27025,-107.379,0,CameraPosition,-103.1867,1.72872,-107.3083,CameraRotation,341.9987,269.9883,358.4207,CurrentState,End,Slider,51,Scenario,1
ID,8,Time,331.0147,DronePosition,-110.239,59.27025,-107.379,0,CameraPosition,-103.1867,1.728728,-107.3078,CameraRotation,341.9675,270.0788,358.3817,CurrentState,End,Slider,51,Scenario,1
ID,8,Time,331.0285,DronePosition,-110.239,59.27025,-107.379,0,CameraPosition,-103.1867,1.728761,-107.3073,CameraRotation,341.9225,270.1891,358.3194,CurrentState,End,Slider,51,Scenario,1
ID,8,Time,331.0425,DronePosition,-110.239,59.27025,-107.379,0,CameraPosition,-103.1867,1.728759,-107.3068,CameraRotation,341.8921,270.3002,358.2649,CurrentState,End,Slider,51,Scenario,1
ID,8,Time,331.0565,DronePosition,-110.239,59.27025,-107.379,0,CameraPosition,-103.1867,1.728757,-107.3063,CameraRotation,341.889,270.4048,358.2413,CurrentState,End,Slider,51,Scenario,1
ID,8,Time,331.0703,DronePosition,-110.239,59.27025,-107.379,0,CameraPosition,-103.1867,1.728759,-107.3059,CameraRotation,341.8693,270.5087,358.218,CurrentState,End,Slider,51,Scenario,1
ID,8,Time,331.0839,DronePosition,-110.239,59.27025,-107.379,0,CameraPosition,-103.1867,1.728773,-107.3054,CameraRotation,341.8255,270.6167,358.1555,CurrentState,End,Slider,51,Scenario,1
ID,8,Time,331.0981,DronePosition,-110.239,59.27025,-107.379,0,CameraPosition,-103.1866,1.728788,-107.305,CameraRotation,341.7942,270.7228,358.0794,CurrentState,End,Slider,51,Scenario,1
ID,8,Time,331.1119,DronePosition,-110.239,59.27025,-107.379,0,CameraPosition,-103.1867,1.728784,-107.3046,CameraRotation,341.7637,270.8053,358.0244,CurrentState,End,Slider,51,Scenario,1
ID,8,Time,331.126,DronePosition,-110.239,59.27025,-107.379,0,CameraPosition,-103.1867,1.728802,-107.3043,CameraRotation,341.7325,270.8906,357.9858,CurrentState,End,Slider,51,Scenario,1
ID,8,Time,331.1399,DronePosition,-110.239,59.27025,-107.379,0,CameraPosition,-103.1867,1.728838,-107.304,CameraRotation,341.6819,270.9581,357.9502,CurrentState,End,Slider,51,Scenario,1
ID,8,Time,331.1544,DronePosition,-110.239,59.27025,-107.379,0,CameraPosition,-103.1867,1.728864,-107.3036,CameraRotation,341.6332,271.0195,357.9136,CurrentState,End,Slider,51,Scenario,1
ID,8,Time,331.1674,DronePosition,-110.239,59.27025,-107.379,0,CameraPosition,-103.1868,1.728874,-107.3034,CameraRotation,341.5882,271.0744,357.868,CurrentState,End,Slider,51,Scenario,1
ID,8,Time,331.1819,DronePosition,-110.239,59.27025,-107.379,0,CameraPosition,-103.1868,1.728894,-107.3032,CameraRotation,341.5689,271.1037,357.8282,CurrentState,End,Slider,51,Scenario,1
ID,8,Time,331.1955,DronePosition,-110.239,59.27025,-107.379,0,CameraPosition,-103.1869,1.728919,-107.303,CameraRotation,341.5506,271.1151,357.8059,CurrentState,End,Slider,51,Scenario,1
ID,8,Time,331.2095,DronePosition,-110.239,59.27025,-107.379,0,CameraPosition,-103.1869,1.728949,-107.3028,CameraRotation,341.5368,271.1117,357.7852,CurrentState,End,Slider,51,Scenario,1
ID,8,Time,331.2235,DronePosition,-110.239,59.27025,-107.379,0,CameraPosition,-103.187,1.728933,-107.3027,CameraRotation,341.5338,271.0883,357.7754,CurrentState,End,Slider,51,Scenario,1
ID,8,Time,331.2373,DronePosition,-110.239,59.27025,-107.379,0,CameraPosition,-103.1871,1.728906,-107.3026,CameraRotation,341.5397,271.0618,357.7634,CurrentState,End,Slider,51,Scenario,1
ID,8,Time,331.2512,DronePosition,-110.239,59.27025,-107.379,0,CameraPosition,-103.1872,1.728864,-107.3026,CameraRotation,341.5692,271.0246,357.7542,CurrentState,End,Slider,51,Scenario,1
ID,8,Time,331.265,DronePosition,-110.239,59.27025,-107.379,0,CameraPosition,-103.1872,1.728819,-107.3025,CameraRotation,341.5952,270.9746,357.7606,CurrentState,End,Slider,51,Scenario,1
ID,8,Time,331.2789,DronePosition,-110.239,59.27025,-107.379,0,CameraPosition,-103.1874,1.728781,-107.3025,CameraRotation,341.6109,270.9171,357.794,CurrentState,End,Slider,51,Scenario,1
ID,8,Time,331.2929,DronePosition,-110.239,59.27025,-107.379,0,CameraPosition,-103.1875,1.728776,-107.3025,CameraRotation,341.6184,270.8531,357.8325,CurrentState,End,Slider,51,Scenario,1
ID,8,Time,331.307,DronePosition,-110.239,59.27025,-107.379,0,CameraPosition,-103.1876,1.728785,-107.3025,CameraRotation,341.6028,270.7833,357.8654,CurrentState,End,Slider,51,Scenario,1
ID,8,Time,331.3205,DronePosition,-110.239,59.27025,-107.379,0,CameraPosition,-103.1878,1.728807,-107.3026,CameraRotation,341.5892,270.7151,357.9048,CurrentState,End,Slider,51,Scenario,1
ID,8,Time,331.3347,DronePosition,-110.239,59.27025,-107.379,0,CameraPosition,-103.1879,1.728823,-107.3026,CameraRotation,341.5792,270.6417,357.9322,CurrentState,End,Slider,51,Scenario,1
ID,8,Time,331.3486,DronePosition,-110.239,59.27025,-107.379,0,CameraPosition,-103.188,1.728795,-107.3026,CameraRotation,341.5735,270.576,357.9604,CurrentState,End,Slider,51,Scenario,1
ID,8,Time,331.3632,DronePosition,-110.239,59.27025,-107.379,0,CameraPosition,-103.1881,1.728738,-107.3027,CameraRotation,341.569,270.5078,357.9972,CurrentState,End,Slider,51,Scenario,1
ID,8,Time,331.3766,DronePosition,-110.239,59.27025,-107.379,0,CameraPosition,-103.1882,1.728706,-107.3027,CameraRotation,341.5865,270.4372,358.0414,CurrentState,End,Slider,51,Scenario,1
ID,8,Time,331.3903,DronePosition,-110.239,59.27025,-107.379,0,CameraPosition,-103.1884,1.728667,-107.3028,CameraRotation,341.5942,270.387,358.0906,CurrentState,End,Slider,51,Scenario,1
ID,8,Time,331.4044,DronePosition,-110.239,59.27025,-107.379,0,CameraPosition,-103.1885,1.728617,-107.3028,CameraRotation,341.6082,270.3358,358.1359,CurrentState,End,Slider,51,Scenario,1
ID,8,Time,331.4183,DronePosition,-110.239,59.27025,-107.379,0,CameraPosition,-103.1887,1.728569,-107.3028,CameraRotation,341.6312,270.3135,358.1514,CurrentState,End,Slider,51,Scenario,1
ID,8,Time,331.4323,DronePosition,-110.239,59.27025,-107.379,0,CameraPosition,-103.1889,1.728516,-107.3029,CameraRotation,341.6539,270.2981,358.1624,CurrentState,End,Slider,51,Scenario,1
ID,8,Time,331.4464,DronePosition,-110.239,59.27025,-107.379,0,CameraPosition,-103.1891,1.728474,-107.3029,CameraRotation,341.6719,270.2916,358.1753,CurrentState,End,Slider,51,Scenario,1
ID,8,Time,331.4602,DronePosition,-110.239,59.27025,-107.379,0,CameraPosition,-103.1893,1.728476,-107.3029,CameraRotation,341.683,270.2891,358.2192,CurrentState,End,Slider,51,Scenario,1
ID,8,Time,331.4738,DronePosition,-110.239,59.27025,-107.379,0,CameraPosition,-103.1895,1.728473,-107.3028,CameraRotation,341.7,270.3127,358.2658,CurrentState,End,Slider,51,Scenario,1
ID,8,Time,331.4878,DronePosition,-110.239,59.27025,-107.379,0,CameraPosition,-103.1896,1.728452,-107.3028,CameraRotation,341.7155,270.355,358.2633,CurrentState,End,Slider,51,Scenario,1
ID,8,Time,331.5017,DronePosition,-110.239,59.27025,-107.379,0,CameraPosition,-103.1898,1.728428,-107.3027,CameraRotation,341.7248,270.4194,358.2095,CurrentState,End,Slider,51,Scenario,1
ID,8,Time,331.5156,DronePosition,-110.239,59.27025,-107.379,0,CameraPosition,-103.1899,1.728418,-107.3026,CameraRotation,341.7385,270.4966,358.1891,CurrentState,End,Slider,51,Scenario,1
ID,8,Time,331.5297,DronePosition,-110.239,59.27025,-107.379,0,CameraPosition,-103.1901,1.728423,-107.3026,CameraRotation,341.7411,270.5915,358.1951,CurrentState,End,Slider,51,Scenario,1
ID,8,Time,331.5434,DronePosition,-110.239,59.27025,-107.379,0,CameraPosition,-103.1903,1.728424,-107.3024,CameraRotation,341.7407,270.684,358.2327,CurrentState,End,Slider,51,Scenario,1
ID,8,Time,331.5575,DronePosition,-110.239,59.27025,-107.379,0,CameraPosition,-103.1905,1.728387,-107.3023,CameraRotation,341.7507,270.7662,358.248,CurrentState,End,Slider,51,Scenario,1
ID,8,Time,331.5722,DronePosition,-110.239,59.27025,-107.379,0,CameraPosition,-103.1906,1.728328,-107.3022,CameraRotation,341.7998,270.85,358.2421,CurrentState,End,Slider,51,Scenario,1
ID,8,Time,331.5853,DronePosition,-110.239,59.27025,-107.379,0,CameraPosition,-103.1908,1.728203,-107.3021,CameraRotation,341.8361,270.9312,358.2382,CurrentState,End,Slider,51,Scenario,1
ID,8,Time,331.5994,DronePosition,-110.239,59.27025,-107.379,0,CameraPosition,-103.191,1.728093,-107.302,CameraRotation,341.8765,270.9817,358.2345,CurrentState,End,Slider,51,Scenario,1
ID,8,Time,331.6132,DronePosition,-110.239,59.27025,-107.379,0,CameraPosition,-103.1912,1.727993,-107.302,CameraRotation,341.9141,271.0475,358.2301,CurrentState,End,Slider,51,Scenario,1
ID,8,Time,331.6273,DronePosition,-110.239,59.27025,-107.379,0,CameraPosition,-103.1914,1.727955,-107.3019,CameraRotation,341.9465,271.0977,358.2219,CurrentState,End,Slider,51,Scenario,1
ID,8,Time,331.6412,DronePosition,-110.239,59.27025,-107.379,0,CameraPosition,-103.1916,1.727943,-107.3019,CameraRotation,341.9768,271.1448,358.2375,CurrentState,End,Slider,51,Scenario,1
ID,8,Time,331.6553,DronePosition,-110.239,59.27025,-107.379,0,CameraPosition,-103.1917,1.727901,-107.3018,CameraRotation,341.988,271.1805,358.2549,CurrentState,End,Slider,51,Scenario,1
ID,8,Time,331.669,DronePosition,-110.239,59.27025,-107.379,0,CameraPosition,-103.1919,1.727871,-107.3018,CameraRotation,342.028,271.2136,358.2816,CurrentState,End,Slider,51,Scenario,1
ID,8,Time,331.6829,DronePosition,-110.239,59.27025,-107.379,0,CameraPosition,-103.192,1.727843,-107.3017,CameraRotation,342.0674,271.2462,358.301,CurrentState,End,Slider,51,Scenario,1
ID,8,Time,331.6969,DronePosition,-110.239,59.27025,-107.379,0,CameraPosition,-103.1921,1.727817,-107.3017,CameraRotation,342.0758,271.2774,358.303,CurrentState,End,Slider,51,Scenario,1
ID,8,Time,331.7109,DronePosition,-110.239,59.27025,-107.379,0,CameraPosition,-103.1923,1.727802,-107.3017,CameraRotation,342.075,271.3133,358.2891,CurrentState,End,Slider,51,Scenario,1
ID,8,Time,331.7247,DronePosition,-110.239,59.27025,-107.379,0,CameraPosition,-103.1925,1.727811,-107.3017,CameraRotation,342.07,271.3466,358.2912,CurrentState,End,Slider,51,Scenario,1
ID,8,Time,331.7386,DronePosition,-110.239,59.27025,-107.379,0,CameraPosition,-103.1927,1.727817,-107.3017,CameraRotation,342.0536,271.3621,358.3057,CurrentState,End,Slider,51,Scenario,1
ID,8,Time,331.7526,DronePosition,-110.239,59.27025,-107.379,0,CameraPosition,-103.1928,1.7278,-107.3017,CameraRotation,342.0428,271.3724,358.3278,CurrentState,End,Slider,51,Scenario,1
ID,8,Time,331.7664,DronePosition,-110.239,59.27025,-107.379,0,CameraPosition,-103.193,1.727775,-107.3018,CameraRotation,342.0314,271.3776,358.3374,CurrentState,End,Slider,51,Scenario,1
ID,8,Time,331.7808,DronePosition,-110.239,59.27025,-107.379,0,CameraPosition,-103.1932,1.727796,-107.3018,CameraRotation,342.0164,271.3902,358.3203,CurrentState,End,Slider,51,Scenario,1
ID,8,Time,331.7944,DronePosition,-110.239,59.27025,-107.379,0,CameraPosition,-103.1934,1.727821,-107.3018,CameraRotation,341.9989,271.4088,358.2944,CurrentState,End,Slider,51,Scenario,1
ID,8,Time,331.808,DronePosition,-110.239,59.27025,-107.379,0,CameraPosition,-103.1936,1.727826,-107.3019,CameraRotation,341.982,271.4292,358.2718,CurrentState,End,Slider,51,Scenario,1
ID,8,Time,331.8219,DronePosition,-110.239,59.27025,-107.379,0,CameraPosition,-103.1937,1.727857,-107.302,CameraRotation,341.9787,271.4415,358.2554,CurrentState,End,Slider,51,Scenario,1
ID,8,Time,331.8359,DronePosition,-110.239,59.27025,-107.379,0,CameraPosition,-103.1938,1.727907,-107.3021,CameraRotation,341.9735,271.452,358.2622,CurrentState,End,Slider,51,Scenario,1
ID,8,Time,331.8498,DronePosition,-110.239,59.27025,-107.379,0,CameraPosition,-103.1939,1.727975,-107.3022,CameraRotation,341.9703,271.475,358.2623,CurrentState,End,Slider,51,Scenario,1
ID,8,Time,331.864,DronePosition,-110.239,59.27025,-107.379,0,CameraPosition,-103.1941,1.728007,-107.3022,CameraRotation,341.9646,271.5033,358.2584,CurrentState,End,Slider,51,Scenario,1
ID,8,Time,331.8779,DronePosition,-110.239,59.27025,-107.379,0,CameraPosition,-103.1943,1.728047,-107.3022,CameraRotation,341.9667,271.5458,358.2326,CurrentState,End,Slider,51,Scenario,1
ID,8,Time,331.8917,DronePosition,-110.239,59.27025,-107.379,0,CameraPosition,-103.1944,1.728075,-107.3022,CameraRotation,341.9533,271.5944,358.2044,CurrentState,End,Slider,51,Scenario,1
ID,8,Time,331.9059,DronePosition,-110.239,59.27025,-107.379,0,CameraPosition,-103.1946,1.728106,-107.3023,CameraRotation,341.9514,271.6374,358.1791,CurrentState,End,Slider,51,Scenario,1
ID,8,Time,331.9196,DronePosition,-110.239,59.27025,-107.379,0,CameraPosition,-103.1948,1.728128,-107.3024,CameraRotation,341.9487,271.679,358.1758,CurrentState,End,Slider,51,Scenario,1
ID,8,Time,331.9333,DronePosition,-110.239,59.27025,-107.379,0,CameraPosition,-103.195,1.728135,-107.3024,CameraRotation,341.9184,271.7218,358.1857,CurrentState,End,Slider,51,Scenario,1
ID,8,Time,331.9474,DronePosition,-110.239,59.27025,-107.379,0,CameraPosition,-103.1952,1.728153,-107.3025,CameraRotation,341.8954,271.7587,358.1846,CurrentState,End,Slider,51,Scenario,1
ID,8,Time,331.9614,DronePosition,-110.239,59.27025,-107.379,0,CameraPosition,-103.1953,1.728153,-107.3026,CameraRotation,341.8816,271.7853,358.1844,CurrentState,End,Slider,51,Scenario,1
ID,8,Time,331.9753,DronePosition,-110.239,59.27025,-107.379,0,CameraPosition,-103.1955,1.728165,-107.3027,CameraRotation,341.861,271.8124,358.1776,CurrentState,End,Slider,51,Scenario,1
ID,8,Time,331.99,DronePosition,-110.239,59.27025,-107.379,0,CameraPosition,-103.1957,1.728251,-107.3027,CameraRotation,341.8309,271.8271,358.1732,CurrentState,End,Slider,51,Scenario,1
ID,8,Time,332.0029,DronePosition,-110.239,59.27025,-107.379,0,CameraPosition,-103.1959,1.728326,-107.3028,CameraRotation,341.8114,271.8252,358.1851,CurrentState,End,Slider,51,Scenario,1
ID,8,Time,332.017,DronePosition,-110.239,59.27025,-107.379,0,CameraPosition,-103.1961,1.728327,-107.3029,CameraRotation,341.8008,271.8088,358.2001,CurrentState,End,Slider,51,Scenario,1
ID,8,Time,332.0308,DronePosition,-110.239,59.27025,-107.379,0,CameraPosition,-103.1963,1.728307,-107.303,CameraRotation,341.8025,271.7951,358.1975,CurrentState,End,Slider,51,Scenario,1
ID,8,Time,332.046,DronePosition,-110.239,59.27025,-107.379,0,CameraPosition,-103.1965,1.72831,-107.3032,CameraRotation,341.8272,271.7741,358.1823,CurrentState,End,Slider,51,Scenario,1
ID,8,Time,332.0588,DronePosition,-110.239,59.27025,-107.379,0,CameraPosition,-103.1967,1.728297,-107.3033,CameraRotation,341.8482,271.7383,358.191,CurrentState,End,Slider,51,Scenario,1
ID,8,Time,332.0728,DronePosition,-110.239,59.27025,-107.379,0,CameraPosition,-103.197,1.728242,-107.3035,CameraRotation,341.8842,271.6815,358.2469,CurrentState,End,Slider,51,Scenario,1
ID,8,Time,332.0867,DronePosition,-110.239,59.27025,-107.379,0,CameraPosition,-103.1973,1.728152,-107.3036,CameraRotation,341.9395,271.6188,358.3216,CurrentState,End,Slider,51,Scenario,1
ID,8,Time,332.1004,DronePosition,-110.239,59.27025,-107.379,0,CameraPosition,-103.1975,1.72808,-107.3037,CameraRotation,341.9965,271.5803,358.334,CurrentState,End,Slider,51,Scenario,1
ID,8,Time,332.1144,DronePosition,-110.239,59.27025,-107.379,0,CameraPosition,-103.1978,1.728048,-107.3039,CameraRotation,342.0341,271.5522,358.3017,CurrentState,End,Slider,51,Scenario,1
ID,8,Time,332.1282,DronePosition,-110.239,59.27025,-107.379,0,CameraPosition,-103.1981,1.728083,-107.304,CameraRotation,342.0281,271.5301,358.2946,CurrentState,End,Slider,51,Scenario,1
ID,8,Time,332.1422,DronePosition,-110.239,59.27025,-107.379,0,CameraPosition,-103.1983,1.728153,-107.3041,CameraRotation,341.9943,271.5049,358.343,CurrentState,End,Slider,51,Scenario,1
ID,8,Time,332.1562,DronePosition,-110.239,59.27025,-107.379,0,CameraPosition,-103.1985,1.728208,-107.3043,CameraRotation,341.9698,271.477,358.4075,CurrentState,End,Slider,51,Scenario,1
ID,8,Time,332.1702,DronePosition,-110.239,59.27025,-107.379,0,CameraPosition,-103.1987,1.728214,-107.3044,CameraRotation,341.9787,271.451,358.4452,CurrentState,End,Slider,51,Scenario,1
ID,8,Time,332.1842,DronePosition,-110.239,59.27025,-107.379,0,CameraPosition,-103.1989,1.728171,-107.3045,CameraRotation,342.0009,271.4349,358.4688,CurrentState,End,Slider,51,Scenario,1
ID,8,Time,332.1989,DronePosition,-110.239,59.27025,-107.379,0,CameraPosition,-103.1991,1.728099,-107.3046,CameraRotation,342.021,271.3991,358.4927,CurrentState,End,Slider,51,Scenario,1
ID,8,Time,332.212,DronePosition,-110.239,59.27025,-107.379,0,CameraPosition,-103.1993,1.728041,-107.3047,CameraRotation,342.0619,271.3611,358.5099,CurrentState,End,Slider,51,Scenario,1
ID,8,Time,332.226,DronePosition,-110.239,59.27025,-107.379,0,CameraPosition,-103.1995,1.727982,-107.3049,CameraRotation,342.109,271.3052,358.5146,CurrentState,End,Slider,51,Scenario,1
ID,8,Time,332.2396,DronePosition,-110.239,59.27025,-107.379,0,CameraPosition,-103.1997,1.727929,-107.305,CameraRotation,342.1628,271.2625,358.5042,CurrentState,End,Slider,51,Scenario,1
ID,8,Time,332.2538,DronePosition,-110.239,59.27025,-107.379,0,CameraPosition,-103.1998,1.727878,-107.3051,CameraRotation,342.2174,271.2134,358.4854,CurrentState,End,Slider,51,Scenario,1
ID,8,Time,332.2673,DronePosition,-110.239,59.27025,-107.379,0,CameraPosition,-103.2,1.727801,-107.3052,CameraRotation,342.2574,271.1617,358.4912,CurrentState,End,Slider,51,Scenario,1
ID,8,Time,332.2816,DronePosition,-110.239,59.27025,-107.379,0,CameraPosition,-103.2001,1.727766,-107.3054,CameraRotation,342.3201,271.1037,358.508,CurrentState,End,Slider,51,Scenario,1
ID,8,Time,332.2953,DronePosition,-110.239,59.27025,-107.379,0,CameraPosition,-103.2002,1.727737,-107.3055,CameraRotation,342.3663,271.0536,358.5291,CurrentState,End,Slider,51,Scenario,1
ID,8,Time,332.3093,DronePosition,-110.239,59.27025,-107.379,0,CameraPosition,-103.2003,1.727774,-107.3056,CameraRotation,342.3828,271.0182,358.5146,CurrentState,End,Slider,51,Scenario,1
ID,8,Time,332.3233,DronePosition,-110.239,59.27025,-107.379,0,CameraPosition,-103.2004,1.727808,-107.3058,CameraRotation,342.3959,270.9894,358.4993,CurrentState,End,Slider,51,Scenario,1
ID,8,Time,332.337,DronePosition,-110.239,59.27025,-107.379,0,CameraPosition,-103.2005,1.727819,-107.3059,CameraRotation,342.3925,270.9717,358.4986,CurrentState,End,Slider,51,Scenario,1
ID,8,Time,332.3514,DronePosition,-110.239,59.27025,-107.379,0,CameraPosition,-103.2006,1.72783,-107.306,CameraRotation,342.3834,270.9664,358.5149,CurrentState,End,Slider,51,Scenario,1
ID,8,Time,332.3651,DronePosition,-110.239,59.27025,-107.379,0,CameraPosition,-103.2007,1.727832,-107.306,CameraRotation,342.3614,270.961,358.5444,CurrentState,End,Slider,51,Scenario,1
ID,8,Time,332.379,DronePosition,-110.239,59.27025,-107.379,0,CameraPosition,-103.2008,1.727856,-107.3061,CameraRotation,342.3318,270.9693,358.5516,CurrentState,End,Slider,51,Scenario,1
ID,8,Time,332.3931,DronePosition,-110.239,59.27025,-107.379,0,CameraPosition,-103.2009,1.727868,-107.3061,CameraRotation,342.3048,271.0075,358.5475,CurrentState,End,Slider,51,Scenario,1
ID,8,Time,332.4073,DronePosition,-110.239,59.27025,-107.379,0,CameraPosition,-103.201,1.727905,-107.3062,CameraRotation,342.2906,271.0311,358.5556,CurrentState,End,Slider,51,Scenario,1
ID,8,Time,332.4207,DronePosition,-110.239,59.27025,-107.379,0,CameraPosition,-103.2011,1.727969,-107.3062,CameraRotation,342.2741,271.0644,358.5742,CurrentState,End,Slider,51,Scenario,1
ID,8,Time,332.4347,DronePosition,-110.239,59.27025,-107.379,0,CameraPosition,-103.2013,1.728003,-107.3063,CameraRotation,342.2627,271.0824,358.5851,CurrentState,End,Slider,51,Scenario,1
ID,8,Time,332.4484,DronePosition,-110.239,59.27025,-107.379,0,CameraPosition,-103.2014,1.727993,-107.3064,CameraRotation,342.2741,271.0939,358.5887,CurrentState,End,Slider,51,Scenario,1
ID,8,Time,332.4623,DronePosition,-110.239,59.27025,-107.379,0,CameraPosition,-103.2015,1.727964,-107.3065,CameraRotation,342.3046,271.1061,358.5837,CurrentState,End,Slider,51,Scenario,1
ID,8,Time,332.4764,DronePosition,-110.239,59.27025,-107.379,0,CameraPosition,-103.2015,1.727962,-107.3066,CameraRotation,342.3389,271.1179,358.5826,CurrentState,End,Slider,51,Scenario,1
ID,8,Time,332.4903,DronePosition,-110.239,59.27025,-107.379,0,CameraPosition,-103.2016,1.727988,-107.3067,CameraRotation,342.3486,271.134,358.5771,CurrentState,End,Slider,51,Scenario,1
ID,8,Time,332.504,DronePosition,-110.239,59.27025,-107.379,0,CameraPosition,-103.2017,1.727996,-107.3067,CameraRotation,342.3372,271.1591,358.5817,CurrentState,End,Slider,51,Scenario,1
ID,8,Time,332.5181,DronePosition,-110.239,59.27025,-107.379,0,CameraPosition,-103.2018,1.728023,-107.3068,CameraRotation,342.3285,271.1874,358.5867,CurrentState,End,Slider,51,Scenario,1
ID,8,Time,332.532,DronePosition,-110.239,59.27025,-107.379,0,CameraPosition,-103.2019,1.728047,-107.3069,CameraRotation,342.3411,271.2366,358.5775,CurrentState,End,Slider,51,Scenario,1
ID,8,Time,332.546,DronePosition,-110.239,59.27025,-107.379,0,CameraPosition,-103.202,1.727982,-107.3069,CameraRotation,342.3709,271.2806,358.5914,CurrentState,End,Slider,51,Scenario,1
ID,8,Time,332.5601,DronePosition,-110.239,59.27025,-107.379,0,CameraPosition,-103.202,1.72791,-107.3069,CameraRotation,342.3989,271.3328,358.6132,CurrentState,End,Slider,51,Scenario,1
ID,8,Time,332.574,DronePosition,-110.239,59.27025,-107.379,0,CameraPosition,-103.2021,1.727841,-107.307,CameraRotation,342.4138,271.3753,358.6295,CurrentState,End,Slider,51,Scenario,1
ID,8,Time,332.5879,DronePosition,-110.239,59.27025,-107.379,0,CameraPosition,-103.2021,1.727823,-107.307,CameraRotation,342.4314,271.4271,358.6461,CurrentState,End,Slider,51,Scenario,1
ID,8,Time,332.6019,DronePosition,-110.239,59.27025,-107.379,0,CameraPosition,-103.2021,1.72781,-107.3071,CameraRotation,342.4243,271.4708,358.6635,CurrentState,End,Slider,51,Scenario,1
ID,8,Time,332.6161,DronePosition,-110.239,59.27025,-107.379,0,CameraPosition,-103.2022,1.727812,-107.3072,CameraRotation,342.413,271.5125,358.6866,CurrentState,End,Slider,51,Scenario,1
ID,8,Time,332.6299,DronePosition,-110.239,59.27025,-107.379,0,CameraPosition,-103.2022,1.727864,-107.3073,CameraRotation,342.3825,271.5417,358.7007,CurrentState,End,Slider,51,Scenario,1
ID,8,Time,332.6434,DronePosition,-110.239,59.27025,-107.379,0,CameraPosition,-103.2022,1.727919,-107.3074,CameraRotation,342.3673,271.5654,358.7062,CurrentState,End,Slider,51,Scenario,1
ID,8,Time,332.6573,DronePosition,-110.239,59.27025,-107.379,0,CameraPosition,-103.2022,1.727976,-107.3075,CameraRotation,342.3539,271.5784,358.6964,CurrentState,End,Slider,51,Scenario,1
ID,8,Time,332.6715,DronePosition,-110.239,59.27025,-107.379,0,CameraPosition,-103.2022,1.72802,-107.3076,CameraRotation,342.3353,271.5887,358.6842,CurrentState,End,Slider,51,Scenario,1
ID,8,Time,332.6852,DronePosition,-110.239,59.27025,-107.379,0,CameraPosition,-103.2022,1.72802,-107.3078,CameraRotation,342.3234,271.5747,358.6992,CurrentState,End,Slider,51,Scenario,1
ID,8,Time,332.6992,DronePosition,-110.239,59.27025,-107.379,0,CameraPosition,-103.2022,1.727981,-107.3079,CameraRotation,342.3567,271.5468,358.7444,CurrentState,End,Slider,51,Scenario,1
ID,8,Time,332.7133,DronePosition,-110.239,59.27025,-107.379,0,CameraPosition,-103.2023,1.727876,-107.3081,CameraRotation,342.4069,271.517,358.7631,CurrentState,End,Slider,51,Scenario,1
ID,8,Time,332.7271,DronePosition,-110.239,59.27025,-107.379,0,CameraPosition,-103.2023,1.727782,-107.3082,CameraRotation,342.4627,271.504,358.7273,CurrentState,End,Slider,51,Scenario,1
ID,8,Time,332.741,DronePosition,-110.239,59.27025,-107.379,0,CameraPosition,-103.2023,1.727732,-107.3084,CameraRotation,342.4881,271.4968,358.6876,CurrentState,End,Slider,51,Scenario,1
ID,8,Time,332.7551,DronePosition,-110.239,59.27025,-107.379,0,CameraPosition,-103.2023,1.727753,-107.3085,CameraRotation,342.4954,271.4986,358.7153,CurrentState,End,Slider,51,Scenario,1
ID,8,Time,332.7687,DronePosition,-110.239,59.27025,-107.379,0,CameraPosition,-103.2024,1.72777,-107.3086,CameraRotation,342.4848,271.4831,358.7529,CurrentState,End,Slider,51,Scenario,1
ID,8,Time,332.7829,DronePosition,-110.239,59.27025,-107.379,0,CameraPosition,-103.2024,1.727772,-107.3088,CameraRotation,342.4892,271.47,358.7883,CurrentState,End,Slider,51,Scenario,1
ID,8,Time,332.7966,DronePosition,-110.239,59.27025,-107.379,0,CameraPosition,-103.2023,1.727764,-107.309,CameraRotation,342.5287,271.4595,358.8019,CurrentState,End,Slider,51,Scenario,1
ID,8,Time,332.8108,DronePosition,-110.239,59.27025,-107.379,0,CameraPosition,-103.2023,1.727724,-107.3092,CameraRotation,342.571,271.4478,358.8192,CurrentState,End,Slider,51,Scenario,1
ID,8,Time,332.8248,DronePosition,-110.239,59.27025,-107.379,0,CameraPosition,-103.2023,1.727645,-107.3094,CameraRotation,342.6042,271.4078,358.8513,CurrentState,End,Slider,51,Scenario,1
ID,8,Time,332.8389,DronePosition,-110.239,59.27025,-107.379,0,CameraPosition,-103.2023,1.727613,-107.3096,CameraRotation,342.6286,271.3566,358.8767,CurrentState,End,Slider,51,Scenario,1
ID,8,Time,332.8522,DronePosition,-110.239,59.27025,-107.379,0,CameraPosition,-103.2023,1.727605,-107.3098,CameraRotation,342.6426,271.2899,358.8882,CurrentState,End,Slider,51,Scenario,1
ID,8,Time,332.8662,DronePosition,-110.239,59.27025,-107.379,0,CameraPosition,-103.2024,1.727567,-107.31,CameraRotation,342.6464,271.1952,358.9174,CurrentState,End,Slider,51,Scenario,1
ID,8,Time,332.8801,DronePosition,-110.239,59.27025,-107.379,0,CameraPosition,-103.2024,1.727512,-107.3101,CameraRotation,342.6423,271.1007,358.9445,CurrentState,End,Slider,51,Scenario,1
ID,8,Time,332.894,DronePosition,-110.239,59.27025,-107.379,0,CameraPosition,-103.2024,1.727452,-107.3103,CameraRotation,342.6551,270.9997,358.979,CurrentState,End,Slider,51,Scenario,1
ID,8,Time,332.908,DronePosition,-110.239,59.27025,-107.379,0,CameraPosition,-103.2024,1.727415,-107.3105,CameraRotation,342.6906,270.8841,359.0071,CurrentState,End,Slider,51,Scenario,1
ID,8,Time,332.9219,DronePosition,-110.239,59.27025,-107.379,0,CameraPosition,-103.2024,1.727379,-107.3107,CameraRotation,342.7091,270.7814,359.0217,CurrentState,End,Slider,51,Scenario,1
ID,8,Time,332.9355,DronePosition,-110.239,59.27025,-107.379,0,CameraPosition,-103.2024,1.727354,-107.3109,CameraRotation,342.7179,270.6811,359.024,CurrentState,End,Slider,51,Scenario,1
ID,8,Time,332.9495,DronePosition,-110.239,59.27025,-107.379,0,CameraPosition,-103.2024,1.727389,-107.3111,CameraRotation,342.7236,270.5926,359.036,CurrentState,End,Slider,51,Scenario,1
ID,8,Time,332.9638,DronePosition,-110.239,59.27025,-107.379,0,CameraPosition,-103.2024,1.727422,-107.3113,CameraRotation,342.7257,270.5076,359.0551,CurrentState,End,Slider,51,Scenario,1
ID,8,Time,332.9776,DronePosition,-110.239,59.27025,-107.379,0,CameraPosition,-103.2024,1.727457,-107.3115,CameraRotation,342.7177,270.42,359.0898,CurrentState,End,Slider,51,Scenario,1
ID,8,Time,332.9915,DronePosition,-110.239,59.27025,-107.379,0,CameraPosition,-103.2024,1.727463,-107.3116,CameraRotation,342.6875,270.3175,359.112,CurrentState,End,Slider,51,Scenario,1
ID,8,Time,333.0059,DronePosition,-110.239,59.27025,-107.379,0,CameraPosition,-103.2024,1.727454,-107.3118,CameraRotation,342.6796,270.2192,359.1055,CurrentState,End,Slider,51,Scenario,1
ID,8,Time,333.0195,DronePosition,-110.239,59.27025,-107.379,0,CameraPosition,-103.2023,1.727434,-107.3119,CameraRotation,342.676,270.1336,359.097,CurrentState,End,Slider,51,Scenario,1
ID,8,Time,333.0335,DronePosition,-110.239,59.27025,-107.379,0,CameraPosition,-103.2023,1.727441,-107.312,CameraRotation,342.6839,270.0309,359.1015,CurrentState,End,Slider,51,Scenario,1
ID,8,Time,333.0473,DronePosition,-110.239,59.27025,-107.379,0,CameraPosition,-103.2023,1.727443,-107.3121,CameraRotation,342.6837,269.9382,359.091,CurrentState,End,Slider,51,Scenario,1
ID,8,Time,333.0613,DronePosition,-110.239,59.27025,-107.379,0,CameraPosition,-103.2022,1.727413,-107.3122,CameraRotation,342.6839,269.8339,359.0588,CurrentState,End,Slider,51,Scenario,1
ID,8,Time,333.075,DronePosition,-110.239,59.27025,-107.379,0,CameraPosition,-103.2022,1.7274,-107.3123,CameraRotation,342.6974,269.7195,359.0234,CurrentState,End,Slider,51,Scenario,1
ID,8,Time,333.089,DronePosition,-110.239,59.27025,-107.379,0,CameraPosition,-103.2021,1.72742,-107.3125,CameraRotation,342.6967,269.5997,358.9993,CurrentState,End,Slider,51,Scenario,1
ID,8,Time,333.1029,DronePosition,-110.239,59.27025,-107.379,0,CameraPosition,-103.202,1.727504,-107.3126,CameraRotation,342.6761,269.4596,359.0208,CurrentState,End,Slider,51,Scenario,1
ID,8,Time,333.1166,DronePosition,-110.239,59.27025,-107.379,0,CameraPosition,-103.2019,1.727634,-107.3127,CameraRotation,342.6362,269.3151,359.0636,CurrentState,End,Slider,51,Scenario,1
ID,8,Time,333.1306,DronePosition,-110.239,59.27025,-107.379,0,CameraPosition,-103.2018,1.727758,-107.3128,CameraRotation,342.5908,269.1556,359.1193,CurrentState,End,Slider,51,Scenario,1
ID,8,Time,333.1446,DronePosition,-110.239,59.27025,-107.379,0,CameraPosition,-103.2018,1.727845,-107.313,CameraRotation,342.5522,268.9748,359.1696,CurrentState,End,Slider,51,Scenario,1
ID,8,Time,333.1587,DronePosition,-110.239,59.27025,-107.379,0,CameraPosition,-103.2017,1.727935,-107.3131,CameraRotation,342.5171,268.7928,359.2039,CurrentState,End,Slider,51,Scenario,1
ID,8,Time,333.1725,DronePosition,-110.239,59.27025,-107.379,0,CameraPosition,-103.2017,1.728015,-107.3133,CameraRotation,342.4719,268.6074,359.2385,CurrentState,End,Slider,51,Scenario,1
ID,8,Time,333.1864,DronePosition,-110.239,59.27025,-107.379,0,CameraPosition,-103.2017,1.728088,-107.3133,CameraRotation,342.427,268.4101,359.2746,CurrentState,End,Slider,51,Scenario,1
ID,8,Time,333.2,DronePosition,-110.239,59.27025,-107.379,0,CameraPosition,-103.2017,1.728137,-107.3133,CameraRotation,342.3854,268.1967,359.311,CurrentState,End,Slider,51,Scenario,1
ID,8,Time,333.2143,DronePosition,-110.239,59.27025,-107.379,0,CameraPosition,-103.2017,1.72818,-107.3134,CameraRotation,342.3534,267.9656,359.3481,CurrentState,End,Slider,51,Scenario,1
ID,8,Time,333.2291,DronePosition,-110.239,59.27025,-107.379,0,CameraPosition,-103.2016,1.728221,-107.3135,CameraRotation,342.3184,267.7367,359.3743,CurrentState,End,Slider,51,Scenario,1
ID,8,Time,333.2423,DronePosition,-110.239,59.27025,-107.379,0,CameraPosition,-103.2017,1.728268,-107.3136,CameraRotation,342.269,267.518,359.3933,CurrentState,End,Slider,51,Scenario,1
ID,8,Time,333.2562,DronePosition,-110.239,59.27025,-107.379,0,CameraPosition,-103.2017,1.728334,-107.3136,CameraRotation,342.2015,267.2993,359.3866,CurrentState,End,Slider,51,Scenario,1
ID,8,Time,333.2697,DronePosition,-110.239,59.27025,-107.379,0,CameraPosition,-103.2017,1.728396,-107.3137,CameraRotation,342.1602,267.0824,359.3637,CurrentState,End,Slider,51,Scenario,1
ID,8,Time,333.2834,DronePosition,-110.239,59.27025,-107.379,0,CameraPosition,-103.2018,1.728463,-107.3137,CameraRotation,342.1389,266.8762,359.3326,CurrentState,End,Slider,51,Scenario,1
ID,8,Time,333.2979,DronePosition,-110.239,59.27025,-107.379,0,CameraPosition,-103.2018,1.728473,-107.3137,CameraRotation,342.0966,266.6824,359.3069,CurrentState,End,Slider,51,Scenario,1
ID,8,Time,333.3115,DronePosition,-110.239,59.27025,-107.379,0,CameraPosition,-103.2019,1.728439,-107.3137,CameraRotation,342.0855,266.4917,359.32,CurrentState,End,Slider,51,Scenario,1
ID,8,Time,333.3254,DronePosition,-110.239,59.27025,-107.379,0,CameraPosition,-103.2019,1.728383,-107.3137,CameraRotation,342.1157,266.3162,359.315,CurrentState,End,Slider,51,Scenario,1
ID,8,Time,333.3394,DronePosition,-110.239,59.27025,-107.379,0,CameraPosition,-103.202,1.728319,-107.3136,CameraRotation,342.1722,266.17,359.2581,CurrentState,End,Slider,51,Scenario,1
ID,8,Time,333.3534,DronePosition,-110.239,59.27025,-107.379,0,CameraPosition,-103.2021,1.72828,-107.3135,CameraRotation,342.2039,266.0453,359.1812,CurrentState,End,Slider,51,Scenario,1
ID,8,Time,333.3671,DronePosition,-110.239,59.27025,-107.379,0,CameraPosition,-103.2022,1.728281,-107.3133,CameraRotation,342.2261,265.926,359.1144,CurrentState,End,Slider,51,Scenario,1
ID,8,Time,333.3813,DronePosition,-110.239,59.27025,-107.379,0,CameraPosition,-103.2023,1.728257,-107.3132,CameraRotation,342.2529,265.8358,359.0792,CurrentState,End,Slider,51,Scenario,1
ID,8,Time,333.3952,DronePosition,-110.239,59.27025,-107.379,0,CameraPosition,-103.2024,1.72818,-107.3131,CameraRotation,342.2993,265.7383,359.051,CurrentState,End,Slider,51,Scenario,1
ID,8,Time,333.409,DronePosition,-110.239,59.27025,-107.379,0,CameraPosition,-103.2024,1.728056,-107.313,CameraRotation,342.365,265.6682,359.0265,CurrentState,End,Slider,51,Scenario,1
ID,8,Time,333.4231,DronePosition,-110.239,59.27025,-107.379,0,CameraPosition,-103.2024,1.727904,-107.3128,CameraRotation,342.4471,265.6176,358.9958,CurrentState,End,Slider,51,Scenario,1
ID,8,Time,333.4367,DronePosition,-110.239,59.27025,-107.379,0,CameraPosition,-103.2025,1.727759,-107.3127,CameraRotation,342.5231,265.5701,358.9735,CurrentState,End,Slider,51,Scenario,1
ID,8,Time,333.4508,DronePosition,-110.239,59.27025,-107.379,0,CameraPosition,-103.2025,1.72762,-107.3126,CameraRotation,342.5777,265.5339,358.9491,CurrentState,End,Slider,51,Scenario,1
ID,8,Time,333.4647,DronePosition,-110.239,59.27025,-107.379,0,CameraPosition,-103.2026,1.727497,-107.3124,CameraRotation,342.6262,265.4908,358.9309,CurrentState,End,Slider,51,Scenario,1
ID,8,Time,333.4796,DronePosition,-110.239,59.27025,-107.379,0,CameraPosition,-103.2026,1.727403,-107.3123,CameraRotation,342.6702,265.449,358.8958,CurrentState,End,Slider,51,Scenario,1
ID,8,Time,333.4926,DronePosition,-110.239,59.27025,-107.379,0,CameraPosition,-103.2026,1.727323,-107.3121,CameraRotation,342.7056,265.4088,358.8649,CurrentState,End,Slider,51,Scenario,1
ID,8,Time,333.5066,DronePosition,-110.239,59.27025,-107.379,0,CameraPosition,-103.2026,1.727235,-107.3119,CameraRotation,342.7329,265.3547,358.8553,CurrentState,End,Slider,51,Scenario,1
ID,8,Time,333.5201,DronePosition,-110.239,59.27025,-107.379,0,CameraPosition,-103.2026,1.727169,-107.3118,CameraRotation,342.7974,265.2988,358.8495,CurrentState,End,Slider,51,Scenario,1
ID,8,Time,333.5341,DronePosition,-110.239,59.27025,-107.379,0,CameraPosition,-103.2026,1.72708,-107.3116,CameraRotation,342.8483,265.2539,358.8334,CurrentState,End,Slider,51,Scenario,1
ID,8,Time,333.5482,DronePosition,-110.239,59.27025,-107.379,0,CameraPosition,-103.2026,1.726985,-107.3115,CameraRotation,342.8871,265.227,358.7778,CurrentState,End,Slider,51,Scenario,1
ID,8,Time,333.5622,DronePosition,-110.239,59.27025,-107.379,0,CameraPosition,-103.2026,1.726882,-107.3113,CameraRotation,342.9038,265.1948,358.757,CurrentState,End,Slider,51,Scenario,1
ID,8,Time,333.5763,DronePosition,-110.239,59.27025,-107.379,0,CameraPosition,-103.2025,1.726807,-107.3112,CameraRotation,342.9205,265.1815,358.7575,CurrentState,End,Slider,51,Scenario,1
ID,8,Time,333.5901,DronePosition,-110.239,59.27025,-107.379,0,CameraPosition,-103.2025,1.726743,-107.311,CameraRotation,342.9282,265.163,358.7758,CurrentState,End,Slider,51,Scenario,1
ID,8,Time,333.6042,DronePosition,-110.239,59.27025,-107.379,0,CameraPosition,-103.2024,1.726719,-107.3109,CameraRotation,342.9405,265.1644,358.7899,CurrentState,End,Slider,51,Scenario,1
ID,8,Time,333.618,DronePosition,-110.239,59.27025,-107.379,0,CameraPosition,-103.2024,1.726689,-107.3108,CameraRotation,342.9205,265.1819,358.7897,CurrentState,End,Slider,51,Scenario,1
ID,8,Time,333.6317,DronePosition,-110.239,59.27025,-107.379,0,CameraPosition,-103.2023,1.726666,-107.3106,CameraRotation,342.9028,265.2112,358.8087,CurrentState,End,Slider,51,Scenario,1
ID,8,Time,333.6458,DronePosition,-110.239,59.27025,-107.379,0,CameraPosition,-103.2023,1.726642,-107.3105,CameraRotation,342.8759,265.2458,358.8385,CurrentState,End,Slider,51,Scenario,1
ID,8,Time,333.6606,DronePosition,-110.239,59.27025,-107.379,0,CameraPosition,-103.2023,1.726646,-107.3103,CameraRotation,342.8525,265.2887,358.866,CurrentState,End,Slider,51,Scenario,1
ID,8,Time,333.6741,DronePosition,-110.239,59.27025,-107.379,0,CameraPosition,-103.2023,1.726697,-107.3102,CameraRotation,342.8345,265.3214,358.8845,CurrentState,End,Slider,51,Scenario,1
ID,8,Time,333.6877,DronePosition,-110.239,59.27025,-107.379,0,CameraPosition,-103.2023,1.726755,-107.31,CameraRotation,342.7846,265.3712,358.8849,CurrentState,End,Slider,51,Scenario,1
ID,8,Time,333.7016,DronePosition,-110.239,59.27025,-107.379,0,CameraPosition,-103.2022,1.726828,-107.3099,CameraRotation,342.7297,265.4272,358.8737,CurrentState,End,Slider,51,Scenario,1
ID,8,Time,333.7152,DronePosition,-110.239,59.27025,-107.379,0,CameraPosition,-103.2022,1.726883,-107.3098,CameraRotation,342.6772,265.4868,358.8672,CurrentState,End,Slider,51,Scenario,1
ID,8,Time,333.7293,DronePosition,-110.239,59.27025,-107.379,0,CameraPosition,-103.2022,1.726922,-107.3097,CameraRotation,342.6297,265.533,358.8711,CurrentState,End,Slider,51,Scenario,1
ID,8,Time,333.7432,DronePosition,-110.239,59.27025,-107.379,0,CameraPosition,-103.2022,1.72695,-107.3096,CameraRotation,342.5907,265.5848,358.8777,CurrentState,End,Slider,51,Scenario,1
ID,8,Time,333.7572,DronePosition,-110.239,59.27025,-107.379,0,CameraPosition,-103.2022,1.726948,-107.3095,CameraRotation,342.5434,265.6357,358.8834,CurrentState,End,Slider,51,Scenario,1
ID,8,Time,333.7711,DronePosition,-110.239,59.27025,-107.379,0,CameraPosition,-103.2023,1.726939,-107.3094,CameraRotation,342.5111,265.689,358.8849,CurrentState,End,Slider,51,Scenario,1
ID,8,Time,333.7849,DronePosition,-110.239,59.27025,-107.379,0,CameraPosition,-103.2023,1.726949,-107.3094,CameraRotation,342.4886,265.7473,358.8697,CurrentState,End,Slider,51,Scenario,1
ID,8,Time,333.7989,DronePosition,-110.239,59.27025,-107.379,0,CameraPosition,-103.2024,1.726971,-107.3093,CameraRotation,342.454,265.7982,358.8788,CurrentState,End,Slider,51,Scenario,1
ID,8,Time,333.813,DronePosition,-110.239,59.27025,-107.379,0,CameraPosition,-103.2024,1.726996,-107.3092,CameraRotation,342.4088,265.8445,358.8888,CurrentState,End,Slider,51,Scenario,1
ID,8,Time,333.8269,DronePosition,-110.239,59.27025,-107.379,0,CameraPosition,-103.2025,1.726982,-107.3092,CameraRotation,342.3676,265.8905,358.9049,CurrentState,End,Slider,51,Scenario,1
ID,8,Time,333.8407,DronePosition,-110.239,59.27025,-107.379,0,CameraPosition,-103.2027,1.726928,-107.3092,CameraRotation,342.3434,265.9422,358.9065,CurrentState,End,Slider,51,Scenario,1
ID,8,Time,333.8547,DronePosition,-110.239,59.27025,-107.379,0,CameraPosition,-103.2028,1.726893,-107.3092,CameraRotation,342.3272,265.9905,358.8941,CurrentState,End,Slider,51,Scenario,1
ID,8,Time,333.8684,DronePosition,-110.239,59.27025,-107.379,0,CameraPosition,-103.203,1.72688,-107.3092,CameraRotation,342.3157,266.0474,358.8673,CurrentState,End,Slider,51,Scenario,1
ID,8,Time,333.8826,DronePosition,-110.239,59.27025,-107.379,0,CameraPosition,-103.2031,1.726915,-107.3093,CameraRotation,342.3085,266.0981,358.8435,CurrentState,End,Slider,51,Scenario,1
ID,8,Time,333.8969,DronePosition,-110.239,59.27025,-107.379,0,CameraPosition,-103.2032,1.726936,-107.3093,CameraRotation,342.2827,266.1331,358.8453,CurrentState,End,Slider,51,Scenario,1
ID,8,Time,333.9102,DronePosition,-110.239,59.27025,-107.379,0,CameraPosition,-103.2034,1.726941,-107.3094,CameraRotation,342.2699,266.1488,358.8884,CurrentState,End,Slider,51,Scenario,1
ID,8,Time,333.9243,DronePosition,-110.239,59.27025,-107.379,0,CameraPosition,-103.2035,1.726912,-107.3095,CameraRotation,342.2771,266.1535,358.966,CurrentState,End,Slider,51,Scenario,1
ID,8,Time,333.9383,DronePosition,-110.239,59.27025,-107.379,0,CameraPosition,-103.2037,1.726893,-107.3096,CameraRotation,342.2895,266.1617,358.9961,CurrentState,End,Slider,51,Scenario,1
ID,8,Time,333.9518,DronePosition,-110.239,59.27025,-107.379,0,CameraPosition,-103.2038,1.726887,-107.3097,CameraRotation,342.2903,266.1881,358.9653,CurrentState,End,Slider,51,Scenario,1
ID,8,Time,333.966,DronePosition,-110.239,59.27025,-107.379,0,CameraPosition,-103.204,1.726906,-107.3099,CameraRotation,342.2704,266.2001,358.926,CurrentState,End,Slider,51,Scenario,1
ID,8,Time,333.98,DronePosition,-110.239,59.27025,-107.379,0,CameraPosition,-103.2042,1.726926,-107.31,CameraRotation,342.2387,266.1932,358.9449,CurrentState,End,Slider,51,Scenario,1
ID,8,Time,333.9941,DronePosition,-110.239,59.27025,-107.379,0,CameraPosition,-103.2045,1.726927,-107.3102,CameraRotation,342.2234,266.1774,359.0033,CurrentState,End,Slider,51,Scenario,1
ID,8,Time,334.0081,DronePosition,-110.239,59.27025,-107.379,0,CameraPosition,-103.2047,1.726884,-107.3103,CameraRotation,342.2341,266.1434,359.0594,CurrentState,End,Slider,51,Scenario,1
ID,8,Time,334.0222,DronePosition,-110.239,59.27025,-107.379,0,CameraPosition,-103.2049,1.72683,-107.3105,CameraRotation,342.2465,266.1155,359.0747,CurrentState,End,Slider,51,Scenario,1
ID,8,Time,334.0359,DronePosition,-110.239,59.27025,-107.379,0,CameraPosition,-103.205,1.72681,-107.3107,CameraRotation,342.2536,266.0895,359.0891,CurrentState,End,Slider,51,Scenario,1
ID,8,Time,334.05,DronePosition,-110.239,59.27025,-107.379,0,CameraPosition,-103.2052,1.726799,-107.311,CameraRotation,342.2412,266.0632,359.1249,CurrentState,End,Slider,51,Scenario,1
ID,8,Time,334.0639,DronePosition,-110.239,59.27025,-107.379,0,CameraPosition,-103.2054,1.726806,-107.3112,CameraRotation,342.2263,266.0213,359.1677,CurrentState,End,Slider,51,Scenario,1
ID,8,Time,334.0783,DronePosition,-110.239,59.27025,-107.379,0,CameraPosition,-103.2056,1.726842,-107.3115,CameraRotation,342.2458,265.9775,359.207,CurrentState,End,Slider,51,Scenario,1
ID,8,Time,334.0921,DronePosition,-110.239,59.27025,-107.379,0,CameraPosition,-103.2058,1.726865,-107.3118,CameraRotation,342.2603,265.9275,359.2496,CurrentState,End,Slider,51,Scenario,1
ID,8,Time,334.1057,DronePosition,-110.239,59.27025,-107.379,0,CameraPosition,-103.2059,1.726866,-107.3121,CameraRotation,342.2562,265.879,359.2809,CurrentState,End,Slider,51,Scenario,1
ID,8,Time,334.1195,DronePosition,-110.239,59.27025,-107.379,0,CameraPosition,-103.2061,1.726879,-107.3123,CameraRotation,342.2426,265.8268,359.3041,CurrentState,End,Slider,51,Scenario,1
ID,8,Time,334.1335,DronePosition,-110.239,59.27025,-107.379,0,CameraPosition,-103.2063,1.7269,-107.3126,CameraRotation,342.2292,265.7754,359.3207,CurrentState,End,Slider,51,Scenario,1
ID,8,Time,334.1476,DronePosition,-110.239,59.27025,-107.379,0,CameraPosition,-103.2065,1.726896,-107.3129,CameraRotation,342.2101,265.7346,359.3116,CurrentState,End,Slider,51,Scenario,1
ID,8,Time,334.1613,DronePosition,-110.239,59.27025,-107.379,0,CameraPosition,-103.2067,1.726919,-107.3132,CameraRotation,342.2026,265.6931,359.2971,CurrentState,End,Slider,51,Scenario,1
ID,8,Time,334.1752,DronePosition,-110.239,59.27025,-107.379,0,CameraPosition,-103.2068,1.72699,-107.3135,CameraRotation,342.2104,265.6428,359.2992,CurrentState,End,Slider,51,Scenario,1
ID,8,Time,334.1895,DronePosition,-110.239,59.27025,-107.379,0,CameraPosition,-103.207,1.727051,-107.3138,CameraRotation,342.2092,265.5796,359.3401,CurrentState,End,Slider,51,Scenario,1
ID,8,Time,334.2033,DronePosition,-110.239,59.27025,-107.379,0,CameraPosition,-103.2072,1.72709,-107.3141,CameraRotation,342.2191,265.5337,359.381,CurrentState,End,Slider,51,Scenario,1
ID,8,Time,334.2169,DronePosition,-110.239,59.27025,-107.379,0,CameraPosition,-103.2073,1.727086,-107.3144,CameraRotation,342.2373,265.4989,359.4005,CurrentState,End,Slider,51,Scenario,1
ID,8,Time,334.231,DronePosition,-110.239,59.27025,-107.379,0,CameraPosition,-103.2075,1.727081,-107.3148,CameraRotation,342.2525,265.4813,359.4101,CurrentState,End,Slider,51,Scenario,1
ID,8,Time,334.245,DronePosition,-110.239,59.27025,-107.379,0,CameraPosition,-103.2076,1.727069,-107.3151,CameraRotation,342.2709,265.4889,359.4108,CurrentState,End,Slider,51,Scenario,1
ID,8,Time,334.259,DronePosition,-110.239,59.27025,-107.379,0,CameraPosition,-103.2077,1.72705,-107.3154,CameraRotation,342.2882,265.5221,359.4404,CurrentState,End,Slider,51,Scenario,1
ID,8,Time,334.2729,DronePosition,-110.239,59.27025,-107.379,0,CameraPosition,-103.2079,1.72706,-107.3157,CameraRotation,342.3099,265.5687,359.4883,CurrentState,End,Slider,51,Scenario,1
ID,8,Time,334.2866,DronePosition,-110.239,59.27025,-107.379,0,CameraPosition,-103.208,1.727103,-107.316,CameraRotation,342.326,265.6452,359.5456,CurrentState,End,Slider,51,Scenario,1
ID,8,Time,334.3003,DronePosition,-110.239,59.27025,-107.379,0,CameraPosition,-103.2081,1.727151,-107.3163,CameraRotation,342.3351,265.7484,359.6071,CurrentState,End,Slider,51,Scenario,1
ID,8,Time,334.3143,DronePosition,-110.239,59.27025,-107.379,0,CameraPosition,-103.2083,1.727166,-107.3165,CameraRotation,342.3547,265.8517,359.6741,CurrentState,End,Slider,51,Scenario,1
ID,8,Time,334.3282,DronePosition,-110.239,59.27025,-107.379,0,CameraPosition,-103.2084,1.727162,-107.3167,CameraRotation,342.3985,265.9897,359.7375,CurrentState,End,Slider,51,Scenario,1
ID,8,Time,334.3421,DronePosition,-110.239,59.27025,-107.379,0,CameraPosition,-103.2085,1.727129,-107.317,CameraRotation,342.4488,266.122,359.7967,CurrentState,End,Slider,51,Scenario,1
ID,8,Time,334.3562,DronePosition,-110.239,59.27025,-107.379,0,CameraPosition,-103.2086,1.727054,-107.3173,CameraRotation,342.5052,266.2702,359.8645,CurrentState,End,Slider,51,Scenario,1
ID,8,Time,334.3698,DronePosition,-110.239,59.27025,-107.379,0,CameraPosition,-103.2087,1.727002,-107.3175,CameraRotation,342.5469,266.4139,359.9181,CurrentState,End,Slider,51,Scenario,1
ID,8,Time,334.3836,DronePosition,-110.239,59.27025,-107.379,0,CameraPosition,-103.2088,1.726977,-107.3178,CameraRotation,342.5825,266.5595,359.9718,CurrentState,End,Slider,51,Scenario,1
ID,8,Time,334.3977,DronePosition,-110.239,59.27025,-107.379,0,CameraPosition,-103.2088,1.726977,-107.3181,CameraRotation,342.5928,266.7012,0.01162549,CurrentState,End,Slider,51,Scenario,1
ID,8,Time,334.4115,DronePosition,-110.239,59.27025,-107.379,0,CameraPosition,-103.2089,1.726979,-107.3184,CameraRotation,342.5999,266.8554,0.06513532,CurrentState,End,Slider,51,Scenario,1
ID,8,Time,334.4255,DronePosition,-110.239,59.27025,-107.379,0,CameraPosition,-103.209,1.726937,-107.3187,CameraRotation,342.6264,267.0128,0.1134846,CurrentState,End,Slider,51,Scenario,1
ID,8,Time,334.4394,DronePosition,-110.239,59.27025,-107.379,0,CameraPosition,-103.209,1.726866,-107.3189,CameraRotation,342.6774,267.1736,0.1687287,CurrentState,End,Slider,51,Scenario,1
ID,8,Time,334.4535,DronePosition,-110.239,59.27025,-107.379,0,CameraPosition,-103.2091,1.726766,-107.3192,CameraRotation,342.7508,267.3513,0.218925,CurrentState,End,Slider,51,Scenario,1
ID,8,Time,334.4671,DronePosition,-110.239,59.27025,-107.379,0,CameraPosition,-103.2091,1.726635,-107.3194,CameraRotation,342.832,267.5096,0.2690767,CurrentState,End,Slider,51,Scenario,1
ID,8,Time,334.4812,DronePosition,-110.239,59.27025,-107.379,0,CameraPosition,-103.2091,1.726498,-107.3196,CameraRotation,342.9253,267.6561,0.3237206,CurrentState,End,Slider,51,Scenario,1
ID,8,Time,334.4953,DronePosition,-110.239,59.27025,-107.379,0,CameraPosition,-103.2091,1.72637,-107.3199,CameraRotation,343.0251,267.7935,0.3846521,CurrentState,End,Slider,51,Scenario,1
ID,8,Time,334.5094,DronePosition,-110.239,59.27025,-107.379,0,CameraPosition,-103.2091,1.726272,-107.3202,CameraRotation,343.1012,267.9354,0.4116696,CurrentState,End,Slider,51,Scenario,1
ID,8,Time,334.5228,DronePosition,-110.239,59.27025,-107.379,0,CameraPosition,-103.2092,1.726204,-107.3205,CameraRotation,343.1505,268.0671,0.4493541,CurrentState,End,Slider,51,Scenario,1
ID,8,Time,334.5369,DronePosition,-110.239,59.27025,-107.379,0,CameraPosition,-103.2092,1.726178,-107.3208,CameraRotation,343.1918,268.191,0.4799197,CurrentState,End,Slider,51,Scenario,1
ID,8,Time,334.5507,DronePosition,-110.239,59.27025,-107.379,0,CameraPosition,-103.2092,1.726189,-107.3212,CameraRotation,343.2276,268.3178,0.4745743,CurrentState,End,Slider,51,Scenario,1
ID,8,Time,334.5648,DronePosition,-110.239,59.27025,-107.379,0,CameraPosition,-103.2092,1.726199,-107.3215,CameraRotation,343.2664,268.431,0.4218883,CurrentState,End,Slider,51,Scenario,1
ID,8,Time,334.5783,DronePosition,-110.239,59.27025,-107.379,0,CameraPosition,-103.2091,1.726168,-107.3219,CameraRotation,343.3183,268.5313,0.3938953,CurrentState,End,Slider,51,Scenario,1
ID,8,Time,334.5925,DronePosition,-110.239,59.27025,-107.379,0,CameraPosition,-103.2091,1.726115,-107.3222,CameraRotation,343.3784,268.6131,0.386674,CurrentState,End,Slider,51,Scenario,1
ID,8,Time,334.6064,DronePosition,-110.239,59.27025,-107.379,0,CameraPosition,-103.2091,1.72604,-107.3226,CameraRotation,343.4284,268.6845,0.3997205,CurrentState,End,Slider,51,Scenario,1
ID,8,Time,334.6203,DronePosition,-110.239,59.27025,-107.379,0,CameraPosition,-103.209,1.725974,-107.323,CameraRotation,343.4782,268.7438,0.4119882,CurrentState,End,Slider,51,Scenario,1
ID,8,Time,334.6341,DronePosition,-110.239,59.27025,-107.379,0,CameraPosition,-103.209,1.725926,-107.3233,CameraRotation,343.5154,268.8219,0.4239781,CurrentState,End,Slider,51,Scenario,1
ID,8,Time,334.648,DronePosition,-110.239,59.27025,-107.379,0,CameraPosition,-103.209,1.725893,-107.3237,CameraRotation,343.5208,268.8908,0.4250027,CurrentState,End,Slider,51,Scenario,1
ID,8,Time,334.6624,DronePosition,-110.239,59.27025,-107.379,0,CameraPosition,-103.209,1.725897,-107.3241,CameraRotation,343.5334,268.972,0.4237413,CurrentState,End,Slider,51,Scenario,1
ID,8,Time,334.6761,DronePosition,-110.239,59.27025,-107.379,0,CameraPosition,-103.2089,1.725911,-107.3244,CameraRotation,343.5436,269.0405,0.4347743,CurrentState,End,Slider,51,Scenario,1
ID,8,Time,334.6903,DronePosition,-110.239,59.27025,-107.379,0,CameraPosition,-103.2089,1.725938,-107.3248,CameraRotation,343.5751,269.0981,0.4619486,CurrentState,End,Slider,51,Scenario,1
ID,8,Time,334.7045,DronePosition,-110.239,59.27025,-107.379,0,CameraPosition,-103.2089,1.72596,-107.3252,CameraRotation,343.6032,269.1548,0.4996704,CurrentState,End,Slider,51,Scenario,1
ID,8,Time,334.7177,DronePosition,-110.239,59.27025,-107.379,0,CameraPosition,-103.2089,1.725962,-107.3256,CameraRotation,343.6463,269.203,0.5308884,CurrentState,End,Slider,51,Scenario,1
ID,8,Time,334.7321,DronePosition,-110.239,59.27025,-107.379,0,CameraPosition,-103.2089,1.725975,-107.326,CameraRotation,343.6995,269.2429,0.555725,CurrentState,End,Slider,51,Scenario,1
ID,8,Time,334.7457,DronePosition,-110.239,59.27025,-107.379,0,CameraPosition,-103.2089,1.72599,-107.3264,CameraRotation,343.7292,269.2726,0.5785029,CurrentState,End,Slider,51,Scenario,1
ID,8,Time,334.7595,DronePosition,-110.239,59.27025,-107.379,0,CameraPosition,-103.2089,1.726033,-107.3268,CameraRotation,343.7378,269.2971,0.5929703,CurrentState,End,Slider,51,Scenario,1
ID,8,Time,334.7735,DronePosition,-110.239,59.27025,-107.379,0,CameraPosition,-103.209,1.726089,-107.3272,CameraRotation,343.7305,269.298,0.5987392,CurrentState,End,Slider,51,Scenario,1
ID,8,Time,334.7875,DronePosition,-110.239,59.27025,-107.379,0,CameraPosition,-103.2091,1.726114,-107.3276,CameraRotation,343.7409,269.2894,0.6066167,CurrentState,End,Slider,51,Scenario,1
ID,8,Time,334.8012,DronePosition,-110.239,59.27025,-107.379,0,CameraPosition,-103.2092,1.726108,-107.328,CameraRotation,343.7597,269.2725,0.6332895,CurrentState,End,Slider,51,Scenario,1
ID,8,Time,334.8153,DronePosition,-110.239,59.27025,-107.379,0,CameraPosition,-103.2092,1.726091,-107.3284,CameraRotation,343.7903,269.2419,0.6589167,CurrentState,End,Slider,51,Scenario,1
ID,8,Time,334.8293,DronePosition,-110.239,59.27025,-107.379,0,CameraPosition,-103.2093,1.726084,-107.3289,CameraRotation,343.8347,269.1903,0.6760293,CurrentState,End,Slider,51,Scenario,1
ID,8,Time,334.8434,DronePosition,-110.239,59.27025,-107.379,0,CameraPosition,-103.2094,1.726081,-107.3293,CameraRotation,343.8536,269.1353,0.6901388,CurrentState,End,Slider,51,Scenario,1
ID,8,Time,334.8571,DronePosition,-110.239,59.27025,-107.379,0,CameraPosition,-103.2095,1.726104,-107.3297,CameraRotation,343.8624,269.0702,0.7018942,CurrentState,End,Slider,51,Scenario,1
ID,8,Time,334.8709,DronePosition,-110.239,59.27025,-107.379,0,CameraPosition,-103.2096,1.726187,-107.3301,CameraRotation,343.8777,269.0019,0.7165799,CurrentState,End,Slider,51,Scenario,1
ID,8,Time,334.8846,DronePosition,-110.239,59.27025,-107.379,0,CameraPosition,-103.2098,1.726271,-107.3304,CameraRotation,343.8884,268.9278,0.721043,CurrentState,End,Slider,51,Scenario,1
ID,8,Time,334.8987,DronePosition,-110.239,59.27025,-107.379,0,CameraPosition,-103.21,1.726292,-107.3308,CameraRotation,343.9037,268.862,0.7365658,CurrentState,End,Slider,51,Scenario,1
ID,8,Time,334.9132,DronePosition,-110.239,59.27025,-107.379,0,CameraPosition,-103.2101,1.726319,-107.3312,CameraRotation,343.9203,268.8065,0.7370178,CurrentState,End,Slider,51,Scenario,1
ID,8,Time,334.9269,DronePosition,-110.239,59.27025,-107.379,0,CameraPosition,-103.2103,1.726355,-107.3315,CameraRotation,343.9257,268.7533,0.7432927,CurrentState,End,Slider,51,Scenario,1
ID,8,Time,334.9405,DronePosition,-110.239,59.27025,-107.379,0,CameraPosition,-103.2105,1.726379,-107.3319,CameraRotation,343.9331,268.7161,0.7417064,CurrentState,End,Slider,51,Scenario,1
ID,8,Time,334.9544,DronePosition,-110.239,59.27025,-107.379,0,CameraPosition,-103.2108,1.726376,-107.3322,CameraRotation,343.9494,268.6754,0.7395862,CurrentState,End,Slider,51,Scenario,1
ID,8,Time,334.9683,DronePosition,-110.239,59.27025,-107.379,0,CameraPosition,-103.211,1.726358,-107.3325,CameraRotation,343.9954,268.6361,0.7341728,CurrentState,End,Slider,51,Scenario,1
ID,8,Time,334.9821,DronePosition,-110.239,59.27025,-107.379,0,CameraPosition,-103.2112,1.726351,-107.3329,CameraRotation,344.0413,268.585,0.7239071,CurrentState,End,Slider,51,Scenario,1
ID,8,Time,334.9962,DronePosition,-110.239,59.27025,-107.379,0,CameraPosition,-103.2114,1.726348,-107.3332,CameraRotation,344.0684,268.5432,0.711688,CurrentState,End,Slider,51,Scenario,1
ID,8,Time,335.0101,DronePosition,-110.239,59.27025,-107.379,0,CameraPosition,-103.2116,1.726323,-107.3335,CameraRotation,344.1139,268.4829,0.7121073,CurrentState,End,Slider,51,Scenario,1
ID,8,Time,335.024,DronePosition,-110.239,59.27025,-107.379,0,CameraPosition,-103.2118,1.726336,-107.3338,CameraRotation,344.1641,268.4309,0.6957498,CurrentState,End,Slider,51,Scenario,1
ID,8,Time,335.0379,DronePosition,-110.239,59.27025,-107.379,0,CameraPosition,-103.212,1.726372,-107.3341,CameraRotation,344.2045,268.3737,0.6818828,CurrentState,End,Slider,51,Scenario,1
ID,8,Time,335.0516,DronePosition,-110.239,59.27025,-107.379,0,CameraPosition,-103.2122,1.726374,-107.3344,CameraRotation,344.2306,268.3336,0.6706185,CurrentState,End,Slider,51,Scenario,1
ID,8,Time,335.0656,DronePosition,-110.239,59.27025,-107.379,0,CameraPosition,-103.2124,1.726336,-107.3347,CameraRotation,344.2783,268.3034,0.6531255,CurrentState,End,Slider,51,Scenario,1
ID,8,Time,335.0799,DronePosition,-110.239,59.27025,-107.379,0,CameraPosition,-103.2125,1.726281,-107.335,CameraRotation,344.3221,268.282,0.6435557,CurrentState,End,Slider,51,Scenario,1
ID,8,Time,335.094,DronePosition,-110.239,59.27025,-107.379,0,CameraPosition,-103.2127,1.726268,-107.3353,CameraRotation,344.3789,268.2698,0.6304408,CurrentState,End,Slider,51,Scenario,1
ID,8,Time,335.1076,DronePosition,-110.239,59.27025,-107.379,0,CameraPosition,-103.2129,1.726241,-107.3355,CameraRotation,344.4171,268.2552,0.6427315,CurrentState,End,Slider,51,Scenario,1
ID,8,Time,335.1218,DronePosition,-110.239,59.27025,-107.379,0,CameraPosition,-103.2131,1.726213,-107.3357,CameraRotation,344.4474,268.2293,0.6875909,CurrentState,End,Slider,51,Scenario,1
ID,8,Time,335.1357,DronePosition,-110.239,59.27025,-107.379,0,CameraPosition,-103.2132,1.726182,-107.3359,CameraRotation,344.4822,268.1926,0.7694334,CurrentState,End,Slider,51,Scenario,1
ID,8,Time,335.1494,DronePosition,-110.239,59.27025,-107.379,0,CameraPosition,-103.2133,1.726153,-107.3361,CameraRotation,344.5137,268.1548,0.807531,CurrentState,End,Slider,51,Scenario,1
ID,8,Time,335.1634,DronePosition,-110.239,59.27025,-107.379,0,CameraPosition,-103.2134,1.726138,-107.3363,CameraRotation,344.5359,268.1353,0.7837219,CurrentState,End,Slider,51,Scenario,1
ID,8,Time,335.1775,DronePosition,-110.239,59.27025,-107.379,0,CameraPosition,-103.2135,1.726152,-107.3364,CameraRotation,344.5405,268.1179,0.7499933,CurrentState,End,Slider,51,Scenario,1
ID,8,Time,335.1912,DronePosition,-110.239,59.27025,-107.379,0,CameraPosition,-103.2135,1.726267,-107.3365,CameraRotation,344.524,268.0823,0.7538078,CurrentState,End,Slider,51,Scenario,1
ID,8,Time,335.2053,DronePosition,-110.239,59.27025,-107.379,0,CameraPosition,-103.2136,1.726347,-107.3366,CameraRotation,344.4925,268.0436,0.7937782,CurrentState,End,Slider,51,Scenario,1
ID,8,Time,335.2192,DronePosition,-110.239,59.27025,-107.379,0,CameraPosition,-103.2136,1.726382,-107.3367,CameraRotation,344.4792,267.9893,0.8260763,CurrentState,End,Slider,51,Scenario,1
ID,8,Time,335.233,DronePosition,-110.239,59.27025,-107.379,0,CameraPosition,-103.2137,1.726344,-107.3367,CameraRotation,344.4892,267.928,0.8273921,CurrentState,End,Slider,51,Scenario,1
ID,8,Time,335.2469,DronePosition,-110.239,59.27025,-107.379,0,CameraPosition,-103.2137,1.726279,-107.3368,CameraRotation,344.5181,267.8766,0.8006341,CurrentState,End,Slider,51,Scenario,1
ID,8,Time,335.2608,DronePosition,-110.239,59.27025,-107.379,0,CameraPosition,-103.2137,1.726222,-107.3368,CameraRotation,344.5355,267.8182,0.7741235,CurrentState,End,Slider,51,Scenario,1
ID,8,Time,335.2749,DronePosition,-110.239,59.27025,-107.379,0,CameraPosition,-103.2137,1.726202,-107.3367,CameraRotation,344.5497,267.7631,0.7318776,CurrentState,End,Slider,51,Scenario,1
ID,8,Time,335.2885,DronePosition,-110.239,59.27025,-107.379,0,CameraPosition,-103.2137,1.726203,-107.3366,CameraRotation,344.5498,267.7101,0.7019039,CurrentState,End,Slider,51,Scenario,1
ID,8,Time,335.3024,DronePosition,-110.239,59.27025,-107.379,0,CameraPosition,-103.2137,1.7262,-107.3366,CameraRotation,344.5523,267.6522,0.6954188,CurrentState,End,Slider,51,Scenario,1
ID,8,Time,335.3163,DronePosition,-110.239,59.27025,-107.379,0,CameraPosition,-103.2137,1.726166,-107.3365,CameraRotation,344.545,267.6048,0.6680401,CurrentState,End,Slider,51,Scenario,1
ID,8,Time,335.3308,DronePosition,-110.239,59.27025,-107.379,0,CameraPosition,-103.2136,1.726115,-107.3364,CameraRotation,344.5634,267.5647,0.6516715,CurrentState,End,Slider,51,Scenario,1
ID,8,Time,335.3444,DronePosition,-110.239,59.27025,-107.379,0,CameraPosition,-103.2136,1.726103,-107.3363,CameraRotation,344.5786,267.5204,0.6414832,CurrentState,End,Slider,51,Scenario,1
ID,8,Time,335.3582,DronePosition,-110.239,59.27025,-107.379,0,CameraPosition,-103.2135,1.726108,-107.3361,CameraRotation,344.5666,267.4915,0.6216024,CurrentState,End,Slider,51,Scenario,1
ID,8,Time,335.3722,DronePosition,-110.239,59.27025,-107.379,0,CameraPosition,-103.2134,1.726104,-107.336,CameraRotation,344.5702,267.4711,0.5741818,CurrentState,End,Slider,51,Scenario,1
ID,8,Time,335.386,DronePosition,-110.239,59.27025,-107.379,0,CameraPosition,-103.2133,1.726076,-107.3358,CameraRotation,344.5743,267.4627,0.5248068,CurrentState,End,Slider,51,Scenario,1
ID,8,Time,335.3999,DronePosition,-110.239,59.27025,-107.379,0,CameraPosition,-103.2133,1.726053,-107.3355,CameraRotation,344.5671,267.4612,0.5005042,CurrentState,End,Slider,51,Scenario,1
ID,8,Time,335.414,DronePosition,-110.239,59.27025,-107.379,0,CameraPosition,-103.2132,1.726071,-107.3353,CameraRotation,344.5485,267.4796,0.4721524,CurrentState,End,Slider,51,Scenario,1
ID,8,Time,335.4277,DronePosition,-110.239,59.27025,-107.379,0,CameraPosition,-103.2131,1.726074,-107.335,CameraRotation,344.5065,267.5193,0.4397444,CurrentState,End,Slider,51,Scenario,1
ID,8,Time,335.4418,DronePosition,-110.239,59.27025,-107.379,0,CameraPosition,-103.2131,1.726106,-107.3347,CameraRotation,344.45,267.5705,0.4070201,CurrentState,End,Slider,51,Scenario,1
ID,8,Time,335.4554,DronePosition,-110.239,59.27025,-107.379,0,CameraPosition,-103.2131,1.726153,-107.3344,CameraRotation,344.394,267.6204,0.3915743,CurrentState,End,Slider,51,Scenario,1
ID,8,Time,335.4698,DronePosition,-110.239,59.27025,-107.379,0,CameraPosition,-103.2131,1.726201,-107.3341,CameraRotation,344.3416,267.6575,0.3705967,CurrentState,End,Slider,51,Scenario,1
ID,8,Time,335.4834,DronePosition,-110.239,59.27025,-107.379,0,CameraPosition,-103.213,1.726218,-107.3338,CameraRotation,344.2888,267.6852,0.3404787,CurrentState,End,Slider,51,Scenario,1
ID,8,Time,335.4975,DronePosition,-110.239,59.27025,-107.379,0,CameraPosition,-103.213,1.726237,-107.3336,CameraRotation,344.2492,267.7168,0.3119972,CurrentState,End,Slider,51,Scenario,1
ID,8,Time,335.5114,DronePosition,-110.239,59.27025,-107.379,0,CameraPosition,-103.2128,1.726254,-107.3333,CameraRotation,344.2165,267.7279,0.2894691,CurrentState,End,Slider,51,Scenario,1
ID,8,Time,335.5253,DronePosition,-110.239,59.27025,-107.379,0,CameraPosition,-103.2127,1.72627,-107.333,CameraRotation,344.1966,267.7428,0.2662922,CurrentState,End,Slider,51,Scenario,1
ID,8,Time,335.5399,DronePosition,-110.239,59.27025,-107.379,0,CameraPosition,-103.2127,1.726263,-107.3327,CameraRotation,344.1775,267.7571,0.2286178,CurrentState,End,Slider,51,Scenario,1
ID,8,Time,335.5533,DronePosition,-110.239,59.27025,-107.379,0,CameraPosition,-103.2126,1.72625,-107.3325,CameraRotation,344.1766,267.777,0.20134,CurrentState,End,Slider,51,Scenario,1
ID,8,Time,335.5671,DronePosition,-110.239,59.27025,-107.379,0,CameraPosition,-103.2126,1.726215,-107.3322,CameraRotation,344.1935,267.798,0.180533,CurrentState,End,Slider,51,Scenario,1
ID,8,Time,335.5808,DronePosition,-110.239,59.27025,-107.379,0,CameraPosition,-103.2125,1.726136,-107.3319,CameraRotation,344.2293,267.8253,0.1422116,CurrentState,End,Slider,51,Scenario,1
ID,8,Time,335.5949,DronePosition,-110.239,59.27025,-107.379,0,CameraPosition,-103.2125,1.726057,-107.3316,CameraRotation,344.2637,267.8521,0.1076416,CurrentState,End,Slider,51,Scenario,1
ID,8,Time,335.6087,DronePosition,-110.239,59.27025,-107.379,0,CameraPosition,-103.2124,1.725982,-107.3314,CameraRotation,344.2873,267.8905,0.06851164,CurrentState,End,Slider,51,Scenario,1
ID,8,Time,335.6226,DronePosition,-110.239,59.27025,-107.379,0,CameraPosition,-103.2124,1.725971,-107.3311,CameraRotation,344.3012,267.9203,0.04949275,CurrentState,End,Slider,51,Scenario,1
ID,8,Time,335.6369,DronePosition,-110.239,59.27025,-107.379,0,CameraPosition,-103.2123,1.725971,-107.3308,CameraRotation,344.3048,267.9473,0.04608376,CurrentState,End,Slider,51,Scenario,1
ID,8,Time,335.6506,DronePosition,-110.239,59.27025,-107.379,0,CameraPosition,-103.2123,1.725971,-107.3306,CameraRotation,344.2912,267.974,0.05553053,CurrentState,End,Slider,51,Scenario,1
ID,8,Time,335.6649,DronePosition,-110.239,59.27025,-107.379,0,CameraPosition,-103.2122,1.725948,-107.3304,CameraRotation,344.2699,267.9924,0.07511761,CurrentState,End,Slider,51,Scenario,1
ID,8,Time,335.6786,DronePosition,-110.239,59.27025,-107.379,0,CameraPosition,-103.2122,1.725926,-107.3302,CameraRotation,344.2612,268.014,0.07592447,CurrentState,End,Slider,51,Scenario,1
ID,8,Time,335.6927,DronePosition,-110.239,59.27025,-107.379,0,CameraPosition,-103.2121,1.725938,-107.33,CameraRotation,344.265,268.0391,0.05233998,CurrentState,End,Slider,51,Scenario,1
ID,8,Time,335.7066,DronePosition,-110.239,59.27025,-107.379,0,CameraPosition,-103.2121,1.725974,-107.3298,CameraRotation,344.2503,268.0682,0.02379852,CurrentState,End,Slider,51,Scenario,1
ID,8,Time,335.7203,DronePosition,-110.239,59.27025,-107.379,0,CameraPosition,-103.212,1.726005,-107.3296,CameraRotation,344.2342,268.0811,0.02040706,CurrentState,End,Slider,51,Scenario,1
ID,8,Time,335.734,DronePosition,-110.239,59.27025,-107.379,0,CameraPosition,-103.212,1.726001,-107.3295,CameraRotation,344.2149,268.0685,0.05917485,CurrentState,End,Slider,51,Scenario,1
ID,8,Time,335.7483,DronePosition,-110.239,59.27025,-107.379,0,CameraPosition,-103.212,1.725947,-107.3293,CameraRotation,344.2427,268.0428,0.09928991,CurrentState,End,Slider,51,Scenario,1
ID,8,Time,335.7624,DronePosition,-110.239,59.27025,-107.379,0,CameraPosition,-103.212,1.725903,-107.3291,CameraRotation,344.271,268.0448,0.08435515,CurrentState,End,Slider,51,Scenario,1
ID,8,Time,335.776,DronePosition,-110.239,59.27025,-107.379,0,CameraPosition,-103.212,1.725921,-107.329,CameraRotation,344.2716,268.0492,0.02447989,CurrentState,End,Slider,51,Scenario,1
ID,8,Time,335.7899,DronePosition,-110.239,59.27025,-107.379,0,CameraPosition,-103.212,1.725994,-107.3288,CameraRotation,344.2374,268.0563,359.9929,CurrentState,End,Slider,51,Scenario,1
ID,8,Time,335.8039,DronePosition,-110.239,59.27025,-107.379,0,CameraPosition,-103.212,1.726053,-107.3287,CameraRotation,344.2245,268.0425,0.003683613,CurrentState,End,Slider,51,Scenario,1
ID,8,Time,335.8177,DronePosition,-110.239,59.27025,-107.379,0,CameraPosition,-103.212,1.726057,-107.3286,CameraRotation,344.2357,268.0439,0.01605904,CurrentState,End,Slider,51,Scenario,1
ID,8,Time,335.8319,DronePosition,-110.239,59.27025,-107.379,0,CameraPosition,-103.2119,1.725997,-107.3285,CameraRotation,344.2874,268.0452,0.01285584,CurrentState,End,Slider,51,Scenario,1
ID,8,Time,335.8456,DronePosition,-110.239,59.27025,-107.379,0,CameraPosition,-103.2118,1.725894,-107.3285,CameraRotation,344.3475,268.058,0.00937371,CurrentState,End,Slider,51,Scenario,1
ID,8,Time,335.859,DronePosition,-110.239,59.27025,-107.379,0,CameraPosition,-103.2118,1.725777,-107.3284,CameraRotation,344.4196,268.0536,0.01898812,CurrentState,End,Slider,51,Scenario,1
ID,8,Time,335.8732,DronePosition,-110.239,59.27025,-107.379,0,CameraPosition,-103.2117,1.725713,-107.3283,CameraRotation,344.4499,268.0394,0.03379394,CurrentState,End,Slider,51,Scenario,1
ID,8,Time,335.8867,DronePosition,-110.239,59.27025,-107.379,0,CameraPosition,-103.2116,1.725698,-107.3283,CameraRotation,344.4539,268.0149,0.04964818,CurrentState,End,Slider,51,Scenario,1
ID,8,Time,335.901,DronePosition,-110.239,59.27025,-107.379,0,CameraPosition,-103.2116,1.725702,-107.3282,CameraRotation,344.4404,267.9817,0.04718057,CurrentState,End,Slider,51,Scenario,1
ID,8,Time,335.9152,DronePosition,-110.239,59.27025,-107.379,0,CameraPosition,-103.2116,1.725692,-107.3282,CameraRotation,344.4389,267.9336,0.05287956,CurrentState,End,Slider,51,Scenario,1
ID,8,Time,335.9291,DronePosition,-110.239,59.27025,-107.379,0,CameraPosition,-103.2115,1.725647,-107.3282,CameraRotation,344.4146,267.8743,0.0586534,CurrentState,End,Slider,51,Scenario,1
ID,8,Time,335.9431,DronePosition,-110.239,59.27025,-107.379,0,CameraPosition,-103.2114,1.725671,-107.3282,CameraRotation,344.4292,267.8107,0.06653553,CurrentState,End,Slider,51,Scenario,1
ID,8,Time,335.9573,DronePosition,-110.239,59.27025,-107.379,0,CameraPosition,-103.2113,1.725696,-107.3282,CameraRotation,344.4246,267.7499,0.08591733,CurrentState,End,Slider,51,Scenario,1
ID,8,Time,335.9707,DronePosition,-110.239,59.27025,-107.379,0,CameraPosition,-103.2113,1.72576,-107.3282,CameraRotation,344.3996,267.6876,0.08759607,CurrentState,End,Slider,51,Scenario,1
ID,8,Time,335.9845,DronePosition,-110.239,59.27025,-107.379,0,CameraPosition,-103.2111,1.725861,-107.3283,CameraRotation,344.3614,267.628,0.09085911,CurrentState,End,Slider,51,Scenario,1
ID,8,Time,335.9984,DronePosition,-110.239,59.27025,-107.379,0,CameraPosition,-103.211,1.72595,-107.3283,CameraRotation,344.3286,267.5539,0.1296259,CurrentState,End,Slider,51,Scenario,1
ID,8,Time,336.0123,DronePosition,-110.239,59.27025,-107.379,0,CameraPosition,-103.2109,1.726045,-107.3284,CameraRotation,344.2984,267.4741,0.1825585,CurrentState,End,Slider,51,Scenario,1
ID,8,Time,336.0266,DronePosition,-110.239,59.27025,-107.379,0,CameraPosition,-103.2108,1.726103,-107.3284,CameraRotation,344.2677,267.3889,0.2344076,CurrentState,End,Slider,51,Scenario,1
ID,8,Time,336.0401,DronePosition,-110.239,59.27025,-107.379,0,CameraPosition,-103.2107,1.726172,-107.3284,CameraRotation,344.2461,267.3105,0.2585893,CurrentState,End,Slider,51,Scenario,1
ID,8,Time,336.0543,DronePosition,-110.239,59.27025,-107.379,0,CameraPosition,-103.2106,1.726209,-107.3285,CameraRotation,344.2125,267.2335,0.2712426,CurrentState,End,Slider,51,Scenario,1
ID,8,Time,336.0683,DronePosition,-110.239,59.27025,-107.379,0,CameraPosition,-103.2105,1.726245,-107.3285,CameraRotation,344.196,267.1507,0.2983272,CurrentState,End,Slider,51,Scenario,1
ID,8,Time,336.0828,DronePosition,-110.239,59.27025,-107.379,0,CameraPosition,-103.2104,1.726285,-107.3285,CameraRotation,344.1682,267.065,0.3297086,CurrentState,End,Slider,51,Scenario,1
ID,8,Time,336.0961,DronePosition,-110.239,59.27025,-107.379,0,CameraPosition,-103.2103,1.726349,-107.3285,CameraRotation,344.1379,266.9611,0.359573,CurrentState,End,Slider,51,Scenario,1
ID,8,Time,336.11,DronePosition,-110.239,59.27025,-107.379,0,CameraPosition,-103.2102,1.726413,-107.3286,CameraRotation,344.1024,266.8557,0.3741155,CurrentState,End,Slider,51,Scenario,1
ID,8,Time,336.1239,DronePosition,-110.239,59.27025,-107.379,0,CameraPosition,-103.2101,1.72647,-107.3286,CameraRotation,344.0752,266.7525,0.3589491,CurrentState,End,Slider,51,Scenario,1
ID,8,Time,336.1377,DronePosition,-110.239,59.27025,-107.379,0,CameraPosition,-103.21,1.726527,-107.3287,CameraRotation,344.055,266.662,0.3234031,CurrentState,End,Slider,51,Scenario,1
ID,8,Time,336.1514,DronePosition,-110.239,59.27025,-107.379,0,CameraPosition,-103.2099,1.726622,-107.3287,CameraRotation,344.0333,266.58,0.3028258,CurrentState,End,Slider,51,Scenario,1
ID,8,Time,336.1659,DronePosition,-110.239,59.27025,-107.379,0,CameraPosition,-103.2098,1.726735,-107.3288,CameraRotation,344.0008,266.4868,0.3055378,CurrentState,End,Slider,51,Scenario,1
ID,8,Time,336.1797,DronePosition,-110.239,59.27025,-107.379,0,CameraPosition,-103.2097,1.726827,-107.3288,CameraRotation,343.9635,266.3839,0.33334,CurrentState,End,Slider,51,Scenario,1
ID,8,Time,336.1936,DronePosition,-110.239,59.27025,-107.379,0,CameraPosition,-103.2096,1.726892,-107.3289,CameraRotation,343.9276,266.2752,0.3539702,CurrentState,End,Slider,51,Scenario,1
ID,8,Time,336.2076,DronePosition,-110.239,59.27025,-107.379,0,CameraPosition,-103.2095,1.726921,-107.3289,CameraRotation,343.8993,266.1662,0.3548506,CurrentState,End,Slider,51,Scenario,1
ID,8,Time,336.2214,DronePosition,-110.239,59.27025,-107.379,0,CameraPosition,-103.2094,1.726886,-107.329,CameraRotation,343.8772,266.0604,0.3467119,CurrentState,End,Slider,51,Scenario,1
ID,8,Time,336.2351,DronePosition,-110.239,59.27025,-107.379,0,CameraPosition,-103.2093,1.726826,-107.329,CameraRotation,343.8826,265.9517,0.3464776,CurrentState,End,Slider,51,Scenario,1
ID,8,Time,336.2491,DronePosition,-110.239,59.27025,-107.379,0,CameraPosition,-103.2092,1.726791,-107.3291,CameraRotation,343.8871,265.8202,0.3571191,CurrentState,End,Slider,51,Scenario,1
ID,8,Time,336.2629,DronePosition,-110.239,59.27025,-107.379,0,CameraPosition,-103.2092,1.726797,-107.3291,CameraRotation,343.8844,265.6919,0.3666999,CurrentState,End,Slider,51,Scenario,1
ID,8,Time,336.277,DronePosition,-110.239,59.27025,-107.379,0,CameraPosition,-103.2091,1.726803,-107.3292,CameraRotation,343.8573,265.5507,0.3839214,CurrentState,End,Slider,51,Scenario,1
ID,8,Time,336.2909,DronePosition,-110.239,59.27025,-107.379,0,CameraPosition,-103.209,1.726828,-107.3293,CameraRotation,343.8347,265.4033,0.3857619,CurrentState,End,Slider,51,Scenario,1
ID,8,Time,336.3052,DronePosition,-110.239,59.27025,-107.379,0,CameraPosition,-103.2089,1.726869,-107.3293,CameraRotation,343.8259,265.2652,0.3783188,CurrentState,End,Slider,51,Scenario,1
ID,8,Time,336.3186,DronePosition,-110.239,59.27025,-107.379,0,CameraPosition,-103.2089,1.72692,-107.3294,CameraRotation,343.8221,265.1331,0.3645359,CurrentState,End,Slider,51,Scenario,1
ID,8,Time,336.3328,DronePosition,-110.239,59.27025,-107.379,0,CameraPosition,-103.2088,1.726929,-107.3294,CameraRotation,343.805,264.9998,0.3750221,CurrentState,End,Slider,51,Scenario,1
ID,8,Time,336.3468,DronePosition,-110.239,59.27025,-107.379,0,CameraPosition,-103.2088,1.726931,-107.3295,CameraRotation,343.8126,264.8654,0.4046411,CurrentState,End,Slider,51,Scenario,1
ID,8,Time,336.3606,DronePosition,-110.239,59.27025,-107.379,0,CameraPosition,-103.2087,1.726918,-107.3295,CameraRotation,343.841,264.7381,0.4054399,CurrentState,End,Slider,51,Scenario,1
ID,8,Time,336.3749,DronePosition,-110.239,59.27025,-107.379,0,CameraPosition,-103.2087,1.726925,-107.3295,CameraRotation,343.8514,264.634,0.3731189,CurrentState,End,Slider,51,Scenario,1
ID,8,Time,336.3887,DronePosition,-110.239,59.27025,-107.379,0,CameraPosition,-103.2087,1.726911,-107.3295,CameraRotation,343.835,264.5429,0.3578335,CurrentState,End,Slider,51,Scenario,1
ID,8,Time,336.4021,DronePosition,-110.239,59.27025,-107.379,0,CameraPosition,-103.2087,1.726906,-107.3295,CameraRotation,343.8245,264.4525,0.3519907,CurrentState,End,Slider,51,Scenario,1
ID,8,Time,336.4161,DronePosition,-110.239,59.27025,-107.379,0,CameraPosition,-103.2086,1.726884,-107.3295,CameraRotation,343.8313,264.3798,0.3432739,CurrentState,End,Slider,51,Scenario,1
ID,8,Time,336.4301,DronePosition,-110.239,59.27025,-107.379,0,CameraPosition,-103.2086,1.726856,-107.3294,CameraRotation,343.881,264.2981,0.3466858,CurrentState,End,Slider,51,Scenario,1
ID,8,Time,336.4441,DronePosition,-110.239,59.27025,-107.379,0,CameraPosition,-103.2086,1.726777,-107.3294,CameraRotation,343.9193,264.2464,0.3369327,CurrentState,End,Slider,51,Scenario,1
ID,8,Time,336.4579,DronePosition,-110.239,59.27025,-107.379,0,CameraPosition,-103.2085,1.72669,-107.3293,CameraRotation,343.9494,264.198,0.3281201,CurrentState,End,Slider,51,Scenario,1
ID,8,Time,336.4719,DronePosition,-110.239,59.27025,-107.379,0,CameraPosition,-103.2085,1.726595,-107.3292,CameraRotation,343.9653,264.1625,0.3066732,CurrentState,End,Slider,51,Scenario,1
ID,8,Time,336.4855,DronePosition,-110.239,59.27025,-107.379,0,CameraPosition,-103.2084,1.726521,-107.3291,CameraRotation,343.9778,264.132,0.2838506,CurrentState,End,Slider,51,Scenario,1
ID,8,Time,336.4994,DronePosition,-110.239,59.27025,-107.379,0,CameraPosition,-103.2083,1.726502,-107.3291,CameraRotation,343.9983,264.1029,0.2479011,CurrentState,End,Slider,51,Scenario,1
ID,8,Time,336.5136,DronePosition,-110.239,59.27025,-107.379,0,CameraPosition,-103.2083,1.726487,-107.329,CameraRotation,344.02,264.0817,0.1990705,CurrentState,End,Slider,51,Scenario,1
ID,8,Time,336.5276,DronePosition,-110.239,59.27025,-107.379,0,CameraPosition,-103.2082,1.726436,-107.3288,CameraRotation,344.0581,264.0588,0.1469069,CurrentState,End,Slider,51,Scenario,1
ID,8,Time,336.5417,DronePosition,-110.239,59.27025,-107.379,0,CameraPosition,-103.2081,1.726348,-107.3287,CameraRotation,344.1014,264.0418,0.1015183,CurrentState,End,Slider,51,Scenario,1
ID,8,Time,336.5555,DronePosition,-110.239,59.27025,-107.379,0,CameraPosition,-103.208,1.726274,-107.3286,CameraRotation,344.1589,264.0199,0.08207843,CurrentState,End,Slider,51,Scenario,1
ID,8,Time,336.5692,DronePosition,-110.239,59.27025,-107.379,0,CameraPosition,-103.2079,1.726206,-107.3285,CameraRotation,344.1937,263.9963,0.06679341,CurrentState,End,Slider,51,Scenario,1
ID,8,Time,336.5834,DronePosition,-110.239,59.27025,-107.379,0,CameraPosition,-103.2077,1.726161,-107.3284,CameraRotation,344.1891,263.9779,0.02369123,CurrentState,End,Slider,51,Scenario,1
ID,8,Time,336.597,DronePosition,-110.239,59.27025,-107.379,0,CameraPosition,-103.2076,1.726154,-107.3283,CameraRotation,344.1752,263.9582,359.9821,CurrentState,End,Slider,51,Scenario,1
ID,8,Time,336.6115,DronePosition,-110.239,59.27025,-107.379,0,CameraPosition,-103.2074,1.726187,-107.3282,CameraRotation,344.1582,263.9487,359.951,CurrentState,End,Slider,51,Scenario,1
ID,8,Time,336.6251,DronePosition,-110.239,59.27025,-107.379,0,CameraPosition,-103.2072,1.726194,-107.3281,CameraRotation,344.1414,263.93,359.9358,CurrentState,End,Slider,51,Scenario,1
ID,8,Time,336.6389,DronePosition,-110.239,59.27025,-107.379,0,CameraPosition,-103.2071,1.726192,-107.328,CameraRotation,344.1292,263.9197,359.9225,CurrentState,End,Slider,51,Scenario,1
ID,8,Time,336.653,DronePosition,-110.239,59.27025,-107.379,0,CameraPosition,-103.2069,1.726188,-107.328,CameraRotation,344.114,263.9115,359.905,CurrentState,End,Slider,51,Scenario,1
ID,8,Time,336.6668,DronePosition,-110.239,59.27025,-107.379,0,CameraPosition,-103.2066,1.726203,-107.3279,CameraRotation,344.0764,263.9024,359.8978,CurrentState,End,Slider,51,Scenario,1
ID,8,Time,336.6805,DronePosition,-110.239,59.27025,-107.379,0,CameraPosition,-103.2064,1.726275,-107.3278,CameraRotation,344.0154,263.8984,359.903,CurrentState,End,Slider,51,Scenario,1
ID,8,Time,336.6949,DronePosition,-110.239,59.27025,-107.379,0,CameraPosition,-103.2062,1.726347,-107.3277,CameraRotation,343.9202,263.8974,359.9031,CurrentState,End,Slider,51,Scenario,1
ID,8,Time,336.7093,DronePosition,-110.239,59.27025,-107.379,0,CameraPosition,-103.206,1.726467,-107.3276,CameraRotation,343.8395,263.899,359.8962,CurrentState,End,Slider,51,Scenario,1
ID,8,Time,336.7225,DronePosition,-110.239,59.27025,-107.379,0,CameraPosition,-103.2058,1.726584,-107.3275,CameraRotation,343.765,263.9188,359.894,CurrentState,End,Slider,51,Scenario,1
ID,8,Time,336.7366,DronePosition,-110.239,59.27025,-107.379,0,CameraPosition,-103.2055,1.72667,-107.3274,CameraRotation,343.7055,263.9373,359.8887,CurrentState,End,Slider,51,Scenario,1
ID,8,Time,336.7505,DronePosition,-110.239,59.27025,-107.379,0,CameraPosition,-103.2053,1.726751,-107.3273,CameraRotation,343.6482,263.9638,359.8795,CurrentState,End,Slider,51,Scenario,1
ID,8,Time,336.7644,DronePosition,-110.239,59.27025,-107.379,0,CameraPosition,-103.2051,1.726815,-107.3272,CameraRotation,343.586,263.9919,359.8808,CurrentState,End,Slider,51,Scenario,1
ID,8,Time,336.778,DronePosition,-110.239,59.27025,-107.379,0,CameraPosition,-103.2049,1.726864,-107.3271,CameraRotation,343.5321,264.0093,359.8665,CurrentState,End,Slider,51,Scenario,1
ID,8,Time,336.7928,DronePosition,-110.239,59.27025,-107.379,0,CameraPosition,-103.2048,1.726892,-107.327,CameraRotation,343.498,264.0248,359.859,CurrentState,End,Slider,51,Scenario,1
ID,8,Time,336.8062,DronePosition,-110.239,59.27025,-107.379,0,CameraPosition,-103.2046,1.726911,-107.327,CameraRotation,343.4799,264.0516,359.8445,CurrentState,End,Slider,51,Scenario,1
ID,8,Time,336.82,DronePosition,-110.239,59.27025,-107.379,0,CameraPosition,-103.2045,1.726924,-107.3269,CameraRotation,343.4577,264.0723,359.8398,CurrentState,End,Slider,51,Scenario,1
ID,8,Time,336.8341,DronePosition,-110.239,59.27025,-107.379,0,CameraPosition,-103.2043,1.726928,-107.3268,CameraRotation,343.4369,264.0974,359.8325,CurrentState,End,Slider,51,Scenario,1
ID,8,Time,336.8479,DronePosition,-110.239,59.27025,-107.379,0,CameraPosition,-103.2041,1.726937,-107.3268,CameraRotation,343.4275,264.1133,359.8249,CurrentState,End,Slider,51,Scenario,1
ID,8,Time,336.8615,DronePosition,-110.239,59.27025,-107.379,0,CameraPosition,-103.204,1.72691,-107.3267,CameraRotation,343.4247,264.1211,359.8301,CurrentState,End,Slider,51,Scenario,1
ID,8,Time,336.8756,DronePosition,-110.239,59.27025,-107.379,0,CameraPosition,-103.2039,1.726861,-107.3267,CameraRotation,343.4337,264.1264,359.8398,CurrentState,End,Slider,51,Scenario,1
ID,8,Time,336.8896,DronePosition,-110.239,59.27025,-107.379,0,CameraPosition,-103.2038,1.72677,-107.3267,CameraRotation,343.4395,264.1298,359.8567,CurrentState,End,Slider,51,Scenario,1
ID,8,Time,336.9033,DronePosition,-110.239,59.27025,-107.379,0,CameraPosition,-103.2036,1.726724,-107.3267,CameraRotation,343.4658,264.1371,359.8464,CurrentState,End,Slider,51,Scenario,1
ID,8,Time,336.9175,DronePosition,-110.239,59.27025,-107.379,0,CameraPosition,-103.2035,1.726704,-107.3266,CameraRotation,343.4875,264.1285,359.8183,CurrentState,End,Slider,51,Scenario,1
ID,8,Time,336.9313,DronePosition,-110.239,59.27025,-107.379,0,CameraPosition,-103.2033,1.72669,-107.3266,CameraRotation,343.4877,264.1197,359.8184,CurrentState,End,Slider,51,Scenario,1
ID,8,Time,336.9453,DronePosition,-110.239,59.27025,-107.379,0,CameraPosition,-103.2032,1.726716,-107.3266,CameraRotation,343.4913,264.1101,359.8528,CurrentState,End,Slider,51,Scenario,1
ID,8,Time,336.9593,DronePosition,-110.239,59.27025,-107.379,0,CameraPosition,-103.2032,1.726748,-107.3266,CameraRotation,343.4945,264.0944,359.8735,CurrentState,End,Slider,51,Scenario,1
ID,8,Time,336.9731,DronePosition,-110.239,59.27025,-107.379,0,CameraPosition,-103.2031,1.72675,-107.3266,CameraRotation,343.4944,264.1054,359.8492,CurrentState,End,Slider,51,Scenario,1
ID,8,Time,336.9868,DronePosition,-110.239,59.27025,-107.379,0,CameraPosition,-103.2029,1.726732,-107.3265,CameraRotation,343.5005,264.1206,359.8004,CurrentState,End,Slider,51,Scenario,1
ID,8,Time,337.0011,DronePosition,-110.239,59.27025,-107.379,0,CameraPosition,-103.2028,1.726707,-107.3265,CameraRotation,343.4921,264.1438,359.7752,CurrentState,End,Slider,51,Scenario,1
ID,8,Time,337.0146,DronePosition,-110.239,59.27025,-107.379,0,CameraPosition,-103.2027,1.726699,-107.3264,CameraRotation,343.4922,264.1622,359.795,CurrentState,End,Slider,51,Scenario,1
ID,8,Time,337.029,DronePosition,-110.239,59.27025,-107.379,0,CameraPosition,-103.2026,1.726705,-107.3263,CameraRotation,343.4817,264.1796,359.8167,CurrentState,End,Slider,51,Scenario,1
ID,8,Time,337.0425,DronePosition,-110.239,59.27025,-107.379,0,CameraPosition,-103.2025,1.726722,-107.3262,CameraRotation,343.4902,264.2108,359.8013,CurrentState,End,Slider,51,Scenario,1
ID,8,Time,337.0565,DronePosition,-110.239,59.27025,-107.379,0,CameraPosition,-103.2025,1.726679,-107.3261,CameraRotation,343.5019,264.2466,359.7667,CurrentState,End,Slider,51,Scenario,1
ID,8,Time,337.0705,DronePosition,-110.239,59.27025,-107.379,0,CameraPosition,-103.2023,1.726633,-107.3261,CameraRotation,343.5194,264.2729,359.7364,CurrentState,End,Slider,51,Scenario,1
ID,8,Time,337.0843,DronePosition,-110.239,59.27025,-107.379,0,CameraPosition,-103.2023,1.726609,-107.326,CameraRotation,343.526,264.291,359.7301,CurrentState,End,Slider,51,Scenario,1
ID,8,Time,337.0982,DronePosition,-110.239,59.27025,-107.379,0,CameraPosition,-103.2022,1.726618,-107.326,CameraRotation,343.5216,264.2859,359.7459,CurrentState,End,Slider,51,Scenario,1
ID,8,Time,337.1125,DronePosition,-110.239,59.27025,-107.379,0,CameraPosition,-103.2021,1.726666,-107.326,CameraRotation,343.514,264.275,359.7579,CurrentState,End,Slider,51,Scenario,1
ID,8,Time,337.1262,DronePosition,-110.239,59.27025,-107.379,0,CameraPosition,-103.202,1.726721,-107.326,CameraRotation,343.5073,264.2687,359.7609,CurrentState,End,Slider,51,Scenario,1
ID,8,Time,337.14,DronePosition,-110.239,59.27025,-107.379,0,CameraPosition,-103.2019,1.72672,-107.326,CameraRotation,343.4895,264.2481,359.7554,CurrentState,End,Slider,51,Scenario,1
ID,8,Time,337.154,DronePosition,-110.239,59.27025,-107.379,0,CameraPosition,-103.2018,1.726746,-107.3259,CameraRotation,343.4963,264.2363,359.7593,CurrentState,End,Slider,51,Scenario,1
ID,8,Time,337.1677,DronePosition,-110.239,59.27025,-107.379,0,CameraPosition,-103.2018,1.726764,-107.3259,CameraRotation,343.48,264.2241,359.7681,CurrentState,End,Slider,51,Scenario,1
ID,8,Time,337.1817,DronePosition,-110.239,59.27025,-107.379,0,CameraPosition,-103.2017,1.726798,-107.3259,CameraRotation,343.4572,264.2032,359.7707,CurrentState,End,Slider,51,Scenario,1
ID,8,Time,337.196,DronePosition,-110.239,59.27025,-107.379,0,CameraPosition,-103.2017,1.726864,-107.3259,CameraRotation,343.44,264.1819,359.7687,CurrentState,End,Slider,51,Scenario,1
ID,8,Time,337.2102,DronePosition,-110.239,59.27025,-107.379,0,CameraPosition,-103.2017,1.72693,-107.3259,CameraRotation,343.404,264.1499,359.7973,CurrentState,End,Slider,51,Scenario,1
ID,8,Time,337.2238,DronePosition,-110.239,59.27025,-107.379,0,CameraPosition,-103.2017,1.726985,-107.3259,CameraRotation,343.3807,264.1063,359.8492,CurrentState,End,Slider,51,Scenario,1
ID,8,Time,337.2376,DronePosition,-110.239,59.27025,-107.379,0,CameraPosition,-103.2017,1.727028,-107.3259,CameraRotation,343.3719,264.0681,359.875,CurrentState,End,Slider,51,Scenario,1
ID,8,Time,337.2513,DronePosition,-110.239,59.27025,-107.379,0,CameraPosition,-103.2016,1.727018,-107.3259,CameraRotation,343.3707,264.0122,359.8923,CurrentState,End,Slider,51,Scenario,1
ID,8,Time,337.2654,DronePosition,-110.239,59.27025,-107.379,0,CameraPosition,-103.2016,1.727012,-107.3259,CameraRotation,343.3974,263.958,359.8895,CurrentState,End,Slider,51,Scenario,1
ID,8,Time,337.2806,DronePosition,-110.239,59.27025,-107.379,0,CameraPosition,-103.2017,1.726999,-107.3259,CameraRotation,343.4199,263.8978,359.8955,CurrentState,End,Slider,51,Scenario,1
ID,8,Time,337.2931,DronePosition,-110.239,59.27025,-107.379,0,CameraPosition,-103.2017,1.726982,-107.326,CameraRotation,343.4403,263.8358,359.8983,CurrentState,End,Slider,51,Scenario,1
ID,8,Time,337.3071,DronePosition,-110.239,59.27025,-107.379,0,CameraPosition,-103.2017,1.726962,-107.326,CameraRotation,343.4475,263.758,359.9122,CurrentState,End,Slider,51,Scenario,1
ID,8,Time,337.3211,DronePosition,-110.239,59.27025,-107.379,0,CameraPosition,-103.2017,1.72695,-107.326,CameraRotation,343.448,263.6917,359.9118,CurrentState,End,Slider,51,Scenario,1
ID,8,Time,337.3347,DronePosition,-110.239,59.27025,-107.379,0,CameraPosition,-103.2017,1.726954,-107.326,CameraRotation,343.4615,263.6274,359.9253,CurrentState,End,Slider,51,Scenario,1
ID,8,Time,337.3486,DronePosition,-110.239,59.27025,-107.379,0,CameraPosition,-103.2018,1.726959,-107.326,CameraRotation,343.4601,263.5717,359.9373,CurrentState,End,Slider,51,Scenario,1
ID,8,Time,337.3627,DronePosition,-110.239,59.27025,-107.379,0,CameraPosition,-103.2018,1.726967,-107.326,CameraRotation,343.4645,263.5132,359.9543,CurrentState,End,Slider,51,Scenario,1
ID,8,Time,337.3766,DronePosition,-110.239,59.27025,-107.379,0,CameraPosition,-103.2019,1.726968,-107.3259,CameraRotation,343.4702,263.4618,359.9609,CurrentState,End,Slider,51,Scenario,1
ID,8,Time,337.3904,DronePosition,-110.239,59.27025,-107.379,0,CameraPosition,-103.2019,1.726965,-107.3259,CameraRotation,343.4901,263.4046,359.9831,CurrentState,End,Slider,51,Scenario,1
ID,8,Time,337.4043,DronePosition,-110.239,59.27025,-107.379,0,CameraPosition,-103.2019,1.726925,-107.3259,CameraRotation,343.5164,263.3478,359.9886,CurrentState,End,Slider,51,Scenario,1
ID,8,Time,337.4189,DronePosition,-110.239,59.27025,-107.379,0,CameraPosition,-103.2019,1.726853,-107.3259,CameraRotation,343.5538,263.2943,359.9875,CurrentState,End,Slider,51,Scenario,1
ID,8,Time,337.4322,DronePosition,-110.239,59.27025,-107.379,0,CameraPosition,-103.202,1.72679,-107.326,CameraRotation,343.6059,263.2231,359.9928,CurrentState,End,Slider,51,Scenario,1
ID,8,Time,337.4465,DronePosition,-110.239,59.27025,-107.379,0,CameraPosition,-103.202,1.726735,-107.326,CameraRotation,343.6501,263.1533,0.007005928,CurrentState,End,Slider,51,Scenario,1
ID,8,Time,337.4601,DronePosition,-110.239,59.27025,-107.379,0,CameraPosition,-103.202,1.726676,-107.326,CameraRotation,343.6657,263.0748,0.0318062,CurrentState,End,Slider,51,Scenario,1
ID,8,Time,337.4742,DronePosition,-110.239,59.27025,-107.379,0,CameraPosition,-103.2021,1.726604,-107.326,CameraRotation,343.6712,262.9905,0.05329946,CurrentState,End,Slider,51,Scenario,1
ID,8,Time,337.4883,DronePosition,-110.239,59.27025,-107.379,0,CameraPosition,-103.2021,1.726518,-107.326,CameraRotation,343.6791,262.9091,0.05635228,CurrentState,End,Slider,51,Scenario,1
ID,8,Time,337.502,DronePosition,-110.239,59.27025,-107.379,0,CameraPosition,-103.2021,1.726461,-107.326,CameraRotation,343.7064,262.8261,0.041633,CurrentState,End,Slider,51,Scenario,1
ID,8,Time,337.5158,DronePosition,-110.239,59.27025,-107.379,0,CameraPosition,-103.2021,1.726439,-107.3259,CameraRotation,343.716,262.7394,0.0106699,CurrentState,End,Slider,51,Scenario,1
ID,8,Time,337.5298,DronePosition,-110.239,59.27025,-107.379,0,CameraPosition,-103.2021,1.726443,-107.3259,CameraRotation,343.7168,262.638,0.003044593,CurrentState,End,Slider,51,Scenario,1
ID,8,Time,337.5438,DronePosition,-110.239,59.27025,-107.379,0,CameraPosition,-103.2021,1.72644,-107.3259,CameraRotation,343.7059,262.5316,0.03803952,CurrentState,End,Slider,51,Scenario,1
ID,8,Time,337.5577,DronePosition,-110.239,59.27025,-107.379,0,CameraPosition,-103.2021,1.726426,-107.3259,CameraRotation,343.7212,262.4318,0.06877799,CurrentState,End,Slider,51,Scenario,1
ID,8,Time,337.5716,DronePosition,-110.239,59.27025,-107.379,0,CameraPosition,-103.2021,1.726388,-107.3258,CameraRotation,343.7462,262.353,0.04337207,CurrentState,End,Slider,51,Scenario,1
ID,8,Time,337.5854,DronePosition,-110.239,59.27025,-107.379,0,CameraPosition,-103.202,1.726311,-107.3258,CameraRotation,343.7635,262.2818,359.981,CurrentState,End,Slider,51,Scenario,1
ID,8,Time,337.5993,DronePosition,-110.239,59.27025,-107.379,0,CameraPosition,-103.2019,1.726224,-107.3258,CameraRotation,343.7845,262.2098,359.94,CurrentState,End,Slider,51,Scenario,1
ID,8,Time,337.6137,DronePosition,-110.239,59.27025,-107.379,0,CameraPosition,-103.2019,1.726135,-107.3258,CameraRotation,343.7953,262.1235,359.9588,CurrentState,End,Slider,51,Scenario,1
ID,8,Time,337.6276,DronePosition,-110.239,59.27025,-107.379,0,CameraPosition,-103.2018,1.726068,-107.3257,CameraRotation,343.8069,262.0217,359.9837,CurrentState,End,Slider,51,Scenario,1
ID,8,Time,337.6415,DronePosition,-110.239,59.27025,-107.379,0,CameraPosition,-103.2017,1.726008,-107.3257,CameraRotation,343.8293,261.9339,359.9894,CurrentState,End,Slider,51,Scenario,1
ID,8,Time,337.6556,DronePosition,-110.239,59.27025,-107.379,0,CameraPosition,-103.2016,1.725981,-107.3256,CameraRotation,343.8381,261.8403,359.9649,CurrentState,End,Slider,51,Scenario,1
ID,8,Time,337.6694,DronePosition,-110.239,59.27025,-107.379,0,CameraPosition,-103.2016,1.725981,-107.3255,CameraRotation,343.8225,261.7499,359.9588,CurrentState,End,Slider,51,Scenario,1
ID,8,Time,337.683,DronePosition,-110.239,59.27025,-107.379,0,CameraPosition,-103.2015,1.725984,-107.3255,CameraRotation,343.7824,261.6484,359.9667,CurrentState,End,Slider,51,Scenario,1
ID,8,Time,337.6971,DronePosition,-110.239,59.27025,-107.379,0,CameraPosition,-103.2014,1.725974,-107.3254,CameraRotation,343.7641,261.5344,359.9776,CurrentState,End,Slider,51,Scenario,1
ID,8,Time,337.711,DronePosition,-110.239,59.27025,-107.379,0,CameraPosition,-103.2013,1.725965,-107.3254,CameraRotation,343.7648,261.4333,359.987,CurrentState,End,Slider,51,Scenario,1
ID,8,Time,337.7249,DronePosition,-110.239,59.27025,-107.379,0,CameraPosition,-103.2012,1.72594,-107.3253,CameraRotation,343.7706,261.324,0.01536819,CurrentState,End,Slider,51,Scenario,1
ID,8,Time,337.7386,DronePosition,-110.239,59.27025,-107.379,0,CameraPosition,-103.2011,1.725914,-107.3253,CameraRotation,343.7668,261.2388,0.01555611,CurrentState,End,Slider,51,Scenario,1
ID,8,Time,337.7526,DronePosition,-110.239,59.27025,-107.379,0,CameraPosition,-103.2009,1.725911,-107.3252,CameraRotation,343.7813,261.1561,0.03341108,CurrentState,End,Slider,51,Scenario,1
ID,8,Time,337.7668,DronePosition,-110.239,59.27025,-107.379,0,CameraPosition,-103.2008,1.725922,-107.3251,CameraRotation,343.782,261.0804,0.03840891,CurrentState,End,Slider,51,Scenario,1
ID,8,Time,337.7803,DronePosition,-110.239,59.27025,-107.379,0,CameraPosition,-103.2007,1.725931,-107.325,CameraRotation,343.7651,261.0277,0.02921932,CurrentState,End,Slider,51,Scenario,1
ID,8,Time,337.7944,DronePosition,-110.239,59.27025,-107.379,0,CameraPosition,-103.2006,1.725944,-107.3249,CameraRotation,343.7484,260.9695,0.01174777,CurrentState,End,Slider,51,Scenario,1
ID,8,Time,337.8086,DronePosition,-110.239,59.27025,-107.379,0,CameraPosition,-103.2005,1.725964,-107.3248,CameraRotation,343.7411,260.9248,0.01330099,CurrentState,End,Slider,51,Scenario,1
ID,8,Time,337.8223,DronePosition,-110.239,59.27025,-107.379,0,CameraPosition,-103.2003,1.725973,-107.3246,CameraRotation,343.7298,260.8858,0.03723177,CurrentState,End,Slider,51,Scenario,1
ID,8,Time,337.8371,DronePosition,-110.239,59.27025,-107.379,0,CameraPosition,-103.2002,1.725966,-107.3244,CameraRotation,343.7328,260.8352,0.06498519,CurrentState,End,Slider,51,Scenario,1
ID,8,Time,337.8499,DronePosition,-110.239,59.27025,-107.379,0,CameraPosition,-103.2001,1.725945,-107.3243,CameraRotation,343.7306,260.7993,0.069504,CurrentState,End,Slider,51,Scenario,1
ID,8,Time,337.8642,DronePosition,-110.239,59.27025,-107.379,0,CameraPosition,-103.1999,1.725922,-107.3241,CameraRotation,343.7412,260.7652,0.05560784,CurrentState,End,Slider,51,Scenario,1
ID,8,Time,337.8778,DronePosition,-110.239,59.27025,-107.379,0,CameraPosition,-103.1998,1.725902,-107.324,CameraRotation,343.7412,260.7278,0.03861874,CurrentState,End,Slider,51,Scenario,1
ID,8,Time,337.8918,DronePosition,-110.239,59.27025,-107.379,0,CameraPosition,-103.1997,1.725869,-107.3238,CameraRotation,343.733,260.6932,0.01434478,CurrentState,End,Slider,51,Scenario,1
ID,8,Time,337.9056,DronePosition,-110.239,59.27025,-107.379,0,CameraPosition,-103.1995,1.725856,-107.3237,CameraRotation,343.7343,260.6539,359.993,CurrentState,End,Slider,51,Scenario,1
ID,8,Time,337.9207,DronePosition,-110.239,59.27025,-107.379,0,CameraPosition,-103.1994,1.725845,-107.3236,CameraRotation,343.7364,260.6159,359.9813,CurrentState,End,Slider,51,Scenario,1
ID,8,Time,337.9331,DronePosition,-110.239,59.27025,-107.379,0,CameraPosition,-103.1993,1.725822,-107.3235,CameraRotation,343.735,260.5816,359.9575,CurrentState,End,Slider,51,Scenario,1
ID,8,Time,337.9477,DronePosition,-110.239,59.27025,-107.379,0,CameraPosition,-103.1991,1.72577,-107.3233,CameraRotation,343.7421,260.557,359.9223,CurrentState,End,Slider,51,Scenario,1
ID,8,Time,337.9612,DronePosition,-110.239,59.27025,-107.379,0,CameraPosition,-103.199,1.725709,-107.3231,CameraRotation,343.7505,260.5442,359.8897,CurrentState,End,Slider,51,Scenario,1
ID,8,Time,337.9752,DronePosition,-110.239,59.27025,-107.379,0,CameraPosition,-103.1989,1.725646,-107.3229,CameraRotation,343.7608,260.5436,359.8555,CurrentState,End,Slider,51,Scenario,1
ID,8,Time,337.9891,DronePosition,-110.239,59.27025,-107.379,0,CameraPosition,-103.1988,1.725614,-107.3227,CameraRotation,343.7647,260.5647,359.8336,CurrentState,End,Slider,51,Scenario,1
ID,8,Time,338.0031,DronePosition,-110.239,59.27025,-107.379,0,CameraPosition,-103.1987,1.725595,-107.3224,CameraRotation,343.7573,260.5912,359.831,CurrentState,End,Slider,51,Scenario,1
ID,8,Time,338.0169,DronePosition,-110.239,59.27025,-107.379,0,CameraPosition,-103.1986,1.725568,-107.3222,CameraRotation,343.7506,260.628,359.8292,CurrentState,End,Slider,51,Scenario,1
ID,8,Time,338.031,DronePosition,-110.239,59.27025,-107.379,0,CameraPosition,-103.1985,1.725532,-107.322,CameraRotation,343.756,260.6743,359.8288,CurrentState,End,Slider,51,Scenario,1
ID,8,Time,338.0452,DronePosition,-110.239,59.27025,-107.379,0,CameraPosition,-103.1984,1.725488,-107.3218,CameraRotation,343.7601,260.7124,359.8368,CurrentState,End,Slider,51,Scenario,1
ID,8,Time,338.0593,DronePosition,-110.239,59.27025,-107.379,0,CameraPosition,-103.1983,1.725442,-107.3216,CameraRotation,343.7686,260.7492,359.8618,CurrentState,End,Slider,51,Scenario,1
ID,8,Time,338.0728,DronePosition,-110.239,59.27025,-107.379,0,CameraPosition,-103.1982,1.725424,-107.3214,CameraRotation,343.7882,260.7811,359.8677,CurrentState,End,Slider,51,Scenario,1
ID,8,Time,338.087,DronePosition,-110.239,59.27025,-107.379,0,CameraPosition,-103.1981,1.72539,-107.3213,CameraRotation,343.8017,260.811,359.8726,CurrentState,End,Slider,51,Scenario,1
ID,8,Time,338.1005,DronePosition,-110.239,59.27025,-107.379,0,CameraPosition,-103.198,1.725353,-107.3211,CameraRotation,343.804,260.8375,359.8636,CurrentState,End,Slider,51,Scenario,1
ID,8,Time,338.1145,DronePosition,-110.239,59.27025,-107.379,0,CameraPosition,-103.198,1.725351,-107.3209,CameraRotation,343.8082,260.8525,359.8454,CurrentState,End,Slider,51,Scenario,1
ID,8,Time,338.1285,DronePosition,-110.239,59.27025,-107.379,0,CameraPosition,-103.1979,1.725356,-107.3208,CameraRotation,343.804,260.8649,359.8406,CurrentState,End,Slider,51,Scenario,1
ID,8,Time,338.1425,DronePosition,-110.239,59.27025,-107.379,0,CameraPosition,-103.1978,1.725351,-107.3206,CameraRotation,343.7889,260.8487,359.8661,CurrentState,End,Slider,51,Scenario,1
ID,8,Time,338.1564,DronePosition,-110.239,59.27025,-107.379,0,CameraPosition,-103.1978,1.725345,-107.3204,CameraRotation,343.7947,260.8426,359.8924,CurrentState,End,Slider,51,Scenario,1
ID,8,Time,338.17,DronePosition,-110.239,59.27025,-107.379,0,CameraPosition,-103.1978,1.725346,-107.3201,CameraRotation,343.8139,260.8318,359.9143,CurrentState,End,Slider,51,Scenario,1
ID,8,Time,338.1841,DronePosition,-110.239,59.27025,-107.379,0,CameraPosition,-103.1977,1.725394,-107.3199,CameraRotation,343.8145,260.8514,359.8745,CurrentState,End,Slider,51,Scenario,1
ID,8,Time,338.198,DronePosition,-110.239,59.27025,-107.379,0,CameraPosition,-103.1977,1.725453,-107.3197,CameraRotation,343.7822,260.8676,359.8266,CurrentState,End,Slider,51,Scenario,1
ID,8,Time,338.2122,DronePosition,-110.239,59.27025,-107.379,0,CameraPosition,-103.1977,1.725503,-107.3196,CameraRotation,343.7576,260.8861,359.807,CurrentState,End,Slider,51,Scenario,1
ID,8,Time,338.2262,DronePosition,-110.239,59.27025,-107.379,0,CameraPosition,-103.1977,1.725497,-107.3194,CameraRotation,343.7697,260.8973,359.8123,CurrentState,End,Slider,51,Scenario,1
ID,8,Time,338.24,DronePosition,-110.239,59.27025,-107.379,0,CameraPosition,-103.1976,1.725439,-107.3192,CameraRotation,343.8262,260.89,359.8286,CurrentState,End,Slider,51,Scenario,1
ID,8,Time,338.254,DronePosition,-110.239,59.27025,-107.379,0,CameraPosition,-103.1976,1.725333,-107.3191,CameraRotation,343.8905,260.8909,359.8208,CurrentState,End,Slider,51,Scenario,1
ID,8,Time,338.2674,DronePosition,-110.239,59.27025,-107.379,0,CameraPosition,-103.1976,1.725227,-107.3189,CameraRotation,343.9312,260.9004,359.7971,CurrentState,End,Slider,51,Scenario,1
ID,8,Time,338.2816,DronePosition,-110.239,59.27025,-107.379,0,CameraPosition,-103.1976,1.725157,-107.3188,CameraRotation,343.9551,260.8987,359.7833,CurrentState,End,Slider,51,Scenario,1
ID,8,Time,338.2977,DronePosition,-110.239,59.27025,-107.379,0,CameraPosition,-103.1976,1.725114,-107.3187,CameraRotation,343.9637,260.8764,359.7967,CurrentState,End,Slider,51,Scenario,1
ID,8,Time,338.3094,DronePosition,-110.239,59.27025,-107.379,0,CameraPosition,-103.1977,1.725086,-107.3186,CameraRotation,343.9755,260.8403,359.8192,CurrentState,End,Slider,51,Scenario,1
ID,8,Time,338.3234,DronePosition,-110.239,59.27025,-107.379,0,CameraPosition,-103.1977,1.725049,-107.3184,CameraRotation,344.0071,260.7945,359.8193,CurrentState,End,Slider,51,Scenario,1
ID,8,Time,338.3372,DronePosition,-110.239,59.27025,-107.379,0,CameraPosition,-103.1977,1.724981,-107.3184,CameraRotation,344.0557,260.7548,359.8094,CurrentState,End,Slider,51,Scenario,1
ID,8,Time,338.3511,DronePosition,-110.239,59.27025,-107.379,0,CameraPosition,-103.1977,1.72486,-107.3183,CameraRotation,344.1025,260.7016,359.8084,CurrentState,End,Slider,51,Scenario,1
ID,8,Time,338.365,DronePosition,-110.239,59.27025,-107.379,0,CameraPosition,-103.1977,1.724789,-107.3182,CameraRotation,344.1694,260.6556,359.812,CurrentState,End,Slider,51,Scenario,1
ID,8,Time,338.379,DronePosition,-110.239,59.27025,-107.379,0,CameraPosition,-103.1976,1.724748,-107.3182,CameraRotation,344.21,260.6028,359.8176,CurrentState,End,Slider,51,Scenario,1
ID,8,Time,338.3929,DronePosition,-110.239,59.27025,-107.379,0,CameraPosition,-103.1976,1.724741,-107.3182,CameraRotation,344.2062,260.5558,359.8015,CurrentState,End,Slider,51,Scenario,1
ID,8,Time,338.407,DronePosition,-110.239,59.27025,-107.379,0,CameraPosition,-103.1976,1.724753,-107.3181,CameraRotation,344.1916,260.507,359.8004,CurrentState,End,Slider,51,Scenario,1
ID,8,Time,338.4208,DronePosition,-110.239,59.27025,-107.379,0,CameraPosition,-103.1976,1.724787,-107.3181,CameraRotation,344.1567,260.4595,359.8287,CurrentState,End,Slider,51,Scenario,1
ID,8,Time,338.4347,DronePosition,-110.239,59.27025,-107.379,0,CameraPosition,-103.1975,1.724829,-107.318,CameraRotation,344.1452,260.4078,359.8815,CurrentState,End,Slider,51,Scenario,1
ID,8,Time,338.4485,DronePosition,-110.239,59.27025,-107.379,0,CameraPosition,-103.1975,1.724849,-107.318,CameraRotation,344.1252,260.3656,359.9081,CurrentState,End,Slider,51,Scenario,1
ID,8,Time,338.463,DronePosition,-110.239,59.27025,-107.379,0,CameraPosition,-103.1975,1.724872,-107.3179,CameraRotation,344.105,260.3167,359.9525,CurrentState,End,Slider,51,Scenario,1
ID,8,Time,338.477,DronePosition,-110.239,59.27025,-107.379,0,CameraPosition,-103.1974,1.724932,-107.3179,CameraRotation,344.0756,260.2631,359.9756,CurrentState,End,Slider,51,Scenario,1
ID,8,Time,338.4904,DronePosition,-110.239,59.27025,-107.379,0,CameraPosition,-103.1974,1.724991,-107.3178,CameraRotation,344.0381,260.2033,0.006005618,CurrentState,End,Slider,51,Scenario,1
ID,8,Time,338.5044,DronePosition,-110.239,59.27025,-107.379,0,CameraPosition,-103.1974,1.725038,-107.3178,CameraRotation,343.9842,260.1227,0.0286896,CurrentState,End,Slider,51,Scenario,1
ID,8,Time,338.5181,DronePosition,-110.239,59.27025,-107.379,0,CameraPosition,-103.1973,1.725092,-107.3178,CameraRotation,343.9301,260.0546,0.03865116,CurrentState,End,Slider,51,Scenario,1
ID,8,Time,338.5323,DronePosition,-110.239,59.27025,-107.379,0,CameraPosition,-103.1973,1.725152,-107.3177,CameraRotation,343.8873,259.9825,0.0521355,CurrentState,End,Slider,51,Scenario,1
ID,8,Time,338.5462,DronePosition,-110.239,59.27025,-107.379,0,CameraPosition,-103.1972,1.725235,-107.3177,CameraRotation,343.8562,259.9159,0.0415009,CurrentState,End,Slider,51,Scenario,1
ID,8,Time,338.5599,DronePosition,-110.239,59.27025,-107.379,0,CameraPosition,-103.1972,1.725301,-107.3177,CameraRotation,343.8376,259.8565,0.0247027,CurrentState,End,Slider,51,Scenario,1
ID,8,Time,338.574,DronePosition,-110.239,59.27025,-107.379,0,CameraPosition,-103.1971,1.725359,-107.3177,CameraRotation,343.8361,259.8032,0.002153836,CurrentState,End,Slider,51,Scenario,1
ID,8,Time,338.5879,DronePosition,-110.239,59.27025,-107.379,0,CameraPosition,-103.1971,1.725378,-107.3176,CameraRotation,343.8257,259.7567,359.9797,CurrentState,End,Slider,51,Scenario,1
ID,8,Time,338.6015,DronePosition,-110.239,59.27025,-107.379,0,CameraPosition,-103.197,1.725385,-107.3176,CameraRotation,343.827,259.6998,359.9773,CurrentState,End,Slider,51,Scenario,1
ID,8,Time,338.6155,DronePosition,-110.239,59.27025,-107.379,0,CameraPosition,-103.197,1.725389,-107.3175,CameraRotation,343.8193,259.6476,359.9781,CurrentState,End,Slider,51,Scenario,1
ID,8,Time,338.6295,DronePosition,-110.239,59.27025,-107.379,0,CameraPosition,-103.197,1.725395,-107.3175,CameraRotation,343.8064,259.5992,359.9749,CurrentState,End,Slider,51,Scenario,1
ID,8,Time,338.6435,DronePosition,-110.239,59.27025,-107.379,0,CameraPosition,-103.1969,1.725422,-107.3174,CameraRotation,343.8003,259.5597,359.9715,CurrentState,End,Slider,51,Scenario,1
ID,8,Time,338.6576,DronePosition,-110.239,59.27025,-107.379,0,CameraPosition,-103.1969,1.725429,-107.3173,CameraRotation,343.7843,259.5209,359.976,CurrentState,End,Slider,51,Scenario,1
ID,8,Time,338.6721,DronePosition,-110.239,59.27025,-107.379,0,CameraPosition,-103.1969,1.72539,-107.3173,CameraRotation,343.7719,259.4958,359.9854,CurrentState,End,Slider,51,Scenario,1
ID,8,Time,338.6856,DronePosition,-110.239,59.27025,-107.379,0,CameraPosition,-103.1968,1.725334,-107.3172,CameraRotation,343.7845,259.4759,-0.005466469,CurrentState,End,Slider,51,Scenario,1
ID,8,Time,338.6996,DronePosition,-110.239,59.27025,-107.379,0,CameraPosition,-103.1967,1.725264,-107.3172,CameraRotation,343.7912,259.465,0.001861807,CurrentState,End,Slider,51,Scenario,1
ID,8,Time,338.7133,DronePosition,-110.239,59.27025,-107.379,0,CameraPosition,-103.1967,1.725205,-107.3171,CameraRotation,343.798,259.4607,0.001963988,CurrentState,End,Slider,51,Scenario,1
ID,8,Time,338.7275,DronePosition,-110.239,59.27025,-107.379,0,CameraPosition,-103.1966,1.725215,-107.3171,CameraRotation,343.7871,259.4548,0.0004490125,CurrentState,End,Slider,51,Scenario,1
ID,8,Time,338.741,DronePosition,-110.239,59.27025,-107.379,0,CameraPosition,-103.1965,1.725261,-107.3171,CameraRotation,343.7502,259.4528,0.01083791,CurrentState,End,Slider,51,Scenario,1
ID,8,Time,338.7547,DronePosition,-110.239,59.27025,-107.379,0,CameraPosition,-103.1965,1.725296,-107.317,CameraRotation,343.6942,259.438,0.06010986,CurrentState,End,Slider,51,Scenario,1
ID,8,Time,338.7689,DronePosition,-110.239,59.27025,-107.379,0,CameraPosition,-103.1964,1.725307,-107.3169,CameraRotation,343.6778,259.44,0.09111496,CurrentState,End,Slider,51,Scenario,1
ID,8,Time,338.7826,DronePosition,-110.239,59.27025,-107.379,0,CameraPosition,-103.1964,1.725306,-107.3168,CameraRotation,343.6761,259.4441,0.08341683,CurrentState,End,Slider,51,Scenario,1
ID,8,Time,338.7966,DronePosition,-110.239,59.27025,-107.379,0,CameraPosition,-103.1963,1.725313,-107.3167,CameraRotation,343.6643,259.4759,0.03470059,CurrentState,End,Slider,51,Scenario,1
ID,8,Time,338.8106,DronePosition,-110.239,59.27025,-107.379,0,CameraPosition,-103.1962,1.725334,-107.3166,CameraRotation,343.6448,259.5208,0.008632638,CurrentState,End,Slider,51,Scenario,1
ID,8,Time,338.8247,DronePosition,-110.239,59.27025,-107.379,0,CameraPosition,-103.1962,1.725355,-107.3165,CameraRotation,343.6279,259.5532,0.02763983,CurrentState,End,Slider,51,Scenario,1
ID,8,Time,338.8397,DronePosition,-110.239,59.27025,-107.379,0,CameraPosition,-103.1961,1.725374,-107.3164,CameraRotation,343.6188,259.5806,0.05587757,CurrentState,End,Slider,51,Scenario,1
ID,8,Time,338.8523,DronePosition,-110.239,59.27025,-107.379,0,CameraPosition,-103.1961,1.725359,-107.3164,CameraRotation,343.6076,259.6109,0.07284233,CurrentState,End,Slider,51,Scenario,1
ID,8,Time,338.8663,DronePosition,-110.239,59.27025,-107.379,0,CameraPosition,-103.1961,1.72534,-107.3163,CameraRotation,343.6013,259.6554,0.05641125,CurrentState,End,Slider,51,Scenario,1
ID,8,Time,338.8805,DronePosition,-110.239,59.27025,-107.379,0,CameraPosition,-103.196,1.725318,-107.3162,CameraRotation,343.6002,259.6947,0.04195112,CurrentState,End,Slider,51,Scenario,1
ID,8,Time,338.8946,DronePosition,-110.239,59.27025,-107.379,0,CameraPosition,-103.196,1.725303,-107.3162,CameraRotation,343.583,259.7398,0.03313431,CurrentState,End,Slider,51,Scenario,1
ID,8,Time,338.9079,DronePosition,-110.239,59.27025,-107.379,0,CameraPosition,-103.196,1.725286,-107.3161,CameraRotation,343.5573,259.7532,0.04657417,CurrentState,End,Slider,51,Scenario,1
ID,8,Time,338.9221,DronePosition,-110.239,59.27025,-107.379,0,CameraPosition,-103.196,1.725284,-107.316,CameraRotation,343.5546,259.7565,0.06571215,CurrentState,End,Slider,51,Scenario,1
ID,8,Time,338.9359,DronePosition,-110.239,59.27025,-107.379,0,CameraPosition,-103.196,1.725284,-107.316,CameraRotation,343.5641,259.7672,0.06359128,CurrentState,End,Slider,51,Scenario,1
ID,8,Time,338.9499,DronePosition,-110.239,59.27025,-107.379,0,CameraPosition,-103.1959,1.725269,-107.3158,CameraRotation,343.5629,259.7722,0.04155504,CurrentState,End,Slider,51,Scenario,1
ID,8,Time,338.9636,DronePosition,-110.239,59.27025,-107.379,0,CameraPosition,-103.1959,1.725272,-107.3157,CameraRotation,343.592,259.7933,0.01931433,CurrentState,End,Slider,51,Scenario,1
ID,8,Time,338.978,DronePosition,-110.239,59.27025,-107.379,0,CameraPosition,-103.1959,1.725273,-107.3156,CameraRotation,343.5986,259.8218,0.01623698,CurrentState,End,Slider,51,Scenario,1
ID,8,Time,338.9916,DronePosition,-110.239,59.27025,-107.379,0,CameraPosition,-103.1959,1.725306,-107.3156,CameraRotation,343.5937,259.8608,0.00872123,CurrentState,End,Slider,51,Scenario,1
ID,8,Time,339.0057,DronePosition,-110.239,59.27025,-107.379,0,CameraPosition,-103.1959,1.725325,-107.3155,CameraRotation,343.5547,259.919,359.9774,CurrentState,End,Slider,51,Scenario,1
ID,8,Time,339.0194,DronePosition,-110.239,59.27025,-107.379,0,CameraPosition,-103.196,1.725344,-107.3154,CameraRotation,343.5403,259.9884,359.9644,CurrentState,End,Slider,51,Scenario,1
ID,8,Time,339.0331,DronePosition,-110.239,59.27025,-107.379,0,CameraPosition,-103.196,1.725379,-107.3153,CameraRotation,343.5379,260.0598,359.9619,CurrentState,End,Slider,51,Scenario,1
ID,8,Time,339.0475,DronePosition,-110.239,59.27025,-107.379,0,CameraPosition,-103.196,1.725416,-107.3152,CameraRotation,343.5223,260.1306,359.9888,CurrentState,End,Slider,51,Scenario,1
ID,8,Time,339.0611,DronePosition,-110.239,59.27025,-107.379,0,CameraPosition,-103.1961,1.725474,-107.3151,CameraRotation,343.5085,260.195,0.006184739,CurrentState,End,Slider,51,Scenario,1
ID,8,Time,339.0751,DronePosition,-110.239,59.27025,-107.379,0,CameraPosition,-103.1961,1.725517,-107.315,CameraRotation,343.4702,260.2581,0.01005108,CurrentState,End,Slider,51,Scenario,1
ID,8,Time,339.0894,DronePosition,-110.239,59.27025,-107.379,0,CameraPosition,-103.1962,1.725574,-107.315,CameraRotation,343.4515,260.3126,359.9855,CurrentState,End,Slider,51,Scenario,1
ID,8,Time,339.1043,DronePosition,-110.239,59.27025,-107.379,0,CameraPosition,-103.1963,1.725628,-107.3149,CameraRotation,343.4269,260.3739,359.9602,CurrentState,End,Slider,51,Scenario,1
ID,8,Time,339.1165,DronePosition,-110.239,59.27025,-107.379,0,CameraPosition,-103.1964,1.725705,-107.3148,CameraRotation,343.416,260.4322,359.9413,CurrentState,End,Slider,51,Scenario,1
ID,8,Time,339.1312,DronePosition,-110.239,59.27025,-107.379,0,CameraPosition,-103.1965,1.725761,-107.3147,CameraRotation,343.4058,260.4717,359.9286,CurrentState,End,Slider,51,Scenario,1
ID,8,Time,339.1449,DronePosition,-110.239,59.27025,-107.379,0,CameraPosition,-103.1966,1.725791,-107.3146,CameraRotation,343.3977,260.5184,359.9259,CurrentState,End,Slider,51,Scenario,1
ID,8,Time,339.1586,DronePosition,-110.239,59.27025,-107.379,0,CameraPosition,-103.1968,1.725809,-107.3146,CameraRotation,343.387,260.5551,359.9132,CurrentState,End,Slider,51,Scenario,1
ID,8,Time,339.1726,DronePosition,-110.239,59.27025,-107.379,0,CameraPosition,-103.1969,1.725832,-107.3146,CameraRotation,343.396,260.5848,359.8976,CurrentState,End,Slider,51,Scenario,1
ID,8,Time,339.1867,DronePosition,-110.239,59.27025,-107.379,0,CameraPosition,-103.197,1.725823,-107.3147,CameraRotation,343.3959,260.6057,359.8894,CurrentState,End,Slider,51,Scenario,1
ID,8,Time,339.2005,DronePosition,-110.239,59.27025,-107.379,0,CameraPosition,-103.1972,1.725805,-107.3147,CameraRotation,343.4117,260.6107,359.8883,CurrentState,End,Slider,51,Scenario,1
ID,8,Time,339.2145,DronePosition,-110.239,59.27025,-107.379,0,CameraPosition,-103.1973,1.725782,-107.3148,CameraRotation,343.437,260.619,359.89,CurrentState,End,Slider,51,Scenario,1
ID,8,Time,339.2283,DronePosition,-110.239,59.27025,-107.379,0,CameraPosition,-103.1974,1.725767,-107.3148,CameraRotation,343.464,260.6172,359.8922,CurrentState,End,Slider,51,Scenario,1
ID,8,Time,339.2427,DronePosition,-110.239,59.27025,-107.379,0,CameraPosition,-103.1976,1.725754,-107.3149,CameraRotation,343.4812,260.6063,359.8893,CurrentState,End,Slider,51,Scenario,1
ID,8,Time,339.2563,DronePosition,-110.239,59.27025,-107.379,0,CameraPosition,-103.1978,1.725748,-107.315,CameraRotation,343.4871,260.6089,359.8879,CurrentState,End,Slider,51,Scenario,1
ID,8,Time,339.27,DronePosition,-110.239,59.27025,-107.379,0,CameraPosition,-103.198,1.725755,-107.315,CameraRotation,343.4872,260.6221,359.8797,CurrentState,End,Slider,51,Scenario,1
ID,8,Time,339.2838,DronePosition,-110.239,59.27025,-107.379,0,CameraPosition,-103.1981,1.725759,-107.3151,CameraRotation,343.492,260.624,359.8972,CurrentState,End,Slider,51,Scenario,1
ID,8,Time,339.2982,DronePosition,-110.239,59.27025,-107.379,0,CameraPosition,-103.1983,1.725746,-107.3151,CameraRotation,343.4917,260.6252,359.9221,CurrentState,End,Slider,51,Scenario,1
ID,8,Time,339.3123,DronePosition,-110.239,59.27025,-107.379,0,CameraPosition,-103.1985,1.725729,-107.3152,CameraRotation,343.4933,260.6318,359.9398,CurrentState,End,Slider,51,Scenario,1
ID,8,Time,339.3258,DronePosition,-110.239,59.27025,-107.379,0,CameraPosition,-103.1987,1.725723,-107.3153,CameraRotation,343.502,260.6379,359.9374,CurrentState,End,Slider,51,Scenario,1
ID,8,Time,339.3396,DronePosition,-110.239,59.27025,-107.379,0,CameraPosition,-103.1988,1.725719,-107.3155,CameraRotation,343.5081,260.6332,359.9399,CurrentState,End,Slider,51,Scenario,1
ID,8,Time,339.3538,DronePosition,-110.239,59.27025,-107.379,0,CameraPosition,-103.199,1.725701,-107.3156,CameraRotation,343.5061,260.6188,359.957,CurrentState,End,Slider,51,Scenario,1
ID,8,Time,339.3674,DronePosition,-110.239,59.27025,-107.379,0,CameraPosition,-103.1992,1.725677,-107.3157,CameraRotation,343.519,260.5952,0.01662649,CurrentState,End,Slider,51,Scenario,1
ID,8,Time,339.3814,DronePosition,-110.239,59.27025,-107.379,0,CameraPosition,-103.1993,1.725661,-107.3158,CameraRotation,343.5358,260.5777,0.06477219,CurrentState,End,Slider,51,Scenario,1
ID,8,Time,339.3955,DronePosition,-110.239,59.27025,-107.379,0,CameraPosition,-103.1995,1.725641,-107.316,CameraRotation,343.5399,260.5688,0.05354463,CurrentState,End,Slider,51,Scenario,1
ID,8,Time,339.4093,DronePosition,-110.239,59.27025,-107.379,0,CameraPosition,-103.1997,1.725631,-107.3162,CameraRotation,343.5514,260.5614,0.0234044,CurrentState,End,Slider,51,Scenario,1
ID,8,Time,339.4231,DronePosition,-110.239,59.27025,-107.379,0,CameraPosition,-103.1998,1.725629,-107.3164,CameraRotation,343.5554,260.5447,0.05252019,CurrentState,End,Slider,51,Scenario,1
ID,8,Time,339.437,DronePosition,-110.239,59.27025,-107.379,0,CameraPosition,-103.2,1.725633,-107.3166,CameraRotation,343.5565,260.4934,0.1443922,CurrentState,End,Slider,51,Scenario,1
ID,8,Time,339.451,DronePosition,-110.239,59.27025,-107.379,0,CameraPosition,-103.2002,1.725622,-107.3168,CameraRotation,343.577,260.4358,0.2305728,CurrentState,End,Slider,51,Scenario,1
ID,8,Time,339.4648,DronePosition,-110.239,59.27025,-107.379,0,CameraPosition,-103.2003,1.725558,-107.317,CameraRotation,343.6158,260.3815,0.2814925,CurrentState,End,Slider,51,Scenario,1
ID,8,Time,339.4792,DronePosition,-110.239,59.27025,-107.379,0,CameraPosition,-103.2004,1.72548,-107.3172,CameraRotation,343.6588,260.3326,0.3014423,CurrentState,End,Slider,51,Scenario,1
ID,8,Time,339.4929,DronePosition,-110.239,59.27025,-107.379,0,CameraPosition,-103.2006,1.725404,-107.3175,CameraRotation,343.6883,260.2843,0.3361274,CurrentState,End,Slider,51,Scenario,1
ID,8,Time,339.5071,DronePosition,-110.239,59.27025,-107.379,0,CameraPosition,-103.2007,1.725316,-107.3177,CameraRotation,343.7082,260.2374,0.368024,CurrentState,End,Slider,51,Scenario,1
ID,8,Time,339.5208,DronePosition,-110.239,59.27025,-107.379,0,CameraPosition,-103.2008,1.725249,-107.318,CameraRotation,343.7196,260.1989,0.393225,CurrentState,End,Slider,51,Scenario,1
ID,8,Time,339.5347,DronePosition,-110.239,59.27025,-107.379,0,CameraPosition,-103.2008,1.725222,-107.3182,CameraRotation,343.7364,260.1617,0.4221097,CurrentState,End,Slider,51,Scenario,1
ID,8,Time,339.5484,DronePosition,-110.239,59.27025,-107.379,0,CameraPosition,-103.2009,1.725219,-107.3184,CameraRotation,343.7524,260.1364,0.4513755,CurrentState,End,Slider,51,Scenario,1
ID,8,Time,339.5623,DronePosition,-110.239,59.27025,-107.379,0,CameraPosition,-103.201,1.725174,-107.3186,CameraRotation,343.7632,260.1114,0.4766667,CurrentState,End,Slider,51,Scenario,1
ID,8,Time,339.5763,DronePosition,-110.239,59.27025,-107.379,0,CameraPosition,-103.2011,1.725145,-107.3187,CameraRotation,343.7949,260.1013,0.4977814,CurrentState,End,Slider,51,Scenario,1
ID,8,Time,339.5903,DronePosition,-110.239,59.27025,-107.379,0,CameraPosition,-103.2011,1.725154,-107.3188,CameraRotation,343.8179,260.0877,0.5326624,CurrentState,End,Slider,51,Scenario,1
ID,8,Time,339.6042,DronePosition,-110.239,59.27025,-107.379,0,CameraPosition,-103.2012,1.725193,-107.3188,CameraRotation,343.8042,260.0889,0.543269,CurrentState,End,Slider,51,Scenario,1
ID,8,Time,339.6181,DronePosition,-110.239,59.27025,-107.379,0,CameraPosition,-103.2013,1.725228,-107.319,CameraRotation,343.7599,260.0917,0.5256734,CurrentState,End,Slider,51,Scenario,1
ID,8,Time,339.6324,DronePosition,-110.239,59.27025,-107.379,0,CameraPosition,-103.2013,1.725282,-107.3191,CameraRotation,343.7146,260.1003,0.5162205,CurrentState,End,Slider,51,Scenario,1
ID,8,Time,339.646,DronePosition,-110.239,59.27025,-107.379,0,CameraPosition,-103.2014,1.725346,-107.3192,CameraRotation,343.674,260.1072,0.5165477,CurrentState,End,Slider,51,Scenario,1
ID,8,Time,339.6602,DronePosition,-110.239,59.27025,-107.379,0,CameraPosition,-103.2014,1.725365,-107.3193,CameraRotation,343.6383,260.0866,0.5458426,CurrentState,End,Slider,51,Scenario,1
ID,8,Time,339.6743,DronePosition,-110.239,59.27025,-107.379,0,CameraPosition,-103.2014,1.72536,-107.3195,CameraRotation,343.6169,260.07,0.5639589,CurrentState,End,Slider,51,Scenario,1
ID,8,Time,339.6879,DronePosition,-110.239,59.27025,-107.379,0,CameraPosition,-103.2013,1.725344,-107.3196,CameraRotation,343.599,260.051,0.5839446,CurrentState,End,Slider,51,Scenario,1
ID,8,Time,339.7018,DronePosition,-110.239,59.27025,-107.379,0,CameraPosition,-103.2013,1.72535,-107.3197,CameraRotation,343.5748,260.0232,0.6004636,CurrentState,End,Slider,51,Scenario,1
ID,8,Time,339.7161,DronePosition,-110.239,59.27025,-107.379,0,CameraPosition,-103.2013,1.725381,-107.3198,CameraRotation,343.5277,260.0067,0.6122589,CurrentState,End,Slider,51,Scenario,1
ID,8,Time,339.7295,DronePosition,-110.239,59.27025,-107.379,0,CameraPosition,-103.2013,1.72541,-107.3198,CameraRotation,343.4744,259.9757,0.6274111,CurrentState,End,Slider,51,Scenario,1
ID,8,Time,339.7438,DronePosition,-110.239,59.27025,-107.379,0,CameraPosition,-103.2014,1.725439,-107.3198,CameraRotation,343.4227,259.9518,0.6396266,CurrentState,End,Slider,51,Scenario,1
ID,8,Time,339.7574,DronePosition,-110.239,59.27025,-107.379,0,CameraPosition,-103.2014,1.725439,-107.3198,CameraRotation,343.3817,259.9195,0.656319,CurrentState,End,Slider,51,Scenario,1
ID,8,Time,339.7712,DronePosition,-110.239,59.27025,-107.379,0,CameraPosition,-103.2014,1.725426,-107.3198,CameraRotation,343.3619,259.8896,0.6508864,CurrentState,End,Slider,51,Scenario,1
ID,8,Time,339.7856,DronePosition,-110.239,59.27025,-107.379,0,CameraPosition,-103.2013,1.725404,-107.3198,CameraRotation,343.3601,259.8769,0.6438043,CurrentState,End,Slider,51,Scenario,1
ID,8,Time,339.7993,DronePosition,-110.239,59.27025,-107.379,0,CameraPosition,-103.2013,1.725397,-107.3198,CameraRotation,343.3484,259.8704,0.6268598,CurrentState,End,Slider,51,Scenario,1
ID,8,Time,339.8131,DronePosition,-110.239,59.27025,-107.379,0,CameraPosition,-103.2013,1.725415,-107.3198,CameraRotation,343.3369,259.8815,0.6187233,CurrentState,End,Slider,51,Scenario,1
ID,8,Time,339.8271,DronePosition,-110.239,59.27025,-107.379,0,CameraPosition,-103.2013,1.725375,-107.3197,CameraRotation,343.3223,259.9078,0.6100026,CurrentState,End,Slider,51,Scenario,1
ID,8,Time,339.8419,DronePosition,-110.239,59.27025,-107.379,0,CameraPosition,-103.2012,1.725323,-107.3196,CameraRotation,343.3013,259.9539,0.5934341,CurrentState,End,Slider,51,Scenario,1
ID,8,Time,339.855,DronePosition,-110.239,59.27025,-107.379,0,CameraPosition,-103.2012,1.725277,-107.3195,CameraRotation,343.2733,260.0085,0.5821789,CurrentState,End,Slider,51,Scenario,1
ID,8,Time,339.8687,DronePosition,-110.239,59.27025,-107.379,0,CameraPosition,-103.2011,1.725295,-107.3193,CameraRotation,343.2587,260.0766,0.5751253,CurrentState,End,Slider,51,Scenario,1
ID,8,Time,339.8827,DronePosition,-110.239,59.27025,-107.379,0,CameraPosition,-103.2011,1.725298,-107.3192,CameraRotation,343.2309,260.1342,0.5792339,CurrentState,End,Slider,51,Scenario,1
ID,8,Time,339.8966,DronePosition,-110.239,59.27025,-107.379,0,CameraPosition,-103.201,1.725289,-107.319,CameraRotation,343.2152,260.1943,0.5866826,CurrentState,End,Slider,51,Scenario,1
ID,8,Time,339.9106,DronePosition,-110.239,59.27025,-107.379,0,CameraPosition,-103.201,1.725301,-107.3188,CameraRotation,343.1987,260.2515,0.5833501,CurrentState,End,Slider,51,Scenario,1
ID,8,Time,339.925,DronePosition,-110.239,59.27025,-107.379,0,CameraPosition,-103.201,1.725318,-107.3186,CameraRotation,343.1767,260.2929,0.5674331,CurrentState,End,Slider,51,Scenario,1
ID,8,Time,339.9397,DronePosition,-110.239,59.27025,-107.379,0,CameraPosition,-103.201,1.725331,-107.3185,CameraRotation,343.1472,260.3191,0.5422393,CurrentState,End,Slider,51,Scenario,1
ID,8,Time,339.9521,DronePosition,-110.239,59.27025,-107.379,0,CameraPosition,-103.201,1.725377,-107.3183,CameraRotation,343.1254,260.3308,0.5010126,CurrentState,End,Slider,51,Scenario,1
ID,8,Time,339.9662,DronePosition,-110.239,59.27025,-107.379,0,CameraPosition,-103.2009,1.72541,-107.3182,CameraRotation,343.0964,260.3273,0.4539105,CurrentState,End,Slider,51,Scenario,1
ID,8,Time,339.9802,DronePosition,-110.239,59.27025,-107.379,0,CameraPosition,-103.2009,1.72543,-107.3181,CameraRotation,343.0762,260.3104,0.4303344,CurrentState,End,Slider,51,Scenario,1
ID,8,Time,339.9942,DronePosition,-110.239,59.27025,-107.379,0,CameraPosition,-103.2008,1.725441,-107.3179,CameraRotation,343.0647,260.2922,0.4230939,CurrentState,End,Slider,51,Scenario,1
ID,8,Time,340.0078,DronePosition,-110.239,59.27025,-107.379,0,CameraPosition,-103.2008,1.725461,-107.3178,CameraRotation,343.0565,260.2925,0.3902723,CurrentState,End,Slider,51,Scenario,1
ID,8,Time,340.022,DronePosition,-110.239,59.27025,-107.379,0,CameraPosition,-103.2008,1.725463,-107.3176,CameraRotation,343.0261,260.3203,0.3241498,CurrentState,End,Slider,51,Scenario,1
ID,8,Time,340.0356,DronePosition,-110.239,59.27025,-107.379,0,CameraPosition,-103.2007,1.725505,-107.3175,CameraRotation,343.0023,260.3596,0.2669062,CurrentState,End,Slider,51,Scenario,1
ID,8,Time,340.0494,DronePosition,-110.239,59.27025,-107.379,0,CameraPosition,-103.2007,1.725558,-107.3173,CameraRotation,342.9757,260.3963,0.2631849,CurrentState,End,Slider,51,Scenario,1
ID,8,Time,340.0636,DronePosition,-110.239,59.27025,-107.379,0,CameraPosition,-103.2007,1.725633,-107.3171,CameraRotation,342.955,260.4335,0.2873396,CurrentState,End,Slider,51,Scenario,1
ID,8,Time,340.0775,DronePosition,-110.239,59.27025,-107.379,0,CameraPosition,-103.2006,1.725657,-107.3169,CameraRotation,342.9552,260.4675,0.3077177,CurrentState,End,Slider,51,Scenario,1
ID,8,Time,340.0917,DronePosition,-110.239,59.27025,-107.379,0,CameraPosition,-103.2006,1.725644,-107.3167,CameraRotation,342.9897,260.5075,0.3107941,CurrentState,End,Slider,51,Scenario,1
ID,8,Time,340.1056,DronePosition,-110.239,59.27025,-107.379,0,CameraPosition,-103.2005,1.725543,-107.3166,CameraRotation,343.0153,260.5378,0.3096035,CurrentState,End,Slider,51,Scenario,1
ID,8,Time,340.1192,DronePosition,-110.239,59.27025,-107.379,0,CameraPosition,-103.2004,1.725466,-107.3165,CameraRotation,343.0456,260.5391,0.3211358,CurrentState,End,Slider,51,Scenario,1
ID,8,Time,340.1335,DronePosition,-110.239,59.27025,-107.379,0,CameraPosition,-103.2004,1.725406,-107.3164,CameraRotation,343.0584,260.528,0.3264689,CurrentState,End,Slider,51,Scenario,1
ID,8,Time,340.1472,DronePosition,-110.239,59.27025,-107.379,0,CameraPosition,-103.2003,1.725369,-107.3164,CameraRotation,343.0684,260.4836,0.3376103,CurrentState,End,Slider,51,Scenario,1
ID,8,Time,340.1614,DronePosition,-110.239,59.27025,-107.379,0,CameraPosition,-103.2002,1.725354,-107.3164,CameraRotation,343.0931,260.4429,0.3344865,CurrentState,End,Slider,51,Scenario,1
ID,8,Time,340.1751,DronePosition,-110.239,59.27025,-107.379,0,CameraPosition,-103.2001,1.725306,-107.3163,CameraRotation,343.0993,260.4,0.3010845,CurrentState,End,Slider,51,Scenario,1
ID,8,Time,340.189,DronePosition,-110.239,59.27025,-107.379,0,CameraPosition,-103.2,1.725242,-107.3162,CameraRotation,343.1183,260.3619,0.2647269,CurrentState,End,Slider,51,Scenario,1
ID,8,Time,340.2029,DronePosition,-110.239,59.27025,-107.379,0,CameraPosition,-103.1999,1.725202,-107.3161,CameraRotation,343.1399,260.3371,0.2447774,CurrentState,End,Slider,51,Scenario,1
ID,8,Time,340.2165,DronePosition,-110.239,59.27025,-107.379,0,CameraPosition,-103.1997,1.725179,-107.316,CameraRotation,343.1445,260.3144,0.2416989,CurrentState,End,Slider,51,Scenario,1
ID,8,Time,340.2308,DronePosition,-110.239,59.27025,-107.379,0,CameraPosition,-103.1996,1.725214,-107.3159,CameraRotation,343.1316,260.3026,0.2071662,CurrentState,End,Slider,51,Scenario,1
ID,8,Time,340.2448,DronePosition,-110.239,59.27025,-107.379,0,CameraPosition,-103.1996,1.72524,-107.3158,CameraRotation,343.1094,260.2887,0.1915277,CurrentState,End,Slider,51,Scenario,1
ID,8,Time,340.2585,DronePosition,-110.239,59.27025,-107.379,0,CameraPosition,-103.1994,1.725254,-107.3156,CameraRotation,343.0903,260.2855,0.1992588,CurrentState,End,Slider,51,Scenario,1
ID,8,Time,340.2725,DronePosition,-110.239,59.27025,-107.379,0,CameraPosition,-103.1993,1.725248,-107.3155,CameraRotation,343.0743,260.2922,0.1987787,CurrentState,End,Slider,51,Scenario,1
ID,8,Time,340.2863,DronePosition,-110.239,59.27025,-107.379,0,CameraPosition,-103.1992,1.725234,-107.3154,CameraRotation,343.0663,260.3011,0.1770277,CurrentState,End,Slider,51,Scenario,1
ID,8,Time,340.3002,DronePosition,-110.239,59.27025,-107.379,0,CameraPosition,-103.1991,1.725209,-107.3152,CameraRotation,343.0549,260.3257,0.1458919,CurrentState,End,Slider,51,Scenario,1
ID,8,Time,340.3143,DronePosition,-110.239,59.27025,-107.379,0,CameraPosition,-103.1989,1.725183,-107.3151,CameraRotation,343.0291,260.3391,0.1293096,CurrentState,End,Slider,51,Scenario,1
ID,8,Time,340.3285,DronePosition,-110.239,59.27025,-107.379,0,CameraPosition,-103.1988,1.72519,-107.315,CameraRotation,343.0053,260.351,0.1177835,CurrentState,End,Slider,51,Scenario,1
ID,8,Time,340.3428,DronePosition,-110.239,59.27025,-107.379,0,CameraPosition,-103.1987,1.725187,-107.3149,CameraRotation,342.9683,260.3533,0.1136752,CurrentState,End,Slider,51,Scenario,1
ID,8,Time,340.3564,DronePosition,-110.239,59.27025,-107.379,0,CameraPosition,-103.1986,1.725165,-107.3148,CameraRotation,342.9367,260.3601,0.08955334,CurrentState,End,Slider,51,Scenario,1
ID,8,Time,340.3699,DronePosition,-110.239,59.27025,-107.379,0,CameraPosition,-103.1985,1.725117,-107.3146,CameraRotation,342.9064,260.3657,0.05964195,CurrentState,End,Slider,51,Scenario,1
ID,8,Time,340.3837,DronePosition,-110.239,59.27025,-107.379,0,CameraPosition,-103.1985,1.725081,-107.3145,CameraRotation,342.8943,260.3916,0.02499067,CurrentState,End,Slider,51,Scenario,1
ID,8,Time,340.3978,DronePosition,-110.239,59.27025,-107.379,0,CameraPosition,-103.1985,1.725064,-107.3143,CameraRotation,342.8766,260.437,359.9887,CurrentState,End,Slider,51,Scenario,1
ID,8,Time,340.4117,DronePosition,-110.239,59.27025,-107.379,0,CameraPosition,-103.1985,1.725088,-107.3141,CameraRotation,342.8864,260.5007,359.9759,CurrentState,End,Slider,51,Scenario,1
ID,8,Time,340.4257,DronePosition,-110.239,59.27025,-107.379,0,CameraPosition,-103.1984,1.72509,-107.314,CameraRotation,342.8866,260.5486,359.9882,CurrentState,End,Slider,51,Scenario,1
ID,8,Time,340.4397,DronePosition,-110.239,59.27025,-107.379,0,CameraPosition,-103.1984,1.725091,-107.3138,CameraRotation,342.9007,260.6206,-0.00163645,CurrentState,End,Slider,51,Scenario,1
ID,8,Time,340.4536,DronePosition,-110.239,59.27025,-107.379,0,CameraPosition,-103.1984,1.725056,-107.3137,CameraRotation,342.939,260.6969,0.01256557,CurrentState,End,Slider,51,Scenario,1
ID,8,Time,340.4673,DronePosition,-110.239,59.27025,-107.379,0,CameraPosition,-103.1984,1.725008,-107.3136,CameraRotation,342.9802,260.7729,0.01624146,CurrentState,End,Slider,51,Scenario,1
ID,8,Time,340.4811,DronePosition,-110.239,59.27025,-107.379,0,CameraPosition,-103.1984,1.724948,-107.3134,CameraRotation,343.0341,260.8447,0.01534149,CurrentState,End,Slider,51,Scenario,1
ID,8,Time,340.4953,DronePosition,-110.239,59.27025,-107.379,0,CameraPosition,-103.1984,1.724883,-107.3133,CameraRotation,343.0751,260.9164,0.02533244,CurrentState,End,Slider,51,Scenario,1
ID,8,Time,340.5096,DronePosition,-110.239,59.27025,-107.379,0,CameraPosition,-103.1985,1.724827,-107.3131,CameraRotation,343.0982,260.9936,0.0439752,CurrentState,End,Slider,51,Scenario,1
ID,8,Time,340.5232,DronePosition,-110.239,59.27025,-107.379,0,CameraPosition,-103.1985,1.724785,-107.313,CameraRotation,343.1056,261.071,0.0641944,CurrentState,End,Slider,51,Scenario,1
ID,8,Time,340.5372,DronePosition,-110.239,59.27025,-107.379,0,CameraPosition,-103.1986,1.724752,-107.3128,CameraRotation,343.1085,261.1591,0.07725093,CurrentState,End,Slider,51,Scenario,1
ID,8,Time,340.5515,DronePosition,-110.239,59.27025,-107.379,0,CameraPosition,-103.1986,1.72472,-107.3126,CameraRotation,343.1248,261.2552,0.08118682,CurrentState,End,Slider,51,Scenario,1
ID,8,Time,340.5651,DronePosition,-110.239,59.27025,-107.379,0,CameraPosition,-103.1987,1.724693,-107.3124,CameraRotation,343.1482,261.3525,0.0815684,CurrentState,End,Slider,51,Scenario,1
ID,8,Time,340.5791,DronePosition,-110.239,59.27025,-107.379,0,CameraPosition,-103.1988,1.724663,-107.3122,CameraRotation,343.1924,261.446,0.08932829,CurrentState,End,Slider,51,Scenario,1
ID,8,Time,340.5928,DronePosition,-110.239,59.27025,-107.379,0,CameraPosition,-103.1988,1.724606,-107.3121,CameraRotation,343.2417,261.5396,0.100777,CurrentState,End,Slider,51,Scenario,1
ID,8,Time,340.6068,DronePosition,-110.239,59.27025,-107.379,0,CameraPosition,-103.1989,1.724522,-107.3119,CameraRotation,343.2973,261.6379,0.1355179,CurrentState,End,Slider,51,Scenario,1
ID,8,Time,340.6204,DronePosition,-110.239,59.27025,-107.379,0,CameraPosition,-103.1991,1.724417,-107.3117,CameraRotation,343.3782,261.7457,0.1887928,CurrentState,End,Slider,51,Scenario,1
ID,8,Time,340.6348,DronePosition,-110.239,59.27025,-107.379,0,CameraPosition,-103.1992,1.724347,-107.3115,CameraRotation,343.4501,261.8694,0.2086058,CurrentState,End,Slider,51,Scenario,1
ID,8,Time,340.6483,DronePosition,-110.239,59.27025,-107.379,0,CameraPosition,-103.1993,1.724312,-107.3113,CameraRotation,343.4849,262.0237,0.1831358,CurrentState,End,Slider,51,Scenario,1
ID,8,Time,340.6624,DronePosition,-110.239,59.27025,-107.379,0,CameraPosition,-103.1995,1.724306,-107.311,CameraRotation,343.5048,262.1979,0.151279,CurrentState,End,Slider,51,Scenario,1
ID,8,Time,340.6764,DronePosition,-110.239,59.27025,-107.379,0,CameraPosition,-103.1997,1.724301,-107.3107,CameraRotation,343.5248,262.3926,0.140363,CurrentState,End,Slider,51,Scenario,1
ID,8,Time,340.6905,DronePosition,-110.239,59.27025,-107.379,0,CameraPosition,-103.1999,1.724255,-107.3103,CameraRotation,343.572,262.5825,0.1516405,CurrentState,End,Slider,51,Scenario,1
ID,8,Time,340.7043,DronePosition,-110.239,59.27025,-107.379,0,CameraPosition,-103.2001,1.724183,-107.3099,CameraRotation,343.6468,262.7936,0.1610378,CurrentState,End,Slider,51,Scenario,1
ID,8,Time,340.718,DronePosition,-110.239,59.27025,-107.379,0,CameraPosition,-103.2003,1.724076,-107.3095,CameraRotation,343.7441,263.0192,0.164059,CurrentState,End,Slider,51,Scenario,1
ID,8,Time,340.7322,DronePosition,-110.239,59.27025,-107.379,0,CameraPosition,-103.2005,1.723943,-107.3091,CameraRotation,343.8393,263.2776,0.1543495,CurrentState,End,Slider,51,Scenario,1
ID,8,Time,340.7462,DronePosition,-110.239,59.27025,-107.379,0,CameraPosition,-103.2007,1.723799,-107.3086,CameraRotation,343.9315,263.5553,0.1344111,CurrentState,End,Slider,51,Scenario,1
ID,8,Time,340.7604,DronePosition,-110.239,59.27025,-107.379,0,CameraPosition,-103.2009,1.723692,-107.3082,CameraRotation,344.0008,263.8398,0.1079801,CurrentState,End,Slider,51,Scenario,1
ID,8,Time,340.7742,DronePosition,-110.239,59.27025,-107.379,0,CameraPosition,-103.2012,1.723608,-107.3077,CameraRotation,344.0583,264.1223,0.06678236,CurrentState,End,Slider,51,Scenario,1
ID,8,Time,340.7878,DronePosition,-110.239,59.27025,-107.379,0,CameraPosition,-103.2014,1.723532,-107.3072,CameraRotation,344.1238,264.436,0.01551137,CurrentState,End,Slider,51,Scenario,1
ID,8,Time,340.8016,DronePosition,-110.239,59.27025,-107.379,0,CameraPosition,-103.2017,1.723421,-107.3068,CameraRotation,344.1948,264.7479,359.9635,CurrentState,End,Slider,51,Scenario,1
ID,8,Time,340.8159,DronePosition,-110.239,59.27025,-107.379,0,CameraPosition,-103.202,1.723303,-107.3063,CameraRotation,344.2819,265.0706,359.9014,CurrentState,End,Slider,51,Scenario,1
ID,8,Time,340.8298,DronePosition,-110.239,59.27025,-107.379,0,CameraPosition,-103.2022,1.723196,-107.3058,CameraRotation,344.3787,265.3799,359.8575,CurrentState,End,Slider,51,Scenario,1
ID,8,Time,340.8441,DronePosition,-110.239,59.27025,-107.379,0,CameraPosition,-103.2024,1.723068,-107.3054,CameraRotation,344.476,265.6726,359.8154,CurrentState,End,Slider,51,Scenario,1
ID,8,Time,340.8575,DronePosition,-110.239,59.27025,-107.379,0,CameraPosition,-103.2027,1.722909,-107.3049,CameraRotation,344.5778,265.9622,359.7587,CurrentState,End,Slider,51,Scenario,1
ID,8,Time,340.8714,DronePosition,-110.239,59.27025,-107.379,0,CameraPosition,-103.2029,1.722756,-107.3044,CameraRotation,344.7136,266.2443,359.7132,CurrentState,End,Slider,51,Scenario,1
ID,8,Time,340.8852,DronePosition,-110.239,59.27025,-107.379,0,CameraPosition,-103.2031,1.722638,-107.3039,CameraRotation,344.8503,266.5167,359.6681,CurrentState,End,Slider,51,Scenario,1
ID,8,Time,340.8991,DronePosition,-110.239,59.27025,-107.379,0,CameraPosition,-103.2033,1.722518,-107.3035,CameraRotation,344.9464,266.7675,359.6339,CurrentState,End,Slider,51,Scenario,1
ID,8,Time,340.9132,DronePosition,-110.239,59.27025,-107.379,0,CameraPosition,-103.2035,1.722419,-107.3031,CameraRotation,345.0267,267.0066,359.5991,CurrentState,End,Slider,51,Scenario,1
ID,8,Time,340.9272,DronePosition,-110.239,59.27025,-107.379,0,CameraPosition,-103.2037,1.722307,-107.3027,CameraRotation,345.1196,267.2168,359.5642,CurrentState,End,Slider,51,Scenario,1
ID,8,Time,340.9412,DronePosition,-110.239,59.27025,-107.379,0,CameraPosition,-103.2038,1.722243,-107.3023,CameraRotation,345.2468,267.4081,359.5374,CurrentState,End,Slider,51,Scenario,1
ID,8,Time,340.9548,DronePosition,-110.239,59.27025,-107.379,0,CameraPosition,-103.204,1.722238,-107.302,CameraRotation,345.3687,267.5937,359.5091,CurrentState,End,Slider,51,Scenario,1
ID,8,Time,340.9691,DronePosition,-110.239,59.27025,-107.379,0,CameraPosition,-103.2042,1.722325,-107.3017,CameraRotation,345.4498,267.7574,359.4709,CurrentState,End,Slider,51,Scenario,1
ID,8,Time,340.9825,DronePosition,-110.239,59.27025,-107.379,0,CameraPosition,-103.2044,1.722415,-107.3014,CameraRotation,345.4849,267.8984,359.4422,CurrentState,End,Slider,51,Scenario,1
ID,8,Time,340.9968,DronePosition,-110.239,59.27025,-107.379,0,CameraPosition,-103.2045,1.722474,-107.3011,CameraRotation,345.5129,268.0251,359.4222,CurrentState,End,Slider,51,Scenario,1
ID,8,Time,341.0104,DronePosition,-110.239,59.27025,-107.379,0,CameraPosition,-103.2047,1.722513,-107.3008,CameraRotation,345.5311,268.1241,359.4186,CurrentState,End,Slider,51,Scenario,1
ID,8,Time,341.0245,DronePosition,-110.239,59.27025,-107.379,0,CameraPosition,-103.2048,1.722523,-107.3006,CameraRotation,345.5727,268.2127,359.4193,CurrentState,End,Slider,51,Scenario,1
ID,8,Time,341.0383,DronePosition,-110.239,59.27025,-107.379,0,CameraPosition,-103.2049,1.722522,-107.3003,CameraRotation,345.6063,268.2883,359.4327,CurrentState,End,Slider,51,Scenario,1
ID,8,Time,341.0524,DronePosition,-110.239,59.27025,-107.379,0,CameraPosition,-103.205,1.722521,-107.3001,CameraRotation,345.6338,268.341,359.4888,CurrentState,End,Slider,51,Scenario,1
ID,8,Time,341.066,DronePosition,-110.239,59.27025,-107.379,0,CameraPosition,-103.2051,1.72253,-107.2998,CameraRotation,345.6669,268.3689,359.5656,CurrentState,End,Slider,51,Scenario,1
ID,8,Time,341.0801,DronePosition,-110.239,59.27025,-107.379,0,CameraPosition,-103.2052,1.722504,-107.2996,CameraRotation,345.7,268.392,359.6267,CurrentState,End,Slider,51,Scenario,1
ID,8,Time,341.0942,DronePosition,-110.239,59.27025,-107.379,0,CameraPosition,-103.2053,1.722417,-107.2994,CameraRotation,345.7399,268.4136,359.6719,CurrentState,End,Slider,51,Scenario,1
ID,8,Time,341.108,DronePosition,-110.239,59.27025,-107.379,0,CameraPosition,-103.2053,1.722287,-107.2992,CameraRotation,345.8027,268.4307,359.7007,CurrentState,End,Slider,51,Scenario,1
ID,8,Time,341.1219,DronePosition,-110.239,59.27025,-107.379,0,CameraPosition,-103.2054,1.722157,-107.2989,CameraRotation,345.8637,268.4634,359.7317,CurrentState,End,Slider,51,Scenario,1
ID,8,Time,341.136,DronePosition,-110.239,59.27025,-107.379,0,CameraPosition,-103.2054,1.722061,-107.2986,CameraRotation,345.9241,268.509,359.753,CurrentState,End,Slider,51,Scenario,1
ID,8,Time,341.1497,DronePosition,-110.239,59.27025,-107.379,0,CameraPosition,-103.2054,1.722009,-107.2983,CameraRotation,345.9622,268.5745,359.7665,CurrentState,End,Slider,51,Scenario,1
ID,8,Time,341.1637,DronePosition,-110.239,59.27025,-107.379,0,CameraPosition,-103.2055,1.721945,-107.298,CameraRotation,345.9838,268.6588,359.7917,CurrentState,End,Slider,51,Scenario,1
ID,8,Time,341.1777,DronePosition,-110.239,59.27025,-107.379,0,CameraPosition,-103.2055,1.721856,-107.2977,CameraRotation,345.9926,268.7617,359.8289,CurrentState,End,Slider,51,Scenario,1
ID,8,Time,341.1917,DronePosition,-110.239,59.27025,-107.379,0,CameraPosition,-103.2056,1.721766,-107.2974,CameraRotation,346.011,268.8795,359.8494,CurrentState,End,Slider,51,Scenario,1
ID,8,Time,341.2057,DronePosition,-110.239,59.27025,-107.379,0,CameraPosition,-103.2056,1.721673,-107.2971,CameraRotation,346.0232,269.0096,359.8477,CurrentState,End,Slider,51,Scenario,1
ID,8,Time,341.2193,DronePosition,-110.239,59.27025,-107.379,0,CameraPosition,-103.2056,1.721607,-107.2967,CameraRotation,346.0431,269.1556,359.8293,CurrentState,End,Slider,51,Scenario,1
ID,8,Time,341.233,DronePosition,-110.239,59.27025,-107.379,0,CameraPosition,-103.2056,1.721506,-107.2964,CameraRotation,346.0349,269.3018,359.8642,CurrentState,End,Slider,51,Scenario,1
ID,8,Time,341.247,DronePosition,-110.239,59.27025,-107.379,0,CameraPosition,-103.2056,1.721409,-107.2961,CameraRotation,346.0585,269.447,359.9181,CurrentState,End,Slider,51,Scenario,1
ID,8,Time,341.2613,DronePosition,-110.239,59.27025,-107.379,0,CameraPosition,-103.2055,1.721381,-107.2958,CameraRotation,346.1238,269.6004,359.9541,CurrentState,End,Slider,51,Scenario,1
ID,8,Time,341.2752,DronePosition,-110.239,59.27025,-107.379,0,CameraPosition,-103.2055,1.721405,-107.2955,CameraRotation,346.1431,269.7374,359.9592,CurrentState,End,Slider,51,Scenario,1
ID,8,Time,341.289,DronePosition,-110.239,59.27025,-107.379,0,CameraPosition,-103.2055,1.72144,-107.2953,CameraRotation,346.1414,269.873,359.9433,CurrentState,End,Slider,51,Scenario,1
ID,8,Time,341.3028,DronePosition,-110.239,59.27025,-107.379,0,CameraPosition,-103.2054,1.721434,-107.2951,CameraRotation,346.1717,269.9862,359.9332,CurrentState,End,Slider,51,Scenario,1
ID,8,Time,341.3165,DronePosition,-110.239,59.27025,-107.379,0,CameraPosition,-103.2053,1.721391,-107.295,CameraRotation,346.2315,270.076,359.9421,CurrentState,End,Slider,51,Scenario,1
ID,8,Time,341.3305,DronePosition,-110.239,59.27025,-107.379,0,CameraPosition,-103.2052,1.721346,-107.2949,CameraRotation,346.3115,270.1238,359.9563,CurrentState,End,Slider,51,Scenario,1
ID,8,Time,341.3446,DronePosition,-110.239,59.27025,-107.379,0,CameraPosition,-103.205,1.721323,-107.2948,CameraRotation,346.3561,270.1516,-0.002063752,CurrentState,End,Slider,51,Scenario,1
ID,8,Time,341.3588,DronePosition,-110.239,59.27025,-107.379,0,CameraPosition,-103.2048,1.721318,-107.2948,CameraRotation,346.3693,270.1638,0.04039115,CurrentState,End,Slider,51,Scenario,1
ID,8,Time,341.3727,DronePosition,-110.239,59.27025,-107.379,0,CameraPosition,-103.2046,1.721317,-107.2949,CameraRotation,346.3554,270.1567,0.08742423,CurrentState,End,Slider,51,Scenario,1
ID,8,Time,341.3864,DronePosition,-110.239,59.27025,-107.379,0,CameraPosition,-103.2044,1.721334,-107.295,CameraRotation,346.3305,270.133,0.1258082,CurrentState,End,Slider,51,Scenario,1
ID,8,Time,341.4001,DronePosition,-110.239,59.27025,-107.379,0,CameraPosition,-103.2043,1.721355,-107.295,CameraRotation,346.294,270.1059,0.1626605,CurrentState,End,Slider,51,Scenario,1
ID,8,Time,341.4146,DronePosition,-110.239,59.27025,-107.379,0,CameraPosition,-103.2041,1.7214,-107.2952,CameraRotation,346.2469,270.049,0.2127211,CurrentState,End,Slider,51,Scenario,1
ID,8,Time,341.4279,DronePosition,-110.239,59.27025,-107.379,0,CameraPosition,-103.2039,1.721452,-107.2954,CameraRotation,346.2048,269.9783,0.2624586,CurrentState,End,Slider,51,Scenario,1
ID,8,Time,341.4423,DronePosition,-110.239,59.27025,-107.379,0,CameraPosition,-103.2037,1.721467,-107.2955,CameraRotation,346.1577,269.8824,0.3204536,CurrentState,End,Slider,51,Scenario,1
ID,8,Time,341.4559,DronePosition,-110.239,59.27025,-107.379,0,CameraPosition,-103.2035,1.721488,-107.2957,CameraRotation,346.1512,269.7729,0.3823329,CurrentState,End,Slider,51,Scenario,1
ID,8,Time,341.4701,DronePosition,-110.239,59.27025,-107.379,0,CameraPosition,-103.2033,1.721482,-107.2959,CameraRotation,346.1322,269.6602,0.4381746,CurrentState,End,Slider,51,Scenario,1
ID,8,Time,341.4835,DronePosition,-110.239,59.27025,-107.379,0,CameraPosition,-103.2031,1.721485,-107.2961,CameraRotation,346.1102,269.5492,0.4538791,CurrentState,End,Slider,51,Scenario,1
ID,8,Time,341.4977,DronePosition,-110.239,59.27025,-107.379,0,CameraPosition,-103.2029,1.721485,-107.2962,CameraRotation,346.0758,269.4472,0.4342543,CurrentState,End,Slider,51,Scenario,1
ID,8,Time,341.5117,DronePosition,-110.239,59.27025,-107.379,0,CameraPosition,-103.2028,1.721459,-107.2964,CameraRotation,346.0503,269.3578,0.4212192,CurrentState,End,Slider,51,Scenario,1
ID,8,Time,341.5259,DronePosition,-110.239,59.27025,-107.379,0,CameraPosition,-103.2026,1.721448,-107.2966,CameraRotation,346.0452,269.2743,0.4213097,CurrentState,End,Slider,51,Scenario,1
ID,8,Time,341.5395,DronePosition,-110.239,59.27025,-107.379,0,CameraPosition,-103.2024,1.721464,-107.2968,CameraRotation,346.0335,269.209,0.4204188,CurrentState,End,Slider,51,Scenario,1
ID,8,Time,341.5536,DronePosition,-110.239,59.27025,-107.379,0,CameraPosition,-103.2022,1.721511,-107.2969,CameraRotation,346.0054,269.1364,0.4151582,CurrentState,End,Slider,51,Scenario,1
ID,8,Time,341.5672,DronePosition,-110.239,59.27025,-107.379,0,CameraPosition,-103.2021,1.721556,-107.297,CameraRotation,345.9671,269.0824,0.4008389,CurrentState,End,Slider,51,Scenario,1
ID,8,Time,341.5812,DronePosition,-110.239,59.27025,-107.379,0,CameraPosition,-103.2019,1.721615,-107.2972,CameraRotation,345.9279,269.0438,0.3729628,CurrentState,End,Slider,51,Scenario,1
ID,8,Time,341.5956,DronePosition,-110.239,59.27025,-107.379,0,CameraPosition,-103.2018,1.721669,-107.2975,CameraRotation,345.8973,269.0004,0.3448815,CurrentState,End,Slider,51,Scenario,1
ID,8,Time,341.6094,DronePosition,-110.239,59.27025,-107.379,0,CameraPosition,-103.2016,1.721735,-107.2977,CameraRotation,345.8657,268.9524,0.3385964,CurrentState,End,Slider,51,Scenario,1
ID,8,Time,341.623,DronePosition,-110.239,59.27025,-107.379,0,CameraPosition,-103.2015,1.721822,-107.298,CameraRotation,345.8183,268.8678,0.3762109,CurrentState,End,Slider,51,Scenario,1
ID,8,Time,341.637,DronePosition,-110.239,59.27025,-107.379,0,CameraPosition,-103.2013,1.721919,-107.2982,CameraRotation,345.7516,268.7913,0.4235082,CurrentState,End,Slider,51,Scenario,1
ID,8,Time,341.6508,DronePosition,-110.239,59.27025,-107.379,0,CameraPosition,-103.2011,1.72202,-107.2985,CameraRotation,345.6843,268.7156,0.4490151,CurrentState,End,Slider,51,Scenario,1
ID,8,Time,341.6649,DronePosition,-110.239,59.27025,-107.379,0,CameraPosition,-103.201,1.722103,-107.2987,CameraRotation,345.6283,268.6543,0.4622716,CurrentState,End,Slider,51,Scenario,1
ID,8,Time,341.6787,DronePosition,-110.239,59.27025,-107.379,0,CameraPosition,-103.2008,1.722205,-107.299,CameraRotation,345.5825,268.5978,0.4532464,CurrentState,End,Slider,51,Scenario,1
ID,8,Time,341.6931,DronePosition,-110.239,59.27025,-107.379,0,CameraPosition,-103.2006,1.722315,-107.2992,CameraRotation,345.5363,268.5449,0.4675651,CurrentState,End,Slider,51,Scenario,1
ID,8,Time,341.7068,DronePosition,-110.239,59.27025,-107.379,0,CameraPosition,-103.2004,1.722437,-107.2994,CameraRotation,345.4912,268.4986,0.46699,CurrentState,End,Slider,51,Scenario,1
ID,8,Time,341.7204,DronePosition,-110.239,59.27025,-107.379,0,CameraPosition,-103.2002,1.722538,-107.2996,CameraRotation,345.4586,268.467,0.4544313,CurrentState,End,Slider,51,Scenario,1
ID,8,Time,341.7343,DronePosition,-110.239,59.27025,-107.379,0,CameraPosition,-103.2,1.722617,-107.2999,CameraRotation,345.4283,268.4337,0.4312392,CurrentState,End,Slider,51,Scenario,1
ID,8,Time,341.7486,DronePosition,-110.239,59.27025,-107.379,0,CameraPosition,-103.1998,1.722677,-107.3001,CameraRotation,345.3876,268.4127,0.4177711,CurrentState,End,Slider,51,Scenario,1
ID,8,Time,341.7624,DronePosition,-110.239,59.27025,-107.379,0,CameraPosition,-103.1996,1.72276,-107.3003,CameraRotation,345.3289,268.3856,0.4234035,CurrentState,End,Slider,51,Scenario,1
ID,8,Time,341.7762,DronePosition,-110.239,59.27025,-107.379,0,CameraPosition,-103.1994,1.722872,-107.3005,CameraRotation,345.2729,268.3584,0.4443195,CurrentState,End,Slider,51,Scenario,1
ID,8,Time,341.79,DronePosition,-110.239,59.27025,-107.379,0,CameraPosition,-103.1992,1.722963,-107.3007,CameraRotation,345.1952,268.3446,0.4671595,CurrentState,End,Slider,51,Scenario,1
ID,8,Time,341.8042,DronePosition,-110.239,59.27025,-107.379,0,CameraPosition,-103.199,1.723001,-107.3008,CameraRotation,345.1218,268.3541,0.4678757,CurrentState,End,Slider,51,Scenario,1
ID,8,Time,341.8182,DronePosition,-110.239,59.27025,-107.379,0,CameraPosition,-103.1988,1.722985,-107.3009,CameraRotation,345.0734,268.3711,0.4497302,CurrentState,End,Slider,51,Scenario,1
ID,8,Time,341.8318,DronePosition,-110.239,59.27025,-107.379,0,CameraPosition,-103.1986,1.722962,-107.301,CameraRotation,345.0648,268.3931,0.4266106,CurrentState,End,Slider,51,Scenario,1
ID,8,Time,341.8459,DronePosition,-110.239,59.27025,-107.379,0,CameraPosition,-103.1985,1.722982,-107.3012,CameraRotation,345.0088,268.3936,0.4230098,CurrentState,End,Slider,51,Scenario,1
ID,8,Time,341.8598,DronePosition,-110.239,59.27025,-107.379,0,CameraPosition,-103.1984,1.723067,-107.3013,CameraRotation,344.9162,268.3899,0.4505722,CurrentState,End,Slider,51,Scenario,1
ID,8,Time,341.8736,DronePosition,-110.239,59.27025,-107.379,0,CameraPosition,-103.1982,1.723156,-107.3013,CameraRotation,344.8437,268.3784,0.5108472,CurrentState,End,Slider,51,Scenario,1
ID,8,Time,341.8875,DronePosition,-110.239,59.27025,-107.379,0,CameraPosition,-103.1981,1.723224,-107.3014,CameraRotation,344.8082,268.3767,0.5128217,CurrentState,End,Slider,51,Scenario,1
ID,8,Time,341.9017,DronePosition,-110.239,59.27025,-107.379,0,CameraPosition,-103.198,1.723271,-107.3015,CameraRotation,344.7853,268.3915,0.4495618,CurrentState,End,Slider,51,Scenario,1
ID,8,Time,341.9152,DronePosition,-110.239,59.27025,-107.379,0,CameraPosition,-103.1979,1.723319,-107.3016,CameraRotation,344.7659,268.4225,0.3958593,CurrentState,End,Slider,51,Scenario,1
ID,8,Time,341.9292,DronePosition,-110.239,59.27025,-107.379,0,CameraPosition,-103.1979,1.723397,-107.3016,CameraRotation,344.7313,268.4455,0.3886876,CurrentState,End,Slider,51,Scenario,1
ID,8,Time,341.9435,DronePosition,-110.239,59.27025,-107.379,0,CameraPosition,-103.1978,1.723468,-107.3016,CameraRotation,344.6908,268.4717,0.4180798,CurrentState,End,Slider,51,Scenario,1
ID,8,Time,341.9575,DronePosition,-110.239,59.27025,-107.379,0,CameraPosition,-103.1978,1.723481,-107.3016,CameraRotation,344.6563,268.5021,0.4284462,CurrentState,End,Slider,51,Scenario,1
ID,8,Time,341.9712,DronePosition,-110.239,59.27025,-107.379,0,CameraPosition,-103.1977,1.72343,-107.3015,CameraRotation,344.6505,268.544,0.4328693,CurrentState,End,Slider,51,Scenario,1
ID,8,Time,341.9849,DronePosition,-110.239,59.27025,-107.379,0,CameraPosition,-103.1977,1.723342,-107.3015,CameraRotation,344.6787,268.5961,0.4306179,CurrentState,End,Slider,51,Scenario,1
ID,8,Time,341.9989,DronePosition,-110.239,59.27025,-107.379,0,CameraPosition,-103.1977,1.723236,-107.3014,CameraRotation,344.6896,268.6266,0.4460524,CurrentState,End,Slider,51,Scenario,1
ID,8,Time,342.0132,DronePosition,-110.239,59.27025,-107.379,0,CameraPosition,-103.1977,1.72315,-107.3013,CameraRotation,344.6858,268.66,0.4780475,CurrentState,End,Slider,51,Scenario,1
ID,8,Time,342.0271,DronePosition,-110.239,59.27025,-107.379,0,CameraPosition,-103.1977,1.723077,-107.3012,CameraRotation,344.691,268.6841,0.5045257,CurrentState,End,Slider,51,Scenario,1
ID,8,Time,342.0408,DronePosition,-110.239,59.27025,-107.379,0,CameraPosition,-103.1977,1.722992,-107.3011,CameraRotation,344.703,268.706,0.5172318,CurrentState,End,Slider,51,Scenario,1
ID,8,Time,342.0548,DronePosition,-110.239,59.27025,-107.379,0,CameraPosition,-103.1977,1.722911,-107.301,CameraRotation,344.7171,268.7222,0.5159143,CurrentState,End,Slider,51,Scenario,1
ID,8,Time,342.0686,DronePosition,-110.239,59.27025,-107.379,0,CameraPosition,-103.1978,1.722801,-107.3009,CameraRotation,344.7198,268.7322,0.4964657,CurrentState,End,Slider,51,Scenario,1
ID,8,Time,342.0823,DronePosition,-110.239,59.27025,-107.379,0,CameraPosition,-103.1978,1.722701,-107.3008,CameraRotation,344.731,268.7573,0.4590832,CurrentState,End,Slider,51,Scenario,1
ID,8,Time,342.0963,DronePosition,-110.239,59.27025,-107.379,0,CameraPosition,-103.1978,1.722595,-107.3007,CameraRotation,344.7386,268.78,0.4386565,CurrentState,End,Slider,51,Scenario,1
ID,8,Time,342.1104,DronePosition,-110.239,59.27025,-107.379,0,CameraPosition,-103.1979,1.722501,-107.3005,CameraRotation,344.7345,268.8184,0.4092088,CurrentState,End,Slider,51,Scenario,1
ID,8,Time,342.1244,DronePosition,-110.239,59.27025,-107.379,0,CameraPosition,-103.1979,1.722466,-107.3004,CameraRotation,344.7411,268.8672,0.3768697,CurrentState,End,Slider,51,Scenario,1
ID,8,Time,342.1381,DronePosition,-110.239,59.27025,-107.379,0,CameraPosition,-103.198,1.722447,-107.3002,CameraRotation,344.7407,268.9096,0.3588999,CurrentState,End,Slider,51,Scenario,1
ID,8,Time,342.1523,DronePosition,-110.239,59.27025,-107.379,0,CameraPosition,-103.1981,1.722471,-107.3,CameraRotation,344.7424,268.9519,0.3426194,CurrentState,End,Slider,51,Scenario,1
ID,8,Time,342.166,DronePosition,-110.239,59.27025,-107.379,0,CameraPosition,-103.1982,1.722473,-107.2999,CameraRotation,344.7341,268.9832,0.3301507,CurrentState,End,Slider,51,Scenario,1
ID,8,Time,342.1804,DronePosition,-110.239,59.27025,-107.379,0,CameraPosition,-103.1983,1.722429,-107.2997,CameraRotation,344.7377,269.011,0.3115229,CurrentState,End,Slider,51,Scenario,1
ID,8,Time,342.1937,DronePosition,-110.239,59.27025,-107.379,0,CameraPosition,-103.1983,1.722389,-107.2996,CameraRotation,344.7651,269.0301,0.2919043,CurrentState,End,Slider,51,Scenario,1
ID,8,Time,342.2079,DronePosition,-110.239,59.27025,-107.379,0,CameraPosition,-103.1984,1.722353,-107.2995,CameraRotation,344.772,269.0558,0.2783794,CurrentState,End,Slider,51,Scenario,1
ID,8,Time,342.222,DronePosition,-110.239,59.27025,-107.379,0,CameraPosition,-103.1985,1.722353,-107.2994,CameraRotation,344.7647,269.0619,0.2785209,CurrentState,End,Slider,51,Scenario,1
ID,8,Time,342.2356,DronePosition,-110.239,59.27025,-107.379,0,CameraPosition,-103.1986,1.722397,-107.2993,CameraRotation,344.7681,269.063,0.2711959,CurrentState,End,Slider,51,Scenario,1
ID,8,Time,342.2495,DronePosition,-110.239,59.27025,-107.379,0,CameraPosition,-103.1987,1.722427,-107.2992,CameraRotation,344.7616,269.0622,0.2691725,CurrentState,End,Slider,51,Scenario,1
ID,8,Time,342.2635,DronePosition,-110.239,59.27025,-107.379,0,CameraPosition,-103.1988,1.722418,-107.2992,CameraRotation,344.7516,269.0568,0.2800118,CurrentState,End,Slider,51,Scenario,1
ID,8,Time,342.2773,DronePosition,-110.239,59.27025,-107.379,0,CameraPosition,-103.1989,1.722399,-107.2991,CameraRotation,344.7386,269.0473,0.287739,CurrentState,End,Slider,51,Scenario,1
ID,8,Time,342.2916,DronePosition,-110.239,59.27025,-107.379,0,CameraPosition,-103.1989,1.72237,-107.299,CameraRotation,344.7355,269.0371,0.2899266,CurrentState,End,Slider,51,Scenario,1
ID,8,Time,342.3053,DronePosition,-110.239,59.27025,-107.379,0,CameraPosition,-103.199,1.722391,-107.299,CameraRotation,344.7553,269.0228,0.2750211,CurrentState,End,Slider,51,Scenario,1
ID,8,Time,342.3192,DronePosition,-110.239,59.27025,-107.379,0,CameraPosition,-103.1991,1.722452,-107.299,CameraRotation,344.7623,268.9953,0.2447983,CurrentState,End,Slider,51,Scenario,1
ID,8,Time,342.3329,DronePosition,-110.239,59.27025,-107.379,0,CameraPosition,-103.1991,1.722505,-107.2989,CameraRotation,344.7642,268.9801,0.2178178,CurrentState,End,Slider,51,Scenario,1
ID,8,Time,342.3468,DronePosition,-110.239,59.27025,-107.379,0,CameraPosition,-103.1992,1.722516,-107.2989,CameraRotation,344.7445,268.9546,0.2080823,CurrentState,End,Slider,51,Scenario,1
ID,8,Time,342.3613,DronePosition,-110.239,59.27025,-107.379,0,CameraPosition,-103.1993,1.722523,-107.2989,CameraRotation,344.7345,268.9382,0.1947809,CurrentState,End,Slider,51,Scenario,1
ID,8,Time,342.3759,DronePosition,-110.239,59.27025,-107.379,0,CameraPosition,-103.1994,1.72254,-107.2989,CameraRotation,344.7232,268.9275,0.1773142,CurrentState,End,Slider,51,Scenario,1
ID,8,Time,342.3886,DronePosition,-110.239,59.27025,-107.379,0,CameraPosition,-103.1995,1.722599,-107.299,CameraRotation,344.7073,268.918,0.1687376,CurrentState,End,Slider,51,Scenario,1
ID,8,Time,342.4026,DronePosition,-110.239,59.27025,-107.379,0,CameraPosition,-103.1995,1.722696,-107.2991,CameraRotation,344.6883,268.9101,0.1718422,CurrentState,End,Slider,51,Scenario,1
ID,8,Time,342.4165,DronePosition,-110.239,59.27025,-107.379,0,CameraPosition,-103.1996,1.722742,-107.2992,CameraRotation,344.6693,268.8951,0.1743676,CurrentState,End,Slider,51,Scenario,1
ID,8,Time,342.4311,DronePosition,-110.239,59.27025,-107.379,0,CameraPosition,-103.1996,1.722767,-107.2992,CameraRotation,344.6666,268.875,0.1673796,CurrentState,End,Slider,51,Scenario,1
ID,8,Time,342.4447,DronePosition,-110.239,59.27025,-107.379,0,CameraPosition,-103.1997,1.722779,-107.2993,CameraRotation,344.6701,268.853,0.1498484,CurrentState,End,Slider,51,Scenario,1
ID,8,Time,342.4588,DronePosition,-110.239,59.27025,-107.379,0,CameraPosition,-103.1997,1.722832,-107.2994,CameraRotation,344.6777,268.8149,0.1182805,CurrentState,End,Slider,51,Scenario,1
ID,8,Time,342.4724,DronePosition,-110.239,59.27025,-107.379,0,CameraPosition,-103.1998,1.722903,-107.2995,CameraRotation,344.6748,268.756,0.1095509,CurrentState,End,Slider,51,Scenario,1
ID,8,Time,342.4862,DronePosition,-110.239,59.27025,-107.379,0,CameraPosition,-103.1999,1.722959,-107.2997,CameraRotation,344.6644,268.6862,0.1229571,CurrentState,End,Slider,51,Scenario,1
ID,8,Time,342.5002,DronePosition,-110.239,59.27025,-107.379,0,CameraPosition,-103.1999,1.722968,-107.2998,CameraRotation,344.6556,268.609,0.1370586,CurrentState,End,Slider,51,Scenario,1
ID,8,Time,342.5139,DronePosition,-110.239,59.27025,-107.379,0,CameraPosition,-103.2,1.722957,-107.3,CameraRotation,344.6503,268.53,0.132383,CurrentState,End,Slider,51,Scenario,1
ID,8,Time,342.528,DronePosition,-110.239,59.27025,-107.379,0,CameraPosition,-103.2,1.722963,-107.3002,CameraRotation,344.6313,268.4571,0.06720463,CurrentState,End,Slider,51,Scenario,1
ID,8,Time,342.5419,DronePosition,-110.239,59.27025,-107.379,0,CameraPosition,-103.2001,1.722985,-107.3004,CameraRotation,344.6089,268.3872,359.9864,CurrentState,End,Slider,51,Scenario,1
ID,8,Time,342.5559,DronePosition,-110.239,59.27025,-107.379,0,CameraPosition,-103.2001,1.723025,-107.3006,CameraRotation,344.5937,268.2987,359.9914,CurrentState,End,Slider,51,Scenario,1
ID,8,Time,342.5698,DronePosition,-110.239,59.27025,-107.379,0,CameraPosition,-103.2001,1.723091,-107.3008,CameraRotation,344.5946,268.2121,0.002969393,CurrentState,End,Slider,51,Scenario,1
ID,8,Time,342.5834,DronePosition,-110.239,59.27025,-107.379,0,CameraPosition,-103.2001,1.723137,-107.301,CameraRotation,344.5887,268.1195,0.0008351378,CurrentState,End,Slider,51,Scenario,1
ID,8,Time,342.5974,DronePosition,-110.239,59.27025,-107.379,0,CameraPosition,-103.2001,1.723147,-107.3012,CameraRotation,344.5793,268.0346,359.9797,CurrentState,End,Slider,51,Scenario,1
ID,8,Time,342.6116,DronePosition,-110.239,59.27025,-107.379,0,CameraPosition,-103.2001,1.723107,-107.3014,CameraRotation,344.5664,267.9396,359.9773,CurrentState,End,Slider,51,Scenario,1
ID,8,Time,342.6257,DronePosition,-110.239,59.27025,-107.379,0,CameraPosition,-103.2002,1.723121,-107.3016,CameraRotation,344.5603,267.8328,0.001752877,CurrentState,End,Slider,51,Scenario,1
ID,8,Time,342.6396,DronePosition,-110.239,59.27025,-107.379,0,CameraPosition,-103.2002,1.723196,-107.3018,CameraRotation,344.5219,267.7283,0.02465025,CurrentState,End,Slider,51,Scenario,1
ID,8,Time,342.6536,DronePosition,-110.239,59.27025,-107.379,0,CameraPosition,-103.2003,1.723302,-107.3019,CameraRotation,344.4556,267.6154,0.05039484,CurrentState,End,Slider,51,Scenario,1
ID,8,Time,342.6676,DronePosition,-110.239,59.27025,-107.379,0,CameraPosition,-103.2003,1.723373,-107.3021,CameraRotation,344.3753,267.5148,0.08127302,CurrentState,End,Slider,51,Scenario,1
ID,8,Time,342.6811,DronePosition,-110.239,59.27025,-107.379,0,CameraPosition,-103.2002,1.723441,-107.3023,CameraRotation,344.3221,267.4173,0.09835733,CurrentState,End,Slider,51,Scenario,1
ID,8,Time,342.6951,DronePosition,-110.239,59.27025,-107.379,0,CameraPosition,-103.2002,1.723454,-107.3025,CameraRotation,344.3,267.3203,0.1064101,CurrentState,End,Slider,51,Scenario,1
ID,8,Time,342.7094,DronePosition,-110.239,59.27025,-107.379,0,CameraPosition,-103.2001,1.723488,-107.3027,CameraRotation,344.3061,267.2162,0.1151981,CurrentState,End,Slider,51,Scenario,1
ID,8,Time,342.7229,DronePosition,-110.239,59.27025,-107.379,0,CameraPosition,-103.2001,1.723537,-107.3028,CameraRotation,344.2857,267.1101,0.1150322,CurrentState,End,Slider,51,Scenario,1
ID,8,Time,342.7368,DronePosition,-110.239,59.27025,-107.379,0,CameraPosition,-103.2,1.723603,-107.303,CameraRotation,344.2424,267.013,0.09090772,CurrentState,End,Slider,51,Scenario,1
ID,8,Time,342.751,DronePosition,-110.239,59.27025,-107.379,0,CameraPosition,-103.1999,1.723679,-107.3031,CameraRotation,344.2054,266.9058,0.06072592,CurrentState,End,Slider,51,Scenario,1
ID,8,Time,342.7649,DronePosition,-110.239,59.27025,-107.379,0,CameraPosition,-103.1998,1.723743,-107.3032,CameraRotation,344.1479,266.8113,0.04857699,CurrentState,End,Slider,51,Scenario,1
ID,8,Time,342.7786,DronePosition,-110.239,59.27025,-107.379,0,CameraPosition,-103.1997,1.723812,-107.3033,CameraRotation,344.0925,266.7253,0.06302726,CurrentState,End,Slider,51,Scenario,1
ID,8,Time,342.7925,DronePosition,-110.239,59.27025,-107.379,0,CameraPosition,-103.1996,1.723887,-107.3033,CameraRotation,344.0393,266.6471,0.08181199,CurrentState,End,Slider,51,Scenario,1
ID,8,Time,342.8066,DronePosition,-110.239,59.27025,-107.379,0,CameraPosition,-103.1996,1.723946,-107.3034,CameraRotation,343.9829,266.5836,0.09488092,CurrentState,End,Slider,51,Scenario,1
ID,8,Time,342.8204,DronePosition,-110.239,59.27025,-107.379,0,CameraPosition,-103.1994,1.723984,-107.3034,CameraRotation,343.9245,266.5157,0.09827533,CurrentState,End,Slider,51,Scenario,1
ID,8,Time,342.8345,DronePosition,-110.239,59.27025,-107.379,0,CameraPosition,-103.1993,1.724018,-107.3034,CameraRotation,343.8515,266.4643,0.09363706,CurrentState,End,Slider,51,Scenario,1
ID,8,Time,342.8484,DronePosition,-110.239,59.27025,-107.379,0,CameraPosition,-103.1991,1.724059,-107.3034,CameraRotation,343.785,266.4162,0.07842334,CurrentState,End,Slider,51,Scenario,1
ID,8,Time,342.8624,DronePosition,-110.239,59.27025,-107.379,0,CameraPosition,-103.199,1.724099,-107.3034,CameraRotation,343.7302,266.3701,0.06508207,CurrentState,End,Slider,51,Scenario,1
ID,8,Time,342.8762,DronePosition,-110.239,59.27025,-107.379,0,CameraPosition,-103.1989,1.724134,-107.3034,CameraRotation,343.6651,266.3303,0.04743097,CurrentState,End,Slider,51,Scenario,1
ID,8,Time,342.8901,DronePosition,-110.239,59.27025,-107.379,0,CameraPosition,-103.1988,1.72418,-107.3033,CameraRotation,343.6015,266.3071,0.02315096,CurrentState,End,Slider,51,Scenario,1
ID,8,Time,342.9039,DronePosition,-110.239,59.27025,-107.379,0,CameraPosition,-103.1986,1.724251,-107.3033,CameraRotation,343.5534,266.2763,0.007771417,CurrentState,End,Slider,51,Scenario,1
ID,8,Time,342.918,DronePosition,-110.239,59.27025,-107.379,0,CameraPosition,-103.1985,1.72433,-107.3032,CameraRotation,343.4923,266.2626,359.9822,CurrentState,End,Slider,51,Scenario,1
ID,8,Time,342.9316,DronePosition,-110.239,59.27025,-107.379,0,CameraPosition,-103.1984,1.724439,-107.3031,CameraRotation,343.4388,266.2525,359.9549,CurrentState,End,Slider,51,Scenario,1
ID,8,Time,342.9457,DronePosition,-110.239,59.27025,-107.379,0,CameraPosition,-103.1983,1.724638,-107.303,CameraRotation,343.3888,266.2634,359.9129,CurrentState,End,Slider,51,Scenario,1
ID,8,Time,342.9595,DronePosition,-110.239,59.27025,-107.379,0,CameraPosition,-103.1983,1.724832,-107.3029,CameraRotation,343.3382,266.2766,359.8724,CurrentState,End,Slider,51,Scenario,1
ID,8,Time,342.9738,DronePosition,-110.239,59.27025,-107.379,0,CameraPosition,-103.1983,1.725023,-107.3028,CameraRotation,343.2729,266.286,359.8311,CurrentState,End,Slider,51,Scenario,1
ID,8,Time,342.9873,DronePosition,-110.239,59.27025,-107.379,0,CameraPosition,-103.1982,1.725169,-107.3027,CameraRotation,343.212,266.2928,359.7921,CurrentState,End,Slider,51,Scenario,1
ID,8,Time,343.0013,DronePosition,-110.239,59.27025,-107.379,0,CameraPosition,-103.1981,1.725313,-107.3027,CameraRotation,343.172,266.2984,359.7643,CurrentState,End,Slider,51,Scenario,1
ID,8,Time,343.015,DronePosition,-110.239,59.27025,-107.379,0,CameraPosition,-103.198,1.72544,-107.3026,CameraRotation,343.126,266.2813,359.7342,CurrentState,End,Slider,51,Scenario,1
ID,8,Time,343.0292,DronePosition,-110.239,59.27025,-107.379,0,CameraPosition,-103.198,1.725585,-107.3026,CameraRotation,343.0775,266.2615,359.7034,CurrentState,End,Slider,51,Scenario,1
ID,8,Time,343.0432,DronePosition,-110.239,59.27025,-107.379,0,CameraPosition,-103.198,1.725705,-107.3026,CameraRotation,343.0345,266.2299,359.6645,CurrentState,End,Slider,51,Scenario,1
ID,8,Time,343.0574,DronePosition,-110.239,59.27025,-107.379,0,CameraPosition,-103.1979,1.725746,-107.3026,CameraRotation,342.9893,266.1854,359.6373,CurrentState,End,Slider,51,Scenario,1
ID,8,Time,343.0715,DronePosition,-110.239,59.27025,-107.379,0,CameraPosition,-103.1979,1.725751,-107.3026,CameraRotation,342.9519,266.1454,359.6109,CurrentState,End,Slider,51,Scenario,1
ID,8,Time,343.085,DronePosition,-110.239,59.27025,-107.379,0,CameraPosition,-103.1978,1.725762,-107.3026,CameraRotation,342.9176,266.1006,359.5644,CurrentState,End,Slider,51,Scenario,1
ID,8,Time,343.0986,DronePosition,-110.239,59.27025,-107.379,0,CameraPosition,-103.1978,1.725815,-107.3027,CameraRotation,342.8897,266.0627,359.5058,CurrentState,End,Slider,51,Scenario,1
ID,8,Time,343.1129,DronePosition,-110.239,59.27025,-107.379,0,CameraPosition,-103.1978,1.725888,-107.3027,CameraRotation,342.8273,266.0155,359.4757,CurrentState,End,Slider,51,Scenario,1
ID,8,Time,343.1268,DronePosition,-110.239,59.27025,-107.379,0,CameraPosition,-103.1978,1.725977,-107.3027,CameraRotation,342.7561,265.9839,359.4847,CurrentState,End,Slider,51,Scenario,1
ID,8,Time,343.1406,DronePosition,-110.239,59.27025,-107.379,0,CameraPosition,-103.1978,1.72603,-107.3027,CameraRotation,342.715,265.9518,359.509,CurrentState,End,Slider,51,Scenario,1
ID,8,Time,343.1544,DronePosition,-110.239,59.27025,-107.379,0,CameraPosition,-103.1978,1.726088,-107.3027,CameraRotation,342.6895,265.9406,359.4891,CurrentState,End,Slider,51,Scenario,1
ID,8,Time,343.1686,DronePosition,-110.239,59.27025,-107.379,0,CameraPosition,-103.1978,1.726186,-107.3028,CameraRotation,342.6525,265.9576,359.4405,CurrentState,End,Slider,51,Scenario,1
ID,8,Time,343.1822,DronePosition,-110.239,59.27025,-107.379,0,CameraPosition,-103.1979,1.726357,-107.3028,CameraRotation,342.5966,265.9766,359.4138,CurrentState,End,Slider,51,Scenario,1
ID,8,Time,343.1965,DronePosition,-110.239,59.27025,-107.379,0,CameraPosition,-103.198,1.726545,-107.3028,CameraRotation,342.5475,265.9989,359.4103,CurrentState,End,Slider,51,Scenario,1
ID,8,Time,343.2104,DronePosition,-110.239,59.27025,-107.379,0,CameraPosition,-103.1981,1.726677,-107.3029,CameraRotation,342.519,266.0242,359.4156,CurrentState,End,Slider,51,Scenario,1
ID,8,Time,343.2242,DronePosition,-110.239,59.27025,-107.379,0,CameraPosition,-103.1981,1.726722,-107.3029,CameraRotation,342.5192,266.0548,359.4125,CurrentState,End,Slider,51,Scenario,1
ID,8,Time,343.238,DronePosition,-110.239,59.27025,-107.379,0,CameraPosition,-103.1981,1.726753,-107.303,CameraRotation,342.5119,266.0696,359.415,CurrentState,End,Slider,51,Scenario,1
ID,8,Time,343.2519,DronePosition,-110.239,59.27025,-107.379,0,CameraPosition,-103.1981,1.726784,-107.3031,CameraRotation,342.5089,266.0769,359.4273,CurrentState,End,Slider,51,Scenario,1
ID,8,Time,343.2665,DronePosition,-110.239,59.27025,-107.379,0,CameraPosition,-103.1982,1.726848,-107.3032,CameraRotation,342.5023,266.067,359.4451,CurrentState,End,Slider,51,Scenario,1
ID,8,Time,343.2799,DronePosition,-110.239,59.27025,-107.379,0,CameraPosition,-103.1982,1.726896,-107.3033,CameraRotation,342.5179,266.05,359.454,CurrentState,End,Slider,51,Scenario,1
ID,8,Time,343.2942,DronePosition,-110.239,59.27025,-107.379,0,CameraPosition,-103.1982,1.726919,-107.3034,CameraRotation,342.5476,266.0165,359.4719,CurrentState,End,Slider,51,Scenario,1
ID,8,Time,343.3077,DronePosition,-110.239,59.27025,-107.379,0,CameraPosition,-103.1982,1.726935,-107.3035,CameraRotation,342.5724,265.994,359.4731,CurrentState,End,Slider,51,Scenario,1
ID,8,Time,343.3217,DronePosition,-110.239,59.27025,-107.379,0,CameraPosition,-103.1982,1.72693,-107.3036,CameraRotation,342.5746,265.9594,359.4602,CurrentState,End,Slider,51,Scenario,1
ID,8,Time,343.3355,DronePosition,-110.239,59.27025,-107.379,0,CameraPosition,-103.1982,1.726952,-107.3037,CameraRotation,342.5838,265.9291,359.4434,CurrentState,End,Slider,51,Scenario,1
ID,8,Time,343.3495,DronePosition,-110.239,59.27025,-107.379,0,CameraPosition,-103.1981,1.72699,-107.3039,CameraRotation,342.5749,265.8949,359.426,CurrentState,End,Slider,51,Scenario,1
ID,8,Time,343.3633,DronePosition,-110.239,59.27025,-107.379,0,CameraPosition,-103.1981,1.72703,-107.3042,CameraRotation,342.5371,265.8576,359.3833,CurrentState,End,Slider,51,Scenario,1
ID,8,Time,343.3774,DronePosition,-110.239,59.27025,-107.379,0,CameraPosition,-103.1981,1.727098,-107.3044,CameraRotation,342.4937,265.8195,359.3347,CurrentState,End,Slider,51,Scenario,1
ID,8,Time,343.3914,DronePosition,-110.239,59.27025,-107.379,0,CameraPosition,-103.1981,1.727201,-107.3046,CameraRotation,342.455,265.7558,359.3248,CurrentState,End,Slider,51,Scenario,1
ID,8,Time,343.4051,DronePosition,-110.239,59.27025,-107.379,0,CameraPosition,-103.198,1.727281,-107.3048,CameraRotation,342.4043,265.6805,359.3269,CurrentState,End,Slider,51,Scenario,1
ID,8,Time,343.4191,DronePosition,-110.239,59.27025,-107.379,0,CameraPosition,-103.198,1.727343,-107.305,CameraRotation,342.3723,265.5796,359.3434,CurrentState,End,Slider,51,Scenario,1
ID,8,Time,343.4328,DronePosition,-110.239,59.27025,-107.379,0,CameraPosition,-103.198,1.727352,-107.3053,CameraRotation,342.3474,265.4557,359.3593,CurrentState,End,Slider,51,Scenario,1
ID,8,Time,343.4468,DronePosition,-110.239,59.27025,-107.379,0,CameraPosition,-103.198,1.727341,-107.3056,CameraRotation,342.3022,265.3291,359.3582,CurrentState,End,Slider,51,Scenario,1
ID,8,Time,343.461,DronePosition,-110.239,59.27025,-107.379,0,CameraPosition,-103.198,1.727371,-107.3059,CameraRotation,342.27,265.1847,359.3671,CurrentState,End,Slider,51,Scenario,1
ID,8,Time,343.475,DronePosition,-110.239,59.27025,-107.379,0,CameraPosition,-103.198,1.727399,-107.3062,CameraRotation,342.2201,265.0241,359.3802,CurrentState,End,Slider,51,Scenario,1
ID,8,Time,343.489,DronePosition,-110.239,59.27025,-107.379,0,CameraPosition,-103.1979,1.727437,-107.3065,CameraRotation,342.1732,264.8635,359.3986,CurrentState,End,Slider,51,Scenario,1
ID,8,Time,343.5027,DronePosition,-110.239,59.27025,-107.379,0,CameraPosition,-103.1978,1.727461,-107.3068,CameraRotation,342.1328,264.6904,359.4167,CurrentState,End,Slider,51,Scenario,1
ID,8,Time,343.5162,DronePosition,-110.239,59.27025,-107.379,0,CameraPosition,-103.1978,1.727476,-107.3072,CameraRotation,342.097,264.5387,359.4353,CurrentState,End,Slider,51,Scenario,1
ID,8,Time,343.5302,DronePosition,-110.239,59.27025,-107.379,0,CameraPosition,-103.1976,1.727494,-107.3075,CameraRotation,342.0883,264.3717,359.4654,CurrentState,End,Slider,51,Scenario,1
ID,8,Time,343.5442,DronePosition,-110.239,59.27025,-107.379,0,CameraPosition,-103.1976,1.727502,-107.3079,CameraRotation,342.0784,264.2055,359.507,CurrentState,End,Slider,51,Scenario,1
ID,8,Time,343.5583,DronePosition,-110.239,59.27025,-107.379,0,CameraPosition,-103.1975,1.727481,-107.3082,CameraRotation,342.0867,264.0323,359.5665,CurrentState,End,Slider,51,Scenario,1
ID,8,Time,343.5724,DronePosition,-110.239,59.27025,-107.379,0,CameraPosition,-103.1974,1.727447,-107.3085,CameraRotation,342.1186,263.8716,359.6142,CurrentState,End,Slider,51,Scenario,1
ID,8,Time,343.5872,DronePosition,-110.239,59.27025,-107.379,0,CameraPosition,-103.1974,1.727412,-107.3088,CameraRotation,342.1455,263.7119,359.6429,CurrentState,End,Slider,51,Scenario,1
ID,8,Time,343.6,DronePosition,-110.239,59.27025,-107.379,0,CameraPosition,-103.1973,1.727363,-107.3091,CameraRotation,342.1619,263.5654,359.6586,CurrentState,End,Slider,51,Scenario,1
ID,8,Time,343.6139,DronePosition,-110.239,59.27025,-107.379,0,CameraPosition,-103.1973,1.727311,-107.3093,CameraRotation,342.1826,263.4251,359.6705,CurrentState,End,Slider,51,Scenario,1
ID,8,Time,343.6277,DronePosition,-110.239,59.27025,-107.379,0,CameraPosition,-103.1972,1.72725,-107.3096,CameraRotation,342.2066,263.2924,359.686,CurrentState,End,Slider,51,Scenario,1
ID,8,Time,343.6417,DronePosition,-110.239,59.27025,-107.379,0,CameraPosition,-103.1971,1.727182,-107.3099,CameraRotation,342.2379,263.1714,359.717,CurrentState,End,Slider,51,Scenario,1
ID,8,Time,343.6557,DronePosition,-110.239,59.27025,-107.379,0,CameraPosition,-103.197,1.727091,-107.3101,CameraRotation,342.2793,263.0682,359.7639,CurrentState,End,Slider,51,Scenario,1
ID,8,Time,343.6697,DronePosition,-110.239,59.27025,-107.379,0,CameraPosition,-103.1969,1.726988,-107.3103,CameraRotation,342.3036,262.9854,359.796,CurrentState,End,Slider,51,Scenario,1
ID,8,Time,343.6836,DronePosition,-110.239,59.27025,-107.379,0,CameraPosition,-103.1968,1.7269,-107.3105,CameraRotation,342.3217,262.9195,359.8244,CurrentState,End,Slider,51,Scenario,1
ID,8,Time,343.6972,DronePosition,-110.239,59.27025,-107.379,0,CameraPosition,-103.1968,1.726864,-107.3106,CameraRotation,342.3427,262.8841,359.8216,CurrentState,End,Slider,51,Scenario,1
ID,8,Time,343.7117,DronePosition,-110.239,59.27025,-107.379,0,CameraPosition,-103.1968,1.726872,-107.3107,CameraRotation,342.3753,262.8687,359.8141,CurrentState,End,Slider,51,Scenario,1
ID,8,Time,343.7254,DronePosition,-110.239,59.27025,-107.379,0,CameraPosition,-103.1968,1.726884,-107.3109,CameraRotation,342.3955,262.8681,359.8074,CurrentState,End,Slider,51,Scenario,1
ID,8,Time,343.7395,DronePosition,-110.239,59.27025,-107.379,0,CameraPosition,-103.1968,1.726874,-107.3109,CameraRotation,342.3958,262.8616,359.8426,CurrentState,End,Slider,51,Scenario,1
ID,8,Time,343.753,DronePosition,-110.239,59.27025,-107.379,0,CameraPosition,-103.1969,1.726879,-107.311,CameraRotation,342.4171,262.876,359.8992,CurrentState,End,Slider,51,Scenario,1
ID,8,Time,343.767,DronePosition,-110.239,59.27025,-107.379,0,CameraPosition,-103.1969,1.726875,-107.311,CameraRotation,342.4579,262.8872,359.9305,CurrentState,End,Slider,51,Scenario,1
ID,8,Time,343.7807,DronePosition,-110.239,59.27025,-107.379,0,CameraPosition,-103.197,1.726874,-107.311,CameraRotation,342.4815,262.9268,359.8951,CurrentState,End,Slider,51,Scenario,1
ID,8,Time,343.7948,DronePosition,-110.239,59.27025,-107.379,0,CameraPosition,-103.197,1.726895,-107.311,CameraRotation,342.5235,262.9849,359.8382,CurrentState,End,Slider,51,Scenario,1
ID,8,Time,343.8088,DronePosition,-110.239,59.27025,-107.379,0,CameraPosition,-103.197,1.726883,-107.3111,CameraRotation,342.5698,263.0366,359.8172,CurrentState,End,Slider,51,Scenario,1
ID,8,Time,343.8229,DronePosition,-110.239,59.27025,-107.379,0,CameraPosition,-103.197,1.726854,-107.3111,CameraRotation,342.6383,263.0779,359.8287,CurrentState,End,Slider,51,Scenario,1
ID,8,Time,343.8366,DronePosition,-110.239,59.27025,-107.379,0,CameraPosition,-103.197,1.726781,-107.3111,CameraRotation,342.7012,263.1132,359.851,CurrentState,End,Slider,51,Scenario,1
ID,8,Time,343.8505,DronePosition,-110.239,59.27025,-107.379,0,CameraPosition,-103.197,1.726672,-107.3111,CameraRotation,342.7894,263.1469,359.8778,CurrentState,End,Slider,51,Scenario,1
ID,8,Time,343.8645,DronePosition,-110.239,59.27025,-107.379,0,CameraPosition,-103.197,1.726542,-107.3111,CameraRotation,342.8667,263.1677,359.9126,CurrentState,End,Slider,51,Scenario,1
ID,8,Time,343.8783,DronePosition,-110.239,59.27025,-107.379,0,CameraPosition,-103.197,1.726449,-107.3112,CameraRotation,342.9344,263.1832,359.9556,CurrentState,End,Slider,51,Scenario,1
ID,8,Time,343.893,DronePosition,-110.239,59.27025,-107.379,0,CameraPosition,-103.1971,1.72637,-107.3113,CameraRotation,342.9788,263.1832,0.01337988,CurrentState,End,Slider,51,Scenario,1
ID,8,Time,343.9064,DronePosition,-110.239,59.27025,-107.379,0,CameraPosition,-103.197,1.726336,-107.3113,CameraRotation,343.006,263.1744,0.073322,CurrentState,End,Slider,51,Scenario,1
ID,8,Time,343.92,DronePosition,-110.239,59.27025,-107.379,0,CameraPosition,-103.197,1.726331,-107.3113,CameraRotation,343.0066,263.1826,0.09333196,CurrentState,End,Slider,51,Scenario,1
ID,8,Time,343.934,DronePosition,-110.239,59.27025,-107.379,0,CameraPosition,-103.197,1.726317,-107.3114,CameraRotation,343.0034,263.1942,0.09904369,CurrentState,End,Slider,51,Scenario,1
ID,8,Time,343.9479,DronePosition,-110.239,59.27025,-107.379,0,CameraPosition,-103.197,1.726312,-107.3114,CameraRotation,343.0152,263.2054,0.09560232,CurrentState,End,Slider,51,Scenario,1
ID,8,Time,343.9618,DronePosition,-110.239,59.27025,-107.379,0,CameraPosition,-103.197,1.726281,-107.3114,CameraRotation,343.049,263.2017,0.1196465,CurrentState,End,Slider,51,Scenario,1
ID,8,Time,343.976,DronePosition,-110.239,59.27025,-107.379,0,CameraPosition,-103.197,1.72626,-107.3115,CameraRotation,343.0921,263.2098,0.1176676,CurrentState,End,Slider,51,Scenario,1
ID,8,Time,343.9898,DronePosition,-110.239,59.27025,-107.379,0,CameraPosition,-103.1969,1.726241,-107.3115,CameraRotation,343.1088,263.2067,0.1003704,CurrentState,End,Slider,51,Scenario,1
ID,8,Time,344.0036,DronePosition,-110.239,59.27025,-107.379,0,CameraPosition,-103.1969,1.726253,-107.3115,CameraRotation,343.114,263.2083,0.1155482,CurrentState,End,Slider,51,Scenario,1
ID,8,Time,344.0175,DronePosition,-110.239,59.27025,-107.379,0,CameraPosition,-103.1969,1.726339,-107.3115,CameraRotation,343.0789,263.2113,0.1458769,CurrentState,End,Slider,51,Scenario,1
ID,8,Time,344.0313,DronePosition,-110.239,59.27025,-107.379,0,CameraPosition,-103.1969,1.726492,-107.3115,CameraRotation,343.0301,263.2134,0.1891679,CurrentState,End,Slider,51,Scenario,1
ID,8,Time,344.0453,DronePosition,-110.239,59.27025,-107.379,0,CameraPosition,-103.1969,1.726666,-107.3114,CameraRotation,342.973,263.2166,0.2060196,CurrentState,End,Slider,51,Scenario,1
ID,8,Time,344.0593,DronePosition,-110.239,59.27025,-107.379,0,CameraPosition,-103.197,1.726866,-107.3114,CameraRotation,342.9024,263.2191,0.2150988,CurrentState,End,Slider,51,Scenario,1
ID,8,Time,344.0734,DronePosition,-110.239,59.27025,-107.379,0,CameraPosition,-103.197,1.727029,-107.3113,CameraRotation,342.8373,263.2227,0.2210851,CurrentState,End,Slider,51,Scenario,1
ID,8,Time,344.0871,DronePosition,-110.239,59.27025,-107.379,0,CameraPosition,-103.1971,1.727173,-107.3112,CameraRotation,342.7955,263.2222,0.2288536,CurrentState,End,Slider,51,Scenario,1
ID,8,Time,344.1015,DronePosition,-110.239,59.27025,-107.379,0,CameraPosition,-103.1972,1.727315,-107.3111,CameraRotation,342.7316,263.2053,0.2223971,CurrentState,End,Slider,51,Scenario,1
ID,8,Time,344.1149,DronePosition,-110.239,59.27025,-107.379,0,CameraPosition,-103.1973,1.72747,-107.311,CameraRotation,342.6613,263.1997,0.2179357,CurrentState,End,Slider,51,Scenario,1
ID,8,Time,344.1291,DronePosition,-110.239,59.27025,-107.379,0,CameraPosition,-103.1974,1.72763,-107.3109,CameraRotation,342.5886,263.1862,0.2122116,CurrentState,End,Slider,51,Scenario,1
ID,8,Time,344.1439,DronePosition,-110.239,59.27025,-107.379,0,CameraPosition,-103.1975,1.727767,-107.3107,CameraRotation,342.5273,263.1989,0.2060147,CurrentState,End,Slider,51,Scenario,1
ID,8,Time,344.157,DronePosition,-110.239,59.27025,-107.379,0,CameraPosition,-103.1976,1.727851,-107.3106,CameraRotation,342.502,263.217,0.2044312,CurrentState,End,Slider,51,Scenario,1
ID,8,Time,344.1707,DronePosition,-110.239,59.27025,-107.379,0,CameraPosition,-103.1976,1.727908,-107.3104,CameraRotation,342.5006,263.2524,0.1893842,CurrentState,End,Slider,51,Scenario,1
ID,8,Time,344.1847,DronePosition,-110.239,59.27025,-107.379,0,CameraPosition,-103.1978,1.727951,-107.3102,CameraRotation,342.5199,263.3106,0.1723901,CurrentState,End,Slider,51,Scenario,1
ID,8,Time,344.1985,DronePosition,-110.239,59.27025,-107.379,0,CameraPosition,-103.1979,1.728019,-107.31,CameraRotation,342.524,263.3739,0.1528446,CurrentState,End,Slider,51,Scenario,1
ID,8,Time,344.2124,DronePosition,-110.239,59.27025,-107.379,0,CameraPosition,-103.1981,1.728104,-107.3098,CameraRotation,342.4949,263.4393,0.1293118,CurrentState,End,Slider,51,Scenario,1
ID,8,Time,344.2267,DronePosition,-110.239,59.27025,-107.379,0,CameraPosition,-103.1982,1.728201,-107.3096,CameraRotation,342.474,263.5248,0.1039395,CurrentState,End,Slider,51,Scenario,1
ID,8,Time,344.2403,DronePosition,-110.239,59.27025,-107.379,0,CameraPosition,-103.1983,1.728291,-107.3093,CameraRotation,342.4788,263.6135,0.06998023,CurrentState,End,Slider,51,Scenario,1
ID,8,Time,344.2543,DronePosition,-110.239,59.27025,-107.379,0,CameraPosition,-103.1985,1.728361,-107.309,CameraRotation,342.4919,263.7156,0.04522339,CurrentState,End,Slider,51,Scenario,1
ID,8,Time,344.2681,DronePosition,-110.239,59.27025,-107.379,0,CameraPosition,-103.1986,1.728406,-107.3088,CameraRotation,342.4829,263.8232,0.03455195,CurrentState,End,Slider,51,Scenario,1
ID,8,Time,344.282,DronePosition,-110.239,59.27025,-107.379,0,CameraPosition,-103.1987,1.728451,-107.3085,CameraRotation,342.4785,263.935,0.03090349,CurrentState,End,Slider,51,Scenario,1
ID,8,Time,344.2959,DronePosition,-110.239,59.27025,-107.379,0,CameraPosition,-103.1989,1.728479,-107.3083,CameraRotation,342.4818,264.0476,0.02525362,CurrentState,End,Slider,51,Scenario,1
ID,8,Time,344.3104,DronePosition,-110.239,59.27025,-107.379,0,CameraPosition,-103.1989,1.728489,-107.308,CameraRotation,342.4919,264.1628,0.005930113,CurrentState,End,Slider,51,Scenario,1
ID,8,Time,344.3241,DronePosition,-110.239,59.27025,-107.379,0,CameraPosition,-103.199,1.728527,-107.3078,CameraRotation,342.4955,264.2804,359.9743,CurrentState,End,Slider,51,Scenario,1
ID,8,Time,344.3379,DronePosition,-110.239,59.27025,-107.379,0,CameraPosition,-103.1991,1.728564,-107.3075,CameraRotation,342.4884,264.3936,359.9484,CurrentState,End,Slider,51,Scenario,1
ID,8,Time,344.3522,DronePosition,-110.239,59.27025,-107.379,0,CameraPosition,-103.1992,1.728565,-107.3073,CameraRotation,342.4886,264.5003,359.9563,CurrentState,End,Slider,51,Scenario,1
ID,8,Time,344.3658,DronePosition,-110.239,59.27025,-107.379,0,CameraPosition,-103.1993,1.728531,-107.307,CameraRotation,342.5224,264.5976,359.9792,CurrentState,End,Slider,51,Scenario,1
ID,8,Time,344.3795,DronePosition,-110.239,59.27025,-107.379,0,CameraPosition,-103.1994,1.7285,-107.3067,CameraRotation,342.5779,264.7061,359.9592,CurrentState,End,Slider,51,Scenario,1
ID,8,Time,344.3936,DronePosition,-110.239,59.27025,-107.379,0,CameraPosition,-103.1995,1.728499,-107.3065,CameraRotation,342.603,264.8266,359.9019,CurrentState,End,Slider,51,Scenario,1
ID,8,Time,344.4082,DronePosition,-110.239,59.27025,-107.379,0,CameraPosition,-103.1995,1.728517,-107.3062,CameraRotation,342.6075,264.9321,359.8684,CurrentState,End,Slider,51,Scenario,1
ID,8,Time,344.4214,DronePosition,-110.239,59.27025,-107.379,0,CameraPosition,-103.1996,1.728504,-107.3059,CameraRotation,342.5927,265.0317,359.8957,CurrentState,End,Slider,51,Scenario,1
ID,8,Time,344.4356,DronePosition,-110.239,59.27025,-107.379,0,CameraPosition,-103.1997,1.728467,-107.3057,CameraRotation,342.5952,265.1333,359.9184,CurrentState,End,Slider,51,Scenario,1
ID,8,Time,344.449,DronePosition,-110.239,59.27025,-107.379,0,CameraPosition,-103.1997,1.728401,-107.3055,CameraRotation,342.6214,265.2222,359.9165,CurrentState,End,Slider,51,Scenario,1
ID,8,Time,344.4635,DronePosition,-110.239,59.27025,-107.379,0,CameraPosition,-103.1997,1.728299,-107.3053,CameraRotation,342.6591,265.3203,359.8965,CurrentState,End,Slider,51,Scenario,1
ID,8,Time,344.4772,DronePosition,-110.239,59.27025,-107.379,0,CameraPosition,-103.1997,1.728195,-107.3051,CameraRotation,342.685,265.4092,359.8973,CurrentState,End,Slider,51,Scenario,1
ID,8,Time,344.4912,DronePosition,-110.239,59.27025,-107.379,0,CameraPosition,-103.1997,1.728115,-107.3049,CameraRotation,342.6826,265.4958,359.9178,CurrentState,End,Slider,51,Scenario,1
ID,8,Time,344.5052,DronePosition,-110.239,59.27025,-107.379,0,CameraPosition,-103.1997,1.728069,-107.3047,CameraRotation,342.657,265.5618,359.953,CurrentState,End,Slider,51,Scenario,1
ID,8,Time,344.5193,DronePosition,-110.239,59.27025,-107.379,0,CameraPosition,-103.1998,1.728041,-107.3045,CameraRotation,342.6407,265.6153,359.9821,CurrentState,End,Slider,51,Scenario,1
ID,8,Time,344.5326,DronePosition,-110.239,59.27025,-107.379,0,CameraPosition,-103.1998,1.728011,-107.3044,CameraRotation,342.6344,265.6566,-0.0003936009,CurrentState,End,Slider,51,Scenario,1
ID,8,Time,344.5467,DronePosition,-110.239,59.27025,-107.379,0,CameraPosition,-103.1998,1.72795,-107.3042,CameraRotation,342.6308,265.7057,0.006262849,CurrentState,End,Slider,51,Scenario,1
ID,8,Time,344.5605,DronePosition,-110.239,59.27025,-107.379,0,CameraPosition,-103.1998,1.727878,-107.304,CameraRotation,342.6646,265.7392,0.007358227,CurrentState,End,Slider,51,Scenario,1
ID,8,Time,344.5743,DronePosition,-110.239,59.27025,-107.379,0,CameraPosition,-103.1998,1.72777,-107.3038,CameraRotation,342.7002,265.7674,0.0184953,CurrentState,End,Slider,51,Scenario,1
ID,8,Time,344.5885,DronePosition,-110.239,59.27025,-107.379,0,CameraPosition,-103.1998,1.727661,-107.3037,CameraRotation,342.7505,265.7809,0.01962649,CurrentState,End,Slider,51,Scenario,1
ID,8,Time,344.6023,DronePosition,-110.239,59.27025,-107.379,0,CameraPosition,-103.1998,1.727552,-107.3036,CameraRotation,342.7802,265.7934,0.01558944,CurrentState,End,Slider,51,Scenario,1
ID,8,Time,344.6162,DronePosition,-110.239,59.27025,-107.379,0,CameraPosition,-103.1998,1.727471,-107.3035,CameraRotation,342.8151,265.7913,0.002935707,CurrentState,End,Slider,51,Scenario,1
ID,8,Time,344.6301,DronePosition,-110.239,59.27025,-107.379,0,CameraPosition,-103.1998,1.727405,-107.3034,CameraRotation,342.8418,265.792,0.007609402,CurrentState,End,Slider,51,Scenario,1
ID,8,Time,344.6441,DronePosition,-110.239,59.27025,-107.379,0,CameraPosition,-103.1997,1.727345,-107.3034,CameraRotation,342.8579,265.7821,0.02054253,CurrentState,End,Slider,51,Scenario,1
ID,8,Time,344.6583,DronePosition,-110.239,59.27025,-107.379,0,CameraPosition,-103.1997,1.727284,-107.3033,CameraRotation,342.8781,265.7794,0.02681173,CurrentState,End,Slider,51,Scenario,1
ID,8,Time,344.6721,DronePosition,-110.239,59.27025,-107.379,0,CameraPosition,-103.1997,1.72719,-107.3032,CameraRotation,342.8871,265.7545,0.04139128,CurrentState,End,Slider,51,Scenario,1
ID,8,Time,344.6858,DronePosition,-110.239,59.27025,-107.379,0,CameraPosition,-103.1997,1.727124,-107.3032,CameraRotation,342.8971,265.738,0.04954467,CurrentState,End,Slider,51,Scenario,1
ID,8,Time,344.7,DronePosition,-110.239,59.27025,-107.379,0,CameraPosition,-103.1997,1.72706,-107.3031,CameraRotation,342.8999,265.7088,0.07210508,CurrentState,End,Slider,51,Scenario,1
ID,8,Time,344.7137,DronePosition,-110.239,59.27025,-107.379,0,CameraPosition,-103.1997,1.726996,-107.303,CameraRotation,342.8958,265.6887,0.09689704,CurrentState,End,Slider,51,Scenario,1
ID,8,Time,344.7285,DronePosition,-110.239,59.27025,-107.379,0,CameraPosition,-103.1997,1.726961,-107.3029,CameraRotation,342.8895,265.6541,0.1129246,CurrentState,End,Slider,51,Scenario,1
ID,8,Time,344.742,DronePosition,-110.239,59.27025,-107.379,0,CameraPosition,-103.1997,1.726955,-107.3029,CameraRotation,342.8775,265.6212,0.1134143,CurrentState,End,Slider,51,Scenario,1
ID,8,Time,344.7557,DronePosition,-110.239,59.27025,-107.379,0,CameraPosition,-103.1997,1.726942,-107.3029,CameraRotation,342.866,265.5773,0.1205571,CurrentState,End,Slider,51,Scenario,1
ID,8,Time,344.7694,DronePosition,-110.239,59.27025,-107.379,0,CameraPosition,-103.1997,1.726922,-107.3028,CameraRotation,342.8647,265.5403,0.1155815,CurrentState,End,Slider,51,Scenario,1
ID,8,Time,344.7838,DronePosition,-110.239,59.27025,-107.379,0,CameraPosition,-103.1996,1.726889,-107.3028,CameraRotation,342.8669,265.5012,0.1080951,CurrentState,End,Slider,51,Scenario,1
ID,8,Time,344.7974,DronePosition,-110.239,59.27025,-107.379,0,CameraPosition,-103.1996,1.726835,-107.3028,CameraRotation,342.8634,265.4695,0.1117584,CurrentState,End,Slider,51,Scenario,1
ID,8,Time,344.8115,DronePosition,-110.239,59.27025,-107.379,0,CameraPosition,-103.1996,1.726791,-107.3028,CameraRotation,342.8563,265.4257,0.1052609,CurrentState,End,Slider,51,Scenario,1
ID,8,Time,344.8253,DronePosition,-110.239,59.27025,-107.379,0,CameraPosition,-103.1996,1.726763,-107.3028,CameraRotation,342.8433,265.3759,0.1028566,CurrentState,End,Slider,51,Scenario,1
ID,8,Time,344.8391,DronePosition,-110.239,59.27025,-107.379,0,CameraPosition,-103.1996,1.726775,-107.3029,CameraRotation,342.8235,265.3119,0.0958874,CurrentState,End,Slider,51,Scenario,1
ID,8,Time,344.8532,DronePosition,-110.239,59.27025,-107.379,0,CameraPosition,-103.1997,1.726798,-107.303,CameraRotation,342.8047,265.2372,0.09168771,CurrentState,End,Slider,51,Scenario,1
ID,8,Time,344.8667,DronePosition,-110.239,59.27025,-107.379,0,CameraPosition,-103.1997,1.726807,-107.303,CameraRotation,342.8048,265.1417,0.1025053,CurrentState,End,Slider,51,Scenario,1
ID,8,Time,344.8809,DronePosition,-110.239,59.27025,-107.379,0,CameraPosition,-103.1996,1.726782,-107.303,CameraRotation,342.8195,265.0423,0.126102,CurrentState,End,Slider,51,Scenario,1
ID,8,Time,344.8946,DronePosition,-110.239,59.27025,-107.379,0,CameraPosition,-103.1997,1.726722,-107.3031,CameraRotation,342.8498,264.9158,0.164118,CurrentState,End,Slider,51,Scenario,1
ID,8,Time,344.9086,DronePosition,-110.239,59.27025,-107.379,0,CameraPosition,-103.1997,1.72666,-107.3033,CameraRotation,342.8657,264.7825,0.1929126,CurrentState,End,Slider,51,Scenario,1
ID,8,Time,344.9225,DronePosition,-110.239,59.27025,-107.379,0,CameraPosition,-103.1998,1.726621,-107.3035,CameraRotation,342.8846,264.6425,0.2028234,CurrentState,End,Slider,51,Scenario,1
ID,8,Time,344.9367,DronePosition,-110.239,59.27025,-107.379,0,CameraPosition,-103.1998,1.726577,-107.3037,CameraRotation,342.8853,264.4947,0.2016532,CurrentState,End,Slider,51,Scenario,1
ID,8,Time,344.9503,DronePosition,-110.239,59.27025,-107.379,0,CameraPosition,-103.1999,1.726521,-107.3039,CameraRotation,342.898,264.3412,0.201644,CurrentState,End,Slider,51,Scenario,1
ID,8,Time,344.9642,DronePosition,-110.239,59.27025,-107.379,0,CameraPosition,-103.1999,1.726432,-107.3041,CameraRotation,342.9182,264.1708,0.2423547,CurrentState,End,Slider,51,Scenario,1
ID,8,Time,344.9788,DronePosition,-110.239,59.27025,-107.379,0,CameraPosition,-103.2,1.726369,-107.3043,CameraRotation,342.9518,264.0051,0.2867292,CurrentState,End,Slider,51,Scenario,1
ID,8,Time,344.9921,DronePosition,-110.239,59.27025,-107.379,0,CameraPosition,-103.2001,1.726303,-107.3045,CameraRotation,342.9757,263.8438,0.2940938,CurrentState,End,Slider,51,Scenario,1
ID,8,Time,345.0061,DronePosition,-110.239,59.27025,-107.379,0,CameraPosition,-103.2002,1.726239,-107.3047,CameraRotation,342.98,263.6753,0.2670522,CurrentState,End,Slider,51,Scenario,1
ID,8,Time,345.0199,DronePosition,-110.239,59.27025,-107.379,0,CameraPosition,-103.2003,1.72621,-107.3049,CameraRotation,342.9969,263.5164,0.2432536,CurrentState,End,Slider,51,Scenario,1
ID,8,Time,345.034,DronePosition,-110.239,59.27025,-107.379,0,CameraPosition,-103.2004,1.726212,-107.3051,CameraRotation,343.0197,263.328,0.2537936,CurrentState,End,Slider,51,Scenario,1
ID,8,Time,345.0477,DronePosition,-110.239,59.27025,-107.379,0,CameraPosition,-103.2005,1.726195,-107.3054,CameraRotation,343.0367,263.1291,0.2819738,CurrentState,End,Slider,51,Scenario,1
ID,8,Time,345.0616,DronePosition,-110.239,59.27025,-107.379,0,CameraPosition,-103.2006,1.726157,-107.3056,CameraRotation,343.0647,262.9219,0.2833892,CurrentState,End,Slider,51,Scenario,1
ID,8,Time,345.0756,DronePosition,-110.239,59.27025,-107.379,0,CameraPosition,-103.2007,1.726082,-107.3059,CameraRotation,343.0996,262.7169,0.271351,CurrentState,End,Slider,51,Scenario,1
ID,8,Time,345.0896,DronePosition,-110.239,59.27025,-107.379,0,CameraPosition,-103.2008,1.725971,-107.3062,CameraRotation,343.1423,262.5066,0.2518264,CurrentState,End,Slider,51,Scenario,1
ID,8,Time,345.1036,DronePosition,-110.239,59.27025,-107.379,0,CameraPosition,-103.2009,1.72585,-107.3065,CameraRotation,343.1854,262.2917,0.2600541,CurrentState,End,Slider,51,Scenario,1
ID,8,Time,345.1174,DronePosition,-110.239,59.27025,-107.379,0,CameraPosition,-103.201,1.725733,-107.3069,CameraRotation,343.2112,262.0446,0.2740297,CurrentState,End,Slider,51,Scenario,1
ID,8,Time,345.1314,DronePosition,-110.239,59.27025,-107.379,0,CameraPosition,-103.201,1.725637,-107.3072,CameraRotation,343.2206,261.7986,0.2819858,CurrentState,End,Slider,51,Scenario,1
ID,8,Time,345.1455,DronePosition,-110.239,59.27025,-107.379,0,CameraPosition,-103.2011,1.725567,-107.3076,CameraRotation,343.2463,261.5478,0.2892741,CurrentState,End,Slider,51,Scenario,1
ID,8,Time,345.1596,DronePosition,-110.239,59.27025,-107.379,0,CameraPosition,-103.2012,1.725457,-107.3079,CameraRotation,343.2683,261.301,0.2896471,CurrentState,End,Slider,51,Scenario,1
ID,8,Time,345.1731,DronePosition,-110.239,59.27025,-107.379,0,CameraPosition,-103.2013,1.72536,-107.3082,CameraRotation,343.3185,261.0553,0.294032,CurrentState,End,Slider,51,Scenario,1
ID,8,Time,345.1871,DronePosition,-110.239,59.27025,-107.379,0,CameraPosition,-103.2014,1.725271,-107.3085,CameraRotation,343.3569,260.7982,0.3119655,CurrentState,End,Slider,51,Scenario,1
ID,8,Time,345.2008,DronePosition,-110.239,59.27025,-107.379,0,CameraPosition,-103.2016,1.725199,-107.3088,CameraRotation,343.3755,260.5555,0.3123148,CurrentState,End,Slider,51,Scenario,1
ID,8,Time,345.2147,DronePosition,-110.239,59.27025,-107.379,0,CameraPosition,-103.2017,1.725126,-107.3091,CameraRotation,343.387,260.3228,0.2896992,CurrentState,End,Slider,51,Scenario,1
ID,8,Time,345.2289,DronePosition,-110.239,59.27025,-107.379,0,CameraPosition,-103.2018,1.725071,-107.3094,CameraRotation,343.415,260.0966,0.2783665,CurrentState,End,Slider,51,Scenario,1
ID,8,Time,345.2429,DronePosition,-110.239,59.27025,-107.379,0,CameraPosition,-103.2019,1.725046,-107.3097,CameraRotation,343.43,259.8844,0.2715588,CurrentState,End,Slider,51,Scenario,1
ID,8,Time,345.2565,DronePosition,-110.239,59.27025,-107.379,0,CameraPosition,-103.202,1.725038,-107.31,CameraRotation,343.4301,259.6915,0.2632156,CurrentState,End,Slider,51,Scenario,1
ID,8,Time,345.2709,DronePosition,-110.239,59.27025,-107.379,0,CameraPosition,-103.2021,1.724997,-107.3103,CameraRotation,343.4393,259.5142,0.2450278,CurrentState,End,Slider,51,Scenario,1
ID,8,Time,345.2847,DronePosition,-110.239,59.27025,-107.379,0,CameraPosition,-103.2022,1.724929,-107.3106,CameraRotation,343.4504,259.3374,0.2302194,CurrentState,End,Slider,51,Scenario,1
ID,8,Time,345.2982,DronePosition,-110.239,59.27025,-107.379,0,CameraPosition,-103.2023,1.72489,-107.3109,CameraRotation,343.4944,259.1818,0.2212891,CurrentState,End,Slider,51,Scenario,1
ID,8,Time,345.3122,DronePosition,-110.239,59.27025,-107.379,0,CameraPosition,-103.2025,1.724832,-107.3112,CameraRotation,343.549,259.0334,0.2290241,CurrentState,End,Slider,51,Scenario,1
ID,8,Time,345.3263,DronePosition,-110.239,59.27025,-107.379,0,CameraPosition,-103.2026,1.72474,-107.3114,CameraRotation,343.6094,258.8944,0.2622656,CurrentState,End,Slider,51,Scenario,1
ID,8,Time,345.3402,DronePosition,-110.239,59.27025,-107.379,0,CameraPosition,-103.2027,1.724644,-107.3117,CameraRotation,343.676,258.7686,0.27069,CurrentState,End,Slider,51,Scenario,1
ID,8,Time,345.3543,DronePosition,-110.239,59.27025,-107.379,0,CameraPosition,-103.2028,1.724548,-107.3119,CameraRotation,343.7435,258.6526,0.2652884,CurrentState,End,Slider,51,Scenario,1
ID,8,Time,345.3682,DronePosition,-110.239,59.27025,-107.379,0,CameraPosition,-103.2029,1.724466,-107.3121,CameraRotation,343.7959,258.5478,0.2513024,CurrentState,End,Slider,51,Scenario,1
ID,8,Time,345.382,DronePosition,-110.239,59.27025,-107.379,0,CameraPosition,-103.203,1.724418,-107.3123,CameraRotation,343.8498,258.4382,0.2548745,CurrentState,End,Slider,51,Scenario,1
ID,8,Time,345.3958,DronePosition,-110.239,59.27025,-107.379,0,CameraPosition,-103.2031,1.724396,-107.3125,CameraRotation,343.8925,258.3287,0.2612287,CurrentState,End,Slider,51,Scenario,1
ID,8,Time,345.4097,DronePosition,-110.239,59.27025,-107.379,0,CameraPosition,-103.2033,1.724408,-107.3128,CameraRotation,343.9232,258.2245,0.2549465,CurrentState,End,Slider,51,Scenario,1
ID,8,Time,345.4236,DronePosition,-110.239,59.27025,-107.379,0,CameraPosition,-103.2033,1.724377,-107.313,CameraRotation,343.9382,258.1459,0.2459573,CurrentState,End,Slider,51,Scenario,1
ID,8,Time,345.4376,DronePosition,-110.239,59.27025,-107.379,0,CameraPosition,-103.2034,1.724314,-107.3132,CameraRotation,343.9579,258.0554,0.237105,CurrentState,End,Slider,51,Scenario,1
ID,8,Time,345.4515,DronePosition,-110.239,59.27025,-107.379,0,CameraPosition,-103.2034,1.724254,-107.3134,CameraRotation,343.9823,257.9949,0.2279615,CurrentState,End,Slider,51,Scenario,1
ID,8,Time,345.4652,DronePosition,-110.239,59.27025,-107.379,0,CameraPosition,-103.2036,1.724263,-107.3136,CameraRotation,343.995,257.9542,0.2160238,CurrentState,End,Slider,51,Scenario,1
ID,8,Time,345.4792,DronePosition,-110.239,59.27025,-107.379,0,CameraPosition,-103.2037,1.724308,-107.3137,CameraRotation,343.9886,257.9161,0.2218052,CurrentState,End,Slider,51,Scenario,1
ID,8,Time,345.4934,DronePosition,-110.239,59.27025,-107.379,0,CameraPosition,-103.2038,1.72439,-107.3139,CameraRotation,343.955,257.8947,0.2490112,CurrentState,End,Slider,51,Scenario,1
ID,8,Time,345.5074,DronePosition,-110.239,59.27025,-107.379,0,CameraPosition,-103.2039,1.724436,-107.3139,CameraRotation,343.9113,257.8697,0.2903975,CurrentState,End,Slider,51,Scenario,1
ID,8,Time,345.5208,DronePosition,-110.239,59.27025,-107.379,0,CameraPosition,-103.204,1.724448,-107.314,CameraRotation,343.8904,257.8549,0.3259043,CurrentState,End,Slider,51,Scenario,1
ID,8,Time,345.5349,DronePosition,-110.239,59.27025,-107.379,0,CameraPosition,-103.2041,1.72443,-107.3141,CameraRotation,343.8811,257.845,0.3640157,CurrentState,End,Slider,51,Scenario,1
ID,8,Time,345.5488,DronePosition,-110.239,59.27025,-107.379,0,CameraPosition,-103.2042,1.724443,-107.3142,CameraRotation,343.8827,257.8355,0.3645977,CurrentState,End,Slider,51,Scenario,1
ID,8,Time,345.5632,DronePosition,-110.239,59.27025,-107.379,0,CameraPosition,-103.2043,1.724494,-107.3143,CameraRotation,343.881,257.8291,0.3528143,CurrentState,End,Slider,51,Scenario,1
ID,8,Time,345.5772,DronePosition,-110.239,59.27025,-107.379,0,CameraPosition,-103.2044,1.724551,-107.3143,CameraRotation,343.8525,257.82,0.34878,CurrentState,End,Slider,51,Scenario,1
ID,8,Time,345.5906,DronePosition,-110.239,59.27025,-107.379,0,CameraPosition,-103.2045,1.724586,-107.3144,CameraRotation,343.8268,257.8099,0.3684272,CurrentState,End,Slider,51,Scenario,1
ID,8,Time,345.6048,DronePosition,-110.239,59.27025,-107.379,0,CameraPosition,-103.2046,1.724588,-107.3144,CameraRotation,343.8339,257.7984,0.3851554,CurrentState,End,Slider,51,Scenario,1
ID,8,Time,345.6184,DronePosition,-110.239,59.27025,-107.379,0,CameraPosition,-103.2047,1.72457,-107.3144,CameraRotation,343.8469,257.8058,0.3330655,CurrentState,End,Slider,51,Scenario,1
ID,8,Time,345.6323,DronePosition,-110.239,59.27025,-107.379,0,CameraPosition,-103.2049,1.724579,-107.3144,CameraRotation,343.8511,257.8422,0.2680314,CurrentState,End,Slider,51,Scenario,1
ID,8,Time,345.6462,DronePosition,-110.239,59.27025,-107.379,0,CameraPosition,-103.205,1.724631,-107.3143,CameraRotation,343.8484,257.8831,0.2355355,CurrentState,End,Slider,51,Scenario,1
ID,8,Time,345.6604,DronePosition,-110.239,59.27025,-107.379,0,CameraPosition,-103.2052,1.724697,-107.3142,CameraRotation,343.8344,257.9164,0.2407747,CurrentState,End,Slider,51,Scenario,1
ID,8,Time,345.6742,DronePosition,-110.239,59.27025,-107.379,0,CameraPosition,-103.2053,1.724731,-107.3141,CameraRotation,343.8293,257.9698,0.2486677,CurrentState,End,Slider,51,Scenario,1
ID,8,Time,345.6881,DronePosition,-110.239,59.27025,-107.379,0,CameraPosition,-103.2055,1.724722,-107.3139,CameraRotation,343.8342,258.0337,0.238574,CurrentState,End,Slider,51,Scenario,1
ID,8,Time,345.7025,DronePosition,-110.239,59.27025,-107.379,0,CameraPosition,-103.2057,1.724662,-107.3138,CameraRotation,343.8426,258.1192,0.2150029,CurrentState,End,Slider,51,Scenario,1
ID,8,Time,345.7156,DronePosition,-110.239,59.27025,-107.379,0,CameraPosition,-103.2058,1.724615,-107.3137,CameraRotation,343.8531,258.1904,0.2096878,CurrentState,End,Slider,51,Scenario,1
ID,8,Time,345.7301,DronePosition,-110.239,59.27025,-107.379,0,CameraPosition,-103.2059,1.724595,-107.3135,CameraRotation,343.8549,258.2581,0.2042878,CurrentState,End,Slider,51,Scenario,1
ID,8,Time,345.7443,DronePosition,-110.239,59.27025,-107.379,0,CameraPosition,-103.2061,1.724564,-107.3134,CameraRotation,343.8523,258.3285,0.1938866,CurrentState,End,Slider,51,Scenario,1
ID,8,Time,345.758,DronePosition,-110.239,59.27025,-107.379,0,CameraPosition,-103.2063,1.72453,-107.3132,CameraRotation,343.8685,258.3875,0.1762953,CurrentState,End,Slider,51,Scenario,1
ID,8,Time,345.7719,DronePosition,-110.239,59.27025,-107.379,0,CameraPosition,-103.2064,1.724472,-107.3131,CameraRotation,343.8893,258.4385,0.1421027,CurrentState,End,Slider,51,Scenario,1
ID,8,Time,345.7858,DronePosition,-110.239,59.27025,-107.379,0,CameraPosition,-103.2066,1.724406,-107.313,CameraRotation,343.9226,258.4853,0.1030405,CurrentState,End,Slider,51,Scenario,1
ID,8,Time,345.7997,DronePosition,-110.239,59.27025,-107.379,0,CameraPosition,-103.2067,1.724365,-107.3128,CameraRotation,343.9666,258.5209,0.07125644,CurrentState,End,Slider,51,Scenario,1
ID,8,Time,345.8135,DronePosition,-110.239,59.27025,-107.379,0,CameraPosition,-103.2069,1.724345,-107.3126,CameraRotation,344.0073,258.5651,0.01593781,CurrentState,End,Slider,51,Scenario,1
ID,8,Time,345.8274,DronePosition,-110.239,59.27025,-107.379,0,CameraPosition,-103.2069,1.724331,-107.3124,CameraRotation,344.0361,258.6149,359.9431,CurrentState,End,Slider,51,Scenario,1
ID,8,Time,345.8419,DronePosition,-110.239,59.27025,-107.379,0,CameraPosition,-103.207,1.724285,-107.3122,CameraRotation,344.0558,258.6634,359.8803,CurrentState,End,Slider,51,Scenario,1
ID,8,Time,345.8553,DronePosition,-110.239,59.27025,-107.379,0,CameraPosition,-103.2071,1.724233,-107.312,CameraRotation,344.0847,258.7083,359.843,CurrentState,End,Slider,51,Scenario,1
ID,8,Time,345.869,DronePosition,-110.239,59.27025,-107.379,0,CameraPosition,-103.2072,1.724164,-107.3118,CameraRotation,344.1145,258.7586,359.8171,CurrentState,End,Slider,51,Scenario,1
ID,8,Time,345.883,DronePosition,-110.239,59.27025,-107.379,0,CameraPosition,-103.2073,1.7241,-107.3117,CameraRotation,344.1343,258.7996,359.7717,CurrentState,End,Slider,51,Scenario,1
ID,8,Time,345.8971,DronePosition,-110.239,59.27025,-107.379,0,CameraPosition,-103.2074,1.724053,-107.3115,CameraRotation,344.1385,258.8463,359.7263,CurrentState,End,Slider,51,Scenario,1
ID,8,Time,345.9109,DronePosition,-110.239,59.27025,-107.379,0,CameraPosition,-103.2075,1.724033,-107.3114,CameraRotation,344.1222,258.8821,359.692,CurrentState,End,Slider,51,Scenario,1
ID,8,Time,345.925,DronePosition,-110.239,59.27025,-107.379,0,CameraPosition,-103.2076,1.724028,-107.3113,CameraRotation,344.1042,258.9154,359.6695,CurrentState,End,Slider,51,Scenario,1
ID,8,Time,345.9389,DronePosition,-110.239,59.27025,-107.379,0,CameraPosition,-103.2077,1.724027,-107.3112,CameraRotation,344.0796,258.9448,359.6617,CurrentState,End,Slider,51,Scenario,1
ID,8,Time,345.9526,DronePosition,-110.239,59.27025,-107.379,0,CameraPosition,-103.2078,1.724007,-107.3111,CameraRotation,344.0768,258.9575,359.6649,CurrentState,End,Slider,51,Scenario,1
ID,8,Time,345.9665,DronePosition,-110.239,59.27025,-107.379,0,CameraPosition,-103.2078,1.723993,-107.3111,CameraRotation,344.0848,258.9783,359.6535,CurrentState,End,Slider,51,Scenario,1
ID,8,Time,345.981,DronePosition,-110.239,59.27025,-107.379,0,CameraPosition,-103.2079,1.723963,-107.311,CameraRotation,344.0969,258.9776,359.657,CurrentState,End,Slider,51,Scenario,1
ID,8,Time,345.9947,DronePosition,-110.239,59.27025,-107.379,0,CameraPosition,-103.2079,1.723943,-107.3109,CameraRotation,344.1033,258.9859,359.6619,CurrentState,End,Slider,51,Scenario,1
ID,8,Time,346.0085,DronePosition,-110.239,59.27025,-107.379,0,CameraPosition,-103.2079,1.72392,-107.3109,CameraRotation,344.1102,258.9864,359.6729,CurrentState,End,Slider,51,Scenario,1
ID,8,Time,346.0224,DronePosition,-110.239,59.27025,-107.379,0,CameraPosition,-103.208,1.723912,-107.3109,CameraRotation,344.1146,258.9846,359.6844,CurrentState,End,Slider,51,Scenario,1
ID,8,Time,346.0361,DronePosition,-110.239,59.27025,-107.379,0,CameraPosition,-103.208,1.723914,-107.3109,CameraRotation,344.1051,258.969,359.6952,CurrentState,End,Slider,51,Scenario,1
ID,8,Time,346.05,DronePosition,-110.239,59.27025,-107.379,0,CameraPosition,-103.2081,1.723937,-107.3109,CameraRotation,344.0988,258.955,359.7201,CurrentState,End,Slider,51,Scenario,1
ID,8,Time,346.064,DronePosition,-110.239,59.27025,-107.379,0,CameraPosition,-103.2081,1.723982,-107.3109,CameraRotation,344.0873,258.9437,359.7414,CurrentState,End,Slider,51,Scenario,1
ID,8,Time,346.0779,DronePosition,-110.239,59.27025,-107.379,0,CameraPosition,-103.2081,1.724016,-107.3109,CameraRotation,344.0765,258.9335,359.7427,CurrentState,End,Slider,51,Scenario,1
ID,8,Time,346.092,DronePosition,-110.239,59.27025,-107.379,0,CameraPosition,-103.2082,1.724038,-107.3109,CameraRotation,344.0603,258.9283,359.7327,CurrentState,End,Slider,51,Scenario,1
ID,8,Time,346.1057,DronePosition,-110.239,59.27025,-107.379,0,CameraPosition,-103.2082,1.724073,-107.3109,CameraRotation,344.0496,258.9208,359.7084,CurrentState,End,Slider,51,Scenario,1
ID,8,Time,346.1197,DronePosition,-110.239,59.27025,-107.379,0,CameraPosition,-103.2082,1.72412,-107.3108,CameraRotation,344.031,258.9238,359.6888,CurrentState,End,Slider,51,Scenario,1
ID,8,Time,346.1334,DronePosition,-110.239,59.27025,-107.379,0,CameraPosition,-103.2082,1.724178,-107.3108,CameraRotation,343.9913,258.9368,359.6811,CurrentState,End,Slider,51,Scenario,1
ID,8,Time,346.1475,DronePosition,-110.239,59.27025,-107.379,0,CameraPosition,-103.2083,1.724213,-107.3107,CameraRotation,343.9438,258.9605,359.6776,CurrentState,End,Slider,51,Scenario,1
ID,8,Time,346.162,DronePosition,-110.239,59.27025,-107.379,0,CameraPosition,-103.2084,1.724231,-107.3107,CameraRotation,343.9168,258.985,359.6523,CurrentState,End,Slider,51,Scenario,1
ID,8,Time,346.1756,DronePosition,-110.239,59.27025,-107.379,0,CameraPosition,-103.2085,1.72425,-107.3107,CameraRotation,343.9214,259.0137,359.629,CurrentState,End,Slider,51,Scenario,1
ID,8,Time,346.1898,DronePosition,-110.239,59.27025,-107.379,0,CameraPosition,-103.2085,1.72424,-107.3107,CameraRotation,343.8994,259.0394,359.6299,CurrentState,End,Slider,51,Scenario,1
ID,8,Time,346.2035,DronePosition,-110.239,59.27025,-107.379,0,CameraPosition,-103.2085,1.724223,-107.3107,CameraRotation,343.8983,259.0548,359.6752,CurrentState,End,Slider,51,Scenario,1
ID,8,Time,346.217,DronePosition,-110.239,59.27025,-107.379,0,CameraPosition,-103.2086,1.72419,-107.3106,CameraRotation,343.9117,259.0567,359.7081,CurrentState,End,Slider,51,Scenario,1
ID,8,Time,346.2311,DronePosition,-110.239,59.27025,-107.379,0,CameraPosition,-103.2086,1.724201,-107.3107,CameraRotation,343.9265,259.0784,359.691,CurrentState,End,Slider,51,Scenario,1
ID,8,Time,346.2453,DronePosition,-110.239,59.27025,-107.379,0,CameraPosition,-103.2087,1.724232,-107.3107,CameraRotation,343.9129,259.1018,359.6551,CurrentState,End,Slider,51,Scenario,1
ID,8,Time,346.2589,DronePosition,-110.239,59.27025,-107.379,0,CameraPosition,-103.2087,1.724281,-107.3107,CameraRotation,343.8883,259.1234,359.6117,CurrentState,End,Slider,51,Scenario,1
ID,8,Time,346.273,DronePosition,-110.239,59.27025,-107.379,0,CameraPosition,-103.2088,1.724279,-107.3107,CameraRotation,343.8953,259.1342,359.6109,CurrentState,End,Slider,51,Scenario,1
ID,8,Time,346.2869,DronePosition,-110.239,59.27025,-107.379,0,CameraPosition,-103.2088,1.724224,-107.3107,CameraRotation,343.9317,259.136,359.6227,CurrentState,End,Slider,51,Scenario,1
ID,8,Time,346.3007,DronePosition,-110.239,59.27025,-107.379,0,CameraPosition,-103.2087,1.72412,-107.3107,CameraRotation,343.9955,259.1379,359.6513,CurrentState,End,Slider,51,Scenario,1
ID,8,Time,346.3147,DronePosition,-110.239,59.27025,-107.379,0,CameraPosition,-103.2087,1.72401,-107.3107,CameraRotation,344.0494,259.1552,359.649,CurrentState,End,Slider,51,Scenario,1
ID,8,Time,346.3287,DronePosition,-110.239,59.27025,-107.379,0,CameraPosition,-103.2086,1.723919,-107.3107,CameraRotation,344.0907,259.1667,359.6315,CurrentState,End,Slider,51,Scenario,1
ID,8,Time,346.3427,DronePosition,-110.239,59.27025,-107.379,0,CameraPosition,-103.2086,1.723841,-107.3108,CameraRotation,344.1237,259.1903,359.6136,CurrentState,End,Slider,51,Scenario,1
ID,8,Time,346.3574,DronePosition,-110.239,59.27025,-107.379,0,CameraPosition,-103.2086,1.723762,-107.3108,CameraRotation,344.144,259.2009,359.6182,CurrentState,End,Slider,51,Scenario,1
ID,8,Time,346.3708,DronePosition,-110.239,59.27025,-107.379,0,CameraPosition,-103.2085,1.723705,-107.3109,CameraRotation,344.1769,259.212,359.6233,CurrentState,End,Slider,51,Scenario,1
ID,8,Time,346.3848,DronePosition,-110.239,59.27025,-107.379,0,CameraPosition,-103.2085,1.723644,-107.3109,CameraRotation,344.2177,259.2245,359.6219,CurrentState,End,Slider,51,Scenario,1
ID,8,Time,346.3989,DronePosition,-110.239,59.27025,-107.379,0,CameraPosition,-103.2085,1.723543,-107.311,CameraRotation,344.2492,259.2415,359.6146,CurrentState,End,Slider,51,Scenario,1
ID,8,Time,346.4126,DronePosition,-110.239,59.27025,-107.379,0,CameraPosition,-103.2084,1.72347,-107.311,CameraRotation,344.3138,259.2705,359.611,CurrentState,End,Slider,51,Scenario,1
ID,8,Time,346.4285,DronePosition,-110.239,59.27025,-107.379,0,CameraPosition,-103.2083,1.723402,-107.311,CameraRotation,344.3641,259.3143,359.6085,CurrentState,End,Slider,51,Scenario,1
ID,8,Time,346.4407,DronePosition,-110.239,59.27025,-107.379,0,CameraPosition,-103.2083,1.72336,-107.3111,CameraRotation,344.3994,259.3748,359.5819,CurrentState,End,Slider,51,Scenario,1
ID,8,Time,346.4546,DronePosition,-110.239,59.27025,-107.379,0,CameraPosition,-103.2082,1.723322,-107.3111,CameraRotation,344.425,259.438,359.5536,CurrentState,End,Slider,51,Scenario,1
ID,8,Time,346.4685,DronePosition,-110.239,59.27025,-107.379,0,CameraPosition,-103.2081,1.723299,-107.3111,CameraRotation,344.461,259.5191,359.5392,CurrentState,End,Slider,51,Scenario,1
ID,8,Time,346.4825,DronePosition,-110.239,59.27025,-107.379,0,CameraPosition,-103.2081,1.723278,-107.311,CameraRotation,344.5076,259.5907,359.5568,CurrentState,End,Slider,51,Scenario,1
ID,8,Time,346.4966,DronePosition,-110.239,59.27025,-107.379,0,CameraPosition,-103.208,1.723262,-107.3111,CameraRotation,344.5352,259.6707,359.5763,CurrentState,End,Slider,51,Scenario,1
ID,8,Time,346.5103,DronePosition,-110.239,59.27025,-107.379,0,CameraPosition,-103.2079,1.723245,-107.3111,CameraRotation,344.5521,259.7611,359.5908,CurrentState,End,Slider,51,Scenario,1
ID,8,Time,346.5241,DronePosition,-110.239,59.27025,-107.379,0,CameraPosition,-103.2079,1.72321,-107.3112,CameraRotation,344.5584,259.8543,359.5833,CurrentState,End,Slider,51,Scenario,1
ID,8,Time,346.5379,DronePosition,-110.239,59.27025,-107.379,0,CameraPosition,-103.2078,1.723169,-107.3112,CameraRotation,344.5841,259.9398,359.578,CurrentState,End,Slider,51,Scenario,1
ID,8,Time,346.5518,DronePosition,-110.239,59.27025,-107.379,0,CameraPosition,-103.2077,1.723111,-107.3114,CameraRotation,344.6248,260.0357,359.5869,CurrentState,End,Slider,51,Scenario,1
ID,8,Time,346.5659,DronePosition,-110.239,59.27025,-107.379,0,CameraPosition,-103.2075,1.72304,-107.3115,CameraRotation,344.686,260.1196,359.6243,CurrentState,End,Slider,51,Scenario,1
ID,8,Time,346.58,DronePosition,-110.239,59.27025,-107.379,0,CameraPosition,-103.2074,1.722982,-107.3117,CameraRotation,344.7454,260.2004,359.6681,CurrentState,End,Slider,51,Scenario,1
ID,8,Time,346.5937,DronePosition,-110.239,59.27025,-107.379,0,CameraPosition,-103.2073,1.722951,-107.3118,CameraRotation,344.7903,260.2774,359.7019,CurrentState,End,Slider,51,Scenario,1
ID,8,Time,346.6076,DronePosition,-110.239,59.27025,-107.379,0,CameraPosition,-103.2072,1.722941,-107.312,CameraRotation,344.8116,260.3503,359.7325,CurrentState,End,Slider,51,Scenario,1
ID,8,Time,346.6219,DronePosition,-110.239,59.27025,-107.379,0,CameraPosition,-103.2072,1.723018,-107.3121,CameraRotation,344.8177,260.4364,359.7425,CurrentState,End,Slider,51,Scenario,1
ID,8,Time,346.6351,DronePosition,-110.239,59.27025,-107.379,0,CameraPosition,-103.2071,1.723096,-107.3123,CameraRotation,344.8116,260.5119,359.753,CurrentState,End,Slider,51,Scenario,1
ID,8,Time,346.6488,DronePosition,-110.239,59.27025,-107.379,0,CameraPosition,-103.207,1.723136,-107.3124,CameraRotation,344.8163,260.5798,359.7781,CurrentState,End,Slider,51,Scenario,1
ID,8,Time,346.6628,DronePosition,-110.239,59.27025,-107.379,0,CameraPosition,-103.2069,1.723136,-107.3126,CameraRotation,344.8448,260.6601,359.8087,CurrentState,End,Slider,51,Scenario,1
ID,8,Time,346.6768,DronePosition,-110.239,59.27025,-107.379,0,CameraPosition,-103.2069,1.723119,-107.3128,CameraRotation,344.8666,260.7446,359.8618,CurrentState,End,Slider,51,Scenario,1
ID,8,Time,346.691,DronePosition,-110.239,59.27025,-107.379,0,CameraPosition,-103.2069,1.723106,-107.313,CameraRotation,344.8719,260.8429,359.9153,CurrentState,End,Slider,51,Scenario,1
ID,8,Time,346.705,DronePosition,-110.239,59.27025,-107.379,0,CameraPosition,-103.2069,1.723147,-107.3131,CameraRotation,344.8662,260.9646,359.9688,CurrentState,End,Slider,51,Scenario,1
ID,8,Time,346.7187,DronePosition,-110.239,59.27025,-107.379,0,CameraPosition,-103.2069,1.723209,-107.3132,CameraRotation,344.8461,261.1056,0.02068476,CurrentState,End,Slider,51,Scenario,1
ID,8,Time,346.7324,DronePosition,-110.239,59.27025,-107.379,0,CameraPosition,-103.2069,1.723259,-107.3134,CameraRotation,344.849,261.2573,0.07357077,CurrentState,End,Slider,51,Scenario,1
ID,8,Time,346.7462,DronePosition,-110.239,59.27025,-107.379,0,CameraPosition,-103.2069,1.72323,-107.3135,CameraRotation,344.8637,261.3983,0.1377173,CurrentState,End,Slider,51,Scenario,1
ID,8,Time,346.7604,DronePosition,-110.239,59.27025,-107.379,0,CameraPosition,-103.2069,1.723164,-107.3136,CameraRotation,344.9155,261.5542,0.1826564,CurrentState,End,Slider,51,Scenario,1
ID,8,Time,346.7742,DronePosition,-110.239,59.27025,-107.379,0,CameraPosition,-103.207,1.723092,-107.3137,CameraRotation,344.9839,261.695,0.2178688,CurrentState,End,Slider,51,Scenario,1
ID,8,Time,346.7881,DronePosition,-110.239,59.27025,-107.379,0,CameraPosition,-103.207,1.723039,-107.3139,CameraRotation,345.0602,261.8203,0.239453,CurrentState,End,Slider,51,Scenario,1
ID,8,Time,346.8022,DronePosition,-110.239,59.27025,-107.379,0,CameraPosition,-103.207,1.723003,-107.314,CameraRotation,345.1104,261.9242,0.2681824,CurrentState,End,Slider,51,Scenario,1
ID,8,Time,346.8163,DronePosition,-110.239,59.27025,-107.379,0,CameraPosition,-103.207,1.722967,-107.3142,CameraRotation,345.1602,262.0215,0.3160807,CurrentState,End,Slider,51,Scenario,1
ID,8,Time,346.8298,DronePosition,-110.239,59.27025,-107.379,0,CameraPosition,-103.207,1.72293,-107.3143,CameraRotation,345.2553,262.095,0.3684994,CurrentState,End,Slider,51,Scenario,1
ID,8,Time,346.8456,DronePosition,-110.239,59.27025,-107.379,0,CameraPosition,-103.207,1.722859,-107.3145,CameraRotation,345.34,262.1773,0.3743255,CurrentState,End,Slider,51,Scenario,1
ID,8,Time,346.8576,DronePosition,-110.239,59.27025,-107.379,0,CameraPosition,-103.207,1.722804,-107.3146,CameraRotation,345.4182,262.2568,0.3660385,CurrentState,End,Slider,51,Scenario,1
ID,8,Time,346.8715,DronePosition,-110.239,59.27025,-107.379,0,CameraPosition,-103.2071,1.722782,-107.3148,CameraRotation,345.4809,262.3195,0.3703064,CurrentState,End,Slider,51,Scenario,1
ID,8,Time,346.8854,DronePosition,-110.239,59.27025,-107.379,0,CameraPosition,-103.2071,1.722765,-107.315,CameraRotation,345.5434,262.3704,0.4139472,CurrentState,End,Slider,51,Scenario,1
ID,8,Time,346.8995,DronePosition,-110.239,59.27025,-107.379,0,CameraPosition,-103.2071,1.722698,-107.3151,CameraRotation,345.6001,262.424,0.4530632,CurrentState,End,Slider,51,Scenario,1
ID,8,Time,346.9134,DronePosition,-110.239,59.27025,-107.379,0,CameraPosition,-103.2071,1.722617,-107.3153,CameraRotation,345.6753,262.4602,0.4952836,CurrentState,End,Slider,51,Scenario,1
ID,8,Time,346.9273,DronePosition,-110.239,59.27025,-107.379,0,CameraPosition,-103.2071,1.722506,-107.3155,CameraRotation,345.7385,262.4959,0.5631462,CurrentState,End,Slider,51,Scenario,1
ID,8,Time,346.9411,DronePosition,-110.239,59.27025,-107.379,0,CameraPosition,-103.207,1.722402,-107.3156,CameraRotation,345.7887,262.5225,0.6401803,CurrentState,End,Slider,51,Scenario,1
ID,8,Time,346.9552,DronePosition,-110.239,59.27025,-107.379,0,CameraPosition,-103.207,1.722314,-107.3158,CameraRotation,345.854,262.5357,0.7160589,CurrentState,End,Slider,51,Scenario,1
ID,8,Time,346.969,DronePosition,-110.239,59.27025,-107.379,0,CameraPosition,-103.207,1.722194,-107.316,CameraRotation,345.9308,262.552,0.7893111,CurrentState,End,Slider,51,Scenario,1
ID,8,Time,346.9826,DronePosition,-110.239,59.27025,-107.379,0,CameraPosition,-103.2069,1.72208,-107.3161,CameraRotation,346.0305,262.5737,0.8537825,CurrentState,End,Slider,51,Scenario,1
ID,8,Time,346.9968,DronePosition,-110.239,59.27025,-107.379,0,CameraPosition,-103.2069,1.721962,-107.3162,CameraRotation,346.1306,262.593,0.8811937,CurrentState,End,Slider,51,Scenario,1
ID,8,Time,347.0107,DronePosition,-110.239,59.27025,-107.379,0,CameraPosition,-103.2069,1.721831,-107.3163,CameraRotation,346.2078,262.6048,0.8827897,CurrentState,End,Slider,51,Scenario,1
ID,8,Time,347.0251,DronePosition,-110.239,59.27025,-107.379,0,CameraPosition,-103.2069,1.721717,-107.3165,CameraRotation,346.3076,262.6064,0.8749572,CurrentState,End,Slider,51,Scenario,1
ID,8,Time,347.0388,DronePosition,-110.239,59.27025,-107.379,0,CameraPosition,-103.2069,1.721614,-107.3166,CameraRotation,346.4036,262.5969,0.8754557,CurrentState,End,Slider,51,Scenario,1
ID,8,Time,347.0529,DronePosition,-110.239,59.27025,-107.379,0,CameraPosition,-103.2069,1.721532,-107.3167,CameraRotation,346.4987,262.5843,0.8712727,CurrentState,End,Slider,51,Scenario,1
ID,8,Time,347.0665,DronePosition,-110.239,59.27025,-107.379,0,CameraPosition,-103.2069,1.721458,-107.3168,CameraRotation,346.5634,262.5735,0.8257222,CurrentState,End,Slider,51,Scenario,1
ID,8,Time,347.0804,DronePosition,-110.239,59.27025,-107.379,0,CameraPosition,-103.2069,1.721415,-107.3169,CameraRotation,346.6147,262.5658,0.781993,CurrentState,End,Slider,51,Scenario,1
ID,8,Time,347.0943,DronePosition,-110.239,59.27025,-107.379,0,CameraPosition,-103.2069,1.721386,-107.3169,CameraRotation,346.6659,262.5539,0.7509732,CurrentState,End,Slider,51,Scenario,1
ID,8,Time,347.1082,DronePosition,-110.239,59.27025,-107.379,0,CameraPosition,-103.2069,1.721316,-107.317,CameraRotation,346.7062,262.5356,0.7376224,CurrentState,End,Slider,51,Scenario,1
ID,8,Time,347.1221,DronePosition,-110.239,59.27025,-107.379,0,CameraPosition,-103.2068,1.72123,-107.3171,CameraRotation,346.7584,262.5143,0.7238778,CurrentState,End,Slider,51,Scenario,1
ID,8,Time,347.136,DronePosition,-110.239,59.27025,-107.379,0,CameraPosition,-103.2068,1.721147,-107.3171,CameraRotation,346.8007,262.5047,0.7178524,CurrentState,End,Slider,51,Scenario,1
ID,8,Time,347.1496,DronePosition,-110.239,59.27025,-107.379,0,CameraPosition,-103.2068,1.721089,-107.3172,CameraRotation,346.813,262.4865,0.7251759,CurrentState,End,Slider,51,Scenario,1
ID,8,Time,347.1637,DronePosition,-110.239,59.27025,-107.379,0,CameraPosition,-103.2067,1.721059,-107.3172,CameraRotation,346.8111,262.4773,0.7383869,CurrentState,End,Slider,51,Scenario,1
ID,8,Time,347.1778,DronePosition,-110.239,59.27025,-107.379,0,CameraPosition,-103.2067,1.721023,-107.3172,CameraRotation,346.805,262.4635,0.7467081,CurrentState,End,Slider,51,Scenario,1
ID,8,Time,347.1921,DronePosition,-110.239,59.27025,-107.379,0,CameraPosition,-103.2067,1.720987,-107.3172,CameraRotation,346.7874,262.4308,0.7687995,CurrentState,End,Slider,51,Scenario,1
ID,8,Time,347.2061,DronePosition,-110.239,59.27025,-107.379,0,CameraPosition,-103.2067,1.720954,-107.3172,CameraRotation,346.7805,262.4174,0.7915002,CurrentState,End,Slider,51,Scenario,1
ID,8,Time,347.2199,DronePosition,-110.239,59.27025,-107.379,0,CameraPosition,-103.2067,1.72096,-107.3171,CameraRotation,346.7572,262.419,0.8067018,CurrentState,End,Slider,51,Scenario,1
ID,8,Time,347.2341,DronePosition,-110.239,59.27025,-107.379,0,CameraPosition,-103.2067,1.721039,-107.3171,CameraRotation,346.7041,262.4366,0.7986324,CurrentState,End,Slider,51,Scenario,1
ID,8,Time,347.2472,DronePosition,-110.239,59.27025,-107.379,0,CameraPosition,-103.2067,1.721132,-107.317,CameraRotation,346.6598,262.451,0.7856394,CurrentState,End,Slider,51,Scenario,1
ID,8,Time,347.2616,DronePosition,-110.239,59.27025,-107.379,0,CameraPosition,-103.2067,1.721153,-107.317,CameraRotation,346.6339,262.462,0.7854697,CurrentState,End,Slider,51,Scenario,1
ID,8,Time,347.2753,DronePosition,-110.239,59.27025,-107.379,0,CameraPosition,-103.2067,1.721109,-107.3169,CameraRotation,346.6602,262.4727,0.7888787,CurrentState,End,Slider,51,Scenario,1
ID,8,Time,347.2894,DronePosition,-110.239,59.27025,-107.379,0,CameraPosition,-103.2066,1.721048,-107.3168,CameraRotation,346.6989,262.478,0.7733619,CurrentState,End,Slider,51,Scenario,1
ID,8,Time,347.3033,DronePosition,-110.239,59.27025,-107.379,0,CameraPosition,-103.2066,1.721022,-107.3167,CameraRotation,346.7276,262.4904,0.729736,CurrentState,End,Slider,51,Scenario,1
ID,8,Time,347.3172,DronePosition,-110.239,59.27025,-107.379,0,CameraPosition,-103.2066,1.721045,-107.3167,CameraRotation,346.7339,262.4899,0.6675098,CurrentState,End,Slider,51,Scenario,1
ID,8,Time,347.3309,DronePosition,-110.239,59.27025,-107.379,0,CameraPosition,-103.2066,1.721065,-107.3166,CameraRotation,346.7231,262.4983,0.6210048,CurrentState,End,Slider,51,Scenario,1
ID,8,Time,347.3448,DronePosition,-110.239,59.27025,-107.379,0,CameraPosition,-103.2065,1.721077,-107.3165,CameraRotation,346.7158,262.4919,0.5927552,CurrentState,End,Slider,51,Scenario,1
ID,8,Time,347.359,DronePosition,-110.239,59.27025,-107.379,0,CameraPosition,-103.2065,1.721102,-107.3164,CameraRotation,346.7236,262.4875,0.5802298,CurrentState,End,Slider,51,Scenario,1
ID,8,Time,347.373,DronePosition,-110.239,59.27025,-107.379,0,CameraPosition,-103.2065,1.721133,-107.3162,CameraRotation,346.7154,262.4775,0.5771114,CurrentState,End,Slider,51,Scenario,1
ID,8,Time,347.387,DronePosition,-110.239,59.27025,-107.379,0,CameraPosition,-103.2065,1.72118,-107.3162,CameraRotation,346.6968,262.4725,0.5511364,CurrentState,End,Slider,51,Scenario,1
ID,8,Time,347.4008,DronePosition,-110.239,59.27025,-107.379,0,CameraPosition,-103.2065,1.721256,-107.3161,CameraRotation,346.6738,262.4735,0.5153139,CurrentState,End,Slider,51,Scenario,1
ID,8,Time,347.4143,DronePosition,-110.239,59.27025,-107.379,0,CameraPosition,-103.2064,1.721322,-107.316,CameraRotation,346.6536,262.465,0.4841322,CurrentState,End,Slider,51,Scenario,1
ID,8,Time,347.4286,DronePosition,-110.239,59.27025,-107.379,0,CameraPosition,-103.2064,1.721389,-107.3159,CameraRotation,346.6495,262.4532,0.4925035,CurrentState,End,Slider,51,Scenario,1
ID,8,Time,347.4428,DronePosition,-110.239,59.27025,-107.379,0,CameraPosition,-103.2063,1.721438,-107.3158,CameraRotation,346.675,262.4327,0.526109,CurrentState,End,Slider,51,Scenario,1
ID,8,Time,347.4565,DronePosition,-110.239,59.27025,-107.379,0,CameraPosition,-103.2063,1.721443,-107.3157,CameraRotation,346.6891,262.4173,0.5264182,CurrentState,End,Slider,51,Scenario,1
ID,8,Time,347.47,DronePosition,-110.239,59.27025,-107.379,0,CameraPosition,-103.2062,1.721486,-107.3156,CameraRotation,346.6841,262.4113,0.4905095,CurrentState,End,Slider,51,Scenario,1
ID,8,Time,347.4842,DronePosition,-110.239,59.27025,-107.379,0,CameraPosition,-103.2062,1.721566,-107.3155,CameraRotation,346.6529,262.3981,0.4708815,CurrentState,End,Slider,51,Scenario,1
ID,8,Time,347.4982,DronePosition,-110.239,59.27025,-107.379,0,CameraPosition,-103.2062,1.721619,-107.3154,CameraRotation,346.6086,262.3867,0.4833232,CurrentState,End,Slider,51,Scenario,1
ID,8,Time,347.5119,DronePosition,-110.239,59.27025,-107.379,0,CameraPosition,-103.2061,1.721608,-107.3153,CameraRotation,346.57,262.3739,0.5057474,CurrentState,End,Slider,51,Scenario,1
ID,8,Time,347.5261,DronePosition,-110.239,59.27025,-107.379,0,CameraPosition,-103.2061,1.721546,-107.3151,CameraRotation,346.5565,262.3609,0.5128335,CurrentState,End,Slider,51,Scenario,1
ID,8,Time,347.5399,DronePosition,-110.239,59.27025,-107.379,0,CameraPosition,-103.206,1.721494,-107.315,CameraRotation,346.5551,262.3574,0.5081832,CurrentState,End,Slider,51,Scenario,1
ID,8,Time,347.5539,DronePosition,-110.239,59.27025,-107.379,0,CameraPosition,-103.206,1.721408,-107.3148,CameraRotation,346.5537,262.3596,0.5017905,CurrentState,End,Slider,51,Scenario,1
ID,8,Time,347.5678,DronePosition,-110.239,59.27025,-107.379,0,CameraPosition,-103.2059,1.721345,-107.3147,CameraRotation,346.5642,262.3681,0.4825489,CurrentState,End,Slider,51,Scenario,1
ID,8,Time,347.5814,DronePosition,-110.239,59.27025,-107.379,0,CameraPosition,-103.2059,1.721301,-107.3145,CameraRotation,346.5892,262.3811,0.4595116,CurrentState,End,Slider,51,Scenario,1
ID,8,Time,347.5953,DronePosition,-110.239,59.27025,-107.379,0,CameraPosition,-103.2058,1.72127,-107.3142,CameraRotation,346.6189,262.4052,0.4443141,CurrentState,End,Slider,51,Scenario,1
ID,8,Time,347.6095,DronePosition,-110.239,59.27025,-107.379,0,CameraPosition,-103.2057,1.721239,-107.3139,CameraRotation,346.6521,262.4309,0.4212343,CurrentState,End,Slider,51,Scenario,1
ID,8,Time,347.6237,DronePosition,-110.239,59.27025,-107.379,0,CameraPosition,-103.2056,1.721152,-107.3137,CameraRotation,346.6619,262.4562,0.3927961,CurrentState,End,Slider,51,Scenario,1
ID,8,Time,347.6373,DronePosition,-110.239,59.27025,-107.379,0,CameraPosition,-103.2055,1.721087,-107.3135,CameraRotation,346.6904,262.4883,0.3691709,CurrentState,End,Slider,51,Scenario,1
ID,8,Time,347.6517,DronePosition,-110.239,59.27025,-107.379,0,CameraPosition,-103.2055,1.721028,-107.3132,CameraRotation,346.7029,262.5211,0.3469266,CurrentState,End,Slider,51,Scenario,1
ID,8,Time,347.6654,DronePosition,-110.239,59.27025,-107.379,0,CameraPosition,-103.2053,1.720986,-107.313,CameraRotation,346.7109,262.5547,0.3032493,CurrentState,End,Slider,51,Scenario,1
ID,8,Time,347.6792,DronePosition,-110.239,59.27025,-107.379,0,CameraPosition,-103.2052,1.720942,-107.3127,CameraRotation,346.7004,262.6053,0.2430455,CurrentState,End,Slider,51,Scenario,1
ID,8,Time,347.693,DronePosition,-110.239,59.27025,-107.379,0,CameraPosition,-103.2051,1.720897,-107.3125,CameraRotation,346.7042,262.6511,0.198294,CurrentState,End,Slider,51,Scenario,1
ID,8,Time,347.7075,DronePosition,-110.239,59.27025,-107.379,0,CameraPosition,-103.205,1.720837,-107.3123,CameraRotation,346.7192,262.6895,0.179939,CurrentState,End,Slider,51,Scenario,1
ID,8,Time,347.7209,DronePosition,-110.239,59.27025,-107.379,0,CameraPosition,-103.2048,1.720772,-107.312,CameraRotation,346.7482,262.7245,0.1814074,CurrentState,End,Slider,51,Scenario,1
ID,8,Time,347.735,DronePosition,-110.239,59.27025,-107.379,0,CameraPosition,-103.2047,1.720695,-107.3118,CameraRotation,346.765,262.7328,0.1853053,CurrentState,End,Slider,51,Scenario,1
ID,8,Time,347.7485,DronePosition,-110.239,59.27025,-107.379,0,CameraPosition,-103.2046,1.720633,-107.3115,CameraRotation,346.7842,262.7422,0.1938578,CurrentState,End,Slider,51,Scenario,1
ID,8,Time,347.7626,DronePosition,-110.239,59.27025,-107.379,0,CameraPosition,-103.2044,1.720595,-107.3113,CameraRotation,346.8083,262.7484,0.1943946,CurrentState,End,Slider,51,Scenario,1
ID,8,Time,347.7766,DronePosition,-110.239,59.27025,-107.379,0,CameraPosition,-103.2042,1.720544,-107.311,CameraRotation,346.8181,262.7497,0.2039829,CurrentState,End,Slider,51,Scenario,1
ID,8,Time,347.7904,DronePosition,-110.239,59.27025,-107.379,0,CameraPosition,-103.2041,1.720517,-107.3108,CameraRotation,346.83,262.7538,0.1945058,CurrentState,End,Slider,51,Scenario,1
ID,8,Time,347.8047,DronePosition,-110.239,59.27025,-107.379,0,CameraPosition,-103.2039,1.720497,-107.3106,CameraRotation,346.809,262.7441,0.1941559,CurrentState,End,Slider,51,Scenario,1
ID,8,Time,347.8183,DronePosition,-110.239,59.27025,-107.379,0,CameraPosition,-103.2038,1.720509,-107.3104,CameraRotation,346.7802,262.736,0.195087,CurrentState,End,Slider,51,Scenario,1
ID,8,Time,347.8319,DronePosition,-110.239,59.27025,-107.379,0,CameraPosition,-103.2036,1.720528,-107.3101,CameraRotation,346.7568,262.7208,0.1843068,CurrentState,End,Slider,51,Scenario,1
ID,8,Time,347.8484,DronePosition,-110.239,59.27025,-107.379,0,CameraPosition,-103.2034,1.720557,-107.3099,CameraRotation,346.7465,262.7091,0.1748749,CurrentState,End,Slider,51,Scenario,1
ID,8,Time,347.8604,DronePosition,-110.239,59.27025,-107.379,0,CameraPosition,-103.2032,1.720577,-107.3097,CameraRotation,346.7308,262.7132,0.1601343,CurrentState,End,Slider,51,Scenario,1
ID,8,Time,347.8741,DronePosition,-110.239,59.27025,-107.379,0,CameraPosition,-103.203,1.7206,-107.3094,CameraRotation,346.7138,262.7123,0.1449576,CurrentState,End,Slider,51,Scenario,1
ID,8,Time,347.8882,DronePosition,-110.239,59.27025,-107.379,0,CameraPosition,-103.2028,1.720627,-107.3092,CameraRotation,346.6904,262.7301,0.1273186,CurrentState,End,Slider,51,Scenario,1
ID,8,Time,347.9019,DronePosition,-110.239,59.27025,-107.379,0,CameraPosition,-103.2027,1.720651,-107.3089,CameraRotation,346.654,262.7405,0.1131117,CurrentState,End,Slider,51,Scenario,1
ID,8,Time,347.9156,DronePosition,-110.239,59.27025,-107.379,0,CameraPosition,-103.2025,1.72066,-107.3086,CameraRotation,346.6049,262.7603,0.0973941,CurrentState,End,Slider,51,Scenario,1
ID,8,Time,347.9298,DronePosition,-110.239,59.27025,-107.379,0,CameraPosition,-103.2023,1.720671,-107.3084,CameraRotation,346.5633,262.7797,0.0891829,CurrentState,End,Slider,51,Scenario,1
ID,8,Time,347.9433,DronePosition,-110.239,59.27025,-107.379,0,CameraPosition,-103.2021,1.720689,-107.3081,CameraRotation,346.511,262.7853,0.09401599,CurrentState,End,Slider,51,Scenario,1
ID,8,Time,347.9575,DronePosition,-110.239,59.27025,-107.379,0,CameraPosition,-103.2019,1.720723,-107.3079,CameraRotation,346.4549,262.7873,0.105976,CurrentState,End,Slider,51,Scenario,1
ID,8,Time,347.9716,DronePosition,-110.239,59.27025,-107.379,0,CameraPosition,-103.2018,1.720751,-107.3076,CameraRotation,346.3969,262.7843,0.1151779,CurrentState,End,Slider,51,Scenario,1
ID,8,Time,347.9856,DronePosition,-110.239,59.27025,-107.379,0,CameraPosition,-103.2016,1.720783,-107.3074,CameraRotation,346.3419,262.7825,0.1050754,CurrentState,End,Slider,51,Scenario,1
ID,8,Time,347.9992,DronePosition,-110.239,59.27025,-107.379,0,CameraPosition,-103.2015,1.720811,-107.3072,CameraRotation,346.2921,262.7863,0.07271893,CurrentState,End,Slider,51,Scenario,1
ID,8,Time,348.0134,DronePosition,-110.239,59.27025,-107.379,0,CameraPosition,-103.2013,1.720836,-107.3069,CameraRotation,346.2673,262.7867,0.02087075,CurrentState,End,Slider,51,Scenario,1
ID,8,Time,348.0272,DronePosition,-110.239,59.27025,-107.379,0,CameraPosition,-103.2012,1.72085,-107.3067,CameraRotation,346.2404,262.7932,359.9788,CurrentState,End,Slider,51,Scenario,1
ID,8,Time,348.0412,DronePosition,-110.239,59.27025,-107.379,0,CameraPosition,-103.201,1.720863,-107.3064,CameraRotation,346.2126,262.7999,359.982,CurrentState,End,Slider,51,Scenario,1
ID,8,Time,348.0551,DronePosition,-110.239,59.27025,-107.379,0,CameraPosition,-103.2009,1.720857,-107.3061,CameraRotation,346.1889,262.8079,0.006578119,CurrentState,End,Slider,51,Scenario,1
ID,8,Time,348.0698,DronePosition,-110.239,59.27025,-107.379,0,CameraPosition,-103.2008,1.720856,-107.3058,CameraRotation,346.1922,262.836,359.9905,CurrentState,End,Slider,51,Scenario,1
ID,8,Time,348.0827,DronePosition,-110.239,59.27025,-107.379,0,CameraPosition,-103.2007,1.720868,-107.3056,CameraRotation,346.1827,262.8849,359.9249,CurrentState,End,Slider,51,Scenario,1
ID,8,Time,348.0967,DronePosition,-110.239,59.27025,-107.379,0,CameraPosition,-103.2006,1.720925,-107.3053,CameraRotation,346.1447,262.9349,359.8719,CurrentState,End,Slider,51,Scenario,1
ID,8,Time,348.1111,DronePosition,-110.239,59.27025,-107.379,0,CameraPosition,-103.2005,1.720995,-107.305,CameraRotation,346.1163,262.9765,359.8495,CurrentState,End,Slider,51,Scenario,1
ID,8,Time,348.1248,DronePosition,-110.239,59.27025,-107.379,0,CameraPosition,-103.2004,1.721035,-107.3047,CameraRotation,346.1076,262.9948,359.8477,CurrentState,End,Slider,51,Scenario,1
ID,8,Time,348.1385,DronePosition,-110.239,59.27025,-107.379,0,CameraPosition,-103.2002,1.721031,-107.3044,CameraRotation,346.1153,263.0044,359.8331,CurrentState,End,Slider,51,Scenario,1
ID,8,Time,348.1523,DronePosition,-110.239,59.27025,-107.379,0,CameraPosition,-103.2001,1.721025,-107.3041,CameraRotation,346.115,263.0173,359.8188,CurrentState,End,Slider,51,Scenario,1
ID,8,Time,348.1664,DronePosition,-110.239,59.27025,-107.379,0,CameraPosition,-103.2,1.72103,-107.3038,CameraRotation,346.1029,263.031,359.797,CurrentState,End,Slider,51,Scenario,1
ID,8,Time,348.1809,DronePosition,-110.239,59.27025,-107.379,0,CameraPosition,-103.2,1.721019,-107.3036,CameraRotation,346.0734,263.0404,359.7729,CurrentState,End,Slider,51,Scenario,1
ID,8,Time,348.1942,DronePosition,-110.239,59.27025,-107.379,0,CameraPosition,-103.1999,1.721021,-107.3033,CameraRotation,346.0468,263.0584,359.7446,CurrentState,End,Slider,51,Scenario,1
ID,8,Time,348.2082,DronePosition,-110.239,59.27025,-107.379,0,CameraPosition,-103.1998,1.721028,-107.3031,CameraRotation,346.032,263.0749,359.7226,CurrentState,End,Slider,51,Scenario,1
ID,8,Time,348.2223,DronePosition,-110.239,59.27025,-107.379,0,CameraPosition,-103.1997,1.721036,-107.3028,CameraRotation,346.0253,263.0803,359.7248,CurrentState,End,Slider,51,Scenario,1
ID,8,Time,348.2361,DronePosition,-110.239,59.27025,-107.379,0,CameraPosition,-103.1996,1.721033,-107.3025,CameraRotation,345.9962,263.0867,359.7056,CurrentState,End,Slider,51,Scenario,1
ID,8,Time,348.2497,DronePosition,-110.239,59.27025,-107.379,0,CameraPosition,-103.1995,1.721036,-107.3023,CameraRotation,345.9811,263.079,359.7039,CurrentState,End,Slider,51,Scenario,1
ID,8,Time,348.2638,DronePosition,-110.239,59.27025,-107.379,0,CameraPosition,-103.1994,1.721062,-107.302,CameraRotation,345.9749,263.0677,359.6871,CurrentState,End,Slider,51,Scenario,1
ID,8,Time,348.2779,DronePosition,-110.239,59.27025,-107.379,0,CameraPosition,-103.1994,1.721084,-107.3018,CameraRotation,345.9638,263.0625,359.6539,CurrentState,End,Slider,51,Scenario,1
ID,8,Time,348.2919,DronePosition,-110.239,59.27025,-107.379,0,CameraPosition,-103.1993,1.721095,-107.3016,CameraRotation,345.9387,263.0711,359.6035,CurrentState,End,Slider,51,Scenario,1
ID,8,Time,348.3057,DronePosition,-110.239,59.27025,-107.379,0,CameraPosition,-103.1992,1.721086,-107.3014,CameraRotation,345.9227,263.0665,359.5714,CurrentState,End,Slider,51,Scenario,1
ID,8,Time,348.3193,DronePosition,-110.239,59.27025,-107.379,0,CameraPosition,-103.1992,1.72108,-107.3011,CameraRotation,345.913,263.0747,359.5718,CurrentState,End,Slider,51,Scenario,1
ID,8,Time,348.3334,DronePosition,-110.239,59.27025,-107.379,0,CameraPosition,-103.1992,1.721071,-107.3009,CameraRotation,345.8979,263.0696,359.5932,CurrentState,End,Slider,51,Scenario,1
ID,8,Time,348.3472,DronePosition,-110.239,59.27025,-107.379,0,CameraPosition,-103.1991,1.721081,-107.3007,CameraRotation,345.8899,263.0708,359.5967,CurrentState,End,Slider,51,Scenario,1
ID,8,Time,348.3613,DronePosition,-110.239,59.27025,-107.379,0,CameraPosition,-103.1991,1.721069,-107.3005,CameraRotation,345.8769,263.0688,359.5826,CurrentState,End,Slider,51,Scenario,1
ID,8,Time,348.3752,DronePosition,-110.239,59.27025,-107.379,0,CameraPosition,-103.1991,1.721047,-107.3003,CameraRotation,345.8815,263.0776,359.5609,CurrentState,End,Slider,51,Scenario,1
ID,8,Time,348.3888,DronePosition,-110.239,59.27025,-107.379,0,CameraPosition,-103.1991,1.721032,-107.3001,CameraRotation,345.8835,263.0836,359.5414,CurrentState,End,Slider,51,Scenario,1
ID,8,Time,348.4029,DronePosition,-110.239,59.27025,-107.379,0,CameraPosition,-103.1991,1.721013,-107.2999,CameraRotation,345.87,263.0832,359.5324,CurrentState,End,Slider,51,Scenario,1
ID,8,Time,348.4168,DronePosition,-110.239,59.27025,-107.379,0,CameraPosition,-103.1991,1.721002,-107.2998,CameraRotation,345.8592,263.0854,359.5159,CurrentState,End,Slider,51,Scenario,1
ID,8,Time,348.4307,DronePosition,-110.239,59.27025,-107.379,0,CameraPosition,-103.1991,1.721,-107.2996,CameraRotation,345.8614,263.0951,359.4889,CurrentState,End,Slider,51,Scenario,1
ID,8,Time,348.4449,DronePosition,-110.239,59.27025,-107.379,0,CameraPosition,-103.199,1.720989,-107.2994,CameraRotation,345.863,263.0965,359.4611,CurrentState,End,Slider,51,Scenario,1
ID,8,Time,348.4591,DronePosition,-110.239,59.27025,-107.379,0,CameraPosition,-103.199,1.720968,-107.2993,CameraRotation,345.8842,263.1158,359.4495,CurrentState,End,Slider,51,Scenario,1
ID,8,Time,348.4729,DronePosition,-110.239,59.27025,-107.379,0,CameraPosition,-103.199,1.720946,-107.2992,CameraRotation,345.9149,263.1263,359.4346,CurrentState,End,Slider,51,Scenario,1
ID,8,Time,348.487,DronePosition,-110.239,59.27025,-107.379,0,CameraPosition,-103.1989,1.720918,-107.2991,CameraRotation,345.9303,263.1487,359.4192,CurrentState,End,Slider,51,Scenario,1
ID,8,Time,348.5004,DronePosition,-110.239,59.27025,-107.379,0,CameraPosition,-103.1989,1.720928,-107.299,CameraRotation,345.9336,263.1627,359.4133,CurrentState,End,Slider,51,Scenario,1
ID,8,Time,348.5144,DronePosition,-110.239,59.27025,-107.379,0,CameraPosition,-103.1989,1.720951,-107.2989,CameraRotation,345.9196,263.1778,359.4049,CurrentState,End,Slider,51,Scenario,1
ID,8,Time,348.5284,DronePosition,-110.239,59.27025,-107.379,0,CameraPosition,-103.1989,1.720986,-107.2988,CameraRotation,345.9011,263.1872,359.3966,CurrentState,End,Slider,51,Scenario,1
ID,8,Time,348.5421,DronePosition,-110.239,59.27025,-107.379,0,CameraPosition,-103.1988,1.72101,-107.2987,CameraRotation,345.8918,263.1995,359.3955,CurrentState,End,Slider,51,Scenario,1
ID,8,Time,348.5561,DronePosition,-110.239,59.27025,-107.379,0,CameraPosition,-103.1987,1.721036,-107.2986,CameraRotation,345.8731,263.2009,359.3989,CurrentState,End,Slider,51,Scenario,1
ID,8,Time,348.5699,DronePosition,-110.239,59.27025,-107.379,0,CameraPosition,-103.1987,1.72105,-107.2986,CameraRotation,345.8479,263.1992,359.388,CurrentState,End,Slider,51,Scenario,1
ID,8,Time,348.584,DronePosition,-110.239,59.27025,-107.379,0,CameraPosition,-103.1986,1.721052,-107.2985,CameraRotation,345.8184,263.1903,359.3734,CurrentState,End,Slider,51,Scenario,1
ID,8,Time,348.5978,DronePosition,-110.239,59.27025,-107.379,0,CameraPosition,-103.1985,1.721051,-107.2985,CameraRotation,345.7953,263.1703,359.3618,CurrentState,End,Slider,51,Scenario,1
ID,8,Time,348.6118,DronePosition,-110.239,59.27025,-107.379,0,CameraPosition,-103.1985,1.721065,-107.2985,CameraRotation,345.7717,263.1423,359.3551,CurrentState,End,Slider,51,Scenario,1
ID,8,Time,348.6257,DronePosition,-110.239,59.27025,-107.379,0,CameraPosition,-103.1984,1.721144,-107.2986,CameraRotation,345.7417,263.1121,359.3472,CurrentState,End,Slider,51,Scenario,1
ID,8,Time,348.6399,DronePosition,-110.239,59.27025,-107.379,0,CameraPosition,-103.1983,1.721239,-107.2986,CameraRotation,345.6662,263.0809,359.3596,CurrentState,End,Slider,51,Scenario,1
ID,8,Time,348.6538,DronePosition,-110.239,59.27025,-107.379,0,CameraPosition,-103.1982,1.721325,-107.2986,CameraRotation,345.602,263.0329,359.3955,CurrentState,End,Slider,51,Scenario,1
ID,8,Time,348.6677,DronePosition,-110.239,59.27025,-107.379,0,CameraPosition,-103.1981,1.72138,-107.2987,CameraRotation,345.5525,262.9889,359.4318,CurrentState,End,Slider,51,Scenario,1
ID,8,Time,348.6813,DronePosition,-110.239,59.27025,-107.379,0,CameraPosition,-103.198,1.721449,-107.2987,CameraRotation,345.5352,262.9486,359.4402,CurrentState,End,Slider,51,Scenario,1
ID,8,Time,348.6958,DronePosition,-110.239,59.27025,-107.379,0,CameraPosition,-103.1979,1.721536,-107.2987,CameraRotation,345.4879,262.9214,359.4097,CurrentState,End,Slider,51,Scenario,1
ID,8,Time,348.7097,DronePosition,-110.239,59.27025,-107.379,0,CameraPosition,-103.1978,1.721588,-107.2988,CameraRotation,345.411,262.9026,359.3638,CurrentState,End,Slider,51,Scenario,1
ID,8,Time,348.7233,DronePosition,-110.239,59.27025,-107.379,0,CameraPosition,-103.1976,1.721666,-107.2988,CameraRotation,345.3168,262.8823,359.3449,CurrentState,End,Slider,51,Scenario,1
ID,8,Time,348.7374,DronePosition,-110.239,59.27025,-107.379,0,CameraPosition,-103.1975,1.721798,-107.2989,CameraRotation,345.235,262.8548,359.3523,CurrentState,End,Slider,51,Scenario,1
ID,8,Time,348.7511,DronePosition,-110.239,59.27025,-107.379,0,CameraPosition,-103.1974,1.721923,-107.2989,CameraRotation,345.1413,262.8241,359.3569,CurrentState,End,Slider,51,Scenario,1
ID,8,Time,348.7651,DronePosition,-110.239,59.27025,-107.379,0,CameraPosition,-103.1972,1.722039,-107.2989,CameraRotation,345.0662,262.7967,359.3414,CurrentState,End,Slider,51,Scenario,1
ID,8,Time,348.7788,DronePosition,-110.239,59.27025,-107.379,0,CameraPosition,-103.197,1.722134,-107.299,CameraRotation,344.9794,262.7692,359.3237,CurrentState,End,Slider,51,Scenario,1
ID,8,Time,348.7929,DronePosition,-110.239,59.27025,-107.379,0,CameraPosition,-103.1968,1.722203,-107.299,CameraRotation,344.8861,262.7191,359.294,CurrentState,End,Slider,51,Scenario,1
ID,8,Time,348.8067,DronePosition,-110.239,59.27025,-107.379,0,CameraPosition,-103.1966,1.722295,-107.2991,CameraRotation,344.7788,262.6694,359.2512,CurrentState,End,Slider,51,Scenario,1
ID,8,Time,348.8207,DronePosition,-110.239,59.27025,-107.379,0,CameraPosition,-103.1963,1.722456,-107.2991,CameraRotation,344.6638,262.6219,359.2078,CurrentState,End,Slider,51,Scenario,1
ID,8,Time,348.8345,DronePosition,-110.239,59.27025,-107.379,0,CameraPosition,-103.1961,1.722642,-107.2991,CameraRotation,344.5163,262.5687,359.1492,CurrentState,End,Slider,51,Scenario,1
ID,8,Time,348.8484,DronePosition,-110.239,59.27025,-107.379,0,CameraPosition,-103.1958,1.722852,-107.2991,CameraRotation,344.3634,262.5344,359.0839,CurrentState,End,Slider,51,Scenario,1
ID,8,Time,348.8628,DronePosition,-110.239,59.27025,-107.379,0,CameraPosition,-103.1955,1.723109,-107.2991,CameraRotation,344.1883,262.4913,359.0313,CurrentState,End,Slider,51,Scenario,1
ID,8,Time,348.8765,DronePosition,-110.239,59.27025,-107.379,0,CameraPosition,-103.1951,1.723489,-107.2991,CameraRotation,344.0049,262.4655,358.9798,CurrentState,End,Slider,51,Scenario,1
ID,8,Time,348.8902,DronePosition,-110.239,59.27025,-107.379,0,CameraPosition,-103.1948,1.723905,-107.2991,CameraRotation,343.7639,262.4408,358.9407,CurrentState,End,Slider,51,Scenario,1
ID,8,Time,348.9047,DronePosition,-110.239,59.27025,-107.379,0,CameraPosition,-103.1945,1.724352,-107.2991,CameraRotation,343.5025,262.4113,358.9088,CurrentState,End,Slider,51,Scenario,1
ID,8,Time,348.9185,DronePosition,-110.239,59.27025,-107.379,0,CameraPosition,-103.1941,1.724807,-107.2992,CameraRotation,343.2337,262.3822,358.8768,CurrentState,End,Slider,51,Scenario,1
ID,8,Time,348.932,DronePosition,-110.239,59.27025,-107.379,0,CameraPosition,-103.1937,1.725241,-107.2992,CameraRotation,343.0005,262.3306,358.8759,CurrentState,End,Slider,51,Scenario,1
ID,8,Time,348.9461,DronePosition,-110.239,59.27025,-107.379,0,CameraPosition,-103.1933,1.725582,-107.2993,CameraRotation,342.787,262.2791,358.8804,CurrentState,End,Slider,51,Scenario,1
ID,8,Time,348.96,DronePosition,-110.239,59.27025,-107.379,0,CameraPosition,-103.1929,1.72583,-107.2994,CameraRotation,342.5875,262.1971,358.912,CurrentState,End,Slider,51,Scenario,1
ID,8,Time,348.9737,DronePosition,-110.239,59.27025,-107.379,0,CameraPosition,-103.1925,1.72605,-107.2995,CameraRotation,342.4171,262.1163,358.9343,CurrentState,End,Slider,51,Scenario,1
ID,8,Time,348.988,DronePosition,-110.239,59.27025,-107.379,0,CameraPosition,-103.1921,1.726265,-107.2996,CameraRotation,342.2564,262.0322,358.9488,CurrentState,End,Slider,51,Scenario,1
ID,8,Time,349.0017,DronePosition,-110.239,59.27025,-107.379,0,CameraPosition,-103.1917,1.726446,-107.2997,CameraRotation,342.09,261.9494,358.9576,CurrentState,End,Slider,51,Scenario,1
ID,8,Time,349.0155,DronePosition,-110.239,59.27025,-107.379,0,CameraPosition,-103.1912,1.726608,-107.2998,CameraRotation,341.9572,261.8607,358.9727,CurrentState,End,Slider,51,Scenario,1
ID,8,Time,349.0293,DronePosition,-110.239,59.27025,-107.379,0,CameraPosition,-103.1908,1.726751,-107.2998,CameraRotation,341.8325,261.7746,358.9962,CurrentState,End,Slider,51,Scenario,1
ID,8,Time,349.0435,DronePosition,-110.239,59.27025,-107.379,0,CameraPosition,-103.1904,1.726851,-107.2998,CameraRotation,341.7281,261.6998,359.0258,CurrentState,End,Slider,51,Scenario,1
ID,8,Time,349.0576,DronePosition,-110.239,59.27025,-107.379,0,CameraPosition,-103.1901,1.72702,-107.2998,CameraRotation,341.6308,261.6355,359.0274,CurrentState,End,Slider,51,Scenario,1
ID,8,Time,349.0713,DronePosition,-110.239,59.27025,-107.379,0,CameraPosition,-103.1898,1.727236,-107.2999,CameraRotation,341.5182,261.6085,359.0146,CurrentState,End,Slider,51,Scenario,1
ID,8,Time,349.0853,DronePosition,-110.239,59.27025,-107.379,0,CameraPosition,-103.1895,1.727472,-107.2999,CameraRotation,341.3948,261.5798,358.9993,CurrentState,End,Slider,51,Scenario,1
ID,8,Time,349.0991,DronePosition,-110.239,59.27025,-107.379,0,CameraPosition,-103.1893,1.727698,-107.2999,CameraRotation,341.2686,261.5629,358.9984,CurrentState,End,Slider,51,Scenario,1
ID,8,Time,349.1135,DronePosition,-110.239,59.27025,-107.379,0,CameraPosition,-103.189,1.727883,-107.2999,CameraRotation,341.1516,261.5364,359.012,CurrentState,End,Slider,51,Scenario,1
ID,8,Time,349.1271,DronePosition,-110.239,59.27025,-107.379,0,CameraPosition,-103.1888,1.728004,-107.2999,CameraRotation,341.0742,261.5328,359.0408,CurrentState,End,Slider,51,Scenario,1
ID,8,Time,349.1411,DronePosition,-110.239,59.27025,-107.379,0,CameraPosition,-103.1887,1.728082,-107.2998,CameraRotation,341.0422,261.5521,359.0459,CurrentState,End,Slider,51,Scenario,1
ID,8,Time,349.1547,DronePosition,-110.239,59.27025,-107.379,0,CameraPosition,-103.1885,1.728158,-107.2998,CameraRotation,341.0089,261.5739,359.0387,CurrentState,End,Slider,51,Scenario,1
ID,8,Time,349.1688,DronePosition,-110.239,59.27025,-107.379,0,CameraPosition,-103.1884,1.728202,-107.2997,CameraRotation,340.9923,261.6092,359.0234,CurrentState,End,Slider,51,Scenario,1
ID,8,Time,349.1828,DronePosition,-110.239,59.27025,-107.379,0,CameraPosition,-103.1884,1.728166,-107.2997,CameraRotation,340.9589,261.6245,359.0336,CurrentState,End,Slider,51,Scenario,1
ID,8,Time,349.1967,DronePosition,-110.239,59.27025,-107.379,0,CameraPosition,-103.1883,1.728134,-107.2996,CameraRotation,340.9485,261.6195,359.047,CurrentState,End,Slider,51,Scenario,1
ID,8,Time,349.2104,DronePosition,-110.239,59.27025,-107.379,0,CameraPosition,-103.1882,1.728029,-107.2996,CameraRotation,340.9487,261.6095,359.0758,CurrentState,End,Slider,51,Scenario,1
ID,8,Time,349.2246,DronePosition,-110.239,59.27025,-107.379,0,CameraPosition,-103.1882,1.727957,-107.2995,CameraRotation,340.9699,261.6043,359.0667,CurrentState,End,Slider,51,Scenario,1
ID,8,Time,349.2384,DronePosition,-110.239,59.27025,-107.379,0,CameraPosition,-103.1882,1.727915,-107.2995,CameraRotation,340.9916,261.5984,359.0526,CurrentState,End,Slider,51,Scenario,1
ID,8,Time,349.2522,DronePosition,-110.239,59.27025,-107.379,0,CameraPosition,-103.1882,1.727873,-107.2994,CameraRotation,341.0282,261.6,359.0199,CurrentState,End,Slider,51,Scenario,1
ID,8,Time,349.2663,DronePosition,-110.239,59.27025,-107.379,0,CameraPosition,-103.1882,1.727761,-107.2994,CameraRotation,341.0594,261.605,359.0189,CurrentState,End,Slider,51,Scenario,1
ID,8,Time,349.2799,DronePosition,-110.239,59.27025,-107.379,0,CameraPosition,-103.1882,1.727643,-107.2993,CameraRotation,341.1135,261.6197,359.0289,CurrentState,End,Slider,51,Scenario,1
ID,8,Time,349.2942,DronePosition,-110.239,59.27025,-107.379,0,CameraPosition,-103.1882,1.727531,-107.2992,CameraRotation,341.1886,261.66,359.0235,CurrentState,End,Slider,51,Scenario,1
ID,8,Time,349.308,DronePosition,-110.239,59.27025,-107.379,0,CameraPosition,-103.1883,1.727472,-107.2991,CameraRotation,341.2501,261.7333,358.9722,CurrentState,End,Slider,51,Scenario,1
ID,8,Time,349.3223,DronePosition,-110.239,59.27025,-107.379,0,CameraPosition,-103.1883,1.727457,-107.299,CameraRotation,341.2971,261.818,358.9388,CurrentState,End,Slider,51,Scenario,1
ID,8,Time,349.3362,DronePosition,-110.239,59.27025,-107.379,0,CameraPosition,-103.1883,1.727461,-107.2988,CameraRotation,341.3183,261.9227,358.9505,CurrentState,End,Slider,51,Scenario,1
ID,8,Time,349.35,DronePosition,-110.239,59.27025,-107.379,0,CameraPosition,-103.1884,1.727461,-107.2986,CameraRotation,341.3334,262.0309,358.991,CurrentState,End,Slider,51,Scenario,1
ID,8,Time,349.3635,DronePosition,-110.239,59.27025,-107.379,0,CameraPosition,-103.1884,1.72741,-107.2984,CameraRotation,341.3607,262.1561,359.0024,CurrentState,End,Slider,51,Scenario,1
ID,8,Time,349.3779,DronePosition,-110.239,59.27025,-107.379,0,CameraPosition,-103.1884,1.727337,-107.2982,CameraRotation,341.4245,262.305,358.9952,CurrentState,End,Slider,51,Scenario,1
ID,8,Time,349.3914,DronePosition,-110.239,59.27025,-107.379,0,CameraPosition,-103.1885,1.727232,-107.2981,CameraRotation,341.4849,262.4567,359.0191,CurrentState,End,Slider,51,Scenario,1
ID,8,Time,349.4056,DronePosition,-110.239,59.27025,-107.379,0,CameraPosition,-103.1885,1.727152,-107.2979,CameraRotation,341.5497,262.6083,359.0574,CurrentState,End,Slider,51,Scenario,1
ID,8,Time,349.4193,DronePosition,-110.239,59.27025,-107.379,0,CameraPosition,-103.1885,1.727086,-107.2977,CameraRotation,341.5869,262.7726,359.12,CurrentState,End,Slider,51,Scenario,1
ID,8,Time,349.4331,DronePosition,-110.239,59.27025,-107.379,0,CameraPosition,-103.1885,1.727013,-107.2976,CameraRotation,341.5921,262.9323,359.1684,CurrentState,End,Slider,51,Scenario,1
ID,8,Time,349.4473,DronePosition,-110.239,59.27025,-107.379,0,CameraPosition,-103.1885,1.726969,-107.2974,CameraRotation,341.6098,263.0891,359.2077,CurrentState,End,Slider,51,Scenario,1
ID,8,Time,349.461,DronePosition,-110.239,59.27025,-107.379,0,CameraPosition,-103.1886,1.726944,-107.2972,CameraRotation,341.613,263.2726,359.2095,CurrentState,End,Slider,51,Scenario,1
ID,8,Time,349.4752,DronePosition,-110.239,59.27025,-107.379,0,CameraPosition,-103.1886,1.726917,-107.2971,CameraRotation,341.6348,263.456,359.2056,CurrentState,End,Slider,51,Scenario,1
ID,8,Time,349.4913,DronePosition,-110.239,59.27025,-107.379,0,CameraPosition,-103.1887,1.72692,-107.2969,CameraRotation,341.6642,263.6714,359.177,CurrentState,End,Slider,51,Scenario,1
ID,8,Time,349.503,DronePosition,-110.239,59.27025,-107.379,0,CameraPosition,-103.1887,1.72694,-107.2966,CameraRotation,341.6718,263.9043,359.1548,CurrentState,End,Slider,51,Scenario,1
ID,8,Time,349.5169,DronePosition,-110.239,59.27025,-107.379,0,CameraPosition,-103.1888,1.726967,-107.2964,CameraRotation,341.6797,264.1492,359.1243,CurrentState,End,Slider,51,Scenario,1
ID,8,Time,349.5311,DronePosition,-110.239,59.27025,-107.379,0,CameraPosition,-103.1889,1.727,-107.2962,CameraRotation,341.6862,264.4263,359.0892,CurrentState,End,Slider,51,Scenario,1
ID,8,Time,349.5446,DronePosition,-110.239,59.27025,-107.379,0,CameraPosition,-103.1889,1.727026,-107.296,CameraRotation,341.6987,264.719,359.0662,CurrentState,End,Slider,51,Scenario,1
ID,8,Time,349.559,DronePosition,-110.239,59.27025,-107.379,0,CameraPosition,-103.189,1.72705,-107.2958,CameraRotation,341.7134,265.0165,359.0651,CurrentState,End,Slider,51,Scenario,1
ID,8,Time,349.5727,DronePosition,-110.239,59.27025,-107.379,0,CameraPosition,-103.1891,1.727076,-107.2956,CameraRotation,341.7364,265.3193,359.092,CurrentState,End,Slider,51,Scenario,1
ID,8,Time,349.5869,DronePosition,-110.239,59.27025,-107.379,0,CameraPosition,-103.1891,1.72708,-107.2954,CameraRotation,341.7665,265.6358,359.1211,CurrentState,End,Slider,51,Scenario,1
ID,8,Time,349.6005,DronePosition,-110.239,59.27025,-107.379,0,CameraPosition,-103.1891,1.727068,-107.2952,CameraRotation,341.8072,265.9677,359.1407,CurrentState,End,Slider,51,Scenario,1
ID,8,Time,349.6143,DronePosition,-110.239,59.27025,-107.379,0,CameraPosition,-103.1892,1.72702,-107.2951,CameraRotation,341.8605,266.3088,359.1581,CurrentState,End,Slider,51,Scenario,1
ID,8,Time,349.6283,DronePosition,-110.239,59.27025,-107.379,0,CameraPosition,-103.1892,1.726979,-107.2949,CameraRotation,341.9136,266.6504,359.1853,CurrentState,End,Slider,51,Scenario,1
ID,8,Time,349.6424,DronePosition,-110.239,59.27025,-107.379,0,CameraPosition,-103.1893,1.726947,-107.2947,CameraRotation,341.9579,267.003,359.21,CurrentState,End,Slider,51,Scenario,1
ID,8,Time,349.6563,DronePosition,-110.239,59.27025,-107.379,0,CameraPosition,-103.1894,1.726913,-107.2946,CameraRotation,341.9922,267.3606,359.25,CurrentState,End,Slider,51,Scenario,1
ID,8,Time,349.6704,DronePosition,-110.239,59.27025,-107.379,0,CameraPosition,-103.1894,1.726883,-107.2944,CameraRotation,342.0258,267.7205,359.2708,CurrentState,End,Slider,51,Scenario,1
ID,8,Time,349.6841,DronePosition,-110.239,59.27025,-107.379,0,CameraPosition,-103.1895,1.726851,-107.2943,CameraRotation,342.058,268.0805,359.286,CurrentState,End,Slider,51,Scenario,1
ID,8,Time,349.698,DronePosition,-110.239,59.27025,-107.379,0,CameraPosition,-103.1896,1.726825,-107.2941,CameraRotation,342.0784,268.4458,359.2873,CurrentState,End,Slider,51,Scenario,1
ID,8,Time,349.712,DronePosition,-110.239,59.27025,-107.379,0,CameraPosition,-103.1896,1.726813,-107.294,CameraRotation,342.1152,268.8198,359.2774,CurrentState,End,Slider,51,Scenario,1
ID,8,Time,349.726,DronePosition,-110.239,59.27025,-107.379,0,CameraPosition,-103.1896,1.726796,-107.2938,CameraRotation,342.1455,269.1951,359.245,CurrentState,End,Slider,51,Scenario,1
ID,8,Time,349.7401,DronePosition,-110.239,59.27025,-107.379,0,CameraPosition,-103.1897,1.72677,-107.2937,CameraRotation,342.2042,269.5607,359.2185,CurrentState,End,Slider,51,Scenario,1
ID,8,Time,349.754,DronePosition,-110.239,59.27025,-107.379,0,CameraPosition,-103.1897,1.726712,-107.2936,CameraRotation,342.256,269.9259,359.2009,CurrentState,End,Slider,51,Scenario,1
ID,8,Time,349.7676,DronePosition,-110.239,59.27025,-107.379,0,CameraPosition,-103.1897,1.726647,-107.2935,CameraRotation,342.3121,270.2983,359.2062,CurrentState,End,Slider,51,Scenario,1
ID,8,Time,349.7816,DronePosition,-110.239,59.27025,-107.379,0,CameraPosition,-103.1897,1.726571,-107.2934,CameraRotation,342.3682,270.6725,359.2179,CurrentState,End,Slider,51,Scenario,1
ID,8,Time,349.7956,DronePosition,-110.239,59.27025,-107.379,0,CameraPosition,-103.1896,1.726517,-107.2932,CameraRotation,342.4172,271.0493,359.2392,CurrentState,End,Slider,51,Scenario,1
ID,8,Time,349.8094,DronePosition,-110.239,59.27025,-107.379,0,CameraPosition,-103.1896,1.726492,-107.2931,CameraRotation,342.4532,271.433,359.2605,CurrentState,End,Slider,51,Scenario,1
ID,8,Time,349.8236,DronePosition,-110.239,59.27025,-107.379,0,CameraPosition,-103.1896,1.726467,-107.293,CameraRotation,342.479,271.8311,359.2834,CurrentState,End,Slider,51,Scenario,1
ID,8,Time,349.8374,DronePosition,-110.239,59.27025,-107.379,0,CameraPosition,-103.1895,1.726459,-107.2928,CameraRotation,342.5349,272.2232,359.3182,CurrentState,End,Slider,51,Scenario,1
ID,8,Time,349.8531,DronePosition,-110.239,59.27025,-107.379,0,CameraPosition,-103.1894,1.726464,-107.2927,CameraRotation,342.5997,272.6237,359.3312,CurrentState,End,Slider,51,Scenario,1
ID,8,Time,349.8653,DronePosition,-110.239,59.27025,-107.379,0,CameraPosition,-103.1893,1.726463,-107.2926,CameraRotation,342.6475,273.0244,359.3625,CurrentState,End,Slider,51,Scenario,1
ID,8,Time,349.8789,DronePosition,-110.239,59.27025,-107.379,0,CameraPosition,-103.1892,1.726481,-107.2925,CameraRotation,342.6657,273.4194,359.4099,CurrentState,End,Slider,51,Scenario,1
ID,8,Time,349.8932,DronePosition,-110.239,59.27025,-107.379,0,CameraPosition,-103.1891,1.726496,-107.2923,CameraRotation,342.6758,273.8092,359.4623,CurrentState,End,Slider,51,Scenario,1
ID,8,Time,349.907,DronePosition,-110.239,59.27025,-107.379,0,CameraPosition,-103.1889,1.726534,-107.2922,CameraRotation,342.6842,274.1964,359.4846,CurrentState,End,Slider,51,Scenario,1
ID,8,Time,349.9207,DronePosition,-110.239,59.27025,-107.379,0,CameraPosition,-103.1888,1.726582,-107.2921,CameraRotation,342.7103,274.5876,359.471,CurrentState,End,Slider,51,Scenario,1
ID,8,Time,349.9348,DronePosition,-110.239,59.27025,-107.379,0,CameraPosition,-103.1886,1.726619,-107.292,CameraRotation,342.7419,274.9747,359.4593,CurrentState,End,Slider,51,Scenario,1
ID,8,Time,349.9489,DronePosition,-110.239,59.27025,-107.379,0,CameraPosition,-103.1884,1.72665,-107.2919,CameraRotation,342.7475,275.3524,359.4756,CurrentState,End,Slider,51,Scenario,1
ID,8,Time,349.9626,DronePosition,-110.239,59.27025,-107.379,0,CameraPosition,-103.1882,1.726689,-107.2918,CameraRotation,342.7517,275.708,359.5235,CurrentState,End,Slider,51,Scenario,1
ID,8,Time,349.9766,DronePosition,-110.239,59.27025,-107.379,0,CameraPosition,-103.188,1.726714,-107.2917,CameraRotation,342.7647,276.0597,359.5643,CurrentState,End,Slider,51,Scenario,1
ID,8,Time,349.9904,DronePosition,-110.239,59.27025,-107.379,0,CameraPosition,-103.1878,1.726701,-107.2915,CameraRotation,342.7762,276.4009,359.6007,CurrentState,End,Slider,51,Scenario,1
ID,8,Time,350.0043,DronePosition,-110.239,59.27025,-107.379,0,CameraPosition,-103.1875,1.726665,-107.2914,CameraRotation,342.7806,276.7437,359.64,CurrentState,End,Slider,51,Scenario,1
ID,8,Time,350.0184,DronePosition,-110.239,59.27025,-107.379,0,CameraPosition,-103.1872,1.726622,-107.2912,CameraRotation,342.7936,277.0853,359.6534,CurrentState,End,Slider,51,Scenario,1
ID,8,Time,350.0323,DronePosition,-110.239,59.27025,-107.379,0,CameraPosition,-103.1869,1.726567,-107.2911,CameraRotation,342.8041,277.4305,359.6519,CurrentState,End,Slider,51,Scenario,1
ID,8,Time,350.0461,DronePosition,-110.239,59.27025,-107.379,0,CameraPosition,-103.1866,1.726519,-107.2909,CameraRotation,342.828,277.7646,359.6498,CurrentState,End,Slider,51,Scenario,1
ID,8,Time,350.0601,DronePosition,-110.239,59.27025,-107.379,0,CameraPosition,-103.1862,1.726485,-107.2907,CameraRotation,342.8403,278.0991,359.6433,CurrentState,End,Slider,51,Scenario,1
ID,8,Time,350.0738,DronePosition,-110.239,59.27025,-107.379,0,CameraPosition,-103.1859,1.726486,-107.2905,CameraRotation,342.8365,278.4376,359.612,CurrentState,End,Slider,51,Scenario,1
ID,8,Time,350.088,DronePosition,-110.239,59.27025,-107.379,0,CameraPosition,-103.1855,1.726521,-107.2903,CameraRotation,342.8221,278.774,359.5766,CurrentState,End,Slider,51,Scenario,1
ID,8,Time,350.1018,DronePosition,-110.239,59.27025,-107.379,0,CameraPosition,-103.1851,1.726581,-107.29,CameraRotation,342.7849,279.0864,359.5185,CurrentState,End,Slider,51,Scenario,1
ID,8,Time,350.1156,DronePosition,-110.239,59.27025,-107.379,0,CameraPosition,-103.1848,1.726618,-107.2898,CameraRotation,342.7414,279.4117,359.4249,CurrentState,End,Slider,51,Scenario,1
ID,8,Time,350.1296,DronePosition,-110.239,59.27025,-107.379,0,CameraPosition,-103.1843,1.726637,-107.2896,CameraRotation,342.7224,279.7156,359.3038,CurrentState,End,Slider,51,Scenario,1
ID,8,Time,350.1436,DronePosition,-110.239,59.27025,-107.379,0,CameraPosition,-103.1839,1.726635,-107.2893,CameraRotation,342.7137,280.0157,359.1734,CurrentState,End,Slider,51,Scenario,1
ID,8,Time,350.1581,DronePosition,-110.239,59.27025,-107.379,0,CameraPosition,-103.1835,1.726636,-107.2891,CameraRotation,342.7013,280.2927,359.0696,CurrentState,End,Slider,51,Scenario,1
ID,8,Time,350.1718,DronePosition,-110.239,59.27025,-107.379,0,CameraPosition,-103.1831,1.726634,-107.2888,CameraRotation,342.6629,280.5445,359.019,CurrentState,End,Slider,51,Scenario,1
ID,8,Time,350.1855,DronePosition,-110.239,59.27025,-107.379,0,CameraPosition,-103.1827,1.726661,-107.2886,CameraRotation,342.6115,280.761,358.959,CurrentState,End,Slider,51,Scenario,1
ID,8,Time,350.1993,DronePosition,-110.239,59.27025,-107.379,0,CameraPosition,-103.1824,1.726685,-107.2884,CameraRotation,342.5727,280.954,358.8786,CurrentState,End,Slider,51,Scenario,1
ID,8,Time,350.2133,DronePosition,-110.239,59.27025,-107.379,0,CameraPosition,-103.182,1.726704,-107.2882,CameraRotation,342.5481,281.15,358.7827,CurrentState,End,Slider,51,Scenario,1
ID,8,Time,350.227,DronePosition,-110.239,59.27025,-107.379,0,CameraPosition,-103.1816,1.726688,-107.2881,CameraRotation,342.5314,281.3101,358.6708,CurrentState,End,Slider,51,Scenario,1
ID,8,Time,350.241,DronePosition,-110.239,59.27025,-107.379,0,CameraPosition,-103.1813,1.726639,-107.2881,CameraRotation,342.4946,281.4615,358.5738,CurrentState,End,Slider,51,Scenario,1
ID,8,Time,350.2552,DronePosition,-110.239,59.27025,-107.379,0,CameraPosition,-103.1809,1.726598,-107.288,CameraRotation,342.466,281.5935,358.5146,CurrentState,End,Slider,51,Scenario,1
ID,8,Time,350.2689,DronePosition,-110.239,59.27025,-107.379,0,CameraPosition,-103.1807,1.72654,-107.2879,CameraRotation,342.4485,281.6879,358.4675,CurrentState,End,Slider,51,Scenario,1
ID,8,Time,350.2827,DronePosition,-110.239,59.27025,-107.379,0,CameraPosition,-103.1804,1.72648,-107.2878,CameraRotation,342.4517,281.7606,358.4291,CurrentState,End,Slider,51,Scenario,1
ID,8,Time,350.2972,DronePosition,-110.239,59.27025,-107.379,0,CameraPosition,-103.1801,1.726441,-107.2877,CameraRotation,342.4617,281.8283,358.3831,CurrentState,End,Slider,51,Scenario,1
ID,8,Time,350.311,DronePosition,-110.239,59.27025,-107.379,0,CameraPosition,-103.1799,1.726398,-107.2876,CameraRotation,342.4562,281.8716,358.3401,CurrentState,End,Slider,51,Scenario,1
ID,8,Time,350.3247,DronePosition,-110.239,59.27025,-107.379,0,CameraPosition,-103.1798,1.726391,-107.2875,CameraRotation,342.4559,281.897,358.286,CurrentState,End,Slider,51,Scenario,1
ID,8,Time,350.3388,DronePosition,-110.239,59.27025,-107.379,0,CameraPosition,-103.1796,1.726393,-107.2874,CameraRotation,342.4464,281.9129,358.2446,CurrentState,End,Slider,51,Scenario,1
ID,8,Time,350.3528,DronePosition,-110.239,59.27025,-107.379,0,CameraPosition,-103.1794,1.726385,-107.2874,CameraRotation,342.436,281.9006,358.2271,CurrentState,End,Slider,51,Scenario,1
ID,8,Time,350.3667,DronePosition,-110.239,59.27025,-107.379,0,CameraPosition,-103.1793,1.726352,-107.2874,CameraRotation,342.4365,281.8749,358.2102,CurrentState,End,Slider,51,Scenario,1
ID,8,Time,350.3805,DronePosition,-110.239,59.27025,-107.379,0,CameraPosition,-103.1791,1.726276,-107.2874,CameraRotation,342.4673,281.8064,358.2151,CurrentState,End,Slider,51,Scenario,1
ID,8,Time,350.3945,DronePosition,-110.239,59.27025,-107.379,0,CameraPosition,-103.1789,1.726181,-107.2876,CameraRotation,342.4963,281.7311,358.21,CurrentState,End,Slider,51,Scenario,1
ID,8,Time,350.408,DronePosition,-110.239,59.27025,-107.379,0,CameraPosition,-103.1788,1.726116,-107.2877,CameraRotation,342.5166,281.6407,358.2229,CurrentState,End,Slider,51,Scenario,1
ID,8,Time,350.4224,DronePosition,-110.239,59.27025,-107.379,0,CameraPosition,-103.1787,1.7261,-107.2878,CameraRotation,342.4865,281.5215,358.2415,CurrentState,End,Slider,51,Scenario,1
ID,8,Time,350.4359,DronePosition,-110.239,59.27025,-107.379,0,CameraPosition,-103.1787,1.72611,-107.2879,CameraRotation,342.4686,281.3835,358.2469,CurrentState,End,Slider,51,Scenario,1
ID,8,Time,350.45,DronePosition,-110.239,59.27025,-107.379,0,CameraPosition,-103.1786,1.726126,-107.288,CameraRotation,342.4518,281.2415,358.2339,CurrentState,End,Slider,51,Scenario,1
ID,8,Time,350.4638,DronePosition,-110.239,59.27025,-107.379,0,CameraPosition,-103.1786,1.726192,-107.2882,CameraRotation,342.455,281.0662,358.205,CurrentState,End,Slider,51,Scenario,1
ID,8,Time,350.4779,DronePosition,-110.239,59.27025,-107.379,0,CameraPosition,-103.1786,1.72625,-107.2883,CameraRotation,342.431,280.8755,358.2179,CurrentState,End,Slider,51,Scenario,1
ID,8,Time,350.4916,DronePosition,-110.239,59.27025,-107.379,0,CameraPosition,-103.1786,1.726282,-107.2884,CameraRotation,342.3935,280.6678,358.2771,CurrentState,End,Slider,51,Scenario,1
ID,8,Time,350.5055,DronePosition,-110.239,59.27025,-107.379,0,CameraPosition,-103.1786,1.726295,-107.2886,CameraRotation,342.3874,280.4321,358.3661,CurrentState,End,Slider,51,Scenario,1
ID,8,Time,350.5194,DronePosition,-110.239,59.27025,-107.379,0,CameraPosition,-103.1786,1.726288,-107.2888,CameraRotation,342.4021,280.201,358.3887,CurrentState,End,Slider,51,Scenario,1
ID,8,Time,350.5333,DronePosition,-110.239,59.27025,-107.379,0,CameraPosition,-103.1787,1.726285,-107.2891,CameraRotation,342.4066,279.9929,358.3635,CurrentState,End,Slider,51,Scenario,1
ID,8,Time,350.5472,DronePosition,-110.239,59.27025,-107.379,0,CameraPosition,-103.1787,1.72628,-107.2893,CameraRotation,342.4109,279.767,358.3528,CurrentState,End,Slider,51,Scenario,1
ID,8,Time,350.5613,DronePosition,-110.239,59.27025,-107.379,0,CameraPosition,-103.1788,1.726276,-107.2896,CameraRotation,342.4193,279.5357,358.4031,CurrentState,End,Slider,51,Scenario,1
ID,8,Time,350.5756,DronePosition,-110.239,59.27025,-107.379,0,CameraPosition,-103.1789,1.726293,-107.2899,CameraRotation,342.4267,279.2874,358.4684,CurrentState,End,Slider,51,Scenario,1
ID,8,Time,350.5894,DronePosition,-110.239,59.27025,-107.379,0,CameraPosition,-103.179,1.72637,-107.2902,CameraRotation,342.4176,279.0113,358.5489,CurrentState,End,Slider,51,Scenario,1
ID,8,Time,350.6031,DronePosition,-110.239,59.27025,-107.379,0,CameraPosition,-103.1791,1.72648,-107.2906,CameraRotation,342.3916,278.7085,358.6264,CurrentState,End,Slider,51,Scenario,1
ID,8,Time,350.6168,DronePosition,-110.239,59.27025,-107.379,0,CameraPosition,-103.1793,1.726589,-107.291,CameraRotation,342.3626,278.3619,358.713,CurrentState,End,Slider,51,Scenario,1
ID,8,Time,350.6308,DronePosition,-110.239,59.27025,-107.379,0,CameraPosition,-103.1795,1.72668,-107.2915,CameraRotation,342.3271,277.9366,358.7789,CurrentState,End,Slider,51,Scenario,1
ID,8,Time,350.6449,DronePosition,-110.239,59.27025,-107.379,0,CameraPosition,-103.1797,1.726807,-107.2921,CameraRotation,342.3515,277.4583,358.8412,CurrentState,End,Slider,51,Scenario,1
ID,8,Time,350.6587,DronePosition,-110.239,59.27025,-107.379,0,CameraPosition,-103.1798,1.727008,-107.2926,CameraRotation,342.4137,276.9545,358.8912,CurrentState,End,Slider,51,Scenario,1
ID,8,Time,350.6725,DronePosition,-110.239,59.27025,-107.379,0,CameraPosition,-103.18,1.727197,-107.2933,CameraRotation,342.4912,276.3575,358.9377,CurrentState,End,Slider,51,Scenario,1
ID,8,Time,350.6864,DronePosition,-110.239,59.27025,-107.379,0,CameraPosition,-103.1802,1.727233,-107.2941,CameraRotation,342.5646,275.7295,358.9518,CurrentState,End,Slider,51,Scenario,1
ID,8,Time,350.7009,DronePosition,-110.239,59.27025,-107.379,0,CameraPosition,-103.1804,1.727137,-107.2949,CameraRotation,342.703,275.0614,358.9611,CurrentState,End,Slider,51,Scenario,1
ID,8,Time,350.7143,DronePosition,-110.239,59.27025,-107.379,0,CameraPosition,-103.1805,1.726909,-107.2958,CameraRotation,342.8709,274.3537,358.9647,CurrentState,End,Slider,51,Scenario,1
ID,8,Time,350.7281,DronePosition,-110.239,59.27025,-107.379,0,CameraPosition,-103.1807,1.726788,-107.2968,CameraRotation,343.0231,273.6542,358.9609,CurrentState,End,Slider,51,Scenario,1
ID,8,Time,350.7423,DronePosition,-110.239,59.27025,-107.379,0,CameraPosition,-103.1809,1.726828,-107.2977,CameraRotation,343.1031,272.9472,358.9524,CurrentState,End,Slider,51,Scenario,1
ID,8,Time,350.756,DronePosition,-110.239,59.27025,-107.379,0,CameraPosition,-103.181,1.726985,-107.2986,CameraRotation,343.1268,272.2445,358.9651,CurrentState,End,Slider,51,Scenario,1
ID,8,Time,350.7698,DronePosition,-110.239,59.27025,-107.379,0,CameraPosition,-103.1812,1.727199,-107.2996,CameraRotation,343.0609,271.5323,359.0054,CurrentState,End,Slider,51,Scenario,1
ID,8,Time,350.7841,DronePosition,-110.239,59.27025,-107.379,0,CameraPosition,-103.1814,1.727381,-107.3006,CameraRotation,342.9975,270.8281,359.0844,CurrentState,End,Slider,51,Scenario,1
ID,8,Time,350.7975,DronePosition,-110.239,59.27025,-107.379,0,CameraPosition,-103.1815,1.727532,-107.3016,CameraRotation,342.9322,270.1013,359.1996,CurrentState,End,Slider,51,Scenario,1
ID,8,Time,350.8119,DronePosition,-110.239,59.27025,-107.379,0,CameraPosition,-103.1816,1.727653,-107.3026,CameraRotation,342.8875,269.3765,359.3323,CurrentState,End,Slider,51,Scenario,1
ID,8,Time,350.8256,DronePosition,-110.239,59.27025,-107.379,0,CameraPosition,-103.1818,1.727763,-107.3037,CameraRotation,342.8369,268.6456,359.4622,CurrentState,End,Slider,51,Scenario,1
ID,8,Time,350.8395,DronePosition,-110.239,59.27025,-107.379,0,CameraPosition,-103.1819,1.727889,-107.3048,CameraRotation,342.8001,267.9171,359.5887,CurrentState,End,Slider,51,Scenario,1
ID,8,Time,350.8537,DronePosition,-110.239,59.27025,-107.379,0,CameraPosition,-103.182,1.727997,-107.3059,CameraRotation,342.7662,267.1938,359.71,CurrentState,End,Slider,51,Scenario,1
ID,8,Time,350.8676,DronePosition,-110.239,59.27025,-107.379,0,CameraPosition,-103.182,1.728018,-107.307,CameraRotation,342.7455,266.4504,359.8362,CurrentState,End,Slider,51,Scenario,1
ID,8,Time,350.8813,DronePosition,-110.239,59.27025,-107.379,0,CameraPosition,-103.1821,1.728002,-107.3081,CameraRotation,342.7368,265.7004,359.9598,CurrentState,End,Slider,51,Scenario,1
ID,8,Time,350.8954,DronePosition,-110.239,59.27025,-107.379,0,CameraPosition,-103.1821,1.728005,-107.3092,CameraRotation,342.7443,264.9508,0.07449542,CurrentState,End,Slider,51,Scenario,1
ID,8,Time,350.9091,DronePosition,-110.239,59.27025,-107.379,0,CameraPosition,-103.1822,1.728053,-107.3103,CameraRotation,342.7502,264.2313,0.162,CurrentState,End,Slider,51,Scenario,1
ID,8,Time,350.9232,DronePosition,-110.239,59.27025,-107.379,0,CameraPosition,-103.1822,1.728072,-107.3114,CameraRotation,342.7711,263.5112,0.2517146,CurrentState,End,Slider,51,Scenario,1
ID,8,Time,350.9368,DronePosition,-110.239,59.27025,-107.379,0,CameraPosition,-103.1823,1.728101,-107.3125,CameraRotation,342.791,262.8301,0.3251525,CurrentState,End,Slider,51,Scenario,1
ID,8,Time,350.9507,DronePosition,-110.239,59.27025,-107.379,0,CameraPosition,-103.1824,1.728116,-107.3135,CameraRotation,342.8023,262.1524,0.4008556,CurrentState,End,Slider,51,Scenario,1
ID,8,Time,350.9646,DronePosition,-110.239,59.27025,-107.379,0,CameraPosition,-103.1825,1.728169,-107.3144,CameraRotation,342.8218,261.5096,0.4540659,CurrentState,End,Slider,51,Scenario,1
ID,8,Time,350.9787,DronePosition,-110.239,59.27025,-107.379,0,CameraPosition,-103.1825,1.728241,-107.3154,CameraRotation,342.81,260.8856,0.4989462,CurrentState,End,Slider,51,Scenario,1
ID,8,Time,350.9932,DronePosition,-110.239,59.27025,-107.379,0,CameraPosition,-103.1825,1.7283,-107.3163,CameraRotation,342.7969,260.2862,0.5383203,CurrentState,End,Slider,51,Scenario,1
ID,8,Time,351.0069,DronePosition,-110.239,59.27025,-107.379,0,CameraPosition,-103.1826,1.728324,-107.3172,CameraRotation,342.7964,259.7307,0.5630962,CurrentState,End,Slider,51,Scenario,1
ID,8,Time,351.0205,DronePosition,-110.239,59.27025,-107.379,0,CameraPosition,-103.1825,1.728289,-107.3181,CameraRotation,342.8117,259.1854,0.5919682,CurrentState,End,Slider,51,Scenario,1
ID,8,Time,351.0344,DronePosition,-110.239,59.27025,-107.379,0,CameraPosition,-103.1825,1.728231,-107.3189,CameraRotation,342.8482,258.6718,0.6153807,CurrentState,End,Slider,51,Scenario,1
ID,8,Time,351.0482,DronePosition,-110.239,59.27025,-107.379,0,CameraPosition,-103.1825,1.728241,-107.3197,CameraRotation,342.868,258.1906,0.6666093,CurrentState,End,Slider,51,Scenario,1
ID,8,Time,351.0621,DronePosition,-110.239,59.27025,-107.379,0,CameraPosition,-103.1825,1.728366,-107.3204,CameraRotation,342.8443,257.7413,0.7140606,CurrentState,End,Slider,51,Scenario,1
ID,8,Time,351.076,DronePosition,-110.239,59.27025,-107.379,0,CameraPosition,-103.1826,1.728509,-107.3211,CameraRotation,342.7897,257.3255,0.739698,CurrentState,End,Slider,51,Scenario,1
ID,8,Time,351.0901,DronePosition,-110.239,59.27025,-107.379,0,CameraPosition,-103.1826,1.728598,-107.3217,CameraRotation,342.727,256.9622,0.7667977,CurrentState,End,Slider,51,Scenario,1
ID,8,Time,351.104,DronePosition,-110.239,59.27025,-107.379,0,CameraPosition,-103.1827,1.728577,-107.3223,CameraRotation,342.7285,256.621,0.8420551,CurrentState,End,Slider,51,Scenario,1
ID,8,Time,351.1179,DronePosition,-110.239,59.27025,-107.379,0,CameraPosition,-103.1827,1.728515,-107.3228,CameraRotation,342.777,256.2851,0.9420981,CurrentState,End,Slider,51,Scenario,1
ID,8,Time,351.1315,DronePosition,-110.239,59.27025,-107.379,0,CameraPosition,-103.1827,1.728471,-107.3232,CameraRotation,342.7994,256.0216,1.014187,CurrentState,End,Slider,51,Scenario,1
ID,8,Time,351.1453,DronePosition,-110.239,59.27025,-107.379,0,CameraPosition,-103.1828,1.728496,-107.3236,CameraRotation,342.7904,255.8052,1.038918,CurrentState,End,Slider,51,Scenario,1
ID,8,Time,351.1594,DronePosition,-110.239,59.27025,-107.379,0,CameraPosition,-103.1829,1.72856,-107.3239,CameraRotation,342.7928,255.6266,1.050397,CurrentState,End,Slider,51,Scenario,1
ID,8,Time,351.1733,DronePosition,-110.239,59.27025,-107.379,0,CameraPosition,-103.1829,1.728635,-107.3242,CameraRotation,342.7978,255.4958,1.038959,CurrentState,End,Slider,51,Scenario,1
ID,8,Time,351.1874,DronePosition,-110.239,59.27025,-107.379,0,CameraPosition,-103.183,1.728704,-107.3243,CameraRotation,342.8014,255.4148,1.022498,CurrentState,End,Slider,51,Scenario,1
ID,8,Time,351.2016,DronePosition,-110.239,59.27025,-107.379,0,CameraPosition,-103.183,1.728731,-107.3245,CameraRotation,342.816,255.3402,1.048295,CurrentState,End,Slider,51,Scenario,1
ID,8,Time,351.2149,DronePosition,-110.239,59.27025,-107.379,0,CameraPosition,-103.1831,1.728697,-107.3246,CameraRotation,342.8216,255.2909,1.086428,CurrentState,End,Slider,51,Scenario,1
ID,8,Time,351.2299,DronePosition,-110.239,59.27025,-107.379,0,CameraPosition,-103.1832,1.728609,-107.3247,CameraRotation,342.8365,255.2745,1.137897,CurrentState,End,Slider,51,Scenario,1
ID,8,Time,351.2429,DronePosition,-110.239,59.27025,-107.379,0,CameraPosition,-103.1832,1.728533,-107.3248,CameraRotation,342.8463,255.2432,1.163455,CurrentState,End,Slider,51,Scenario,1
ID,8,Time,351.257,DronePosition,-110.239,59.27025,-107.379,0,CameraPosition,-103.1833,1.728502,-107.3248,CameraRotation,342.8404,255.26,1.158465,CurrentState,End,Slider,51,Scenario,1
ID,8,Time,351.2709,DronePosition,-110.239,59.27025,-107.379,0,CameraPosition,-103.1834,1.728492,-107.3247,CameraRotation,342.8028,255.2971,1.135111,CurrentState,End,Slider,51,Scenario,1
ID,8,Time,351.2847,DronePosition,-110.239,59.27025,-107.379,0,CameraPosition,-103.1835,1.728495,-107.3247,CameraRotation,342.7773,255.3434,1.115227,CurrentState,End,Slider,51,Scenario,1
ID,8,Time,351.2984,DronePosition,-110.239,59.27025,-107.379,0,CameraPosition,-103.1836,1.728475,-107.3246,CameraRotation,342.7512,255.4044,1.08203,CurrentState,End,Slider,51,Scenario,1
ID,8,Time,351.3125,DronePosition,-110.239,59.27025,-107.379,0,CameraPosition,-103.1837,1.728471,-107.3245,CameraRotation,342.7572,255.4774,1.062098,CurrentState,End,Slider,51,Scenario,1
ID,8,Time,351.3267,DronePosition,-110.239,59.27025,-107.379,0,CameraPosition,-103.1838,1.728466,-107.3244,CameraRotation,342.7618,255.5649,1.047547,CurrentState,End,Slider,51,Scenario,1
ID,8,Time,351.3405,DronePosition,-110.239,59.27025,-107.379,0,CameraPosition,-103.1838,1.728483,-107.3243,CameraRotation,342.7354,255.6585,0.9865446,CurrentState,End,Slider,51,Scenario,1
ID,8,Time,351.3547,DronePosition,-110.239,59.27025,-107.379,0,CameraPosition,-103.1839,1.728548,-107.3242,CameraRotation,342.6922,255.7516,0.9284985,CurrentState,End,Slider,51,Scenario,1
ID,8,Time,351.3683,DronePosition,-110.239,59.27025,-107.379,0,CameraPosition,-103.184,1.728634,-107.3242,CameraRotation,342.6228,255.8481,0.8709225,CurrentState,End,Slider,51,Scenario,1
ID,8,Time,351.3821,DronePosition,-110.239,59.27025,-107.379,0,CameraPosition,-103.1841,1.728733,-107.3241,CameraRotation,342.5594,255.9398,0.8035083,CurrentState,End,Slider,51,Scenario,1
ID,8,Time,351.3961,DronePosition,-110.239,59.27025,-107.379,0,CameraPosition,-103.1843,1.728783,-107.324,CameraRotation,342.5018,256.0117,0.7772647,CurrentState,End,Slider,51,Scenario,1
ID,8,Time,351.4104,DronePosition,-110.239,59.27025,-107.379,0,CameraPosition,-103.1844,1.728816,-107.3239,CameraRotation,342.4592,256.0577,0.7708395,CurrentState,End,Slider,51,Scenario,1
ID,8,Time,351.4242,DronePosition,-110.239,59.27025,-107.379,0,CameraPosition,-103.1845,1.728822,-107.3238,CameraRotation,342.42,256.098,0.7717614,CurrentState,End,Slider,51,Scenario,1
ID,8,Time,351.438,DronePosition,-110.239,59.27025,-107.379,0,CameraPosition,-103.1847,1.728776,-107.3236,CameraRotation,342.4087,256.1251,0.7461146,CurrentState,End,Slider,51,Scenario,1
ID,8,Time,351.4517,DronePosition,-110.239,59.27025,-107.379,0,CameraPosition,-103.1848,1.728684,-107.3235,CameraRotation,342.4303,256.1532,0.6997946,CurrentState,End,Slider,51,Scenario,1
ID,8,Time,351.4655,DronePosition,-110.239,59.27025,-107.379,0,CameraPosition,-103.1849,1.72858,-107.3234,CameraRotation,342.461,256.1815,0.6544101,CurrentState,End,Slider,51,Scenario,1
ID,8,Time,351.4797,DronePosition,-110.239,59.27025,-107.379,0,CameraPosition,-103.1849,1.728556,-107.3233,CameraRotation,342.4746,256.2198,0.6077033,CurrentState,End,Slider,51,Scenario,1
ID,8,Time,351.4937,DronePosition,-110.239,59.27025,-107.379,0,CameraPosition,-103.185,1.728611,-107.3231,CameraRotation,342.4553,256.2523,0.5630035,CurrentState,End,Slider,51,Scenario,1
ID,8,Time,351.508,DronePosition,-110.239,59.27025,-107.379,0,CameraPosition,-103.1851,1.728705,-107.323,CameraRotation,342.408,256.2893,0.5213581,CurrentState,End,Slider,51,Scenario,1
ID,8,Time,351.5214,DronePosition,-110.239,59.27025,-107.379,0,CameraPosition,-103.1851,1.728727,-107.3227,CameraRotation,342.3957,256.3363,0.493574,CurrentState,End,Slider,51,Scenario,1
ID,8,Time,351.5355,DronePosition,-110.239,59.27025,-107.379,0,CameraPosition,-103.1852,1.728677,-107.3225,CameraRotation,342.4384,256.4011,0.4617233,CurrentState,End,Slider,51,Scenario,1
ID,8,Time,351.5496,DronePosition,-110.239,59.27025,-107.379,0,CameraPosition,-103.1853,1.728601,-107.3223,CameraRotation,342.4866,256.4868,0.4383851,CurrentState,End,Slider,51,Scenario,1
ID,8,Time,351.5629,DronePosition,-110.239,59.27025,-107.379,0,CameraPosition,-103.1853,1.728552,-107.3221,CameraRotation,342.5051,256.5724,0.4078481,CurrentState,End,Slider,51,Scenario,1
ID,8,Time,351.5771,DronePosition,-110.239,59.27025,-107.379,0,CameraPosition,-103.1854,1.728546,-107.3218,CameraRotation,342.4865,256.644,0.4166118,CurrentState,End,Slider,51,Scenario,1
ID,8,Time,351.5912,DronePosition,-110.239,59.27025,-107.379,0,CameraPosition,-103.1855,1.72859,-107.3216,CameraRotation,342.4687,256.7194,0.4354925,CurrentState,End,Slider,51,Scenario,1
ID,8,Time,351.605,DronePosition,-110.239,59.27025,-107.379,0,CameraPosition,-103.1856,1.728642,-107.3213,CameraRotation,342.463,256.8015,0.4659145,CurrentState,End,Slider,51,Scenario,1
ID,8,Time,351.6192,DronePosition,-110.239,59.27025,-107.379,0,CameraPosition,-103.1857,1.728615,-107.321,CameraRotation,342.4633,256.893,0.5026906,CurrentState,End,Slider,51,Scenario,1
ID,8,Time,351.6327,DronePosition,-110.239,59.27025,-107.379,0,CameraPosition,-103.1857,1.728598,-107.3207,CameraRotation,342.4586,256.987,0.5187919,CurrentState,End,Slider,51,Scenario,1
ID,8,Time,351.6472,DronePosition,-110.239,59.27025,-107.379,0,CameraPosition,-103.1858,1.728575,-107.3205,CameraRotation,342.4308,257.0747,0.5326448,CurrentState,End,Slider,51,Scenario,1
ID,8,Time,351.6609,DronePosition,-110.239,59.27025,-107.379,0,CameraPosition,-103.1859,1.728586,-107.3202,CameraRotation,342.4077,257.1599,0.541567,CurrentState,End,Slider,51,Scenario,1
ID,8,Time,351.675,DronePosition,-110.239,59.27025,-107.379,0,CameraPosition,-103.186,1.7286,-107.32,CameraRotation,342.3936,257.2198,0.5417883,CurrentState,End,Slider,51,Scenario,1
ID,8,Time,351.6885,DronePosition,-110.239,59.27025,-107.379,0,CameraPosition,-103.186,1.728581,-107.3197,CameraRotation,342.3854,257.2709,0.5384517,CurrentState,End,Slider,51,Scenario,1
ID,8,Time,351.7025,DronePosition,-110.239,59.27025,-107.379,0,CameraPosition,-103.1861,1.728478,-107.3195,CameraRotation,342.4095,257.3205,0.5622232,CurrentState,End,Slider,51,Scenario,1
ID,8,Time,351.7163,DronePosition,-110.239,59.27025,-107.379,0,CameraPosition,-103.1862,1.728396,-107.3193,CameraRotation,342.4545,257.3697,0.5485457,CurrentState,End,Slider,51,Scenario,1
ID,8,Time,351.7303,DronePosition,-110.239,59.27025,-107.379,0,CameraPosition,-103.1863,1.728377,-107.3191,CameraRotation,342.457,257.4362,0.4959752,CurrentState,End,Slider,51,Scenario,1
ID,8,Time,351.7441,DronePosition,-110.239,59.27025,-107.379,0,CameraPosition,-103.1865,1.728455,-107.3188,CameraRotation,342.4061,257.497,0.4092155,CurrentState,End,Slider,51,Scenario,1
ID,8,Time,351.7583,DronePosition,-110.239,59.27025,-107.379,0,CameraPosition,-103.1867,1.728548,-107.3185,CameraRotation,342.3385,257.5596,0.3469968,CurrentState,End,Slider,51,Scenario,1
ID,8,Time,351.7722,DronePosition,-110.239,59.27025,-107.379,0,CameraPosition,-103.1869,1.728603,-107.3183,CameraRotation,342.31,257.6251,0.3150443,CurrentState,End,Slider,51,Scenario,1
ID,8,Time,351.786,DronePosition,-110.239,59.27025,-107.379,0,CameraPosition,-103.187,1.728546,-107.3181,CameraRotation,342.3302,257.6788,0.3277223,CurrentState,End,Slider,51,Scenario,1
ID,8,Time,351.8006,DronePosition,-110.239,59.27025,-107.379,0,CameraPosition,-103.1871,1.728457,-107.3179,CameraRotation,342.3985,257.7314,0.3591375,CurrentState,End,Slider,51,Scenario,1
ID,8,Time,351.8136,DronePosition,-110.239,59.27025,-107.379,0,CameraPosition,-103.1872,1.728314,-107.3178,CameraRotation,342.4806,257.7878,0.3913674,CurrentState,End,Slider,51,Scenario,1
ID,8,Time,351.8282,DronePosition,-110.239,59.27025,-107.379,0,CameraPosition,-103.1873,1.728174,-107.3176,CameraRotation,342.5456,257.8578,0.3985208,CurrentState,End,Slider,51,Scenario,1
ID,8,Time,351.8421,DronePosition,-110.239,59.27025,-107.379,0,CameraPosition,-103.1874,1.72806,-107.3175,CameraRotation,342.6026,257.9307,0.3751507,CurrentState,End,Slider,51,Scenario,1
ID,8,Time,351.8561,DronePosition,-110.239,59.27025,-107.379,0,CameraPosition,-103.1875,1.727945,-107.3173,CameraRotation,342.6595,257.9993,0.3589269,CurrentState,End,Slider,51,Scenario,1
ID,8,Time,351.8701,DronePosition,-110.239,59.27025,-107.379,0,CameraPosition,-103.1877,1.727838,-107.3172,CameraRotation,342.7036,258.0804,0.3180695,CurrentState,End,Slider,51,Scenario,1
ID,8,Time,351.8835,DronePosition,-110.239,59.27025,-107.379,0,CameraPosition,-103.1878,1.72776,-107.3171,CameraRotation,342.7654,258.1447,0.2860266,CurrentState,End,Slider,51,Scenario,1
ID,8,Time,351.8973,DronePosition,-110.239,59.27025,-107.379,0,CameraPosition,-103.1879,1.727669,-107.317,CameraRotation,342.8029,258.2049,0.2511816,CurrentState,End,Slider,51,Scenario,1
ID,8,Time,351.9114,DronePosition,-110.239,59.27025,-107.379,0,CameraPosition,-103.1881,1.727615,-107.3168,CameraRotation,342.8589,258.2537,0.2229312,CurrentState,End,Slider,51,Scenario,1
ID,8,Time,351.9254,DronePosition,-110.239,59.27025,-107.379,0,CameraPosition,-103.1883,1.727554,-107.3167,CameraRotation,342.9156,258.3049,0.1998144,CurrentState,End,Slider,51,Scenario,1
ID,8,Time,351.9393,DronePosition,-110.239,59.27025,-107.379,0,CameraPosition,-103.1884,1.727452,-107.3167,CameraRotation,342.9619,258.352,0.1573738,CurrentState,End,Slider,51,Scenario,1
ID,8,Time,351.9534,DronePosition,-110.239,59.27025,-107.379,0,CameraPosition,-103.1885,1.72736,-107.3166,CameraRotation,343.0083,258.4094,0.1071392,CurrentState,End,Slider,51,Scenario,1
ID,8,Time,351.9669,DronePosition,-110.239,59.27025,-107.379,0,CameraPosition,-103.1886,1.727328,-107.3165,CameraRotation,343.0577,258.4668,0.06634653,CurrentState,End,Slider,51,Scenario,1
ID,8,Time,351.9806,DronePosition,-110.239,59.27025,-107.379,0,CameraPosition,-103.1887,1.727424,-107.3164,CameraRotation,343.0616,258.5166,0.02850527,CurrentState,End,Slider,51,Scenario,1
ID,8,Time,351.9948,DronePosition,-110.239,59.27025,-107.379,0,CameraPosition,-103.1888,1.727559,-107.3163,CameraRotation,343.0445,258.5553,359.9937,CurrentState,End,Slider,51,Scenario,1
ID,8,Time,352.0089,DronePosition,-110.239,59.27025,-107.379,0,CameraPosition,-103.1889,1.727708,-107.3162,CameraRotation,342.9609,258.6016,359.9356,CurrentState,End,Slider,51,Scenario,1
ID,8,Time,352.0227,DronePosition,-110.239,59.27025,-107.379,0,CameraPosition,-103.189,1.727783,-107.3161,CameraRotation,342.8738,258.6664,359.8268,CurrentState,End,Slider,51,Scenario,1
ID,8,Time,352.0371,DronePosition,-110.239,59.27025,-107.379,0,CameraPosition,-103.1891,1.727837,-107.3161,CameraRotation,342.7917,258.7418,359.7037,CurrentState,End,Slider,51,Scenario,1
ID,8,Time,352.0507,DronePosition,-110.239,59.27025,-107.379,0,CameraPosition,-103.1891,1.727895,-107.316,CameraRotation,342.724,258.8011,359.6235,CurrentState,End,Slider,51,Scenario,1
ID,8,Time,352.0646,DronePosition,-110.239,59.27025,-107.379,0,CameraPosition,-103.1892,1.727956,-107.3159,CameraRotation,342.6518,258.8598,359.5922,CurrentState,End,Slider,51,Scenario,1
ID,8,Time,352.0786,DronePosition,-110.239,59.27025,-107.379,0,CameraPosition,-103.1893,1.728027,-107.3159,CameraRotation,342.5913,258.9064,359.569,CurrentState,End,Slider,51,Scenario,1
ID,8,Time,352.0925,DronePosition,-110.239,59.27025,-107.379,0,CameraPosition,-103.1894,1.72808,-107.3158,CameraRotation,342.528,258.971,359.5517,CurrentState,End,Slider,51,Scenario,1
ID,8,Time,352.1062,DronePosition,-110.239,59.27025,-107.379,0,CameraPosition,-103.1895,1.728151,-107.3158,CameraRotation,342.5023,259.0438,359.5385,CurrentState,End,Slider,51,Scenario,1
ID,8,Time,352.1204,DronePosition,-110.239,59.27025,-107.379,0,CameraPosition,-103.1895,1.728229,-107.3158,CameraRotation,342.4823,259.1208,359.5548,CurrentState,End,Slider,51,Scenario,1
ID,8,Time,352.1343,DronePosition,-110.239,59.27025,-107.379,0,CameraPosition,-103.1896,1.728341,-107.3158,CameraRotation,342.4435,259.2046,359.5778,CurrentState,End,Slider,51,Scenario,1
ID,8,Time,352.1481,DronePosition,-110.239,59.27025,-107.379,0,CameraPosition,-103.1897,1.72847,-107.3158,CameraRotation,342.3739,259.2794,359.6036,CurrentState,End,Slider,51,Scenario,1
ID,8,Time,352.1618,DronePosition,-110.239,59.27025,-107.379,0,CameraPosition,-103.1898,1.728586,-107.3158,CameraRotation,342.3,259.3375,359.606,CurrentState,End,Slider,51,Scenario,1
ID,8,Time,352.176,DronePosition,-110.239,59.27025,-107.379,0,CameraPosition,-103.1899,1.728676,-107.3158,CameraRotation,342.2398,259.3893,359.618,CurrentState,End,Slider,51,Scenario,1
ID,8,Time,352.1899,DronePosition,-110.239,59.27025,-107.379,0,CameraPosition,-103.1901,1.728716,-107.3159,CameraRotation,342.1937,259.4427,359.6432,CurrentState,End,Slider,51,Scenario,1
ID,8,Time,352.2038,DronePosition,-110.239,59.27025,-107.379,0,CameraPosition,-103.1902,1.728751,-107.3159,CameraRotation,342.1869,259.4845,359.6924,CurrentState,End,Slider,51,Scenario,1
ID,8,Time,352.2188,DronePosition,-110.239,59.27025,-107.379,0,CameraPosition,-103.1903,1.728772,-107.316,CameraRotation,342.1691,259.5188,359.7371,CurrentState,End,Slider,51,Scenario,1
ID,8,Time,352.2314,DronePosition,-110.239,59.27025,-107.379,0,CameraPosition,-103.1905,1.728794,-107.316,CameraRotation,342.1406,259.5479,359.7668,CurrentState,End,Slider,51,Scenario,1
ID,8,Time,352.246,DronePosition,-110.239,59.27025,-107.379,0,CameraPosition,-103.1907,1.728805,-107.3161,CameraRotation,342.1147,259.576,359.7827,CurrentState,End,Slider,51,Scenario,1
ID,8,Time,352.2603,DronePosition,-110.239,59.27025,-107.379,0,CameraPosition,-103.1909,1.728816,-107.3162,CameraRotation,342.1194,259.6142,359.7672,CurrentState,End,Slider,51,Scenario,1
ID,8,Time,352.2735,DronePosition,-110.239,59.27025,-107.379,0,CameraPosition,-103.1911,1.72878,-107.3162,CameraRotation,342.1241,259.6369,359.769,CurrentState,End,Slider,51,Scenario,1
ID,8,Time,352.2873,DronePosition,-110.239,59.27025,-107.379,0,CameraPosition,-103.1913,1.72872,-107.3163,CameraRotation,342.1323,259.6697,359.7993,CurrentState,End,Slider,51,Scenario,1
ID,8,Time,352.3011,DronePosition,-110.239,59.27025,-107.379,0,CameraPosition,-103.1916,1.72861,-107.3164,CameraRotation,342.1986,259.6779,359.8716,CurrentState,End,Slider,51,Scenario,1
ID,8,Time,352.315,DronePosition,-110.239,59.27025,-107.379,0,CameraPosition,-103.1918,1.728482,-107.3165,CameraRotation,342.2742,259.6807,359.9097,CurrentState,End,Slider,51,Scenario,1
ID,8,Time,352.3291,DronePosition,-110.239,59.27025,-107.379,0,CameraPosition,-103.192,1.728379,-107.3165,CameraRotation,342.3153,259.7004,359.9095,CurrentState,End,Slider,51,Scenario,1
ID,8,Time,352.343,DronePosition,-110.239,59.27025,-107.379,0,CameraPosition,-103.1923,1.728361,-107.3166,CameraRotation,342.3326,259.7341,359.8783,CurrentState,End,Slider,51,Scenario,1
ID,8,Time,352.3571,DronePosition,-110.239,59.27025,-107.379,0,CameraPosition,-103.1926,1.728364,-107.3166,CameraRotation,342.3656,259.7664,359.869,CurrentState,End,Slider,51,Scenario,1
ID,8,Time,352.3708,DronePosition,-110.239,59.27025,-107.379,0,CameraPosition,-103.1928,1.728341,-107.3167,CameraRotation,342.4219,259.7976,359.8706,CurrentState,End,Slider,51,Scenario,1
ID,8,Time,352.3848,DronePosition,-110.239,59.27025,-107.379,0,CameraPosition,-103.1931,1.728244,-107.3167,CameraRotation,342.5022,259.8331,359.8923,CurrentState,End,Slider,51,Scenario,1
ID,8,Time,352.3987,DronePosition,-110.239,59.27025,-107.379,0,CameraPosition,-103.1934,1.728139,-107.3167,CameraRotation,342.6022,259.8568,359.9081,CurrentState,End,Slider,51,Scenario,1
ID,8,Time,352.4125,DronePosition,-110.239,59.27025,-107.379,0,CameraPosition,-103.1936,1.728013,-107.3167,CameraRotation,342.6884,259.89,359.9215,CurrentState,End,Slider,51,Scenario,1
ID,8,Time,352.4265,DronePosition,-110.239,59.27025,-107.379,0,CameraPosition,-103.1938,1.727918,-107.3167,CameraRotation,342.754,259.9267,359.9232,CurrentState,End,Slider,51,Scenario,1
ID,8,Time,352.4405,DronePosition,-110.239,59.27025,-107.379,0,CameraPosition,-103.1941,1.727837,-107.3166,CameraRotation,342.7928,259.977,359.9154,CurrentState,End,Slider,51,Scenario,1
ID,8,Time,352.4547,DronePosition,-110.239,59.27025,-107.379,0,CameraPosition,-103.1943,1.727769,-107.3166,CameraRotation,342.8409,260.035,359.9064,CurrentState,End,Slider,51,Scenario,1
ID,8,Time,352.4685,DronePosition,-110.239,59.27025,-107.379,0,CameraPosition,-103.1945,1.72769,-107.3165,CameraRotation,342.9082,260.0992,359.8799,CurrentState,End,Slider,51,Scenario,1
ID,8,Time,352.4821,DronePosition,-110.239,59.27025,-107.379,0,CameraPosition,-103.1947,1.727573,-107.3165,CameraRotation,342.9769,260.1765,359.852,CurrentState,End,Slider,51,Scenario,1
ID,8,Time,352.4963,DronePosition,-110.239,59.27025,-107.379,0,CameraPosition,-103.195,1.727392,-107.3163,CameraRotation,343.0312,260.2612,359.8173,CurrentState,End,Slider,51,Scenario,1
ID,8,Time,352.5103,DronePosition,-110.239,59.27025,-107.379,0,CameraPosition,-103.1952,1.72728,-107.3162,CameraRotation,343.1358,260.3615,359.7918,CurrentState,End,Slider,51,Scenario,1
ID,8,Time,352.524,DronePosition,-110.239,59.27025,-107.379,0,CameraPosition,-103.1954,1.727195,-107.316,CameraRotation,343.1944,260.4689,359.7676,CurrentState,End,Slider,51,Scenario,1
ID,8,Time,352.538,DronePosition,-110.239,59.27025,-107.379,0,CameraPosition,-103.1956,1.72714,-107.3158,CameraRotation,343.218,260.5814,359.7236,CurrentState,End,Slider,51,Scenario,1
ID,8,Time,352.5519,DronePosition,-110.239,59.27025,-107.379,0,CameraPosition,-103.1958,1.727087,-107.3157,CameraRotation,343.2373,260.7064,359.6934,CurrentState,End,Slider,51,Scenario,1
ID,8,Time,352.5656,DronePosition,-110.239,59.27025,-107.379,0,CameraPosition,-103.1959,1.727052,-107.3154,CameraRotation,343.2784,260.8381,359.6596,CurrentState,End,Slider,51,Scenario,1
ID,8,Time,352.5793,DronePosition,-110.239,59.27025,-107.379,0,CameraPosition,-103.1961,1.726995,-107.3152,CameraRotation,343.3166,260.9754,359.6358,CurrentState,End,Slider,51,Scenario,1
ID,8,Time,352.5935,DronePosition,-110.239,59.27025,-107.379,0,CameraPosition,-103.1963,1.726931,-107.3149,CameraRotation,343.3469,261.1133,359.6236,CurrentState,End,Slider,51,Scenario,1
ID,8,Time,352.6075,DronePosition,-110.239,59.27025,-107.379,0,CameraPosition,-103.1965,1.726863,-107.3147,CameraRotation,343.3694,261.2506,359.6089,CurrentState,End,Slider,51,Scenario,1
ID,8,Time,352.6215,DronePosition,-110.239,59.27025,-107.379,0,CameraPosition,-103.1966,1.726802,-107.3144,CameraRotation,343.3852,261.3965,359.5809,CurrentState,End,Slider,51,Scenario,1
ID,8,Time,352.6354,DronePosition,-110.239,59.27025,-107.379,0,CameraPosition,-103.1969,1.726741,-107.3142,CameraRotation,343.3999,261.5345,359.5544,CurrentState,End,Slider,51,Scenario,1
ID,8,Time,352.6493,DronePosition,-110.239,59.27025,-107.379,0,CameraPosition,-103.197,1.726677,-107.3139,CameraRotation,343.4207,261.6676,359.526,CurrentState,End,Slider,51,Scenario,1
ID,8,Time,352.6636,DronePosition,-110.239,59.27025,-107.379,0,CameraPosition,-103.1972,1.726571,-107.3135,CameraRotation,343.4365,261.7877,359.5046,CurrentState,End,Slider,51,Scenario,1
ID,8,Time,352.6769,DronePosition,-110.239,59.27025,-107.379,0,CameraPosition,-103.1974,1.726465,-107.3132,CameraRotation,343.4791,261.9128,359.4532,CurrentState,End,Slider,51,Scenario,1
ID,8,Time,352.6912,DronePosition,-110.239,59.27025,-107.379,0,CameraPosition,-103.1976,1.726334,-107.3129,CameraRotation,343.5228,262.0358,359.378,CurrentState,End,Slider,51,Scenario,1
ID,8,Time,352.705,DronePosition,-110.239,59.27025,-107.379,0,CameraPosition,-103.1979,1.72621,-107.3126,CameraRotation,343.5811,262.1484,359.3026,CurrentState,End,Slider,51,Scenario,1
ID,8,Time,352.7189,DronePosition,-110.239,59.27025,-107.379,0,CameraPosition,-103.1981,1.726106,-107.3123,CameraRotation,343.6344,262.2572,359.2284,CurrentState,End,Slider,51,Scenario,1
ID,8,Time,352.7329,DronePosition,-110.239,59.27025,-107.379,0,CameraPosition,-103.1983,1.725996,-107.312,CameraRotation,343.6807,262.3661,359.162,CurrentState,End,Slider,51,Scenario,1
ID,8,Time,352.7465,DronePosition,-110.239,59.27025,-107.379,0,CameraPosition,-103.1986,1.72589,-107.3116,CameraRotation,343.7241,262.4601,359.0927,CurrentState,End,Slider,51,Scenario,1
ID,8,Time,352.7605,DronePosition,-110.239,59.27025,-107.379,0,CameraPosition,-103.1988,1.725809,-107.3113,CameraRotation,343.7748,262.5502,359.0178,CurrentState,End,Slider,51,Scenario,1
ID,8,Time,352.7747,DronePosition,-110.239,59.27025,-107.379,0,CameraPosition,-103.1991,1.725752,-107.311,CameraRotation,343.8019,262.6526,358.9556,CurrentState,End,Slider,51,Scenario,1
ID,8,Time,352.7884,DronePosition,-110.239,59.27025,-107.379,0,CameraPosition,-103.1993,1.725745,-107.3106,CameraRotation,343.8214,262.7504,358.8925,CurrentState,End,Slider,51,Scenario,1
ID,8,Time,352.8025,DronePosition,-110.239,59.27025,-107.379,0,CameraPosition,-103.1996,1.725733,-107.3102,CameraRotation,343.8315,262.8505,358.8475,CurrentState,End,Slider,51,Scenario,1
ID,8,Time,352.8165,DronePosition,-110.239,59.27025,-107.379,0,CameraPosition,-103.1999,1.725716,-107.3099,CameraRotation,343.8434,262.9495,358.8261,CurrentState,End,Slider,51,Scenario,1
ID,8,Time,352.8301,DronePosition,-110.239,59.27025,-107.379,0,CameraPosition,-103.2001,1.725662,-107.3096,CameraRotation,343.8689,263.0582,358.804,CurrentState,End,Slider,51,Scenario,1
ID,8,Time,352.8441,DronePosition,-110.239,59.27025,-107.379,0,CameraPosition,-103.2004,1.725579,-107.3092,CameraRotation,343.9442,263.1524,358.7893,CurrentState,End,Slider,51,Scenario,1
ID,8,Time,352.8581,DronePosition,-110.239,59.27025,-107.379,0,CameraPosition,-103.2006,1.725493,-107.3089,CameraRotation,344.0245,263.2611,358.7534,CurrentState,End,Slider,51,Scenario,1
ID,8,Time,352.8723,DronePosition,-110.239,59.27025,-107.379,0,CameraPosition,-103.2009,1.725441,-107.3085,CameraRotation,344.0821,263.3713,358.7336,CurrentState,End,Slider,51,Scenario,1
ID,8,Time,352.8862,DronePosition,-110.239,59.27025,-107.379,0,CameraPosition,-103.2012,1.725411,-107.3081,CameraRotation,344.1093,263.4793,358.7487,CurrentState,End,Slider,51,Scenario,1
ID,8,Time,352.8999,DronePosition,-110.239,59.27025,-107.379,0,CameraPosition,-103.2015,1.725432,-107.3077,CameraRotation,344.1393,263.5997,358.7671,CurrentState,End,Slider,51,Scenario,1
ID,8,Time,352.9136,DronePosition,-110.239,59.27025,-107.379,0,CameraPosition,-103.2018,1.725441,-107.3073,CameraRotation,344.1447,263.7291,358.7448,CurrentState,End,Slider,51,Scenario,1
ID,8,Time,352.9279,DronePosition,-110.239,59.27025,-107.379,0,CameraPosition,-103.2021,1.725437,-107.3069,CameraRotation,344.1526,263.8779,358.688,CurrentState,End,Slider,51,Scenario,1
ID,8,Time,352.9417,DronePosition,-110.239,59.27025,-107.379,0,CameraPosition,-103.2024,1.725394,-107.3064,CameraRotation,344.187,264.0405,358.6597,CurrentState,End,Slider,51,Scenario,1
ID,8,Time,352.9557,DronePosition,-110.239,59.27025,-107.379,0,CameraPosition,-103.2027,1.725334,-107.3059,CameraRotation,344.2499,264.2001,358.6389,CurrentState,End,Slider,51,Scenario,1
ID,8,Time,352.9695,DronePosition,-110.239,59.27025,-107.379,0,CameraPosition,-103.203,1.72522,-107.3055,CameraRotation,344.3209,264.3484,358.6115,CurrentState,End,Slider,51,Scenario,1
ID,8,Time,352.9833,DronePosition,-110.239,59.27025,-107.379,0,CameraPosition,-103.2033,1.725098,-107.305,CameraRotation,344.3996,264.5222,358.5274,CurrentState,End,Slider,51,Scenario,1
ID,8,Time,352.9973,DronePosition,-110.239,59.27025,-107.379,0,CameraPosition,-103.2036,1.724993,-107.3045,CameraRotation,344.4711,264.7041,358.4317,CurrentState,End,Slider,51,Scenario,1
ID,8,Time,353.0113,DronePosition,-110.239,59.27025,-107.379,0,CameraPosition,-103.2039,1.724906,-107.304,CameraRotation,344.5402,264.8853,358.3464,CurrentState,End,Slider,51,Scenario,1
ID,8,Time,353.0254,DronePosition,-110.239,59.27025,-107.379,0,CameraPosition,-103.2042,1.724816,-107.3036,CameraRotation,344.5888,265.0743,358.2801,CurrentState,End,Slider,51,Scenario,1
ID,8,Time,353.0393,DronePosition,-110.239,59.27025,-107.379,0,CameraPosition,-103.2046,1.724705,-107.3031,CameraRotation,344.6212,265.2578,358.2195,CurrentState,End,Slider,51,Scenario,1
ID,8,Time,353.0532,DronePosition,-110.239,59.27025,-107.379,0,CameraPosition,-103.2049,1.72463,-107.3026,CameraRotation,344.6854,265.4408,358.1524,CurrentState,End,Slider,51,Scenario,1
ID,8,Time,353.067,DronePosition,-110.239,59.27025,-107.379,0,CameraPosition,-103.2052,1.724561,-107.3021,CameraRotation,344.7572,265.6292,358.0984,CurrentState,End,Slider,51,Scenario,1
ID,8,Time,353.0812,DronePosition,-110.239,59.27025,-107.379,0,CameraPosition,-103.2056,1.724446,-107.3017,CameraRotation,344.8234,265.8229,358.0493,CurrentState,End,Slider,51,Scenario,1
ID,8,Time,353.0951,DronePosition,-110.239,59.27025,-107.379,0,CameraPosition,-103.2059,1.724288,-107.3012,CameraRotation,344.9253,266.0128,358.0382,CurrentState,End,Slider,51,Scenario,1
ID,8,Time,353.109,DronePosition,-110.239,59.27025,-107.379,0,CameraPosition,-103.2062,1.724084,-107.3008,CameraRotation,345.0502,266.209,358.0154,CurrentState,End,Slider,51,Scenario,1
ID,8,Time,353.1228,DronePosition,-110.239,59.27025,-107.379,0,CameraPosition,-103.2066,1.723869,-107.3004,CameraRotation,345.1557,266.3914,357.9725,CurrentState,End,Slider,51,Scenario,1
ID,8,Time,353.1367,DronePosition,-110.239,59.27025,-107.379,0,CameraPosition,-103.2069,1.723755,-107.3,CameraRotation,345.2482,266.5873,357.9324,CurrentState,End,Slider,51,Scenario,1
ID,8,Time,353.1506,DronePosition,-110.239,59.27025,-107.379,0,CameraPosition,-103.2072,1.723708,-107.2996,CameraRotation,345.3179,266.7663,357.9312,CurrentState,End,Slider,51,Scenario,1
ID,8,Time,353.1642,DronePosition,-110.239,59.27025,-107.379,0,CameraPosition,-103.2075,1.72369,-107.2992,CameraRotation,345.3672,266.9214,357.9635,CurrentState,End,Slider,51,Scenario,1
ID,8,Time,353.1783,DronePosition,-110.239,59.27025,-107.379,0,CameraPosition,-103.2078,1.723615,-107.2989,CameraRotation,345.4231,267.0584,357.9975,CurrentState,End,Slider,51,Scenario,1
ID,8,Time,353.1924,DronePosition,-110.239,59.27025,-107.379,0,CameraPosition,-103.2081,1.723462,-107.2986,CameraRotation,345.5053,267.1847,358.0155,CurrentState,End,Slider,51,Scenario,1
ID,8,Time,353.2062,DronePosition,-110.239,59.27025,-107.379,0,CameraPosition,-103.2083,1.723272,-107.2983,CameraRotation,345.6154,267.3088,358.0148,CurrentState,End,Slider,51,Scenario,1
ID,8,Time,353.2205,DronePosition,-110.239,59.27025,-107.379,0,CameraPosition,-103.2085,1.723141,-107.298,CameraRotation,345.7049,267.4155,357.9903,CurrentState,End,Slider,51,Scenario,1
ID,8,Time,353.2345,DronePosition,-110.239,59.27025,-107.379,0,CameraPosition,-103.2088,1.723034,-107.2978,CameraRotation,345.7695,267.5084,357.9825,CurrentState,End,Slider,51,Scenario,1
ID,8,Time,353.2479,DronePosition,-110.239,59.27025,-107.379,0,CameraPosition,-103.209,1.722936,-107.2976,CameraRotation,345.8189,267.5677,357.9973,CurrentState,End,Slider,51,Scenario,1
ID,8,Time,353.2617,DronePosition,-110.239,59.27025,-107.379,0,CameraPosition,-103.2092,1.72279,-107.2974,CameraRotation,345.8651,267.6214,358.0139,CurrentState,End,Slider,51,Scenario,1
ID,8,Time,353.2758,DronePosition,-110.239,59.27025,-107.379,0,CameraPosition,-103.2093,1.722637,-107.2973,CameraRotation,345.9414,267.6642,358.0021,CurrentState,End,Slider,51,Scenario,1
ID,8,Time,353.2902,DronePosition,-110.239,59.27025,-107.379,0,CameraPosition,-103.2095,1.72251,-107.2972,CameraRotation,346.0063,267.716,357.9888,CurrentState,End,Slider,51,Scenario,1
ID,8,Time,353.3041,DronePosition,-110.239,59.27025,-107.379,0,CameraPosition,-103.2096,1.72246,-107.2971,CameraRotation,346.0401,267.7528,357.988,CurrentState,End,Slider,51,Scenario,1
ID,8,Time,353.3175,DronePosition,-110.239,59.27025,-107.379,0,CameraPosition,-103.2098,1.722472,-107.297,CameraRotation,346.0323,267.7855,358.0087,CurrentState,End,Slider,51,Scenario,1
ID,8,Time,353.3313,DronePosition,-110.239,59.27025,-107.379,0,CameraPosition,-103.2099,1.722497,-107.2969,CameraRotation,346.0205,267.8051,358.0489,CurrentState,End,Slider,51,Scenario,1
ID,8,Time,353.3453,DronePosition,-110.239,59.27025,-107.379,0,CameraPosition,-103.21,1.722488,-107.2969,CameraRotation,346.0246,267.8149,358.0893,CurrentState,End,Slider,51,Scenario,1
ID,8,Time,353.3594,DronePosition,-110.239,59.27025,-107.379,0,CameraPosition,-103.2101,1.722461,-107.2969,CameraRotation,346.037,267.8183,358.1277,CurrentState,End,Slider,51,Scenario,1
ID,8,Time,353.3732,DronePosition,-110.239,59.27025,-107.379,0,CameraPosition,-103.2101,1.722411,-107.2969,CameraRotation,346.0318,267.8129,358.1667,CurrentState,End,Slider,51,Scenario,1
ID,8,Time,353.3873,DronePosition,-110.239,59.27025,-107.379,0,CameraPosition,-103.2102,1.722387,-107.2969,CameraRotation,346.024,267.7958,358.2054,CurrentState,End,Slider,51,Scenario,1
ID,8,Time,353.4012,DronePosition,-110.239,59.27025,-107.379,0,CameraPosition,-103.2102,1.722377,-107.2969,CameraRotation,345.9999,267.7766,358.2501,CurrentState,End,Slider,51,Scenario,1
ID,8,Time,353.415,DronePosition,-110.239,59.27025,-107.379,0,CameraPosition,-103.2103,1.722365,-107.297,CameraRotation,345.9685,267.7496,358.3044,CurrentState,End,Slider,51,Scenario,1
ID,8,Time,353.4291,DronePosition,-110.239,59.27025,-107.379,0,CameraPosition,-103.2103,1.722389,-107.2971,CameraRotation,345.948,267.7177,358.3461,CurrentState,End,Slider,51,Scenario,1
ID,8,Time,353.443,DronePosition,-110.239,59.27025,-107.379,0,CameraPosition,-103.2104,1.722452,-107.2972,CameraRotation,345.9211,267.6931,358.3849,CurrentState,End,Slider,51,Scenario,1
ID,8,Time,353.4567,DronePosition,-110.239,59.27025,-107.379,0,CameraPosition,-103.2104,1.72252,-107.2973,CameraRotation,345.8571,267.6479,358.4347,CurrentState,End,Slider,51,Scenario,1
ID,8,Time,353.4708,DronePosition,-110.239,59.27025,-107.379,0,CameraPosition,-103.2104,1.722587,-107.2974,CameraRotation,345.7902,267.595,358.5178,CurrentState,End,Slider,51,Scenario,1
ID,8,Time,353.4845,DronePosition,-110.239,59.27025,-107.379,0,CameraPosition,-103.2105,1.722641,-107.2975,CameraRotation,345.7548,267.5374,358.5915,CurrentState,End,Slider,51,Scenario,1
ID,8,Time,353.4988,DronePosition,-110.239,59.27025,-107.379,0,CameraPosition,-103.2105,1.722666,-107.2976,CameraRotation,345.7348,267.4985,358.6114,CurrentState,End,Slider,51,Scenario,1
ID,8,Time,353.5121,DronePosition,-110.239,59.27025,-107.379,0,CameraPosition,-103.2105,1.722659,-107.2978,CameraRotation,345.7226,267.4612,358.5925,CurrentState,End,Slider,51,Scenario,1
ID,8,Time,353.5266,DronePosition,-110.239,59.27025,-107.379,0,CameraPosition,-103.2105,1.722685,-107.298,CameraRotation,345.725,267.4282,358.6109,CurrentState,End,Slider,51,Scenario,1
ID,8,Time,353.5405,DronePosition,-110.239,59.27025,-107.379,0,CameraPosition,-103.2105,1.72273,-107.2981,CameraRotation,345.698,267.3883,358.6779,CurrentState,End,Slider,51,Scenario,1
ID,8,Time,353.5546,DronePosition,-110.239,59.27025,-107.379,0,CameraPosition,-103.2106,1.722806,-107.2982,CameraRotation,345.6536,267.3365,358.7408,CurrentState,End,Slider,51,Scenario,1
ID,8,Time,353.5683,DronePosition,-110.239,59.27025,-107.379,0,CameraPosition,-103.2106,1.722866,-107.2984,CameraRotation,345.6161,267.2938,358.7815,CurrentState,End,Slider,51,Scenario,1
ID,8,Time,353.5821,DronePosition,-110.239,59.27025,-107.379,0,CameraPosition,-103.2107,1.722894,-107.2986,CameraRotation,345.5963,267.2573,358.8206,CurrentState,End,Slider,51,Scenario,1
ID,8,Time,353.596,DronePosition,-110.239,59.27025,-107.379,0,CameraPosition,-103.2107,1.722875,-107.2988,CameraRotation,345.5876,267.2096,358.8731,CurrentState,End,Slider,51,Scenario,1
ID,8,Time,353.61,DronePosition,-110.239,59.27025,-107.379,0,CameraPosition,-103.2108,1.722839,-107.299,CameraRotation,345.6021,267.1483,358.934,CurrentState,End,Slider,51,Scenario,1
ID,8,Time,353.624,DronePosition,-110.239,59.27025,-107.379,0,CameraPosition,-103.2108,1.722788,-107.2992,CameraRotation,345.5992,267.0719,358.993,CurrentState,End,Slider,51,Scenario,1
ID,8,Time,353.6379,DronePosition,-110.239,59.27025,-107.379,0,CameraPosition,-103.2109,1.72278,-107.2994,CameraRotation,345.5878,266.9778,359.0433,CurrentState,End,Slider,51,Scenario,1
ID,8,Time,353.652,DronePosition,-110.239,59.27025,-107.379,0,CameraPosition,-103.211,1.722796,-107.2997,CameraRotation,345.5513,266.8854,359.0756,CurrentState,End,Slider,51,Scenario,1
ID,8,Time,353.6661,DronePosition,-110.239,59.27025,-107.379,0,CameraPosition,-103.211,1.722785,-107.2999,CameraRotation,345.5017,266.7868,359.0922,CurrentState,End,Slider,51,Scenario,1
ID,8,Time,353.6797,DronePosition,-110.239,59.27025,-107.379,0,CameraPosition,-103.2111,1.722784,-107.3001,CameraRotation,345.4839,266.6873,359.1226,CurrentState,End,Slider,51,Scenario,1
ID,8,Time,353.6937,DronePosition,-110.239,59.27025,-107.379,0,CameraPosition,-103.2112,1.722788,-107.3003,CameraRotation,345.4794,266.5707,359.1433,CurrentState,End,Slider,51,Scenario,1
ID,8,Time,353.7079,DronePosition,-110.239,59.27025,-107.379,0,CameraPosition,-103.2113,1.722829,-107.3005,CameraRotation,345.462,266.4667,359.1339,CurrentState,End,Slider,51,Scenario,1
ID,8,Time,353.7217,DronePosition,-110.239,59.27025,-107.379,0,CameraPosition,-103.2114,1.72288,-107.3007,CameraRotation,345.4497,266.3619,359.1263,CurrentState,End,Slider,51,Scenario,1
ID,8,Time,353.7354,DronePosition,-110.239,59.27025,-107.379,0,CameraPosition,-103.2115,1.72297,-107.3009,CameraRotation,345.4331,266.2702,359.1268,CurrentState,End,Slider,51,Scenario,1
ID,8,Time,353.7495,DronePosition,-110.239,59.27025,-107.379,0,CameraPosition,-103.2116,1.72305,-107.301,CameraRotation,345.4048,266.1763,359.157,CurrentState,End,Slider,51,Scenario,1
ID,8,Time,353.7631,DronePosition,-110.239,59.27025,-107.379,0,CameraPosition,-103.2116,1.723142,-107.3012,CameraRotation,345.3741,266.0969,359.1916,CurrentState,End,Slider,51,Scenario,1
ID,8,Time,353.7769,DronePosition,-110.239,59.27025,-107.379,0,CameraPosition,-103.2117,1.723234,-107.3013,CameraRotation,345.3448,266.0164,359.2146,CurrentState,End,Slider,51,Scenario,1
ID,8,Time,353.791,DronePosition,-110.239,59.27025,-107.379,0,CameraPosition,-103.2118,1.723309,-107.3014,CameraRotation,345.3172,265.9428,359.2357,CurrentState,End,Slider,51,Scenario,1
ID,8,Time,353.805,DronePosition,-110.239,59.27025,-107.379,0,CameraPosition,-103.212,1.723382,-107.3015,CameraRotation,345.2884,265.8679,359.2504,CurrentState,End,Slider,51,Scenario,1
ID,8,Time,353.8189,DronePosition,-110.239,59.27025,-107.379,0,CameraPosition,-103.2121,1.723432,-107.3017,CameraRotation,345.2586,265.7915,359.2724,CurrentState,End,Slider,51,Scenario,1
ID,8,Time,353.8329,DronePosition,-110.239,59.27025,-107.379,0,CameraPosition,-103.2122,1.723465,-107.3018,CameraRotation,345.2241,265.7065,359.2894,CurrentState,End,Slider,51,Scenario,1
ID,8,Time,353.8477,DronePosition,-110.239,59.27025,-107.379,0,CameraPosition,-103.2123,1.723482,-107.3018,CameraRotation,345.1812,265.6014,359.2967,CurrentState,End,Slider,51,Scenario,1
ID,8,Time,353.8606,DronePosition,-110.239,59.27025,-107.379,0,CameraPosition,-103.2124,1.723513,-107.302,CameraRotation,345.1502,265.5006,359.2878,CurrentState,End,Slider,51,Scenario,1
ID,8,Time,353.8749,DronePosition,-110.239,59.27025,-107.379,0,CameraPosition,-103.2126,1.723551,-107.3021,CameraRotation,345.1264,265.3948,359.2769,CurrentState,End,Slider,51,Scenario,1
ID,8,Time,353.8886,DronePosition,-110.239,59.27025,-107.379,0,CameraPosition,-103.2127,1.723581,-107.3022,CameraRotation,345.1,265.2784,359.2752,CurrentState,End,Slider,51,Scenario,1
ID,8,Time,353.9025,DronePosition,-110.239,59.27025,-107.379,0,CameraPosition,-103.2128,1.723628,-107.3023,CameraRotation,345.0828,265.1826,359.2642,CurrentState,End,Slider,51,Scenario,1
ID,8,Time,353.9172,DronePosition,-110.239,59.27025,-107.379,0,CameraPosition,-103.213,1.723677,-107.3024,CameraRotation,345.0597,265.0692,359.2469,CurrentState,End,Slider,51,Scenario,1
ID,8,Time,353.93,DronePosition,-110.239,59.27025,-107.379,0,CameraPosition,-103.2131,1.723749,-107.3025,CameraRotation,345.0419,264.9758,359.2092,CurrentState,End,Slider,51,Scenario,1
ID,8,Time,353.9442,DronePosition,-110.239,59.27025,-107.379,0,CameraPosition,-103.2132,1.723807,-107.3025,CameraRotation,345.0178,264.884,359.1782,CurrentState,End,Slider,51,Scenario,1
ID,8,Time,353.9583,DronePosition,-110.239,59.27025,-107.379,0,CameraPosition,-103.2134,1.723869,-107.3026,CameraRotation,344.9992,264.809,359.1447,CurrentState,End,Slider,51,Scenario,1
ID,8,Time,353.9721,DronePosition,-110.239,59.27025,-107.379,0,CameraPosition,-103.2135,1.72394,-107.3027,CameraRotation,344.9838,264.7397,359.1103,CurrentState,End,Slider,51,Scenario,1
ID,8,Time,353.9857,DronePosition,-110.239,59.27025,-107.379,0,CameraPosition,-103.2137,1.723963,-107.3027,CameraRotation,344.9652,264.6746,359.1141,CurrentState,End,Slider,51,Scenario,1
ID,8,Time,353.9997,DronePosition,-110.239,59.27025,-107.379,0,CameraPosition,-103.2138,1.723945,-107.3028,CameraRotation,344.9301,264.6033,359.1229,CurrentState,End,Slider,51,Scenario,1
ID,8,Time,354.0135,DronePosition,-110.239,59.27025,-107.379,0,CameraPosition,-103.214,1.723925,-107.3028,CameraRotation,344.9282,264.5354,359.1346,CurrentState,End,Slider,51,Scenario,1
ID,8,Time,354.0276,DronePosition,-110.239,59.27025,-107.379,0,CameraPosition,-103.2142,1.72393,-107.3029,CameraRotation,344.9244,264.477,359.1248,CurrentState,End,Slider,51,Scenario,1
ID,8,Time,354.0417,DronePosition,-110.239,59.27025,-107.379,0,CameraPosition,-103.2143,1.723955,-107.303,CameraRotation,344.9213,264.4197,359.1029,CurrentState,End,Slider,51,Scenario,1
ID,8,Time,354.0558,DronePosition,-110.239,59.27025,-107.379,0,CameraPosition,-103.2145,1.723981,-107.303,CameraRotation,344.8987,264.3617,359.0965,CurrentState,End,Slider,51,Scenario,1
ID,8,Time,354.0695,DronePosition,-110.239,59.27025,-107.379,0,CameraPosition,-103.2146,1.723999,-107.3031,CameraRotation,344.8952,264.2941,359.1218,CurrentState,End,Slider,51,Scenario,1
ID,8,Time,354.0833,DronePosition,-110.239,59.27025,-107.379,0,CameraPosition,-103.2147,1.723994,-107.3032,CameraRotation,344.9214,264.2341,359.1447,CurrentState,End,Slider,51,Scenario,1
ID,8,Time,354.0968,DronePosition,-110.239,59.27025,-107.379,0,CameraPosition,-103.2149,1.723988,-107.3032,CameraRotation,344.947,264.1844,359.1129,CurrentState,End,Slider,51,Scenario,1
ID,8,Time,354.111,DronePosition,-110.239,59.27025,-107.379,0,CameraPosition,-103.215,1.723987,-107.3032,CameraRotation,344.951,264.1541,359.0573,CurrentState,End,Slider,51,Scenario,1
ID,8,Time,354.1255,DronePosition,-110.239,59.27025,-107.379,0,CameraPosition,-103.2152,1.723993,-107.3032,CameraRotation,344.9555,264.1335,359.0284,CurrentState,End,Slider,51,Scenario,1
ID,8,Time,354.1394,DronePosition,-110.239,59.27025,-107.379,0,CameraPosition,-103.2153,1.724016,-107.3032,CameraRotation,344.9598,264.1123,359.0284,CurrentState,End,Slider,51,Scenario,1
ID,8,Time,354.1531,DronePosition,-110.239,59.27025,-107.379,0,CameraPosition,-103.2154,1.724023,-107.3032,CameraRotation,344.957,264.1053,359.0124,CurrentState,End,Slider,51,Scenario,1
ID,8,Time,354.167,DronePosition,-110.239,59.27025,-107.379,0,CameraPosition,-103.2155,1.724023,-107.3032,CameraRotation,344.9788,264.1184,358.9753,CurrentState,End,Slider,51,Scenario,1
ID,8,Time,354.1805,DronePosition,-110.239,59.27025,-107.379,0,CameraPosition,-103.2156,1.724002,-107.3031,CameraRotation,344.9892,264.1518,358.9399,CurrentState,End,Slider,51,Scenario,1
ID,8,Time,354.1947,DronePosition,-110.239,59.27025,-107.379,0,CameraPosition,-103.2157,1.723995,-107.303,CameraRotation,344.9785,264.1818,358.9282,CurrentState,End,Slider,51,Scenario,1
ID,8,Time,354.2086,DronePosition,-110.239,59.27025,-107.379,0,CameraPosition,-103.2158,1.724019,-107.303,CameraRotation,344.9603,264.226,358.9358,CurrentState,End,Slider,51,Scenario,1
ID,8,Time,354.2226,DronePosition,-110.239,59.27025,-107.379,0,CameraPosition,-103.2159,1.724036,-107.3029,CameraRotation,344.94,264.2586,358.9534,CurrentState,End,Slider,51,Scenario,1
ID,8,Time,354.2364,DronePosition,-110.239,59.27025,-107.379,0,CameraPosition,-103.2159,1.724056,-107.3029,CameraRotation,344.9408,264.2936,358.9558,CurrentState,End,Slider,51,Scenario,1
ID,8,Time,354.2505,DronePosition,-110.239,59.27025,-107.379,0,CameraPosition,-103.216,1.72403,-107.3028,CameraRotation,344.9371,264.332,358.9461,CurrentState,End,Slider,51,Scenario,1
ID,8,Time,354.2638,DronePosition,-110.239,59.27025,-107.379,0,CameraPosition,-103.216,1.723947,-107.3028,CameraRotation,344.961,264.3635,358.928,CurrentState,End,Slider,51,Scenario,1
ID,8,Time,354.278,DronePosition,-110.239,59.27025,-107.379,0,CameraPosition,-103.216,1.723858,-107.3028,CameraRotation,345.0181,264.3887,358.9208,CurrentState,End,Slider,51,Scenario,1
ID,8,Time,354.2922,DronePosition,-110.239,59.27025,-107.379,0,CameraPosition,-103.216,1.723748,-107.3027,CameraRotation,345.0763,264.411,358.9111,CurrentState,End,Slider,51,Scenario,1
ID,8,Time,354.3062,DronePosition,-110.239,59.27025,-107.379,0,CameraPosition,-103.216,1.723676,-107.3027,CameraRotation,345.084,264.4292,358.8965,CurrentState,End,Slider,51,Scenario,1
ID,8,Time,354.3199,DronePosition,-110.239,59.27025,-107.379,0,CameraPosition,-103.2159,1.723649,-107.3028,CameraRotation,345.0756,264.4462,358.873,CurrentState,End,Slider,51,Scenario,1
ID,8,Time,354.3343,DronePosition,-110.239,59.27025,-107.379,0,CameraPosition,-103.2159,1.723651,-107.3028,CameraRotation,345.0434,264.4839,358.8551,CurrentState,End,Slider,51,Scenario,1
ID,8,Time,354.3476,DronePosition,-110.239,59.27025,-107.379,0,CameraPosition,-103.2158,1.723673,-107.3028,CameraRotation,345.0247,264.5165,358.8426,CurrentState,End,Slider,51,Scenario,1
ID,8,Time,354.3621,DronePosition,-110.239,59.27025,-107.379,0,CameraPosition,-103.2158,1.723701,-107.3028,CameraRotation,345.0042,264.5582,358.8548,CurrentState,End,Slider,51,Scenario,1
ID,8,Time,354.3758,DronePosition,-110.239,59.27025,-107.379,0,CameraPosition,-103.2157,1.723707,-107.3028,CameraRotation,345.0005,264.6033,358.8651,CurrentState,End,Slider,51,Scenario,1
ID,8,Time,354.3895,DronePosition,-110.239,59.27025,-107.379,0,CameraPosition,-103.2156,1.723702,-107.3028,CameraRotation,344.9952,264.6525,358.8749,CurrentState,End,Slider,51,Scenario,1
ID,8,Time,354.4036,DronePosition,-110.239,59.27025,-107.379,0,CameraPosition,-103.2155,1.723727,-107.3028,CameraRotation,344.9799,264.7058,358.8879,CurrentState,End,Slider,51,Scenario,1
ID,8,Time,354.4174,DronePosition,-110.239,59.27025,-107.379,0,CameraPosition,-103.2154,1.723744,-107.3028,CameraRotation,344.9541,264.7504,358.9143,CurrentState,End,Slider,51,Scenario,1
ID,8,Time,354.4314,DronePosition,-110.239,59.27025,-107.379,0,CameraPosition,-103.2153,1.723773,-107.3028,CameraRotation,344.9382,264.7998,358.9345,CurrentState,End,Slider,51,Scenario,1
ID,8,Time,354.4452,DronePosition,-110.239,59.27025,-107.379,0,CameraPosition,-103.2151,1.723777,-107.3029,CameraRotation,344.9217,264.852,358.9799,CurrentState,End,Slider,51,Scenario,1
ID,8,Time,354.4599,DronePosition,-110.239,59.27025,-107.379,0,CameraPosition,-103.215,1.723773,-107.3029,CameraRotation,344.9142,264.9128,359.0086,CurrentState,End,Slider,51,Scenario,1
ID,8,Time,354.4732,DronePosition,-110.239,59.27025,-107.379,0,CameraPosition,-103.2148,1.723747,-107.3029,CameraRotation,344.9023,264.9728,359.0236,CurrentState,End,Slider,51,Scenario,1
ID,8,Time,354.4872,DronePosition,-110.239,59.27025,-107.379,0,CameraPosition,-103.2146,1.723744,-107.3028,CameraRotation,344.8829,265.0321,359.0409,CurrentState,End,Slider,51,Scenario,1
ID,8,Time,354.501,DronePosition,-110.239,59.27025,-107.379,0,CameraPosition,-103.2144,1.723781,-107.3028,CameraRotation,344.8502,265.0943,359.0464,CurrentState,End,Slider,51,Scenario,1
ID,8,Time,354.5147,DronePosition,-110.239,59.27025,-107.379,0,CameraPosition,-103.2142,1.723846,-107.3028,CameraRotation,344.7883,265.1612,359.0486,CurrentState,End,Slider,51,Scenario,1
ID,8,Time,354.5287,DronePosition,-110.239,59.27025,-107.379,0,CameraPosition,-103.214,1.723912,-107.3028,CameraRotation,344.7198,265.2268,359.0559,CurrentState,End,Slider,51,Scenario,1
ID,8,Time,354.543,DronePosition,-110.239,59.27025,-107.379,0,CameraPosition,-103.2138,1.723958,-107.3028,CameraRotation,344.6528,265.2974,359.0529,CurrentState,End,Slider,51,Scenario,1
ID,8,Time,354.5578,DronePosition,-110.239,59.27025,-107.379,0,CameraPosition,-103.2136,1.723984,-107.3029,CameraRotation,344.6042,265.3633,359.0413,CurrentState,End,Slider,51,Scenario,1
ID,8,Time,354.5705,DronePosition,-110.239,59.27025,-107.379,0,CameraPosition,-103.2134,1.723983,-107.3028,CameraRotation,344.5664,265.4301,359.0504,CurrentState,End,Slider,51,Scenario,1
ID,8,Time,354.5844,DronePosition,-110.239,59.27025,-107.379,0,CameraPosition,-103.2132,1.724009,-107.3028,CameraRotation,344.5405,265.4981,359.0607,CurrentState,End,Slider,51,Scenario,1
ID,8,Time,354.5985,DronePosition,-110.239,59.27025,-107.379,0,CameraPosition,-103.213,1.724006,-107.3028,CameraRotation,344.5102,265.5632,359.0823,CurrentState,End,Slider,51,Scenario,1
ID,8,Time,354.6123,DronePosition,-110.239,59.27025,-107.379,0,CameraPosition,-103.2128,1.723961,-107.3028,CameraRotation,344.455,265.6391,359.121,CurrentState,End,Slider,51,Scenario,1
ID,8,Time,354.6263,DronePosition,-110.239,59.27025,-107.379,0,CameraPosition,-103.2126,1.723939,-107.3028,CameraRotation,344.4132,265.7137,359.1361,CurrentState,End,Slider,51,Scenario,1
ID,8,Time,354.6404,DronePosition,-110.239,59.27025,-107.379,0,CameraPosition,-103.2125,1.723913,-107.3028,CameraRotation,344.3765,265.7717,359.159,CurrentState,End,Slider,51,Scenario,1
ID,8,Time,354.6543,DronePosition,-110.239,59.27025,-107.379,0,CameraPosition,-103.2123,1.723918,-107.3028,CameraRotation,344.3351,265.8203,359.1813,CurrentState,End,Slider,51,Scenario,1
ID,8,Time,354.6678,DronePosition,-110.239,59.27025,-107.379,0,CameraPosition,-103.2121,1.723918,-107.3028,CameraRotation,344.2831,265.8555,359.2222,CurrentState,End,Slider,51,Scenario,1
ID,8,Time,354.682,DronePosition,-110.239,59.27025,-107.379,0,CameraPosition,-103.212,1.72392,-107.3028,CameraRotation,344.2573,265.877,359.2707,CurrentState,End,Slider,51,Scenario,1
ID,8,Time,354.696,DronePosition,-110.239,59.27025,-107.379,0,CameraPosition,-103.2118,1.723918,-107.3028,CameraRotation,344.2544,265.9067,359.2854,CurrentState,End,Slider,51,Scenario,1
ID,8,Time,354.7099,DronePosition,-110.239,59.27025,-107.379,0,CameraPosition,-103.2116,1.7239,-107.3028,CameraRotation,344.2493,265.9399,359.2671,CurrentState,End,Slider,51,Scenario,1
ID,8,Time,354.7237,DronePosition,-110.239,59.27025,-107.379,0,CameraPosition,-103.2114,1.723879,-107.3028,CameraRotation,344.2474,265.972,359.2378,CurrentState,End,Slider,51,Scenario,1
ID,8,Time,354.7378,DronePosition,-110.239,59.27025,-107.379,0,CameraPosition,-103.2113,1.723875,-107.3028,CameraRotation,344.2611,266.0111,359.2357,CurrentState,End,Slider,51,Scenario,1
ID,8,Time,354.7522,DronePosition,-110.239,59.27025,-107.379,0,CameraPosition,-103.2111,1.723845,-107.3028,CameraRotation,344.275,266.0443,359.2596,CurrentState,End,Slider,51,Scenario,1
ID,8,Time,354.7657,DronePosition,-110.239,59.27025,-107.379,0,CameraPosition,-103.2109,1.723792,-107.3028,CameraRotation,344.2916,266.0884,359.2696,CurrentState,End,Slider,51,Scenario,1
ID,8,Time,354.7795,DronePosition,-110.239,59.27025,-107.379,0,CameraPosition,-103.2107,1.723723,-107.3027,CameraRotation,344.3127,266.1398,359.2779,CurrentState,End,Slider,51,Scenario,1
ID,8,Time,354.7934,DronePosition,-110.239,59.27025,-107.379,0,CameraPosition,-103.2104,1.723648,-107.3026,CameraRotation,344.3276,266.2165,359.2809,CurrentState,End,Slider,51,Scenario,1
ID,8,Time,354.8074,DronePosition,-110.239,59.27025,-107.379,0,CameraPosition,-103.2102,1.723557,-107.3025,CameraRotation,344.3277,266.2998,359.2986,CurrentState,End,Slider,51,Scenario,1
ID,8,Time,354.8212,DronePosition,-110.239,59.27025,-107.379,0,CameraPosition,-103.21,1.723476,-107.3024,CameraRotation,344.333,266.3802,359.328,CurrentState,End,Slider,51,Scenario,1
ID,8,Time,354.8353,DronePosition,-110.239,59.27025,-107.379,0,CameraPosition,-103.2098,1.723411,-107.3023,CameraRotation,344.335,266.466,359.3436,CurrentState,End,Slider,51,Scenario,1
ID,8,Time,354.8499,DronePosition,-110.239,59.27025,-107.379,0,CameraPosition,-103.2095,1.723369,-107.3022,CameraRotation,344.3431,266.5416,359.3568,CurrentState,End,Slider,51,Scenario,1
ID,8,Time,354.8631,DronePosition,-110.239,59.27025,-107.379,0,CameraPosition,-103.2093,1.723325,-107.3021,CameraRotation,344.3268,266.6199,359.3535,CurrentState,End,Slider,51,Scenario,1
ID,8,Time,354.8776,DronePosition,-110.239,59.27025,-107.379,0,CameraPosition,-103.2092,1.723311,-107.302,CameraRotation,344.3204,266.6891,359.3578,CurrentState,End,Slider,51,Scenario,1
ID,8,Time,354.8909,DronePosition,-110.239,59.27025,-107.379,0,CameraPosition,-103.209,1.723303,-107.3019,CameraRotation,344.3187,266.7551,359.375,CurrentState,End,Slider,51,Scenario,1
ID,8,Time,354.905,DronePosition,-110.239,59.27025,-107.379,0,CameraPosition,-103.2088,1.723305,-107.3018,CameraRotation,344.2918,266.8142,359.3682,CurrentState,End,Slider,51,Scenario,1
ID,8,Time,354.9186,DronePosition,-110.239,59.27025,-107.379,0,CameraPosition,-103.2086,1.723335,-107.3017,CameraRotation,344.2521,266.8791,359.3302,CurrentState,End,Slider,51,Scenario,1
ID,8,Time,354.9327,DronePosition,-110.239,59.27025,-107.379,0,CameraPosition,-103.2084,1.723383,-107.3016,CameraRotation,344.2195,266.938,359.299,CurrentState,End,Slider,51,Scenario,1
ID,8,Time,354.9465,DronePosition,-110.239,59.27025,-107.379,0,CameraPosition,-103.2082,1.723418,-107.3015,CameraRotation,344.1931,266.9916,359.2953,CurrentState,End,Slider,51,Scenario,1
ID,8,Time,354.961,DronePosition,-110.239,59.27025,-107.379,0,CameraPosition,-103.2081,1.72344,-107.3013,CameraRotation,344.1758,267.0462,359.2929,CurrentState,End,Slider,51,Scenario,1
ID,8,Time,354.9747,DronePosition,-110.239,59.27025,-107.379,0,CameraPosition,-103.2079,1.723445,-107.3012,CameraRotation,344.1774,267.0908,359.306,CurrentState,End,Slider,51,Scenario,1
ID,8,Time,354.9883,DronePosition,-110.239,59.27025,-107.379,0,CameraPosition,-103.2077,1.723411,-107.3011,CameraRotation,344.1621,267.1276,359.3156,CurrentState,End,Slider,51,Scenario,1
ID,8,Time,355.0022,DronePosition,-110.239,59.27025,-107.379,0,CameraPosition,-103.2076,1.72337,-107.301,CameraRotation,344.1687,267.1508,359.3277,CurrentState,End,Slider,51,Scenario,1
ID,8,Time,355.0163,DronePosition,-110.239,59.27025,-107.379,0,CameraPosition,-103.2074,1.723324,-107.301,CameraRotation,344.1811,267.1585,359.3378,CurrentState,End,Slider,51,Scenario,1
ID,8,Time,355.0298,DronePosition,-110.239,59.27025,-107.379,0,CameraPosition,-103.2073,1.723282,-107.3009,CameraRotation,344.1943,267.1426,359.3536,CurrentState,End,Slider,51,Scenario,1
ID,8,Time,355.0439,DronePosition,-110.239,59.27025,-107.379,0,CameraPosition,-103.2072,1.723251,-107.3009,CameraRotation,344.183,267.1237,359.3322,CurrentState,End,Slider,51,Scenario,1
ID,8,Time,355.058,DronePosition,-110.239,59.27025,-107.379,0,CameraPosition,-103.2071,1.72324,-107.3009,CameraRotation,344.1596,267.0854,359.3062,CurrentState,End,Slider,51,Scenario,1
ID,8,Time,355.0721,DronePosition,-110.239,59.27025,-107.379,0,CameraPosition,-103.2069,1.723268,-107.3009,CameraRotation,344.1326,267.0496,359.2733,CurrentState,End,Slider,51,Scenario,1
ID,8,Time,355.0858,DronePosition,-110.239,59.27025,-107.379,0,CameraPosition,-103.2068,1.723287,-107.3008,CameraRotation,344.083,267.0013,359.2662,CurrentState,End,Slider,51,Scenario,1
ID,8,Time,355.1,DronePosition,-110.239,59.27025,-107.379,0,CameraPosition,-103.2067,1.723315,-107.3008,CameraRotation,344.0623,266.9655,359.2532,CurrentState,End,Slider,51,Scenario,1
ID,8,Time,355.1136,DronePosition,-110.239,59.27025,-107.379,0,CameraPosition,-103.2066,1.723329,-107.3008,CameraRotation,344.0475,266.927,359.2462,CurrentState,End,Slider,51,Scenario,1
ID,8,Time,355.1277,DronePosition,-110.239,59.27025,-107.379,0,CameraPosition,-103.2066,1.723335,-107.3008,CameraRotation,344.0357,266.8903,359.2394,CurrentState,End,Slider,51,Scenario,1
ID,8,Time,355.1415,DronePosition,-110.239,59.27025,-107.379,0,CameraPosition,-103.2065,1.723332,-107.3008,CameraRotation,344.0354,266.859,359.2387,CurrentState,End,Slider,51,Scenario,1
ID,8,Time,355.1556,DronePosition,-110.239,59.27025,-107.379,0,CameraPosition,-103.2064,1.723314,-107.3008,CameraRotation,344.0289,266.8387,359.2436,CurrentState,End,Slider,51,Scenario,1
ID,8,Time,355.1696,DronePosition,-110.239,59.27025,-107.379,0,CameraPosition,-103.2064,1.723291,-107.3008,CameraRotation,344.0351,266.8224,359.2404,CurrentState,End,Slider,51,Scenario,1
ID,8,Time,355.1835,DronePosition,-110.239,59.27025,-107.379,0,CameraPosition,-103.2063,1.723267,-107.3007,CameraRotation,344.0377,266.7971,359.2408,CurrentState,End,Slider,51,Scenario,1
ID,8,Time,355.1971,DronePosition,-110.239,59.27025,-107.379,0,CameraPosition,-103.2063,1.723236,-107.3008,CameraRotation,344.0376,266.768,359.2504,CurrentState,End,Slider,51,Scenario,1
ID,8,Time,355.211,DronePosition,-110.239,59.27025,-107.379,0,CameraPosition,-103.2063,1.723216,-107.3008,CameraRotation,344.0336,266.7206,359.2709,CurrentState,End,Slider,51,Scenario,1
ID,8,Time,355.2253,DronePosition,-110.239,59.27025,-107.379,0,CameraPosition,-103.2063,1.723202,-107.3008,CameraRotation,344.0254,266.6898,359.2936,CurrentState,End,Slider,51,Scenario,1
ID,8,Time,355.2389,DronePosition,-110.239,59.27025,-107.379,0,CameraPosition,-103.2063,1.723207,-107.3008,CameraRotation,344.0089,266.6465,359.305,CurrentState,End,Slider,51,Scenario,1
ID,8,Time,355.2529,DronePosition,-110.239,59.27025,-107.379,0,CameraPosition,-103.2063,1.723256,-107.3008,CameraRotation,343.9877,266.5911,359.2833,CurrentState,End,Slider,51,Scenario,1
ID,8,Time,355.2668,DronePosition,-110.239,59.27025,-107.379,0,CameraPosition,-103.2063,1.723277,-107.3008,CameraRotation,343.952,266.5385,359.2852,CurrentState,End,Slider,51,Scenario,1
ID,8,Time,355.2806,DronePosition,-110.239,59.27025,-107.379,0,CameraPosition,-103.2064,1.723297,-107.3008,CameraRotation,343.9386,266.4694,359.3266,CurrentState,End,Slider,51,Scenario,1
ID,8,Time,355.2944,DronePosition,-110.239,59.27025,-107.379,0,CameraPosition,-103.2065,1.723287,-107.3008,CameraRotation,343.9464,266.3988,359.3659,CurrentState,End,Slider,51,Scenario,1
ID,8,Time,355.3087,DronePosition,-110.239,59.27025,-107.379,0,CameraPosition,-103.2065,1.723268,-107.3008,CameraRotation,343.9611,266.3411,359.3794,CurrentState,End,Slider,51,Scenario,1
ID,8,Time,355.3224,DronePosition,-110.239,59.27025,-107.379,0,CameraPosition,-103.2065,1.72325,-107.3008,CameraRotation,343.9543,266.2991,359.3521,CurrentState,End,Slider,51,Scenario,1
ID,8,Time,355.3363,DronePosition,-110.239,59.27025,-107.379,0,CameraPosition,-103.2066,1.723271,-107.3008,CameraRotation,343.9523,266.2665,359.3346,CurrentState,End,Slider,51,Scenario,1
ID,8,Time,355.3505,DronePosition,-110.239,59.27025,-107.379,0,CameraPosition,-103.2067,1.723292,-107.3007,CameraRotation,343.959,266.227,359.341,CurrentState,End,Slider,51,Scenario,1
ID,8,Time,355.3641,DronePosition,-110.239,59.27025,-107.379,0,CameraPosition,-103.2068,1.72328,-107.3007,CameraRotation,343.9901,266.1889,359.3607,CurrentState,End,Slider,51,Scenario,1
ID,8,Time,355.3785,DronePosition,-110.239,59.27025,-107.379,0,CameraPosition,-103.2068,1.723238,-107.3006,CameraRotation,344.0327,266.1606,359.3568,CurrentState,End,Slider,51,Scenario,1
ID,8,Time,355.3924,DronePosition,-110.239,59.27025,-107.379,0,CameraPosition,-103.2069,1.723181,-107.3005,CameraRotation,344.0589,266.151,359.3412,CurrentState,End,Slider,51,Scenario,1
ID,8,Time,355.4059,DronePosition,-110.239,59.27025,-107.379,0,CameraPosition,-103.207,1.723156,-107.3004,CameraRotation,344.0764,266.1396,359.3245,CurrentState,End,Slider,51,Scenario,1
ID,8,Time,355.4199,DronePosition,-110.239,59.27025,-107.379,0,CameraPosition,-103.2071,1.723152,-107.3003,CameraRotation,344.0864,266.1273,359.3262,CurrentState,End,Slider,51,Scenario,1
ID,8,Time,355.4337,DronePosition,-110.239,59.27025,-107.379,0,CameraPosition,-103.2072,1.723149,-107.3002,CameraRotation,344.0946,266.1197,359.3324,CurrentState,End,Slider,51,Scenario,1
ID,8,Time,355.4475,DronePosition,-110.239,59.27025,-107.379,0,CameraPosition,-103.2073,1.723139,-107.3,CameraRotation,344.1269,266.1074,359.3293,CurrentState,End,Slider,51,Scenario,1
ID,8,Time,355.4615,DronePosition,-110.239,59.27025,-107.379,0,CameraPosition,-103.2073,1.723084,-107.2999,CameraRotation,344.1642,266.097,359.3191,CurrentState,End,Slider,51,Scenario,1
ID,8,Time,355.4756,DronePosition,-110.239,59.27025,-107.379,0,CameraPosition,-103.2074,1.723012,-107.2997,CameraRotation,344.2117,266.085,359.3146,CurrentState,End,Slider,51,Scenario,1
ID,8,Time,355.4896,DronePosition,-110.239,59.27025,-107.379,0,CameraPosition,-103.2074,1.722977,-107.2995,CameraRotation,344.2742,266.0771,359.3048,CurrentState,End,Slider,51,Scenario,1
ID,8,Time,355.5035,DronePosition,-110.239,59.27025,-107.379,0,CameraPosition,-103.2075,1.723002,-107.2994,CameraRotation,344.2964,266.0744,359.2857,CurrentState,End,Slider,51,Scenario,1
ID,8,Time,355.5176,DronePosition,-110.239,59.27025,-107.379,0,CameraPosition,-103.2076,1.723053,-107.2992,CameraRotation,344.3006,266.0744,359.2441,CurrentState,End,Slider,51,Scenario,1
ID,8,Time,355.5314,DronePosition,-110.239,59.27025,-107.379,0,CameraPosition,-103.2077,1.723114,-107.299,CameraRotation,344.3012,266.0775,359.2104,CurrentState,End,Slider,51,Scenario,1
ID,8,Time,355.545,DronePosition,-110.239,59.27025,-107.379,0,CameraPosition,-103.2078,1.723119,-107.2988,CameraRotation,344.3106,266.0824,359.2087,CurrentState,End,Slider,51,Scenario,1
ID,8,Time,355.5594,DronePosition,-110.239,59.27025,-107.379,0,CameraPosition,-103.2078,1.723113,-107.2986,CameraRotation,344.32,266.0784,359.2183,CurrentState,End,Slider,51,Scenario,1
ID,8,Time,355.5751,DronePosition,-110.239,59.27025,-107.379,0,CameraPosition,-103.2079,1.723092,-107.2984,CameraRotation,344.3215,266.0777,359.218,CurrentState,End,Slider,51,Scenario,1
ID,8,Time,355.5873,DronePosition,-110.239,59.27025,-107.379,0,CameraPosition,-103.2079,1.723075,-107.2982,CameraRotation,344.3209,266.075,359.2032,CurrentState,End,Slider,51,Scenario,1
ID,8,Time,355.6009,DronePosition,-110.239,59.27025,-107.379,0,CameraPosition,-103.208,1.723057,-107.298,CameraRotation,344.3157,266.0801,359.1738,CurrentState,End,Slider,51,Scenario,1
ID,8,Time,355.6145,DronePosition,-110.239,59.27025,-107.379,0,CameraPosition,-103.2081,1.72304,-107.2978,CameraRotation,344.3117,266.0715,359.1443,CurrentState,End,Slider,51,Scenario,1
ID,8,Time,355.6284,DronePosition,-110.239,59.27025,-107.379,0,CameraPosition,-103.2081,1.72303,-107.2976,CameraRotation,344.3047,266.0612,359.1249,CurrentState,End,Slider,51,Scenario,1
ID,8,Time,355.6424,DronePosition,-110.239,59.27025,-107.379,0,CameraPosition,-103.2082,1.723035,-107.2974,CameraRotation,344.2831,266.0585,359.0914,CurrentState,End,Slider,51,Scenario,1
ID,8,Time,355.6566,DronePosition,-110.239,59.27025,-107.379,0,CameraPosition,-103.2083,1.723043,-107.2971,CameraRotation,344.2538,266.0664,359.0543,CurrentState,End,Slider,51,Scenario,1
ID,8,Time,355.6704,DronePosition,-110.239,59.27025,-107.379,0,CameraPosition,-103.2084,1.723097,-107.297,CameraRotation,344.2292,266.0811,359.0173,CurrentState,End,Slider,51,Scenario,1
ID,8,Time,355.6843,DronePosition,-110.239,59.27025,-107.379,0,CameraPosition,-103.2085,1.723176,-107.2967,CameraRotation,344.2161,266.1055,358.987,CurrentState,End,Slider,51,Scenario,1
ID,8,Time,355.6983,DronePosition,-110.239,59.27025,-107.379,0,CameraPosition,-103.2086,1.723186,-107.2965,CameraRotation,344.1995,266.136,358.9529,CurrentState,End,Slider,51,Scenario,1
ID,8,Time,355.7124,DronePosition,-110.239,59.27025,-107.379,0,CameraPosition,-103.2087,1.723193,-107.2962,CameraRotation,344.2071,266.1785,358.9305,CurrentState,End,Slider,51,Scenario,1
ID,8,Time,355.7262,DronePosition,-110.239,59.27025,-107.379,0,CameraPosition,-103.2088,1.723183,-107.2959,CameraRotation,344.2008,266.2279,358.9047,CurrentState,End,Slider,51,Scenario,1
ID,8,Time,355.7402,DronePosition,-110.239,59.27025,-107.379,0,CameraPosition,-103.209,1.723173,-107.2957,CameraRotation,344.2106,266.2847,358.8844,CurrentState,End,Slider,51,Scenario,1
ID,8,Time,355.754,DronePosition,-110.239,59.27025,-107.379,0,CameraPosition,-103.2092,1.723134,-107.2954,CameraRotation,344.221,266.3289,358.8738,CurrentState,End,Slider,51,Scenario,1
ID,8,Time,355.768,DronePosition,-110.239,59.27025,-107.379,0,CameraPosition,-103.2093,1.723078,-107.2952,CameraRotation,344.2535,266.3647,358.8623,CurrentState,End,Slider,51,Scenario,1
ID,8,Time,355.7819,DronePosition,-110.239,59.27025,-107.379,0,CameraPosition,-103.2095,1.723024,-107.295,CameraRotation,344.2973,266.3896,358.8532,CurrentState,End,Slider,51,Scenario,1
ID,8,Time,355.7959,DronePosition,-110.239,59.27025,-107.379,0,CameraPosition,-103.2097,1.722946,-107.2947,CameraRotation,344.3191,266.4076,358.8519,CurrentState,End,Slider,51,Scenario,1
ID,8,Time,355.8098,DronePosition,-110.239,59.27025,-107.379,0,CameraPosition,-103.2098,1.722869,-107.2945,CameraRotation,344.3511,266.4181,358.8445,CurrentState,End,Slider,51,Scenario,1
ID,8,Time,355.8235,DronePosition,-110.239,59.27025,-107.379,0,CameraPosition,-103.2101,1.722815,-107.2943,CameraRotation,344.3764,266.4216,358.8355,CurrentState,End,Slider,51,Scenario,1
ID,8,Time,355.8376,DronePosition,-110.239,59.27025,-107.379,0,CameraPosition,-103.2104,1.722794,-107.2941,CameraRotation,344.3939,266.4335,358.8117,CurrentState,End,Slider,51,Scenario,1
ID,8,Time,355.8534,DronePosition,-110.239,59.27025,-107.379,0,CameraPosition,-103.2106,1.722814,-107.2939,CameraRotation,344.4176,266.4254,358.7964,CurrentState,End,Slider,51,Scenario,1
ID,8,Time,355.8655,DronePosition,-110.239,59.27025,-107.379,0,CameraPosition,-103.2109,1.7228,-107.2937,CameraRotation,344.412,266.4314,358.8042,CurrentState,End,Slider,51,Scenario,1
ID,8,Time,355.8791,DronePosition,-110.239,59.27025,-107.379,0,CameraPosition,-103.2111,1.722757,-107.2935,CameraRotation,344.4298,266.4222,358.8441,CurrentState,End,Slider,51,Scenario,1
ID,8,Time,355.8935,DronePosition,-110.239,59.27025,-107.379,0,CameraPosition,-103.2113,1.722687,-107.2933,CameraRotation,344.4926,266.4159,358.8762,CurrentState,End,Slider,51,Scenario,1
ID,8,Time,355.9071,DronePosition,-110.239,59.27025,-107.379,0,CameraPosition,-103.2116,1.722575,-107.2931,CameraRotation,344.577,266.4142,358.8701,CurrentState,End,Slider,51,Scenario,1
ID,8,Time,355.9211,DronePosition,-110.239,59.27025,-107.379,0,CameraPosition,-103.2118,1.722515,-107.2929,CameraRotation,344.6332,266.4358,358.8226,CurrentState,End,Slider,51,Scenario,1
ID,8,Time,355.9351,DronePosition,-110.239,59.27025,-107.379,0,CameraPosition,-103.2121,1.722502,-107.2927,CameraRotation,344.6445,266.458,358.7705,CurrentState,End,Slider,51,Scenario,1
ID,8,Time,355.9487,DronePosition,-110.239,59.27025,-107.379,0,CameraPosition,-103.2124,1.722524,-107.2924,CameraRotation,344.6618,266.4761,358.7429,CurrentState,End,Slider,51,Scenario,1
ID,8,Time,355.9627,DronePosition,-110.239,59.27025,-107.379,0,CameraPosition,-103.2126,1.722502,-107.2922,CameraRotation,344.6904,266.4881,358.7382,CurrentState,End,Slider,51,Scenario,1
ID,8,Time,355.9767,DronePosition,-110.239,59.27025,-107.379,0,CameraPosition,-103.2129,1.722436,-107.292,CameraRotation,344.7394,266.507,358.7539,CurrentState,End,Slider,51,Scenario,1
ID,8,Time,355.9905,DronePosition,-110.239,59.27025,-107.379,0,CameraPosition,-103.2132,1.722368,-107.2918,CameraRotation,344.8001,266.5429,358.7613,CurrentState,End,Slider,51,Scenario,1
ID,8,Time,356.005,DronePosition,-110.239,59.27025,-107.379,0,CameraPosition,-103.2135,1.722302,-107.2916,CameraRotation,344.8535,266.5836,358.7659,CurrentState,End,Slider,51,Scenario,1
ID,8,Time,356.0186,DronePosition,-110.239,59.27025,-107.379,0,CameraPosition,-103.2138,1.722229,-107.2913,CameraRotation,344.8983,266.6372,358.76,CurrentState,End,Slider,51,Scenario,1
ID,8,Time,356.0323,DronePosition,-110.239,59.27025,-107.379,0,CameraPosition,-103.2141,1.72214,-107.2911,CameraRotation,344.936,266.7002,358.7546,CurrentState,End,Slider,51,Scenario,1
ID,8,Time,356.0463,DronePosition,-110.239,59.27025,-107.379,0,CameraPosition,-103.2143,1.722067,-107.2908,CameraRotation,344.9943,266.7608,358.734,CurrentState,End,Slider,51,Scenario,1
ID,8,Time,356.0601,DronePosition,-110.239,59.27025,-107.379,0,CameraPosition,-103.2146,1.722003,-107.2905,CameraRotation,345.0522,266.8279,358.72,CurrentState,End,Slider,51,Scenario,1
ID,8,Time,356.0742,DronePosition,-110.239,59.27025,-107.379,0,CameraPosition,-103.2149,1.721948,-107.2902,CameraRotation,345.0938,266.9099,358.7015,CurrentState,End,Slider,51,Scenario,1
ID,8,Time,356.0885,DronePosition,-110.239,59.27025,-107.379,0,CameraPosition,-103.2152,1.721904,-107.2899,CameraRotation,345.1507,266.9704,358.7077,CurrentState,End,Slider,51,Scenario,1
ID,8,Time,356.1021,DronePosition,-110.239,59.27025,-107.379,0,CameraPosition,-103.2155,1.721893,-107.2897,CameraRotation,345.2162,267.0506,358.696,CurrentState,End,Slider,51,Scenario,1
ID,8,Time,356.1158,DronePosition,-110.239,59.27025,-107.379,0,CameraPosition,-103.2158,1.721893,-107.2894,CameraRotation,345.256,267.1466,358.6583,CurrentState,End,Slider,51,Scenario,1
ID,8,Time,356.1297,DronePosition,-110.239,59.27025,-107.379,0,CameraPosition,-103.216,1.721886,-107.2891,CameraRotation,345.2841,267.2454,358.6098,CurrentState,End,Slider,51,Scenario,1
ID,8,Time,356.144,DronePosition,-110.239,59.27025,-107.379,0,CameraPosition,-103.2163,1.721902,-107.2889,CameraRotation,345.3164,267.3724,358.5745,CurrentState,End,Slider,51,Scenario,1
ID,8,Time,356.1578,DronePosition,-110.239,59.27025,-107.379,0,CameraPosition,-103.2166,1.721918,-107.2886,CameraRotation,345.359,267.4948,358.5617,CurrentState,End,Slider,51,Scenario,1
ID,8,Time,356.1716,DronePosition,-110.239,59.27025,-107.379,0,CameraPosition,-103.2169,1.72193,-107.2884,CameraRotation,345.3941,267.6181,358.5547,CurrentState,End,Slider,51,Scenario,1
ID,8,Time,356.1856,DronePosition,-110.239,59.27025,-107.379,0,CameraPosition,-103.2171,1.721931,-107.2881,CameraRotation,345.4229,267.7314,358.5631,CurrentState,End,Slider,51,Scenario,1
ID,8,Time,356.1994,DronePosition,-110.239,59.27025,-107.379,0,CameraPosition,-103.2173,1.721902,-107.2879,CameraRotation,345.4498,267.8477,358.5614,CurrentState,End,Slider,51,Scenario,1
ID,8,Time,356.2135,DronePosition,-110.239,59.27025,-107.379,0,CameraPosition,-103.2176,1.721859,-107.2877,CameraRotation,345.4891,267.9574,358.5614,CurrentState,End,Slider,51,Scenario,1
ID,8,Time,356.2272,DronePosition,-110.239,59.27025,-107.379,0,CameraPosition,-103.2178,1.721783,-107.2875,CameraRotation,345.5289,268.059,358.5617,CurrentState,End,Slider,51,Scenario,1
ID,8,Time,356.2413,DronePosition,-110.239,59.27025,-107.379,0,CameraPosition,-103.2179,1.721706,-107.2873,CameraRotation,345.5728,268.1577,358.556,CurrentState,End,Slider,51,Scenario,1
ID,8,Time,356.2552,DronePosition,-110.239,59.27025,-107.379,0,CameraPosition,-103.2181,1.721637,-107.2872,CameraRotation,345.6069,268.2668,358.5502,CurrentState,End,Slider,51,Scenario,1
ID,8,Time,356.269,DronePosition,-110.239,59.27025,-107.379,0,CameraPosition,-103.2183,1.721582,-107.287,CameraRotation,345.636,268.3959,358.55,CurrentState,End,Slider,51,Scenario,1
ID,8,Time,356.2829,DronePosition,-110.239,59.27025,-107.379,0,CameraPosition,-103.2185,1.721542,-107.2869,CameraRotation,345.6549,268.5445,358.5577,CurrentState,End,Slider,51,Scenario,1
ID,8,Time,356.2968,DronePosition,-110.239,59.27025,-107.379,0,CameraPosition,-103.2186,1.721511,-107.2867,CameraRotation,345.676,268.6917,358.5677,CurrentState,End,Slider,51,Scenario,1
ID,8,Time,356.3107,DronePosition,-110.239,59.27025,-107.379,0,CameraPosition,-103.2188,1.721464,-107.2866,CameraRotation,345.6945,268.8482,358.5984,CurrentState,End,Slider,51,Scenario,1
ID,8,Time,356.3247,DronePosition,-110.239,59.27025,-107.379,0,CameraPosition,-103.219,1.721454,-107.2865,CameraRotation,345.7097,268.9998,358.6198,CurrentState,End,Slider,51,Scenario,1
ID,8,Time,356.3386,DronePosition,-110.239,59.27025,-107.379,0,CameraPosition,-103.2191,1.721476,-107.2864,CameraRotation,345.7146,269.1449,358.6324,CurrentState,End,Slider,51,Scenario,1
ID,8,Time,356.3528,DronePosition,-110.239,59.27025,-107.379,0,CameraPosition,-103.2192,1.721507,-107.2863,CameraRotation,345.7182,269.2792,358.6488,CurrentState,End,Slider,51,Scenario,1
ID,8,Time,356.3668,DronePosition,-110.239,59.27025,-107.379,0,CameraPosition,-103.2194,1.721503,-107.2863,CameraRotation,345.7263,269.3947,358.6664,CurrentState,End,Slider,51,Scenario,1
ID,8,Time,356.381,DronePosition,-110.239,59.27025,-107.379,0,CameraPosition,-103.2195,1.721499,-107.2863,CameraRotation,345.7405,269.4967,358.6915,CurrentState,End,Slider,51,Scenario,1
ID,8,Time,356.3942,DronePosition,-110.239,59.27025,-107.379,0,CameraPosition,-103.2196,1.721517,-107.2863,CameraRotation,345.7435,269.5811,358.7215,CurrentState,End,Slider,51,Scenario,1
ID,8,Time,356.4082,DronePosition,-110.239,59.27025,-107.379,0,CameraPosition,-103.2198,1.721535,-107.2863,CameraRotation,345.7363,269.6636,358.7681,CurrentState,End,Slider,51,Scenario,1
ID,8,Time,356.4227,DronePosition,-110.239,59.27025,-107.379,0,CameraPosition,-103.22,1.721519,-107.2864,CameraRotation,345.7132,269.7315,358.8177,CurrentState,End,Slider,51,Scenario,1
ID,8,Time,356.4366,DronePosition,-110.239,59.27025,-107.379,0,CameraPosition,-103.2201,1.721542,-107.2865,CameraRotation,345.6989,269.7828,358.8426,CurrentState,End,Slider,51,Scenario,1
ID,8,Time,356.4501,DronePosition,-110.239,59.27025,-107.379,0,CameraPosition,-103.2203,1.721582,-107.2866,CameraRotation,345.688,269.812,358.8611,CurrentState,End,Slider,51,Scenario,1
ID,8,Time,356.4639,DronePosition,-110.239,59.27025,-107.379,0,CameraPosition,-103.2205,1.721584,-107.2868,CameraRotation,345.6713,269.8301,358.8765,CurrentState,End,Slider,51,Scenario,1
ID,8,Time,356.4778,DronePosition,-110.239,59.27025,-107.379,0,CameraPosition,-103.2207,1.721554,-107.287,CameraRotation,345.6913,269.8298,358.9251,CurrentState,End,Slider,51,Scenario,1
ID,8,Time,356.4922,DronePosition,-110.239,59.27025,-107.379,0,CameraPosition,-103.2208,1.721485,-107.2872,CameraRotation,345.7426,269.8054,358.9588,CurrentState,End,Slider,51,Scenario,1
ID,8,Time,356.5059,DronePosition,-110.239,59.27025,-107.379,0,CameraPosition,-103.221,1.721429,-107.2874,CameraRotation,345.7906,269.8009,358.954,CurrentState,End,Slider,51,Scenario,1
ID,8,Time,356.5196,DronePosition,-110.239,59.27025,-107.379,0,CameraPosition,-103.2212,1.721402,-107.2876,CameraRotation,345.8407,269.8008,358.9056,CurrentState,End,Slider,51,Scenario,1
ID,8,Time,356.5337,DronePosition,-110.239,59.27025,-107.379,0,CameraPosition,-103.2213,1.721425,-107.2878,CameraRotation,345.8563,269.7917,358.9067,CurrentState,End,Slider,51,Scenario,1
ID,8,Time,356.5473,DronePosition,-110.239,59.27025,-107.379,0,CameraPosition,-103.2215,1.721497,-107.288,CameraRotation,345.8616,269.787,358.9382,CurrentState,End,Slider,51,Scenario,1
ID,8,Time,356.5611,DronePosition,-110.239,59.27025,-107.379,0,CameraPosition,-103.2217,1.72155,-107.2882,CameraRotation,345.8658,269.7678,358.9881,CurrentState,End,Slider,51,Scenario,1
ID,8,Time,356.5754,DronePosition,-110.239,59.27025,-107.379,0,CameraPosition,-103.2218,1.72156,-107.2884,CameraRotation,345.9031,269.7546,359.0008,CurrentState,End,Slider,51,Scenario,1
ID,8,Time,356.5909,DronePosition,-110.239,59.27025,-107.379,0,CameraPosition,-103.222,1.721523,-107.2887,CameraRotation,345.9502,269.7307,359.0031,CurrentState,End,Slider,51,Scenario,1
ID,8,Time,356.6031,DronePosition,-110.239,59.27025,-107.379,0,CameraPosition,-103.2221,1.72146,-107.289,CameraRotation,345.9917,269.697,359.0199,CurrentState,End,Slider,51,Scenario,1
ID,8,Time,356.6171,DronePosition,-110.239,59.27025,-107.379,0,CameraPosition,-103.2222,1.721401,-107.2893,CameraRotation,346.036,269.645,359.048,CurrentState,End,Slider,51,Scenario,1
ID,8,Time,356.6313,DronePosition,-110.239,59.27025,-107.379,0,CameraPosition,-103.2224,1.721319,-107.2897,CameraRotation,346.0592,269.5929,359.0782,CurrentState,End,Slider,51,Scenario,1
ID,8,Time,356.6449,DronePosition,-110.239,59.27025,-107.379,0,CameraPosition,-103.2225,1.721281,-107.2901,CameraRotation,346.0955,269.5391,359.0978,CurrentState,End,Slider,51,Scenario,1
ID,8,Time,356.659,DronePosition,-110.239,59.27025,-107.379,0,CameraPosition,-103.2226,1.721282,-107.2905,CameraRotation,346.1311,269.4894,359.1158,CurrentState,End,Slider,51,Scenario,1
ID,8,Time,356.6727,DronePosition,-110.239,59.27025,-107.379,0,CameraPosition,-103.2227,1.72128,-107.2909,CameraRotation,346.1591,269.444,359.141,CurrentState,End,Slider,51,Scenario,1
ID,8,Time,356.6871,DronePosition,-110.239,59.27025,-107.379,0,CameraPosition,-103.2227,1.721302,-107.2912,CameraRotation,346.1983,269.412,359.174,CurrentState,End,Slider,51,Scenario,1
ID,8,Time,356.7008,DronePosition,-110.239,59.27025,-107.379,0,CameraPosition,-103.2228,1.721315,-107.2916,CameraRotation,346.2316,269.3766,359.207,CurrentState,End,Slider,51,Scenario,1
ID,8,Time,356.7145,DronePosition,-110.239,59.27025,-107.379,0,CameraPosition,-103.2228,1.721348,-107.292,CameraRotation,346.2622,269.3414,359.2277,CurrentState,End,Slider,51,Scenario,1
ID,8,Time,356.7283,DronePosition,-110.239,59.27025,-107.379,0,CameraPosition,-103.2229,1.72139,-107.2924,CameraRotation,346.2717,269.2901,359.244,CurrentState,End,Slider,51,Scenario,1
ID,8,Time,356.7425,DronePosition,-110.239,59.27025,-107.379,0,CameraPosition,-103.2229,1.721452,-107.2929,CameraRotation,346.274,269.2393,359.2728,CurrentState,End,Slider,51,Scenario,1
ID,8,Time,356.7563,DronePosition,-110.239,59.27025,-107.379,0,CameraPosition,-103.2229,1.72152,-107.2934,CameraRotation,346.2669,269.1709,359.3251,CurrentState,End,Slider,51,Scenario,1
ID,8,Time,356.7703,DronePosition,-110.239,59.27025,-107.379,0,CameraPosition,-103.2229,1.721588,-107.2939,CameraRotation,346.2521,269.0953,359.3721,CurrentState,End,Slider,51,Scenario,1
ID,8,Time,356.7842,DronePosition,-110.239,59.27025,-107.379,0,CameraPosition,-103.2229,1.721626,-107.2944,CameraRotation,346.2301,269.0029,359.4153,CurrentState,End,Slider,51,Scenario,1
ID,8,Time,356.7979,DronePosition,-110.239,59.27025,-107.379,0,CameraPosition,-103.2228,1.721615,-107.295,CameraRotation,346.2131,268.903,359.4498,CurrentState,End,Slider,51,Scenario,1
ID,8,Time,356.8119,DronePosition,-110.239,59.27025,-107.379,0,CameraPosition,-103.2227,1.721609,-107.2955,CameraRotation,346.2072,268.8049,359.4885,CurrentState,End,Slider,51,Scenario,1
ID,8,Time,356.8258,DronePosition,-110.239,59.27025,-107.379,0,CameraPosition,-103.2226,1.721624,-107.2961,CameraRotation,346.1904,268.7156,359.5417,CurrentState,End,Slider,51,Scenario,1
ID,8,Time,356.84,DronePosition,-110.239,59.27025,-107.379,0,CameraPosition,-103.2225,1.721663,-107.2966,CameraRotation,346.1613,268.6192,359.5999,CurrentState,End,Slider,51,Scenario,1
ID,8,Time,356.8557,DronePosition,-110.239,59.27025,-107.379,0,CameraPosition,-103.2225,1.721717,-107.2972,CameraRotation,346.1048,268.5339,359.6665,CurrentState,End,Slider,51,Scenario,1
ID,8,Time,356.8675,DronePosition,-110.239,59.27025,-107.379,0,CameraPosition,-103.2225,1.72179,-107.2977,CameraRotation,346.0528,268.452,359.7367,CurrentState,End,Slider,51,Scenario,1
ID,8,Time,356.8813,DronePosition,-110.239,59.27025,-107.379,0,CameraPosition,-103.2224,1.721861,-107.2983,CameraRotation,346.0024,268.3737,359.8112,CurrentState,End,Slider,51,Scenario,1
ID,8,Time,356.8956,DronePosition,-110.239,59.27025,-107.379,0,CameraPosition,-103.2223,1.721939,-107.2988,CameraRotation,345.976,268.295,359.8732,CurrentState,End,Slider,51,Scenario,1
ID,8,Time,356.9097,DronePosition,-110.239,59.27025,-107.379,0,CameraPosition,-103.2223,1.722005,-107.2993,CameraRotation,345.947,268.2371,359.9278,CurrentState,End,Slider,51,Scenario,1
ID,8,Time,356.9233,DronePosition,-110.239,59.27025,-107.379,0,CameraPosition,-103.2222,1.72206,-107.2999,CameraRotation,345.9058,268.1758,359.9835,CurrentState,End,Slider,51,Scenario,1
ID,8,Time,356.9376,DronePosition,-110.239,59.27025,-107.379,0,CameraPosition,-103.2221,1.722129,-107.3004,CameraRotation,345.8655,268.1147,0.0277784,CurrentState,End,Slider,51,Scenario,1
ID,8,Time,356.9512,DronePosition,-110.239,59.27025,-107.379,0,CameraPosition,-103.222,1.722225,-107.3009,CameraRotation,345.8341,268.0563,0.06531349,CurrentState,End,Slider,51,Scenario,1
ID,8,Time,356.9651,DronePosition,-110.239,59.27025,-107.379,0,CameraPosition,-103.2219,1.72232,-107.3015,CameraRotation,345.7847,268.0001,0.1197898,CurrentState,End,Slider,51,Scenario,1
ID,8,Time,356.9791,DronePosition,-110.239,59.27025,-107.379,0,CameraPosition,-103.2218,1.722411,-107.302,CameraRotation,345.7357,267.9392,0.1779038,CurrentState,End,Slider,51,Scenario,1
ID,8,Time,356.9932,DronePosition,-110.239,59.27025,-107.379,0,CameraPosition,-103.2218,1.722466,-107.3024,CameraRotation,345.7006,267.8901,0.2403673,CurrentState,End,Slider,51,Scenario,1
ID,8,Time,357.007,DronePosition,-110.239,59.27025,-107.379,0,CameraPosition,-103.2217,1.722471,-107.3029,CameraRotation,345.6651,267.8467,0.2953472,CurrentState,End,Slider,51,Scenario,1
ID,8,Time,357.0208,DronePosition,-110.239,59.27025,-107.379,0,CameraPosition,-103.2216,1.722479,-107.3034,CameraRotation,345.6342,267.8055,0.3284684,CurrentState,End,Slider,51,Scenario,1
ID,8,Time,357.0349,DronePosition,-110.239,59.27025,-107.379,0,CameraPosition,-103.2215,1.722482,-107.3038,CameraRotation,345.5933,267.7715,0.3590159,CurrentState,End,Slider,51,Scenario,1
ID,8,Time,357.0489,DronePosition,-110.239,59.27025,-107.379,0,CameraPosition,-103.2215,1.722512,-107.3042,CameraRotation,345.5444,267.7346,0.3975874,CurrentState,End,Slider,51,Scenario,1
ID,8,Time,357.0628,DronePosition,-110.239,59.27025,-107.379,0,CameraPosition,-103.2214,1.722576,-107.3046,CameraRotation,345.4988,267.699,0.4388182,CurrentState,End,Slider,51,Scenario,1
ID,8,Time,357.0765,DronePosition,-110.239,59.27025,-107.379,0,CameraPosition,-103.2214,1.722623,-107.305,CameraRotation,345.4912,267.6447,0.5042118,CurrentState,End,Slider,51,Scenario,1
ID,8,Time,357.0907,DronePosition,-110.239,59.27025,-107.379,0,CameraPosition,-103.2213,1.722631,-107.3053,CameraRotation,345.4865,267.6152,0.5352855,CurrentState,End,Slider,51,Scenario,1
ID,8,Time,357.1044,DronePosition,-110.239,59.27025,-107.379,0,CameraPosition,-103.2213,1.722641,-107.3057,CameraRotation,345.4901,267.5933,0.5238904,CurrentState,End,Slider,51,Scenario,1
ID,8,Time,357.1182,DronePosition,-110.239,59.27025,-107.379,0,CameraPosition,-103.2212,1.722681,-107.3061,CameraRotation,345.4848,267.5828,0.4791979,CurrentState,End,Slider,51,Scenario,1
ID,8,Time,357.1322,DronePosition,-110.239,59.27025,-107.379,0,CameraPosition,-103.2211,1.722723,-107.3064,CameraRotation,345.4727,267.5553,0.4853492,CurrentState,End,Slider,51,Scenario,1
ID,8,Time,357.1465,DronePosition,-110.239,59.27025,-107.379,0,CameraPosition,-103.2211,1.72277,-107.3067,CameraRotation,345.4825,267.5445,0.514194,CurrentState,End,Slider,51,Scenario,1
ID,8,Time,357.16,DronePosition,-110.239,59.27025,-107.379,0,CameraPosition,-103.221,1.722773,-107.307,CameraRotation,345.487,267.541,0.539492,CurrentState,End,Slider,51,Scenario,1
ID,8,Time,357.174,DronePosition,-110.239,59.27025,-107.379,0,CameraPosition,-103.221,1.722747,-107.3073,CameraRotation,345.5093,267.5433,0.559496,CurrentState,End,Slider,51,Scenario,1
ID,8,Time,357.1879,DronePosition,-110.239,59.27025,-107.379,0,CameraPosition,-103.2209,1.722741,-107.3075,CameraRotation,345.5262,267.551,0.5507938,CurrentState,End,Slider,51,Scenario,1
ID,8,Time,357.2019,DronePosition,-110.239,59.27025,-107.379,0,CameraPosition,-103.2208,1.722733,-107.3077,CameraRotation,345.5442,267.5535,0.5603724,CurrentState,End,Slider,51,Scenario,1
ID,8,Time,357.2156,DronePosition,-110.239,59.27025,-107.379,0,CameraPosition,-103.2207,1.722727,-107.3079,CameraRotation,345.5666,267.5498,0.5785897,CurrentState,End,Slider,51,Scenario,1
ID,8,Time,357.2293,DronePosition,-110.239,59.27025,-107.379,0,CameraPosition,-103.2207,1.722707,-107.3081,CameraRotation,345.5884,267.5178,0.6097037,CurrentState,End,Slider,51,Scenario,1
ID,8,Time,357.2437,DronePosition,-110.239,59.27025,-107.379,0,CameraPosition,-103.2206,1.722687,-107.3083,CameraRotation,345.6166,267.4991,0.6250588,CurrentState,End,Slider,51,Scenario,1
ID,8,Time,357.2578,DronePosition,-110.239,59.27025,-107.379,0,CameraPosition,-103.2205,1.722645,-107.3085,CameraRotation,345.634,267.4662,0.6319008,CurrentState,End,Slider,51,Scenario,1
ID,8,Time,357.2717,DronePosition,-110.239,59.27025,-107.379,0,CameraPosition,-103.2203,1.72262,-107.3087,CameraRotation,345.6418,267.4324,0.6276414,CurrentState,End,Slider,51,Scenario,1
ID,8,Time,357.2854,DronePosition,-110.239,59.27025,-107.379,0,CameraPosition,-103.2202,1.722648,-107.3089,CameraRotation,345.6541,267.3926,0.6284502,CurrentState,End,Slider,51,Scenario,1
ID,8,Time,357.2992,DronePosition,-110.239,59.27025,-107.379,0,CameraPosition,-103.22,1.722662,-107.3091,CameraRotation,345.6297,267.3616,0.6332378,CurrentState,End,Slider,51,Scenario,1
ID,8,Time,357.3131,DronePosition,-110.239,59.27025,-107.379,0,CameraPosition,-103.2199,1.722705,-107.3092,CameraRotation,345.5945,267.3312,0.6206512,CurrentState,End,Slider,51,Scenario,1
ID,8,Time,357.3268,DronePosition,-110.239,59.27025,-107.379,0,CameraPosition,-103.2198,1.72277,-107.3093,CameraRotation,345.5514,267.3085,0.6105554,CurrentState,End,Slider,51,Scenario,1
ID,8,Time,357.3411,DronePosition,-110.239,59.27025,-107.379,0,CameraPosition,-103.2197,1.722836,-107.3094,CameraRotation,345.5007,267.2805,0.6235977,CurrentState,End,Slider,51,Scenario,1
ID,8,Time,357.3549,DronePosition,-110.239,59.27025,-107.379,0,CameraPosition,-103.2195,1.722899,-107.3095,CameraRotation,345.4575,267.2528,0.6372345,CurrentState,End,Slider,51,Scenario,1
ID,8,Time,357.3689,DronePosition,-110.239,59.27025,-107.379,0,CameraPosition,-103.2193,1.722959,-107.3095,CameraRotation,345.4083,267.2171,0.6561716,CurrentState,End,Slider,51,Scenario,1
ID,8,Time,357.3833,DronePosition,-110.239,59.27025,-107.379,0,CameraPosition,-103.2192,1.723012,-107.3096,CameraRotation,345.3617,267.1873,0.6689681,CurrentState,End,Slider,51,Scenario,1
ID,8,Time,357.3965,DronePosition,-110.239,59.27025,-107.379,0,CameraPosition,-103.2191,1.723059,-107.3097,CameraRotation,345.3217,267.1583,0.6715602,CurrentState,End,Slider,51,Scenario,1
ID,8,Time,357.4105,DronePosition,-110.239,59.27025,-107.379,0,CameraPosition,-103.219,1.723091,-107.3097,CameraRotation,345.2888,267.125,0.6784251,CurrentState,End,Slider,51,Scenario,1
ID,8,Time,357.4244,DronePosition,-110.239,59.27025,-107.379,0,CameraPosition,-103.2188,1.723094,-107.3098,CameraRotation,345.2607,267.0804,0.6684362,CurrentState,End,Slider,51,Scenario,1
ID,8,Time,357.4384,DronePosition,-110.239,59.27025,-107.379,0,CameraPosition,-103.2187,1.723081,-107.3099,CameraRotation,345.2354,267.0394,0.6598062,CurrentState,End,Slider,51,Scenario,1
ID,8,Time,357.4524,DronePosition,-110.239,59.27025,-107.379,0,CameraPosition,-103.2186,1.723065,-107.31,CameraRotation,345.2141,266.9927,0.6380849,CurrentState,End,Slider,51,Scenario,1
ID,8,Time,357.4667,DronePosition,-110.239,59.27025,-107.379,0,CameraPosition,-103.2184,1.723055,-107.31,CameraRotation,345.2069,266.9407,0.6082504,CurrentState,End,Slider,51,Scenario,1
ID,8,Time,357.4803,DronePosition,-110.239,59.27025,-107.379,0,CameraPosition,-103.2183,1.723046,-107.3101,CameraRotation,345.2258,266.8888,0.5706942,CurrentState,End,Slider,51,Scenario,1
ID,8,Time,357.4944,DronePosition,-110.239,59.27025,-107.379,0,CameraPosition,-103.2182,1.723044,-107.3101,CameraRotation,345.2333,266.8307,0.5499599,CurrentState,End,Slider,51,Scenario,1
ID,8,Time,357.5081,DronePosition,-110.239,59.27025,-107.379,0,CameraPosition,-103.218,1.72304,-107.3101,CameraRotation,345.2212,266.7579,0.5533544,CurrentState,End,Slider,51,Scenario,1
ID,8,Time,357.522,DronePosition,-110.239,59.27025,-107.379,0,CameraPosition,-103.2179,1.723029,-107.3102,CameraRotation,345.1969,266.6844,0.5562357,CurrentState,End,Slider,51,Scenario,1
ID,8,Time,357.536,DronePosition,-110.239,59.27025,-107.379,0,CameraPosition,-103.2177,1.723037,-107.3102,CameraRotation,345.1742,266.6044,0.5376974,CurrentState,End,Slider,51,Scenario,1
ID,8,Time,357.5497,DronePosition,-110.239,59.27025,-107.379,0,CameraPosition,-103.2176,1.723059,-107.3103,CameraRotation,345.1564,266.5412,0.5040942,CurrentState,End,Slider,51,Scenario,1
ID,8,Time,357.5637,DronePosition,-110.239,59.27025,-107.379,0,CameraPosition,-103.2175,1.723063,-107.3103,CameraRotation,345.1371,266.4636,0.4764445,CurrentState,End,Slider,51,Scenario,1
ID,8,Time,357.5777,DronePosition,-110.239,59.27025,-107.379,0,CameraPosition,-103.2173,1.723066,-107.3103,CameraRotation,345.1278,266.3822,0.4684902,CurrentState,End,Slider,51,Scenario,1
ID,8,Time,357.5917,DronePosition,-110.239,59.27025,-107.379,0,CameraPosition,-103.2171,1.723086,-107.3104,CameraRotation,345.1153,266.2902,0.4719858,CurrentState,End,Slider,51,Scenario,1
ID,8,Time,357.608,DronePosition,-110.239,59.27025,-107.379,0,CameraPosition,-103.217,1.723114,-107.3105,CameraRotation,345.0908,266.2034,0.4632134,CurrentState,End,Slider,51,Scenario,1
ID,8,Time,357.6195,DronePosition,-110.239,59.27025,-107.379,0,CameraPosition,-103.2168,1.723147,-107.3105,CameraRotation,345.0662,266.1148,0.444545,CurrentState,End,Slider,51,Scenario,1
ID,8,Time,357.6334,DronePosition,-110.239,59.27025,-107.379,0,CameraPosition,-103.2167,1.723221,-107.3105,CameraRotation,345.0356,266.0398,0.3973187,CurrentState,End,Slider,51,Scenario,1
ID,8,Time,357.6468,DronePosition,-110.239,59.27025,-107.379,0,CameraPosition,-103.2166,1.723285,-107.3105,CameraRotation,344.9882,265.9718,0.339619,CurrentState,End,Slider,51,Scenario,1
ID,8,Time,357.6612,DronePosition,-110.239,59.27025,-107.379,0,CameraPosition,-103.2165,1.723323,-107.3104,CameraRotation,344.9539,265.8911,0.3076445,CurrentState,End,Slider,51,Scenario,1
ID,8,Time,357.6754,DronePosition,-110.239,59.27025,-107.379,0,CameraPosition,-103.2163,1.723345,-107.3103,CameraRotation,344.9459,265.8171,0.3069434,CurrentState,End,Slider,51,Scenario,1
ID,8,Time,357.6891,DronePosition,-110.239,59.27025,-107.379,0,CameraPosition,-103.2162,1.723354,-107.3103,CameraRotation,344.9507,265.7466,0.3051559,CurrentState,End,Slider,51,Scenario,1
ID,8,Time,357.7031,DronePosition,-110.239,59.27025,-107.379,0,CameraPosition,-103.216,1.723365,-107.3102,CameraRotation,344.9452,265.6923,0.2405304,CurrentState,End,Slider,51,Scenario,1
ID,8,Time,357.7168,DronePosition,-110.239,59.27025,-107.379,0,CameraPosition,-103.2159,1.723402,-107.3102,CameraRotation,344.9306,265.6571,0.1796522,CurrentState,End,Slider,51,Scenario,1
ID,8,Time,357.7307,DronePosition,-110.239,59.27025,-107.379,0,CameraPosition,-103.2158,1.723463,-107.3101,CameraRotation,344.9231,265.6057,0.1671717,CurrentState,End,Slider,51,Scenario,1
ID,8,Time,357.7447,DronePosition,-110.239,59.27025,-107.379,0,CameraPosition,-103.2157,1.723504,-107.31,CameraRotation,344.9274,265.5498,0.183838,CurrentState,End,Slider,51,Scenario,1
ID,8,Time,357.7587,DronePosition,-110.239,59.27025,-107.379,0,CameraPosition,-103.2155,1.723488,-107.31,CameraRotation,344.9301,265.4872,0.1725411,CurrentState,End,Slider,51,Scenario,1
ID,8,Time,357.7726,DronePosition,-110.239,59.27025,-107.379,0,CameraPosition,-103.2153,1.72343,-107.3099,CameraRotation,344.956,265.4316,0.1470632,CurrentState,End,Slider,51,Scenario,1
ID,8,Time,357.7867,DronePosition,-110.239,59.27025,-107.379,0,CameraPosition,-103.2151,1.723332,-107.3099,CameraRotation,344.9754,265.3782,0.1217578,CurrentState,End,Slider,51,Scenario,1
ID,8,Time,357.8002,DronePosition,-110.239,59.27025,-107.379,0,CameraPosition,-103.215,1.723264,-107.3098,CameraRotation,344.9956,265.3357,0.09400563,CurrentState,End,Slider,51,Scenario,1
ID,8,Time,357.8142,DronePosition,-110.239,59.27025,-107.379,0,CameraPosition,-103.2149,1.72324,-107.3097,CameraRotation,344.9971,265.2925,0.06178663,CurrentState,End,Slider,51,Scenario,1
ID,8,Time,357.8281,DronePosition,-110.239,59.27025,-107.379,0,CameraPosition,-103.2147,1.723213,-107.3096,CameraRotation,344.978,265.2631,0.0451883,CurrentState,End,Slider,51,Scenario,1
ID,8,Time,357.8422,DronePosition,-110.239,59.27025,-107.379,0,CameraPosition,-103.2144,1.723204,-107.3094,CameraRotation,344.9678,265.2435,0.02558722,CurrentState,End,Slider,51,Scenario,1
ID,8,Time,357.8564,DronePosition,-110.239,59.27025,-107.379,0,CameraPosition,-103.2143,1.723193,-107.3093,CameraRotation,344.9473,265.2437,0.007673187,CurrentState,End,Slider,51,Scenario,1
ID,8,Time,357.8703,DronePosition,-110.239,59.27025,-107.379,0,CameraPosition,-103.2141,1.723194,-107.3092,CameraRotation,344.9307,265.2379,359.988,CurrentState,End,Slider,51,Scenario,1
ID,8,Time,357.8848,DronePosition,-110.239,59.27025,-107.379,0,CameraPosition,-103.214,1.72322,-107.309,CameraRotation,344.9376,265.2454,359.9808,CurrentState,End,Slider,51,Scenario,1
ID,8,Time,357.8979,DronePosition,-110.239,59.27025,-107.379,0,CameraPosition,-103.2138,1.723245,-107.3089,CameraRotation,344.9243,265.2592,359.9479,CurrentState,End,Slider,51,Scenario,1
ID,8,Time,357.912,DronePosition,-110.239,59.27025,-107.379,0,CameraPosition,-103.2136,1.723242,-107.3087,CameraRotation,344.8952,265.2841,359.8947,CurrentState,End,Slider,51,Scenario,1
ID,8,Time,357.9257,DronePosition,-110.239,59.27025,-107.379,0,CameraPosition,-103.2134,1.723225,-107.3086,CameraRotation,344.8857,265.3137,359.8584,CurrentState,End,Slider,51,Scenario,1
ID,8,Time,357.9399,DronePosition,-110.239,59.27025,-107.379,0,CameraPosition,-103.2132,1.723213,-107.3084,CameraRotation,344.8919,265.3315,359.8362,CurrentState,End,Slider,51,Scenario,1
ID,8,Time,357.9535,DronePosition,-110.239,59.27025,-107.379,0,CameraPosition,-103.2131,1.723181,-107.3082,CameraRotation,344.9133,265.3542,359.8121,CurrentState,End,Slider,51,Scenario,1
ID,8,Time,357.9675,DronePosition,-110.239,59.27025,-107.379,0,CameraPosition,-103.2129,1.723149,-107.3081,CameraRotation,344.937,265.3687,359.7952,CurrentState,End,Slider,51,Scenario,1
ID,8,Time,357.9818,DronePosition,-110.239,59.27025,-107.379,0,CameraPosition,-103.2128,1.723086,-107.3079,CameraRotation,344.9356,265.3808,359.7662,CurrentState,End,Slider,51,Scenario,1
ID,8,Time,357.9951,DronePosition,-110.239,59.27025,-107.379,0,CameraPosition,-103.2126,1.722994,-107.3077,CameraRotation,344.9318,265.394,359.7281,CurrentState,End,Slider,51,Scenario,1
ID,8,Time,358.0092,DronePosition,-110.239,59.27025,-107.379,0,CameraPosition,-103.2125,1.722886,-107.3074,CameraRotation,344.938,265.4062,359.6886,CurrentState,End,Slider,51,Scenario,1
ID,8,Time,358.0234,DronePosition,-110.239,59.27025,-107.379,0,CameraPosition,-103.2123,1.722818,-107.3073,CameraRotation,344.9521,265.4255,359.6558,CurrentState,End,Slider,51,Scenario,1
ID,8,Time,358.0372,DronePosition,-110.239,59.27025,-107.379,0,CameraPosition,-103.2121,1.722774,-107.3071,CameraRotation,344.9662,265.4441,359.6261,CurrentState,End,Slider,51,Scenario,1
ID,8,Time,358.0509,DronePosition,-110.239,59.27025,-107.379,0,CameraPosition,-103.212,1.722766,-107.3069,CameraRotation,344.9587,265.4747,359.5948,CurrentState,End,Slider,51,Scenario,1
ID,8,Time,358.0648,DronePosition,-110.239,59.27025,-107.379,0,CameraPosition,-103.2118,1.722785,-107.3067,CameraRotation,344.9331,265.5163,359.579,CurrentState,End,Slider,51,Scenario,1
ID,8,Time,358.0789,DronePosition,-110.239,59.27025,-107.379,0,CameraPosition,-103.2117,1.722838,-107.3065,CameraRotation,344.9115,265.5595,359.5714,CurrentState,End,Slider,51,Scenario,1
ID,8,Time,358.0931,DronePosition,-110.239,59.27025,-107.379,0,CameraPosition,-103.2115,1.722887,-107.3063,CameraRotation,344.8795,265.6061,359.5652,CurrentState,End,Slider,51,Scenario,1
ID,8,Time,358.1069,DronePosition,-110.239,59.27025,-107.379,0,CameraPosition,-103.2114,1.722937,-107.3061,CameraRotation,344.8701,265.646,359.5558,CurrentState,End,Slider,51,Scenario,1
ID,8,Time,358.1207,DronePosition,-110.239,59.27025,-107.379,0,CameraPosition,-103.2113,1.722934,-107.3059,CameraRotation,344.8537,265.6989,359.5527,CurrentState,End,Slider,51,Scenario,1
ID,8,Time,358.1347,DronePosition,-110.239,59.27025,-107.379,0,CameraPosition,-103.2112,1.722911,-107.3057,CameraRotation,344.8616,265.7414,359.5532,CurrentState,End,Slider,51,Scenario,1
ID,8,Time,358.1486,DronePosition,-110.239,59.27025,-107.379,0,CameraPosition,-103.2111,1.722836,-107.3055,CameraRotation,344.8791,265.7769,359.5557,CurrentState,End,Slider,51,Scenario,1
ID,8,Time,358.1624,DronePosition,-110.239,59.27025,-107.379,0,CameraPosition,-103.2109,1.72276,-107.3053,CameraRotation,344.88,265.8079,359.5651,CurrentState,End,Slider,51,Scenario,1
ID,8,Time,358.1763,DronePosition,-110.239,59.27025,-107.379,0,CameraPosition,-103.2108,1.722759,-107.3051,CameraRotation,344.8714,265.8447,359.5549,CurrentState,End,Slider,51,Scenario,1
ID,8,Time,358.1905,DronePosition,-110.239,59.27025,-107.379,0,CameraPosition,-103.2107,1.722757,-107.3049,CameraRotation,344.8535,265.8819,359.5385,CurrentState,End,Slider,51,Scenario,1
ID,8,Time,358.2044,DronePosition,-110.239,59.27025,-107.379,0,CameraPosition,-103.2106,1.722744,-107.3046,CameraRotation,344.8331,265.9263,359.5106,CurrentState,End,Slider,51,Scenario,1
ID,8,Time,358.2181,DronePosition,-110.239,59.27025,-107.379,0,CameraPosition,-103.2105,1.722719,-107.3045,CameraRotation,344.8261,265.9763,359.4664,CurrentState,End,Slider,51,Scenario,1
ID,8,Time,358.2321,DronePosition,-110.239,59.27025,-107.379,0,CameraPosition,-103.2104,1.722683,-107.3043,CameraRotation,344.8382,266.022,359.4284,CurrentState,End,Slider,51,Scenario,1
ID,8,Time,358.2458,DronePosition,-110.239,59.27025,-107.379,0,CameraPosition,-103.2103,1.72265,-107.3041,CameraRotation,344.8519,266.0677,359.4107,CurrentState,End,Slider,51,Scenario,1
ID,8,Time,358.2599,DronePosition,-110.239,59.27025,-107.379,0,CameraPosition,-103.2102,1.722616,-107.3038,CameraRotation,344.8549,266.1107,359.414,CurrentState,End,Slider,51,Scenario,1
ID,8,Time,358.2739,DronePosition,-110.239,59.27025,-107.379,0,CameraPosition,-103.2102,1.722557,-107.3036,CameraRotation,344.8733,266.164,359.4427,CurrentState,End,Slider,51,Scenario,1
ID,8,Time,358.2878,DronePosition,-110.239,59.27025,-107.379,0,CameraPosition,-103.2102,1.722522,-107.3034,CameraRotation,344.9305,266.2249,359.4287,CurrentState,End,Slider,51,Scenario,1
ID,8,Time,358.302,DronePosition,-110.239,59.27025,-107.379,0,CameraPosition,-103.2102,1.722497,-107.3031,CameraRotation,344.9378,266.3123,359.3631,CurrentState,End,Slider,51,Scenario,1
ID,8,Time,358.3157,DronePosition,-110.239,59.27025,-107.379,0,CameraPosition,-103.2102,1.722483,-107.3029,CameraRotation,344.9239,266.4003,359.2964,CurrentState,End,Slider,51,Scenario,1
ID,8,Time,358.3294,DronePosition,-110.239,59.27025,-107.379,0,CameraPosition,-103.2102,1.722453,-107.3026,CameraRotation,344.9252,266.4808,359.2754,CurrentState,End,Slider,51,Scenario,1
ID,8,Time,358.3434,DronePosition,-110.239,59.27025,-107.379,0,CameraPosition,-103.2102,1.722415,-107.3024,CameraRotation,344.9609,266.549,359.2831,CurrentState,End,Slider,51,Scenario,1
ID,8,Time,358.3574,DronePosition,-110.239,59.27025,-107.379,0,CameraPosition,-103.2102,1.722335,-107.3022,CameraRotation,345.0175,266.6208,359.2881,CurrentState,End,Slider,51,Scenario,1
ID,8,Time,358.3713,DronePosition,-110.239,59.27025,-107.379,0,CameraPosition,-103.2102,1.722216,-107.302,CameraRotation,345.0775,266.6888,359.289,CurrentState,End,Slider,51,Scenario,1
ID,8,Time,358.3851,DronePosition,-110.239,59.27025,-107.379,0,CameraPosition,-103.2102,1.722107,-107.3018,CameraRotation,345.1393,266.762,359.2778,CurrentState,End,Slider,51,Scenario,1
ID,8,Time,358.399,DronePosition,-110.239,59.27025,-107.379,0,CameraPosition,-103.2102,1.722019,-107.3016,CameraRotation,345.1779,266.8358,359.2669,CurrentState,End,Slider,51,Scenario,1
ID,8,Time,358.413,DronePosition,-110.239,59.27025,-107.379,0,CameraPosition,-103.2102,1.721961,-107.3015,CameraRotation,345.2119,266.902,359.2652,CurrentState,End,Slider,51,Scenario,1
ID,8,Time,358.4272,DronePosition,-110.239,59.27025,-107.379,0,CameraPosition,-103.2102,1.721902,-107.3013,CameraRotation,345.2383,266.9524,359.2573,CurrentState,End,Slider,51,Scenario,1
ID,8,Time,358.4409,DronePosition,-110.239,59.27025,-107.379,0,CameraPosition,-103.2102,1.721845,-107.3011,CameraRotation,345.2816,267.0024,359.2411,CurrentState,End,Slider,51,Scenario,1
ID,8,Time,358.4548,DronePosition,-110.239,59.27025,-107.379,0,CameraPosition,-103.2102,1.721767,-107.3009,CameraRotation,345.3262,267.0573,359.2215,CurrentState,End,Slider,51,Scenario,1
ID,8,Time,358.4691,DronePosition,-110.239,59.27025,-107.379,0,CameraPosition,-103.2103,1.721637,-107.3007,CameraRotation,345.3788,267.1108,359.1927,CurrentState,End,Slider,51,Scenario,1
ID,8,Time,358.4827,DronePosition,-110.239,59.27025,-107.379,0,CameraPosition,-103.2103,1.721534,-107.3005,CameraRotation,345.4577,267.1691,359.1699,CurrentState,End,Slider,51,Scenario,1
ID,8,Time,358.4967,DronePosition,-110.239,59.27025,-107.379,0,CameraPosition,-103.2103,1.721462,-107.3002,CameraRotation,345.5052,267.2395,359.1345,CurrentState,End,Slider,51,Scenario,1
ID,8,Time,358.511,DronePosition,-110.239,59.27025,-107.379,0,CameraPosition,-103.2103,1.721424,-107.3,CameraRotation,345.5222,267.3263,359.0938,CurrentState,End,Slider,51,Scenario,1
ID,8,Time,358.5248,DronePosition,-110.239,59.27025,-107.379,0,CameraPosition,-103.2103,1.721395,-107.2998,CameraRotation,345.5278,267.4193,359.0639,CurrentState,End,Slider,51,Scenario,1
ID,8,Time,358.5385,DronePosition,-110.239,59.27025,-107.379,0,CameraPosition,-103.2103,1.721374,-107.2995,CameraRotation,345.5428,267.5388,359.0536,CurrentState,End,Slider,51,Scenario,1
ID,8,Time,358.5521,DronePosition,-110.239,59.27025,-107.379,0,CameraPosition,-103.2103,1.721371,-107.2993,CameraRotation,345.5695,267.6523,359.0493,CurrentState,End,Slider,51,Scenario,1
ID,8,Time,358.5662,DronePosition,-110.239,59.27025,-107.379,0,CameraPosition,-103.2103,1.721365,-107.299,CameraRotation,345.5798,267.7618,359.0409,CurrentState,End,Slider,51,Scenario,1
ID,8,Time,358.58,DronePosition,-110.239,59.27025,-107.379,0,CameraPosition,-103.2103,1.721323,-107.2988,CameraRotation,345.6052,267.8762,359.0245,CurrentState,End,Slider,51,Scenario,1
ID,8,Time,358.5943,DronePosition,-110.239,59.27025,-107.379,0,CameraPosition,-103.2104,1.721267,-107.2985,CameraRotation,345.6155,268.0253,358.9906,CurrentState,End,Slider,51,Scenario,1
ID,8,Time,358.6082,DronePosition,-110.239,59.27025,-107.379,0,CameraPosition,-103.2104,1.721216,-107.2982,CameraRotation,345.6266,268.1956,358.9632,CurrentState,End,Slider,51,Scenario,1
ID,8,Time,358.622,DronePosition,-110.239,59.27025,-107.379,0,CameraPosition,-103.2104,1.72117,-107.2978,CameraRotation,345.6567,268.3588,358.9537,CurrentState,End,Slider,51,Scenario,1
ID,8,Time,358.636,DronePosition,-110.239,59.27025,-107.379,0,CameraPosition,-103.2104,1.721127,-107.2975,CameraRotation,345.6741,268.5105,358.9479,CurrentState,End,Slider,51,Scenario,1
ID,8,Time,358.6497,DronePosition,-110.239,59.27025,-107.379,0,CameraPosition,-103.2104,1.721092,-107.2972,CameraRotation,345.6879,268.649,358.9392,CurrentState,End,Slider,51,Scenario,1
ID,8,Time,358.6637,DronePosition,-110.239,59.27025,-107.379,0,CameraPosition,-103.2105,1.721066,-107.2969,CameraRotation,345.7005,268.7802,358.923,CurrentState,End,Slider,51,Scenario,1
ID,8,Time,358.6774,DronePosition,-110.239,59.27025,-107.379,0,CameraPosition,-103.2105,1.721024,-107.2967,CameraRotation,345.7441,268.894,358.9045,CurrentState,End,Slider,51,Scenario,1
ID,8,Time,358.6916,DronePosition,-110.239,59.27025,-107.379,0,CameraPosition,-103.2105,1.720961,-107.2964,CameraRotation,345.8015,269.0028,358.8704,CurrentState,End,Slider,51,Scenario,1
ID,8,Time,358.7054,DronePosition,-110.239,59.27025,-107.379,0,CameraPosition,-103.2105,1.720909,-107.2962,CameraRotation,345.8604,269.1061,358.8276,CurrentState,End,Slider,51,Scenario,1
ID,8,Time,358.7198,DronePosition,-110.239,59.27025,-107.379,0,CameraPosition,-103.2106,1.72089,-107.296,CameraRotation,345.9051,269.1943,358.7921,CurrentState,End,Slider,51,Scenario,1
ID,8,Time,358.7337,DronePosition,-110.239,59.27025,-107.379,0,CameraPosition,-103.2106,1.720878,-107.2959,CameraRotation,345.9322,269.2742,358.7647,CurrentState,End,Slider,51,Scenario,1
ID,8,Time,358.7473,DronePosition,-110.239,59.27025,-107.379,0,CameraPosition,-103.2106,1.72086,-107.2957,CameraRotation,345.9533,269.3343,358.7437,CurrentState,End,Slider,51,Scenario,1
ID,8,Time,358.7609,DronePosition,-110.239,59.27025,-107.379,0,CameraPosition,-103.2107,1.72085,-107.2956,CameraRotation,345.9853,269.3771,358.7274,CurrentState,End,Slider,51,Scenario,1
ID,8,Time,358.7751,DronePosition,-110.239,59.27025,-107.379,0,CameraPosition,-103.2108,1.720823,-107.2955,CameraRotation,346.0028,269.4067,358.7093,CurrentState,End,Slider,51,Scenario,1
ID,8,Time,358.7891,DronePosition,-110.239,59.27025,-107.379,0,CameraPosition,-103.2108,1.720785,-107.2954,CameraRotation,346.0199,269.4153,358.7056,CurrentState,End,Slider,51,Scenario,1
ID,8,Time,358.803,DronePosition,-110.239,59.27025,-107.379,0,CameraPosition,-103.2108,1.720745,-107.2954,CameraRotation,346.0449,269.4065,358.7065,CurrentState,End,Slider,51,Scenario,1
ID,8,Time,358.8172,DronePosition,-110.239,59.27025,-107.379,0,CameraPosition,-103.2108,1.720703,-107.2954,CameraRotation,346.0946,269.3952,358.7141,CurrentState,End,Slider,51,Scenario,1
ID,8,Time,358.8305,DronePosition,-110.239,59.27025,-107.379,0,CameraPosition,-103.2109,1.720678,-107.2954,CameraRotation,346.1427,269.3851,358.7115,CurrentState,End,Slider,51,Scenario,1
ID,8,Time,358.8444,DronePosition,-110.239,59.27025,-107.379,0,CameraPosition,-103.2109,1.720664,-107.2954,CameraRotation,346.1595,269.3528,358.7162,CurrentState,End,Slider,51,Scenario,1
ID,8,Time,358.8585,DronePosition,-110.239,59.27025,-107.379,0,CameraPosition,-103.2109,1.72067,-107.2954,CameraRotation,346.1575,269.3117,358.7528,CurrentState,End,Slider,51,Scenario,1
ID,8,Time,358.8725,DronePosition,-110.239,59.27025,-107.379,0,CameraPosition,-103.211,1.720688,-107.2954,CameraRotation,346.1521,269.2741,358.7953,CurrentState,End,Slider,51,Scenario,1
ID,8,Time,358.8864,DronePosition,-110.239,59.27025,-107.379,0,CameraPosition,-103.2111,1.720725,-107.2955,CameraRotation,346.1595,269.2439,358.7982,CurrentState,End,Slider,51,Scenario,1
ID,8,Time,358.9006,DronePosition,-110.239,59.27025,-107.379,0,CameraPosition,-103.2111,1.720746,-107.2955,CameraRotation,346.1555,269.2413,358.7572,CurrentState,End,Slider,51,Scenario,1
ID,8,Time,358.9144,DronePosition,-110.239,59.27025,-107.379,0,CameraPosition,-103.2112,1.720773,-107.2955,CameraRotation,346.1523,269.2543,358.7354,CurrentState,End,Slider,51,Scenario,1
ID,8,Time,358.9283,DronePosition,-110.239,59.27025,-107.379,0,CameraPosition,-103.2113,1.720825,-107.2956,CameraRotation,346.152,269.2688,358.7737,CurrentState,End,Slider,51,Scenario,1
ID,8,Time,358.9426,DronePosition,-110.239,59.27025,-107.379,0,CameraPosition,-103.2114,1.720851,-107.2956,CameraRotation,346.1497,269.2737,358.8273,CurrentState,End,Slider,51,Scenario,1
ID,8,Time,358.9561,DronePosition,-110.239,59.27025,-107.379,0,CameraPosition,-103.2115,1.720831,-107.2956,CameraRotation,346.1596,269.2718,358.8624,CurrentState,End,Slider,51,Scenario,1
ID,8,Time,358.9699,DronePosition,-110.239,59.27025,-107.379,0,CameraPosition,-103.2115,1.720754,-107.2957,CameraRotation,346.1962,269.263,358.8748,CurrentState,End,Slider,51,Scenario,1
ID,8,Time,358.9838,DronePosition,-110.239,59.27025,-107.379,0,CameraPosition,-103.2116,1.720658,-107.2958,CameraRotation,346.2383,269.246,358.8763,CurrentState,End,Slider,51,Scenario,1
ID,8,Time,358.9978,DronePosition,-110.239,59.27025,-107.379,0,CameraPosition,-103.2117,1.720567,-107.2959,CameraRotation,346.2757,269.2057,358.881,CurrentState,End,Slider,51,Scenario,1
ID,8,Time,359.0115,DronePosition,-110.239,59.27025,-107.379,0,CameraPosition,-103.2117,1.720508,-107.296,CameraRotation,346.3036,269.1547,358.8802,CurrentState,End,Slider,51,Scenario,1
ID,8,Time,359.0258,DronePosition,-110.239,59.27025,-107.379,0,CameraPosition,-103.2118,1.720475,-107.2961,CameraRotation,346.3252,269.0872,358.8743,CurrentState,End,Slider,51,Scenario,1
ID,8,Time,359.0396,DronePosition,-110.239,59.27025,-107.379,0,CameraPosition,-103.2118,1.72047,-107.2963,CameraRotation,346.3565,269.0131,358.8678,CurrentState,End,Slider,51,Scenario,1
ID,8,Time,359.054,DronePosition,-110.239,59.27025,-107.379,0,CameraPosition,-103.2119,1.720424,-107.2965,CameraRotation,346.3782,268.9416,358.8595,CurrentState,End,Slider,51,Scenario,1
ID,8,Time,359.0675,DronePosition,-110.239,59.27025,-107.379,0,CameraPosition,-103.2119,1.720385,-107.2966,CameraRotation,346.424,268.8742,358.8715,CurrentState,End,Slider,51,Scenario,1
ID,8,Time,359.0815,DronePosition,-110.239,59.27025,-107.379,0,CameraPosition,-103.2119,1.720337,-107.2967,CameraRotation,346.4745,268.8309,358.8948,CurrentState,End,Slider,51,Scenario,1
ID,8,Time,359.0952,DronePosition,-110.239,59.27025,-107.379,0,CameraPosition,-103.2119,1.720288,-107.2969,CameraRotation,346.5092,268.7947,358.9059,CurrentState,End,Slider,51,Scenario,1
ID,8,Time,359.1092,DronePosition,-110.239,59.27025,-107.379,0,CameraPosition,-103.212,1.720236,-107.2969,CameraRotation,346.5357,268.7701,358.9052,CurrentState,End,Slider,51,Scenario,1
ID,8,Time,359.123,DronePosition,-110.239,59.27025,-107.379,0,CameraPosition,-103.212,1.720206,-107.297,CameraRotation,346.5503,268.7648,358.913,CurrentState,End,Slider,51,Scenario,1
ID,8,Time,359.1374,DronePosition,-110.239,59.27025,-107.379,0,CameraPosition,-103.212,1.720217,-107.2971,CameraRotation,346.5569,268.7674,358.9438,CurrentState,End,Slider,51,Scenario,1
ID,8,Time,359.1512,DronePosition,-110.239,59.27025,-107.379,0,CameraPosition,-103.2121,1.720236,-107.2972,CameraRotation,346.5428,268.7531,358.9828,CurrentState,End,Slider,51,Scenario,1
ID,8,Time,359.1649,DronePosition,-110.239,59.27025,-107.379,0,CameraPosition,-103.2121,1.720259,-107.2973,CameraRotation,346.528,268.7493,359.0229,CurrentState,End,Slider,51,Scenario,1
ID,8,Time,359.1786,DronePosition,-110.239,59.27025,-107.379,0,CameraPosition,-103.2121,1.720271,-107.2973,CameraRotation,346.5255,268.7526,359.0482,CurrentState,End,Slider,51,Scenario,1
ID,8,Time,359.1928,DronePosition,-110.239,59.27025,-107.379,0,CameraPosition,-103.2121,1.720253,-107.2975,CameraRotation,346.5313,268.7468,359.0741,CurrentState,End,Slider,51,Scenario,1
ID,8,Time,359.2067,DronePosition,-110.239,59.27025,-107.379,0,CameraPosition,-103.2121,1.720226,-107.2976,CameraRotation,346.5344,268.7463,359.1026,CurrentState,End,Slider,51,Scenario,1
ID,8,Time,359.2203,DronePosition,-110.239,59.27025,-107.379,0,CameraPosition,-103.2122,1.720233,-107.2976,CameraRotation,346.5436,268.7562,359.1379,CurrentState,End,Slider,51,Scenario,1
ID,8,Time,359.2345,DronePosition,-110.239,59.27025,-107.379,0,CameraPosition,-103.2122,1.720249,-107.2977,CameraRotation,346.5396,268.7704,359.1719,CurrentState,End,Slider,51,Scenario,1
ID,8,Time,359.2484,DronePosition,-110.239,59.27025,-107.379,0,CameraPosition,-103.2123,1.720269,-107.2977,CameraRotation,346.5255,268.8089,359.1918,CurrentState,End,Slider,51,Scenario,1
ID,8,Time,359.2623,DronePosition,-110.239,59.27025,-107.379,0,CameraPosition,-103.2124,1.72022,-107.2978,CameraRotation,346.5213,268.8555,359.2253,CurrentState,End,Slider,51,Scenario,1
ID,8,Time,359.2769,DronePosition,-110.239,59.27025,-107.379,0,CameraPosition,-103.2125,1.720121,-107.2978,CameraRotation,346.5482,268.8884,359.2514,CurrentState,End,Slider,51,Scenario,1
ID,8,Time,359.2904,DronePosition,-110.239,59.27025,-107.379,0,CameraPosition,-103.2125,1.719982,-107.2979,CameraRotation,346.6165,268.9164,359.2639,CurrentState,End,Slider,51,Scenario,1
ID,8,Time,359.3041,DronePosition,-110.239,59.27025,-107.379,0,CameraPosition,-103.2126,1.719884,-107.2979,CameraRotation,346.7126,268.9375,359.2788,CurrentState,End,Slider,51,Scenario,1
ID,8,Time,359.3185,DronePosition,-110.239,59.27025,-107.379,0,CameraPosition,-103.2127,1.719809,-107.298,CameraRotation,346.7787,268.9418,359.2912,CurrentState,End,Slider,51,Scenario,1
ID,8,Time,359.3321,DronePosition,-110.239,59.27025,-107.379,0,CameraPosition,-103.2128,1.71974,-107.298,CameraRotation,346.8339,268.9463,359.2845,CurrentState,End,Slider,51,Scenario,1
ID,8,Time,359.3461,DronePosition,-110.239,59.27025,-107.379,0,CameraPosition,-103.2129,1.71969,-107.2981,CameraRotation,346.8857,268.9354,359.2637,CurrentState,End,Slider,51,Scenario,1
ID,8,Time,359.36,DronePosition,-110.239,59.27025,-107.379,0,CameraPosition,-103.213,1.71964,-107.2982,CameraRotation,346.9256,268.9175,359.2462,CurrentState,End,Slider,51,Scenario,1
ID,8,Time,359.374,DronePosition,-110.239,59.27025,-107.379,0,CameraPosition,-103.213,1.719594,-107.2984,CameraRotation,346.962,268.8826,359.2403,CurrentState,End,Slider,51,Scenario,1
ID,8,Time,359.3878,DronePosition,-110.239,59.27025,-107.379,0,CameraPosition,-103.2131,1.719552,-107.2985,CameraRotation,346.9981,268.8503,359.2444,CurrentState,End,Slider,51,Scenario,1
ID,8,Time,359.4019,DronePosition,-110.239,59.27025,-107.379,0,CameraPosition,-103.2132,1.719494,-107.2985,CameraRotation,347.0251,268.8238,359.2553,CurrentState,End,Slider,51,Scenario,1
ID,8,Time,359.4155,DronePosition,-110.239,59.27025,-107.379,0,CameraPosition,-103.2133,1.719438,-107.2986,CameraRotation,347.0552,268.8007,359.2662,CurrentState,End,Slider,51,Scenario,1
ID,8,Time,359.4293,DronePosition,-110.239,59.27025,-107.379,0,CameraPosition,-103.2134,1.719414,-107.2987,CameraRotation,347.0883,268.7732,359.2768,CurrentState,End,Slider,51,Scenario,1
ID,8,Time,359.4434,DronePosition,-110.239,59.27025,-107.379,0,CameraPosition,-103.2135,1.719413,-107.2988,CameraRotation,347.1023,268.7495,359.2973,CurrentState,End,Slider,51,Scenario,1
ID,8,Time,359.4572,DronePosition,-110.239,59.27025,-107.379,0,CameraPosition,-103.2135,1.719414,-107.2989,CameraRotation,347.1108,268.7068,359.3411,CurrentState,End,Slider,51,Scenario,1
ID,8,Time,359.4711,DronePosition,-110.239,59.27025,-107.379,0,CameraPosition,-103.2136,1.719428,-107.299,CameraRotation,347.1424,268.6654,359.3958,CurrentState,End,Slider,51,Scenario,1
ID,8,Time,359.4854,DronePosition,-110.239,59.27025,-107.379,0,CameraPosition,-103.2137,1.719402,-107.2991,CameraRotation,347.1599,268.6288,359.4054,CurrentState,End,Slider,51,Scenario,1
ID,8,Time,359.4991,DronePosition,-110.239,59.27025,-107.379,0,CameraPosition,-103.2138,1.719381,-107.2992,CameraRotation,347.1844,268.6064,359.3773,CurrentState,End,Slider,51,Scenario,1
ID,8,Time,359.5129,DronePosition,-110.239,59.27025,-107.379,0,CameraPosition,-103.2138,1.719371,-107.2993,CameraRotation,347.1988,268.594,359.3604,CurrentState,End,Slider,51,Scenario,1
ID,8,Time,359.5274,DronePosition,-110.239,59.27025,-107.379,0,CameraPosition,-103.2139,1.719405,-107.2994,CameraRotation,347.213,268.5834,359.3862,CurrentState,End,Slider,51,Scenario,1
ID,8,Time,359.5416,DronePosition,-110.239,59.27025,-107.379,0,CameraPosition,-103.2139,1.719414,-107.2994,CameraRotation,347.2105,268.5534,359.4381,CurrentState,End,Slider,51,Scenario,1
ID,8,Time,359.5549,DronePosition,-110.239,59.27025,-107.379,0,CameraPosition,-103.214,1.719415,-107.2995,CameraRotation,347.2227,268.5337,359.4673,CurrentState,End,Slider,51,Scenario,1
ID,8,Time,359.5686,DronePosition,-110.239,59.27025,-107.379,0,CameraPosition,-103.214,1.71938,-107.2995,CameraRotation,347.241,268.5222,359.4675,CurrentState,End,Slider,51,Scenario,1
ID,8,Time,359.5826,DronePosition,-110.239,59.27025,-107.379,0,CameraPosition,-103.2141,1.719323,-107.2996,CameraRotation,347.264,268.5174,359.4615,CurrentState,End,Slider,51,Scenario,1
ID,8,Time,359.5962,DronePosition,-110.239,59.27025,-107.379,0,CameraPosition,-103.2141,1.719263,-107.2996,CameraRotation,347.2733,268.4894,359.4754,CurrentState,End,Slider,51,Scenario,1
ID,8,Time,359.6103,DronePosition,-110.239,59.27025,-107.379,0,CameraPosition,-103.2142,1.719235,-107.2996,CameraRotation,347.2699,268.4634,359.4926,CurrentState,End,Slider,51,Scenario,1
ID,8,Time,359.6241,DronePosition,-110.239,59.27025,-107.379,0,CameraPosition,-103.2143,1.71924,-107.2996,CameraRotation,347.2556,268.4342,359.4998,CurrentState,End,Slider,51,Scenario,1
ID,8,Time,359.6381,DronePosition,-110.239,59.27025,-107.379,0,CameraPosition,-103.2143,1.719248,-107.2996,CameraRotation,347.262,268.4008,359.4895,CurrentState,End,Slider,51,Scenario,1
ID,8,Time,359.654,DronePosition,-110.239,59.27025,-107.379,0,CameraPosition,-103.2143,1.719219,-107.2996,CameraRotation,347.2687,268.3729,359.4782,CurrentState,End,Slider,51,Scenario,1
ID,8,Time,359.6663,DronePosition,-110.239,59.27025,-107.379,0,CameraPosition,-103.2144,1.719209,-107.2996,CameraRotation,347.2918,268.3579,359.4748,CurrentState,End,Slider,51,Scenario,1
ID,8,Time,359.6797,DronePosition,-110.239,59.27025,-107.379,0,CameraPosition,-103.2144,1.719197,-107.2997,CameraRotation,347.2867,268.3301,359.4838,CurrentState,End,Slider,51,Scenario,1
ID,8,Time,359.6938,DronePosition,-110.239,59.27025,-107.379,0,CameraPosition,-103.2144,1.719223,-107.2997,CameraRotation,347.272,268.3095,359.4747,CurrentState,End,Slider,51,Scenario,1
ID,8,Time,359.7078,DronePosition,-110.239,59.27025,-107.379,0,CameraPosition,-103.2145,1.71928,-107.2997,CameraRotation,347.229,268.2933,359.4406,CurrentState,End,Slider,51,Scenario,1
ID,8,Time,359.7216,DronePosition,-110.239,59.27025,-107.379,0,CameraPosition,-103.2145,1.719331,-107.2996,CameraRotation,347.1948,268.275,359.428,CurrentState,End,Slider,51,Scenario,1
ID,8,Time,359.7354,DronePosition,-110.239,59.27025,-107.379,0,CameraPosition,-103.2145,1.719386,-107.2996,CameraRotation,347.1761,268.2581,359.433,CurrentState,End,Slider,51,Scenario,1
ID,8,Time,359.7495,DronePosition,-110.239,59.27025,-107.379,0,CameraPosition,-103.2146,1.719442,-107.2995,CameraRotation,347.1674,268.2304,359.4548,CurrentState,End,Slider,51,Scenario,1
ID,8,Time,359.7637,DronePosition,-110.239,59.27025,-107.379,0,CameraPosition,-103.2146,1.719481,-107.2995,CameraRotation,347.1525,268.1973,359.475,CurrentState,End,Slider,51,Scenario,1
ID,8,Time,359.7771,DronePosition,-110.239,59.27025,-107.379,0,CameraPosition,-103.2147,1.719525,-107.2995,CameraRotation,347.127,268.1609,359.4795,CurrentState,End,Slider,51,Scenario,1
ID,8,Time,359.7915,DronePosition,-110.239,59.27025,-107.379,0,CameraPosition,-103.2147,1.719569,-107.2995,CameraRotation,347.1075,268.1221,359.4609,CurrentState,End,Slider,51,Scenario,1
ID,8,Time,359.8052,DronePosition,-110.239,59.27025,-107.379,0,CameraPosition,-103.2147,1.719609,-107.2994,CameraRotation,347.1047,268.0747,359.4578,CurrentState,End,Slider,51,Scenario,1
ID,8,Time,359.8193,DronePosition,-110.239,59.27025,-107.379,0,CameraPosition,-103.2147,1.719624,-107.2994,CameraRotation,347.0835,268.0328,359.4629,CurrentState,End,Slider,51,Scenario,1
ID,8,Time,359.8331,DronePosition,-110.239,59.27025,-107.379,0,CameraPosition,-103.2148,1.719669,-107.2995,CameraRotation,347.0715,267.978,359.453,CurrentState,End,Slider,51,Scenario,1
ID,8,Time,359.8471,DronePosition,-110.239,59.27025,-107.379,0,CameraPosition,-103.2148,1.719745,-107.2995,CameraRotation,347.0502,267.9228,359.4446,CurrentState,End,Slider,51,Scenario,1
ID,8,Time,359.8607,DronePosition,-110.239,59.27025,-107.379,0,CameraPosition,-103.2148,1.719808,-107.2995,CameraRotation,347.0156,267.861,359.4369,CurrentState,End,Slider,51,Scenario,1
ID,8,Time,359.8749,DronePosition,-110.239,59.27025,-107.379,0,CameraPosition,-103.2148,1.71989,-107.2995,CameraRotation,346.9809,267.8069,359.43,CurrentState,End,Slider,51,Scenario,1
ID,8,Time,359.8889,DronePosition,-110.239,59.27025,-107.379,0,CameraPosition,-103.2148,1.719942,-107.2995,CameraRotation,346.9509,267.7497,359.4192,CurrentState,End,Slider,51,Scenario,1
ID,8,Time,359.9026,DronePosition,-110.239,59.27025,-107.379,0,CameraPosition,-103.2148,1.719988,-107.2995,CameraRotation,346.9397,267.6717,359.4119,CurrentState,End,Slider,51,Scenario,1
ID,8,Time,359.9167,DronePosition,-110.239,59.27025,-107.379,0,CameraPosition,-103.2148,1.72002,-107.2995,CameraRotation,346.9129,267.592,359.4105,CurrentState,End,Slider,51,Scenario,1
ID,8,Time,359.9303,DronePosition,-110.239,59.27025,-107.379,0,CameraPosition,-103.2148,1.720074,-107.2995,CameraRotation,346.8789,267.5063,359.4063,CurrentState,End,Slider,51,Scenario,1
ID,8,Time,359.9446,DronePosition,-110.239,59.27025,-107.379,0,CameraPosition,-103.2148,1.72014,-107.2995,CameraRotation,346.8487,267.4225,359.4012,CurrentState,End,Slider,51,Scenario,1
ID,8,Time,359.9583,DronePosition,-110.239,59.27025,-107.379,0,CameraPosition,-103.2148,1.720182,-107.2996,CameraRotation,346.8141,267.3279,359.4016,CurrentState,End,Slider,51,Scenario,1
ID,8,Time,359.9727,DronePosition,-110.239,59.27025,-107.379,0,CameraPosition,-103.2147,1.720224,-107.2996,CameraRotation,346.7938,267.2253,359.4107,CurrentState,End,Slider,51,Scenario,1
ID,8,Time,359.9867,DronePosition,-110.239,59.27025,-107.379,0,CameraPosition,-103.2147,1.720317,-107.2996,CameraRotation,346.7445,267.1078,359.4225,CurrentState,End,Slider,51,Scenario,1
ID,8,Time,360.0003,DronePosition,-110.239,59.27025,-107.379,0,CameraPosition,-103.2147,1.720448,-107.2997,CameraRotation,346.6731,266.9648,359.4319,CurrentState,End,Slider,51,Scenario,1
ID,8,Time,360.0137,DronePosition,-110.239,59.27025,-107.379,0,CameraPosition,-103.2147,1.72056,-107.2999,CameraRotation,346.5901,266.7993,359.4245,CurrentState,End,Slider,51,Scenario,1
ID,8,Time,360.0281,DronePosition,-110.239,59.27025,-107.379,0,CameraPosition,-103.2146,1.720655,-107.2999,CameraRotation,346.5286,266.6108,359.4266,CurrentState,End,Slider,51,Scenario,1
ID,8,Time,360.042,DronePosition,-110.239,59.27025,-107.379,0,CameraPosition,-103.2145,1.720757,-107.3001,CameraRotation,346.4529,266.3939,359.4241,CurrentState,End,Slider,51,Scenario,1
ID,8,Time,360.0558,DronePosition,-110.239,59.27025,-107.379,0,CameraPosition,-103.2144,1.72085,-107.3003,CameraRotation,346.3788,266.1489,359.4199,CurrentState,End,Slider,51,Scenario,1
ID,8,Time,360.0698,DronePosition,-110.239,59.27025,-107.379,0,CameraPosition,-103.2143,1.720947,-107.3005,CameraRotation,346.3142,265.8687,359.4225,CurrentState,End,Slider,51,Scenario,1
ID,8,Time,360.084,DronePosition,-110.239,59.27025,-107.379,0,CameraPosition,-103.2142,1.721051,-107.3006,CameraRotation,346.2841,265.5776,359.4235,CurrentState,End,Slider,51,Scenario,1
ID,8,Time,360.0984,DronePosition,-110.239,59.27025,-107.379,0,CameraPosition,-103.2141,1.721131,-107.3008,CameraRotation,346.2362,265.3108,359.3965,CurrentState,End,Slider,51,Scenario,1
ID,8,Time,360.1114,DronePosition,-110.239,59.27025,-107.379,0,CameraPosition,-103.2139,1.721229,-107.301,CameraRotation,346.1825,265.0459,359.3517,CurrentState,End,Slider,51,Scenario,1
ID,8,Time,360.1256,DronePosition,-110.239,59.27025,-107.379,0,CameraPosition,-103.2138,1.721357,-107.3012,CameraRotation,346.1193,264.7809,359.3175,CurrentState,End,Slider,51,Scenario,1
ID,8,Time,360.1393,DronePosition,-110.239,59.27025,-107.379,0,CameraPosition,-103.2136,1.72148,-107.3014,CameraRotation,346.0527,264.5131,359.3147,CurrentState,End,Slider,51,Scenario,1
ID,8,Time,360.1533,DronePosition,-110.239,59.27025,-107.379,0,CameraPosition,-103.2135,1.721571,-107.3016,CameraRotation,346.0084,264.2477,359.3189,CurrentState,End,Slider,51,Scenario,1
ID,8,Time,360.1673,DronePosition,-110.239,59.27025,-107.379,0,CameraPosition,-103.2133,1.721589,-107.3017,CameraRotation,346.0055,264.0098,359.3133,CurrentState,End,Slider,51,Scenario,1
ID,8,Time,360.1812,DronePosition,-110.239,59.27025,-107.379,0,CameraPosition,-103.2131,1.721521,-107.3018,CameraRotation,346.0319,263.7938,359.2893,CurrentState,End,Slider,51,Scenario,1
ID,8,Time,360.1949,DronePosition,-110.239,59.27025,-107.379,0,CameraPosition,-103.2129,1.721481,-107.3019,CameraRotation,346.0333,263.5851,359.272,CurrentState,End,Slider,51,Scenario,1
ID,8,Time,360.209,DronePosition,-110.239,59.27025,-107.379,0,CameraPosition,-103.2127,1.721432,-107.3019,CameraRotation,346.0161,263.3996,359.2679,CurrentState,End,Slider,51,Scenario,1
ID,8,Time,360.2226,DronePosition,-110.239,59.27025,-107.379,0,CameraPosition,-103.2125,1.721416,-107.3019,CameraRotation,346.0074,263.2399,359.2665,CurrentState,End,Slider,51,Scenario,1
ID,8,Time,360.2366,DronePosition,-110.239,59.27025,-107.379,0,CameraPosition,-103.2123,1.721402,-107.3019,CameraRotation,346.0075,263.1027,359.2549,CurrentState,End,Slider,51,Scenario,1
ID,8,Time,360.2505,DronePosition,-110.239,59.27025,-107.379,0,CameraPosition,-103.212,1.721361,-107.3019,CameraRotation,346.0208,262.9966,359.243,CurrentState,End,Slider,51,Scenario,1
ID,8,Time,360.2646,DronePosition,-110.239,59.27025,-107.379,0,CameraPosition,-103.2118,1.721288,-107.3019,CameraRotation,346.025,262.9147,359.2151,CurrentState,End,Slider,51,Scenario,1
ID,8,Time,360.2784,DronePosition,-110.239,59.27025,-107.379,0,CameraPosition,-103.2116,1.721262,-107.3017,CameraRotation,346.0358,262.8643,359.1931,CurrentState,End,Slider,51,Scenario,1
ID,8,Time,360.2922,DronePosition,-110.239,59.27025,-107.379,0,CameraPosition,-103.2114,1.721259,-107.3016,CameraRotation,346.0199,262.8336,359.1759,CurrentState,End,Slider,51,Scenario,1
ID,8,Time,360.3067,DronePosition,-110.239,59.27025,-107.379,0,CameraPosition,-103.2113,1.721305,-107.3015,CameraRotation,345.9825,262.8136,359.1223,CurrentState,End,Slider,51,Scenario,1
ID,8,Time,360.3201,DronePosition,-110.239,59.27025,-107.379,0,CameraPosition,-103.2111,1.721381,-107.3014,CameraRotation,345.9378,262.8196,359.0605,CurrentState,End,Slider,51,Scenario,1
ID,8,Time,360.334,DronePosition,-110.239,59.27025,-107.379,0,CameraPosition,-103.2109,1.721426,-107.3013,CameraRotation,345.8967,262.8035,359.0323,CurrentState,End,Slider,51,Scenario,1
ID,8,Time,360.3483,DronePosition,-110.239,59.27025,-107.379,0,CameraPosition,-103.2108,1.721439,-107.3012,CameraRotation,345.8838,262.7658,359.0193,CurrentState,End,Slider,51,Scenario,1
ID,8,Time,360.3617,DronePosition,-110.239,59.27025,-107.379,0,CameraPosition,-103.2106,1.721431,-107.3011,CameraRotation,345.8804,262.7129,359.0151,CurrentState,End,Slider,51,Scenario,1
ID,8,Time,360.3763,DronePosition,-110.239,59.27025,-107.379,0,CameraPosition,-103.2104,1.721412,-107.301,CameraRotation,345.8769,262.659,358.9898,CurrentState,End,Slider,51,Scenario,1
ID,8,Time,360.3901,DronePosition,-110.239,59.27025,-107.379,0,CameraPosition,-103.2102,1.721363,-107.3011,CameraRotation,345.8665,262.5968,358.94,CurrentState,End,Slider,51,Scenario,1
ID,8,Time,360.4041,DronePosition,-110.239,59.27025,-107.379,0,CameraPosition,-103.2099,1.721341,-107.3011,CameraRotation,345.8678,262.5251,358.8874,CurrentState,End,Slider,51,Scenario,1
ID,8,Time,360.4176,DronePosition,-110.239,59.27025,-107.379,0,CameraPosition,-103.2098,1.721339,-107.301,CameraRotation,345.8614,262.4593,358.8375,CurrentState,End,Slider,51,Scenario,1
ID,8,Time,360.4318,DronePosition,-110.239,59.27025,-107.379,0,CameraPosition,-103.2096,1.721349,-107.3009,CameraRotation,345.8629,262.3885,358.7949,CurrentState,End,Slider,51,Scenario,1
ID,8,Time,360.4456,DronePosition,-110.239,59.27025,-107.379,0,CameraPosition,-103.2094,1.721363,-107.3009,CameraRotation,345.8638,262.3337,358.7495,CurrentState,End,Slider,51,Scenario,1
ID,8,Time,360.4597,DronePosition,-110.239,59.27025,-107.379,0,CameraPosition,-103.2093,1.721357,-107.3008,CameraRotation,345.8582,262.2766,358.6973,CurrentState,End,Slider,51,Scenario,1
ID,8,Time,360.4735,DronePosition,-110.239,59.27025,-107.379,0,CameraPosition,-103.2091,1.721326,-107.3007,CameraRotation,345.8609,262.2316,358.6398,CurrentState,End,Slider,51,Scenario,1
ID,8,Time,360.4871,DronePosition,-110.239,59.27025,-107.379,0,CameraPosition,-103.209,1.721294,-107.3007,CameraRotation,345.8733,262.1973,358.5662,CurrentState,End,Slider,51,Scenario,1
ID,8,Time,360.5013,DronePosition,-110.239,59.27025,-107.379,0,CameraPosition,-103.2089,1.721255,-107.3006,CameraRotation,345.8853,262.1751,358.5029,CurrentState,End,Slider,51,Scenario,1
ID,8,Time,360.5151,DronePosition,-110.239,59.27025,-107.379,0,CameraPosition,-103.2087,1.72124,-107.3005,CameraRotation,345.8892,262.1538,358.4459,CurrentState,End,Slider,51,Scenario,1
ID,8,Time,360.5288,DronePosition,-110.239,59.27025,-107.379,0,CameraPosition,-103.2086,1.721232,-107.3004,CameraRotation,345.8921,262.1411,358.4053,CurrentState,End,Slider,51,Scenario,1
ID,8,Time,360.5429,DronePosition,-110.239,59.27025,-107.379,0,CameraPosition,-103.2085,1.721237,-107.3003,CameraRotation,345.8697,262.1347,358.3862,CurrentState,End,Slider,51,Scenario,1
ID,8,Time,360.5569,DronePosition,-110.239,59.27025,-107.379,0,CameraPosition,-103.2083,1.721266,-107.3002,CameraRotation,345.8402,262.1389,358.3585,CurrentState,End,Slider,51,Scenario,1
ID,8,Time,360.571,DronePosition,-110.239,59.27025,-107.379,0,CameraPosition,-103.2082,1.721315,-107.3002,CameraRotation,345.8177,262.1527,358.3243,CurrentState,End,Slider,51,Scenario,1
ID,8,Time,360.5849,DronePosition,-110.239,59.27025,-107.379,0,CameraPosition,-103.2081,1.721334,-107.3001,CameraRotation,345.8091,262.1662,358.2969,CurrentState,End,Slider,51,Scenario,1
ID,8,Time,360.599,DronePosition,-110.239,59.27025,-107.379,0,CameraPosition,-103.208,1.72132,-107.3001,CameraRotation,345.8058,262.1868,358.2763,CurrentState,End,Slider,51,Scenario,1
ID,8,Time,360.6123,DronePosition,-110.239,59.27025,-107.379,0,CameraPosition,-103.2079,1.721272,-107.3,CameraRotation,345.8201,262.2086,358.2599,CurrentState,End,Slider,51,Scenario,1
ID,8,Time,360.6268,DronePosition,-110.239,59.27025,-107.379,0,CameraPosition,-103.2078,1.721227,-107.3,CameraRotation,345.8505,262.2288,358.2315,CurrentState,End,Slider,51,Scenario,1
ID,8,Time,360.6403,DronePosition,-110.239,59.27025,-107.379,0,CameraPosition,-103.2077,1.721184,-107.3,CameraRotation,345.8837,262.2535,358.1927,CurrentState,End,Slider,51,Scenario,1
ID,8,Time,360.6547,DronePosition,-110.239,59.27025,-107.379,0,CameraPosition,-103.2077,1.72119,-107.2999,CameraRotation,345.9211,262.2804,358.1484,CurrentState,End,Slider,51,Scenario,1
ID,8,Time,360.6682,DronePosition,-110.239,59.27025,-107.379,0,CameraPosition,-103.2076,1.721195,-107.3,CameraRotation,345.9377,262.2996,358.117,CurrentState,End,Slider,51,Scenario,1
ID,8,Time,360.6824,DronePosition,-110.239,59.27025,-107.379,0,CameraPosition,-103.2075,1.721198,-107.3,CameraRotation,345.9451,262.3123,358.1132,CurrentState,End,Slider,51,Scenario,1
ID,8,Time,360.6961,DronePosition,-110.239,59.27025,-107.379,0,CameraPosition,-103.2075,1.721168,-107.3,CameraRotation,345.992,262.33,358.1497,CurrentState,End,Slider,51,Scenario,1
ID,8,Time,360.7101,DronePosition,-110.239,59.27025,-107.379,0,CameraPosition,-103.2074,1.72115,-107.3,CameraRotation,346.0692,262.3522,358.1552,CurrentState,End,Slider,51,Scenario,1
ID,8,Time,360.7241,DronePosition,-110.239,59.27025,-107.379,0,CameraPosition,-103.2073,1.721148,-107.3,CameraRotation,346.1188,262.396,358.1233,CurrentState,End,Slider,51,Scenario,1
ID,8,Time,360.7381,DronePosition,-110.239,59.27025,-107.379,0,CameraPosition,-103.2073,1.721184,-107.3,CameraRotation,346.1328,262.4394,358.0868,CurrentState,End,Slider,51,Scenario,1
ID,8,Time,360.752,DronePosition,-110.239,59.27025,-107.379,0,CameraPosition,-103.2072,1.721207,-107.3001,CameraRotation,346.1469,262.4723,358.0849,CurrentState,End,Slider,51,Scenario,1
ID,8,Time,360.7658,DronePosition,-110.239,59.27025,-107.379,0,CameraPosition,-103.2071,1.72119,-107.3001,CameraRotation,346.1899,262.5082,358.1101,CurrentState,End,Slider,51,Scenario,1
ID,8,Time,360.7798,DronePosition,-110.239,59.27025,-107.379,0,CameraPosition,-103.207,1.721095,-107.3002,CameraRotation,346.2574,262.5305,358.1319,CurrentState,End,Slider,51,Scenario,1
ID,8,Time,360.7934,DronePosition,-110.239,59.27025,-107.379,0,CameraPosition,-103.207,1.720958,-107.3003,CameraRotation,346.3154,262.5626,358.1352,CurrentState,End,Slider,51,Scenario,1
ID,8,Time,360.8077,DronePosition,-110.239,59.27025,-107.379,0,CameraPosition,-103.2069,1.720816,-107.3003,CameraRotation,346.3638,262.5993,358.1357,CurrentState,End,Slider,51,Scenario,1
ID,8,Time,360.8218,DronePosition,-110.239,59.27025,-107.379,0,CameraPosition,-103.2069,1.720736,-107.3004,CameraRotation,346.3868,262.6306,358.1404,CurrentState,End,Slider,51,Scenario,1
ID,8,Time,360.8354,DronePosition,-110.239,59.27025,-107.379,0,CameraPosition,-103.2068,1.720695,-107.3004,CameraRotation,346.4009,262.662,358.153,CurrentState,End,Slider,51,Scenario,1
ID,8,Time,360.8502,DronePosition,-110.239,59.27025,-107.379,0,CameraPosition,-103.2067,1.720671,-107.3005,CameraRotation,346.4081,262.6784,358.166,CurrentState,End,Slider,51,Scenario,1
ID,8,Time,360.8631,DronePosition,-110.239,59.27025,-107.379,0,CameraPosition,-103.2066,1.720641,-107.3006,CameraRotation,346.4237,262.6921,358.1805,CurrentState,End,Slider,51,Scenario,1
ID,8,Time,360.877,DronePosition,-110.239,59.27025,-107.379,0,CameraPosition,-103.2065,1.720574,-107.3007,CameraRotation,346.444,262.7058,358.1844,CurrentState,End,Slider,51,Scenario,1
ID,8,Time,360.8911,DronePosition,-110.239,59.27025,-107.379,0,CameraPosition,-103.2064,1.720507,-107.3007,CameraRotation,346.4827,262.712,358.1988,CurrentState,End,Slider,51,Scenario,1
ID,8,Time,360.905,DronePosition,-110.239,59.27025,-107.379,0,CameraPosition,-103.2063,1.720472,-107.3008,CameraRotation,346.5146,262.7114,358.2155,CurrentState,End,Slider,51,Scenario,1
ID,8,Time,360.919,DronePosition,-110.239,59.27025,-107.379,0,CameraPosition,-103.2062,1.720456,-107.3009,CameraRotation,346.518,262.7295,358.2104,CurrentState,End,Slider,51,Scenario,1
ID,8,Time,360.933,DronePosition,-110.239,59.27025,-107.379,0,CameraPosition,-103.2062,1.72044,-107.301,CameraRotation,346.5001,262.7536,358.1997,CurrentState,End,Slider,51,Scenario,1
ID,8,Time,360.9466,DronePosition,-110.239,59.27025,-107.379,0,CameraPosition,-103.2061,1.72046,-107.3011,CameraRotation,346.4962,262.7769,358.1994,CurrentState,End,Slider,51,Scenario,1
ID,8,Time,360.9608,DronePosition,-110.239,59.27025,-107.379,0,CameraPosition,-103.206,1.720461,-107.3011,CameraRotation,346.4872,262.7988,358.2296,CurrentState,End,Slider,51,Scenario,1
ID,8,Time,360.9745,DronePosition,-110.239,59.27025,-107.379,0,CameraPosition,-103.2059,1.720463,-107.3012,CameraRotation,346.4844,262.8036,358.2778,CurrentState,End,Slider,51,Scenario,1
ID,8,Time,360.9885,DronePosition,-110.239,59.27025,-107.379,0,CameraPosition,-103.2058,1.720456,-107.3013,CameraRotation,346.4799,262.8273,358.3047,CurrentState,End,Slider,51,Scenario,1
ID,8,Time,361.0026,DronePosition,-110.239,59.27025,-107.379,0,CameraPosition,-103.2057,1.720438,-107.3014,CameraRotation,346.4784,262.8366,358.3196,CurrentState,End,Slider,51,Scenario,1
ID,8,Time,361.0168,DronePosition,-110.239,59.27025,-107.379,0,CameraPosition,-103.2056,1.720426,-107.3015,CameraRotation,346.4812,262.8405,358.3443,CurrentState,End,Slider,51,Scenario,1
ID,8,Time,361.0303,DronePosition,-110.239,59.27025,-107.379,0,CameraPosition,-103.2055,1.720427,-107.3016,CameraRotation,346.4816,262.8342,358.373,CurrentState,End,Slider,51,Scenario,1
ID,8,Time,361.0445,DronePosition,-110.239,59.27025,-107.379,0,CameraPosition,-103.2054,1.720409,-107.3016,CameraRotation,346.4714,262.8279,358.3988,CurrentState,End,Slider,51,Scenario,1
ID,8,Time,361.0585,DronePosition,-110.239,59.27025,-107.379,0,CameraPosition,-103.2053,1.720403,-107.3017,CameraRotation,346.4702,262.8178,358.4105,CurrentState,End,Slider,51,Scenario,1
ID,8,Time,361.073,DronePosition,-110.239,59.27025,-107.379,0,CameraPosition,-103.2052,1.720397,-107.3018,CameraRotation,346.4586,262.8127,358.4175,CurrentState,End,Slider,51,Scenario,1
ID,8,Time,361.0861,DronePosition,-110.239,59.27025,-107.379,0,CameraPosition,-103.2051,1.720385,-107.3019,CameraRotation,346.4446,262.809,358.4343,CurrentState,End,Slider,51,Scenario,1
ID,8,Time,361.1,DronePosition,-110.239,59.27025,-107.379,0,CameraPosition,-103.205,1.720407,-107.3019,CameraRotation,346.4318,262.8161,358.425,CurrentState,End,Slider,51,Scenario,1
ID,8,Time,361.1138,DronePosition,-110.239,59.27025,-107.379,0,CameraPosition,-103.2049,1.720442,-107.302,CameraRotation,346.4193,262.8184,358.4366,CurrentState,End,Slider,51,Scenario,1
ID,8,Time,361.1277,DronePosition,-110.239,59.27025,-107.379,0,CameraPosition,-103.2048,1.720488,-107.3021,CameraRotation,346.3988,262.8361,358.4554,CurrentState,End,Slider,51,Scenario,1
ID,8,Time,361.1417,DronePosition,-110.239,59.27025,-107.379,0,CameraPosition,-103.2047,1.720553,-107.3021,CameraRotation,346.3761,262.8446,358.4893,CurrentState,End,Slider,51,Scenario,1
ID,8,Time,361.1555,DronePosition,-110.239,59.27025,-107.379,0,CameraPosition,-103.2046,1.720609,-107.3022,CameraRotation,346.3463,262.8461,358.5259,CurrentState,End,Slider,51,Scenario,1
ID,8,Time,361.1696,DronePosition,-110.239,59.27025,-107.379,0,CameraPosition,-103.2045,1.720648,-107.3022,CameraRotation,346.3244,262.845,358.5489,CurrentState,End,Slider,51,Scenario,1
ID,8,Time,361.1834,DronePosition,-110.239,59.27025,-107.379,0,CameraPosition,-103.2044,1.720681,-107.3023,CameraRotation,346.3054,262.8527,358.5559,CurrentState,End,Slider,51,Scenario,1
ID,8,Time,361.1975,DronePosition,-110.239,59.27025,-107.379,0,CameraPosition,-103.2043,1.720707,-107.3023,CameraRotation,346.3046,262.8488,358.577,CurrentState,End,Slider,51,Scenario,1
ID,8,Time,361.2112,DronePosition,-110.239,59.27025,-107.379,0,CameraPosition,-103.2042,1.720728,-107.3023,CameraRotation,346.3041,262.8354,358.6002,CurrentState,End,Slider,51,Scenario,1
ID,8,Time,361.2259,DronePosition,-110.239,59.27025,-107.379,0,CameraPosition,-103.2042,1.720704,-107.3024,CameraRotation,346.2823,262.8153,358.6217,CurrentState,End,Slider,51,Scenario,1
ID,8,Time,361.2394,DronePosition,-110.239,59.27025,-107.379,0,CameraPosition,-103.2042,1.720678,-107.3024,CameraRotation,346.2614,262.7884,358.6477,CurrentState,End,Slider,51,Scenario,1
ID,8,Time,361.253,DronePosition,-110.239,59.27025,-107.379,0,CameraPosition,-103.2042,1.720632,-107.3025,CameraRotation,346.2496,262.7595,358.6631,CurrentState,End,Slider,51,Scenario,1
ID,8,Time,361.267,DronePosition,-110.239,59.27025,-107.379,0,CameraPosition,-103.2043,1.720587,-107.3025,CameraRotation,346.2819,262.7364,358.6718,CurrentState,End,Slider,51,Scenario,1
ID,8,Time,361.2809,DronePosition,-110.239,59.27025,-107.379,0,CameraPosition,-103.2044,1.720522,-107.3025,CameraRotation,346.3396,262.6998,358.6796,CurrentState,End,Slider,51,Scenario,1
ID,8,Time,361.2946,DronePosition,-110.239,59.27025,-107.379,0,CameraPosition,-103.2045,1.720322,-107.3025,CameraRotation,346.4437,262.6627,358.7064,CurrentState,End,Slider,51,Scenario,1
ID,8,Time,361.3087,DronePosition,-110.239,59.27025,-107.379,0,CameraPosition,-103.2047,1.720037,-107.3025,CameraRotation,346.6218,262.6273,358.7356,CurrentState,End,Slider,51,Scenario,1
ID,8,Time,361.3228,DronePosition,-110.239,59.27025,-107.379,0,CameraPosition,-103.205,1.719508,-107.3025,CameraRotation,346.9824,262.5875,358.752,CurrentState,End,Slider,51,Scenario,1
ID,8,Time,361.3365,DronePosition,-110.239,59.27025,-107.379,0,CameraPosition,-103.2053,1.718827,-107.3025,CameraRotation,347.4623,262.5638,358.7381,CurrentState,End,Slider,51,Scenario,1
ID,8,Time,361.3507,DronePosition,-110.239,59.27025,-107.379,0,CameraPosition,-103.2057,1.717939,-107.3024,CameraRotation,348.0624,262.5529,358.7261,CurrentState,End,Slider,51,Scenario,1
ID,8,Time,361.3643,DronePosition,-110.239,59.27025,-107.379,0,CameraPosition,-103.2061,1.716805,-107.3024,CameraRotation,348.7899,262.5379,358.7092,CurrentState,End,Slider,51,Scenario,1
ID,8,Time,361.3781,DronePosition,-110.239,59.27025,-107.379,0,CameraPosition,-103.2065,1.715366,-107.3023,CameraRotation,349.7296,262.5273,358.6898,CurrentState,End,Slider,51,Scenario,1
ID,8,Time,361.3923,DronePosition,-110.239,59.27025,-107.379,0,CameraPosition,-103.2069,1.713834,-107.3023,CameraRotation,350.7714,262.5161,358.6616,CurrentState,End,Slider,51,Scenario,1
ID,8,Time,361.4064,DronePosition,-110.239,59.27025,-107.379,0,CameraPosition,-103.2073,1.712217,-107.3023,CameraRotation,351.8906,262.5019,358.6098,CurrentState,End,Slider,51,Scenario,1
ID,8,Time,361.4201,DronePosition,-110.239,59.27025,-107.379,0,CameraPosition,-103.2077,1.71067,-107.3022,CameraRotation,352.9521,262.4547,358.5648,CurrentState,End,Slider,51,Scenario,1
ID,8,Time,361.4346,DronePosition,-110.239,59.27025,-107.379,0,CameraPosition,-103.2081,1.709271,-107.3022,CameraRotation,353.8347,262.3815,358.5616,CurrentState,End,Slider,51,Scenario,1
ID,8,Time,361.4484,DronePosition,-110.239,59.27025,-107.379,0,CameraPosition,-103.2085,1.708158,-107.3022,CameraRotation,354.4862,262.2794,358.6229,CurrentState,End,Slider,51,Scenario,1
ID,8,Time,361.4618,DronePosition,-110.239,59.27025,-107.379,0,CameraPosition,-103.2089,1.70743,-107.3022,CameraRotation,354.8905,262.1658,358.7194,CurrentState,End,Slider,51,Scenario,1
ID,8,Time,361.4757,DronePosition,-110.239,59.27025,-107.379,0,CameraPosition,-103.2093,1.706944,-107.3021,CameraRotation,355.211,262.0546,358.7638,CurrentState,End,Slider,51,Scenario,1
ID,8,Time,361.4896,DronePosition,-110.239,59.27025,-107.379,0,CameraPosition,-103.2097,1.706789,-107.3021,CameraRotation,355.3154,261.9594,358.7536,CurrentState,End,Slider,51,Scenario,1
ID,8,Time,361.5034,DronePosition,-110.239,59.27025,-107.379,0,CameraPosition,-103.21,1.706656,-107.302,CameraRotation,355.3688,261.8671,358.7451,CurrentState,End,Slider,51,Scenario,1
ID,8,Time,361.5175,DronePosition,-110.239,59.27025,-107.379,0,CameraPosition,-103.2102,1.706493,-107.3018,CameraRotation,355.5251,261.787,358.7594,CurrentState,End,Slider,51,Scenario,1
ID,8,Time,361.5312,DronePosition,-110.239,59.27025,-107.379,0,CameraPosition,-103.2104,1.706379,-107.3017,CameraRotation,355.6359,261.6892,358.7919,CurrentState,End,Slider,51,Scenario,1
ID,8,Time,361.545,DronePosition,-110.239,59.27025,-107.379,0,CameraPosition,-103.2107,1.706338,-107.3016,CameraRotation,355.7078,261.5851,358.7845,CurrentState,End,Slider,51,Scenario,1
ID,8,Time,361.559,DronePosition,-110.239,59.27025,-107.379,0,CameraPosition,-103.2109,1.706276,-107.3015,CameraRotation,355.7669,261.4744,358.7559,CurrentState,End,Slider,51,Scenario,1
ID,8,Time,361.573,DronePosition,-110.239,59.27025,-107.379,0,CameraPosition,-103.2112,1.706278,-107.3015,CameraRotation,355.7905,261.3485,358.6915,CurrentState,End,Slider,51,Scenario,1
ID,8,Time,361.5872,DronePosition,-110.239,59.27025,-107.379,0,CameraPosition,-103.2114,1.706228,-107.3013,CameraRotation,355.8445,261.2268,358.6443,CurrentState,End,Slider,51,Scenario,1
ID,8,Time,361.6009,DronePosition,-110.239,59.27025,-107.379,0,CameraPosition,-103.2116,1.706149,-107.3011,CameraRotation,355.9256,261.132,358.6021,CurrentState,End,Slider,51,Scenario,1
ID,8,Time,361.6148,DronePosition,-110.239,59.27025,-107.379,0,CameraPosition,-103.2118,1.706105,-107.3009,CameraRotation,355.9716,261.0697,358.5739,CurrentState,End,Slider,51,Scenario,1
ID,8,Time,361.6285,DronePosition,-110.239,59.27025,-107.379,0,CameraPosition,-103.2121,1.706151,-107.3007,CameraRotation,355.9548,261.0269,358.5377,CurrentState,End,Slider,51,Scenario,1
ID,8,Time,361.643,DronePosition,-110.239,59.27025,-107.379,0,CameraPosition,-103.2124,1.706172,-107.3004,CameraRotation,355.9174,260.9976,358.5252,CurrentState,End,Slider,51,Scenario,1
ID,8,Time,361.657,DronePosition,-110.239,59.27025,-107.379,0,CameraPosition,-103.2126,1.706205,-107.3001,CameraRotation,355.9156,260.9913,358.5082,CurrentState,End,Slider,51,Scenario,1
ID,8,Time,361.6714,DronePosition,-110.239,59.27025,-107.379,0,CameraPosition,-103.2128,1.706193,-107.2998,CameraRotation,355.9376,260.981,358.4955,CurrentState,End,Slider,51,Scenario,1
ID,8,Time,361.6844,DronePosition,-110.239,59.27025,-107.379,0,CameraPosition,-103.213,1.706143,-107.2994,CameraRotation,355.9519,260.9676,358.4864,CurrentState,End,Slider,51,Scenario,1
ID,8,Time,361.6984,DronePosition,-110.239,59.27025,-107.379,0,CameraPosition,-103.2132,1.70606,-107.2991,CameraRotation,355.9728,260.9307,358.4514,CurrentState,End,Slider,51,Scenario,1
ID,8,Time,361.7128,DronePosition,-110.239,59.27025,-107.379,0,CameraPosition,-103.2134,1.70595,-107.2988,CameraRotation,356.0009,260.9009,358.393,CurrentState,End,Slider,51,Scenario,1
ID,8,Time,361.7262,DronePosition,-110.239,59.27025,-107.379,0,CameraPosition,-103.2135,1.70581,-107.2985,CameraRotation,356.0221,260.8626,358.2885,CurrentState,End,Slider,51,Scenario,1
ID,8,Time,361.7404,DronePosition,-110.239,59.27025,-107.379,0,CameraPosition,-103.2136,1.705672,-107.2982,CameraRotation,356.06,260.8133,358.1441,CurrentState,End,Slider,51,Scenario,1
ID,8,Time,361.7542,DronePosition,-110.239,59.27025,-107.379,0,CameraPosition,-103.2138,1.705502,-107.2978,CameraRotation,356.0897,260.7423,357.9987,CurrentState,End,Slider,51,Scenario,1
ID,8,Time,361.7682,DronePosition,-110.239,59.27025,-107.379,0,CameraPosition,-103.2138,1.705289,-107.2975,CameraRotation,356.1292,260.6485,357.8324,CurrentState,End,Slider,51,Scenario,1
ID,8,Time,361.7821,DronePosition,-110.239,59.27025,-107.379,0,CameraPosition,-103.2138,1.705083,-107.2973,CameraRotation,356.221,260.5278,357.6579,CurrentState,End,Slider,51,Scenario,1
ID,8,Time,361.7958,DronePosition,-110.239,59.27025,-107.379,0,CameraPosition,-103.2137,1.704881,-107.297,CameraRotation,356.2909,260.4205,357.4781,CurrentState,End,Slider,51,Scenario,1
ID,8,Time,361.8099,DronePosition,-110.239,59.27025,-107.379,0,CameraPosition,-103.2137,1.704703,-107.2967,CameraRotation,356.3556,260.3069,357.2963,CurrentState,End,Slider,51,Scenario,1
ID,8,Time,361.8238,DronePosition,-110.239,59.27025,-107.379,0,CameraPosition,-103.2136,1.704476,-107.2965,CameraRotation,356.3537,260.2271,357.1454,CurrentState,End,Slider,51,Scenario,1
ID,8,Time,361.8376,DronePosition,-110.239,59.27025,-107.379,0,CameraPosition,-103.2134,1.704153,-107.2962,CameraRotation,356.353,260.1752,356.9957,CurrentState,End,Slider,51,Scenario,1
ID,8,Time,361.8527,DronePosition,-110.239,59.27025,-107.379,0,CameraPosition,-103.2133,1.703696,-107.296,CameraRotation,356.4255,260.1559,356.8694,CurrentState,End,Slider,51,Scenario,1
ID,8,Time,361.8656,DronePosition,-110.239,59.27025,-107.379,0,CameraPosition,-103.2132,1.7032,-107.2957,CameraRotation,356.5898,260.1839,356.7783,CurrentState,End,Slider,51,Scenario,1
ID,8,Time,361.8794,DronePosition,-110.239,59.27025,-107.379,0,CameraPosition,-103.2132,1.702694,-107.2954,CameraRotation,356.808,260.2446,356.7251,CurrentState,End,Slider,51,Scenario,1
ID,8,Time,361.893,DronePosition,-110.239,59.27025,-107.379,0,CameraPosition,-103.2132,1.702148,-107.2952,CameraRotation,357.0802,260.4047,356.6523,CurrentState,End,Slider,51,Scenario,1
ID,8,Time,361.9073,DronePosition,-110.239,59.27025,-107.379,0,CameraPosition,-103.2134,1.701688,-107.2948,CameraRotation,357.3729,260.6172,356.5415,CurrentState,End,Slider,51,Scenario,1
ID,8,Time,361.921,DronePosition,-110.239,59.27025,-107.379,0,CameraPosition,-103.2137,1.701283,-107.2944,CameraRotation,357.665,260.9567,356.4068,CurrentState,End,Slider,51,Scenario,1
ID,8,Time,361.9351,DronePosition,-110.239,59.27025,-107.379,0,CameraPosition,-103.214,1.700882,-107.2938,CameraRotation,357.997,261.4998,356.2739,CurrentState,End,Slider,51,Scenario,1
ID,8,Time,361.9491,DronePosition,-110.239,59.27025,-107.379,0,CameraPosition,-103.2143,1.700397,-107.2931,CameraRotation,358.3549,262.2399,356.1249,CurrentState,End,Slider,51,Scenario,1
ID,8,Time,361.9633,DronePosition,-110.239,59.27025,-107.379,0,CameraPosition,-103.2144,1.699847,-107.2923,CameraRotation,358.7467,263.0698,355.9889,CurrentState,End,Slider,51,Scenario,1
ID,8,Time,361.9768,DronePosition,-110.239,59.27025,-107.379,0,CameraPosition,-103.2146,1.699226,-107.2914,CameraRotation,359.2037,264.1466,355.8814,CurrentState,End,Slider,51,Scenario,1
ID,8,Time,361.9908,DronePosition,-110.239,59.27025,-107.379,0,CameraPosition,-103.2146,1.698471,-107.2905,CameraRotation,359.6746,265.2861,355.8428,CurrentState,End,Slider,51,Scenario,1
ID,8,Time,362.0049,DronePosition,-110.239,59.27025,-107.379,0,CameraPosition,-103.2145,1.697642,-107.2896,CameraRotation,0.1652846,266.4306,355.8613,CurrentState,End,Slider,51,Scenario,1
ID,8,Time,362.0188,DronePosition,-110.239,59.27025,-107.379,0,CameraPosition,-103.2143,1.696859,-107.2889,CameraRotation,0.7303804,267.5815,355.9471,CurrentState,End,Slider,51,Scenario,1
ID,8,Time,362.0326,DronePosition,-110.239,59.27025,-107.379,0,CameraPosition,-103.214,1.696184,-107.2882,CameraRotation,1.313523,268.7489,356.0829,CurrentState,End,Slider,51,Scenario,1
ID,8,Time,362.0466,DronePosition,-110.239,59.27025,-107.379,0,CameraPosition,-103.2137,1.695609,-107.2877,CameraRotation,1.819381,269.8657,356.2106,CurrentState,End,Slider,51,Scenario,1
ID,8,Time,362.0609,DronePosition,-110.239,59.27025,-107.379,0,CameraPosition,-103.2135,1.695234,-107.2873,CameraRotation,2.229786,270.9944,356.4154,CurrentState,End,Slider,51,Scenario,1
ID,8,Time,362.0747,DronePosition,-110.239,59.27025,-107.379,0,CameraPosition,-103.2134,1.695137,-107.287,CameraRotation,2.518702,272.0383,356.6482,CurrentState,End,Slider,51,Scenario,1
ID,8,Time,362.0884,DronePosition,-110.239,59.27025,-107.379,0,CameraPosition,-103.2134,1.695125,-107.2869,CameraRotation,2.694859,272.9717,356.8712,CurrentState,End,Slider,51,Scenario,1
ID,8,Time,362.1023,DronePosition,-110.239,59.27025,-107.379,0,CameraPosition,-103.2133,1.695175,-107.2871,CameraRotation,2.782277,273.7633,357.0972,CurrentState,End,Slider,51,Scenario,1
ID,8,Time,362.1168,DronePosition,-110.239,59.27025,-107.379,0,CameraPosition,-103.2131,1.695148,-107.2875,CameraRotation,2.875174,274.4639,357.2676,CurrentState,End,Slider,51,Scenario,1
ID,8,Time,362.1301,DronePosition,-110.239,59.27025,-107.379,0,CameraPosition,-103.213,1.695113,-107.2881,CameraRotation,3.001837,275.0761,357.3824,CurrentState,End,Slider,51,Scenario,1
ID,8,Time,362.1441,DronePosition,-110.239,59.27025,-107.379,0,CameraPosition,-103.213,1.695006,-107.2889,CameraRotation,3.123338,275.6159,357.469,CurrentState,End,Slider,51,Scenario,1
ID,8,Time,362.1582,DronePosition,-110.239,59.27025,-107.379,0,CameraPosition,-103.2129,1.694869,-107.2898,CameraRotation,3.2098,276.139,357.5623,CurrentState,End,Slider,51,Scenario,1
ID,8,Time,362.1719,DronePosition,-110.239,59.27025,-107.379,0,CameraPosition,-103.213,1.694722,-107.2908,CameraRotation,3.204218,276.5739,357.6502,CurrentState,End,Slider,51,Scenario,1
ID,8,Time,362.1859,DronePosition,-110.239,59.27025,-107.379,0,CameraPosition,-103.2131,1.694716,-107.2919,CameraRotation,3.218736,276.9522,357.7441,CurrentState,End,Slider,51,Scenario,1
ID,8,Time,362.2,DronePosition,-110.239,59.27025,-107.379,0,CameraPosition,-103.2133,1.694919,-107.293,CameraRotation,3.326057,277.3301,357.8304,CurrentState,End,Slider,51,Scenario,1
ID,8,Time,362.2137,DronePosition,-110.239,59.27025,-107.379,0,CameraPosition,-103.2135,1.695269,-107.2942,CameraRotation,3.402106,277.6297,357.854,CurrentState,End,Slider,51,Scenario,1
ID,8,Time,362.2274,DronePosition,-110.239,59.27025,-107.379,0,CameraPosition,-103.2139,1.695252,-107.2955,CameraRotation,3.30028,277.9295,357.8814,CurrentState,End,Slider,51,Scenario,1
ID,8,Time,362.2417,DronePosition,-110.239,59.27025,-107.379,0,CameraPosition,-103.2141,1.69514,-107.2968,CameraRotation,3.298575,278.2115,357.9594,CurrentState,End,Slider,51,Scenario,1
ID,8,Time,362.2553,DronePosition,-110.239,59.27025,-107.379,0,CameraPosition,-103.2143,1.695085,-107.2982,CameraRotation,3.404315,278.4642,358.0124,CurrentState,End,Slider,51,Scenario,1
ID,8,Time,362.2701,DronePosition,-110.239,59.27025,-107.379,0,CameraPosition,-103.2144,1.695079,-107.2996,CameraRotation,3.514995,278.7372,358.0129,CurrentState,End,Slider,51,Scenario,1
ID,8,Time,362.2837,DronePosition,-110.239,59.27025,-107.379,0,CameraPosition,-103.2146,1.695125,-107.301,CameraRotation,3.543515,279.0515,358.0137,CurrentState,End,Slider,51,Scenario,1
ID,8,Time,362.2972,DronePosition,-110.239,59.27025,-107.379,0,CameraPosition,-103.2148,1.695188,-107.3024,CameraRotation,3.488839,279.3995,358.0642,CurrentState,End,Slider,51,Scenario,1
ID,8,Time,362.311,DronePosition,-110.239,59.27025,-107.379,0,CameraPosition,-103.2149,1.695247,-107.3037,CameraRotation,3.437135,279.7456,358.1762,CurrentState,End,Slider,51,Scenario,1
ID,8,Time,362.3252,DronePosition,-110.239,59.27025,-107.379,0,CameraPosition,-103.215,1.695359,-107.3051,CameraRotation,3.431846,280.0773,358.2648,CurrentState,End,Slider,51,Scenario,1
ID,8,Time,362.339,DronePosition,-110.239,59.27025,-107.379,0,CameraPosition,-103.2152,1.695606,-107.3065,CameraRotation,3.449853,280.3877,358.334,CurrentState,End,Slider,51,Scenario,1
ID,8,Time,362.3532,DronePosition,-110.239,59.27025,-107.379,0,CameraPosition,-103.2154,1.695964,-107.308,CameraRotation,3.456228,280.6923,358.395,CurrentState,End,Slider,51,Scenario,1
ID,8,Time,362.3669,DronePosition,-110.239,59.27025,-107.379,0,CameraPosition,-103.2156,1.696357,-107.3095,CameraRotation,3.415544,280.9977,358.4438,CurrentState,End,Slider,51,Scenario,1
ID,8,Time,362.3809,DronePosition,-110.239,59.27025,-107.379,0,CameraPosition,-103.2158,1.696784,-107.311,CameraRotation,3.331178,281.2803,358.4919,CurrentState,End,Slider,51,Scenario,1
ID,8,Time,362.3948,DronePosition,-110.239,59.27025,-107.379,0,CameraPosition,-103.2162,1.697231,-107.3125,CameraRotation,3.27967,281.536,358.5394,CurrentState,End,Slider,51,Scenario,1
ID,8,Time,362.4086,DronePosition,-110.239,59.27025,-107.379,0,CameraPosition,-103.2165,1.697659,-107.314,CameraRotation,3.240767,281.7759,358.5928,CurrentState,End,Slider,51,Scenario,1
ID,8,Time,362.4228,DronePosition,-110.239,59.27025,-107.379,0,CameraPosition,-103.2167,1.698012,-107.3156,CameraRotation,3.187745,281.9799,358.6649,CurrentState,End,Slider,51,Scenario,1
ID,8,Time,362.4366,DronePosition,-110.239,59.27025,-107.379,0,CameraPosition,-103.217,1.698323,-107.3172,CameraRotation,3.108573,282.1619,358.7474,CurrentState,End,Slider,51,Scenario,1
ID,8,Time,362.4506,DronePosition,-110.239,59.27025,-107.379,0,CameraPosition,-103.2173,1.69861,-107.3187,CameraRotation,3.033005,282.3237,358.8388,CurrentState,End,Slider,51,Scenario,1
ID,8,Time,362.4644,DronePosition,-110.239,59.27025,-107.379,0,CameraPosition,-103.2176,1.69877,-107.3204,CameraRotation,2.951493,282.4586,358.9279,CurrentState,End,Slider,51,Scenario,1
ID,8,Time,362.4786,DronePosition,-110.239,59.27025,-107.379,0,CameraPosition,-103.2179,1.698837,-107.3221,CameraRotation,2.910483,282.5633,359.0069,CurrentState,End,Slider,51,Scenario,1
ID,8,Time,362.4922,DronePosition,-110.239,59.27025,-107.379,0,CameraPosition,-103.2182,1.698892,-107.3237,CameraRotation,2.913144,282.6376,359.0741,CurrentState,End,Slider,51,Scenario,1
ID,8,Time,362.5065,DronePosition,-110.239,59.27025,-107.379,0,CameraPosition,-103.2185,1.698959,-107.3254,CameraRotation,2.920433,282.6622,359.1633,CurrentState,End,Slider,51,Scenario,1
ID,8,Time,362.5202,DronePosition,-110.239,59.27025,-107.379,0,CameraPosition,-103.2188,1.699061,-107.3271,CameraRotation,2.916972,282.6222,359.2719,CurrentState,End,Slider,51,Scenario,1
ID,8,Time,362.5343,DronePosition,-110.239,59.27025,-107.379,0,CameraPosition,-103.2191,1.699178,-107.3289,CameraRotation,2.905345,282.5584,359.3901,CurrentState,End,Slider,51,Scenario,1
ID,8,Time,362.5476,DronePosition,-110.239,59.27025,-107.379,0,CameraPosition,-103.2195,1.699336,-107.3306,CameraRotation,2.901173,282.4575,359.4752,CurrentState,End,Slider,51,Scenario,1
ID,8,Time,362.5619,DronePosition,-110.239,59.27025,-107.379,0,CameraPosition,-103.2199,1.699496,-107.3322,CameraRotation,2.897778,282.3436,359.511,CurrentState,End,Slider,51,Scenario,1
ID,8,Time,362.5757,DronePosition,-110.239,59.27025,-107.379,0,CameraPosition,-103.2204,1.699648,-107.3339,CameraRotation,2.872896,282.2117,359.5191,CurrentState,End,Slider,51,Scenario,1
ID,8,Time,362.5897,DronePosition,-110.239,59.27025,-107.379,0,CameraPosition,-103.2208,1.699768,-107.3356,CameraRotation,2.807633,282.0599,359.5411,CurrentState,End,Slider,51,Scenario,1
ID,8,Time,362.6034,DronePosition,-110.239,59.27025,-107.379,0,CameraPosition,-103.2213,1.699888,-107.3372,CameraRotation,2.723146,281.8929,359.5955,CurrentState,End,Slider,51,Scenario,1
ID,8,Time,362.6177,DronePosition,-110.239,59.27025,-107.379,0,CameraPosition,-103.2217,1.700006,-107.3388,CameraRotation,2.659987,281.7435,359.6458,CurrentState,End,Slider,51,Scenario,1
ID,8,Time,362.6316,DronePosition,-110.239,59.27025,-107.379,0,CameraPosition,-103.2222,1.69997,-107.3403,CameraRotation,2.601281,281.5667,359.688,CurrentState,End,Slider,51,Scenario,1
ID,8,Time,362.6451,DronePosition,-110.239,59.27025,-107.379,0,CameraPosition,-103.2225,1.699884,-107.3418,CameraRotation,2.589007,281.3882,359.7141,CurrentState,End,Slider,51,Scenario,1
ID,8,Time,362.6594,DronePosition,-110.239,59.27025,-107.379,0,CameraPosition,-103.2229,1.699871,-107.3433,CameraRotation,2.582346,281.2164,359.739,CurrentState,End,Slider,51,Scenario,1
ID,8,Time,362.6733,DronePosition,-110.239,59.27025,-107.379,0,CameraPosition,-103.2233,1.699851,-107.3447,CameraRotation,2.575735,281.0212,359.7803,CurrentState,End,Slider,51,Scenario,1
ID,8,Time,362.6877,DronePosition,-110.239,59.27025,-107.379,0,CameraPosition,-103.2236,1.699857,-107.3462,CameraRotation,2.573958,280.8182,359.8301,CurrentState,End,Slider,51,Scenario,1
ID,8,Time,362.7016,DronePosition,-110.239,59.27025,-107.379,0,CameraPosition,-103.224,1.699883,-107.3476,CameraRotation,2.586348,280.6071,359.886,CurrentState,End,Slider,51,Scenario,1
ID,8,Time,362.7152,DronePosition,-110.239,59.27025,-107.379,0,CameraPosition,-103.2243,1.699915,-107.3489,CameraRotation,2.608297,280.3952,359.9366,CurrentState,End,Slider,51,Scenario,1
ID,8,Time,362.7288,DronePosition,-110.239,59.27025,-107.379,0,CameraPosition,-103.2246,1.699964,-107.3501,CameraRotation,2.65529,280.1862,359.9715,CurrentState,End,Slider,51,Scenario,1
ID,8,Time,362.7427,DronePosition,-110.239,59.27025,-107.379,0,CameraPosition,-103.2249,1.699976,-107.3514,CameraRotation,2.675151,279.9856,0.004203973,CurrentState,End,Slider,51,Scenario,1
ID,8,Time,362.7567,DronePosition,-110.239,59.27025,-107.379,0,CameraPosition,-103.2251,1.700046,-107.3526,CameraRotation,2.642466,279.782,0.03485866,CurrentState,End,Slider,51,Scenario,1
ID,8,Time,362.7709,DronePosition,-110.239,59.27025,-107.379,0,CameraPosition,-103.2254,1.700177,-107.3538,CameraRotation,2.567139,279.5931,0.04069712,CurrentState,End,Slider,51,Scenario,1
ID,8,Time,362.7847,DronePosition,-110.239,59.27025,-107.379,0,CameraPosition,-103.2257,1.700312,-107.355,CameraRotation,2.480564,279.4055,0.02733837,CurrentState,End,Slider,51,Scenario,1
ID,8,Time,362.7986,DronePosition,-110.239,59.27025,-107.379,0,CameraPosition,-103.2259,1.700383,-107.356,CameraRotation,2.381502,279.2184,0.02740793,CurrentState,End,Slider,51,Scenario,1
ID,8,Time,362.8123,DronePosition,-110.239,59.27025,-107.379,0,CameraPosition,-103.2261,1.700442,-107.357,CameraRotation,2.289614,279.0301,0.04731422,CurrentState,End,Slider,51,Scenario,1
ID,8,Time,362.8265,DronePosition,-110.239,59.27025,-107.379,0,CameraPosition,-103.2264,1.700554,-107.358,CameraRotation,2.195182,278.8515,0.05736981,CurrentState,End,Slider,51,Scenario,1
ID,8,Time,362.8403,DronePosition,-110.239,59.27025,-107.379,0,CameraPosition,-103.2266,1.700668,-107.359,CameraRotation,2.106624,278.6713,0.06159189,CurrentState,End,Slider,51,Scenario,1
ID,8,Time,362.8547,DronePosition,-110.239,59.27025,-107.379,0,CameraPosition,-103.2269,1.700775,-107.36,CameraRotation,2.033525,278.4927,0.05625546,CurrentState,End,Slider,51,Scenario,1
ID,8,Time,362.8682,DronePosition,-110.239,59.27025,-107.379,0,CameraPosition,-103.2271,1.700876,-107.3609,CameraRotation,1.97249,278.3266,0.04800786,CurrentState,End,Slider,51,Scenario,1
ID,8,Time,362.882,DronePosition,-110.239,59.27025,-107.379,0,CameraPosition,-103.2274,1.70101,-107.3618,CameraRotation,1.946594,278.1627,0.03624802,CurrentState,End,Slider,51,Scenario,1
ID,8,Time,362.8961,DronePosition,-110.239,59.27025,-107.379,0,CameraPosition,-103.2276,1.70111,-107.3626,CameraRotation,1.9086,278.0026,0.03057331,CurrentState,End,Slider,51,Scenario,1
ID,8,Time,362.9099,DronePosition,-110.239,59.27025,-107.379,0,CameraPosition,-103.2279,1.701188,-107.3634,CameraRotation,1.868286,277.8524,0.02863126,CurrentState,End,Slider,51,Scenario,1
ID,8,Time,362.9242,DronePosition,-110.239,59.27025,-107.379,0,CameraPosition,-103.2281,1.701299,-107.3642,CameraRotation,1.801173,277.7057,0.02943895,CurrentState,End,Slider,51,Scenario,1
ID,8,Time,362.9375,DronePosition,-110.239,59.27025,-107.379,0,CameraPosition,-103.2284,1.701442,-107.3649,CameraRotation,1.725528,277.5646,0.0263072,CurrentState,End,Slider,51,Scenario,1
ID,8,Time,362.9517,DronePosition,-110.239,59.27025,-107.379,0,CameraPosition,-103.2286,1.7016,-107.3655,CameraRotation,1.645904,277.4413,0.02783415,CurrentState,End,Slider,51,Scenario,1
ID,8,Time,362.9656,DronePosition,-110.239,59.27025,-107.379,0,CameraPosition,-103.2289,1.701744,-107.3661,CameraRotation,1.562262,277.3395,0.02526588,CurrentState,End,Slider,51,Scenario,1
ID,8,Time,362.9795,DronePosition,-110.239,59.27025,-107.379,0,CameraPosition,-103.2292,1.701896,-107.3666,CameraRotation,1.486847,277.2411,0.004779647,CurrentState,End,Slider,51,Scenario,1
ID,8,Time,362.9932,DronePosition,-110.239,59.27025,-107.379,0,CameraPosition,-103.2295,1.702043,-107.367,CameraRotation,1.391081,277.1454,359.9932,CurrentState,End,Slider,51,Scenario,1
ID,8,Time,363.0073,DronePosition,-110.239,59.27025,-107.379,0,CameraPosition,-103.2298,1.702182,-107.3674,CameraRotation,1.281518,277.0789,359.9811,CurrentState,End,Slider,51,Scenario,1
ID,8,Time,363.0212,DronePosition,-110.239,59.27025,-107.379,0,CameraPosition,-103.2302,1.70234,-107.3678,CameraRotation,1.190012,277.0147,359.9493,CurrentState,End,Slider,51,Scenario,1
ID,8,Time,363.0351,DronePosition,-110.239,59.27025,-107.379,0,CameraPosition,-103.2305,1.702509,-107.3681,CameraRotation,1.088543,276.9603,359.9333,CurrentState,End,Slider,51,Scenario,1
ID,8,Time,363.049,DronePosition,-110.239,59.27025,-107.379,0,CameraPosition,-103.2309,1.702709,-107.3684,CameraRotation,1.010407,276.9095,359.9275,CurrentState,End,Slider,51,Scenario,1
ID,8,Time,363.0628,DronePosition,-110.239,59.27025,-107.379,0,CameraPosition,-103.2313,1.702863,-107.3685,CameraRotation,0.9222398,276.8518,359.9049,CurrentState,End,Slider,51,Scenario,1
ID,8,Time,363.0769,DronePosition,-110.239,59.27025,-107.379,0,CameraPosition,-103.2317,1.703065,-107.3687,CameraRotation,0.8288464,276.7783,359.8542,CurrentState,End,Slider,51,Scenario,1
ID,8,Time,363.091,DronePosition,-110.239,59.27025,-107.379,0,CameraPosition,-103.2322,1.703359,-107.3688,CameraRotation,0.6434918,276.6819,359.7961,CurrentState,End,Slider,51,Scenario,1
ID,8,Time,363.1051,DronePosition,-110.239,59.27025,-107.379,0,CameraPosition,-103.2327,1.703842,-107.3689,CameraRotation,0.4012306,276.514,359.7121,CurrentState,End,Slider,51,Scenario,1
ID,8,Time,363.1189,DronePosition,-110.239,59.27025,-107.379,0,CameraPosition,-103.2333,1.704536,-107.3691,CameraRotation,0.1236533,276.2888,359.5881,CurrentState,End,Slider,51,Scenario,1
ID,8,Time,363.1327,DronePosition,-110.239,59.27025,-107.379,0,CameraPosition,-103.2339,1.705324,-107.3693,CameraRotation,359.7987,275.9915,359.4543,CurrentState,End,Slider,51,Scenario,1
ID,8,Time,363.1467,DronePosition,-110.239,59.27025,-107.379,0,CameraPosition,-103.2345,1.706207,-107.3695,CameraRotation,359.3727,275.5901,359.3063,CurrentState,End,Slider,51,Scenario,1
ID,8,Time,363.1602,DronePosition,-110.239,59.27025,-107.379,0,CameraPosition,-103.235,1.70717,-107.3698,CameraRotation,358.9206,275.109,359.1706,CurrentState,End,Slider,51,Scenario,1
ID,8,Time,363.1743,DronePosition,-110.239,59.27025,-107.379,0,CameraPosition,-103.2356,1.708189,-107.3702,CameraRotation,358.4615,274.5953,359.0065,CurrentState,End,Slider,51,Scenario,1
ID,8,Time,363.1882,DronePosition,-110.239,59.27025,-107.379,0,CameraPosition,-103.236,1.709279,-107.3706,CameraRotation,357.9761,274.019,358.7984,CurrentState,End,Slider,51,Scenario,1
ID,8,Time,363.202,DronePosition,-110.239,59.27025,-107.379,0,CameraPosition,-103.2364,1.710488,-107.3712,CameraRotation,357.4469,273.3755,358.5373,CurrentState,End,Slider,51,Scenario,1
ID,8,Time,363.2162,DronePosition,-110.239,59.27025,-107.379,0,CameraPosition,-103.2368,1.711658,-107.3716,CameraRotation,356.8768,272.7525,358.3436,CurrentState,End,Slider,51,Scenario,1
ID,8,Time,363.23,DronePosition,-110.239,59.27025,-107.379,0,CameraPosition,-103.237,1.712723,-107.3721,CameraRotation,356.2896,272.1032,358.1836,CurrentState,End,Slider,51,Scenario,1
ID,8,Time,363.2438,DronePosition,-110.239,59.27025,-107.379,0,CameraPosition,-103.2372,1.713605,-107.3724,CameraRotation,355.825,271.4894,358.0467,CurrentState,End,Slider,51,Scenario,1
ID,8,Time,363.2579,DronePosition,-110.239,59.27025,-107.379,0,CameraPosition,-103.2374,1.714371,-107.3727,CameraRotation,355.4426,270.9227,357.9297,CurrentState,End,Slider,51,Scenario,1
ID,8,Time,363.2719,DronePosition,-110.239,59.27025,-107.379,0,CameraPosition,-103.2375,1.715009,-107.3729,CameraRotation,355.1573,270.4019,357.8274,CurrentState,End,Slider,51,Scenario,1
ID,8,Time,363.2856,DronePosition,-110.239,59.27025,-107.379,0,CameraPosition,-103.2376,1.715564,-107.3729,CameraRotation,354.8792,269.9383,357.7468,CurrentState,End,Slider,51,Scenario,1
ID,8,Time,363.2997,DronePosition,-110.239,59.27025,-107.379,0,CameraPosition,-103.2378,1.716059,-107.373,CameraRotation,354.6009,269.5057,357.697,CurrentState,End,Slider,51,Scenario,1
ID,8,Time,363.3143,DronePosition,-110.239,59.27025,-107.379,0,CameraPosition,-103.2379,1.716499,-107.3729,CameraRotation,354.3694,269.1332,357.6968,CurrentState,End,Slider,51,Scenario,1
ID,8,Time,363.3274,DronePosition,-110.239,59.27025,-107.379,0,CameraPosition,-103.238,1.716922,-107.3727,CameraRotation,354.183,268.8043,357.7525,CurrentState,End,Slider,51,Scenario,1
ID,8,Time,363.3416,DronePosition,-110.239,59.27025,-107.379,0,CameraPosition,-103.2382,1.717343,-107.3725,CameraRotation,354.0143,268.5048,357.7962,CurrentState,End,Slider,51,Scenario,1
ID,8,Time,363.3552,DronePosition,-110.239,59.27025,-107.379,0,CameraPosition,-103.2385,1.717699,-107.3722,CameraRotation,353.9092,268.2762,357.85,CurrentState,End,Slider,51,Scenario,1
ID,8,Time,363.3691,DronePosition,-110.239,59.27025,-107.379,0,CameraPosition,-103.2387,1.718003,-107.3719,CameraRotation,353.8247,268.0818,357.8622,CurrentState,End,Slider,51,Scenario,1
ID,8,Time,363.3831,DronePosition,-110.239,59.27025,-107.379,0,CameraPosition,-103.2388,1.718215,-107.3714,CameraRotation,353.7719,267.9056,357.8538,CurrentState,End,Slider,51,Scenario,1
ID,8,Time,363.3969,DronePosition,-110.239,59.27025,-107.379,0,CameraPosition,-103.239,1.718332,-107.371,CameraRotation,353.7223,267.7513,357.8412,CurrentState,End,Slider,51,Scenario,1
ID,8,Time,363.4106,DronePosition,-110.239,59.27025,-107.379,0,CameraPosition,-103.2391,1.718418,-107.3704,CameraRotation,353.7044,267.6041,357.8307,CurrentState,End,Slider,51,Scenario,1
ID,8,Time,363.4249,DronePosition,-110.239,59.27025,-107.379,0,CameraPosition,-103.2392,1.71845,-107.3698,CameraRotation,353.7017,267.4933,357.8361,CurrentState,End,Slider,51,Scenario,1
ID,8,Time,363.4387,DronePosition,-110.239,59.27025,-107.379,0,CameraPosition,-103.2393,1.718476,-107.369,CameraRotation,353.704,267.4165,357.8394,CurrentState,End,Slider,51,Scenario,1
ID,8,Time,363.4528,DronePosition,-110.239,59.27025,-107.379,0,CameraPosition,-103.2395,1.718487,-107.3682,CameraRotation,353.6982,267.3482,357.8244,CurrentState,End,Slider,51,Scenario,1
ID,8,Time,363.4665,DronePosition,-110.239,59.27025,-107.379,0,CameraPosition,-103.2395,1.718439,-107.3674,CameraRotation,353.6759,267.3017,357.784,CurrentState,End,Slider,51,Scenario,1
ID,8,Time,363.4804,DronePosition,-110.239,59.27025,-107.379,0,CameraPosition,-103.2396,1.718359,-107.3665,CameraRotation,353.6941,267.2729,357.7176,CurrentState,End,Slider,51,Scenario,1
ID,8,Time,363.4946,DronePosition,-110.239,59.27025,-107.379,0,CameraPosition,-103.2396,1.71828,-107.3657,CameraRotation,353.7138,267.228,357.6433,CurrentState,End,Slider,51,Scenario,1
ID,8,Time,363.5084,DronePosition,-110.239,59.27025,-107.379,0,CameraPosition,-103.2397,1.718223,-107.3648,CameraRotation,353.7163,267.1757,357.5637,CurrentState,End,Slider,51,Scenario,1
ID,8,Time,363.5226,DronePosition,-110.239,59.27025,-107.379,0,CameraPosition,-103.2397,1.718186,-107.364,CameraRotation,353.7036,267.1113,357.4631,CurrentState,End,Slider,51,Scenario,1
ID,8,Time,363.5366,DronePosition,-110.239,59.27025,-107.379,0,CameraPosition,-103.2397,1.718164,-107.3631,CameraRotation,353.7177,267.0422,357.3771,CurrentState,End,Slider,51,Scenario,1
ID,8,Time,363.5501,DronePosition,-110.239,59.27025,-107.379,0,CameraPosition,-103.2397,1.718128,-107.3622,CameraRotation,353.7315,266.9778,357.2748,CurrentState,End,Slider,51,Scenario,1
ID,8,Time,363.5641,DronePosition,-110.239,59.27025,-107.379,0,CameraPosition,-103.2397,1.718058,-107.3613,CameraRotation,353.7622,266.9161,357.1635,CurrentState,End,Slider,51,Scenario,1
ID,8,Time,363.5777,DronePosition,-110.239,59.27025,-107.379,0,CameraPosition,-103.2396,1.717987,-107.3604,CameraRotation,353.8096,266.8624,357.0652,CurrentState,End,Slider,51,Scenario,1
ID,8,Time,363.5918,DronePosition,-110.239,59.27025,-107.379,0,CameraPosition,-103.2396,1.717896,-107.3595,CameraRotation,353.8571,266.7941,356.9831,CurrentState,End,Slider,51,Scenario,1
ID,8,Time,363.6058,DronePosition,-110.239,59.27025,-107.379,0,CameraPosition,-103.2396,1.717799,-107.3586,CameraRotation,353.8908,266.7473,356.9208,CurrentState,End,Slider,51,Scenario,1
ID,8,Time,363.6198,DronePosition,-110.239,59.27025,-107.379,0,CameraPosition,-103.2396,1.717682,-107.3577,CameraRotation,353.9052,266.6999,356.8869,CurrentState,End,Slider,51,Scenario,1
ID,8,Time,363.6335,DronePosition,-110.239,59.27025,-107.379,0,CameraPosition,-103.2396,1.717548,-107.3567,CameraRotation,353.9023,266.6678,356.8361,CurrentState,End,Slider,51,Scenario,1
ID,8,Time,363.6477,DronePosition,-110.239,59.27025,-107.379,0,CameraPosition,-103.2397,1.717416,-107.3558,CameraRotation,353.8875,266.6461,356.7714,CurrentState,End,Slider,51,Scenario,1
ID,8,Time,363.6617,DronePosition,-110.239,59.27025,-107.379,0,CameraPosition,-103.2397,1.717297,-107.3549,CameraRotation,353.8758,266.6243,356.7137,CurrentState,End,Slider,51,Scenario,1
ID,8,Time,363.6755,DronePosition,-110.239,59.27025,-107.379,0,CameraPosition,-103.2397,1.717155,-107.354,CameraRotation,353.8849,266.613,356.6659,CurrentState,End,Slider,51,Scenario,1
ID,8,Time,363.6905,DronePosition,-110.239,59.27025,-107.379,0,CameraPosition,-103.2397,1.717043,-107.3531,CameraRotation,353.9949,266.5874,356.6937,CurrentState,End,Slider,51,Scenario,1
ID,8,Time,363.7034,DronePosition,-110.239,59.27025,-107.379,0,CameraPosition,-103.2397,1.716919,-107.3522,CameraRotation,354.0465,266.5773,356.7128,CurrentState,End,Slider,51,Scenario,1
ID,8,Time,363.7173,DronePosition,-110.239,59.27025,-107.379,0,CameraPosition,-103.2397,1.716823,-107.3513,CameraRotation,354.0991,266.5598,356.7223,CurrentState,End,Slider,51,Scenario,1
ID,8,Time,363.7316,DronePosition,-110.239,59.27025,-107.379,0,CameraPosition,-103.2397,1.716686,-107.3504,CameraRotation,354.1594,266.541,356.759,CurrentState,End,Slider,51,Scenario,1
ID,8,Time,363.7451,DronePosition,-110.239,59.27025,-107.379,0,CameraPosition,-103.2397,1.716452,-107.3495,CameraRotation,354.2209,266.5251,356.793,CurrentState,End,Slider,51,Scenario,1
ID,8,Time,363.7593,DronePosition,-110.239,59.27025,-107.379,0,CameraPosition,-103.2397,1.716086,-107.3485,CameraRotation,354.3484,266.5175,356.8658,CurrentState,End,Slider,51,Scenario,1
ID,8,Time,363.7728,DronePosition,-110.239,59.27025,-107.379,0,CameraPosition,-103.2398,1.715592,-107.3475,CameraRotation,354.5516,266.5115,356.923,CurrentState,End,Slider,51,Scenario,1
ID,8,Time,363.7868,DronePosition,-110.239,59.27025,-107.379,0,CameraPosition,-103.2398,1.71498,-107.3465,CameraRotation,354.8192,266.5289,356.9735,CurrentState,End,Slider,51,Scenario,1
ID,8,Time,363.8007,DronePosition,-110.239,59.27025,-107.379,0,CameraPosition,-103.24,1.714193,-107.3455,CameraRotation,355.1476,266.5872,357.0046,CurrentState,End,Slider,51,Scenario,1
ID,8,Time,363.8147,DronePosition,-110.239,59.27025,-107.379,0,CameraPosition,-103.2402,1.713318,-107.3445,CameraRotation,355.521,266.6726,357.0459,CurrentState,End,Slider,51,Scenario,1
ID,8,Time,363.8284,DronePosition,-110.239,59.27025,-107.379,0,CameraPosition,-103.2404,1.712389,-107.3436,CameraRotation,355.9439,266.7706,357.0903,CurrentState,End,Slider,51,Scenario,1
ID,8,Time,363.8425,DronePosition,-110.239,59.27025,-107.379,0,CameraPosition,-103.2407,1.711323,-107.3426,CameraRotation,356.4931,266.8676,357.1576,CurrentState,End,Slider,51,Scenario,1
ID,8,Time,363.8583,DronePosition,-110.239,59.27025,-107.379,0,CameraPosition,-103.2409,1.710034,-107.3416,CameraRotation,357.1767,266.9648,357.2458,CurrentState,End,Slider,51,Scenario,1
ID,8,Time,363.8705,DronePosition,-110.239,59.27025,-107.379,0,CameraPosition,-103.2411,1.708545,-107.3405,CameraRotation,357.9795,267.0612,357.3759,CurrentState,End,Slider,51,Scenario,1
ID,8,Time,363.8842,DronePosition,-110.239,59.27025,-107.379,0,CameraPosition,-103.2413,1.706697,-107.3395,CameraRotation,359.0054,267.1849,357.5304,CurrentState,End,Slider,51,Scenario,1
ID,8,Time,363.8981,DronePosition,-110.239,59.27025,-107.379,0,CameraPosition,-103.2415,1.704665,-107.3384,CameraRotation,0.1390134,267.315,357.6537,CurrentState,End,Slider,51,Scenario,1
ID,8,Time,363.9121,DronePosition,-110.239,59.27025,-107.379,0,CameraPosition,-103.2416,1.702596,-107.3374,CameraRotation,1.301308,267.4518,357.749,CurrentState,End,Slider,51,Scenario,1
ID,8,Time,363.926,DronePosition,-110.239,59.27025,-107.379,0,CameraPosition,-103.2417,1.70058,-107.3363,CameraRotation,2.49602,267.5867,357.8185,CurrentState,End,Slider,51,Scenario,1
ID,8,Time,363.9405,DronePosition,-110.239,59.27025,-107.379,0,CameraPosition,-103.2418,1.698693,-107.3353,CameraRotation,3.636243,267.6822,357.8945,CurrentState,End,Slider,51,Scenario,1
ID,8,Time,363.9541,DronePosition,-110.239,59.27025,-107.379,0,CameraPosition,-103.242,1.696889,-107.3344,CameraRotation,4.624873,267.7628,357.9965,CurrentState,End,Slider,51,Scenario,1
ID,8,Time,363.9677,DronePosition,-110.239,59.27025,-107.379,0,CameraPosition,-103.2423,1.695264,-107.3334,CameraRotation,5.500252,267.8337,358.1104,CurrentState,End,Slider,51,Scenario,1
ID,8,Time,363.9819,DronePosition,-110.239,59.27025,-107.379,0,CameraPosition,-103.2426,1.69397,-107.3324,CameraRotation,6.215524,267.923,358.2382,CurrentState,End,Slider,51,Scenario,1
ID,8,Time,363.9953,DronePosition,-110.239,59.27025,-107.379,0,CameraPosition,-103.243,1.692943,-107.3315,CameraRotation,6.722843,268.0145,358.3368,CurrentState,End,Slider,51,Scenario,1
ID,8,Time,364.0096,DronePosition,-110.239,59.27025,-107.379,0,CameraPosition,-103.2435,1.692445,-107.3305,CameraRotation,6.890252,268.1087,358.3595,CurrentState,End,Slider,51,Scenario,1
ID,8,Time,364.0233,DronePosition,-110.239,59.27025,-107.379,0,CameraPosition,-103.2439,1.692315,-107.3296,CameraRotation,6.881239,268.1737,358.3392,CurrentState,End,Slider,51,Scenario,1
ID,8,Time,364.0376,DronePosition,-110.239,59.27025,-107.379,0,CameraPosition,-103.2443,1.692385,-107.3288,CameraRotation,6.803368,268.228,358.3188,CurrentState,End,Slider,51,Scenario,1
ID,8,Time,364.0514,DronePosition,-110.239,59.27025,-107.379,0,CameraPosition,-103.2446,1.692779,-107.3279,CameraRotation,6.534106,268.247,358.3012,CurrentState,End,Slider,51,Scenario,1
ID,8,Time,364.0651,DronePosition,-110.239,59.27025,-107.379,0,CameraPosition,-103.2448,1.69314,-107.3271,CameraRotation,6.310427,268.2678,358.315,CurrentState,End,Slider,51,Scenario,1
ID,8,Time,364.079,DronePosition,-110.239,59.27025,-107.379,0,CameraPosition,-103.2449,1.693562,-107.3263,CameraRotation,6.097956,268.2672,358.319,CurrentState,End,Slider,51,Scenario,1
ID,8,Time,364.0927,DronePosition,-110.239,59.27025,-107.379,0,CameraPosition,-103.2449,1.693917,-107.3255,CameraRotation,5.882035,268.2766,358.299,CurrentState,End,Slider,51,Scenario,1
ID,8,Time,364.1071,DronePosition,-110.239,59.27025,-107.379,0,CameraPosition,-103.2449,1.694189,-107.3247,CameraRotation,5.74695,268.3042,358.304,CurrentState,End,Slider,51,Scenario,1
ID,8,Time,364.1208,DronePosition,-110.239,59.27025,-107.379,0,CameraPosition,-103.2448,1.694442,-107.3238,CameraRotation,5.628967,268.3791,358.2949,CurrentState,End,Slider,51,Scenario,1
ID,8,Time,364.1353,DronePosition,-110.239,59.27025,-107.379,0,CameraPosition,-103.2448,1.694642,-107.3229,CameraRotation,5.530989,268.4769,358.2799,CurrentState,End,Slider,51,Scenario,1
ID,8,Time,364.1491,DronePosition,-110.239,59.27025,-107.379,0,CameraPosition,-103.2448,1.694815,-107.322,CameraRotation,5.460268,268.5811,358.2593,CurrentState,End,Slider,51,Scenario,1
ID,8,Time,364.1624,DronePosition,-110.239,59.27025,-107.379,0,CameraPosition,-103.2448,1.694935,-107.3211,CameraRotation,5.404439,268.7069,358.235,CurrentState,End,Slider,51,Scenario,1
ID,8,Time,364.1768,DronePosition,-110.239,59.27025,-107.379,0,CameraPosition,-103.2448,1.694954,-107.3202,CameraRotation,5.371485,268.8344,358.1879,CurrentState,End,Slider,51,Scenario,1
ID,8,Time,364.1908,DronePosition,-110.239,59.27025,-107.379,0,CameraPosition,-103.2449,1.694884,-107.3194,CameraRotation,5.361272,268.9695,358.1313,CurrentState,End,Slider,51,Scenario,1
ID,8,Time,364.2044,DronePosition,-110.239,59.27025,-107.379,0,CameraPosition,-103.2449,1.694759,-107.3185,CameraRotation,5.402943,269.1063,358.0611,CurrentState,End,Slider,51,Scenario,1
ID,8,Time,364.2184,DronePosition,-110.239,59.27025,-107.379,0,CameraPosition,-103.2451,1.694634,-107.3177,CameraRotation,5.444277,269.2518,357.9735,CurrentState,End,Slider,51,Scenario,1
ID,8,Time,364.2321,DronePosition,-110.239,59.27025,-107.379,0,CameraPosition,-103.2452,1.694614,-107.3168,CameraRotation,5.464665,269.4213,357.8996,CurrentState,End,Slider,51,Scenario,1
ID,8,Time,364.2458,DronePosition,-110.239,59.27025,-107.379,0,CameraPosition,-103.2454,1.694627,-107.3159,CameraRotation,5.462865,269.5927,357.8423,CurrentState,End,Slider,51,Scenario,1
ID,8,Time,364.26,DronePosition,-110.239,59.27025,-107.379,0,CameraPosition,-103.2457,1.694607,-107.3152,CameraRotation,5.442159,269.787,357.814,CurrentState,End,Slider,51,Scenario,1
ID,8,Time,364.2741,DronePosition,-110.239,59.27025,-107.379,0,CameraPosition,-103.246,1.694564,-107.3145,CameraRotation,5.430133,269.9641,357.7857,CurrentState,End,Slider,51,Scenario,1
ID,8,Time,364.288,DronePosition,-110.239,59.27025,-107.379,0,CameraPosition,-103.2463,1.694548,-107.3138,CameraRotation,5.414628,270.1405,357.746,CurrentState,End,Slider,51,Scenario,1
ID,8,Time,364.3019,DronePosition,-110.239,59.27025,-107.379,0,CameraPosition,-103.2466,1.694573,-107.3132,CameraRotation,5.370996,270.3007,357.7309,CurrentState,End,Slider,51,Scenario,1
ID,8,Time,364.3158,DronePosition,-110.239,59.27025,-107.379,0,CameraPosition,-103.247,1.694709,-107.3128,CameraRotation,5.285439,270.4498,357.7422,CurrentState,End,Slider,51,Scenario,1
ID,8,Time,364.3297,DronePosition,-110.239,59.27025,-107.379,0,CameraPosition,-103.2476,1.694967,-107.3124,CameraRotation,5.142044,270.575,357.7953,CurrentState,End,Slider,51,Scenario,1
ID,8,Time,364.3435,DronePosition,-110.239,59.27025,-107.379,0,CameraPosition,-103.248,1.695252,-107.312,CameraRotation,4.960064,270.6845,357.83,CurrentState,End,Slider,51,Scenario,1
ID,8,Time,364.3581,DronePosition,-110.239,59.27025,-107.379,0,CameraPosition,-103.2486,1.695519,-107.3117,CameraRotation,4.784165,270.7513,357.8528,CurrentState,End,Slider,51,Scenario,1
ID,8,Time,364.3717,DronePosition,-110.239,59.27025,-107.379,0,CameraPosition,-103.2492,1.695789,-107.3116,CameraRotation,4.657104,270.8173,357.8289,CurrentState,End,Slider,51,Scenario,1
ID,8,Time,364.3854,DronePosition,-110.239,59.27025,-107.379,0,CameraPosition,-103.2497,1.696094,-107.3115,CameraRotation,4.546379,270.8544,357.777,CurrentState,End,Slider,51,Scenario,1
ID,8,Time,364.3994,DronePosition,-110.239,59.27025,-107.379,0,CameraPosition,-103.2503,1.696477,-107.3116,CameraRotation,4.425735,270.8815,357.6516,CurrentState,End,Slider,51,Scenario,1
ID,8,Time,364.4131,DronePosition,-110.239,59.27025,-107.379,0,CameraPosition,-103.2509,1.696911,-107.3117,CameraRotation,4.295274,270.8924,357.536,CurrentState,End,Slider,51,Scenario,1
ID,8,Time,364.4269,DronePosition,-110.239,59.27025,-107.379,0,CameraPosition,-103.2516,1.697367,-107.312,CameraRotation,4.131005,270.8861,357.4661,CurrentState,End,Slider,51,Scenario,1
ID,8,Time,364.4411,DronePosition,-110.239,59.27025,-107.379,0,CameraPosition,-103.2523,1.697987,-107.3124,CameraRotation,3.86456,270.8601,357.414,CurrentState,End,Slider,51,Scenario,1
ID,8,Time,364.4554,DronePosition,-110.239,59.27025,-107.379,0,CameraPosition,-103.253,1.698866,-107.313,CameraRotation,3.42844,270.8492,357.3597,CurrentState,End,Slider,51,Scenario,1
ID,8,Time,364.4691,DronePosition,-110.239,59.27025,-107.379,0,CameraPosition,-103.2536,1.699972,-107.3137,CameraRotation,2.869067,270.841,357.3254,CurrentState,End,Slider,51,Scenario,1
ID,8,Time,364.4828,DronePosition,-110.239,59.27025,-107.379,0,CameraPosition,-103.2542,1.70136,-107.3146,CameraRotation,2.181226,270.8486,357.3519,CurrentState,End,Slider,51,Scenario,1
ID,8,Time,364.4967,DronePosition,-110.239,59.27025,-107.379,0,CameraPosition,-103.2547,1.702902,-107.3154,CameraRotation,1.435191,270.9078,357.492,CurrentState,End,Slider,51,Scenario,1
ID,8,Time,364.5105,DronePosition,-110.239,59.27025,-107.379,0,CameraPosition,-103.2552,1.704508,-107.3163,CameraRotation,0.6605403,271,357.6988,CurrentState,End,Slider,51,Scenario,1
ID,8,Time,364.5249,DronePosition,-110.239,59.27025,-107.379,0,CameraPosition,-103.2556,1.706153,-107.3172,CameraRotation,359.7718,271.1488,357.912,CurrentState,End,Slider,51,Scenario,1
ID,8,Time,364.5387,DronePosition,-110.239,59.27025,-107.379,0,CameraPosition,-103.2559,1.707642,-107.3183,CameraRotation,358.9769,271.3221,358.0749,CurrentState,End,Slider,51,Scenario,1
ID,8,Time,364.5529,DronePosition,-110.239,59.27025,-107.379,0,CameraPosition,-103.256,1.708956,-107.3193,CameraRotation,358.2884,271.5036,358.2112,CurrentState,End,Slider,51,Scenario,1
ID,8,Time,364.5672,DronePosition,-110.239,59.27025,-107.379,0,CameraPosition,-103.2559,1.710022,-107.3205,CameraRotation,357.808,271.7266,358.3308,CurrentState,End,Slider,51,Scenario,1
ID,8,Time,364.5804,DronePosition,-110.239,59.27025,-107.379,0,CameraPosition,-103.2558,1.710769,-107.3218,CameraRotation,357.5369,271.9676,358.4147,CurrentState,End,Slider,51,Scenario,1
ID,8,Time,364.5941,DronePosition,-110.239,59.27025,-107.379,0,CameraPosition,-103.2556,1.71137,-107.3232,CameraRotation,357.3205,272.2173,358.4479,CurrentState,End,Slider,51,Scenario,1
ID,8,Time,364.6083,DronePosition,-110.239,59.27025,-107.379,0,CameraPosition,-103.2553,1.71181,-107.3247,CameraRotation,357.1913,272.5175,358.4509,CurrentState,End,Slider,51,Scenario,1
ID,8,Time,364.6221,DronePosition,-110.239,59.27025,-107.379,0,CameraPosition,-103.2552,1.712277,-107.3263,CameraRotation,357.0439,272.8671,358.4641,CurrentState,End,Slider,51,Scenario,1
ID,8,Time,364.636,DronePosition,-110.239,59.27025,-107.379,0,CameraPosition,-103.2551,1.712877,-107.3279,CameraRotation,356.7808,273.2565,358.572,CurrentState,End,Slider,51,Scenario,1
ID,8,Time,364.6501,DronePosition,-110.239,59.27025,-107.379,0,CameraPosition,-103.255,1.71349,-107.3296,CameraRotation,356.4445,273.7019,358.7003,CurrentState,End,Slider,51,Scenario,1
ID,8,Time,364.6639,DronePosition,-110.239,59.27025,-107.379,0,CameraPosition,-103.255,1.714174,-107.3313,CameraRotation,356.1536,274.181,358.7851,CurrentState,End,Slider,51,Scenario,1
ID,8,Time,364.6782,DronePosition,-110.239,59.27025,-107.379,0,CameraPosition,-103.2549,1.714808,-107.333,CameraRotation,355.9182,274.6581,358.8723,CurrentState,End,Slider,51,Scenario,1
ID,8,Time,364.6918,DronePosition,-110.239,59.27025,-107.379,0,CameraPosition,-103.2548,1.715376,-107.3349,CameraRotation,355.7358,275.2222,358.9702,CurrentState,End,Slider,51,Scenario,1
ID,8,Time,364.7061,DronePosition,-110.239,59.27025,-107.379,0,CameraPosition,-103.2547,1.715879,-107.3367,CameraRotation,355.5418,275.8022,359.0597,CurrentState,End,Slider,51,Scenario,1
ID,8,Time,364.7201,DronePosition,-110.239,59.27025,-107.379,0,CameraPosition,-103.2547,1.716336,-107.3386,CameraRotation,355.4528,276.3978,359.2113,CurrentState,End,Slider,51,Scenario,1
ID,8,Time,364.7337,DronePosition,-110.239,59.27025,-107.379,0,CameraPosition,-103.2546,1.716763,-107.3405,CameraRotation,355.4337,276.9706,359.4084,CurrentState,End,Slider,51,Scenario,1
ID,8,Time,364.7478,DronePosition,-110.239,59.27025,-107.379,0,CameraPosition,-103.2545,1.717057,-107.3426,CameraRotation,355.4738,277.5543,359.6012,CurrentState,End,Slider,51,Scenario,1
ID,8,Time,364.7614,DronePosition,-110.239,59.27025,-107.379,0,CameraPosition,-103.2545,1.717282,-107.3446,CameraRotation,355.4927,278.1535,359.7764,CurrentState,End,Slider,51,Scenario,1
ID,8,Time,364.7756,DronePosition,-110.239,59.27025,-107.379,0,CameraPosition,-103.2544,1.717433,-107.3467,CameraRotation,355.5271,278.7923,359.9427,CurrentState,End,Slider,51,Scenario,1
ID,8,Time,364.7898,DronePosition,-110.239,59.27025,-107.379,0,CameraPosition,-103.2544,1.717496,-107.3488,CameraRotation,355.555,279.4627,0.1240459,CurrentState,End,Slider,51,Scenario,1
ID,8,Time,364.8033,DronePosition,-110.239,59.27025,-107.379,0,CameraPosition,-103.2545,1.717539,-107.351,CameraRotation,355.5569,280.1357,0.2762289,CurrentState,End,Slider,51,Scenario,1
ID,8,Time,364.8172,DronePosition,-110.239,59.27025,-107.379,0,CameraPosition,-103.2545,1.71741,-107.3532,CameraRotation,355.6159,280.8455,0.4079564,CurrentState,End,Slider,51,Scenario,1
ID,8,Time,364.8311,DronePosition,-110.239,59.27025,-107.379,0,CameraPosition,-103.2544,1.717114,-107.3554,CameraRotation,355.754,281.5628,0.5678988,CurrentState,End,Slider,51,Scenario,1
ID,8,Time,364.845,DronePosition,-110.239,59.27025,-107.379,0,CameraPosition,-103.2542,1.716724,-107.3577,CameraRotation,355.9409,282.3099,0.7627307,CurrentState,End,Slider,51,Scenario,1
ID,8,Time,364.8611,DronePosition,-110.239,59.27025,-107.379,0,CameraPosition,-103.254,1.716377,-107.3599,CameraRotation,356.0922,283.0695,0.9964799,CurrentState,End,Slider,51,Scenario,1
ID,8,Time,364.8733,DronePosition,-110.239,59.27025,-107.379,0,CameraPosition,-103.2538,1.716008,-107.362,CameraRotation,356.1975,283.8744,1.282933,CurrentState,End,Slider,51,Scenario,1
ID,8,Time,364.8866,DronePosition,-110.239,59.27025,-107.379,0,CameraPosition,-103.2536,1.71578,-107.3642,CameraRotation,356.2352,284.6866,1.548225,CurrentState,End,Slider,51,Scenario,1
ID,8,Time,364.9006,DronePosition,-110.239,59.27025,-107.379,0,CameraPosition,-103.2535,1.715726,-107.3664,CameraRotation,356.1718,285.5195,1.772874,CurrentState,End,Slider,51,Scenario,1
ID,8,Time,364.9147,DronePosition,-110.239,59.27025,-107.379,0,CameraPosition,-103.2534,1.715814,-107.3687,CameraRotation,356.0675,286.3586,1.944071,CurrentState,End,Slider,51,Scenario,1
ID,8,Time,364.9287,DronePosition,-110.239,59.27025,-107.379,0,CameraPosition,-103.2533,1.715962,-107.3709,CameraRotation,355.9666,287.2068,2.096631,CurrentState,End,Slider,51,Scenario,1
ID,8,Time,364.9429,DronePosition,-110.239,59.27025,-107.379,0,CameraPosition,-103.2531,1.716191,-107.3732,CameraRotation,355.86,288.0416,2.245874,CurrentState,End,Slider,51,Scenario,1
ID,8,Time,364.9563,DronePosition,-110.239,59.27025,-107.379,0,CameraPosition,-103.2529,1.716408,-107.3756,CameraRotation,355.7202,288.8627,2.395002,CurrentState,End,Slider,51,Scenario,1
ID,8,Time,364.9706,DronePosition,-110.239,59.27025,-107.379,0,CameraPosition,-103.2527,1.716568,-107.3779,CameraRotation,355.5983,289.6437,2.56831,CurrentState,End,Slider,51,Scenario,1
ID,8,Time,364.9846,DronePosition,-110.239,59.27025,-107.379,0,CameraPosition,-103.2524,1.716719,-107.3803,CameraRotation,355.4985,290.3966,2.748613,CurrentState,End,Slider,51,Scenario,1
ID,8,Time,364.9987,DronePosition,-110.239,59.27025,-107.379,0,CameraPosition,-103.2521,1.716784,-107.3827,CameraRotation,355.3953,291.145,2.889309,CurrentState,End,Slider,51,Scenario,1
ID,8,Time,365.0121,DronePosition,-110.239,59.27025,-107.379,0,CameraPosition,-103.2518,1.716813,-107.3851,CameraRotation,355.3279,291.8613,2.992182,CurrentState,End,Slider,51,Scenario,1
ID,8,Time,365.026,DronePosition,-110.239,59.27025,-107.379,0,CameraPosition,-103.2514,1.716916,-107.3876,CameraRotation,355.2308,292.5224,3.090518,CurrentState,End,Slider,51,Scenario,1
ID,8,Time,365.0401,DronePosition,-110.239,59.27025,-107.379,0,CameraPosition,-103.2511,1.717105,-107.3901,CameraRotation,355.0617,293.1218,3.194279,CurrentState,End,Slider,51,Scenario,1
ID,8,Time,365.0543,DronePosition,-110.239,59.27025,-107.379,0,CameraPosition,-103.2508,1.717316,-107.3927,CameraRotation,354.8703,293.6501,3.318828,CurrentState,End,Slider,51,Scenario,1
ID,8,Time,365.0677,DronePosition,-110.239,59.27025,-107.379,0,CameraPosition,-103.2505,1.717499,-107.3954,CameraRotation,354.6756,294.0915,3.442445,CurrentState,End,Slider,51,Scenario,1
ID,8,Time,365.0818,DronePosition,-110.239,59.27025,-107.379,0,CameraPosition,-103.2502,1.717652,-107.3981,CameraRotation,354.5149,294.4803,3.535711,CurrentState,End,Slider,51,Scenario,1
ID,8,Time,365.0955,DronePosition,-110.239,59.27025,-107.379,0,CameraPosition,-103.2499,1.717758,-107.4009,CameraRotation,354.3879,294.8708,3.600119,CurrentState,End,Slider,51,Scenario,1
ID,8,Time,365.1094,DronePosition,-110.239,59.27025,-107.379,0,CameraPosition,-103.2497,1.717898,-107.4038,CameraRotation,354.2823,295.2092,3.646425,CurrentState,End,Slider,51,Scenario,1
ID,8,Time,365.1234,DronePosition,-110.239,59.27025,-107.379,0,CameraPosition,-103.2494,1.718105,-107.4068,CameraRotation,354.1453,295.4985,3.70638,CurrentState,End,Slider,51,Scenario,1
ID,8,Time,365.1375,DronePosition,-110.239,59.27025,-107.379,0,CameraPosition,-103.2492,1.718335,-107.4097,CameraRotation,353.9749,295.6946,3.824108,CurrentState,End,Slider,51,Scenario,1
ID,8,Time,365.1516,DronePosition,-110.239,59.27025,-107.379,0,CameraPosition,-103.2489,1.718518,-107.4125,CameraRotation,353.8133,295.8145,3.996563,CurrentState,End,Slider,51,Scenario,1
ID,8,Time,365.1653,DronePosition,-110.239,59.27025,-107.379,0,CameraPosition,-103.2487,1.718591,-107.4154,CameraRotation,353.6732,295.9252,4.151101,CurrentState,End,Slider,51,Scenario,1
ID,8,Time,365.1794,DronePosition,-110.239,59.27025,-107.379,0,CameraPosition,-103.2484,1.718634,-107.4182,CameraRotation,353.5755,296.0255,4.280868,CurrentState,End,Slider,51,Scenario,1
ID,8,Time,365.1935,DronePosition,-110.239,59.27025,-107.379,0,CameraPosition,-103.2482,1.718692,-107.421,CameraRotation,353.4932,296.1227,4.366405,CurrentState,End,Slider,51,Scenario,1
ID,8,Time,365.207,DronePosition,-110.239,59.27025,-107.379,0,CameraPosition,-103.2479,1.718831,-107.4237,CameraRotation,353.4114,296.2278,4.436964,CurrentState,End,Slider,51,Scenario,1
ID,8,Time,365.2209,DronePosition,-110.239,59.27025,-107.379,0,CameraPosition,-103.2477,1.719019,-107.4264,CameraRotation,353.3082,296.2814,4.479011,CurrentState,End,Slider,51,Scenario,1
ID,8,Time,365.2348,DronePosition,-110.239,59.27025,-107.379,0,CameraPosition,-103.2476,1.719195,-107.4291,CameraRotation,353.1741,296.3004,4.548669,CurrentState,End,Slider,51,Scenario,1
ID,8,Time,365.2489,DronePosition,-110.239,59.27025,-107.379,0,CameraPosition,-103.2474,1.719312,-107.4317,CameraRotation,353.0567,296.2996,4.631513,CurrentState,End,Slider,51,Scenario,1
ID,8,Time,365.2625,DronePosition,-110.239,59.27025,-107.379,0,CameraPosition,-103.2473,1.719377,-107.4342,CameraRotation,352.9745,296.2849,4.690312,CurrentState,End,Slider,51,Scenario,1
ID,8,Time,365.2766,DronePosition,-110.239,59.27025,-107.379,0,CameraPosition,-103.2471,1.719403,-107.4368,CameraRotation,352.9107,296.2805,4.702976,CurrentState,End,Slider,51,Scenario,1
ID,8,Time,365.2905,DronePosition,-110.239,59.27025,-107.379,0,CameraPosition,-103.247,1.719398,-107.4393,CameraRotation,352.8704,296.3083,4.690345,CurrentState,End,Slider,51,Scenario,1
ID,8,Time,365.3043,DronePosition,-110.239,59.27025,-107.379,0,CameraPosition,-103.2469,1.719368,-107.4416,CameraRotation,352.8195,296.3472,4.68828,CurrentState,End,Slider,51,Scenario,1
ID,8,Time,365.3183,DronePosition,-110.239,59.27025,-107.379,0,CameraPosition,-103.2468,1.719355,-107.4438,CameraRotation,352.7942,296.3872,4.704693,CurrentState,End,Slider,51,Scenario,1
ID,8,Time,365.3331,DronePosition,-110.239,59.27025,-107.379,0,CameraPosition,-103.2468,1.719408,-107.4459,CameraRotation,352.7861,296.4228,4.755031,CurrentState,End,Slider,51,Scenario,1
ID,8,Time,365.3461,DronePosition,-110.239,59.27025,-107.379,0,CameraPosition,-103.2468,1.719487,-107.4478,CameraRotation,352.7482,296.4503,4.846072,CurrentState,End,Slider,51,Scenario,1
ID,8,Time,365.36,DronePosition,-110.239,59.27025,-107.379,0,CameraPosition,-103.2468,1.71956,-107.4496,CameraRotation,352.6965,296.4655,4.928742,CurrentState,End,Slider,51,Scenario,1
ID,8,Time,365.3742,DronePosition,-110.239,59.27025,-107.379,0,CameraPosition,-103.2469,1.719585,-107.4513,CameraRotation,352.6571,296.4614,4.995194,CurrentState,End,Slider,51,Scenario,1
ID,8,Time,365.3882,DronePosition,-110.239,59.27025,-107.379,0,CameraPosition,-103.2469,1.71952,-107.4529,CameraRotation,352.6705,296.4392,5.04623,CurrentState,End,Slider,51,Scenario,1
ID,8,Time,365.402,DronePosition,-110.239,59.27025,-107.379,0,CameraPosition,-103.247,1.719428,-107.4545,CameraRotation,352.7013,296.4088,5.087843,CurrentState,End,Slider,51,Scenario,1
ID,8,Time,365.4164,DronePosition,-110.239,59.27025,-107.379,0,CameraPosition,-103.2471,1.719305,-107.4559,CameraRotation,352.7567,296.3676,5.108105,CurrentState,End,Slider,51,Scenario,1
ID,8,Time,365.4296,DronePosition,-110.239,59.27025,-107.379,0,CameraPosition,-103.2472,1.719194,-107.4573,CameraRotation,352.829,296.3203,5.105106,CurrentState,End,Slider,51,Scenario,1
ID,8,Time,365.4439,DronePosition,-110.239,59.27025,-107.379,0,CameraPosition,-103.2473,1.719092,-107.4586,CameraRotation,352.9044,296.2842,5.079456,CurrentState,End,Slider,51,Scenario,1
ID,8,Time,365.4577,DronePosition,-110.239,59.27025,-107.379,0,CameraPosition,-103.2473,1.718956,-107.4597,CameraRotation,352.996,296.259,5.011006,CurrentState,End,Slider,51,Scenario,1
ID,8,Time,365.4718,DronePosition,-110.239,59.27025,-107.379,0,CameraPosition,-103.2474,1.718875,-107.4607,CameraRotation,353.0978,296.2407,4.917171,CurrentState,End,Slider,51,Scenario,1
ID,8,Time,365.4855,DronePosition,-110.239,59.27025,-107.379,0,CameraPosition,-103.2475,1.71876,-107.4615,CameraRotation,353.1996,296.2367,4.811224,CurrentState,End,Slider,51,Scenario,1
ID,8,Time,365.4996,DronePosition,-110.239,59.27025,-107.379,0,CameraPosition,-103.2475,1.718595,-107.4622,CameraRotation,353.2989,296.2531,4.700758,CurrentState,End,Slider,51,Scenario,1
ID,8,Time,365.5133,DronePosition,-110.239,59.27025,-107.379,0,CameraPosition,-103.2475,1.718342,-107.4629,CameraRotation,353.4059,296.2837,4.58884,CurrentState,End,Slider,51,Scenario,1
ID,8,Time,365.5271,DronePosition,-110.239,59.27025,-107.379,0,CameraPosition,-103.2474,1.717995,-107.4634,CameraRotation,353.538,296.3112,4.460999,CurrentState,End,Slider,51,Scenario,1
ID,8,Time,365.5413,DronePosition,-110.239,59.27025,-107.379,0,CameraPosition,-103.2474,1.717569,-107.4638,CameraRotation,353.7448,296.3607,4.307729,CurrentState,End,Slider,51,Scenario,1
ID,8,Time,365.5551,DronePosition,-110.239,59.27025,-107.379,0,CameraPosition,-103.2473,1.717056,-107.4641,CameraRotation,354.0199,296.4155,4.13674,CurrentState,End,Slider,51,Scenario,1
ID,8,Time,365.5691,DronePosition,-110.239,59.27025,-107.379,0,CameraPosition,-103.2473,1.716462,-107.4643,CameraRotation,354.3118,296.4585,3.954727,CurrentState,End,Slider,51,Scenario,1
ID,8,Time,365.5829,DronePosition,-110.239,59.27025,-107.379,0,CameraPosition,-103.2473,1.715684,-107.4645,CameraRotation,354.7089,296.4671,3.732894,CurrentState,End,Slider,51,Scenario,1
ID,8,Time,365.5966,DronePosition,-110.239,59.27025,-107.379,0,CameraPosition,-103.2473,1.714707,-107.4647,CameraRotation,355.2813,296.4217,3.479914,CurrentState,End,Slider,51,Scenario,1
ID,8,Time,365.611,DronePosition,-110.239,59.27025,-107.379,0,CameraPosition,-103.2473,1.71351,-107.4649,CameraRotation,355.9829,296.3287,3.20337,CurrentState,End,Slider,51,Scenario,1
ID,8,Time,365.6249,DronePosition,-110.239,59.27025,-107.379,0,CameraPosition,-103.2473,1.711881,-107.4651,CameraRotation,356.9117,296.1593,2.860409,CurrentState,End,Slider,51,Scenario,1
ID,8,Time,365.6389,DronePosition,-110.239,59.27025,-107.379,0,CameraPosition,-103.2473,1.70994,-107.4653,CameraRotation,357.9934,295.9542,2.48555,CurrentState,End,Slider,51,Scenario,1
ID,8,Time,365.6526,DronePosition,-110.239,59.27025,-107.379,0,CameraPosition,-103.2473,1.707787,-107.4656,CameraRotation,359.2245,295.6782,2.119429,CurrentState,End,Slider,51,Scenario,1
ID,8,Time,365.667,DronePosition,-110.239,59.27025,-107.379,0,CameraPosition,-103.2473,1.705361,-107.4659,CameraRotation,0.6024525,295.3086,1.765942,CurrentState,End,Slider,51,Scenario,1
ID,8,Time,365.6802,DronePosition,-110.239,59.27025,-107.379,0,CameraPosition,-103.2475,1.702841,-107.4664,CameraRotation,2.104403,294.8398,1.434217,CurrentState,End,Slider,51,Scenario,1
ID,8,Time,365.6942,DronePosition,-110.239,59.27025,-107.379,0,CameraPosition,-103.2477,1.700601,-107.4667,CameraRotation,3.45049,294.3747,1.145612,CurrentState,End,Slider,51,Scenario,1
ID,8,Time,365.7083,DronePosition,-110.239,59.27025,-107.379,0,CameraPosition,-103.248,1.698586,-107.4669,CameraRotation,4.643931,293.8953,0.9003261,CurrentState,End,Slider,51,Scenario,1
ID,8,Time,365.7224,DronePosition,-110.239,59.27025,-107.379,0,CameraPosition,-103.2484,1.696883,-107.4671,CameraRotation,5.60011,293.4109,0.6773038,CurrentState,End,Slider,51,Scenario,1
ID,8,Time,365.7362,DronePosition,-110.239,59.27025,-107.379,0,CameraPosition,-103.2489,1.695549,-107.4672,CameraRotation,6.378578,292.9263,0.4386091,CurrentState,End,Slider,51,Scenario,1
ID,8,Time,365.75,DronePosition,-110.239,59.27025,-107.379,0,CameraPosition,-103.2497,1.694766,-107.4673,CameraRotation,6.836645,292.4626,0.2414695,CurrentState,End,Slider,51,Scenario,1
ID,8,Time,365.7638,DronePosition,-110.239,59.27025,-107.379,0,CameraPosition,-103.2505,1.69458,-107.4672,CameraRotation,6.953531,292.0966,0.0769738,CurrentState,End,Slider,51,Scenario,1
ID,8,Time,365.7775,DronePosition,-110.239,59.27025,-107.379,0,CameraPosition,-103.2512,1.694344,-107.467,CameraRotation,7.087804,291.8068,359.9205,CurrentState,End,Slider,51,Scenario,1
ID,8,Time,365.7916,DronePosition,-110.239,59.27025,-107.379,0,CameraPosition,-103.2518,1.694415,-107.4667,CameraRotation,7.039199,291.6501,359.8723,CurrentState,End,Slider,51,Scenario,1
ID,8,Time,365.8055,DronePosition,-110.239,59.27025,-107.379,0,CameraPosition,-103.2523,1.694491,-107.4663,CameraRotation,7.137094,291.5625,359.8663,CurrentState,End,Slider,51,Scenario,1
ID,8,Time,365.8198,DronePosition,-110.239,59.27025,-107.379,0,CameraPosition,-103.2526,1.694579,-107.466,CameraRotation,7.310585,291.4994,359.8502,CurrentState,End,Slider,51,Scenario,1
ID,8,Time,365.8337,DronePosition,-110.239,59.27025,-107.379,0,CameraPosition,-103.2529,1.694842,-107.4657,CameraRotation,7.350348,291.4767,359.8299,CurrentState,End,Slider,51,Scenario,1
ID,8,Time,365.8473,DronePosition,-110.239,59.27025,-107.379,0,CameraPosition,-103.2531,1.695201,-107.4654,CameraRotation,7.310655,291.4727,359.7699,CurrentState,End,Slider,51,Scenario,1
ID,8,Time,365.861,DronePosition,-110.239,59.27025,-107.379,0,CameraPosition,-103.2534,1.695725,-107.465,CameraRotation,7.194431,291.5176,359.6572,CurrentState,End,Slider,51,Scenario,1
ID,8,Time,365.8748,DronePosition,-110.239,59.27025,-107.379,0,CameraPosition,-103.2536,1.696331,-107.4646,CameraRotation,7.075813,291.6044,359.5293,CurrentState,End,Slider,51,Scenario,1
ID,8,Time,365.8892,DronePosition,-110.239,59.27025,-107.379,0,CameraPosition,-103.2538,1.696846,-107.4641,CameraRotation,7.012001,291.7146,359.4364,CurrentState,End,Slider,51,Scenario,1
ID,8,Time,365.9031,DronePosition,-110.239,59.27025,-107.379,0,CameraPosition,-103.254,1.697326,-107.4637,CameraRotation,6.942816,291.8781,359.3803,CurrentState,End,Slider,51,Scenario,1
ID,8,Time,365.9173,DronePosition,-110.239,59.27025,-107.379,0,CameraPosition,-103.2541,1.697735,-107.4632,CameraRotation,6.827185,292.0546,359.3582,CurrentState,End,Slider,51,Scenario,1
ID,8,Time,365.9307,DronePosition,-110.239,59.27025,-107.379,0,CameraPosition,-103.2542,1.698117,-107.4627,CameraRotation,6.678883,292.2338,359.352,CurrentState,End,Slider,51,Scenario,1
ID,8,Time,365.9446,DronePosition,-110.239,59.27025,-107.379,0,CameraPosition,-103.2544,1.698496,-107.462,CameraRotation,6.493469,292.4333,359.3648,CurrentState,End,Slider,51,Scenario,1
ID,8,Time,365.9586,DronePosition,-110.239,59.27025,-107.379,0,CameraPosition,-103.2546,1.69873,-107.4613,CameraRotation,6.327157,292.6368,359.4119,CurrentState,End,Slider,51,Scenario,1
ID,8,Time,365.9727,DronePosition,-110.239,59.27025,-107.379,0,CameraPosition,-103.2548,1.698829,-107.4606,CameraRotation,6.217888,292.826,359.4811,CurrentState,End,Slider,51,Scenario,1
ID,8,Time,365.9865,DronePosition,-110.239,59.27025,-107.379,0,CameraPosition,-103.2548,1.698771,-107.46,CameraRotation,6.189634,292.9939,359.5811,CurrentState,End,Slider,51,Scenario,1
ID,8,Time,366.0006,DronePosition,-110.239,59.27025,-107.379,0,CameraPosition,-103.2547,1.698629,-107.4595,CameraRotation,6.208701,293.1334,359.682,CurrentState,End,Slider,51,Scenario,1
ID,8,Time,366.0145,DronePosition,-110.239,59.27025,-107.379,0,CameraPosition,-103.2546,1.698504,-107.459,CameraRotation,6.236165,293.2529,359.7589,CurrentState,End,Slider,51,Scenario,1
ID,8,Time,366.0285,DronePosition,-110.239,59.27025,-107.379,0,CameraPosition,-103.2546,1.698376,-107.4584,CameraRotation,6.197761,293.3582,359.8137,CurrentState,End,Slider,51,Scenario,1
ID,8,Time,366.042,DronePosition,-110.239,59.27025,-107.379,0,CameraPosition,-103.2545,1.698279,-107.4577,CameraRotation,6.123945,293.4301,359.87,CurrentState,End,Slider,51,Scenario,1
ID,8,Time,366.0563,DronePosition,-110.239,59.27025,-107.379,0,CameraPosition,-103.2544,1.698224,-107.4571,CameraRotation,6.050105,293.4866,359.9503,CurrentState,End,Slider,51,Scenario,1
ID,8,Time,366.07,DronePosition,-110.239,59.27025,-107.379,0,CameraPosition,-103.2543,1.698213,-107.4566,CameraRotation,5.952366,293.5103,0.0497416,CurrentState,End,Slider,51,Scenario,1
ID,8,Time,366.0841,DronePosition,-110.239,59.27025,-107.379,0,CameraPosition,-103.2541,1.698226,-107.4561,CameraRotation,5.833867,293.4928,0.1268817,CurrentState,End,Slider,51,Scenario,1
ID,8,Time,366.098,DronePosition,-110.239,59.27025,-107.379,0,CameraPosition,-103.2538,1.698289,-107.4556,CameraRotation,5.727722,293.458,0.1463717,CurrentState,End,Slider,51,Scenario,1
ID,8,Time,366.1115,DronePosition,-110.239,59.27025,-107.379,0,CameraPosition,-103.2535,1.698422,-107.455,CameraRotation,5.655287,293.4048,0.1540047,CurrentState,End,Slider,51,Scenario,1
ID,8,Time,366.1257,DronePosition,-110.239,59.27025,-107.379,0,CameraPosition,-103.2532,1.698619,-107.4544,CameraRotation,5.560784,293.3391,0.1513092,CurrentState,End,Slider,51,Scenario,1
ID,8,Time,366.1397,DronePosition,-110.239,59.27025,-107.379,0,CameraPosition,-103.2529,1.698824,-107.4538,CameraRotation,5.417967,293.2748,0.1763552,CurrentState,End,Slider,51,Scenario,1
ID,8,Time,366.1536,DronePosition,-110.239,59.27025,-107.379,0,CameraPosition,-103.2525,1.699064,-107.4532,CameraRotation,5.25867,293.2089,0.2053823,CurrentState,End,Slider,51,Scenario,1
ID,8,Time,366.1677,DronePosition,-110.239,59.27025,-107.379,0,CameraPosition,-103.2521,1.699351,-107.4527,CameraRotation,5.106697,293.1331,0.2073764,CurrentState,End,Slider,51,Scenario,1
ID,8,Time,366.1813,DronePosition,-110.239,59.27025,-107.379,0,CameraPosition,-103.2517,1.699659,-107.4519,CameraRotation,4.986525,293.0718,0.185295,CurrentState,End,Slider,51,Scenario,1
ID,8,Time,366.1954,DronePosition,-110.239,59.27025,-107.379,0,CameraPosition,-103.2512,1.700009,-107.4512,CameraRotation,4.837594,292.999,0.1482833,CurrentState,End,Slider,51,Scenario,1
ID,8,Time,366.2093,DronePosition,-110.239,59.27025,-107.379,0,CameraPosition,-103.2508,1.700331,-107.4504,CameraRotation,4.667745,292.9402,0.1546665,CurrentState,End,Slider,51,Scenario,1
ID,8,Time,366.2232,DronePosition,-110.239,59.27025,-107.379,0,CameraPosition,-103.2503,1.700671,-107.4496,CameraRotation,4.528206,292.8974,0.1470337,CurrentState,End,Slider,51,Scenario,1
ID,8,Time,366.2375,DronePosition,-110.239,59.27025,-107.379,0,CameraPosition,-103.2498,1.700973,-107.4488,CameraRotation,4.383327,292.8629,0.07659025,CurrentState,End,Slider,51,Scenario,1
ID,8,Time,366.2519,DronePosition,-110.239,59.27025,-107.379,0,CameraPosition,-103.2493,1.701232,-107.448,CameraRotation,4.22847,292.8361,-0.00243476,CurrentState,End,Slider,51,Scenario,1
ID,8,Time,366.2651,DronePosition,-110.239,59.27025,-107.379,0,CameraPosition,-103.2489,1.701451,-107.4471,CameraRotation,4.063855,292.8172,359.9357,CurrentState,End,Slider,51,Scenario,1
ID,8,Time,366.2785,DronePosition,-110.239,59.27025,-107.379,0,CameraPosition,-103.2485,1.701644,-107.4461,CameraRotation,3.933302,292.814,359.899,CurrentState,End,Slider,51,Scenario,1
ID,8,Time,366.2928,DronePosition,-110.239,59.27025,-107.379,0,CameraPosition,-103.248,1.701802,-107.4451,CameraRotation,3.84027,292.8181,359.8506,CurrentState,End,Slider,51,Scenario,1
ID,8,Time,366.3069,DronePosition,-110.239,59.27025,-107.379,0,CameraPosition,-103.2475,1.701899,-107.4441,CameraRotation,3.774382,292.8337,359.7858,CurrentState,End,Slider,51,Scenario,1
ID,8,Time,366.3206,DronePosition,-110.239,59.27025,-107.379,0,CameraPosition,-103.2469,1.701963,-107.443,CameraRotation,3.681957,292.8693,359.7336,CurrentState,End,Slider,51,Scenario,1
ID,8,Time,366.3354,DronePosition,-110.239,59.27025,-107.379,0,CameraPosition,-103.2464,1.702067,-107.4419,CameraRotation,3.574832,292.9124,359.7083,CurrentState,End,Slider,51,Scenario,1
ID,8,Time,366.3485,DronePosition,-110.239,59.27025,-107.379,0,CameraPosition,-103.246,1.702204,-107.4408,CameraRotation,3.468894,292.9729,359.6837,CurrentState,End,Slider,51,Scenario,1
ID,8,Time,366.3625,DronePosition,-110.239,59.27025,-107.379,0,CameraPosition,-103.2457,1.70235,-107.4396,CameraRotation,3.374168,293.0418,359.6495,CurrentState,End,Slider,51,Scenario,1
ID,8,Time,366.3762,DronePosition,-110.239,59.27025,-107.379,0,CameraPosition,-103.2453,1.702495,-107.4384,CameraRotation,3.294941,293.123,359.6036,CurrentState,End,Slider,51,Scenario,1
ID,8,Time,366.3902,DronePosition,-110.239,59.27025,-107.379,0,CameraPosition,-103.2449,1.702751,-107.4371,CameraRotation,3.23966,293.2226,359.5776,CurrentState,End,Slider,51,Scenario,1
ID,8,Time,366.4044,DronePosition,-110.239,59.27025,-107.379,0,CameraPosition,-103.2446,1.703025,-107.4358,CameraRotation,3.113571,293.3308,359.5732,CurrentState,End,Slider,51,Scenario,1
ID,8,Time,366.4182,DronePosition,-110.239,59.27025,-107.379,0,CameraPosition,-103.2444,1.703364,-107.4344,CameraRotation,2.935914,293.4465,359.5645,CurrentState,End,Slider,51,Scenario,1
ID,8,Time,366.4319,DronePosition,-110.239,59.27025,-107.379,0,CameraPosition,-103.2442,1.703735,-107.433,CameraRotation,2.703668,293.5764,359.5191,CurrentState,End,Slider,51,Scenario,1
ID,8,Time,366.4462,DronePosition,-110.239,59.27025,-107.379,0,CameraPosition,-103.2441,1.704117,-107.4315,CameraRotation,2.490895,293.6978,359.4377,CurrentState,End,Slider,51,Scenario,1
ID,8,Time,366.4599,DronePosition,-110.239,59.27025,-107.379,0,CameraPosition,-103.244,1.704506,-107.43,CameraRotation,2.288383,293.83,359.355,CurrentState,End,Slider,51,Scenario,1
ID,8,Time,366.4743,DronePosition,-110.239,59.27025,-107.379,0,CameraPosition,-103.2439,1.704947,-107.4286,CameraRotation,2.107118,293.9517,359.3008,CurrentState,End,Slider,51,Scenario,1
ID,8,Time,366.488,DronePosition,-110.239,59.27025,-107.379,0,CameraPosition,-103.2438,1.705364,-107.4271,CameraRotation,1.890368,294.0709,359.2406,CurrentState,End,Slider,51,Scenario,1
ID,8,Time,366.5017,DronePosition,-110.239,59.27025,-107.379,0,CameraPosition,-103.2438,1.705778,-107.4256,CameraRotation,1.670886,294.1841,359.1711,CurrentState,End,Slider,51,Scenario,1
ID,8,Time,366.5159,DronePosition,-110.239,59.27025,-107.379,0,CameraPosition,-103.2438,1.706164,-107.4241,CameraRotation,1.443142,294.2996,359.0849,CurrentState,End,Slider,51,Scenario,1
ID,8,Time,366.5296,DronePosition,-110.239,59.27025,-107.379,0,CameraPosition,-103.2438,1.706576,-107.4226,CameraRotation,1.237492,294.3836,358.9881,CurrentState,End,Slider,51,Scenario,1
ID,8,Time,366.5431,DronePosition,-110.239,59.27025,-107.379,0,CameraPosition,-103.2439,1.707016,-107.4211,CameraRotation,1.008399,294.4777,358.8817,CurrentState,End,Slider,51,Scenario,1
ID,8,Time,366.5576,DronePosition,-110.239,59.27025,-107.379,0,CameraPosition,-103.244,1.707551,-107.4197,CameraRotation,0.7700843,294.5545,358.7634,CurrentState,End,Slider,51,Scenario,1
ID,8,Time,366.5716,DronePosition,-110.239,59.27025,-107.379,0,CameraPosition,-103.2441,1.708107,-107.4183,CameraRotation,0.4709405,294.611,358.6408,CurrentState,End,Slider,51,Scenario,1
ID,8,Time,366.5853,DronePosition,-110.239,59.27025,-107.379,0,CameraPosition,-103.2444,1.708686,-107.4168,CameraRotation,0.1379055,294.6284,358.5064,CurrentState,End,Slider,51,Scenario,1
ID,8,Time,366.5994,DronePosition,-110.239,59.27025,-107.379,0,CameraPosition,-103.2446,1.70924,-107.4155,CameraRotation,359.8028,294.6047,358.3665,CurrentState,End,Slider,51,Scenario,1
ID,8,Time,366.6131,DronePosition,-110.239,59.27025,-107.379,0,CameraPosition,-103.2449,1.709793,-107.4142,CameraRotation,359.5246,294.5588,358.2329,CurrentState,End,Slider,51,Scenario,1
ID,8,Time,366.6271,DronePosition,-110.239,59.27025,-107.379,0,CameraPosition,-103.245,1.710399,-107.4129,CameraRotation,359.2199,294.4904,358.0843,CurrentState,End,Slider,51,Scenario,1
ID,8,Time,366.6408,DronePosition,-110.239,59.27025,-107.379,0,CameraPosition,-103.2451,1.711083,-107.4117,CameraRotation,358.9296,294.4043,357.9382,CurrentState,End,Slider,51,Scenario,1
ID,8,Time,366.6553,DronePosition,-110.239,59.27025,-107.379,0,CameraPosition,-103.2454,1.71168,-107.4105,CameraRotation,358.6014,294.3323,357.789,CurrentState,End,Slider,51,Scenario,1
ID,8,Time,366.669,DronePosition,-110.239,59.27025,-107.379,0,CameraPosition,-103.2456,1.712248,-107.4093,CameraRotation,358.2792,294.2145,357.649,CurrentState,End,Slider,51,Scenario,1
ID,8,Time,366.6828,DronePosition,-110.239,59.27025,-107.379,0,CameraPosition,-103.2459,1.712756,-107.4082,CameraRotation,357.938,294.0769,357.5337,CurrentState,End,Slider,51,Scenario,1
ID,8,Time,366.6965,DronePosition,-110.239,59.27025,-107.379,0,CameraPosition,-103.2462,1.71329,-107.4072,CameraRotation,357.6513,293.9182,357.4369,CurrentState,End,Slider,51,Scenario,1
ID,8,Time,366.7105,DronePosition,-110.239,59.27025,-107.379,0,CameraPosition,-103.2464,1.713864,-107.4063,CameraRotation,357.3683,293.7301,357.3266,CurrentState,End,Slider,51,Scenario,1
ID,8,Time,366.7245,DronePosition,-110.239,59.27025,-107.379,0,CameraPosition,-103.2467,1.714454,-107.4054,CameraRotation,357.0421,293.528,357.174,CurrentState,End,Slider,51,Scenario,1
ID,8,Time,366.7397,DronePosition,-110.239,59.27025,-107.379,0,CameraPosition,-103.247,1.71501,-107.4044,CameraRotation,356.6949,293.336,357.0022,CurrentState,End,Slider,51,Scenario,1
ID,8,Time,366.7525,DronePosition,-110.239,59.27025,-107.379,0,CameraPosition,-103.2473,1.715575,-107.4036,CameraRotation,356.3094,293.1068,356.8179,CurrentState,End,Slider,51,Scenario,1
ID,8,Time,366.766,DronePosition,-110.239,59.27025,-107.379,0,CameraPosition,-103.2476,1.716223,-107.4027,CameraRotation,355.8955,292.8599,356.6293,CurrentState,End,Slider,51,Scenario,1
ID,8,Time,366.7799,DronePosition,-110.239,59.27025,-107.379,0,CameraPosition,-103.248,1.716951,-107.4019,CameraRotation,355.5101,292.5955,356.462,CurrentState,End,Slider,51,Scenario,1
ID,8,Time,366.7938,DronePosition,-110.239,59.27025,-107.379,0,CameraPosition,-103.2483,1.717746,-107.4011,CameraRotation,355.1119,292.3017,356.3195,CurrentState,End,Slider,51,Scenario,1
ID,8,Time,366.8078,DronePosition,-110.239,59.27025,-107.379,0,CameraPosition,-103.2486,1.718547,-107.4003,CameraRotation,354.6991,291.9713,356.1622,CurrentState,End,Slider,51,Scenario,1
ID,8,Time,366.8216,DronePosition,-110.239,59.27025,-107.379,0,CameraPosition,-103.249,1.719279,-107.3997,CameraRotation,354.2932,291.6058,355.9848,CurrentState,End,Slider,51,Scenario,1
ID,8,Time,366.8357,DronePosition,-110.239,59.27025,-107.379,0,CameraPosition,-103.2495,1.719963,-107.3991,CameraRotation,353.8633,291.1406,355.7884,CurrentState,End,Slider,51,Scenario,1
ID,8,Time,366.8498,DronePosition,-110.239,59.27025,-107.379,0,CameraPosition,-103.2499,1.720587,-107.3987,CameraRotation,353.4473,290.6065,355.5555,CurrentState,End,Slider,51,Scenario,1
ID,8,Time,366.8657,DronePosition,-110.239,59.27025,-107.379,0,CameraPosition,-103.2504,1.721238,-107.3983,CameraRotation,353.0935,290.069,355.3211,CurrentState,End,Slider,51,Scenario,1
ID,8,Time,366.8773,DronePosition,-110.239,59.27025,-107.379,0,CameraPosition,-103.2508,1.722066,-107.398,CameraRotation,352.7852,289.474,355.0723,CurrentState,End,Slider,51,Scenario,1
ID,8,Time,366.8916,DronePosition,-110.239,59.27025,-107.379,0,CameraPosition,-103.2513,1.722854,-107.3977,CameraRotation,352.286,288.8854,354.8977,CurrentState,End,Slider,51,Scenario,1
ID,8,Time,366.9055,DronePosition,-110.239,59.27025,-107.379,0,CameraPosition,-103.2518,1.723601,-107.3974,CameraRotation,351.7897,288.3026,354.7491,CurrentState,End,Slider,51,Scenario,1
ID,8,Time,366.9191,DronePosition,-110.239,59.27025,-107.379,0,CameraPosition,-103.2523,1.724352,-107.3971,CameraRotation,351.269,287.6853,354.6257,CurrentState,End,Slider,51,Scenario,1
ID,8,Time,366.9332,DronePosition,-110.239,59.27025,-107.379,0,CameraPosition,-103.2527,1.725156,-107.3969,CameraRotation,350.738,287.0826,354.5118,CurrentState,End,Slider,51,Scenario,1
ID,8,Time,366.9473,DronePosition,-110.239,59.27025,-107.379,0,CameraPosition,-103.2531,1.725945,-107.3966,CameraRotation,350.1637,286.5092,354.3625,CurrentState,End,Slider,51,Scenario,1
ID,8,Time,366.9611,DronePosition,-110.239,59.27025,-107.379,0,CameraPosition,-103.2534,1.726678,-107.3963,CameraRotation,349.5826,285.9795,354.2134,CurrentState,End,Slider,51,Scenario,1
ID,8,Time,366.9752,DronePosition,-110.239,59.27025,-107.379,0,CameraPosition,-103.2537,1.727344,-107.396,CameraRotation,349.0637,285.4704,354.073,CurrentState,End,Slider,51,Scenario,1
ID,8,Time,366.9892,DronePosition,-110.239,59.27025,-107.379,0,CameraPosition,-103.254,1.727986,-107.3957,CameraRotation,348.5794,284.9683,353.9448,CurrentState,End,Slider,51,Scenario,1
ID,8,Time,367.003,DronePosition,-110.239,59.27025,-107.379,0,CameraPosition,-103.2543,1.728588,-107.3953,CameraRotation,348.1082,284.4889,353.8232,CurrentState,End,Slider,51,Scenario,1
ID,8,Time,367.0173,DronePosition,-110.239,59.27025,-107.379,0,CameraPosition,-103.2546,1.729223,-107.395,CameraRotation,347.7092,284.0442,353.6892,CurrentState,End,Slider,51,Scenario,1
ID,8,Time,367.0313,DronePosition,-110.239,59.27025,-107.379,0,CameraPosition,-103.2548,1.72991,-107.3945,CameraRotation,347.3172,283.6051,353.5818,CurrentState,End,Slider,51,Scenario,1
ID,8,Time,367.0448,DronePosition,-110.239,59.27025,-107.379,0,CameraPosition,-103.2551,1.730549,-107.3941,CameraRotation,346.9138,283.1831,353.5223,CurrentState,End,Slider,51,Scenario,1
ID,8,Time,367.0587,DronePosition,-110.239,59.27025,-107.379,0,CameraPosition,-103.2554,1.73114,-107.3936,CameraRotation,346.5001,282.7524,353.451,CurrentState,End,Slider,51,Scenario,1
ID,8,Time,367.0736,DronePosition,-110.239,59.27025,-107.379,0,CameraPosition,-103.2558,1.731726,-107.3931,CameraRotation,346.1047,282.308,353.3621,CurrentState,End,Slider,51,Scenario,1
ID,8,Time,367.087,DronePosition,-110.239,59.27025,-107.379,0,CameraPosition,-103.2561,1.732333,-107.3926,CameraRotation,345.7398,281.8784,353.2619,CurrentState,End,Slider,51,Scenario,1
ID,8,Time,367.1006,DronePosition,-110.239,59.27025,-107.379,0,CameraPosition,-103.2565,1.732917,-107.3921,CameraRotation,345.3366,281.4667,353.1702,CurrentState,End,Slider,51,Scenario,1
ID,8,Time,367.1144,DronePosition,-110.239,59.27025,-107.379,0,CameraPosition,-103.2569,1.733473,-107.3915,CameraRotation,344.9281,281.0527,353.0607,CurrentState,End,Slider,51,Scenario,1
ID,8,Time,367.1284,DronePosition,-110.239,59.27025,-107.379,0,CameraPosition,-103.2573,1.733994,-107.3909,CameraRotation,344.4977,280.6222,352.9571,CurrentState,End,Slider,51,Scenario,1
ID,8,Time,367.1428,DronePosition,-110.239,59.27025,-107.379,0,CameraPosition,-103.2577,1.734531,-107.3902,CameraRotation,344.0997,280.1649,352.8786,CurrentState,End,Slider,51,Scenario,1
ID,8,Time,367.1568,DronePosition,-110.239,59.27025,-107.379,0,CameraPosition,-103.2582,1.735059,-107.3896,CameraRotation,343.7395,279.6953,352.778,CurrentState,End,Slider,51,Scenario,1
ID,8,Time,367.1706,DronePosition,-110.239,59.27025,-107.379,0,CameraPosition,-103.2586,1.735553,-107.3889,CameraRotation,343.3968,279.2077,352.678,CurrentState,End,Slider,51,Scenario,1
ID,8,Time,367.1842,DronePosition,-110.239,59.27025,-107.379,0,CameraPosition,-103.2591,1.73599,-107.3882,CameraRotation,343.0748,278.7059,352.6022,CurrentState,End,Slider,51,Scenario,1
ID,8,Time,367.1978,DronePosition,-110.239,59.27025,-107.379,0,CameraPosition,-103.2596,1.736443,-107.3875,CameraRotation,342.7969,278.1925,352.5165,CurrentState,End,Slider,51,Scenario,1
ID,8,Time,367.2118,DronePosition,-110.239,59.27025,-107.379,0,CameraPosition,-103.2601,1.736901,-107.3868,CameraRotation,342.5181,277.6458,352.3883,CurrentState,End,Slider,51,Scenario,1
ID,8,Time,367.2258,DronePosition,-110.239,59.27025,-107.379,0,CameraPosition,-103.2605,1.737371,-107.3862,CameraRotation,342.1889,277.0871,352.2463,CurrentState,End,Slider,51,Scenario,1
ID,8,Time,367.2399,DronePosition,-110.239,59.27025,-107.379,0,CameraPosition,-103.2609,1.737836,-107.3855,CameraRotation,341.8253,276.5345,352.1199,CurrentState,End,Slider,51,Scenario,1
ID,8,Time,367.2536,DronePosition,-110.239,59.27025,-107.379,0,CameraPosition,-103.2614,1.738217,-107.3849,CameraRotation,341.5195,275.917,352.0302,CurrentState,End,Slider,51,Scenario,1
ID,8,Time,367.2679,DronePosition,-110.239,59.27025,-107.379,0,CameraPosition,-103.2618,1.738504,-107.3843,CameraRotation,341.2604,275.2488,351.9498,CurrentState,End,Slider,51,Scenario,1
ID,8,Time,367.2817,DronePosition,-110.239,59.27025,-107.379,0,CameraPosition,-103.2623,1.738764,-107.3838,CameraRotation,340.9951,274.5327,351.8699,CurrentState,End,Slider,51,Scenario,1
ID,8,Time,367.2953,DronePosition,-110.239,59.27025,-107.379,0,CameraPosition,-103.2628,1.738962,-107.3833,CameraRotation,340.6897,273.7707,351.7757,CurrentState,End,Slider,51,Scenario,1
ID,8,Time,367.3095,DronePosition,-110.239,59.27025,-107.379,0,CameraPosition,-103.2632,1.739146,-107.3829,CameraRotation,340.4572,273.0083,351.6579,CurrentState,End,Slider,51,Scenario,1
ID,8,Time,367.3235,DronePosition,-110.239,59.27025,-107.379,0,CameraPosition,-103.2637,1.739226,-107.3824,CameraRotation,340.2572,272.2491,351.518,CurrentState,End,Slider,51,Scenario,1
ID,8,Time,367.3371,DronePosition,-110.239,59.27025,-107.379,0,CameraPosition,-103.2642,1.73927,-107.3819,CameraRotation,340.1045,271.4943,351.3784,CurrentState,End,Slider,51,Scenario,1
ID,8,Time,367.3511,DronePosition,-110.239,59.27025,-107.379,0,CameraPosition,-103.2648,1.739448,-107.3814,CameraRotation,339.9496,270.7583,351.3042,CurrentState,End,Slider,51,Scenario,1
ID,8,Time,367.3648,DronePosition,-110.239,59.27025,-107.379,0,CameraPosition,-103.2654,1.739696,-107.3809,CameraRotation,339.7232,270.0699,351.2509,CurrentState,End,Slider,51,Scenario,1
ID,8,Time,367.379,DronePosition,-110.239,59.27025,-107.379,0,CameraPosition,-103.266,1.739876,-107.3803,CameraRotation,339.4442,269.4517,351.1911,CurrentState,End,Slider,51,Scenario,1
ID,8,Time,367.3927,DronePosition,-110.239,59.27025,-107.379,0,CameraPosition,-103.2666,1.739924,-107.3797,CameraRotation,339.2202,268.8517,351.1412,CurrentState,End,Slider,51,Scenario,1
ID,8,Time,367.4065,DronePosition,-110.239,59.27025,-107.379,0,CameraPosition,-103.2672,1.739868,-107.379,CameraRotation,339.1261,268.2527,351.1572,CurrentState,End,Slider,51,Scenario,1
ID,8,Time,367.4209,DronePosition,-110.239,59.27025,-107.379,0,CameraPosition,-103.2678,1.739707,-107.3783,CameraRotation,339.1488,267.678,351.2447,CurrentState,End,Slider,51,Scenario,1
ID,8,Time,367.4346,DronePosition,-110.239,59.27025,-107.379,0,CameraPosition,-103.2685,1.73951,-107.3775,CameraRotation,339.232,267.1721,351.3557,CurrentState,End,Slider,51,Scenario,1
ID,8,Time,367.4486,DronePosition,-110.239,59.27025,-107.379,0,CameraPosition,-103.2691,1.739378,-107.3767,CameraRotation,339.2393,266.7461,351.392,CurrentState,End,Slider,51,Scenario,1
ID,8,Time,367.4624,DronePosition,-110.239,59.27025,-107.379,0,CameraPosition,-103.2698,1.739369,-107.3758,CameraRotation,339.2343,266.4453,351.3848,CurrentState,End,Slider,51,Scenario,1
ID,8,Time,367.4766,DronePosition,-110.239,59.27025,-107.379,0,CameraPosition,-103.2703,1.739437,-107.3748,CameraRotation,339.1921,266.191,351.3634,CurrentState,End,Slider,51,Scenario,1
ID,8,Time,367.4906,DronePosition,-110.239,59.27025,-107.379,0,CameraPosition,-103.2709,1.739491,-107.3738,CameraRotation,339.1606,265.9736,351.3369,CurrentState,End,Slider,51,Scenario,1
ID,8,Time,367.5044,DronePosition,-110.239,59.27025,-107.379,0,CameraPosition,-103.2715,1.739522,-107.3728,CameraRotation,339.1957,265.8282,351.348,CurrentState,End,Slider,51,Scenario,1
ID,8,Time,367.5179,DronePosition,-110.239,59.27025,-107.379,0,CameraPosition,-103.272,1.739519,-107.3717,CameraRotation,339.2173,265.7189,351.3348,CurrentState,End,Slider,51,Scenario,1
ID,8,Time,367.532,DronePosition,-110.239,59.27025,-107.379,0,CameraPosition,-103.2726,1.739514,-107.3707,CameraRotation,339.2316,265.6407,351.2716,CurrentState,End,Slider,51,Scenario,1
ID,8,Time,367.5458,DronePosition,-110.239,59.27025,-107.379,0,CameraPosition,-103.273,1.739488,-107.3696,CameraRotation,339.237,265.6091,351.1508,CurrentState,End,Slider,51,Scenario,1
ID,8,Time,367.5598,DronePosition,-110.239,59.27025,-107.379,0,CameraPosition,-103.2733,1.739424,-107.3686,CameraRotation,339.2747,265.6237,350.9917,CurrentState,End,Slider,51,Scenario,1
ID,8,Time,367.5737,DronePosition,-110.239,59.27025,-107.379,0,CameraPosition,-103.2736,1.739344,-107.3675,CameraRotation,339.3302,265.6418,350.8528,CurrentState,End,Slider,51,Scenario,1
ID,8,Time,367.5876,DronePosition,-110.239,59.27025,-107.379,0,CameraPosition,-103.2737,1.739156,-107.3666,CameraRotation,339.4086,265.7018,350.7328,CurrentState,End,Slider,51,Scenario,1
ID,8,Time,367.6016,DronePosition,-110.239,59.27025,-107.379,0,CameraPosition,-103.2738,1.738932,-107.3656,CameraRotation,339.4854,265.7327,350.6504,CurrentState,End,Slider,51,Scenario,1
ID,8,Time,367.6157,DronePosition,-110.239,59.27025,-107.379,0,CameraPosition,-103.2738,1.738709,-107.3647,CameraRotation,339.5404,265.7745,350.5967,CurrentState,End,Slider,51,Scenario,1
ID,8,Time,367.6295,DronePosition,-110.239,59.27025,-107.379,0,CameraPosition,-103.2738,1.738555,-107.3639,CameraRotation,339.6003,265.8378,350.5292,CurrentState,End,Slider,51,Scenario,1
ID,8,Time,367.6433,DronePosition,-110.239,59.27025,-107.379,0,CameraPosition,-103.2738,1.738411,-107.3632,CameraRotation,339.6252,265.9166,350.4361,CurrentState,End,Slider,51,Scenario,1
ID,8,Time,367.6575,DronePosition,-110.239,59.27025,-107.379,0,CameraPosition,-103.2737,1.738287,-107.3625,CameraRotation,339.662,265.9895,350.3383,CurrentState,End,Slider,51,Scenario,1
ID,8,Time,367.6718,DronePosition,-110.239,59.27025,-107.379,0,CameraPosition,-103.2735,1.738133,-107.3618,CameraRotation,339.7672,266.031,350.3022,CurrentState,End,Slider,51,Scenario,1
ID,8,Time,367.6855,DronePosition,-110.239,59.27025,-107.379,0,CameraPosition,-103.2733,1.737924,-107.3612,CameraRotation,339.9283,266.0201,350.3609,CurrentState,End,Slider,51,Scenario,1
ID,8,Time,367.6998,DronePosition,-110.239,59.27025,-107.379,0,CameraPosition,-103.2729,1.737563,-107.3606,CameraRotation,340.1568,265.9523,350.5395,CurrentState,End,Slider,51,Scenario,1
ID,8,Time,367.713,DronePosition,-110.239,59.27025,-107.379,0,CameraPosition,-103.2725,1.737092,-107.36,CameraRotation,340.4744,265.858,350.7463,CurrentState,End,Slider,51,Scenario,1
ID,8,Time,367.727,DronePosition,-110.239,59.27025,-107.379,0,CameraPosition,-103.272,1.736648,-107.3595,CameraRotation,340.8212,265.7874,350.8928,CurrentState,End,Slider,51,Scenario,1
ID,8,Time,367.7408,DronePosition,-110.239,59.27025,-107.379,0,CameraPosition,-103.2714,1.736308,-107.359,CameraRotation,341.1976,265.7513,350.9525,CurrentState,End,Slider,51,Scenario,1
ID,8,Time,367.7554,DronePosition,-110.239,59.27025,-107.379,0,CameraPosition,-103.2708,1.736002,-107.3584,CameraRotation,341.5257,265.7528,350.9376,CurrentState,End,Slider,51,Scenario,1
ID,8,Time,367.7688,DronePosition,-110.239,59.27025,-107.379,0,CameraPosition,-103.2701,1.735671,-107.358,CameraRotation,341.8587,265.7935,350.8959,CurrentState,End,Slider,51,Scenario,1
ID,8,Time,367.783,DronePosition,-110.239,59.27025,-107.379,0,CameraPosition,-103.2693,1.735135,-107.3577,CameraRotation,342.2889,265.8766,350.8234,CurrentState,End,Slider,51,Scenario,1
ID,8,Time,367.7965,DronePosition,-110.239,59.27025,-107.379,0,CameraPosition,-103.2685,1.734336,-107.3575,CameraRotation,342.9102,265.9598,350.7949,CurrentState,End,Slider,51,Scenario,1
ID,8,Time,367.8105,DronePosition,-110.239,59.27025,-107.379,0,CameraPosition,-103.2678,1.733377,-107.3574,CameraRotation,343.6266,266.0225,350.8396,CurrentState,End,Slider,51,Scenario,1
ID,8,Time,367.8244,DronePosition,-110.239,59.27025,-107.379,0,CameraPosition,-103.267,1.732172,-107.3573,CameraRotation,344.4114,266.0441,351.0054,CurrentState,End,Slider,51,Scenario,1
ID,8,Time,367.8387,DronePosition,-110.239,59.27025,-107.379,0,CameraPosition,-103.2662,1.730733,-107.3573,CameraRotation,345.2866,265.9867,351.3311,CurrentState,End,Slider,51,Scenario,1
ID,8,Time,367.8523,DronePosition,-110.239,59.27025,-107.379,0,CameraPosition,-103.2654,1.729069,-107.3574,CameraRotation,346.2703,265.8705,351.7992,CurrentState,End,Slider,51,Scenario,1
ID,8,Time,367.8663,DronePosition,-110.239,59.27025,-107.379,0,CameraPosition,-103.2645,1.726943,-107.3577,CameraRotation,347.5766,265.6813,352.424,CurrentState,End,Slider,51,Scenario,1
ID,8,Time,367.8802,DronePosition,-110.239,59.27025,-107.379,0,CameraPosition,-103.2637,1.724627,-107.358,CameraRotation,349.0036,265.4915,353.0064,CurrentState,End,Slider,51,Scenario,1
ID,8,Time,367.894,DronePosition,-110.239,59.27025,-107.379,0,CameraPosition,-103.2629,1.721899,-107.3585,CameraRotation,350.7054,265.2658,353.6395,CurrentState,End,Slider,51,Scenario,1
ID,8,Time,367.9081,DronePosition,-110.239,59.27025,-107.379,0,CameraPosition,-103.2622,1.719008,-107.3591,CameraRotation,352.5155,265.0301,354.3007,CurrentState,End,Slider,51,Scenario,1
ID,8,Time,367.9222,DronePosition,-110.239,59.27025,-107.379,0,CameraPosition,-103.2615,1.716211,-107.3597,CameraRotation,354.2614,264.7948,354.9602,CurrentState,End,Slider,51,Scenario,1
ID,8,Time,367.936,DronePosition,-110.239,59.27025,-107.379,0,CameraPosition,-103.2609,1.713363,-107.3604,CameraRotation,355.9911,264.4791,355.659,CurrentState,End,Slider,51,Scenario,1
ID,8,Time,367.9496,DronePosition,-110.239,59.27025,-107.379,0,CameraPosition,-103.2604,1.710708,-107.3614,CameraRotation,357.6042,264.0992,356.3371,CurrentState,End,Slider,51,Scenario,1
ID,8,Time,367.9636,DronePosition,-110.239,59.27025,-107.379,0,CameraPosition,-103.26,1.708274,-107.3625,CameraRotation,359.1353,263.6588,356.9699,CurrentState,End,Slider,51,Scenario,1
ID,8,Time,367.9771,DronePosition,-110.239,59.27025,-107.379,0,CameraPosition,-103.2597,1.706134,-107.3637,CameraRotation,0.5304888,263.1897,357.4286,CurrentState,End,Slider,51,Scenario,1
ID,8,Time,367.9912,DronePosition,-110.239,59.27025,-107.379,0,CameraPosition,-103.2596,1.70443,-107.365,CameraRotation,1.612129,262.7251,357.6857,CurrentState,End,Slider,51,Scenario,1
ID,8,Time,368.0056,DronePosition,-110.239,59.27025,-107.379,0,CameraPosition,-103.2595,1.703043,-107.3661,CameraRotation,2.417182,262.3121,357.937,CurrentState,End,Slider,51,Scenario,1
ID,8,Time,368.0194,DronePosition,-110.239,59.27025,-107.379,0,CameraPosition,-103.2596,1.702287,-107.367,CameraRotation,2.805617,261.9205,358.2535,CurrentState,End,Slider,51,Scenario,1
ID,8,Time,368.0331,DronePosition,-110.239,59.27025,-107.379,0,CameraPosition,-103.2596,1.70181,-107.3679,CameraRotation,2.988527,261.5403,358.6675,CurrentState,End,Slider,51,Scenario,1
ID,8,Time,368.0468,DronePosition,-110.239,59.27025,-107.379,0,CameraPosition,-103.2595,1.701353,-107.3689,CameraRotation,3.188631,261.1268,359.0235,CurrentState,End,Slider,51,Scenario,1
ID,8,Time,368.0607,DronePosition,-110.239,59.27025,-107.379,0,CameraPosition,-103.2593,1.701102,-107.3699,CameraRotation,3.305071,260.6658,359.2799,CurrentState,End,Slider,51,Scenario,1
ID,8,Time,368.0748,DronePosition,-110.239,59.27025,-107.379,0,CameraPosition,-103.259,1.701112,-107.3709,CameraRotation,3.316278,260.1705,359.4704,CurrentState,End,Slider,51,Scenario,1
ID,8,Time,368.0887,DronePosition,-110.239,59.27025,-107.379,0,CameraPosition,-103.2586,1.701213,-107.3719,CameraRotation,3.307905,259.6988,359.6433,CurrentState,End,Slider,51,Scenario,1
ID,8,Time,368.1023,DronePosition,-110.239,59.27025,-107.379,0,CameraPosition,-103.2581,1.70156,-107.3727,CameraRotation,3.164581,259.2574,359.7375,CurrentState,End,Slider,51,Scenario,1
ID,8,Time,368.1168,DronePosition,-110.239,59.27025,-107.379,0,CameraPosition,-103.2577,1.701886,-107.3735,CameraRotation,3.020065,258.8586,359.8312,CurrentState,End,Slider,51,Scenario,1
ID,8,Time,368.1302,DronePosition,-110.239,59.27025,-107.379,0,CameraPosition,-103.2573,1.702262,-107.3741,CameraRotation,2.816978,258.5074,359.9478,CurrentState,End,Slider,51,Scenario,1
ID,8,Time,368.1439,DronePosition,-110.239,59.27025,-107.379,0,CameraPosition,-103.257,1.702572,-107.3746,CameraRotation,2.639015,258.1823,0.1085258,CurrentState,End,Slider,51,Scenario,1
ID,8,Time,368.158,DronePosition,-110.239,59.27025,-107.379,0,CameraPosition,-103.2568,1.702801,-107.3751,CameraRotation,2.532003,257.8755,0.271519,CurrentState,End,Slider,51,Scenario,1
ID,8,Time,368.1719,DronePosition,-110.239,59.27025,-107.379,0,CameraPosition,-103.2565,1.702946,-107.3755,CameraRotation,2.435845,257.5882,0.4123858,CurrentState,End,Slider,51,Scenario,1
ID,8,Time,368.1859,DronePosition,-110.239,59.27025,-107.379,0,CameraPosition,-103.2564,1.702998,-107.3757,CameraRotation,2.360895,257.3412,0.5263695,CurrentState,End,Slider,51,Scenario,1
ID,8,Time,368.2003,DronePosition,-110.239,59.27025,-107.379,0,CameraPosition,-103.2564,1.70295,-107.3759,CameraRotation,2.326958,257.1212,0.5815915,CurrentState,End,Slider,51,Scenario,1
ID,8,Time,368.2137,DronePosition,-110.239,59.27025,-107.379,0,CameraPosition,-103.2564,1.702865,-107.376,CameraRotation,2.320419,256.9364,0.5872591,CurrentState,End,Slider,51,Scenario,1
ID,8,Time,368.2273,DronePosition,-110.239,59.27025,-107.379,0,CameraPosition,-103.2563,1.702804,-107.3761,CameraRotation,2.386755,256.8092,0.535661,CurrentState,End,Slider,51,Scenario,1
ID,8,Time,368.2417,DronePosition,-110.239,59.27025,-107.379,0,CameraPosition,-103.2563,1.702674,-107.3761,CameraRotation,2.464338,256.7076,0.4773382,CurrentState,End,Slider,51,Scenario,1
ID,8,Time,368.2554,DronePosition,-110.239,59.27025,-107.379,0,CameraPosition,-103.2562,1.702513,-107.376,CameraRotation,2.559082,256.6165,0.4574125,CurrentState,End,Slider,51,Scenario,1
ID,8,Time,368.2698,DronePosition,-110.239,59.27025,-107.379,0,CameraPosition,-103.2563,1.7024,-107.3757,CameraRotation,2.679663,256.5403,0.4871998,CurrentState,End,Slider,51,Scenario,1
ID,8,Time,368.2835,DronePosition,-110.239,59.27025,-107.379,0,CameraPosition,-103.2564,1.702342,-107.3754,CameraRotation,2.752074,256.4748,0.525896,CurrentState,End,Slider,51,Scenario,1
ID,8,Time,368.2971,DronePosition,-110.239,59.27025,-107.379,0,CameraPosition,-103.2566,1.702314,-107.3751,CameraRotation,2.800788,256.4112,0.5447441,CurrentState,End,Slider,51,Scenario,1
ID,8,Time,368.311,DronePosition,-110.239,59.27025,-107.379,0,CameraPosition,-103.2568,1.70234,-107.3748,CameraRotation,2.836917,256.366,0.5486211,CurrentState,End,Slider,51,Scenario,1
ID,8,Time,368.3256,DronePosition,-110.239,59.27025,-107.379,0,CameraPosition,-103.2569,1.702375,-107.3744,CameraRotation,2.882377,256.3018,0.5494541,CurrentState,End,Slider,51,Scenario,1
ID,8,Time,368.3391,DronePosition,-110.239,59.27025,-107.379,0,CameraPosition,-103.2571,1.702348,-107.374,CameraRotation,2.934121,256.2465,0.5337102,CurrentState,End,Slider,51,Scenario,1
ID,8,Time,368.3533,DronePosition,-110.239,59.27025,-107.379,0,CameraPosition,-103.2573,1.702205,-107.3734,CameraRotation,3.024513,256.1849,0.4959675,CurrentState,End,Slider,51,Scenario,1
ID,8,Time,368.367,DronePosition,-110.239,59.27025,-107.379,0,CameraPosition,-103.2575,1.701998,-107.3728,CameraRotation,3.136697,256.1176,0.4684173,CurrentState,End,Slider,51,Scenario,1
ID,8,Time,368.3806,DronePosition,-110.239,59.27025,-107.379,0,CameraPosition,-103.2576,1.701755,-107.3721,CameraRotation,3.254969,256.0144,0.4731473,CurrentState,End,Slider,51,Scenario,1
ID,8,Time,368.3946,DronePosition,-110.239,59.27025,-107.379,0,CameraPosition,-103.2576,1.701602,-107.3716,CameraRotation,3.341176,255.9079,0.4664923,CurrentState,End,Slider,51,Scenario,1
ID,8,Time,368.4085,DronePosition,-110.239,59.27025,-107.379,0,CameraPosition,-103.2575,1.701505,-107.371,CameraRotation,3.387021,255.7902,0.4069705,CurrentState,End,Slider,51,Scenario,1
ID,8,Time,368.4227,DronePosition,-110.239,59.27025,-107.379,0,CameraPosition,-103.2575,1.701461,-107.3704,CameraRotation,3.384872,255.6851,0.2737152,CurrentState,End,Slider,51,Scenario,1
ID,8,Time,368.4366,DronePosition,-110.239,59.27025,-107.379,0,CameraPosition,-103.2574,1.701468,-107.3697,CameraRotation,3.395482,255.5985,0.1196902,CurrentState,End,Slider,51,Scenario,1
ID,8,Time,368.4507,DronePosition,-110.239,59.27025,-107.379,0,CameraPosition,-103.2574,1.701436,-107.369,CameraRotation,3.401145,255.5329,-0.003790495,CurrentState,End,Slider,51,Scenario,1
ID,8,Time,368.4645,DronePosition,-110.239,59.27025,-107.379,0,CameraPosition,-103.2573,1.701357,-107.3682,CameraRotation,3.420105,255.4655,359.8633,CurrentState,End,Slider,51,Scenario,1
ID,8,Time,368.4783,DronePosition,-110.239,59.27025,-107.379,0,CameraPosition,-103.2572,1.701286,-107.3675,CameraRotation,3.445014,255.4203,359.6967,CurrentState,End,Slider,51,Scenario,1
ID,8,Time,368.4926,DronePosition,-110.239,59.27025,-107.379,0,CameraPosition,-103.2571,1.70119,-107.3667,CameraRotation,3.467944,255.4027,359.4956,CurrentState,End,Slider,51,Scenario,1
ID,8,Time,368.5064,DronePosition,-110.239,59.27025,-107.379,0,CameraPosition,-103.2571,1.70102,-107.3659,CameraRotation,3.500606,255.4308,359.2789,CurrentState,End,Slider,51,Scenario,1
ID,8,Time,368.5205,DronePosition,-110.239,59.27025,-107.379,0,CameraPosition,-103.257,1.700678,-107.3651,CameraRotation,3.544817,255.4993,359.0652,CurrentState,End,Slider,51,Scenario,1
ID,8,Time,368.5348,DronePosition,-110.239,59.27025,-107.379,0,CameraPosition,-103.2569,1.70025,-107.3642,CameraRotation,3.672503,255.5964,358.8436,CurrentState,End,Slider,51,Scenario,1
ID,8,Time,368.5484,DronePosition,-110.239,59.27025,-107.379,0,CameraPosition,-103.2566,1.699603,-107.3633,CameraRotation,3.928416,255.7652,358.6232,CurrentState,End,Slider,51,Scenario,1
ID,8,Time,368.562,DronePosition,-110.239,59.27025,-107.379,0,CameraPosition,-103.2561,1.698905,-107.3624,CameraRotation,4.266975,255.9463,358.4697,CurrentState,End,Slider,51,Scenario,1
ID,8,Time,368.5758,DronePosition,-110.239,59.27025,-107.379,0,CameraPosition,-103.2557,1.698252,-107.3615,CameraRotation,4.680295,256.1418,358.3573,CurrentState,End,Slider,51,Scenario,1
ID,8,Time,368.5898,DronePosition,-110.239,59.27025,-107.379,0,CameraPosition,-103.2552,1.697737,-107.3605,CameraRotation,5.192737,256.3759,358.2758,CurrentState,End,Slider,51,Scenario,1
ID,8,Time,368.6041,DronePosition,-110.239,59.27025,-107.379,0,CameraPosition,-103.2545,1.697194,-107.3596,CameraRotation,5.710999,256.6633,358.1903,CurrentState,End,Slider,51,Scenario,1
ID,8,Time,368.618,DronePosition,-110.239,59.27025,-107.379,0,CameraPosition,-103.2537,1.696476,-107.3587,CameraRotation,6.243908,256.9932,358.1621,CurrentState,End,Slider,51,Scenario,1
ID,8,Time,368.6316,DronePosition,-110.239,59.27025,-107.379,0,CameraPosition,-103.2529,1.695654,-107.3577,CameraRotation,6.856543,257.4365,358.2238,CurrentState,End,Slider,51,Scenario,1
ID,8,Time,368.6453,DronePosition,-110.239,59.27025,-107.379,0,CameraPosition,-103.252,1.694903,-107.3568,CameraRotation,7.415385,257.9359,358.3318,CurrentState,End,Slider,51,Scenario,1
ID,8,Time,368.6595,DronePosition,-110.239,59.27025,-107.379,0,CameraPosition,-103.2513,1.694346,-107.356,CameraRotation,7.84825,258.5005,358.46,CurrentState,End,Slider,51,Scenario,1
ID,8,Time,368.6732,DronePosition,-110.239,59.27025,-107.379,0,CameraPosition,-103.2509,1.69411,-107.3552,CameraRotation,8.052,259.1057,358.6468,CurrentState,End,Slider,51,Scenario,1
ID,8,Time,368.6873,DronePosition,-110.239,59.27025,-107.379,0,CameraPosition,-103.2505,1.694072,-107.3544,CameraRotation,8.058182,259.6472,358.8588,CurrentState,End,Slider,51,Scenario,1
ID,8,Time,368.7016,DronePosition,-110.239,59.27025,-107.379,0,CameraPosition,-103.2501,1.694283,-107.3538,CameraRotation,7.888358,260.1342,359.1099,CurrentState,End,Slider,51,Scenario,1
ID,8,Time,368.7148,DronePosition,-110.239,59.27025,-107.379,0,CameraPosition,-103.2496,1.694553,-107.3532,CameraRotation,7.745096,260.5571,359.3091,CurrentState,End,Slider,51,Scenario,1
ID,8,Time,368.7291,DronePosition,-110.239,59.27025,-107.379,0,CameraPosition,-103.2491,1.694748,-107.3527,CameraRotation,7.629287,260.961,359.444,CurrentState,End,Slider,51,Scenario,1
ID,8,Time,368.7435,DronePosition,-110.239,59.27025,-107.379,0,CameraPosition,-103.2485,1.694904,-107.3522,CameraRotation,7.530026,261.3406,359.5337,CurrentState,End,Slider,51,Scenario,1
ID,8,Time,368.757,DronePosition,-110.239,59.27025,-107.379,0,CameraPosition,-103.248,1.695076,-107.3518,CameraRotation,7.413995,261.6935,359.5765,CurrentState,End,Slider,51,Scenario,1
ID,8,Time,368.7708,DronePosition,-110.239,59.27025,-107.379,0,CameraPosition,-103.2474,1.695237,-107.3515,CameraRotation,7.303192,262.0157,359.6189,CurrentState,End,Slider,51,Scenario,1
ID,8,Time,368.7844,DronePosition,-110.239,59.27025,-107.379,0,CameraPosition,-103.2468,1.695403,-107.3512,CameraRotation,7.201196,262.284,359.6197,CurrentState,End,Slider,51,Scenario,1
ID,8,Time,368.7984,DronePosition,-110.239,59.27025,-107.379,0,CameraPosition,-103.2462,1.695463,-107.3511,CameraRotation,7.1316,262.5117,359.5832,CurrentState,End,Slider,51,Scenario,1
ID,8,Time,368.812,DronePosition,-110.239,59.27025,-107.379,0,CameraPosition,-103.2455,1.695444,-107.3509,CameraRotation,7.099816,262.7178,359.5289,CurrentState,End,Slider,51,Scenario,1
ID,8,Time,368.8263,DronePosition,-110.239,59.27025,-107.379,0,CameraPosition,-103.2449,1.695438,-107.3508,CameraRotation,7.110224,262.8988,359.4984,CurrentState,End,Slider,51,Scenario,1
ID,8,Time,368.8401,DronePosition,-110.239,59.27025,-107.379,0,CameraPosition,-103.2445,1.695506,-107.3507,CameraRotation,7.082463,263.08,359.4754,CurrentState,End,Slider,51,Scenario,1
ID,8,Time,368.8543,DronePosition,-110.239,59.27025,-107.379,0,CameraPosition,-103.2442,1.695627,-107.3507,CameraRotation,7.010149,263.241,359.4257,CurrentState,End,Slider,51,Scenario,1
ID,8,Time,368.8687,DronePosition,-110.239,59.27025,-107.379,0,CameraPosition,-103.2437,1.695691,-107.3507,CameraRotation,6.910597,263.3988,359.3829,CurrentState,End,Slider,51,Scenario,1
ID,8,Time,368.8823,DronePosition,-110.239,59.27025,-107.379,0,CameraPosition,-103.2433,1.695715,-107.3507,CameraRotation,6.832235,263.5383,359.3595,CurrentState,End,Slider,51,Scenario,1
ID,8,Time,368.8957,DronePosition,-110.239,59.27025,-107.379,0,CameraPosition,-103.2429,1.695664,-107.3507,CameraRotation,6.788392,263.661,359.3539,CurrentState,End,Slider,51,Scenario,1
ID,8,Time,368.9096,DronePosition,-110.239,59.27025,-107.379,0,CameraPosition,-103.2425,1.695613,-107.3507,CameraRotation,6.779456,263.7667,359.3446,CurrentState,End,Slider,51,Scenario,1
ID,8,Time,368.9237,DronePosition,-110.239,59.27025,-107.379,0,CameraPosition,-103.2421,1.695623,-107.3508,CameraRotation,6.766423,263.8707,359.3292,CurrentState,End,Slider,51,Scenario,1
ID,8,Time,368.9378,DronePosition,-110.239,59.27025,-107.379,0,CameraPosition,-103.2419,1.695745,-107.3509,CameraRotation,6.714766,263.9722,359.2856,CurrentState,End,Slider,51,Scenario,1
ID,8,Time,368.9522,DronePosition,-110.239,59.27025,-107.379,0,CameraPosition,-103.2417,1.695999,-107.351,CameraRotation,6.627167,264.0695,359.2352,CurrentState,End,Slider,51,Scenario,1
ID,8,Time,368.9656,DronePosition,-110.239,59.27025,-107.379,0,CameraPosition,-103.2415,1.696311,-107.3511,CameraRotation,6.545459,264.153,359.2048,CurrentState,End,Slider,51,Scenario,1
ID,8,Time,368.9794,DronePosition,-110.239,59.27025,-107.379,0,CameraPosition,-103.2415,1.696619,-107.3513,CameraRotation,6.434421,264.2043,359.2002,CurrentState,End,Slider,51,Scenario,1
ID,8,Time,368.9935,DronePosition,-110.239,59.27025,-107.379,0,CameraPosition,-103.2416,1.696871,-107.3515,CameraRotation,6.325626,264.2412,359.1988,CurrentState,End,Slider,51,Scenario,1
ID,8,Time,369.0074,DronePosition,-110.239,59.27025,-107.379,0,CameraPosition,-103.2417,1.697141,-107.3517,CameraRotation,6.252796,264.2609,359.1994,CurrentState,End,Slider,51,Scenario,1
ID,8,Time,369.0214,DronePosition,-110.239,59.27025,-107.379,0,CameraPosition,-103.2418,1.697392,-107.3519,CameraRotation,6.176301,264.2623,359.1992,CurrentState,End,Slider,51,Scenario,1
ID,8,Time,369.0354,DronePosition,-110.239,59.27025,-107.379,0,CameraPosition,-103.2419,1.697608,-107.3521,CameraRotation,6.097283,264.2509,359.199,CurrentState,End,Slider,51,Scenario,1
ID,8,Time,369.0492,DronePosition,-110.239,59.27025,-107.379,0,CameraPosition,-103.242,1.69776,-107.3524,CameraRotation,6.028034,264.2278,359.194,CurrentState,End,Slider,51,Scenario,1
ID,8,Time,369.0631,DronePosition,-110.239,59.27025,-107.379,0,CameraPosition,-103.2422,1.697847,-107.3526,CameraRotation,5.98417,264.1876,359.1768,CurrentState,End,Slider,51,Scenario,1
ID,8,Time,369.0767,DronePosition,-110.239,59.27025,-107.379,0,CameraPosition,-103.2423,1.697889,-107.3529,CameraRotation,5.956034,264.1495,359.1406,CurrentState,End,Slider,51,Scenario,1
ID,8,Time,369.0911,DronePosition,-110.239,59.27025,-107.379,0,CameraPosition,-103.2425,1.697853,-107.3531,CameraRotation,5.957564,264.0907,359.0945,CurrentState,End,Slider,51,Scenario,1
ID,8,Time,369.105,DronePosition,-110.239,59.27025,-107.379,0,CameraPosition,-103.2427,1.697765,-107.3534,CameraRotation,5.978589,264.0356,359.0601,CurrentState,End,Slider,51,Scenario,1
ID,8,Time,369.1189,DronePosition,-110.239,59.27025,-107.379,0,CameraPosition,-103.2429,1.697636,-107.3537,CameraRotation,6.000424,263.967,359.0161,CurrentState,End,Slider,51,Scenario,1
ID,8,Time,369.1328,DronePosition,-110.239,59.27025,-107.379,0,CameraPosition,-103.2431,1.697488,-107.3541,CameraRotation,6.023757,263.895,358.9855,CurrentState,End,Slider,51,Scenario,1
ID,8,Time,369.1465,DronePosition,-110.239,59.27025,-107.379,0,CameraPosition,-103.2435,1.697301,-107.3544,CameraRotation,6.05266,263.8219,358.9746,CurrentState,End,Slider,51,Scenario,1
ID,8,Time,369.1607,DronePosition,-110.239,59.27025,-107.379,0,CameraPosition,-103.2439,1.697119,-107.3548,CameraRotation,6.086983,263.7636,358.9708,CurrentState,End,Slider,51,Scenario,1
ID,8,Time,369.1744,DronePosition,-110.239,59.27025,-107.379,0,CameraPosition,-103.2442,1.696959,-107.3551,CameraRotation,6.15905,263.71,358.9762,CurrentState,End,Slider,51,Scenario,1
ID,8,Time,369.1886,DronePosition,-110.239,59.27025,-107.379,0,CameraPosition,-103.2446,1.696822,-107.3554,CameraRotation,6.242724,263.6562,358.991,CurrentState,End,Slider,51,Scenario,1
ID,8,Time,369.2021,DronePosition,-110.239,59.27025,-107.379,0,CameraPosition,-103.2449,1.696673,-107.3558,CameraRotation,6.326304,263.6064,359.0103,CurrentState,End,Slider,51,Scenario,1
ID,8,Time,369.2163,DronePosition,-110.239,59.27025,-107.379,0,CameraPosition,-103.2452,1.696491,-107.3561,CameraRotation,6.461237,263.5721,359.0377,CurrentState,End,Slider,51,Scenario,1
ID,8,Time,369.23,DronePosition,-110.239,59.27025,-107.379,0,CameraPosition,-103.2454,1.69625,-107.3563,CameraRotation,6.658113,263.5696,359.0677,CurrentState,End,Slider,51,Scenario,1
ID,8,Time,369.2439,DronePosition,-110.239,59.27025,-107.379,0,CameraPosition,-103.2456,1.695911,-107.3566,CameraRotation,6.881305,263.6047,359.0848,CurrentState,End,Slider,51,Scenario,1
ID,8,Time,369.2579,DronePosition,-110.239,59.27025,-107.379,0,CameraPosition,-103.2458,1.69551,-107.3569,CameraRotation,7.165566,263.6945,359.1114,CurrentState,End,Slider,51,Scenario,1
ID,8,Time,369.2721,DronePosition,-110.239,59.27025,-107.379,0,CameraPosition,-103.246,1.695074,-107.3571,CameraRotation,7.470598,263.8505,359.1929,CurrentState,End,Slider,51,Scenario,1
ID,8,Time,369.2857,DronePosition,-110.239,59.27025,-107.379,0,CameraPosition,-103.2462,1.694586,-107.3572,CameraRotation,7.821262,264.1016,359.3534,CurrentState,End,Slider,51,Scenario,1
ID,8,Time,369.2996,DronePosition,-110.239,59.27025,-107.379,0,CameraPosition,-103.2462,1.693914,-107.3571,CameraRotation,8.261334,264.4655,359.5999,CurrentState,End,Slider,51,Scenario,1
ID,8,Time,369.3136,DronePosition,-110.239,59.27025,-107.379,0,CameraPosition,-103.2463,1.69318,-107.3571,CameraRotation,8.763363,264.8332,359.8559,CurrentState,End,Slider,51,Scenario,1
ID,8,Time,369.3278,DronePosition,-110.239,59.27025,-107.379,0,CameraPosition,-103.2462,1.692341,-107.3569,CameraRotation,9.3798,265.3001,0.1852059,CurrentState,End,Slider,51,Scenario,1
ID,8,Time,369.3413,DronePosition,-110.239,59.27025,-107.379,0,CameraPosition,-103.2462,1.691614,-107.3568,CameraRotation,9.913055,265.7624,0.4796249,CurrentState,End,Slider,51,Scenario,1
ID,8,Time,369.3553,DronePosition,-110.239,59.27025,-107.379,0,CameraPosition,-103.2464,1.691065,-107.3568,CameraRotation,10.28845,266.2474,0.7458065,CurrentState,End,Slider,51,Scenario,1
ID,8,Time,369.3698,DronePosition,-110.239,59.27025,-107.379,0,CameraPosition,-103.2467,1.690685,-107.3568,CameraRotation,10.49661,266.7055,0.9895933,CurrentState,End,Slider,51,Scenario,1
ID,8,Time,369.3835,DronePosition,-110.239,59.27025,-107.379,0,CameraPosition,-103.2469,1.690492,-107.3568,CameraRotation,10.61074,267.1158,1.247142,CurrentState,End,Slider,51,Scenario,1
ID,8,Time,369.3971,DronePosition,-110.239,59.27025,-107.379,0,CameraPosition,-103.2471,1.690366,-107.3569,CameraRotation,10.67003,267.4546,1.493932,CurrentState,End,Slider,51,Scenario,1
ID,8,Time,369.4109,DronePosition,-110.239,59.27025,-107.379,0,CameraPosition,-103.2473,1.690421,-107.3571,CameraRotation,10.60192,267.7115,1.726999,CurrentState,End,Slider,51,Scenario,1
ID,8,Time,369.4253,DronePosition,-110.239,59.27025,-107.379,0,CameraPosition,-103.2476,1.690517,-107.3573,CameraRotation,10.52485,267.9065,1.901121,CurrentState,End,Slider,51,Scenario,1
ID,8,Time,369.439,DronePosition,-110.239,59.27025,-107.379,0,CameraPosition,-103.2478,1.690689,-107.3576,CameraRotation,10.3831,268.0294,1.996594,CurrentState,End,Slider,51,Scenario,1
ID,8,Time,369.4529,DronePosition,-110.239,59.27025,-107.379,0,CameraPosition,-103.2479,1.690828,-107.358,CameraRotation,10.27657,268.1065,2.033937,CurrentState,End,Slider,51,Scenario,1
ID,8,Time,369.4668,DronePosition,-110.239,59.27025,-107.379,0,CameraPosition,-103.248,1.690872,-107.3583,CameraRotation,10.247,268.1663,2.058939,CurrentState,End,Slider,51,Scenario,1
ID,8,Time,369.4807,DronePosition,-110.239,59.27025,-107.379,0,CameraPosition,-103.2479,1.69085,-107.3586,CameraRotation,10.26549,268.1605,2.048541,CurrentState,End,Slider,51,Scenario,1
ID,8,Time,369.4945,DronePosition,-110.239,59.27025,-107.379,0,CameraPosition,-103.2478,1.690794,-107.3589,CameraRotation,10.29937,268.1118,2.020239,CurrentState,End,Slider,51,Scenario,1
ID,8,Time,369.5088,DronePosition,-110.239,59.27025,-107.379,0,CameraPosition,-103.2478,1.690788,-107.3591,CameraRotation,10.31648,268.0327,1.967851,CurrentState,End,Slider,51,Scenario,1
ID,8,Time,369.5223,DronePosition,-110.239,59.27025,-107.379,0,CameraPosition,-103.2477,1.690768,-107.3593,CameraRotation,10.29346,267.9214,1.894995,CurrentState,End,Slider,51,Scenario,1
ID,8,Time,369.5365,DronePosition,-110.239,59.27025,-107.379,0,CameraPosition,-103.2476,1.690715,-107.3594,CameraRotation,10.26293,267.8112,1.812801,CurrentState,End,Slider,51,Scenario,1
ID,8,Time,369.5507,DronePosition,-110.239,59.27025,-107.379,0,CameraPosition,-103.2475,1.690652,-107.3595,CameraRotation,10.25728,267.6933,1.734798,CurrentState,End,Slider,51,Scenario,1
ID,8,Time,369.5643,DronePosition,-110.239,59.27025,-107.379,0,CameraPosition,-103.2473,1.690605,-107.3594,CameraRotation,10.27292,267.5646,1.645363,CurrentState,End,Slider,51,Scenario,1
ID,8,Time,369.5786,DronePosition,-110.239,59.27025,-107.379,0,CameraPosition,-103.247,1.690561,-107.3592,CameraRotation,10.30911,267.4531,1.573998,CurrentState,End,Slider,51,Scenario,1
ID,8,Time,369.5919,DronePosition,-110.239,59.27025,-107.379,0,CameraPosition,-103.2467,1.690487,-107.3591,CameraRotation,10.32591,267.3647,1.523644,CurrentState,End,Slider,51,Scenario,1
ID,8,Time,369.606,DronePosition,-110.239,59.27025,-107.379,0,CameraPosition,-103.2464,1.690472,-107.3588,CameraRotation,10.31382,267.294,1.476288,CurrentState,End,Slider,51,Scenario,1
ID,8,Time,369.6201,DronePosition,-110.239,59.27025,-107.379,0,CameraPosition,-103.246,1.690523,-107.3586,CameraRotation,10.30146,267.2237,1.421668,CurrentState,End,Slider,51,Scenario,1
ID,8,Time,369.6338,DronePosition,-110.239,59.27025,-107.379,0,CameraPosition,-103.2457,1.690603,-107.3582,CameraRotation,10.27633,267.1694,1.375954,CurrentState,End,Slider,51,Scenario,1
ID,8,Time,369.6478,DronePosition,-110.239,59.27025,-107.379,0,CameraPosition,-103.2453,1.690672,-107.3578,CameraRotation,10.25215,267.1145,1.347059,CurrentState,End,Slider,51,Scenario,1
ID,8,Time,369.6618,DronePosition,-110.239,59.27025,-107.379,0,CameraPosition,-103.245,1.690726,-107.3574,CameraRotation,10.22729,267.067,1.312818,CurrentState,End,Slider,51,Scenario,1
ID,8,Time,369.676,DronePosition,-110.239,59.27025,-107.379,0,CameraPosition,-103.2447,1.690793,-107.3569,CameraRotation,10.18834,267.0176,1.29126,CurrentState,End,Slider,51,Scenario,1
ID,8,Time,369.6896,DronePosition,-110.239,59.27025,-107.379,0,CameraPosition,-103.2444,1.690896,-107.3564,CameraRotation,10.13684,266.9639,1.269957,CurrentState,End,Slider,51,Scenario,1
ID,8,Time,369.7036,DronePosition,-110.239,59.27025,-107.379,0,CameraPosition,-103.2442,1.690967,-107.3558,CameraRotation,10.05141,266.9048,1.24275,CurrentState,End,Slider,51,Scenario,1
ID,8,Time,369.7173,DronePosition,-110.239,59.27025,-107.379,0,CameraPosition,-103.2439,1.691002,-107.3552,CameraRotation,9.957773,266.843,1.16217,CurrentState,End,Slider,51,Scenario,1
ID,8,Time,369.7317,DronePosition,-110.239,59.27025,-107.379,0,CameraPosition,-103.2436,1.69098,-107.3546,CameraRotation,9.915732,266.7815,1.08497,CurrentState,End,Slider,51,Scenario,1
ID,8,Time,369.7452,DronePosition,-110.239,59.27025,-107.379,0,CameraPosition,-103.2433,1.690882,-107.354,CameraRotation,9.918086,266.7056,1.036196,CurrentState,End,Slider,51,Scenario,1
ID,8,Time,369.7591,DronePosition,-110.239,59.27025,-107.379,0,CameraPosition,-103.243,1.690712,-107.3533,CameraRotation,9.916054,266.599,0.998847,CurrentState,End,Slider,51,Scenario,1
ID,8,Time,369.7731,DronePosition,-110.239,59.27025,-107.379,0,CameraPosition,-103.2427,1.690607,-107.3527,CameraRotation,9.915969,266.4755,0.9227496,CurrentState,End,Slider,51,Scenario,1
ID,8,Time,369.7887,DronePosition,-110.239,59.27025,-107.379,0,CameraPosition,-103.2424,1.690565,-107.352,CameraRotation,9.90617,266.3438,0.7939118,CurrentState,End,Slider,51,Scenario,1
ID,8,Time,369.8012,DronePosition,-110.239,59.27025,-107.379,0,CameraPosition,-103.2423,1.690522,-107.3512,CameraRotation,9.874028,266.2115,0.6119422,CurrentState,End,Slider,51,Scenario,1
ID,8,Time,369.8148,DronePosition,-110.239,59.27025,-107.379,0,CameraPosition,-103.2421,1.690477,-107.3505,CameraRotation,9.833546,266.0452,0.4226945,CurrentState,End,Slider,51,Scenario,1
ID,8,Time,369.8288,DronePosition,-110.239,59.27025,-107.379,0,CameraPosition,-103.242,1.690477,-107.3497,CameraRotation,9.83059,265.8523,0.2506471,CurrentState,End,Slider,51,Scenario,1
ID,8,Time,369.8427,DronePosition,-110.239,59.27025,-107.379,0,CameraPosition,-103.2419,1.690526,-107.3489,CameraRotation,9.804558,265.5876,0.04221543,CurrentState,End,Slider,51,Scenario,1
ID,8,Time,369.8565,DronePosition,-110.239,59.27025,-107.379,0,CameraPosition,-103.2418,1.690634,-107.3483,CameraRotation,9.689982,265.2646,359.8039,CurrentState,End,Slider,51,Scenario,1
ID,8,Time,369.8706,DronePosition,-110.239,59.27025,-107.379,0,CameraPosition,-103.2418,1.690772,-107.3477,CameraRotation,9.53467,264.8967,359.5467,CurrentState,End,Slider,51,Scenario,1
ID,8,Time,369.8843,DronePosition,-110.239,59.27025,-107.379,0,CameraPosition,-103.2418,1.690893,-107.3472,CameraRotation,9.378158,264.4877,359.2587,CurrentState,End,Slider,51,Scenario,1
ID,8,Time,369.8983,DronePosition,-110.239,59.27025,-107.379,0,CameraPosition,-103.2417,1.690929,-107.3467,CameraRotation,9.281207,264.0963,358.9543,CurrentState,End,Slider,51,Scenario,1
ID,8,Time,369.912,DronePosition,-110.239,59.27025,-107.379,0,CameraPosition,-103.2415,1.690854,-107.3462,CameraRotation,9.224118,263.7187,358.6436,CurrentState,End,Slider,51,Scenario,1
ID,8,Time,369.9261,DronePosition,-110.239,59.27025,-107.379,0,CameraPosition,-103.2413,1.690802,-107.3458,CameraRotation,9.19205,263.348,358.4193,CurrentState,End,Slider,51,Scenario,1
ID,8,Time,369.9402,DronePosition,-110.239,59.27025,-107.379,0,CameraPosition,-103.2411,1.690835,-107.3453,CameraRotation,9.132798,262.9882,358.2627,CurrentState,End,Slider,51,Scenario,1
ID,8,Time,369.9544,DronePosition,-110.239,59.27025,-107.379,0,CameraPosition,-103.2411,1.690964,-107.3448,CameraRotation,8.995508,262.6418,358.1564,CurrentState,End,Slider,51,Scenario,1
ID,8,Time,369.9678,DronePosition,-110.239,59.27025,-107.379,0,CameraPosition,-103.2411,1.691179,-107.3443,CameraRotation,8.819901,262.3291,358.0526,CurrentState,End,Slider,51,Scenario,1
ID,8,Time,369.9818,DronePosition,-110.239,59.27025,-107.379,0,CameraPosition,-103.2412,1.691408,-107.3437,CameraRotation,8.643144,262.085,357.9475,CurrentState,End,Slider,51,Scenario,1
ID,8,Time,369.996,DronePosition,-110.239,59.27025,-107.379,0,CameraPosition,-103.2414,1.691633,-107.3431,CameraRotation,8.484885,261.9173,357.8485,CurrentState,End,Slider,51,Scenario,1
ID,8,Time,370.0095,DronePosition,-110.239,59.27025,-107.379,0,CameraPosition,-103.2416,1.691734,-107.3424,CameraRotation,8.32642,261.8352,357.7849,CurrentState,End,Slider,51,Scenario,1
ID,8,Time,370.024,DronePosition,-110.239,59.27025,-107.379,0,CameraPosition,-103.2417,1.691767,-107.3417,CameraRotation,8.259862,261.7745,357.7427,CurrentState,End,Slider,51,Scenario,1
ID,8,Time,370.0375,DronePosition,-110.239,59.27025,-107.379,0,CameraPosition,-103.2418,1.691733,-107.3411,CameraRotation,8.281372,261.7711,357.7191,CurrentState,End,Slider,51,Scenario,1
ID,8,Time,370.0515,DronePosition,-110.239,59.27025,-107.379,0,CameraPosition,-103.242,1.691747,-107.3405,CameraRotation,8.280362,261.7916,357.6819,CurrentState,End,Slider,51,Scenario,1
ID,8,Time,370.0655,DronePosition,-110.239,59.27025,-107.379,0,CameraPosition,-103.2423,1.69188,-107.3399,CameraRotation,8.18156,261.8234,357.6471,CurrentState,End,Slider,51,Scenario,1
ID,8,Time,370.0795,DronePosition,-110.239,59.27025,-107.379,0,CameraPosition,-103.2427,1.692197,-107.3393,CameraRotation,7.963028,261.9021,357.6734,CurrentState,End,Slider,51,Scenario,1
ID,8,Time,370.093,DronePosition,-110.239,59.27025,-107.379,0,CameraPosition,-103.2432,1.692525,-107.3387,CameraRotation,7.610934,262.0072,357.7343,CurrentState,End,Slider,51,Scenario,1
ID,8,Time,370.1072,DronePosition,-110.239,59.27025,-107.379,0,CameraPosition,-103.2437,1.69275,-107.3381,CameraRotation,7.388416,262.0931,357.8126,CurrentState,End,Slider,51,Scenario,1
ID,8,Time,370.1211,DronePosition,-110.239,59.27025,-107.379,0,CameraPosition,-103.2439,1.692858,-107.3375,CameraRotation,7.306704,262.1451,357.8633,CurrentState,End,Slider,51,Scenario,1
ID,8,Time,370.1349,DronePosition,-110.239,59.27025,-107.379,0,CameraPosition,-103.2441,1.692848,-107.337,CameraRotation,7.36242,262.199,357.9094,CurrentState,End,Slider,51,Scenario,1
ID,8,Time,370.1488,DronePosition,-110.239,59.27025,-107.379,0,CameraPosition,-103.2443,1.692843,-107.3364,CameraRotation,7.404939,262.221,357.9499,CurrentState,End,Slider,51,Scenario,1
ID,8,Time,370.163,DronePosition,-110.239,59.27025,-107.379,0,CameraPosition,-103.2445,1.692747,-107.3358,CameraRotation,7.464052,262.2285,357.9812,CurrentState,End,Slider,51,Scenario,1
ID,8,Time,370.1764,DronePosition,-110.239,59.27025,-107.379,0,CameraPosition,-103.2447,1.692553,-107.3353,CameraRotation,7.536669,262.2064,357.9817,CurrentState,End,Slider,51,Scenario,1
ID,8,Time,370.1907,DronePosition,-110.239,59.27025,-107.379,0,CameraPosition,-103.2448,1.69234,-107.3348,CameraRotation,7.614906,262.1926,357.9507,CurrentState,End,Slider,51,Scenario,1
ID,8,Time,370.2049,DronePosition,-110.239,59.27025,-107.379,0,CameraPosition,-103.245,1.692152,-107.3343,CameraRotation,7.715744,262.1823,357.8747,CurrentState,End,Slider,51,Scenario,1
ID,8,Time,370.2187,DronePosition,-110.239,59.27025,-107.379,0,CameraPosition,-103.2451,1.692033,-107.3339,CameraRotation,7.782391,262.1898,357.7675,CurrentState,End,Slider,51,Scenario,1
ID,8,Time,370.2327,DronePosition,-110.239,59.27025,-107.379,0,CameraPosition,-103.2452,1.691922,-107.3335,CameraRotation,7.813868,262.2161,357.6592,CurrentState,End,Slider,51,Scenario,1
ID,8,Time,370.2462,DronePosition,-110.239,59.27025,-107.379,0,CameraPosition,-103.2453,1.691803,-107.3331,CameraRotation,7.841837,262.2363,357.5701,CurrentState,End,Slider,51,Scenario,1
ID,8,Time,370.2602,DronePosition,-110.239,59.27025,-107.379,0,CameraPosition,-103.2455,1.691665,-107.3327,CameraRotation,7.8797,262.2544,357.5269,CurrentState,End,Slider,51,Scenario,1
ID,8,Time,370.2742,DronePosition,-110.239,59.27025,-107.379,0,CameraPosition,-103.2456,1.691482,-107.3324,CameraRotation,7.929424,262.281,357.5124,CurrentState,End,Slider,51,Scenario,1
ID,8,Time,370.288,DronePosition,-110.239,59.27025,-107.379,0,CameraPosition,-103.2458,1.691332,-107.332,CameraRotation,7.976508,262.2973,357.4809,CurrentState,End,Slider,51,Scenario,1
ID,8,Time,370.3019,DronePosition,-110.239,59.27025,-107.379,0,CameraPosition,-103.246,1.691259,-107.3316,CameraRotation,7.977549,262.3262,357.4392,CurrentState,End,Slider,51,Scenario,1
ID,8,Time,370.3159,DronePosition,-110.239,59.27025,-107.379,0,CameraPosition,-103.2463,1.691267,-107.3313,CameraRotation,7.918415,262.3486,357.3991,CurrentState,End,Slider,51,Scenario,1
ID,8,Time,370.3296,DronePosition,-110.239,59.27025,-107.379,0,CameraPosition,-103.2466,1.691377,-107.3309,CameraRotation,7.843162,262.3794,357.3719,CurrentState,End,Slider,51,Scenario,1
ID,8,Time,370.3437,DronePosition,-110.239,59.27025,-107.379,0,CameraPosition,-103.2469,1.691446,-107.3307,CameraRotation,7.741487,262.424,357.3608,CurrentState,End,Slider,51,Scenario,1
ID,8,Time,370.3578,DronePosition,-110.239,59.27025,-107.379,0,CameraPosition,-103.2473,1.691546,-107.3304,CameraRotation,7.652978,262.4795,357.3277,CurrentState,End,Slider,51,Scenario,1
ID,8,Time,370.3717,DronePosition,-110.239,59.27025,-107.379,0,CameraPosition,-103.2477,1.691638,-107.3302,CameraRotation,7.562257,262.548,357.2743,CurrentState,End,Slider,51,Scenario,1
ID,8,Time,370.3859,DronePosition,-110.239,59.27025,-107.379,0,CameraPosition,-103.248,1.691696,-107.3301,CameraRotation,7.474941,262.6106,357.1896,CurrentState,End,Slider,51,Scenario,1
ID,8,Time,370.3994,DronePosition,-110.239,59.27025,-107.379,0,CameraPosition,-103.2484,1.691748,-107.3299,CameraRotation,7.398409,262.6719,357.1355,CurrentState,End,Slider,51,Scenario,1
ID,8,Time,370.4138,DronePosition,-110.239,59.27025,-107.379,0,CameraPosition,-103.2488,1.6918,-107.3298,CameraRotation,7.306641,262.7343,357.1207,CurrentState,End,Slider,51,Scenario,1
ID,8,Time,370.4271,DronePosition,-110.239,59.27025,-107.379,0,CameraPosition,-103.2492,1.691874,-107.3297,CameraRotation,7.18553,262.8024,357.1325,CurrentState,End,Slider,51,Scenario,1
ID,8,Time,370.4416,DronePosition,-110.239,59.27025,-107.379,0,CameraPosition,-103.2497,1.691926,-107.3296,CameraRotation,7.084588,262.8783,357.1272,CurrentState,End,Slider,51,Scenario,1
ID,8,Time,370.4553,DronePosition,-110.239,59.27025,-107.379,0,CameraPosition,-103.2501,1.691955,-107.3295,CameraRotation,7.0176,262.9659,357.0625,CurrentState,End,Slider,51,Scenario,1
ID,8,Time,370.4689,DronePosition,-110.239,59.27025,-107.379,0,CameraPosition,-103.2506,1.692032,-107.3295,CameraRotation,6.974949,263.0598,356.9766,CurrentState,End,Slider,51,Scenario,1
ID,8,Time,370.4828,DronePosition,-110.239,59.27025,-107.379,0,CameraPosition,-103.251,1.692104,-107.3295,CameraRotation,6.939354,263.1392,356.9169,CurrentState,End,Slider,51,Scenario,1
ID,8,Time,370.4969,DronePosition,-110.239,59.27025,-107.379,0,CameraPosition,-103.2514,1.692098,-107.3295,CameraRotation,6.864754,263.1867,356.9075,CurrentState,End,Slider,51,Scenario,1
ID,8,Time,370.5109,DronePosition,-110.239,59.27025,-107.379,0,CameraPosition,-103.2518,1.692103,-107.3297,CameraRotation,6.753318,263.219,356.9146,CurrentState,End,Slider,51,Scenario,1
ID,8,Time,370.5247,DronePosition,-110.239,59.27025,-107.379,0,CameraPosition,-103.2522,1.692145,-107.3299,CameraRotation,6.597253,263.249,356.9359,CurrentState,End,Slider,51,Scenario,1
ID,8,Time,370.5391,DronePosition,-110.239,59.27025,-107.379,0,CameraPosition,-103.2526,1.692244,-107.3302,CameraRotation,6.477983,263.2805,356.9267,CurrentState,End,Slider,51,Scenario,1
ID,8,Time,370.5527,DronePosition,-110.239,59.27025,-107.379,0,CameraPosition,-103.2529,1.692446,-107.3305,CameraRotation,6.328716,263.3162,356.9058,CurrentState,End,Slider,51,Scenario,1
ID,8,Time,370.5666,DronePosition,-110.239,59.27025,-107.379,0,CameraPosition,-103.2531,1.692805,-107.331,CameraRotation,6.130754,263.3577,356.9023,CurrentState,End,Slider,51,Scenario,1
ID,8,Time,370.5803,DronePosition,-110.239,59.27025,-107.379,0,CameraPosition,-103.2535,1.69344,-107.3315,CameraRotation,5.810085,263.3801,356.951,CurrentState,End,Slider,51,Scenario,1
ID,8,Time,370.5943,DronePosition,-110.239,59.27025,-107.379,0,CameraPosition,-103.2538,1.69426,-107.332,CameraRotation,5.409703,263.3943,357.0438,CurrentState,End,Slider,51,Scenario,1
ID,8,Time,370.6083,DronePosition,-110.239,59.27025,-107.379,0,CameraPosition,-103.2541,1.695235,-107.3326,CameraRotation,4.867128,263.4118,357.1657,CurrentState,End,Slider,51,Scenario,1
ID,8,Time,370.6226,DronePosition,-110.239,59.27025,-107.379,0,CameraPosition,-103.2543,1.696325,-107.3333,CameraRotation,4.328611,263.42,357.2709,CurrentState,End,Slider,51,Scenario,1
ID,8,Time,370.6362,DronePosition,-110.239,59.27025,-107.379,0,CameraPosition,-103.2544,1.69755,-107.334,CameraRotation,3.795924,263.4365,357.4214,CurrentState,End,Slider,51,Scenario,1
ID,8,Time,370.6505,DronePosition,-110.239,59.27025,-107.379,0,CameraPosition,-103.2544,1.699068,-107.3348,CameraRotation,3.186568,263.4505,357.615,CurrentState,End,Slider,51,Scenario,1
ID,8,Time,370.6642,DronePosition,-110.239,59.27025,-107.379,0,CameraPosition,-103.2544,1.700971,-107.3356,CameraRotation,2.383097,263.4714,357.8619,CurrentState,End,Slider,51,Scenario,1
ID,8,Time,370.678,DronePosition,-110.239,59.27025,-107.379,0,CameraPosition,-103.2544,1.703003,-107.3365,CameraRotation,1.481891,263.4961,358.1049,CurrentState,End,Slider,51,Scenario,1
ID,8,Time,370.6919,DronePosition,-110.239,59.27025,-107.379,0,CameraPosition,-103.2542,1.705223,-107.3374,CameraRotation,0.378355,263.5519,358.406,CurrentState,End,Slider,51,Scenario,1
ID,8,Time,370.7061,DronePosition,-110.239,59.27025,-107.379,0,CameraPosition,-103.2539,1.707514,-107.3385,CameraRotation,359.2206,263.607,358.7368,CurrentState,End,Slider,51,Scenario,1
ID,8,Time,370.7198,DronePosition,-110.239,59.27025,-107.379,0,CameraPosition,-103.2534,1.70987,-107.3396,CameraRotation,358.0112,263.6482,359.0728,CurrentState,End,Slider,51,Scenario,1
ID,8,Time,370.7337,DronePosition,-110.239,59.27025,-107.379,0,CameraPosition,-103.2529,1.71218,-107.3407,CameraRotation,356.8723,263.681,359.3323,CurrentState,End,Slider,51,Scenario,1
ID,8,Time,370.7477,DronePosition,-110.239,59.27025,-107.379,0,CameraPosition,-103.2522,1.71428,-107.342,CameraRotation,355.8102,263.7015,359.5273,CurrentState,End,Slider,51,Scenario,1
ID,8,Time,370.7614,DronePosition,-110.239,59.27025,-107.379,0,CameraPosition,-103.2514,1.71608,-107.3432,CameraRotation,354.9479,263.7154,359.6798,CurrentState,End,Slider,51,Scenario,1
ID,8,Time,370.7754,DronePosition,-110.239,59.27025,-107.379,0,CameraPosition,-103.2505,1.717523,-107.3446,CameraRotation,354.2771,263.713,359.8336,CurrentState,End,Slider,51,Scenario,1
ID,8,Time,370.7899,DronePosition,-110.239,59.27025,-107.379,0,CameraPosition,-103.2497,1.718776,-107.3459,CameraRotation,353.7729,263.6629,0.0174349,CurrentState,End,Slider,51,Scenario,1
ID,8,Time,370.8034,DronePosition,-110.239,59.27025,-107.379,0,CameraPosition,-103.2489,1.719812,-107.3473,CameraRotation,353.3023,263.5718,0.2101677,CurrentState,End,Slider,51,Scenario,1
ID,8,Time,370.8172,DronePosition,-110.239,59.27025,-107.379,0,CameraPosition,-103.2481,1.720924,-107.3488,CameraRotation,352.8401,263.4787,0.3893758,CurrentState,End,Slider,51,Scenario,1
ID,8,Time,370.8316,DronePosition,-110.239,59.27025,-107.379,0,CameraPosition,-103.2473,1.721824,-107.3503,CameraRotation,352.3878,263.3892,0.5305288,CurrentState,End,Slider,51,Scenario,1
ID,8,Time,370.8451,DronePosition,-110.239,59.27025,-107.379,0,CameraPosition,-103.2466,1.722624,-107.3519,CameraRotation,351.9906,263.3358,0.6462508,CurrentState,End,Slider,51,Scenario,1
ID,8,Time,370.8592,DronePosition,-110.239,59.27025,-107.379,0,CameraPosition,-103.2459,1.723283,-107.3534,CameraRotation,351.6079,263.2941,0.7480446,CurrentState,End,Slider,51,Scenario,1
ID,8,Time,370.8729,DronePosition,-110.239,59.27025,-107.379,0,CameraPosition,-103.2453,1.723671,-107.3549,CameraRotation,351.4169,263.2675,0.8575599,CurrentState,End,Slider,51,Scenario,1
ID,8,Time,370.887,DronePosition,-110.239,59.27025,-107.379,0,CameraPosition,-103.2448,1.72402,-107.3565,CameraRotation,351.2101,263.2385,0.9563324,CurrentState,End,Slider,51,Scenario,1
ID,8,Time,370.901,DronePosition,-110.239,59.27025,-107.379,0,CameraPosition,-103.2443,1.724271,-107.3581,CameraRotation,351.0437,263.2037,1.019907,CurrentState,End,Slider,51,Scenario,1
ID,8,Time,370.9151,DronePosition,-110.239,59.27025,-107.379,0,CameraPosition,-103.2439,1.724571,-107.3598,CameraRotation,350.9168,263.1563,1.100714,CurrentState,End,Slider,51,Scenario,1
ID,8,Time,370.9287,DronePosition,-110.239,59.27025,-107.379,0,CameraPosition,-103.2435,1.724766,-107.3615,CameraRotation,350.8044,263.1255,1.175142,CurrentState,End,Slider,51,Scenario,1
ID,8,Time,370.9427,DronePosition,-110.239,59.27025,-107.379,0,CameraPosition,-103.2432,1.724874,-107.3631,CameraRotation,350.7295,263.0816,1.232138,CurrentState,End,Slider,51,Scenario,1
ID,8,Time,370.9569,DronePosition,-110.239,59.27025,-107.379,0,CameraPosition,-103.243,1.724756,-107.3648,CameraRotation,350.7798,263.0334,1.278993,CurrentState,End,Slider,51,Scenario,1
ID,8,Time,370.9704,DronePosition,-110.239,59.27025,-107.379,0,CameraPosition,-103.2428,1.724526,-107.3666,CameraRotation,350.9174,262.9867,1.341453,CurrentState,End,Slider,51,Scenario,1
ID,8,Time,370.9846,DronePosition,-110.239,59.27025,-107.379,0,CameraPosition,-103.2428,1.723997,-107.3683,CameraRotation,351.1328,262.9367,1.376046,CurrentState,End,Slider,51,Scenario,1
ID,8,Time,370.9984,DronePosition,-110.239,59.27025,-107.379,0,CameraPosition,-103.2428,1.723349,-107.3701,CameraRotation,351.3757,262.9004,1.38201,CurrentState,End,Slider,51,Scenario,1
ID,8,Time,371.0124,DronePosition,-110.239,59.27025,-107.379,0,CameraPosition,-103.2429,1.722596,-107.3719,CameraRotation,351.6686,262.8463,1.413206,CurrentState,End,Slider,51,Scenario,1
ID,8,Time,371.0261,DronePosition,-110.239,59.27025,-107.379,0,CameraPosition,-103.2431,1.721568,-107.3737,CameraRotation,352.0616,262.792,1.468506,CurrentState,End,Slider,51,Scenario,1
ID,8,Time,371.0408,DronePosition,-110.239,59.27025,-107.379,0,CameraPosition,-103.2434,1.720281,-107.3755,CameraRotation,352.5717,262.7352,1.517197,CurrentState,End,Slider,51,Scenario,1
ID,8,Time,371.0544,DronePosition,-110.239,59.27025,-107.379,0,CameraPosition,-103.2438,1.718803,-107.3773,CameraRotation,353.152,262.6946,1.510344,CurrentState,End,Slider,51,Scenario,1
ID,8,Time,371.068,DronePosition,-110.239,59.27025,-107.379,0,CameraPosition,-103.2442,1.717004,-107.3791,CameraRotation,353.955,262.6612,1.459204,CurrentState,End,Slider,51,Scenario,1
ID,8,Time,371.0818,DronePosition,-110.239,59.27025,-107.379,0,CameraPosition,-103.2446,1.715123,-107.3809,CameraRotation,354.9649,262.6193,1.46934,CurrentState,End,Slider,51,Scenario,1
ID,8,Time,371.0958,DronePosition,-110.239,59.27025,-107.379,0,CameraPosition,-103.2449,1.713095,-107.3827,CameraRotation,356.049,262.5798,1.507495,CurrentState,End,Slider,51,Scenario,1
ID,8,Time,371.1096,DronePosition,-110.239,59.27025,-107.379,0,CameraPosition,-103.2453,1.710902,-107.3845,CameraRotation,357.2307,262.5356,1.483312,CurrentState,End,Slider,51,Scenario,1
ID,8,Time,371.124,DronePosition,-110.239,59.27025,-107.379,0,CameraPosition,-103.2457,1.709156,-107.3862,CameraRotation,358.2933,262.4846,1.486521,CurrentState,End,Slider,51,Scenario,1
ID,8,Time,371.1376,DronePosition,-110.239,59.27025,-107.379,0,CameraPosition,-103.2462,1.708106,-107.388,CameraRotation,358.9476,262.4407,1.556354,CurrentState,End,Slider,51,Scenario,1
ID,8,Time,371.1513,DronePosition,-110.239,59.27025,-107.379,0,CameraPosition,-103.2468,1.708106,-107.3897,CameraRotation,358.9162,262.3858,1.705505,CurrentState,End,Slider,51,Scenario,1
ID,8,Time,371.1653,DronePosition,-110.239,59.27025,-107.379,0,CameraPosition,-103.2476,1.708923,-107.3914,CameraRotation,358.2939,262.3555,1.85932,CurrentState,End,Slider,51,Scenario,1
ID,8,Time,371.179,DronePosition,-110.239,59.27025,-107.379,0,CameraPosition,-103.2481,1.71044,-107.3931,CameraRotation,357.2126,262.3364,2.020505,CurrentState,End,Slider,51,Scenario,1
ID,8,Time,371.193,DronePosition,-110.239,59.27025,-107.379,0,CameraPosition,-103.2484,1.712282,-107.3948,CameraRotation,356.015,262.3092,2.103638,CurrentState,End,Slider,51,Scenario,1
ID,8,Time,371.207,DronePosition,-110.239,59.27025,-107.379,0,CameraPosition,-103.2484,1.713744,-107.3964,CameraRotation,355.1396,262.2678,2.142013,CurrentState,End,Slider,51,Scenario,1
ID,8,Time,371.221,DronePosition,-110.239,59.27025,-107.379,0,CameraPosition,-103.2481,1.715005,-107.398,CameraRotation,354.5267,262.2156,2.172542,CurrentState,End,Slider,51,Scenario,1
ID,8,Time,371.2349,DronePosition,-110.239,59.27025,-107.379,0,CameraPosition,-103.2476,1.715929,-107.3996,CameraRotation,354.1623,262.1454,2.255552,CurrentState,End,Slider,51,Scenario,1
ID,8,Time,371.2491,DronePosition,-110.239,59.27025,-107.379,0,CameraPosition,-103.247,1.716694,-107.4011,CameraRotation,353.9456,262.0907,2.274961,CurrentState,End,Slider,51,Scenario,1
ID,8,Time,371.263,DronePosition,-110.239,59.27025,-107.379,0,CameraPosition,-103.2464,1.717424,-107.4026,CameraRotation,353.7331,262.0177,2.306722,CurrentState,End,Slider,51,Scenario,1
ID,8,Time,371.2766,DronePosition,-110.239,59.27025,-107.379,0,CameraPosition,-103.2459,1.718211,-107.4041,CameraRotation,353.5023,261.9466,2.326888,CurrentState,End,Slider,51,Scenario,1
ID,8,Time,371.2906,DronePosition,-110.239,59.27025,-107.379,0,CameraPosition,-103.2454,1.71902,-107.4056,CameraRotation,353.2073,261.8773,2.332988,CurrentState,End,Slider,51,Scenario,1
ID,8,Time,371.3046,DronePosition,-110.239,59.27025,-107.379,0,CameraPosition,-103.2449,1.719768,-107.407,CameraRotation,352.9423,261.8117,2.351398,CurrentState,End,Slider,51,Scenario,1
ID,8,Time,371.3185,DronePosition,-110.239,59.27025,-107.379,0,CameraPosition,-103.2446,1.72042,-107.4085,CameraRotation,352.6991,261.7383,2.317321,CurrentState,End,Slider,51,Scenario,1
ID,8,Time,371.3327,DronePosition,-110.239,59.27025,-107.379,0,CameraPosition,-103.2443,1.720943,-107.41,CameraRotation,352.5062,261.6789,2.288443,CurrentState,End,Slider,51,Scenario,1
ID,8,Time,371.3462,DronePosition,-110.239,59.27025,-107.379,0,CameraPosition,-103.244,1.721305,-107.4114,CameraRotation,352.4333,261.629,2.241982,CurrentState,End,Slider,51,Scenario,1
ID,8,Time,371.3601,DronePosition,-110.239,59.27025,-107.379,0,CameraPosition,-103.2438,1.721496,-107.4128,CameraRotation,352.3951,261.6001,2.209707,CurrentState,End,Slider,51,Scenario,1
ID,8,Time,371.374,DronePosition,-110.239,59.27025,-107.379,0,CameraPosition,-103.2436,1.721574,-107.4142,CameraRotation,352.4196,261.5976,2.172096,CurrentState,End,Slider,51,Scenario,1
ID,8,Time,371.3881,DronePosition,-110.239,59.27025,-107.379,0,CameraPosition,-103.2435,1.721616,-107.4156,CameraRotation,352.4431,261.5938,2.137476,CurrentState,End,Slider,51,Scenario,1
ID,8,Time,371.4019,DronePosition,-110.239,59.27025,-107.379,0,CameraPosition,-103.2435,1.721515,-107.4169,CameraRotation,352.5181,261.6319,2.094882,CurrentState,End,Slider,51,Scenario,1
ID,8,Time,371.4159,DronePosition,-110.239,59.27025,-107.379,0,CameraPosition,-103.2435,1.721328,-107.4183,CameraRotation,352.6441,261.6826,2.051527,CurrentState,End,Slider,51,Scenario,1
ID,8,Time,371.4299,DronePosition,-110.239,59.27025,-107.379,0,CameraPosition,-103.2435,1.721027,-107.4196,CameraRotation,352.8011,261.7604,1.991487,CurrentState,End,Slider,51,Scenario,1
ID,8,Time,371.4435,DronePosition,-110.239,59.27025,-107.379,0,CameraPosition,-103.2436,1.720606,-107.4209,CameraRotation,353.0092,261.8855,1.92522,CurrentState,End,Slider,51,Scenario,1
ID,8,Time,371.4585,DronePosition,-110.239,59.27025,-107.379,0,CameraPosition,-103.2438,1.720201,-107.4222,CameraRotation,353.1778,262.02,1.867732,CurrentState,End,Slider,51,Scenario,1
ID,8,Time,371.4719,DronePosition,-110.239,59.27025,-107.379,0,CameraPosition,-103.2441,1.719821,-107.4234,CameraRotation,353.3159,262.1592,1.830336,CurrentState,End,Slider,51,Scenario,1
ID,8,Time,371.4856,DronePosition,-110.239,59.27025,-107.379,0,CameraPosition,-103.2443,1.719417,-107.4247,CameraRotation,353.4224,262.3144,1.804,CurrentState,End,Slider,51,Scenario,1
ID,8,Time,371.4997,DronePosition,-110.239,59.27025,-107.379,0,CameraPosition,-103.2446,1.719013,-107.4259,CameraRotation,353.5338,262.4792,1.790161,CurrentState,End,Slider,51,Scenario,1
ID,8,Time,371.5133,DronePosition,-110.239,59.27025,-107.379,0,CameraPosition,-103.2448,1.718585,-107.4271,CameraRotation,353.6594,262.6567,1.757098,CurrentState,End,Slider,51,Scenario,1
ID,8,Time,371.5272,DronePosition,-110.239,59.27025,-107.379,0,CameraPosition,-103.245,1.718213,-107.4283,CameraRotation,353.7554,262.8579,1.672189,CurrentState,End,Slider,51,Scenario,1
ID,8,Time,371.5412,DronePosition,-110.239,59.27025,-107.379,0,CameraPosition,-103.2451,1.717947,-107.4296,CameraRotation,353.8179,263.057,1.561279,CurrentState,End,Slider,51,Scenario,1
ID,8,Time,371.5553,DronePosition,-110.239,59.27025,-107.379,0,CameraPosition,-103.2452,1.717847,-107.4309,CameraRotation,353.8144,263.2555,1.488178,CurrentState,End,Slider,51,Scenario,1
ID,8,Time,371.5693,DronePosition,-110.239,59.27025,-107.379,0,CameraPosition,-103.2452,1.717902,-107.4322,CameraRotation,353.7358,263.4337,1.453324,CurrentState,End,Slider,51,Scenario,1
ID,8,Time,371.5834,DronePosition,-110.239,59.27025,-107.379,0,CameraPosition,-103.2451,1.718085,-107.4335,CameraRotation,353.6378,263.5812,1.418325,CurrentState,End,Slider,51,Scenario,1
ID,8,Time,371.597,DronePosition,-110.239,59.27025,-107.379,0,CameraPosition,-103.245,1.718343,-107.4349,CameraRotation,353.5146,263.6982,1.342649,CurrentState,End,Slider,51,Scenario,1
ID,8,Time,371.6109,DronePosition,-110.239,59.27025,-107.379,0,CameraPosition,-103.2448,1.718744,-107.4363,CameraRotation,353.3454,263.7478,1.238631,CurrentState,End,Slider,51,Scenario,1
ID,8,Time,371.6246,DronePosition,-110.239,59.27025,-107.379,0,CameraPosition,-103.2445,1.719107,-107.4379,CameraRotation,353.1881,263.7663,1.151243,CurrentState,End,Slider,51,Scenario,1
ID,8,Time,371.6385,DronePosition,-110.239,59.27025,-107.379,0,CameraPosition,-103.2441,1.719595,-107.4394,CameraRotation,352.9934,263.6978,1.06892,CurrentState,End,Slider,51,Scenario,1
ID,8,Time,371.6527,DronePosition,-110.239,59.27025,-107.379,0,CameraPosition,-103.2438,1.720149,-107.441,CameraRotation,352.7404,263.5959,1.035975,CurrentState,End,Slider,51,Scenario,1
ID,8,Time,371.6672,DronePosition,-110.239,59.27025,-107.379,0,CameraPosition,-103.2435,1.720814,-107.4426,CameraRotation,352.4328,263.4733,0.9259046,CurrentState,End,Slider,51,Scenario,1
ID,8,Time,371.6808,DronePosition,-110.239,59.27025,-107.379,0,CameraPosition,-103.2432,1.721575,-107.4443,CameraRotation,352.0452,263.2987,0.8434072,CurrentState,End,Slider,51,Scenario,1
ID,8,Time,371.6943,DronePosition,-110.239,59.27025,-107.379,0,CameraPosition,-103.2429,1.722346,-107.4461,CameraRotation,351.642,263.1082,0.7635126,CurrentState,End,Slider,51,Scenario,1
ID,8,Time,371.7085,DronePosition,-110.239,59.27025,-107.379,0,CameraPosition,-103.2426,1.723053,-107.4478,CameraRotation,351.2274,262.8969,0.6589516,CurrentState,End,Slider,51,Scenario,1
ID,8,Time,371.7224,DronePosition,-110.239,59.27025,-107.379,0,CameraPosition,-103.2422,1.723688,-107.4496,CameraRotation,350.8442,262.6501,0.5244282,CurrentState,End,Slider,51,Scenario,1
ID,8,Time,371.7362,DronePosition,-110.239,59.27025,-107.379,0,CameraPosition,-103.2419,1.724199,-107.4515,CameraRotation,350.4776,262.4106,0.3793966,CurrentState,End,Slider,51,Scenario,1
ID,8,Time,371.75,DronePosition,-110.239,59.27025,-107.379,0,CameraPosition,-103.2416,1.724617,-107.4533,CameraRotation,350.1431,262.162,0.2442209,CurrentState,End,Slider,51,Scenario,1
ID,8,Time,371.764,DronePosition,-110.239,59.27025,-107.379,0,CameraPosition,-103.2413,1.724957,-107.4552,CameraRotation,349.8557,261.8936,0.1083516,CurrentState,End,Slider,51,Scenario,1
ID,8,Time,371.7779,DronePosition,-110.239,59.27025,-107.379,0,CameraPosition,-103.241,1.725308,-107.4571,CameraRotation,349.5858,261.5896,359.9665,CurrentState,End,Slider,51,Scenario,1
ID,8,Time,371.7917,DronePosition,-110.239,59.27025,-107.379,0,CameraPosition,-103.2406,1.725626,-107.459,CameraRotation,349.3233,261.2671,359.8481,CurrentState,End,Slider,51,Scenario,1
ID,8,Time,371.8069,DronePosition,-110.239,59.27025,-107.379,0,CameraPosition,-103.2402,1.725819,-107.461,CameraRotation,349.118,260.9123,359.752,CurrentState,End,Slider,51,Scenario,1
ID,8,Time,371.8197,DronePosition,-110.239,59.27025,-107.379,0,CameraPosition,-103.2398,1.72596,-107.4629,CameraRotation,348.9726,260.5645,359.6811,CurrentState,End,Slider,51,Scenario,1
ID,8,Time,371.8338,DronePosition,-110.239,59.27025,-107.379,0,CameraPosition,-103.2394,1.726028,-107.4649,CameraRotation,348.8629,260.1958,359.6528,CurrentState,End,Slider,51,Scenario,1
ID,8,Time,371.8478,DronePosition,-110.239,59.27025,-107.379,0,CameraPosition,-103.239,1.726158,-107.4669,CameraRotation,348.7461,259.8403,359.622,CurrentState,End,Slider,51,Scenario,1
ID,8,Time,371.8619,DronePosition,-110.239,59.27025,-107.379,0,CameraPosition,-103.2386,1.726311,-107.4688,CameraRotation,348.5959,259.5024,359.5929,CurrentState,End,Slider,51,Scenario,1
ID,8,Time,371.8757,DronePosition,-110.239,59.27025,-107.379,0,CameraPosition,-103.2382,1.7265,-107.4708,CameraRotation,348.4565,259.1787,359.5579,CurrentState,End,Slider,51,Scenario,1
ID,8,Time,371.8895,DronePosition,-110.239,59.27025,-107.379,0,CameraPosition,-103.2377,1.726666,-107.4727,CameraRotation,348.3194,258.8606,359.5302,CurrentState,End,Slider,51,Scenario,1
ID,8,Time,371.9032,DronePosition,-110.239,59.27025,-107.379,0,CameraPosition,-103.2373,1.726785,-107.4746,CameraRotation,348.2095,258.5456,359.5118,CurrentState,End,Slider,51,Scenario,1
ID,8,Time,371.917,DronePosition,-110.239,59.27025,-107.379,0,CameraPosition,-103.2369,1.72689,-107.4765,CameraRotation,348.1271,258.2503,359.5081,CurrentState,End,Slider,51,Scenario,1
ID,8,Time,371.931,DronePosition,-110.239,59.27025,-107.379,0,CameraPosition,-103.2365,1.727013,-107.4784,CameraRotation,348.0649,257.9797,359.5202,CurrentState,End,Slider,51,Scenario,1
ID,8,Time,371.9447,DronePosition,-110.239,59.27025,-107.379,0,CameraPosition,-103.2361,1.727132,-107.4803,CameraRotation,347.9857,257.7342,359.5362,CurrentState,End,Slider,51,Scenario,1
ID,8,Time,371.9588,DronePosition,-110.239,59.27025,-107.379,0,CameraPosition,-103.2357,1.727247,-107.4821,CameraRotation,347.8976,257.5247,359.5571,CurrentState,End,Slider,51,Scenario,1
ID,8,Time,371.9728,DronePosition,-110.239,59.27025,-107.379,0,CameraPosition,-103.2353,1.727334,-107.4839,CameraRotation,347.8398,257.3412,359.5832,CurrentState,End,Slider,51,Scenario,1
ID,8,Time,371.987,DronePosition,-110.239,59.27025,-107.379,0,CameraPosition,-103.235,1.7274,-107.4858,CameraRotation,347.8138,257.1666,359.6508,CurrentState,End,Slider,51,Scenario,1
ID,8,Time,372.0008,DronePosition,-110.239,59.27025,-107.379,0,CameraPosition,-103.2347,1.727513,-107.4876,CameraRotation,347.7786,256.9915,359.7351,CurrentState,End,Slider,51,Scenario,1
ID,8,Time,372.0146,DronePosition,-110.239,59.27025,-107.379,0,CameraPosition,-103.2344,1.727665,-107.4895,CameraRotation,347.6884,256.8262,359.8274,CurrentState,End,Slider,51,Scenario,1
ID,8,Time,372.0285,DronePosition,-110.239,59.27025,-107.379,0,CameraPosition,-103.2342,1.727831,-107.4913,CameraRotation,347.5324,256.6689,359.8567,CurrentState,End,Slider,51,Scenario,1
ID,8,Time,372.0427,DronePosition,-110.239,59.27025,-107.379,0,CameraPosition,-103.234,1.727936,-107.4931,CameraRotation,347.4106,256.5034,359.8497,CurrentState,End,Slider,51,Scenario,1
ID,8,Time,372.0566,DronePosition,-110.239,59.27025,-107.379,0,CameraPosition,-103.2337,1.727909,-107.495,CameraRotation,347.3528,256.3493,359.8171,CurrentState,End,Slider,51,Scenario,1
ID,8,Time,372.0704,DronePosition,-110.239,59.27025,-107.379,0,CameraPosition,-103.2334,1.727787,-107.4968,CameraRotation,347.3789,256.2029,359.7917,CurrentState,End,Slider,51,Scenario,1
ID,8,Time,372.0843,DronePosition,-110.239,59.27025,-107.379,0,CameraPosition,-103.2331,1.727662,-107.4986,CameraRotation,347.4081,256.0538,359.7829,CurrentState,End,Slider,51,Scenario,1
ID,8,Time,372.0986,DronePosition,-110.239,59.27025,-107.379,0,CameraPosition,-103.2328,1.727548,-107.5004,CameraRotation,347.4166,255.9366,359.7834,CurrentState,End,Slider,51,Scenario,1
ID,8,Time,372.1119,DronePosition,-110.239,59.27025,-107.379,0,CameraPosition,-103.2326,1.727456,-107.5022,CameraRotation,347.4128,255.8397,359.7572,CurrentState,End,Slider,51,Scenario,1
ID,8,Time,372.1261,DronePosition,-110.239,59.27025,-107.379,0,CameraPosition,-103.2323,1.727394,-107.504,CameraRotation,347.3857,255.7456,359.7281,CurrentState,End,Slider,51,Scenario,1
ID,8,Time,372.14,DronePosition,-110.239,59.27025,-107.379,0,CameraPosition,-103.232,1.727335,-107.5057,CameraRotation,347.3491,255.6703,359.71,CurrentState,End,Slider,51,Scenario,1
ID,8,Time,372.1538,DronePosition,-110.239,59.27025,-107.379,0,CameraPosition,-103.2317,1.72732,-107.5075,CameraRotation,347.3288,255.6042,359.7296,CurrentState,End,Slider,51,Scenario,1
ID,8,Time,372.1678,DronePosition,-110.239,59.27025,-107.379,0,CameraPosition,-103.2315,1.727345,-107.5092,CameraRotation,347.3321,255.5513,359.7509,CurrentState,End,Slider,51,Scenario,1
ID,8,Time,372.1819,DronePosition,-110.239,59.27025,-107.379,0,CameraPosition,-103.2312,1.727339,-107.5109,CameraRotation,347.3021,255.5317,359.7551,CurrentState,End,Slider,51,Scenario,1
ID,8,Time,372.1953,DronePosition,-110.239,59.27025,-107.379,0,CameraPosition,-103.2309,1.727304,-107.5126,CameraRotation,347.2505,255.5126,359.7797,CurrentState,End,Slider,51,Scenario,1
ID,8,Time,372.2094,DronePosition,-110.239,59.27025,-107.379,0,CameraPosition,-103.2307,1.727276,-107.5143,CameraRotation,347.2359,255.5295,359.8301,CurrentState,End,Slider,51,Scenario,1
ID,8,Time,372.2233,DronePosition,-110.239,59.27025,-107.379,0,CameraPosition,-103.2305,1.727289,-107.5159,CameraRotation,347.2267,255.545,359.8752,CurrentState,End,Slider,51,Scenario,1
ID,8,Time,372.2374,DronePosition,-110.239,59.27025,-107.379,0,CameraPosition,-103.2303,1.727315,-107.5177,CameraRotation,347.2124,255.5655,359.9429,CurrentState,End,Slider,51,Scenario,1
ID,8,Time,372.2513,DronePosition,-110.239,59.27025,-107.379,0,CameraPosition,-103.2301,1.727354,-107.5193,CameraRotation,347.1495,255.6003,359.9831,CurrentState,End,Slider,51,Scenario,1
ID,8,Time,372.2652,DronePosition,-110.239,59.27025,-107.379,0,CameraPosition,-103.23,1.727409,-107.5209,CameraRotation,347.0745,255.6945,0.01506536,CurrentState,End,Slider,51,Scenario,1
ID,8,Time,372.2791,DronePosition,-110.239,59.27025,-107.379,0,CameraPosition,-103.2298,1.727406,-107.5224,CameraRotation,347.0393,255.8284,0.04738567,CurrentState,End,Slider,51,Scenario,1
ID,8,Time,372.2933,DronePosition,-110.239,59.27025,-107.379,0,CameraPosition,-103.2297,1.727354,-107.5239,CameraRotation,347.0303,255.9694,0.06829436,CurrentState,End,Slider,51,Scenario,1
ID,8,Time,372.307,DronePosition,-110.239,59.27025,-107.379,0,CameraPosition,-103.2295,1.7272,-107.5255,CameraRotation,347.0495,256.1453,0.09733829,CurrentState,End,Slider,51,Scenario,1
ID,8,Time,372.3211,DronePosition,-110.239,59.27025,-107.379,0,CameraPosition,-103.2294,1.727064,-107.5271,CameraRotation,347.0992,256.3152,0.1461009,CurrentState,End,Slider,51,Scenario,1
ID,8,Time,372.3347,DronePosition,-110.239,59.27025,-107.379,0,CameraPosition,-103.2293,1.726938,-107.5287,CameraRotation,347.1215,256.5211,0.2311486,CurrentState,End,Slider,51,Scenario,1
ID,8,Time,372.349,DronePosition,-110.239,59.27025,-107.379,0,CameraPosition,-103.2293,1.726928,-107.5301,CameraRotation,347.1026,256.7432,0.3700658,CurrentState,End,Slider,51,Scenario,1
ID,8,Time,372.3625,DronePosition,-110.239,59.27025,-107.379,0,CameraPosition,-103.2293,1.726967,-107.5315,CameraRotation,347.0378,256.9692,0.5098101,CurrentState,End,Slider,51,Scenario,1
ID,8,Time,372.3768,DronePosition,-110.239,59.27025,-107.379,0,CameraPosition,-103.2293,1.726992,-107.5328,CameraRotation,346.9612,257.2357,0.6305816,CurrentState,End,Slider,51,Scenario,1
ID,8,Time,372.3914,DronePosition,-110.239,59.27025,-107.379,0,CameraPosition,-103.2293,1.726955,-107.5342,CameraRotation,346.9417,257.5397,0.7022194,CurrentState,End,Slider,51,Scenario,1
ID,8,Time,372.4048,DronePosition,-110.239,59.27025,-107.379,0,CameraPosition,-103.2292,1.72681,-107.5355,CameraRotation,346.9594,257.8457,0.7677873,CurrentState,End,Slider,51,Scenario,1
ID,8,Time,372.4186,DronePosition,-110.239,59.27025,-107.379,0,CameraPosition,-103.2292,1.726661,-107.5367,CameraRotation,347.0234,258.1988,0.8298326,CurrentState,End,Slider,51,Scenario,1
ID,8,Time,372.4324,DronePosition,-110.239,59.27025,-107.379,0,CameraPosition,-103.2293,1.726539,-107.5379,CameraRotation,347.0438,258.5826,0.8965411,CurrentState,End,Slider,51,Scenario,1
ID,8,Time,372.4465,DronePosition,-110.239,59.27025,-107.379,0,CameraPosition,-103.2293,1.726441,-107.5391,CameraRotation,346.9848,258.9799,0.935839,CurrentState,End,Slider,51,Scenario,1
ID,8,Time,372.4601,DronePosition,-110.239,59.27025,-107.379,0,CameraPosition,-103.2293,1.726326,-107.5402,CameraRotation,346.8718,259.3884,0.9981249,CurrentState,End,Slider,51,Scenario,1
ID,8,Time,372.474,DronePosition,-110.239,59.27025,-107.379,0,CameraPosition,-103.2293,1.726162,-107.5414,CameraRotation,346.7803,259.8392,1.10632,CurrentState,End,Slider,51,Scenario,1
ID,8,Time,372.4882,DronePosition,-110.239,59.27025,-107.379,0,CameraPosition,-103.2292,1.726085,-107.5424,CameraRotation,346.7639,260.3061,1.221718,CurrentState,End,Slider,51,Scenario,1
ID,8,Time,372.5025,DronePosition,-110.239,59.27025,-107.379,0,CameraPosition,-103.2293,1.726141,-107.5434,CameraRotation,346.7761,260.8154,1.33775,CurrentState,End,Slider,51,Scenario,1
ID,8,Time,372.5161,DronePosition,-110.239,59.27025,-107.379,0,CameraPosition,-103.2293,1.726318,-107.5443,CameraRotation,346.7983,261.3582,1.45162,CurrentState,End,Slider,51,Scenario,1
ID,8,Time,372.5299,DronePosition,-110.239,59.27025,-107.379,0,CameraPosition,-103.2294,1.7265,-107.5452,CameraRotation,346.786,261.9107,1.583318,CurrentState,End,Slider,51,Scenario,1
ID,8,Time,372.5436,DronePosition,-110.239,59.27025,-107.379,0,CameraPosition,-103.2295,1.726792,-107.5461,CameraRotation,346.7701,262.5173,1.712721,CurrentState,End,Slider,51,Scenario,1
ID,8,Time,372.5576,DronePosition,-110.239,59.27025,-107.379,0,CameraPosition,-103.2296,1.727114,-107.5469,CameraRotation,346.7536,263.1377,1.844469,CurrentState,End,Slider,51,Scenario,1
ID,8,Time,372.5718,DronePosition,-110.239,59.27025,-107.379,0,CameraPosition,-103.2296,1.727385,-107.5477,CameraRotation,346.7224,263.7784,1.94531,CurrentState,End,Slider,51,Scenario,1
ID,8,Time,372.5858,DronePosition,-110.239,59.27025,-107.379,0,CameraPosition,-103.2296,1.727538,-107.5484,CameraRotation,346.7188,264.4398,2.029789,CurrentState,End,Slider,51,Scenario,1
ID,8,Time,372.5996,DronePosition,-110.239,59.27025,-107.379,0,CameraPosition,-103.2297,1.727627,-107.5491,CameraRotation,346.7186,265.1039,2.116302,CurrentState,End,Slider,51,Scenario,1
