ID,19,Time,1528.696,DronePosition,-355.2361,45,-107.379,0.1378855,CameraPosition,-103.2171,1.670737,-107.6505,CameraRotation,358.2672,256.0453,5.33425,CurrentState,MoveToInitial,Slider,51,Scenario,5
ID,19,Time,1528.71,DronePosition,-355.2333,45,-107.379,0.205941,CameraPosition,-103.2167,1.67084,-107.6498,CameraRotation,358.1823,255.6743,5.46224,CurrentState,MoveToInitial,Slider,51,Scenario,5
ID,19,Time,1528.724,DronePosition,-355.2294,45,-107.379,0.2771385,CameraPosition,-103.2162,1.671127,-107.6491,CameraRotation,358.0967,255.2351,5.577346,CurrentState,MoveToInitial,Slider,51,Scenario,5
ID,19,Time,1528.738,DronePosition,-355.2247,45,-107.379,0.3447435,CameraPosition,-103.2158,1.671559,-107.6484,CameraRotation,357.9852,254.7724,5.727534,CurrentState,MoveToInitial,Slider,51,Scenario,5
ID,19,Time,1528.752,DronePosition,-355.2188,45,-107.379,0.4154615,CameraPosition,-103.2153,1.672011,-107.6476,CameraRotation,357.8712,254.3288,5.868727,CurrentState,MoveToInitial,Slider,51,Scenario,5
ID,19,Time,1528.766,DronePosition,-355.2122,45,-107.379,0.483903,CameraPosition,-103.2149,1.672462,-107.6468,CameraRotation,357.7621,253.8724,6.005401,CurrentState,MoveToInitial,Slider,51,Scenario,5
ID,19,Time,1528.779,DronePosition,-355.2045,45,-107.379,0.5536105,CameraPosition,-103.2144,1.672919,-107.6458,CameraRotation,357.6304,253.433,6.131426,CurrentState,MoveToInitial,Slider,51,Scenario,5
ID,19,Time,1528.798,DronePosition,-355.1924,45,-107.379,0.6468105,CameraPosition,-103.214,1.673332,-107.6449,CameraRotation,357.4843,253.0086,6.247228,CurrentState,MoveToInitial,Slider,51,Scenario,5
ID,19,Time,1528.821,DronePosition,-355.1758,45,-107.379,0.760649,CameraPosition,-103.2133,1.673988,-107.6425,CameraRotation,357.2028,252.2011,6.373117,CurrentState,MoveToInitial,Slider,51,Scenario,5
ID,19,Time,1528.834,DronePosition,-355.1646,45,-107.379,0.8283295,CameraPosition,-103.213,1.674199,-107.6411,CameraRotation,357.0697,251.8694,6.393473,CurrentState,MoveToInitial,Slider,51,Scenario,5
ID,19,Time,1528.848,DronePosition,-355.152,45,-107.379,0.8980575,CameraPosition,-103.2128,1.67441,-107.6396,CameraRotation,356.9066,251.6037,6.425248,CurrentState,MoveToInitial,Slider,51,Scenario,5
ID,19,Time,1528.863,DronePosition,-355.1382,45,-107.379,0.9695005,CameraPosition,-103.2126,1.674605,-107.638,CameraRotation,356.7454,251.3843,6.460839,CurrentState,MoveToInitial,Slider,51,Scenario,5
ID,19,Time,1528.877,DronePosition,-355.1234,45,-107.379,1.040515,CameraPosition,-103.2124,1.674736,-107.6363,CameraRotation,356.6156,251.2253,6.505452,CurrentState,MoveToInitial,Slider,51,Scenario,5
ID,19,Time,1528.891,DronePosition,-355.1082,45,-107.379,1.108908,CameraPosition,-103.2121,1.674877,-107.6346,CameraRotation,356.4983,251.0143,6.562967,CurrentState,MoveToInitial,Slider,51,Scenario,5
ID,19,Time,1528.905,DronePosition,-355.0913,45,-107.379,1.180635,CameraPosition,-103.2118,1.675106,-107.6329,CameraRotation,356.3822,250.7571,6.597662,CurrentState,MoveToInitial,Slider,51,Scenario,5
ID,19,Time,1528.919,DronePosition,-355.0738,45,-107.379,1.250724,CameraPosition,-103.2115,1.675436,-107.6312,CameraRotation,356.2253,250.487,6.580369,CurrentState,MoveToInitial,Slider,51,Scenario,5
ID,19,Time,1528.933,DronePosition,-355.0557,45,-107.379,1.319333,CameraPosition,-103.2112,1.675826,-107.6296,CameraRotation,356.0627,250.2448,6.542468,CurrentState,MoveToInitial,Slider,51,Scenario,5
ID,19,Time,1528.947,DronePosition,-355.0358,45,-107.379,1.390654,CameraPosition,-103.2109,1.676188,-107.6279,CameraRotation,355.9225,250.0482,6.523476,CurrentState,MoveToInitial,Slider,51,Scenario,5
ID,19,Time,1528.961,DronePosition,-355.0157,45,-107.379,1.459501,CameraPosition,-103.2106,1.676526,-107.6261,CameraRotation,355.8108,249.8811,6.512359,CurrentState,MoveToInitial,Slider,51,Scenario,5
ID,19,Time,1528.975,DronePosition,-354.9937,45,-107.379,1.531234,CameraPosition,-103.2103,1.676812,-107.6243,CameraRotation,355.7054,249.7219,6.512409,CurrentState,MoveToInitial,Slider,51,Scenario,5
ID,19,Time,1528.989,DronePosition,-354.9717,45,-107.379,1.600095,CameraPosition,-103.21,1.677097,-107.6225,CameraRotation,355.6262,249.5772,6.50413,CurrentState,MoveToInitial,Slider,51,Scenario,5
ID,19,Time,1529.007,DronePosition,-354.9401,45,-107.379,1.693329,CameraPosition,-103.2098,1.677343,-107.6207,CameraRotation,355.5212,249.4333,6.503652,CurrentState,MoveToInitial,Slider,51,Scenario,5
ID,19,Time,1529.03,DronePosition,-354.9007,45,-107.379,1.804143,CameraPosition,-103.2096,1.677609,-107.6168,CameraRotation,355.3633,249.2845,6.506066,CurrentState,MoveToInitial,Slider,51,Scenario,5
ID,19,Time,1529.044,DronePosition,-354.8745,45,-107.379,1.87406,CameraPosition,-103.2095,1.677685,-107.6148,CameraRotation,355.3252,249.2706,6.519192,CurrentState,MoveToInitial,Slider,51,Scenario,5
ID,19,Time,1529.058,DronePosition,-354.8469,45,-107.379,1.944974,CameraPosition,-103.2095,1.67775,-107.6127,CameraRotation,355.2748,249.3087,6.521577,CurrentState,MoveToInitial,Slider,51,Scenario,5
ID,19,Time,1529.072,DronePosition,-354.8182,45,-107.379,2.016126,CameraPosition,-103.2095,1.677856,-107.6107,CameraRotation,355.2168,249.3514,6.463506,CurrentState,MoveToInitial,Slider,51,Scenario,5
ID,19,Time,1529.086,DronePosition,-354.7885,45,-107.379,2.087295,CameraPosition,-103.2095,1.677947,-107.6087,CameraRotation,355.1803,249.4154,6.394721,CurrentState,MoveToInitial,Slider,51,Scenario,5
ID,19,Time,1529.099,DronePosition,-354.7599,45,-107.379,2.153777,CameraPosition,-103.2096,1.677951,-107.6067,CameraRotation,355.1778,249.5072,6.358917,CurrentState,MoveToInitial,Slider,51,Scenario,5
ID,19,Time,1529.114,DronePosition,-354.7282,45,-107.379,2.224866,CameraPosition,-103.2097,1.677908,-107.6047,CameraRotation,355.2364,249.6097,6.302792,CurrentState,MoveToInitial,Slider,51,Scenario,5
ID,19,Time,1529.128,DronePosition,-354.6959,45,-107.379,2.295241,CameraPosition,-103.2098,1.677852,-107.6026,CameraRotation,355.2797,249.6998,6.235096,CurrentState,MoveToInitial,Slider,51,Scenario,5
ID,19,Time,1529.142,DronePosition,-354.6628,45,-107.379,2.365163,CameraPosition,-103.21,1.677792,-107.6006,CameraRotation,355.2932,249.7604,6.178117,CurrentState,MoveToInitial,Slider,51,Scenario,5
ID,19,Time,1529.156,DronePosition,-354.6293,45,-107.379,2.434055,CameraPosition,-103.2101,1.677749,-107.5986,CameraRotation,355.2875,249.7774,6.129013,CurrentState,MoveToInitial,Slider,51,Scenario,5
ID,19,Time,1529.17,DronePosition,-354.5939,45,-107.379,2.504672,CameraPosition,-103.2103,1.677665,-107.5967,CameraRotation,355.2847,249.7576,6.099085,CurrentState,MoveToInitial,Slider,51,Scenario,5
ID,19,Time,1529.184,DronePosition,-354.5573,45,-107.379,2.575791,CameraPosition,-103.2105,1.677586,-107.5948,CameraRotation,355.2968,249.7375,6.072338,CurrentState,MoveToInitial,Slider,51,Scenario,5
ID,19,Time,1529.198,DronePosition,-354.5209,45,-107.379,2.644497,CameraPosition,-103.2107,1.677549,-107.5929,CameraRotation,355.3097,249.7227,6.036886,CurrentState,MoveToInitial,Slider,51,Scenario,5
ID,19,Time,1529.217,DronePosition,-354.4686,45,-107.379,2.739988,CameraPosition,-103.2109,1.677557,-107.591,CameraRotation,355.3238,249.7207,5.982053,CurrentState,MoveToInitial,Slider,51,Scenario,5
ID,19,Time,1529.239,DronePosition,-354.4066,45,-107.379,2.849735,CameraPosition,-103.2112,1.677641,-107.5873,CameraRotation,355.2964,249.6935,5.866822,CurrentState,MoveToInitial,Slider,51,Scenario,5
ID,19,Time,1529.253,DronePosition,-354.3662,45,-107.379,2.918972,CameraPosition,-103.2114,1.677687,-107.5856,CameraRotation,355.2394,249.6584,5.813244,CurrentState,MoveToInitial,Slider,51,Scenario,5
ID,19,Time,1529.266,DronePosition,-354.3244,45,-107.379,2.988971,CameraPosition,-103.2115,1.677746,-107.5839,CameraRotation,355.2066,249.6292,5.746089,CurrentState,MoveToInitial,Slider,51,Scenario,5
ID,19,Time,1529.281,DronePosition,-354.2811,45,-107.379,3.05963,CameraPosition,-103.2117,1.677776,-107.5822,CameraRotation,355.1772,249.6337,5.691114,CurrentState,MoveToInitial,Slider,51,Scenario,5
ID,19,Time,1529.294,DronePosition,-354.2379,45,-107.379,3.128755,CameraPosition,-103.2118,1.677812,-107.5804,CameraRotation,355.1725,249.6525,5.6317,CurrentState,MoveToInitial,Slider,51,Scenario,5
ID,19,Time,1529.308,DronePosition,-354.1933,45,-107.379,3.198413,CameraPosition,-103.2119,1.677812,-107.5787,CameraRotation,355.1825,249.709,5.58753,CurrentState,MoveToInitial,Slider,51,Scenario,5
ID,19,Time,1529.323,DronePosition,-354.1467,45,-107.379,3.269693,CameraPosition,-103.212,1.677777,-107.577,CameraRotation,355.1912,249.7773,5.548715,CurrentState,MoveToInitial,Slider,51,Scenario,5
ID,19,Time,1529.337,DronePosition,-354.0994,45,-107.379,3.340536,CameraPosition,-103.2121,1.677707,-107.5752,CameraRotation,355.1803,249.8723,5.513258,CurrentState,MoveToInitial,Slider,51,Scenario,5
ID,19,Time,1529.35,DronePosition,-354.0528,45,-107.379,3.408914,CameraPosition,-103.2122,1.677665,-107.5735,CameraRotation,355.1705,249.9783,5.472536,CurrentState,MoveToInitial,Slider,51,Scenario,5
ID,19,Time,1529.365,DronePosition,-354.0038,45,-107.379,3.479359,CameraPosition,-103.2122,1.677648,-107.5718,CameraRotation,355.1453,250.0764,5.427281,CurrentState,MoveToInitial,Slider,51,Scenario,5
ID,19,Time,1529.378,DronePosition,-353.955,45,-107.379,3.548077,CameraPosition,-103.2122,1.677643,-107.5702,CameraRotation,355.1267,250.1591,5.384435,CurrentState,MoveToInitial,Slider,51,Scenario,5
ID,19,Time,1529.392,DronePosition,-353.9042,45,-107.379,3.618275,CameraPosition,-103.2122,1.67764,-107.5686,CameraRotation,355.1091,250.2309,5.342808,CurrentState,MoveToInitial,Slider,51,Scenario,5
ID,19,Time,1529.406,DronePosition,-353.8523,45,-107.379,3.688604,CameraPosition,-103.2122,1.677663,-107.5672,CameraRotation,355.0959,250.2964,5.292059,CurrentState,MoveToInitial,Slider,51,Scenario,5
ID,19,Time,1529.425,DronePosition,-353.7814,45,-107.379,3.782284,CameraPosition,-103.2121,1.677696,-107.5658,CameraRotation,355.0892,250.3781,5.245682,CurrentState,MoveToInitial,Slider,51,Scenario,5
ID,19,Time,1529.448,DronePosition,-353.6939,45,-107.379,3.895416,CameraPosition,-103.2119,1.677807,-107.563,CameraRotation,355.0136,250.5458,5.168668,CurrentState,MoveToInitial,Slider,51,Scenario,5
ID,19,Time,1529.461,DronePosition,-353.6409,45,-107.379,3.96232,CameraPosition,-103.2118,1.677934,-107.5617,CameraRotation,354.9302,250.5808,5.143879,CurrentState,MoveToInitial,Slider,51,Scenario,5
ID,19,Time,1529.477,DronePosition,-353.578,45,-107.379,4.040142,CameraPosition,-103.2116,1.678079,-107.5604,CameraRotation,354.8329,250.5866,5.132805,CurrentState,MoveToInitial,Slider,51,Scenario,5
ID,19,Time,1529.489,DronePosition,-353.5265,45,-107.379,4.10293,CameraPosition,-103.2115,1.678189,-107.5592,CameraRotation,354.7323,250.5955,5.130066,CurrentState,MoveToInitial,Slider,51,Scenario,5
ID,19,Time,1529.503,DronePosition,-353.4685,45,-107.379,4.172368,CameraPosition,-103.2113,1.678281,-107.5581,CameraRotation,354.6389,250.6154,5.127906,CurrentState,MoveToInitial,Slider,51,Scenario,5
ID,19,Time,1529.517,DronePosition,-353.4087,45,-107.379,4.242928,CameraPosition,-103.2111,1.678383,-107.557,CameraRotation,354.5643,250.6369,5.142068,CurrentState,MoveToInitial,Slider,51,Scenario,5
ID,19,Time,1529.531,DronePosition,-353.3492,45,-107.379,4.311833,CameraPosition,-103.2109,1.678475,-107.5559,CameraRotation,354.4946,250.6557,5.180074,CurrentState,MoveToInitial,Slider,51,Scenario,5
ID,19,Time,1529.545,DronePosition,-353.2878,45,-107.379,4.381948,CameraPosition,-103.2106,1.678581,-107.5549,CameraRotation,354.4193,250.689,5.2121,CurrentState,MoveToInitial,Slider,51,Scenario,5
ID,19,Time,1529.559,DronePosition,-353.225,45,-107.379,4.452442,CameraPosition,-103.2104,1.678697,-107.554,CameraRotation,354.3284,250.7299,5.228515,CurrentState,MoveToInitial,Slider,51,Scenario,5
ID,19,Time,1529.573,DronePosition,-353.1607,45,-107.379,4.523546,CameraPosition,-103.2102,1.678839,-107.5531,CameraRotation,354.2295,250.7765,5.258499,CurrentState,MoveToInitial,Slider,51,Scenario,5
ID,19,Time,1529.588,DronePosition,-353.0948,45,-107.379,4.595221,CameraPosition,-103.21,1.678939,-107.5522,CameraRotation,354.1491,250.8513,5.289638,CurrentState,MoveToInitial,Slider,51,Scenario,5
ID,19,Time,1529.601,DronePosition,-353.0319,45,-107.379,4.662658,CameraPosition,-103.2098,1.678982,-107.5513,CameraRotation,354.087,250.9278,5.356134,CurrentState,MoveToInitial,Slider,51,Scenario,5
ID,19,Time,1529.615,DronePosition,-352.9648,45,-107.379,4.733509,CameraPosition,-103.2096,1.679034,-107.5505,CameraRotation,354.0108,251.0132,5.416109,CurrentState,MoveToInitial,Slider,51,Scenario,5
ID,19,Time,1529.634,DronePosition,-352.8754,45,-107.379,4.826116,CameraPosition,-103.2094,1.679173,-107.5497,CameraRotation,353.8943,251.1075,5.384577,CurrentState,MoveToInitial,Slider,51,Scenario,5
ID,19,Time,1529.656,DronePosition,-352.7657,45,-107.379,4.937772,CameraPosition,-103.209,1.679489,-107.5483,CameraRotation,353.6425,251.2542,5.269041,CurrentState,MoveToInitial,Slider,51,Scenario,5
ID,19,Time,1529.67,DronePosition,-352.6949,45,-107.379,5.008547,CameraPosition,-103.2088,1.679547,-107.5477,CameraRotation,353.5821,251.3209,5.247779,CurrentState,MoveToInitial,Slider,51,Scenario,5
ID,19,Time,1529.684,DronePosition,-352.6244,45,-107.379,5.077903,CameraPosition,-103.2085,1.679539,-107.5472,CameraRotation,353.5635,251.382,5.246905,CurrentState,MoveToInitial,Slider,51,Scenario,5
ID,19,Time,1529.699,DronePosition,-352.5506,45,-107.379,5.149595,CameraPosition,-103.2082,1.679491,-107.5466,CameraRotation,353.5768,251.4318,5.253492,CurrentState,MoveToInitial,Slider,51,Scenario,5
ID,19,Time,1529.713,DronePosition,-352.4766,45,-107.379,5.220432,CameraPosition,-103.2078,1.679467,-107.5461,CameraRotation,353.5762,251.4824,5.234735,CurrentState,MoveToInitial,Slider,51,Scenario,5
ID,19,Time,1529.727,DronePosition,-352.4029,45,-107.379,5.290148,CameraPosition,-103.2075,1.679487,-107.5457,CameraRotation,353.5566,251.5366,5.211044,CurrentState,MoveToInitial,Slider,51,Scenario,5
ID,19,Time,1529.74,DronePosition,-352.3299,45,-107.379,5.358203,CameraPosition,-103.2071,1.679543,-107.5452,CameraRotation,353.4972,251.5786,5.213955,CurrentState,MoveToInitial,Slider,51,Scenario,5
ID,19,Time,1529.754,DronePosition,-352.2541,45,-107.379,5.428051,CameraPosition,-103.2068,1.679638,-107.5447,CameraRotation,353.439,251.6442,5.21014,CurrentState,MoveToInitial,Slider,51,Scenario,5
ID,19,Time,1529.769,DronePosition,-352.1752,45,-107.379,5.499768,CameraPosition,-103.2065,1.679722,-107.5444,CameraRotation,353.3771,251.7047,5.202015,CurrentState,MoveToInitial,Slider,51,Scenario,5
ID,19,Time,1529.782,DronePosition,-352.0987,45,-107.379,5.568467,CameraPosition,-103.2062,1.679812,-107.544,CameraRotation,353.3213,251.7809,5.187158,CurrentState,MoveToInitial,Slider,51,Scenario,5
ID,19,Time,1529.797,DronePosition,-352.0178,45,-107.379,5.640158,CameraPosition,-103.2059,1.679883,-107.5437,CameraRotation,353.2725,251.8624,5.187047,CurrentState,MoveToInitial,Slider,51,Scenario,5
ID,19,Time,1529.81,DronePosition,-351.9412,45,-107.379,5.707276,CameraPosition,-103.2057,1.679913,-107.5434,CameraRotation,353.2474,251.9533,5.170612,CurrentState,MoveToInitial,Slider,51,Scenario,5
ID,19,Time,1529.824,DronePosition,-351.8608,45,-107.379,5.776846,CameraPosition,-103.2054,1.679911,-107.5431,CameraRotation,353.2371,252.0357,5.119613,CurrentState,MoveToInitial,Slider,51,Scenario,5
ID,19,Time,1529.843,DronePosition,-351.7514,45,-107.379,5.870074,CameraPosition,-103.2052,1.679933,-107.5429,CameraRotation,353.23,252.129,5.079896,CurrentState,MoveToInitial,Slider,51,Scenario,5
ID,19,Time,1529.866,DronePosition,-351.6146,45,-107.379,5.9849,CameraPosition,-103.2046,1.679994,-107.5424,CameraRotation,353.2228,252.303,4.975094,CurrentState,MoveToInitial,Slider,51,Scenario,5
ID,19,Time,1529.879,DronePosition,-351.5339,45,-107.379,6.051615,CameraPosition,-103.2043,1.680004,-107.5422,CameraRotation,353.2344,252.4114,4.92652,CurrentState,MoveToInitial,Slider,51,Scenario,5
ID,19,Time,1529.893,DronePosition,-351.4469,45,-107.379,6.12261,CameraPosition,-103.204,1.680073,-107.542,CameraRotation,353.2361,252.5111,4.87594,CurrentState,MoveToInitial,Slider,51,Scenario,5
ID,19,Time,1529.907,DronePosition,-351.3596,45,-107.379,6.193151,CameraPosition,-103.2037,1.68017,-107.5418,CameraRotation,353.2038,252.6123,4.810556,CurrentState,MoveToInitial,Slider,51,Scenario,5
ID,19,Time,1529.921,DronePosition,-351.2719,45,-107.379,6.263177,CameraPosition,-103.2034,1.680285,-107.5417,CameraRotation,353.1496,252.7317,4.752361,CurrentState,MoveToInitial,Slider,51,Scenario,5
ID,19,Time,1529.936,DronePosition,-351.1814,45,-107.379,6.334591,CameraPosition,-103.2031,1.680396,-107.5415,CameraRotation,353.1029,252.8546,4.71484,CurrentState,MoveToInitial,Slider,51,Scenario,5
ID,19,Time,1529.949,DronePosition,-351.093,45,-107.379,6.403631,CameraPosition,-103.2028,1.680479,-107.5413,CameraRotation,353.0729,252.9711,4.674534,CurrentState,MoveToInitial,Slider,51,Scenario,5
ID,19,Time,1529.964,DronePosition,-351.0022,45,-107.379,6.473733,CameraPosition,-103.2025,1.680551,-107.5412,CameraRotation,353.0491,253.0674,4.650271,CurrentState,MoveToInitial,Slider,51,Scenario,5
ID,19,Time,1529.977,DronePosition,-350.9107,45,-107.379,6.543644,CameraPosition,-103.2023,1.680648,-107.5411,CameraRotation,353.0061,253.1364,4.636065,CurrentState,MoveToInitial,Slider,51,Scenario,5
ID,19,Time,1529.991,DronePosition,-350.8179,45,-107.379,6.613771,CameraPosition,-103.202,1.680759,-107.541,CameraRotation,352.9449,253.1953,4.631587,CurrentState,MoveToInitial,Slider,51,Scenario,5
ID,19,Time,1530.005,DronePosition,-350.7253,45,-107.379,6.683101,CameraPosition,-103.2017,1.6809,-107.541,CameraRotation,352.8871,253.2464,4.62714,CurrentState,MoveToInitial,Slider,51,Scenario,5
ID,19,Time,1530.019,DronePosition,-350.6325,45,-107.379,6.751789,CameraPosition,-103.2014,1.681021,-107.541,CameraRotation,352.8181,253.2768,4.650778,CurrentState,MoveToInitial,Slider,51,Scenario,5
ID,19,Time,1530.033,DronePosition,-350.5376,45,-107.379,6.821328,CameraPosition,-103.2011,1.681154,-107.541,CameraRotation,352.7552,253.295,4.666919,CurrentState,MoveToInitial,Slider,51,Scenario,5
ID,19,Time,1530.052,DronePosition,-350.4098,45,-107.379,6.913783,CameraPosition,-103.2009,1.681322,-107.5411,CameraRotation,352.6852,253.285,4.680007,CurrentState,MoveToInitial,Slider,51,Scenario,5
ID,19,Time,1530.074,DronePosition,-350.2503,45,-107.379,7.027676,CameraPosition,-103.2005,1.681737,-107.5415,CameraRotation,352.4346,253.0763,4.671167,CurrentState,MoveToInitial,Slider,51,Scenario,5
ID,19,Time,1530.088,DronePosition,-350.15,45,-107.379,7.098354,CameraPosition,-103.2002,1.681928,-107.5418,CameraRotation,352.3239,252.8996,4.673057,CurrentState,MoveToInitial,Slider,51,Scenario,5
ID,19,Time,1530.102,DronePosition,-350.052,45,-107.379,7.166725,CameraPosition,-103.2,1.68206,-107.5421,CameraRotation,352.2484,252.7289,4.679297,CurrentState,MoveToInitial,Slider,51,Scenario,5
ID,19,Time,1530.116,DronePosition,-349.9521,45,-107.379,7.235737,CameraPosition,-103.1997,1.682188,-107.5424,CameraRotation,352.1723,252.504,4.651571,CurrentState,MoveToInitial,Slider,51,Scenario,5
ID,19,Time,1530.13,DronePosition,-349.8498,45,-107.379,7.305772,CameraPosition,-103.1995,1.682344,-107.5428,CameraRotation,352.0867,252.1971,4.639675,CurrentState,MoveToInitial,Slider,51,Scenario,5
ID,19,Time,1530.144,DronePosition,-349.748,45,-107.379,7.374795,CameraPosition,-103.1993,1.682454,-107.5432,CameraRotation,352.017,251.8417,4.640662,CurrentState,MoveToInitial,Slider,51,Scenario,5
ID,19,Time,1530.158,DronePosition,-349.6414,45,-107.379,7.446381,CameraPosition,-103.1991,1.682532,-107.5437,CameraRotation,351.9778,251.5223,4.633252,CurrentState,MoveToInitial,Slider,51,Scenario,5
ID,19,Time,1530.172,DronePosition,-349.5351,45,-107.379,7.517096,CameraPosition,-103.1988,1.682582,-107.5442,CameraRotation,351.9375,251.2025,4.656869,CurrentState,MoveToInitial,Slider,51,Scenario,5
ID,19,Time,1530.186,DronePosition,-349.4311,45,-107.379,7.585611,CameraPosition,-103.1986,1.682615,-107.5447,CameraRotation,351.9028,250.9041,4.688464,CurrentState,MoveToInitial,Slider,51,Scenario,5
ID,19,Time,1530.2,DronePosition,-349.3236,45,-107.379,7.655848,CameraPosition,-103.1984,1.682679,-107.5452,CameraRotation,351.8755,250.6038,4.733279,CurrentState,MoveToInitial,Slider,51,Scenario,5
ID,19,Time,1530.214,DronePosition,-349.2164,45,-107.379,7.725218,CameraPosition,-103.1982,1.682788,-107.5457,CameraRotation,351.8341,250.2876,4.772774,CurrentState,MoveToInitial,Slider,51,Scenario,5
ID,19,Time,1530.228,DronePosition,-349.1075,45,-107.379,7.795109,CameraPosition,-103.1981,1.682863,-107.5462,CameraRotation,351.791,250.0121,4.76812,CurrentState,MoveToInitial,Slider,51,Scenario,5
ID,19,Time,1530.242,DronePosition,-348.9962,45,-107.379,7.865854,CameraPosition,-103.198,1.682908,-107.5467,CameraRotation,351.7746,249.7729,4.740418,CurrentState,MoveToInitial,Slider,51,Scenario,5
ID,19,Time,1530.261,DronePosition,-348.8469,45,-107.379,7.959629,CameraPosition,-103.1978,1.682933,-107.5472,CameraRotation,351.8011,249.5779,4.733986,CurrentState,MoveToInitial,Slider,51,Scenario,5
ID,19,Time,1530.283,DronePosition,-348.6683,45,-107.379,8.070643,CameraPosition,-103.1976,1.68287,-107.548,CameraRotation,351.9001,249.2563,4.746229,CurrentState,MoveToInitial,Slider,51,Scenario,5
ID,19,Time,1530.297,DronePosition,-348.5541,45,-107.379,8.140746,CameraPosition,-103.1977,1.68276,-107.5484,CameraRotation,351.9879,249.1242,4.789916,CurrentState,MoveToInitial,Slider,51,Scenario,5
ID,19,Time,1530.311,DronePosition,-348.4406,45,-107.379,8.209885,CameraPosition,-103.1977,1.682595,-107.5487,CameraRotation,352.0929,249.0383,4.841536,CurrentState,MoveToInitial,Slider,51,Scenario,5
ID,19,Time,1530.325,DronePosition,-348.3223,45,-107.379,8.281323,CameraPosition,-103.1977,1.682406,-107.549,CameraRotation,352.1963,248.9875,4.904564,CurrentState,MoveToInitial,Slider,51,Scenario,5
ID,19,Time,1530.339,DronePosition,-348.2041,45,-107.379,8.352072,CameraPosition,-103.1978,1.68227,-107.5493,CameraRotation,352.2704,248.9436,4.944092,CurrentState,MoveToInitial,Slider,51,Scenario,5
ID,19,Time,1530.353,DronePosition,-348.0864,45,-107.379,8.421947,CameraPosition,-103.1978,1.682201,-107.5496,CameraRotation,352.3022,248.884,4.971972,CurrentState,MoveToInitial,Slider,51,Scenario,5
ID,19,Time,1530.367,DronePosition,-347.9652,45,-107.379,8.493318,CameraPosition,-103.198,1.682229,-107.5499,CameraRotation,352.347,248.821,4.971012,CurrentState,MoveToInitial,Slider,51,Scenario,5
ID,19,Time,1530.381,DronePosition,-347.8441,45,-107.379,8.564011,CameraPosition,-103.1981,1.682219,-107.5502,CameraRotation,352.3969,248.7816,4.944908,CurrentState,MoveToInitial,Slider,51,Scenario,5
ID,19,Time,1530.396,DronePosition,-347.7228,45,-107.379,8.634266,CameraPosition,-103.1983,1.682152,-107.5504,CameraRotation,352.4874,248.7657,4.915851,CurrentState,MoveToInitial,Slider,51,Scenario,5
ID,19,Time,1530.409,DronePosition,-347.6055,45,-107.379,8.701658,CameraPosition,-103.1984,1.682043,-107.5506,CameraRotation,352.5808,248.7422,4.880871,CurrentState,MoveToInitial,Slider,51,Scenario,5
ID,19,Time,1530.423,DronePosition,-347.4844,45,-107.379,8.770691,CameraPosition,-103.1986,1.681949,-107.5508,CameraRotation,352.6315,248.6706,4.823938,CurrentState,MoveToInitial,Slider,51,Scenario,5
ID,19,Time,1530.437,DronePosition,-347.3613,45,-107.379,8.840316,CameraPosition,-103.1987,1.681942,-107.5511,CameraRotation,352.6399,248.5627,4.782005,CurrentState,MoveToInitial,Slider,51,Scenario,5
ID,19,Time,1530.451,DronePosition,-347.2373,45,-107.379,8.909903,CameraPosition,-103.1989,1.681941,-107.5513,CameraRotation,352.6358,248.4386,4.753489,CurrentState,MoveToInitial,Slider,51,Scenario,5
ID,19,Time,1530.469,DronePosition,-347.0699,45,-107.379,9.002888,CameraPosition,-103.1991,1.681926,-107.5515,CameraRotation,352.642,248.3091,4.70542,CurrentState,MoveToInitial,Slider,51,Scenario,5
ID,19,Time,1530.492,DronePosition,-346.8668,45,-107.379,9.114619,CameraPosition,-103.1994,1.681796,-107.552,CameraRotation,352.7294,248.0648,4.61855,CurrentState,MoveToInitial,Slider,51,Scenario,5
ID,19,Time,1530.506,DronePosition,-346.7368,45,-107.379,9.185379,CameraPosition,-103.1995,1.681719,-107.5522,CameraRotation,352.7706,247.9519,4.555824,CurrentState,MoveToInitial,Slider,51,Scenario,5
ID,19,Time,1530.52,DronePosition,-346.607,45,-107.379,9.255495,CameraPosition,-103.1996,1.681656,-107.5523,CameraRotation,352.7991,247.8484,4.502509,CurrentState,MoveToInitial,Slider,51,Scenario,5
ID,19,Time,1530.534,DronePosition,-346.4773,45,-107.379,9.325048,CameraPosition,-103.1997,1.681639,-107.5523,CameraRotation,352.8213,247.8145,4.453489,CurrentState,MoveToInitial,Slider,51,Scenario,5
ID,19,Time,1530.547,DronePosition,-346.3487,45,-107.379,9.393496,CameraPosition,-103.1999,1.681621,-107.5523,CameraRotation,352.849,247.8242,4.406763,CurrentState,MoveToInitial,Slider,51,Scenario,5
ID,19,Time,1530.562,DronePosition,-346.2137,45,-107.379,9.464841,CameraPosition,-103.2,1.681613,-107.5522,CameraRotation,352.859,247.9106,4.353477,CurrentState,MoveToInitial,Slider,51,Scenario,5
ID,19,Time,1530.576,DronePosition,-346.0796,45,-107.379,9.535142,CameraPosition,-103.2002,1.681652,-107.552,CameraRotation,352.8363,248.048,4.322816,CurrentState,MoveToInitial,Slider,51,Scenario,5
ID,19,Time,1530.589,DronePosition,-345.9492,45,-107.379,9.603006,CameraPosition,-103.2004,1.681732,-107.5517,CameraRotation,352.7843,248.2596,4.290765,CurrentState,MoveToInitial,Slider,51,Scenario,5
ID,19,Time,1530.604,DronePosition,-345.812,45,-107.379,9.673974,CameraPosition,-103.2006,1.6818,-107.5513,CameraRotation,352.7333,248.5694,4.255545,CurrentState,MoveToInitial,Slider,51,Scenario,5
ID,19,Time,1530.618,DronePosition,-345.6754,45,-107.379,9.744044,CameraPosition,-103.2009,1.681871,-107.5507,CameraRotation,352.681,249.0031,4.192507,CurrentState,MoveToInitial,Slider,51,Scenario,5
ID,19,Time,1530.631,DronePosition,-345.5381,45,-107.379,9.813999,CameraPosition,-103.2012,1.681942,-107.5501,CameraRotation,352.6379,249.4152,4.145991,CurrentState,MoveToInitial,Slider,51,Scenario,5
ID,19,Time,1530.645,DronePosition,-345.4016,45,-107.379,9.883037,CameraPosition,-103.2015,1.682025,-107.5493,CameraRotation,352.5858,249.9672,4.102497,CurrentState,MoveToInitial,Slider,51,Scenario,5
ID,19,Time,1530.659,DronePosition,-345.2626,45,-107.379,9.952888,CameraPosition,-103.2018,1.682053,-107.5485,CameraRotation,352.5557,250.5389,4.053483,CurrentState,MoveToInitial,Slider,51,Scenario,5
ID,19,Time,1530.678,DronePosition,-345.073,45,-107.379,10.04724,CameraPosition,-103.2021,1.682037,-107.5476,CameraRotation,352.5475,251.1463,4.00704,CurrentState,MoveToInitial,Slider,51,Scenario,5
ID,19,Time,1530.701,DronePosition,-344.8466,45,-107.379,10.15896,CameraPosition,-103.2026,1.682094,-107.5458,CameraRotation,352.5457,252.3904,3.920752,CurrentState,MoveToInitial,Slider,51,Scenario,5
ID,19,Time,1530.714,DronePosition,-344.7046,45,-107.379,10.22839,CameraPosition,-103.2029,1.68219,-107.545,CameraRotation,352.4967,252.9848,3.843026,CurrentState,MoveToInitial,Slider,51,Scenario,5
ID,19,Time,1530.729,DronePosition,-344.5583,45,-107.379,10.29941,CameraPosition,-103.2032,1.68229,-107.5441,CameraRotation,352.4394,253.5126,3.757354,CurrentState,MoveToInitial,Slider,51,Scenario,5
ID,19,Time,1530.743,DronePosition,-344.4136,45,-107.379,10.36914,CameraPosition,-103.2035,1.682347,-107.5433,CameraRotation,352.3908,254.0009,3.658765,CurrentState,MoveToInitial,Slider,51,Scenario,5
ID,19,Time,1530.757,DronePosition,-344.2643,45,-107.379,10.44067,CameraPosition,-103.2038,1.682376,-107.5425,CameraRotation,352.3686,254.4524,3.555665,CurrentState,MoveToInitial,Slider,51,Scenario,5
ID,19,Time,1530.771,DronePosition,-344.1202,45,-107.379,10.50922,CameraPosition,-103.2041,1.682383,-107.5417,CameraRotation,352.3479,254.8939,3.459975,CurrentState,MoveToInitial,Slider,51,Scenario,5
ID,19,Time,1530.785,DronePosition,-343.9727,45,-107.379,10.57896,CameraPosition,-103.2043,1.682402,-107.5409,CameraRotation,352.2907,255.2885,3.378477,CurrentState,MoveToInitial,Slider,51,Scenario,5
ID,19,Time,1530.798,DronePosition,-343.8244,45,-107.379,10.64859,CameraPosition,-103.2046,1.682501,-107.5402,CameraRotation,352.2164,255.6608,3.281386,CurrentState,MoveToInitial,Slider,51,Scenario,5
ID,19,Time,1530.812,DronePosition,-343.6773,45,-107.379,10.71719,CameraPosition,-103.2049,1.682612,-107.5394,CameraRotation,352.1294,255.9946,3.163631,CurrentState,MoveToInitial,Slider,51,Scenario,5
ID,19,Time,1530.827,DronePosition,-343.5212,45,-107.379,10.78952,CameraPosition,-103.2052,1.682665,-107.5387,CameraRotation,352.0642,256.3316,3.054344,CurrentState,MoveToInitial,Slider,51,Scenario,5
ID,19,Time,1530.84,DronePosition,-343.3755,45,-107.379,10.85663,CameraPosition,-103.2055,1.682695,-107.538,CameraRotation,352.0394,256.6588,2.945522,CurrentState,MoveToInitial,Slider,51,Scenario,5
ID,19,Time,1530.854,DronePosition,-343.2215,45,-107.379,10.9271,CameraPosition,-103.2057,1.682716,-107.5372,CameraRotation,352.0177,256.9885,2.865408,CurrentState,MoveToInitial,Slider,51,Scenario,5
ID,19,Time,1530.868,DronePosition,-343.0689,45,-107.379,10.99647,CameraPosition,-103.2059,1.68276,-107.5364,CameraRotation,351.9634,257.328,2.743989,CurrentState,MoveToInitial,Slider,51,Scenario,5
ID,19,Time,1530.887,DronePosition,-342.8609,45,-107.379,11.09026,CameraPosition,-103.2062,1.682823,-107.5357,CameraRotation,351.9244,257.645,2.610723,CurrentState,MoveToInitial,Slider,51,Scenario,5
ID,19,Time,1530.909,DronePosition,-342.6105,45,-107.379,11.1,CameraPosition,-103.2069,1.682835,-107.5343,CameraRotation,351.9301,258.2581,2.286682,CurrentState,MoveToInitial,Slider,51,Scenario,5
ID,19,Time,1530.923,DronePosition,-342.4571,45,-107.379,11.1,CameraPosition,-103.2072,1.68277,-107.5336,CameraRotation,352.0012,258.5788,2.147269,CurrentState,MoveToInitial,Slider,51,Scenario,5
ID,19,Time,1530.937,DronePosition,-342.3028,45,-107.379,11.1,CameraPosition,-103.2075,1.682679,-107.5328,CameraRotation,352.0612,258.9138,2.048415,CurrentState,MoveToInitial,Slider,51,Scenario,5
ID,19,Time,1530.951,DronePosition,-342.1454,45,-107.379,11.1,CameraPosition,-103.2079,1.682517,-107.5321,CameraRotation,352.1696,259.2852,1.971137,CurrentState,MoveToInitial,Slider,51,Scenario,5
ID,19,Time,1530.965,DronePosition,-341.9897,45,-107.379,11.1,CameraPosition,-103.2083,1.682302,-107.5313,CameraRotation,352.3141,259.6606,1.873283,CurrentState,MoveToInitial,Slider,51,Scenario,5
ID,19,Time,1530.979,DronePosition,-341.8343,45,-107.379,11.1,CameraPosition,-103.2087,1.682056,-107.5305,CameraRotation,352.4613,260.0323,1.77063,CurrentState,MoveToInitial,Slider,51,Scenario,5
ID,19,Time,1530.993,DronePosition,-341.6802,45,-107.379,11.1,CameraPosition,-103.2091,1.681786,-107.5297,CameraRotation,352.6271,260.4163,1.685138,CurrentState,MoveToInitial,Slider,51,Scenario,5
ID,19,Time,1531.007,DronePosition,-341.5244,45,-107.379,11.1,CameraPosition,-103.2095,1.681518,-107.529,CameraRotation,352.8236,260.7992,1.609512,CurrentState,MoveToInitial,Slider,51,Scenario,5
ID,19,Time,1531.021,DronePosition,-341.3704,45,-107.379,11.1,CameraPosition,-103.21,1.681218,-107.5283,CameraRotation,353.0289,261.1865,1.517309,CurrentState,MoveToInitial,Slider,51,Scenario,5
ID,19,Time,1531.036,DronePosition,-341.2094,45,-107.379,11.1,CameraPosition,-103.2104,1.680862,-107.5276,CameraRotation,353.2873,261.5599,1.449859,CurrentState,MoveToInitial,Slider,51,Scenario,5
ID,19,Time,1531.049,DronePosition,-341.0604,45,-107.379,11.1,CameraPosition,-103.211,1.680464,-107.5269,CameraRotation,353.5483,261.9292,1.389579,CurrentState,MoveToInitial,Slider,51,Scenario,5
ID,19,Time,1531.063,DronePosition,-340.9034,45,-107.379,11.1,CameraPosition,-103.2115,1.680057,-107.5262,CameraRotation,353.8123,262.2775,1.338667,CurrentState,MoveToInitial,Slider,51,Scenario,5
ID,19,Time,1531.077,DronePosition,-340.7498,45,-107.379,11.1,CameraPosition,-103.2121,1.67965,-107.5256,CameraRotation,354.0918,262.6126,1.269076,CurrentState,MoveToInitial,Slider,51,Scenario,5
ID,19,Time,1531.096,DronePosition,-340.5414,45,-107.379,11.1,CameraPosition,-103.2126,1.679218,-107.5249,CameraRotation,354.4231,262.9507,1.212335,CurrentState,MoveToInitial,Slider,51,Scenario,5
ID,19,Time,1531.118,DronePosition,-340.2931,45,-107.379,11.1,CameraPosition,-103.2137,1.678205,-107.5235,CameraRotation,355.1317,263.6716,1.098805,CurrentState,MoveToInitial,Slider,51,Scenario,5
ID,19,Time,1531.132,DronePosition,-340.1396,45,-107.379,11.1,CameraPosition,-103.2142,1.677664,-107.5229,CameraRotation,355.4897,264.028,1.07064,CurrentState,MoveToInitial,Slider,51,Scenario,5
ID,19,Time,1531.146,DronePosition,-339.9802,45,-107.379,11.1,CameraPosition,-103.2147,1.677113,-107.5222,CameraRotation,355.8611,264.3899,1.066496,CurrentState,MoveToInitial,Slider,51,Scenario,5
ID,19,Time,1531.161,DronePosition,-339.8194,45,-107.379,11.1,CameraPosition,-103.2153,1.676588,-107.5216,CameraRotation,356.2064,264.7618,1.075467,CurrentState,MoveToInitial,Slider,51,Scenario,5
ID,19,Time,1531.174,DronePosition,-339.6711,45,-107.379,11.1,CameraPosition,-103.2159,1.676147,-107.521,CameraRotation,356.5095,265.1243,1.084249,CurrentState,MoveToInitial,Slider,51,Scenario,5
ID,19,Time,1531.188,DronePosition,-339.5164,45,-107.379,11.1,CameraPosition,-103.2164,1.675725,-107.5204,CameraRotation,356.7875,265.4871,1.102183,CurrentState,MoveToInitial,Slider,51,Scenario,5
ID,19,Time,1531.202,DronePosition,-339.3591,45,-107.379,11.1,CameraPosition,-103.217,1.675292,-107.5198,CameraRotation,357.053,265.8399,1.140311,CurrentState,MoveToInitial,Slider,51,Scenario,5
ID,19,Time,1531.216,DronePosition,-339.2057,45,-107.379,11.1,CameraPosition,-103.2175,1.67482,-107.5192,CameraRotation,357.3309,266.1912,1.180858,CurrentState,MoveToInitial,Slider,51,Scenario,5
ID,19,Time,1531.23,DronePosition,-339.0506,45,-107.379,11.1,CameraPosition,-103.2181,1.674355,-107.5186,CameraRotation,357.6197,266.5179,1.228513,CurrentState,MoveToInitial,Slider,51,Scenario,5
ID,19,Time,1531.244,DronePosition,-338.8993,45,-107.379,11.1,CameraPosition,-103.2185,1.673936,-107.5181,CameraRotation,357.9065,266.8258,1.258237,CurrentState,MoveToInitial,Slider,51,Scenario,5
ID,19,Time,1531.258,DronePosition,-338.7428,45,-107.379,11.1,CameraPosition,-103.219,1.67358,-107.5176,CameraRotation,358.1579,267.1042,1.271318,CurrentState,MoveToInitial,Slider,51,Scenario,5
ID,19,Time,1531.272,DronePosition,-338.5888,45,-107.379,11.1,CameraPosition,-103.2194,1.67326,-107.5171,CameraRotation,358.3934,267.3718,1.274909,CurrentState,MoveToInitial,Slider,51,Scenario,5
ID,19,Time,1531.286,DronePosition,-338.4305,45,-107.379,11.1,CameraPosition,-103.2198,1.672951,-107.5167,CameraRotation,358.6047,267.6076,1.259059,CurrentState,MoveToInitial,Slider,51,Scenario,5
ID,19,Time,1531.305,DronePosition,-338.224,45,-107.379,11.1,CameraPosition,-103.2202,1.672663,-107.5163,CameraRotation,358.7759,267.8186,1.239659,CurrentState,MoveToInitial,Slider,51,Scenario,5
ID,19,Time,1531.327,DronePosition,-337.978,45,-107.379,11.1,CameraPosition,-103.221,1.672352,-107.5156,CameraRotation,358.9939,268.1577,1.226349,CurrentState,MoveToInitial,Slider,51,Scenario,5
ID,19,Time,1531.341,DronePosition,-337.8203,45,-107.379,11.1,CameraPosition,-103.2213,1.672301,-107.5153,CameraRotation,359.0689,268.2673,1.216699,CurrentState,MoveToInitial,Slider,51,Scenario,5
ID,19,Time,1531.355,DronePosition,-337.6658,45,-107.379,11.1,CameraPosition,-103.2216,1.672229,-107.5151,CameraRotation,359.1448,268.3313,1.195635,CurrentState,MoveToInitial,Slider,51,Scenario,5
ID,19,Time,1531.369,DronePosition,-337.5096,45,-107.379,11.1,CameraPosition,-103.2219,1.672061,-107.5149,CameraRotation,359.2491,268.4026,1.180876,CurrentState,MoveToInitial,Slider,51,Scenario,5
ID,19,Time,1531.383,DronePosition,-337.3539,45,-107.379,11.1,CameraPosition,-103.2222,1.671865,-107.5147,CameraRotation,359.3687,268.4207,1.146111,CurrentState,MoveToInitial,Slider,51,Scenario,5
ID,19,Time,1531.397,DronePosition,-337.1954,45,-107.379,11.1,CameraPosition,-103.2224,1.671642,-107.5146,CameraRotation,359.4937,268.4118,1.124365,CurrentState,MoveToInitial,Slider,51,Scenario,5
ID,19,Time,1531.411,DronePosition,-337.0432,45,-107.379,11.1,CameraPosition,-103.2226,1.671497,-107.5145,CameraRotation,359.627,268.3887,1.107599,CurrentState,MoveToInitial,Slider,51,Scenario,5
ID,19,Time,1531.425,DronePosition,-336.8893,45,-107.379,11.1,CameraPosition,-103.2228,1.671377,-107.5145,CameraRotation,359.7295,268.3501,1.093537,CurrentState,MoveToInitial,Slider,51,Scenario,5
ID,19,Time,1531.438,DronePosition,-336.7364,45,-107.379,11.1,CameraPosition,-103.223,1.671288,-107.5144,CameraRotation,359.8175,268.3004,1.079058,CurrentState,MoveToInitial,Slider,51,Scenario,5
ID,19,Time,1531.453,DronePosition,-336.5773,45,-107.379,11.1,CameraPosition,-103.2233,1.671182,-107.5143,CameraRotation,359.9089,268.2723,1.048763,CurrentState,MoveToInitial,Slider,51,Scenario,5
ID,19,Time,1531.466,DronePosition,-336.4264,45,-107.379,11.1,CameraPosition,-103.2235,1.671037,-107.5142,CameraRotation,-0.003676136,268.261,1.018255,CurrentState,MoveToInitial,Slider,51,Scenario,5
ID,19,Time,1531.483,DronePosition,-336.2461,45,-107.379,11.1,CameraPosition,-103.2237,1.670917,-107.5141,CameraRotation,0.0761435,268.2557,0.9699106,CurrentState,MoveToInitial,Slider,51,Scenario,5
ID,19,Time,1531.495,DronePosition,-336.1137,45,-107.379,11.1,CameraPosition,-103.224,1.670807,-107.514,CameraRotation,0.1120054,268.2683,0.945372,CurrentState,MoveToInitial,Slider,51,Scenario,5
ID,19,Time,1531.513,DronePosition,-335.906,45,-107.379,11.1,CameraPosition,-103.2243,1.670756,-107.5139,CameraRotation,0.1332249,268.2839,0.9141852,CurrentState,MoveToInitial,Slider,51,Scenario,5
ID,19,Time,1531.536,DronePosition,-335.6563,45,-107.379,11.1,CameraPosition,-103.2247,1.670706,-107.5135,CameraRotation,0.1525051,268.3853,0.8635451,CurrentState,MoveToInitial,Slider,51,Scenario,5
ID,19,Time,1531.549,DronePosition,-335.5058,45,-107.379,11.1,CameraPosition,-103.225,1.670624,-107.5133,CameraRotation,0.1898018,268.4708,0.8410426,CurrentState,MoveToInitial,Slider,51,Scenario,5
ID,19,Time,1531.563,DronePosition,-335.3492,45,-107.379,11.1,CameraPosition,-103.2251,1.670532,-107.5131,CameraRotation,0.2565749,268.543,0.8266932,CurrentState,MoveToInitial,Slider,51,Scenario,5
ID,19,Time,1531.578,DronePosition,-335.1921,45,-107.379,11.1,CameraPosition,-103.2253,1.670456,-107.5129,CameraRotation,0.2993597,268.6538,0.8229618,CurrentState,MoveToInitial,Slider,51,Scenario,5
ID,19,Time,1531.592,DronePosition,-335.033,45,-107.379,11.1,CameraPosition,-103.2255,1.670406,-107.5127,CameraRotation,0.3191885,268.7891,0.793242,CurrentState,MoveToInitial,Slider,51,Scenario,5
ID,19,Time,1531.606,DronePosition,-334.8773,45,-107.379,11.1,CameraPosition,-103.2256,1.670389,-107.5124,CameraRotation,0.3338045,268.9385,0.7267027,CurrentState,MoveToInitial,Slider,51,Scenario,5
ID,19,Time,1531.62,DronePosition,-334.7273,45,-107.379,11.1,CameraPosition,-103.2257,1.670403,-107.5121,CameraRotation,0.334893,269.0922,0.6727133,CurrentState,MoveToInitial,Slider,51,Scenario,5
ID,19,Time,1531.634,DronePosition,-334.5723,45,-107.379,11.1,CameraPosition,-103.2259,1.670467,-107.5118,CameraRotation,0.293737,269.2622,0.6430122,CurrentState,MoveToInitial,Slider,51,Scenario,5
ID,19,Time,1531.648,DronePosition,-334.4148,45,-107.379,11.1,CameraPosition,-103.226,1.670582,-107.5115,CameraRotation,0.2192173,269.437,0.6219028,CurrentState,MoveToInitial,Slider,51,Scenario,5
ID,19,Time,1531.661,DronePosition,-334.2642,45,-107.379,11.1,CameraPosition,-103.226,1.670675,-107.5112,CameraRotation,0.1504815,269.6141,0.6090781,CurrentState,MoveToInitial,Slider,51,Scenario,5
ID,19,Time,1531.676,DronePosition,-334.1042,45,-107.379,11.1,CameraPosition,-103.2261,1.670751,-107.5109,CameraRotation,0.09942554,269.7983,0.5779329,CurrentState,MoveToInitial,Slider,51,Scenario,5
ID,19,Time,1531.689,DronePosition,-333.9527,45,-107.379,11.1,CameraPosition,-103.2261,1.670818,-107.5106,CameraRotation,0.05656112,269.9625,0.5326583,CurrentState,MoveToInitial,Slider,51,Scenario,5
ID,19,Time,1531.703,DronePosition,-333.7986,45,-107.379,11.1,CameraPosition,-103.2261,1.670906,-107.5103,CameraRotation,359.9802,270.132,0.5026419,CurrentState,MoveToInitial,Slider,51,Scenario,5
ID,19,Time,1531.722,DronePosition,-333.593,45,-107.379,11.1,CameraPosition,-103.2261,1.671019,-107.5101,CameraRotation,359.8794,270.2817,0.5034439,CurrentState,MoveToInitial,Slider,51,Scenario,5
ID,19,Time,1531.745,DronePosition,-333.3408,45,-107.379,11.1,CameraPosition,-103.2261,1.671281,-107.5098,CameraRotation,359.6718,270.5238,0.4795845,CurrentState,MoveToInitial,Slider,51,Scenario,5
ID,19,Time,1531.759,DronePosition,-333.1837,45,-107.379,11.1,CameraPosition,-103.2261,1.671449,-107.5097,CameraRotation,359.5756,270.6136,0.4505494,CurrentState,MoveToInitial,Slider,51,Scenario,5
ID,19,Time,1531.772,DronePosition,-333.0296,45,-107.379,11.1,CameraPosition,-103.2261,1.671613,-107.5096,CameraRotation,359.485,270.7158,0.4385588,CurrentState,MoveToInitial,Slider,51,Scenario,5
ID,19,Time,1531.787,DronePosition,-332.8733,45,-107.379,11.1,CameraPosition,-103.226,1.671753,-107.5094,CameraRotation,359.4002,270.8175,0.414016,CurrentState,MoveToInitial,Slider,51,Scenario,5
ID,19,Time,1531.801,DronePosition,-332.7189,45,-107.379,11.1,CameraPosition,-103.226,1.671867,-107.5092,CameraRotation,359.3427,270.9294,0.3698307,CurrentState,MoveToInitial,Slider,51,Scenario,5
ID,19,Time,1531.814,DronePosition,-332.5632,45,-107.379,11.1,CameraPosition,-103.2259,1.67187,-107.5091,CameraRotation,359.2898,271.024,0.3314766,CurrentState,MoveToInitial,Slider,51,Scenario,5
ID,19,Time,1531.828,DronePosition,-332.4094,45,-107.379,11.1,CameraPosition,-103.2259,1.671891,-107.5089,CameraRotation,359.2377,271.1411,0.2908801,CurrentState,MoveToInitial,Slider,51,Scenario,5
ID,19,Time,1531.843,DronePosition,-332.2501,45,-107.379,11.1,CameraPosition,-103.2258,1.671979,-107.5087,CameraRotation,359.1661,271.2815,0.2515568,CurrentState,MoveToInitial,Slider,51,Scenario,5
ID,19,Time,1531.856,DronePosition,-332.0978,45,-107.379,11.1,CameraPosition,-103.2257,1.672084,-107.5085,CameraRotation,359.1018,271.4171,0.2094226,CurrentState,MoveToInitial,Slider,51,Scenario,5
ID,19,Time,1531.87,DronePosition,-331.9449,45,-107.379,11.1,CameraPosition,-103.2256,1.672186,-107.5083,CameraRotation,359.0331,271.579,0.1697061,CurrentState,MoveToInitial,Slider,51,Scenario,5
ID,19,Time,1531.884,DronePosition,-331.7879,45,-107.379,11.1,CameraPosition,-103.2255,1.672277,-107.5081,CameraRotation,358.968,271.7492,0.133177,CurrentState,MoveToInitial,Slider,51,Scenario,5
ID,19,Time,1531.899,DronePosition,-331.6291,45,-107.379,11.1,CameraPosition,-103.2254,1.672348,-107.5079,CameraRotation,358.9226,271.9274,0.0963215,CurrentState,MoveToInitial,Slider,51,Scenario,5
ID,19,Time,1531.912,DronePosition,-331.4778,45,-107.379,11.1,CameraPosition,-103.2253,1.672379,-107.5076,CameraRotation,358.8806,272.1266,0.03944189,CurrentState,MoveToInitial,Slider,51,Scenario,5
ID,19,Time,1531.931,DronePosition,-331.2688,45,-107.379,11.1,CameraPosition,-103.2252,1.672418,-107.5073,CameraRotation,358.8645,272.3627,359.9827,CurrentState,MoveToInitial,Slider,51,Scenario,5
ID,19,Time,1531.954,DronePosition,-331.0161,45,-107.379,11.1,CameraPosition,-103.225,1.672553,-107.5065,CameraRotation,358.7664,272.8307,359.839,CurrentState,MoveToInitial,Slider,51,Scenario,5
ID,19,Time,1531.968,DronePosition,-330.8639,45,-107.379,11.1,CameraPosition,-103.2249,1.672662,-107.5061,CameraRotation,358.6873,273.0659,359.7498,CurrentState,MoveToInitial,Slider,51,Scenario,5
ID,19,Time,1531.982,DronePosition,-330.7092,45,-107.379,11.1,CameraPosition,-103.2247,1.672786,-107.5058,CameraRotation,358.5977,273.2943,359.6581,CurrentState,MoveToInitial,Slider,51,Scenario,5
ID,19,Time,1531.996,DronePosition,-330.5513,45,-107.379,11.1,CameraPosition,-103.2246,1.672908,-107.5054,CameraRotation,358.5177,273.5106,359.5761,CurrentState,MoveToInitial,Slider,51,Scenario,5
ID,19,Time,1532.01,DronePosition,-330.3967,45,-107.379,11.1,CameraPosition,-103.2244,1.673028,-107.5051,CameraRotation,358.4142,273.6968,359.5102,CurrentState,MoveToInitial,Slider,51,Scenario,5
ID,19,Time,1532.023,DronePosition,-330.2453,45,-107.379,11.1,CameraPosition,-103.2243,1.673235,-107.5049,CameraRotation,358.2438,273.8649,359.4554,CurrentState,MoveToInitial,Slider,51,Scenario,5
ID,19,Time,1532.037,DronePosition,-330.089,45,-107.379,11.1,CameraPosition,-103.2241,1.673546,-107.5047,CameraRotation,358.0225,273.9786,359.417,CurrentState,MoveToInitial,Slider,51,Scenario,5
ID,19,Time,1532.051,DronePosition,-329.9355,45,-107.379,11.1,CameraPosition,-103.224,1.67386,-107.5045,CameraRotation,357.8115,274.0593,359.3794,CurrentState,MoveToInitial,Slider,51,Scenario,5
ID,19,Time,1532.066,DronePosition,-329.7741,45,-107.379,11.1,CameraPosition,-103.2238,1.674185,-107.5044,CameraRotation,357.5847,274.1185,359.3311,CurrentState,MoveToInitial,Slider,51,Scenario,5
ID,19,Time,1532.08,DronePosition,-329.6205,45,-107.379,11.1,CameraPosition,-103.2236,1.674544,-107.5043,CameraRotation,357.3558,274.1674,359.2973,CurrentState,MoveToInitial,Slider,51,Scenario,5
ID,19,Time,1532.093,DronePosition,-329.4702,45,-107.379,11.1,CameraPosition,-103.2234,1.674864,-107.5042,CameraRotation,357.1288,274.222,359.2629,CurrentState,MoveToInitial,Slider,51,Scenario,5
ID,19,Time,1532.107,DronePosition,-329.3132,45,-107.379,11.1,CameraPosition,-103.2231,1.67518,-107.5041,CameraRotation,356.9176,274.2631,359.2288,CurrentState,MoveToInitial,Slider,51,Scenario,5
ID,19,Time,1532.121,DronePosition,-329.1572,45,-107.379,11.1,CameraPosition,-103.2227,1.675462,-107.504,CameraRotation,356.7279,274.2762,359.206,CurrentState,MoveToInitial,Slider,51,Scenario,5
ID,19,Time,1532.14,DronePosition,-328.9497,45,-107.379,11.1,CameraPosition,-103.2224,1.675731,-107.504,CameraRotation,356.5475,274.2947,359.1841,CurrentState,MoveToInitial,Slider,51,Scenario,5
ID,19,Time,1532.162,DronePosition,-328.7022,45,-107.379,11.1,CameraPosition,-103.2217,1.676294,-107.5038,CameraRotation,356.2005,274.3605,359.1196,CurrentState,MoveToInitial,Slider,51,Scenario,5
ID,19,Time,1532.176,DronePosition,-328.5487,45,-107.379,11.1,CameraPosition,-103.2214,1.676551,-107.5036,CameraRotation,356.0328,274.4067,359.0893,CurrentState,MoveToInitial,Slider,51,Scenario,5
ID,19,Time,1532.19,DronePosition,-328.3899,45,-107.379,11.1,CameraPosition,-103.221,1.676801,-107.5035,CameraRotation,355.8766,274.4683,359.0439,CurrentState,MoveToInitial,Slider,51,Scenario,5
ID,19,Time,1532.204,DronePosition,-328.239,45,-107.379,11.1,CameraPosition,-103.2207,1.677022,-107.5033,CameraRotation,355.718,274.5514,358.9982,CurrentState,MoveToInitial,Slider,51,Scenario,5
ID,19,Time,1532.218,DronePosition,-328.0821,45,-107.379,11.1,CameraPosition,-103.2204,1.677205,-107.5031,CameraRotation,355.5601,274.6649,358.9285,CurrentState,MoveToInitial,Slider,51,Scenario,5
ID,19,Time,1532.233,DronePosition,-327.923,45,-107.379,11.1,CameraPosition,-103.2201,1.677372,-107.5028,CameraRotation,355.4357,274.8024,358.8286,CurrentState,MoveToInitial,Slider,51,Scenario,5
ID,19,Time,1532.246,DronePosition,-327.7706,45,-107.379,11.1,CameraPosition,-103.2197,1.677533,-107.5025,CameraRotation,355.328,274.9583,358.7125,CurrentState,MoveToInitial,Slider,51,Scenario,5
ID,19,Time,1532.26,DronePosition,-327.6176,45,-107.379,11.1,CameraPosition,-103.2194,1.677676,-107.5022,CameraRotation,355.2027,275.1451,358.5967,CurrentState,MoveToInitial,Slider,51,Scenario,5
ID,19,Time,1532.274,DronePosition,-327.4586,45,-107.379,11.1,CameraPosition,-103.2191,1.677825,-107.5018,CameraRotation,355.0785,275.3545,358.4942,CurrentState,MoveToInitial,Slider,51,Scenario,5
ID,19,Time,1532.288,DronePosition,-327.303,45,-107.379,11.1,CameraPosition,-103.2188,1.677929,-107.5013,CameraRotation,354.9817,275.6017,358.3884,CurrentState,MoveToInitial,Slider,51,Scenario,5
ID,19,Time,1532.302,DronePosition,-327.153,45,-107.379,11.1,CameraPosition,-103.2185,1.678032,-107.5009,CameraRotation,354.9083,275.8383,358.2881,CurrentState,MoveToInitial,Slider,51,Scenario,5
ID,19,Time,1532.316,DronePosition,-326.9966,45,-107.379,11.1,CameraPosition,-103.2182,1.678159,-107.5003,CameraRotation,354.8215,276.1181,358.1824,CurrentState,MoveToInitial,Slider,51,Scenario,5
ID,19,Time,1532.33,DronePosition,-326.8387,45,-107.379,11.1,CameraPosition,-103.218,1.678298,-107.4998,CameraRotation,354.7155,276.4278,358.0202,CurrentState,MoveToInitial,Slider,51,Scenario,5
ID,19,Time,1532.349,DronePosition,-326.6316,45,-107.379,11.1,CameraPosition,-103.2177,1.678407,-107.4992,CameraRotation,354.6338,276.7401,357.8546,CurrentState,MoveToInitial,Slider,51,Scenario,5
ID,19,Time,1532.371,DronePosition,-326.3842,45,-107.379,11.1,CameraPosition,-103.217,1.678565,-107.4981,CameraRotation,354.5258,277.3604,357.6169,CurrentState,MoveToInitial,Slider,51,Scenario,5
ID,19,Time,1532.385,DronePosition,-326.2273,45,-107.379,11.1,CameraPosition,-103.2165,1.678593,-107.4975,CameraRotation,354.4785,277.6476,357.5442,CurrentState,MoveToInitial,Slider,51,Scenario,5
ID,19,Time,1532.399,DronePosition,-326.0712,45,-107.379,11.1,CameraPosition,-103.2162,1.678587,-107.4971,CameraRotation,354.4375,277.9048,357.4759,CurrentState,MoveToInitial,Slider,51,Scenario,5
ID,19,Time,1532.413,DronePosition,-325.9171,45,-107.379,11.1,CameraPosition,-103.2158,1.678598,-107.4966,CameraRotation,354.4002,278.1316,357.3906,CurrentState,MoveToInitial,Slider,51,Scenario,5
ID,19,Time,1532.427,DronePosition,-325.762,45,-107.379,11.1,CameraPosition,-103.2155,1.678611,-107.4962,CameraRotation,354.3464,278.3227,357.313,CurrentState,MoveToInitial,Slider,51,Scenario,5
ID,19,Time,1532.441,DronePosition,-325.6071,45,-107.379,11.1,CameraPosition,-103.2152,1.678705,-107.4959,CameraRotation,354.2463,278.4694,357.2346,CurrentState,MoveToInitial,Slider,51,Scenario,5
ID,19,Time,1532.455,DronePosition,-325.4508,45,-107.379,11.1,CameraPosition,-103.2149,1.67886,-107.4957,CameraRotation,354.1132,278.5659,357.1848,CurrentState,MoveToInitial,Slider,51,Scenario,5
ID,19,Time,1532.469,DronePosition,-325.2985,45,-107.379,11.1,CameraPosition,-103.2145,1.679048,-107.4954,CameraRotation,353.9758,278.6352,357.1299,CurrentState,MoveToInitial,Slider,51,Scenario,5
ID,19,Time,1532.486,DronePosition,-325.1049,45,-107.379,11.1,CameraPosition,-103.2142,1.679232,-107.4953,CameraRotation,353.8286,278.6325,357.0856,CurrentState,MoveToInitial,Slider,51,Scenario,5
ID,19,Time,1532.497,DronePosition,-324.9879,45,-107.379,11.1,CameraPosition,-103.2139,1.67941,-107.4953,CameraRotation,353.7059,278.5899,357.0603,CurrentState,MoveToInitial,Slider,51,Scenario,5
ID,19,Time,1532.51,DronePosition,-324.8383,45,-107.379,11.1,CameraPosition,-103.2136,1.6796,-107.4953,CameraRotation,353.5681,278.5307,357.0398,CurrentState,MoveToInitial,Slider,51,Scenario,5
ID,19,Time,1532.525,DronePosition,-324.6817,45,-107.379,11.1,CameraPosition,-103.2134,1.679908,-107.4954,CameraRotation,353.3618,278.4002,357.0302,CurrentState,MoveToInitial,Slider,51,Scenario,5
ID,19,Time,1532.539,DronePosition,-324.5259,45,-107.379,11.1,CameraPosition,-103.2131,1.680264,-107.4955,CameraRotation,353.1519,278.267,357.0185,CurrentState,MoveToInitial,Slider,51,Scenario,5
ID,19,Time,1532.557,DronePosition,-324.3174,45,-107.379,11.1,CameraPosition,-103.2129,1.680654,-107.4957,CameraRotation,352.8886,278.0836,357.0282,CurrentState,MoveToInitial,Slider,51,Scenario,5
ID,19,Time,1532.58,DronePosition,-324.0667,45,-107.379,11.1,CameraPosition,-103.2124,1.681389,-107.4961,CameraRotation,352.3896,277.7338,357.0363,CurrentState,MoveToInitial,Slider,51,Scenario,5
ID,19,Time,1532.594,DronePosition,-323.914,45,-107.379,11.1,CameraPosition,-103.2121,1.681721,-107.4963,CameraRotation,352.1654,277.5663,357.0364,CurrentState,MoveToInitial,Slider,51,Scenario,5
ID,19,Time,1532.608,DronePosition,-323.7584,45,-107.379,11.1,CameraPosition,-103.2118,1.682004,-107.4966,CameraRotation,351.9734,277.4047,357.0327,CurrentState,MoveToInitial,Slider,51,Scenario,5
ID,19,Time,1532.622,DronePosition,-323.5994,45,-107.379,11.1,CameraPosition,-103.2115,1.682264,-107.4969,CameraRotation,351.7849,277.2387,357.0074,CurrentState,MoveToInitial,Slider,51,Scenario,5
ID,19,Time,1532.636,DronePosition,-323.4467,45,-107.379,11.1,CameraPosition,-103.2112,1.68255,-107.4971,CameraRotation,351.5744,277.093,356.9905,CurrentState,MoveToInitial,Slider,51,Scenario,5
ID,19,Time,1532.65,DronePosition,-323.2926,45,-107.379,11.1,CameraPosition,-103.2109,1.682852,-107.4972,CameraRotation,351.362,276.9644,356.9825,CurrentState,MoveToInitial,Slider,51,Scenario,5
ID,19,Time,1532.664,DronePosition,-323.1358,45,-107.379,11.1,CameraPosition,-103.2106,1.68313,-107.4974,CameraRotation,351.1642,276.8517,356.9731,CurrentState,MoveToInitial,Slider,51,Scenario,5
ID,19,Time,1532.678,DronePosition,-322.982,45,-107.379,11.1,CameraPosition,-103.2104,1.683372,-107.4976,CameraRotation,350.9846,276.7473,356.9601,CurrentState,MoveToInitial,Slider,51,Scenario,5
ID,19,Time,1532.692,DronePosition,-322.826,45,-107.379,11.1,CameraPosition,-103.2101,1.683638,-107.4977,CameraRotation,350.8108,276.6525,356.953,CurrentState,MoveToInitial,Slider,51,Scenario,5
ID,19,Time,1532.706,DronePosition,-322.6674,45,-107.379,11.1,CameraPosition,-103.2098,1.683964,-107.4978,CameraRotation,350.5986,276.5435,356.9418,CurrentState,MoveToInitial,Slider,51,Scenario,5
ID,19,Time,1532.72,DronePosition,-322.5173,45,-107.379,11.1,CameraPosition,-103.2096,1.684405,-107.498,CameraRotation,350.3087,276.4198,356.921,CurrentState,MoveToInitial,Slider,51,Scenario,5
ID,19,Time,1532.734,DronePosition,-322.3611,45,-107.379,11.1,CameraPosition,-103.2095,1.68488,-107.4983,CameraRotation,349.9781,276.257,356.9124,CurrentState,MoveToInitial,Slider,51,Scenario,5
ID,19,Time,1532.748,DronePosition,-322.2054,45,-107.379,11.1,CameraPosition,-103.2094,1.685264,-107.4986,CameraRotation,349.6867,276.0773,356.9063,CurrentState,MoveToInitial,Slider,51,Scenario,5
ID,19,Time,1532.767,DronePosition,-321.9924,45,-107.379,11.1,CameraPosition,-103.2092,1.685568,-107.4988,CameraRotation,349.4548,275.8925,356.8999,CurrentState,MoveToInitial,Slider,51,Scenario,5
ID,19,Time,1532.789,DronePosition,-321.746,45,-107.379,11.1,CameraPosition,-103.209,1.685999,-107.4994,CameraRotation,349.0373,275.5115,356.8721,CurrentState,MoveToInitial,Slider,51,Scenario,5
ID,19,Time,1532.803,DronePosition,-321.5958,45,-107.379,11.1,CameraPosition,-103.2089,1.686189,-107.4997,CameraRotation,348.8673,275.3512,356.8434,CurrentState,MoveToInitial,Slider,51,Scenario,5
ID,19,Time,1532.817,DronePosition,-321.4394,45,-107.379,11.1,CameraPosition,-103.2088,1.686349,-107.5,CameraRotation,348.7166,275.1911,356.8172,CurrentState,MoveToInitial,Slider,51,Scenario,5
ID,19,Time,1532.831,DronePosition,-321.2813,45,-107.379,11.1,CameraPosition,-103.2087,1.686519,-107.5003,CameraRotation,348.5753,275.0478,356.798,CurrentState,MoveToInitial,Slider,51,Scenario,5
ID,19,Time,1532.845,DronePosition,-321.1254,45,-107.379,11.1,CameraPosition,-103.2087,1.686737,-107.5006,CameraRotation,348.4207,274.9167,356.7987,CurrentState,MoveToInitial,Slider,51,Scenario,5
ID,19,Time,1532.859,DronePosition,-320.9733,45,-107.379,11.1,CameraPosition,-103.2087,1.686945,-107.501,CameraRotation,348.2817,274.7964,356.8121,CurrentState,MoveToInitial,Slider,51,Scenario,5
ID,19,Time,1532.873,DronePosition,-320.8186,45,-107.379,11.1,CameraPosition,-103.2087,1.687089,-107.5012,CameraRotation,348.1825,274.686,356.8496,CurrentState,MoveToInitial,Slider,51,Scenario,5
ID,19,Time,1532.887,DronePosition,-320.66,45,-107.379,11.1,CameraPosition,-103.2087,1.687162,-107.5015,CameraRotation,348.1288,274.6003,356.9018,CurrentState,MoveToInitial,Slider,51,Scenario,5
ID,19,Time,1532.901,DronePosition,-320.5056,45,-107.379,11.1,CameraPosition,-103.2086,1.687226,-107.5019,CameraRotation,348.0806,274.5152,356.9589,CurrentState,MoveToInitial,Slider,51,Scenario,5
ID,19,Time,1532.915,DronePosition,-320.3508,45,-107.379,11.1,CameraPosition,-103.2087,1.687311,-107.5022,CameraRotation,348.0283,274.4165,357.0343,CurrentState,MoveToInitial,Slider,51,Scenario,5
ID,19,Time,1532.928,DronePosition,-320.1981,45,-107.379,11.1,CameraPosition,-103.2087,1.687423,-107.5025,CameraRotation,347.9459,274.3065,357.1239,CurrentState,MoveToInitial,Slider,51,Scenario,5
ID,19,Time,1532.942,DronePosition,-320.0437,45,-107.379,11.1,CameraPosition,-103.2087,1.687524,-107.5028,CameraRotation,347.8765,274.2,357.2142,CurrentState,MoveToInitial,Slider,51,Scenario,5
ID,19,Time,1532.957,DronePosition,-319.8847,45,-107.379,11.1,CameraPosition,-103.2088,1.68757,-107.5032,CameraRotation,347.8367,274.0931,357.3098,CurrentState,MoveToInitial,Slider,51,Scenario,5
ID,19,Time,1532.975,DronePosition,-319.6808,45,-107.379,11.1,CameraPosition,-103.2088,1.687577,-107.5035,CameraRotation,347.8261,273.9832,357.4111,CurrentState,MoveToInitial,Slider,51,Scenario,5
ID,19,Time,1532.998,DronePosition,-319.4286,45,-107.379,11.1,CameraPosition,-103.2089,1.687657,-107.5041,CameraRotation,347.804,273.7204,357.6319,CurrentState,MoveToInitial,Slider,51,Scenario,5
ID,19,Time,1533.012,DronePosition,-319.273,45,-107.379,11.1,CameraPosition,-103.2089,1.687713,-107.5044,CameraRotation,347.753,273.58,357.6852,CurrentState,MoveToInitial,Slider,51,Scenario,5
ID,19,Time,1533.026,DronePosition,-319.1187,45,-107.379,11.1,CameraPosition,-103.209,1.687771,-107.5048,CameraRotation,347.716,273.4276,357.686,CurrentState,MoveToInitial,Slider,51,Scenario,5
ID,19,Time,1533.04,DronePosition,-318.9618,45,-107.379,11.1,CameraPosition,-103.209,1.68788,-107.5052,CameraRotation,347.6881,273.2623,357.7231,CurrentState,MoveToInitial,Slider,51,Scenario,5
ID,19,Time,1533.054,DronePosition,-318.8092,45,-107.379,11.1,CameraPosition,-103.209,1.688011,-107.5056,CameraRotation,347.6282,273.0452,357.7819,CurrentState,MoveToInitial,Slider,51,Scenario,5
ID,19,Time,1533.068,DronePosition,-318.6524,45,-107.379,11.1,CameraPosition,-103.2091,1.688179,-107.5061,CameraRotation,347.5302,272.7371,357.8333,CurrentState,MoveToInitial,Slider,51,Scenario,5
ID,19,Time,1533.082,DronePosition,-318.4993,45,-107.379,11.1,CameraPosition,-103.2091,1.688323,-107.5066,CameraRotation,347.4246,272.3781,357.8984,CurrentState,MoveToInitial,Slider,51,Scenario,5
ID,19,Time,1533.095,DronePosition,-318.3441,45,-107.379,11.1,CameraPosition,-103.2091,1.688444,-107.5071,CameraRotation,347.3332,272.0269,357.9915,CurrentState,MoveToInitial,Slider,51,Scenario,5
ID,19,Time,1533.109,DronePosition,-318.1898,45,-107.379,11.1,CameraPosition,-103.2091,1.688663,-107.5076,CameraRotation,347.1713,271.6984,358.0514,CurrentState,MoveToInitial,Slider,51,Scenario,5
ID,19,Time,1533.124,DronePosition,-318.0329,45,-107.379,11.1,CameraPosition,-103.2092,1.689124,-107.5081,CameraRotation,346.8073,271.3535,358.0531,CurrentState,MoveToInitial,Slider,51,Scenario,5
ID,19,Time,1533.137,DronePosition,-317.8788,45,-107.379,11.1,CameraPosition,-103.2092,1.689721,-107.5086,CameraRotation,346.3629,270.9859,358.0609,CurrentState,MoveToInitial,Slider,51,Scenario,5
ID,19,Time,1533.151,DronePosition,-317.7261,45,-107.379,11.1,CameraPosition,-103.2092,1.690378,-107.5092,CameraRotation,345.8972,270.5833,358.074,CurrentState,MoveToInitial,Slider,51,Scenario,5
ID,19,Time,1533.165,DronePosition,-317.5688,45,-107.379,11.1,CameraPosition,-103.2091,1.690953,-107.5097,CameraRotation,345.5225,270.176,358.0838,CurrentState,MoveToInitial,Slider,51,Scenario,5
ID,19,Time,1533.184,DronePosition,-317.364,45,-107.379,11.1,CameraPosition,-103.209,1.69145,-107.5102,CameraRotation,345.2006,269.784,358.1195,CurrentState,MoveToInitial,Slider,51,Scenario,5
ID,19,Time,1533.194,DronePosition,-317.2462,45,-107.379,11.1,CameraPosition,-103.2088,1.691927,-107.5107,CameraRotation,344.8767,269.4106,358.1762,CurrentState,MoveToInitial,Slider,51,Scenario,5
ID,19,Time,1533.206,DronePosition,-317.1125,45,-107.379,11.1,CameraPosition,-103.2086,1.692405,-107.5111,CameraRotation,344.5512,269.0637,358.2205,CurrentState,MoveToInitial,Slider,51,Scenario,5
ID,19,Time,1533.221,DronePosition,-316.9562,45,-107.379,11.1,CameraPosition,-103.2084,1.692813,-107.5115,CameraRotation,344.2598,268.7308,358.264,CurrentState,MoveToInitial,Slider,51,Scenario,5
ID,19,Time,1533.234,DronePosition,-316.8022,45,-107.379,11.1,CameraPosition,-103.2082,1.69314,-107.5119,CameraRotation,344.0375,268.4426,358.3092,CurrentState,MoveToInitial,Slider,51,Scenario,5
ID,19,Time,1533.249,DronePosition,-316.6462,45,-107.379,11.1,CameraPosition,-103.208,1.69349,-107.5122,CameraRotation,343.8239,268.195,358.3716,CurrentState,MoveToInitial,Slider,51,Scenario,5
ID,19,Time,1533.263,DronePosition,-316.4895,45,-107.379,11.1,CameraPosition,-103.2077,1.693818,-107.5125,CameraRotation,343.6211,267.9724,358.4477,CurrentState,MoveToInitial,Slider,51,Scenario,5
ID,19,Time,1533.276,DronePosition,-316.3387,45,-107.379,11.1,CameraPosition,-103.2075,1.694046,-107.5128,CameraRotation,343.4725,267.7873,358.5402,CurrentState,MoveToInitial,Slider,51,Scenario,5
ID,19,Time,1533.29,DronePosition,-316.1818,45,-107.379,11.1,CameraPosition,-103.2073,1.694199,-107.513,CameraRotation,343.3624,267.6075,358.6266,CurrentState,MoveToInitial,Slider,51,Scenario,5
ID,19,Time,1533.304,DronePosition,-316.0272,45,-107.379,11.1,CameraPosition,-103.2071,1.694327,-107.5132,CameraRotation,343.3087,267.4467,358.7196,CurrentState,MoveToInitial,Slider,51,Scenario,5
ID,19,Time,1533.318,DronePosition,-315.873,45,-107.379,11.1,CameraPosition,-103.207,1.694426,-107.5133,CameraRotation,343.2898,267.3104,358.8089,CurrentState,MoveToInitial,Slider,51,Scenario,5
ID,19,Time,1533.332,DronePosition,-315.7179,45,-107.379,11.1,CameraPosition,-103.207,1.694485,-107.5134,CameraRotation,343.2693,267.2039,358.8793,CurrentState,MoveToInitial,Slider,51,Scenario,5
ID,19,Time,1533.346,DronePosition,-315.5602,45,-107.379,11.1,CameraPosition,-103.207,1.694508,-107.5135,CameraRotation,343.2722,267.1146,358.9227,CurrentState,MoveToInitial,Slider,51,Scenario,5
ID,19,Time,1533.36,DronePosition,-315.4067,45,-107.379,11.1,CameraPosition,-103.2071,1.6944,-107.5136,CameraRotation,343.3416,267.0561,358.9564,CurrentState,MoveToInitial,Slider,51,Scenario,5
ID,19,Time,1533.374,DronePosition,-315.2533,45,-107.379,11.1,CameraPosition,-103.2071,1.694233,-107.5136,CameraRotation,343.4565,267.0221,358.9629,CurrentState,MoveToInitial,Slider,51,Scenario,5
ID,19,Time,1533.393,DronePosition,-315.0433,45,-107.379,11.1,CameraPosition,-103.2072,1.694066,-107.5135,CameraRotation,343.5844,267.018,358.975,CurrentState,MoveToInitial,Slider,51,Scenario,5
ID,19,Time,1533.415,DronePosition,-314.7939,45,-107.379,11.1,CameraPosition,-103.2074,1.693789,-107.5134,CameraRotation,343.8027,267.0358,358.9946,CurrentState,MoveToInitial,Slider,51,Scenario,5
ID,19,Time,1533.429,DronePosition,-314.639,45,-107.379,11.1,CameraPosition,-103.2075,1.693729,-107.5134,CameraRotation,343.8489,267.0408,359.0025,CurrentState,MoveToInitial,Slider,51,Scenario,5
ID,19,Time,1533.443,DronePosition,-314.4868,45,-107.379,11.1,CameraPosition,-103.2077,1.69369,-107.5134,CameraRotation,343.894,267.0257,359.0201,CurrentState,MoveToInitial,Slider,51,Scenario,5
ID,19,Time,1533.457,DronePosition,-314.3305,45,-107.379,11.1,CameraPosition,-103.2079,1.693576,-107.5134,CameraRotation,343.964,266.9982,359.057,CurrentState,MoveToInitial,Slider,51,Scenario,5
ID,19,Time,1533.471,DronePosition,-314.1751,45,-107.379,11.1,CameraPosition,-103.2081,1.693429,-107.5134,CameraRotation,344.0628,266.9704,359.0819,CurrentState,MoveToInitial,Slider,51,Scenario,5
ID,19,Time,1533.485,DronePosition,-314.0179,45,-107.379,11.1,CameraPosition,-103.2083,1.69331,-107.5134,CameraRotation,344.1656,266.9399,359.093,CurrentState,MoveToInitial,Slider,51,Scenario,5
ID,19,Time,1533.499,DronePosition,-313.8634,45,-107.379,11.1,CameraPosition,-103.2085,1.693219,-107.5135,CameraRotation,344.2343,266.8855,359.0945,CurrentState,MoveToInitial,Slider,51,Scenario,5
ID,19,Time,1533.513,DronePosition,-313.7085,45,-107.379,11.1,CameraPosition,-103.2088,1.693173,-107.5136,CameraRotation,344.2735,266.8046,359.0823,CurrentState,MoveToInitial,Slider,51,Scenario,5
ID,19,Time,1533.527,DronePosition,-313.5554,45,-107.379,11.1,CameraPosition,-103.209,1.693098,-107.5137,CameraRotation,344.3152,266.6918,359.0764,CurrentState,MoveToInitial,Slider,51,Scenario,5
ID,19,Time,1533.541,DronePosition,-313.4002,45,-107.379,11.1,CameraPosition,-103.2093,1.692971,-107.5138,CameraRotation,344.3977,266.6041,359.0629,CurrentState,MoveToInitial,Slider,51,Scenario,5
ID,19,Time,1533.555,DronePosition,-313.241,45,-107.379,11.1,CameraPosition,-103.2095,1.692783,-107.5139,CameraRotation,344.5182,266.5017,359.0441,CurrentState,MoveToInitial,Slider,51,Scenario,5
ID,19,Time,1533.569,DronePosition,-313.0887,45,-107.379,11.1,CameraPosition,-103.2097,1.692593,-107.514,CameraRotation,344.6445,266.3909,359.045,CurrentState,MoveToInitial,Slider,51,Scenario,5
ID,19,Time,1533.583,DronePosition,-312.9347,45,-107.379,11.1,CameraPosition,-103.21,1.692449,-107.5142,CameraRotation,344.7486,266.2697,359.0349,CurrentState,MoveToInitial,Slider,51,Scenario,5
ID,19,Time,1533.601,DronePosition,-312.7294,45,-107.379,11.1,CameraPosition,-103.2102,1.692402,-107.5143,CameraRotation,344.7895,266.1552,359.021,CurrentState,MoveToInitial,Slider,51,Scenario,5
ID,19,Time,1533.624,DronePosition,-312.4748,45,-107.379,11.1,CameraPosition,-103.2107,1.692361,-107.5145,CameraRotation,344.8,265.9651,359.0089,CurrentState,MoveToInitial,Slider,51,Scenario,5
ID,19,Time,1533.638,DronePosition,-312.3215,45,-107.379,11.1,CameraPosition,-103.2109,1.692255,-107.5146,CameraRotation,344.8738,265.8975,359.003,CurrentState,MoveToInitial,Slider,51,Scenario,5
ID,19,Time,1533.652,DronePosition,-312.1692,45,-107.379,11.1,CameraPosition,-103.2112,1.692125,-107.5147,CameraRotation,344.9737,265.8311,359.0076,CurrentState,MoveToInitial,Slider,51,Scenario,5
ID,19,Time,1533.667,DronePosition,-312.0044,45,-107.379,11.1,CameraPosition,-103.2115,1.692056,-107.5147,CameraRotation,345.0126,265.8075,358.9767,CurrentState,MoveToInitial,Slider,51,Scenario,5
ID,19,Time,1533.68,DronePosition,-311.8555,45,-107.379,11.1,CameraPosition,-103.2119,1.692085,-107.5147,CameraRotation,344.9836,265.8282,358.9102,CurrentState,MoveToInitial,Slider,51,Scenario,5
ID,19,Time,1533.694,DronePosition,-311.7039,45,-107.379,11.1,CameraPosition,-103.2122,1.692101,-107.5146,CameraRotation,344.9775,265.8838,358.8591,CurrentState,MoveToInitial,Slider,51,Scenario,5
ID,19,Time,1533.708,DronePosition,-311.5469,45,-107.379,11.1,CameraPosition,-103.2125,1.692033,-107.5145,CameraRotation,345.0315,265.9393,358.8558,CurrentState,MoveToInitial,Slider,51,Scenario,5
ID,19,Time,1533.722,DronePosition,-311.3921,45,-107.379,11.1,CameraPosition,-103.2127,1.691883,-107.5144,CameraRotation,345.128,266.0122,358.8654,CurrentState,MoveToInitial,Slider,51,Scenario,5
ID,19,Time,1533.736,DronePosition,-311.2368,45,-107.379,11.1,CameraPosition,-103.213,1.691716,-107.5143,CameraRotation,345.203,266.0957,358.8793,CurrentState,MoveToInitial,Slider,51,Scenario,5
ID,19,Time,1533.75,DronePosition,-311.0836,45,-107.379,11.1,CameraPosition,-103.2133,1.691636,-107.5143,CameraRotation,345.2155,266.1812,358.8997,CurrentState,MoveToInitial,Slider,51,Scenario,5
ID,19,Time,1533.764,DronePosition,-310.9253,45,-107.379,11.1,CameraPosition,-103.2136,1.691672,-107.5142,CameraRotation,345.1875,266.2609,358.9012,CurrentState,MoveToInitial,Slider,51,Scenario,5
ID,19,Time,1533.778,DronePosition,-310.77,45,-107.379,11.1,CameraPosition,-103.2139,1.691702,-107.5142,CameraRotation,345.1521,266.3124,358.9244,CurrentState,MoveToInitial,Slider,51,Scenario,5
ID,19,Time,1533.792,DronePosition,-310.6112,45,-107.379,11.1,CameraPosition,-103.2142,1.691687,-107.5142,CameraRotation,345.1613,266.3527,358.9501,CurrentState,MoveToInitial,Slider,51,Scenario,5
ID,19,Time,1533.81,DronePosition,-310.4088,45,-107.379,11.1,CameraPosition,-103.2145,1.691624,-107.5142,CameraRotation,345.2002,266.3719,358.9936,CurrentState,MoveToInitial,Slider,51,Scenario,5
ID,19,Time,1533.833,DronePosition,-310.1605,45,-107.379,11.1,CameraPosition,-103.2151,1.691483,-107.5142,CameraRotation,345.2957,266.4472,359.0245,CurrentState,MoveToInitial,Slider,51,Scenario,5
ID,19,Time,1533.847,DronePosition,-310.0034,45,-107.379,11.1,CameraPosition,-103.2154,1.691444,-107.5142,CameraRotation,345.3424,266.4819,359.0262,CurrentState,MoveToInitial,Slider,51,Scenario,5
ID,19,Time,1533.861,DronePosition,-309.8487,45,-107.379,11.1,CameraPosition,-103.2157,1.691428,-107.5141,CameraRotation,345.3594,266.4886,359.0209,CurrentState,MoveToInitial,Slider,51,Scenario,5
ID,19,Time,1533.875,DronePosition,-309.6933,45,-107.379,11.1,CameraPosition,-103.216,1.691414,-107.5141,CameraRotation,345.3711,266.4893,359.0108,CurrentState,MoveToInitial,Slider,51,Scenario,5
ID,19,Time,1533.889,DronePosition,-309.5359,45,-107.379,11.1,CameraPosition,-103.2163,1.69139,-107.5142,CameraRotation,345.4163,266.4908,358.994,CurrentState,MoveToInitial,Slider,51,Scenario,5
ID,19,Time,1533.903,DronePosition,-309.3831,45,-107.379,11.1,CameraPosition,-103.2165,1.691335,-107.5143,CameraRotation,345.4691,266.475,359.0031,CurrentState,MoveToInitial,Slider,51,Scenario,5
ID,19,Time,1533.917,DronePosition,-309.2282,45,-107.379,11.1,CameraPosition,-103.2168,1.691271,-107.5143,CameraRotation,345.5353,266.4629,359.0153,CurrentState,MoveToInitial,Slider,51,Scenario,5
ID,19,Time,1533.931,DronePosition,-309.0727,45,-107.379,11.1,CameraPosition,-103.2171,1.691192,-107.5143,CameraRotation,345.6042,266.457,359.0266,CurrentState,MoveToInitial,Slider,51,Scenario,5
ID,19,Time,1533.945,DronePosition,-308.9186,45,-107.379,11.1,CameraPosition,-103.2174,1.691098,-107.5143,CameraRotation,345.6843,266.4688,359.0317,CurrentState,MoveToInitial,Slider,51,Scenario,5
ID,19,Time,1533.959,DronePosition,-308.7617,45,-107.379,11.1,CameraPosition,-103.2177,1.690996,-107.5142,CameraRotation,345.7579,266.4675,359.0462,CurrentState,MoveToInitial,Slider,51,Scenario,5
ID,19,Time,1533.973,DronePosition,-308.6057,45,-107.379,11.1,CameraPosition,-103.2179,1.690906,-107.5142,CameraRotation,345.821,266.4885,359.0414,CurrentState,MoveToInitial,Slider,51,Scenario,5
ID,19,Time,1533.987,DronePosition,-308.4491,45,-107.379,11.1,CameraPosition,-103.2181,1.690794,-107.5141,CameraRotation,345.8987,266.5078,359.0552,CurrentState,MoveToInitial,Slider,51,Scenario,5
ID,19,Time,1534.001,DronePosition,-308.2961,45,-107.379,11.1,CameraPosition,-103.2184,1.690661,-107.514,CameraRotation,345.9882,266.5302,359.0638,CurrentState,MoveToInitial,Slider,51,Scenario,5
ID,19,Time,1534.019,DronePosition,-308.0896,45,-107.379,11.1,CameraPosition,-103.2186,1.690501,-107.5139,CameraRotation,346.0918,266.5634,359.0854,CurrentState,MoveToInitial,Slider,51,Scenario,5
ID,19,Time,1534.042,DronePosition,-307.8398,45,-107.379,11.1,CameraPosition,-103.2191,1.69029,-107.5136,CameraRotation,346.3012,266.6563,359.1037,CurrentState,MoveToInitial,Slider,51,Scenario,5
ID,19,Time,1534.056,DronePosition,-307.6859,45,-107.379,11.1,CameraPosition,-103.2193,1.690259,-107.5135,CameraRotation,346.3694,266.6954,359.1261,CurrentState,MoveToInitial,Slider,51,Scenario,5
ID,19,Time,1534.07,DronePosition,-307.5278,45,-107.379,11.1,CameraPosition,-103.2195,1.690277,-107.5133,CameraRotation,346.4253,266.71,359.1452,CurrentState,MoveToInitial,Slider,51,Scenario,5
ID,19,Time,1534.084,DronePosition,-307.3757,45,-107.379,11.1,CameraPosition,-103.2197,1.69028,-107.5132,CameraRotation,346.4866,266.7219,359.1585,CurrentState,MoveToInitial,Slider,51,Scenario,5
ID,19,Time,1534.098,DronePosition,-307.219,45,-107.379,11.1,CameraPosition,-103.22,1.690273,-107.513,CameraRotation,346.545,266.722,359.1895,CurrentState,MoveToInitial,Slider,51,Scenario,5
ID,19,Time,1534.112,DronePosition,-307.0648,45,-107.379,11.1,CameraPosition,-103.2202,1.690248,-107.5128,CameraRotation,346.5929,266.7295,359.2174,CurrentState,MoveToInitial,Slider,51,Scenario,5
ID,19,Time,1534.126,DronePosition,-306.9091,45,-107.379,11.1,CameraPosition,-103.2205,1.690262,-107.5127,CameraRotation,346.5894,266.7306,359.2211,CurrentState,MoveToInitial,Slider,51,Scenario,5
ID,19,Time,1534.14,DronePosition,-306.7517,45,-107.379,11.1,CameraPosition,-103.2208,1.690338,-107.5125,CameraRotation,346.5191,266.7205,359.2262,CurrentState,MoveToInitial,Slider,51,Scenario,5
ID,19,Time,1534.154,DronePosition,-306.5977,45,-107.379,11.1,CameraPosition,-103.2211,1.690474,-107.5123,CameraRotation,346.3668,266.6868,359.2162,CurrentState,MoveToInitial,Slider,51,Scenario,5
ID,19,Time,1534.168,DronePosition,-306.4435,45,-107.379,11.1,CameraPosition,-103.2214,1.690605,-107.5121,CameraRotation,346.2209,266.6122,359.2139,CurrentState,MoveToInitial,Slider,51,Scenario,5
ID,19,Time,1534.182,DronePosition,-306.2887,45,-107.379,11.1,CameraPosition,-103.2217,1.690638,-107.5119,CameraRotation,346.1176,266.5014,359.2064,CurrentState,MoveToInitial,Slider,51,Scenario,5
ID,19,Time,1534.195,DronePosition,-306.1346,45,-107.379,11.1,CameraPosition,-103.222,1.690637,-107.5117,CameraRotation,346.0903,266.3671,359.1559,CurrentState,MoveToInitial,Slider,51,Scenario,5
ID,19,Time,1534.212,DronePosition,-305.9528,45,-107.379,11.1,CameraPosition,-103.2222,1.690597,-107.5115,CameraRotation,346.0756,266.2499,359.0977,CurrentState,MoveToInitial,Slider,51,Scenario,5
ID,19,Time,1534.228,DronePosition,-305.771,45,-107.379,11.1,CameraPosition,-103.2224,1.690599,-107.5112,CameraRotation,346.0722,266.1583,359.0445,CurrentState,MoveToInitial,Slider,51,Scenario,5
ID,19,Time,1534.25,DronePosition,-305.5236,45,-107.379,11.1,CameraPosition,-103.223,1.690957,-107.5105,CameraRotation,345.8018,266.012,358.924,CurrentState,MoveToInitial,Slider,51,Scenario,5
ID,19,Time,1534.265,DronePosition,-305.3665,45,-107.379,11.1,CameraPosition,-103.2233,1.691243,-107.5101,CameraRotation,345.5923,265.9368,358.8621,CurrentState,MoveToInitial,Slider,51,Scenario,5
ID,19,Time,1534.279,DronePosition,-305.2121,45,-107.379,11.1,CameraPosition,-103.2237,1.691596,-107.5097,CameraRotation,345.3409,265.8789,358.7994,CurrentState,MoveToInitial,Slider,51,Scenario,5
ID,19,Time,1534.293,DronePosition,-305.057,45,-107.379,11.1,CameraPosition,-103.224,1.692226,-107.5094,CameraRotation,344.867,265.8384,358.7656,CurrentState,MoveToInitial,Slider,51,Scenario,5
ID,19,Time,1534.307,DronePosition,-304.9017,45,-107.379,11.1,CameraPosition,-103.2242,1.692852,-107.509,CameraRotation,344.3675,265.7966,358.7355,CurrentState,MoveToInitial,Slider,51,Scenario,5
ID,19,Time,1534.32,DronePosition,-304.7468,45,-107.379,11.1,CameraPosition,-103.2244,1.693202,-107.5086,CameraRotation,344.0564,265.7693,358.6662,CurrentState,MoveToInitial,Slider,51,Scenario,5
ID,19,Time,1534.335,DronePosition,-304.5902,45,-107.379,11.1,CameraPosition,-103.2245,1.693367,-107.5083,CameraRotation,343.9173,265.7438,358.5621,CurrentState,MoveToInitial,Slider,51,Scenario,5
ID,19,Time,1534.348,DronePosition,-304.4373,45,-107.379,11.1,CameraPosition,-103.2245,1.693439,-107.5079,CameraRotation,343.8436,265.7521,358.5017,CurrentState,MoveToInitial,Slider,51,Scenario,5
ID,19,Time,1534.362,DronePosition,-304.2834,45,-107.379,11.1,CameraPosition,-103.2245,1.693487,-107.5075,CameraRotation,343.7852,265.7857,358.4833,CurrentState,MoveToInitial,Slider,51,Scenario,5
ID,19,Time,1534.376,DronePosition,-304.1286,45,-107.379,11.1,CameraPosition,-103.2245,1.693545,-107.5071,CameraRotation,343.6996,265.8247,358.4571,CurrentState,MoveToInitial,Slider,51,Scenario,5
ID,19,Time,1534.39,DronePosition,-303.9737,45,-107.379,11.1,CameraPosition,-103.2244,1.693521,-107.5067,CameraRotation,343.6616,265.8817,358.4375,CurrentState,MoveToInitial,Slider,51,Scenario,5
ID,19,Time,1534.404,DronePosition,-303.8175,45,-107.379,11.1,CameraPosition,-103.2244,1.693475,-107.5063,CameraRotation,343.6593,265.9586,358.4021,CurrentState,MoveToInitial,Slider,51,Scenario,5
ID,19,Time,1534.418,DronePosition,-303.6589,45,-107.379,11.1,CameraPosition,-103.2243,1.693406,-107.5059,CameraRotation,343.6755,266.0322,358.3592,CurrentState,MoveToInitial,Slider,51,Scenario,5
ID,19,Time,1534.437,DronePosition,-303.4554,45,-107.379,11.1,CameraPosition,-103.2243,1.693296,-107.5056,CameraRotation,343.7367,266.1041,358.3275,CurrentState,MoveToInitial,Slider,51,Scenario,5
ID,19,Time,1534.46,DronePosition,-303.198,45,-107.379,11.1,CameraPosition,-103.2242,1.693159,-107.5051,CameraRotation,343.8321,266.2195,358.2856,CurrentState,MoveToInitial,Slider,51,Scenario,5
ID,19,Time,1534.474,DronePosition,-303.049,45,-107.379,11.1,CameraPosition,-103.2242,1.693081,-107.5048,CameraRotation,343.8495,266.2633,358.2717,CurrentState,MoveToInitial,Slider,51,Scenario,5
ID,19,Time,1534.488,DronePosition,-302.8866,45,-107.379,11.1,CameraPosition,-103.2242,1.692999,-107.5046,CameraRotation,343.9033,266.2939,358.2655,CurrentState,MoveToInitial,Slider,51,Scenario,5
ID,19,Time,1534.501,DronePosition,-302.7386,45,-107.379,11.1,CameraPosition,-103.2241,1.692889,-107.5044,CameraRotation,343.9623,266.3051,358.2684,CurrentState,MoveToInitial,Slider,51,Scenario,5
ID,19,Time,1534.516,DronePosition,-302.5811,45,-107.379,11.1,CameraPosition,-103.2241,1.692767,-107.5042,CameraRotation,344.056,266.3157,358.2716,CurrentState,MoveToInitial,Slider,51,Scenario,5
ID,19,Time,1534.53,DronePosition,-302.4239,45,-107.379,11.1,CameraPosition,-103.224,1.692649,-107.5041,CameraRotation,344.1622,266.3236,358.2658,CurrentState,MoveToInitial,Slider,51,Scenario,5
ID,19,Time,1534.543,DronePosition,-302.2723,45,-107.379,11.1,CameraPosition,-103.224,1.692545,-107.5039,CameraRotation,344.2437,266.3234,358.2741,CurrentState,MoveToInitial,Slider,51,Scenario,5
ID,19,Time,1534.557,DronePosition,-302.1194,45,-107.379,11.1,CameraPosition,-103.2239,1.692493,-107.5037,CameraRotation,344.2924,266.3312,358.2905,CurrentState,MoveToInitial,Slider,51,Scenario,5
ID,19,Time,1534.571,DronePosition,-301.9633,45,-107.379,11.1,CameraPosition,-103.2238,1.692447,-107.5034,CameraRotation,344.314,266.3292,358.328,CurrentState,MoveToInitial,Slider,51,Scenario,5
ID,19,Time,1534.585,DronePosition,-301.8087,45,-107.379,11.1,CameraPosition,-103.2237,1.692393,-107.5032,CameraRotation,344.3711,266.3338,358.3642,CurrentState,MoveToInitial,Slider,51,Scenario,5
ID,19,Time,1534.599,DronePosition,-301.655,45,-107.379,11.1,CameraPosition,-103.2235,1.692294,-107.5029,CameraRotation,344.4259,266.3647,358.3996,CurrentState,MoveToInitial,Slider,51,Scenario,5
ID,19,Time,1534.613,DronePosition,-301.4957,45,-107.379,11.1,CameraPosition,-103.2233,1.69221,-107.5027,CameraRotation,344.5144,266.4142,358.3976,CurrentState,MoveToInitial,Slider,51,Scenario,5
ID,19,Time,1534.627,DronePosition,-301.3418,45,-107.379,11.1,CameraPosition,-103.2231,1.692119,-107.5024,CameraRotation,344.5873,266.5,358.3839,CurrentState,MoveToInitial,Slider,51,Scenario,5
ID,19,Time,1534.646,DronePosition,-301.1309,45,-107.379,11.1,CameraPosition,-103.2229,1.692079,-107.5021,CameraRotation,344.6362,266.6067,358.3655,CurrentState,MoveToInitial,Slider,51,Scenario,5
ID,19,Time,1534.668,DronePosition,-300.8882,45,-107.379,11.1,CameraPosition,-103.2224,1.692061,-107.5013,CameraRotation,344.6745,266.8621,358.3582,CurrentState,MoveToInitial,Slider,51,Scenario,5
ID,19,Time,1534.682,DronePosition,-300.7319,45,-107.379,11.1,CameraPosition,-103.222,1.692029,-107.5008,CameraRotation,344.7148,267.0318,358.3429,CurrentState,MoveToInitial,Slider,51,Scenario,5
ID,19,Time,1534.696,DronePosition,-300.5767,45,-107.379,11.1,CameraPosition,-103.2216,1.691995,-107.5004,CameraRotation,344.737,267.202,358.3061,CurrentState,MoveToInitial,Slider,51,Scenario,5
ID,19,Time,1534.71,DronePosition,-300.422,45,-107.379,11.1,CameraPosition,-103.2212,1.692051,-107.5,CameraRotation,344.7321,267.3872,358.2692,CurrentState,MoveToInitial,Slider,51,Scenario,5
ID,19,Time,1534.724,DronePosition,-300.2674,45,-107.379,11.1,CameraPosition,-103.2208,1.692122,-107.4997,CameraRotation,344.7115,267.5793,358.2466,CurrentState,MoveToInitial,Slider,51,Scenario,5
ID,19,Time,1534.738,DronePosition,-300.1089,45,-107.379,11.1,CameraPosition,-103.2203,1.69218,-107.4995,CameraRotation,344.7057,267.7758,358.2068,CurrentState,MoveToInitial,Slider,51,Scenario,5
ID,19,Time,1534.752,DronePosition,-299.954,45,-107.379,11.1,CameraPosition,-103.2198,1.692227,-107.4993,CameraRotation,344.7311,267.9721,358.1807,CurrentState,MoveToInitial,Slider,51,Scenario,5
ID,19,Time,1534.766,DronePosition,-299.801,45,-107.379,11.1,CameraPosition,-103.2193,1.692283,-107.4992,CameraRotation,344.761,268.1817,358.1503,CurrentState,MoveToInitial,Slider,51,Scenario,5
ID,19,Time,1534.78,DronePosition,-299.6436,45,-107.379,11.1,CameraPosition,-103.2188,1.692355,-107.4992,CameraRotation,344.7839,268.3881,358.1559,CurrentState,MoveToInitial,Slider,51,Scenario,5
ID,19,Time,1534.794,DronePosition,-299.4897,45,-107.379,11.1,CameraPosition,-103.2182,1.692435,-107.4993,CameraRotation,344.7792,268.5699,358.1766,CurrentState,MoveToInitial,Slider,51,Scenario,5
ID,19,Time,1534.808,DronePosition,-299.3346,45,-107.379,11.1,CameraPosition,-103.2176,1.692556,-107.4994,CameraRotation,344.7325,268.7335,358.1936,CurrentState,MoveToInitial,Slider,51,Scenario,5
ID,19,Time,1534.822,DronePosition,-299.1806,45,-107.379,11.1,CameraPosition,-103.2171,1.692699,-107.4996,CameraRotation,344.679,268.8753,358.2184,CurrentState,MoveToInitial,Slider,51,Scenario,5
ID,19,Time,1534.836,DronePosition,-299.0229,45,-107.379,11.1,CameraPosition,-103.2165,1.692829,-107.4998,CameraRotation,344.6348,268.9635,358.2639,CurrentState,MoveToInitial,Slider,51,Scenario,5
ID,19,Time,1534.855,DronePosition,-298.8168,45,-107.379,11.1,CameraPosition,-103.2159,1.692943,-107.5002,CameraRotation,344.5946,269.0311,358.2987,CurrentState,MoveToInitial,Slider,51,Scenario,5
ID,19,Time,1534.877,DronePosition,-298.5705,45,-107.379,11.1,CameraPosition,-103.2148,1.6932,-107.501,CameraRotation,344.4866,269.0914,358.3742,CurrentState,MoveToInitial,Slider,51,Scenario,5
ID,19,Time,1534.891,DronePosition,-298.411,45,-107.379,11.1,CameraPosition,-103.2143,1.693367,-107.5015,CameraRotation,344.3755,269.0807,358.437,CurrentState,MoveToInitial,Slider,51,Scenario,5
ID,19,Time,1534.905,DronePosition,-298.2571,45,-107.379,11.1,CameraPosition,-103.2138,1.69352,-107.502,CameraRotation,344.2697,269.0269,358.537,CurrentState,MoveToInitial,Slider,51,Scenario,5
ID,19,Time,1534.919,DronePosition,-298.1032,45,-107.379,11.1,CameraPosition,-103.2133,1.693671,-107.5027,CameraRotation,344.1834,268.9531,358.6692,CurrentState,MoveToInitial,Slider,51,Scenario,5
ID,19,Time,1534.933,DronePosition,-297.9456,45,-107.379,11.1,CameraPosition,-103.2129,1.693824,-107.5033,CameraRotation,344.0927,268.8642,358.7917,CurrentState,MoveToInitial,Slider,51,Scenario,5
ID,19,Time,1534.947,DronePosition,-297.7928,45,-107.379,11.1,CameraPosition,-103.2125,1.694019,-107.504,CameraRotation,343.9983,268.7671,358.8457,CurrentState,MoveToInitial,Slider,51,Scenario,5
ID,19,Time,1534.961,DronePosition,-297.6357,45,-107.379,11.1,CameraPosition,-103.2121,1.694189,-107.5048,CameraRotation,343.9113,268.6693,358.8706,CurrentState,MoveToInitial,Slider,51,Scenario,5
ID,19,Time,1534.975,DronePosition,-297.4815,45,-107.379,11.1,CameraPosition,-103.2117,1.694343,-107.5055,CameraRotation,343.846,268.5693,358.9191,CurrentState,MoveToInitial,Slider,51,Scenario,5
ID,19,Time,1534.989,DronePosition,-297.3271,45,-107.379,11.1,CameraPosition,-103.2114,1.694466,-107.5063,CameraRotation,343.7964,268.4395,359.0035,CurrentState,MoveToInitial,Slider,51,Scenario,5
ID,19,Time,1535.003,DronePosition,-297.1743,45,-107.379,11.1,CameraPosition,-103.211,1.694581,-107.5071,CameraRotation,343.743,268.2565,359.141,CurrentState,MoveToInitial,Slider,51,Scenario,5
ID,19,Time,1535.017,DronePosition,-297.0166,45,-107.379,11.1,CameraPosition,-103.2107,1.694706,-107.5078,CameraRotation,343.6825,268.0862,359.2856,CurrentState,MoveToInitial,Slider,51,Scenario,5
ID,19,Time,1535.031,DronePosition,-296.8615,45,-107.379,11.1,CameraPosition,-103.2104,1.694818,-107.5086,CameraRotation,343.6096,267.8936,359.4017,CurrentState,MoveToInitial,Slider,51,Scenario,5
ID,19,Time,1535.045,DronePosition,-296.707,45,-107.379,11.1,CameraPosition,-103.2101,1.694933,-107.5093,CameraRotation,343.5733,267.6952,359.4954,CurrentState,MoveToInitial,Slider,51,Scenario,5
ID,19,Time,1535.064,DronePosition,-296.4972,45,-107.379,11.1,CameraPosition,-103.2099,1.695009,-107.51,CameraRotation,343.5397,267.5107,359.5793,CurrentState,MoveToInitial,Slider,51,Scenario,5
ID,19,Time,1535.086,DronePosition,-296.2489,45,-107.379,11.1,CameraPosition,-103.2093,1.695017,-107.5112,CameraRotation,343.5305,267.1779,359.7373,CurrentState,MoveToInitial,Slider,51,Scenario,5
ID,19,Time,1535.1,DronePosition,-296.0959,45,-107.379,11.1,CameraPosition,-103.2091,1.694937,-107.5117,CameraRotation,343.5633,267.0388,359.8149,CurrentState,MoveToInitial,Slider,51,Scenario,5
ID,19,Time,1535.114,DronePosition,-295.9416,45,-107.379,11.1,CameraPosition,-103.2089,1.694885,-107.5121,CameraRotation,343.5869,266.9151,359.9125,CurrentState,MoveToInitial,Slider,51,Scenario,5
ID,19,Time,1535.128,DronePosition,-295.7868,45,-107.379,11.1,CameraPosition,-103.2086,1.694871,-107.5124,CameraRotation,343.5855,266.8237,359.9656,CurrentState,MoveToInitial,Slider,51,Scenario,5
ID,19,Time,1535.142,DronePosition,-295.6289,45,-107.379,11.1,CameraPosition,-103.2084,1.694865,-107.5127,CameraRotation,343.5582,266.7728,359.9489,CurrentState,MoveToInitial,Slider,51,Scenario,5
ID,19,Time,1535.156,DronePosition,-295.4735,45,-107.379,11.1,CameraPosition,-103.2082,1.694881,-107.513,CameraRotation,343.5396,266.7368,359.9089,CurrentState,MoveToInitial,Slider,51,Scenario,5
ID,19,Time,1535.17,DronePosition,-295.3181,45,-107.379,11.1,CameraPosition,-103.208,1.694911,-107.5132,CameraRotation,343.4852,266.7205,359.8992,CurrentState,MoveToInitial,Slider,51,Scenario,5
ID,19,Time,1535.184,DronePosition,-295.1656,45,-107.379,11.1,CameraPosition,-103.2078,1.694977,-107.5134,CameraRotation,343.4281,266.6865,359.9207,CurrentState,MoveToInitial,Slider,51,Scenario,5
ID,19,Time,1535.198,DronePosition,-295.0068,45,-107.379,11.1,CameraPosition,-103.2077,1.695028,-107.5135,CameraRotation,343.3452,266.6555,359.9547,CurrentState,MoveToInitial,Slider,51,Scenario,5
ID,19,Time,1535.212,DronePosition,-294.8564,45,-107.379,11.1,CameraPosition,-103.2075,1.69507,-107.5136,CameraRotation,343.2914,266.6405,359.954,CurrentState,MoveToInitial,Slider,51,Scenario,5
ID,19,Time,1535.226,DronePosition,-294.6914,45,-107.379,11.1,CameraPosition,-103.2074,1.695087,-107.5136,CameraRotation,343.253,266.6614,359.9142,CurrentState,MoveToInitial,Slider,51,Scenario,5
ID,19,Time,1535.24,DronePosition,-294.543,45,-107.379,11.1,CameraPosition,-103.2073,1.695111,-107.5137,CameraRotation,343.2352,266.691,359.8664,CurrentState,MoveToInitial,Slider,51,Scenario,5
ID,19,Time,1535.254,DronePosition,-294.3895,45,-107.379,11.1,CameraPosition,-103.2072,1.695123,-107.5137,CameraRotation,343.2393,266.7459,359.8145,CurrentState,MoveToInitial,Slider,51,Scenario,5
ID,19,Time,1535.272,DronePosition,-294.1819,45,-107.379,11.1,CameraPosition,-103.2072,1.695142,-107.5138,CameraRotation,343.2388,266.7943,359.7691,CurrentState,MoveToInitial,Slider,51,Scenario,5
ID,19,Time,1535.295,DronePosition,-293.9285,45,-107.379,11.1,CameraPosition,-103.207,1.695182,-107.5138,CameraRotation,343.2768,266.9031,359.7226,CurrentState,MoveToInitial,Slider,51,Scenario,5
ID,19,Time,1535.308,DronePosition,-293.7796,45,-107.379,11.1,CameraPosition,-103.207,1.695189,-107.5138,CameraRotation,343.2824,266.9411,359.7162,CurrentState,MoveToInitial,Slider,51,Scenario,5
ID,19,Time,1535.323,DronePosition,-293.6206,45,-107.379,11.1,CameraPosition,-103.2069,1.695169,-107.5138,CameraRotation,343.298,266.9416,359.7324,CurrentState,MoveToInitial,Slider,51,Scenario,5
ID,19,Time,1535.337,DronePosition,-293.4669,45,-107.379,11.1,CameraPosition,-103.2069,1.695097,-107.5139,CameraRotation,343.3048,266.9403,359.7552,CurrentState,MoveToInitial,Slider,51,Scenario,5
ID,19,Time,1535.351,DronePosition,-293.3092,45,-107.379,11.1,CameraPosition,-103.2068,1.695023,-107.5139,CameraRotation,343.3364,266.9229,359.7559,CurrentState,MoveToInitial,Slider,51,Scenario,5
ID,19,Time,1535.365,DronePosition,-293.156,45,-107.379,11.1,CameraPosition,-103.2069,1.694989,-107.514,CameraRotation,343.346,266.9199,359.7304,CurrentState,MoveToInitial,Slider,51,Scenario,5
ID,19,Time,1535.379,DronePosition,-292.9988,45,-107.379,11.1,CameraPosition,-103.2069,1.694991,-107.514,CameraRotation,343.3518,266.9294,359.6861,CurrentState,MoveToInitial,Slider,51,Scenario,5
ID,19,Time,1535.393,DronePosition,-292.8455,45,-107.379,11.1,CameraPosition,-103.2069,1.694998,-107.514,CameraRotation,343.3641,266.9401,359.6608,CurrentState,MoveToInitial,Slider,51,Scenario,5
ID,19,Time,1535.407,DronePosition,-292.69,45,-107.379,11.1,CameraPosition,-103.207,1.69494,-107.514,CameraRotation,343.3883,266.957,359.6407,CurrentState,MoveToInitial,Slider,51,Scenario,5
ID,19,Time,1535.42,DronePosition,-292.5374,45,-107.379,11.1,CameraPosition,-103.207,1.694817,-107.514,CameraRotation,343.4243,266.9793,359.6194,CurrentState,MoveToInitial,Slider,51,Scenario,5
ID,19,Time,1535.434,DronePosition,-292.383,45,-107.379,11.1,CameraPosition,-103.2071,1.6947,-107.5141,CameraRotation,343.4764,267.0085,359.5849,CurrentState,MoveToInitial,Slider,51,Scenario,5
ID,19,Time,1535.448,DronePosition,-292.226,45,-107.379,11.1,CameraPosition,-103.2071,1.69458,-107.514,CameraRotation,343.5138,267.0404,359.5589,CurrentState,MoveToInitial,Slider,51,Scenario,5
ID,19,Time,1535.462,DronePosition,-292.071,45,-107.379,11.1,CameraPosition,-103.2072,1.694489,-107.5139,CameraRotation,343.5194,267.0833,359.5638,CurrentState,MoveToInitial,Slider,51,Scenario,5
ID,19,Time,1535.483,DronePosition,-291.8462,45,-107.379,11.1,CameraPosition,-103.2072,1.694442,-107.5139,CameraRotation,343.527,267.1323,359.5583,CurrentState,MoveToInitial,Slider,51,Scenario,5
ID,19,Time,1535.506,DronePosition,-291.5847,45,-107.379,11.1,CameraPosition,-103.2074,1.694413,-107.5136,CameraRotation,343.506,267.2724,359.4917,CurrentState,MoveToInitial,Slider,51,Scenario,5
ID,19,Time,1535.52,DronePosition,-291.4358,45,-107.379,11.1,CameraPosition,-103.2074,1.694381,-107.5135,CameraRotation,343.5473,267.3309,359.4481,CurrentState,MoveToInitial,Slider,51,Scenario,5
ID,19,Time,1535.533,DronePosition,-291.2826,45,-107.379,11.1,CameraPosition,-103.2074,1.694322,-107.5134,CameraRotation,343.6165,267.376,359.4151,CurrentState,MoveToInitial,Slider,51,Scenario,5
ID,19,Time,1535.547,DronePosition,-291.1302,45,-107.379,11.1,CameraPosition,-103.2074,1.694291,-107.5132,CameraRotation,343.6709,267.4161,359.3899,CurrentState,MoveToInitial,Slider,51,Scenario,5
ID,19,Time,1535.561,DronePosition,-290.9824,45,-107.379,11.1,CameraPosition,-103.2074,1.694257,-107.513,CameraRotation,343.6769,267.463,359.3313,CurrentState,MoveToInitial,Slider,51,Scenario,5
ID,19,Time,1535.574,DronePosition,-290.8272,45,-107.379,11.1,CameraPosition,-103.2075,1.694187,-107.5129,CameraRotation,343.6862,267.5278,359.2222,CurrentState,MoveToInitial,Slider,51,Scenario,5
ID,19,Time,1535.589,DronePosition,-290.6685,45,-107.379,11.1,CameraPosition,-103.2075,1.6941,-107.5127,CameraRotation,343.705,267.6135,359.1803,CurrentState,MoveToInitial,Slider,51,Scenario,5
ID,19,Time,1535.602,DronePosition,-290.5197,45,-107.379,11.1,CameraPosition,-103.2074,1.694025,-107.5125,CameraRotation,343.7041,267.7144,359.1525,CurrentState,MoveToInitial,Slider,51,Scenario,5
ID,19,Time,1535.616,DronePosition,-290.3647,45,-107.379,11.1,CameraPosition,-103.2074,1.693955,-107.5124,CameraRotation,343.6873,267.8272,359.129,CurrentState,MoveToInitial,Slider,51,Scenario,5
ID,19,Time,1535.63,DronePosition,-290.2125,45,-107.379,11.1,CameraPosition,-103.2073,1.693914,-107.5122,CameraRotation,343.6671,267.9517,359.0961,CurrentState,MoveToInitial,Slider,51,Scenario,5
ID,19,Time,1535.644,DronePosition,-290.0581,45,-107.379,11.1,CameraPosition,-103.2072,1.693892,-107.5121,CameraRotation,343.6446,268.0922,359.0649,CurrentState,MoveToInitial,Slider,51,Scenario,5
ID,19,Time,1535.657,DronePosition,-289.9069,45,-107.379,11.1,CameraPosition,-103.2072,1.693885,-107.5119,CameraRotation,343.6466,268.2137,359.0417,CurrentState,MoveToInitial,Slider,51,Scenario,5
ID,19,Time,1535.672,DronePosition,-289.7469,45,-107.379,11.1,CameraPosition,-103.2071,1.69384,-107.5118,CameraRotation,343.6559,268.3059,359.0385,CurrentState,MoveToInitial,Slider,51,Scenario,5
ID,19,Time,1535.69,DronePosition,-289.5436,45,-107.379,11.1,CameraPosition,-103.207,1.693782,-107.5118,CameraRotation,343.6985,268.3733,359.0334,CurrentState,MoveToInitial,Slider,51,Scenario,5
ID,19,Time,1535.713,DronePosition,-289.2928,45,-107.379,11.1,CameraPosition,-103.2067,1.69369,-107.5118,CameraRotation,343.7437,268.4494,359.0026,CurrentState,MoveToInitial,Slider,51,Scenario,5
ID,19,Time,1535.726,DronePosition,-289.1425,45,-107.379,11.1,CameraPosition,-103.2067,1.693725,-107.5118,CameraRotation,343.7343,268.4716,358.9782,CurrentState,MoveToInitial,Slider,51,Scenario,5
ID,19,Time,1535.74,DronePosition,-288.9847,45,-107.379,11.1,CameraPosition,-103.2066,1.693785,-107.5119,CameraRotation,343.6966,268.4684,358.9714,CurrentState,MoveToInitial,Slider,51,Scenario,5
ID,19,Time,1535.755,DronePosition,-288.8264,45,-107.379,11.1,CameraPosition,-103.2065,1.69384,-107.512,CameraRotation,343.6557,268.4648,358.9405,CurrentState,MoveToInitial,Slider,51,Scenario,5
ID,19,Time,1535.768,DronePosition,-288.6756,45,-107.379,11.1,CameraPosition,-103.2064,1.693864,-107.5121,CameraRotation,343.6306,268.4724,358.9085,CurrentState,MoveToInitial,Slider,51,Scenario,5
ID,19,Time,1535.782,DronePosition,-288.5197,45,-107.379,11.1,CameraPosition,-103.2063,1.693895,-107.5121,CameraRotation,343.5935,268.4813,358.8986,CurrentState,MoveToInitial,Slider,51,Scenario,5
ID,19,Time,1535.796,DronePosition,-288.3647,45,-107.379,11.1,CameraPosition,-103.2062,1.693953,-107.5122,CameraRotation,343.5456,268.4944,358.9184,CurrentState,MoveToInitial,Slider,51,Scenario,5
ID,19,Time,1535.81,DronePosition,-288.2114,45,-107.379,11.1,CameraPosition,-103.2061,1.694021,-107.5123,CameraRotation,343.5078,268.5118,358.9349,CurrentState,MoveToInitial,Slider,51,Scenario,5
ID,19,Time,1535.824,DronePosition,-288.0559,45,-107.379,11.1,CameraPosition,-103.2061,1.694082,-107.5124,CameraRotation,343.4633,268.5288,358.9724,CurrentState,MoveToInitial,Slider,51,Scenario,5
ID,19,Time,1535.838,DronePosition,-287.8998,45,-107.379,11.1,CameraPosition,-103.2061,1.694145,-107.5126,CameraRotation,343.4164,268.5455,359.0002,CurrentState,MoveToInitial,Slider,51,Scenario,5
ID,19,Time,1535.852,DronePosition,-287.7462,45,-107.379,11.1,CameraPosition,-103.2061,1.694222,-107.5128,CameraRotation,343.3824,268.5646,359.033,CurrentState,MoveToInitial,Slider,51,Scenario,5
ID,19,Time,1535.866,DronePosition,-287.59,45,-107.379,11.1,CameraPosition,-103.2061,1.694299,-107.513,CameraRotation,343.3473,268.5637,359.0653,CurrentState,MoveToInitial,Slider,51,Scenario,5
ID,19,Time,1535.88,DronePosition,-287.4347,45,-107.379,11.1,CameraPosition,-103.2061,1.694367,-107.5133,CameraRotation,343.3347,268.539,359.1025,CurrentState,MoveToInitial,Slider,51,Scenario,5
ID,19,Time,1535.899,DronePosition,-287.2263,45,-107.379,11.1,CameraPosition,-103.2062,1.694438,-107.5135,CameraRotation,343.3308,268.5002,359.1269,CurrentState,MoveToInitial,Slider,51,Scenario,5
ID,19,Time,1535.922,DronePosition,-286.976,45,-107.379,11.1,CameraPosition,-103.2063,1.694453,-107.5141,CameraRotation,343.3598,268.3575,359.1457,CurrentState,MoveToInitial,Slider,51,Scenario,5
ID,19,Time,1535.935,DronePosition,-286.8233,45,-107.379,11.1,CameraPosition,-103.2064,1.694409,-107.5144,CameraRotation,343.3896,268.2669,359.1502,CurrentState,MoveToInitial,Slider,51,Scenario,5
ID,19,Time,1535.949,DronePosition,-286.6654,45,-107.379,11.1,CameraPosition,-103.2065,1.694366,-107.5148,CameraRotation,343.3959,268.1679,359.1471,CurrentState,MoveToInitial,Slider,51,Scenario,5
ID,19,Time,1535.964,DronePosition,-286.5097,45,-107.379,11.1,CameraPosition,-103.2066,1.694311,-107.5151,CameraRotation,343.3852,268.0484,359.1756,CurrentState,MoveToInitial,Slider,49,Scenario,5
ID,19,Time,1535.977,DronePosition,-286.3586,45,-107.379,11.1,CameraPosition,-103.2068,1.694253,-107.5154,CameraRotation,343.3676,267.9273,359.2492,CurrentState,MoveToInitial,Slider,49,Scenario,5
ID,19,Time,1535.991,DronePosition,-286.2026,45,-107.379,11.1,CameraPosition,-103.2069,1.694209,-107.5156,CameraRotation,343.3689,267.8244,359.318,CurrentState,MoveToInitial,Slider,49,Scenario,5
ID,19,Time,1536.005,DronePosition,-286.0464,45,-107.379,11.1,CameraPosition,-103.2071,1.694175,-107.5158,CameraRotation,343.4037,267.7415,359.365,CurrentState,MoveToInitial,Slider,49,Scenario,5
ID,19,Time,1536.019,DronePosition,-285.8946,45,-107.379,11.1,CameraPosition,-103.2073,1.694116,-107.5161,CameraRotation,343.4745,267.6993,359.3846,CurrentState,MoveToInitial,Slider,49,Scenario,5
ID,19,Time,1536.033,DronePosition,-285.7365,45,-107.379,11.1,CameraPosition,-103.2075,1.694046,-107.5163,CameraRotation,343.5557,267.6825,359.3989,CurrentState,MoveToInitial,Slider,49,Scenario,5
ID,19,Time,1536.047,DronePosition,-285.5804,45,-107.379,11.1,CameraPosition,-103.2077,1.693994,-107.5165,CameraRotation,343.6332,267.6868,359.4153,CurrentState,MoveToInitial,Slider,49,Scenario,5
ID,19,Time,1536.061,DronePosition,-285.4242,45,-107.379,11.1,CameraPosition,-103.2078,1.693917,-107.5167,CameraRotation,343.6956,267.6899,359.4602,CurrentState,MoveToInitial,Slider,49,Scenario,5
ID,19,Time,1536.075,DronePosition,-285.269,45,-107.379,11.1,CameraPosition,-103.208,1.693812,-107.5169,CameraRotation,343.7589,267.7007,359.5209,CurrentState,MoveToInitial,Slider,49,Scenario,5
ID,19,Time,1536.089,DronePosition,-285.1177,45,-107.379,11.1,CameraPosition,-103.2082,1.693717,-107.5171,CameraRotation,343.8052,267.7313,359.5775,CurrentState,MoveToInitial,Slider,49,Scenario,5
ID,19,Time,1536.108,DronePosition,-284.91,45,-107.379,11.1,CameraPosition,-103.2084,1.693663,-107.5172,CameraRotation,343.8329,267.7814,359.6273,CurrentState,MoveToInitial,Slider,49,Scenario,5
ID,19,Time,1536.13,DronePosition,-284.6581,45,-107.379,11.1,CameraPosition,-103.2088,1.693568,-107.5175,CameraRotation,343.9059,267.8434,359.7282,CurrentState,MoveToInitial,Slider,49,Scenario,5
ID,19,Time,1536.144,DronePosition,-284.5054,45,-107.379,11.1,CameraPosition,-103.209,1.693536,-107.5176,CameraRotation,343.9745,267.8448,359.7857,CurrentState,MoveToInitial,Slider,49,Scenario,5
ID,19,Time,1536.158,DronePosition,-284.3515,45,-107.379,11.1,CameraPosition,-103.2092,1.693558,-107.5176,CameraRotation,344.0078,267.8377,359.8197,CurrentState,MoveToInitial,Slider,49,Scenario,5
ID,19,Time,1536.172,DronePosition,-284.1944,45,-107.379,11.1,CameraPosition,-103.2094,1.693576,-107.5177,CameraRotation,344.0192,267.824,359.7868,CurrentState,MoveToInitial,Slider,49,Scenario,5
ID,19,Time,1536.186,DronePosition,-284.0387,45,-107.379,11.1,CameraPosition,-103.2095,1.693527,-107.5178,CameraRotation,344.0537,267.8146,359.7405,CurrentState,MoveToInitial,Slider,49,Scenario,5
ID,19,Time,1536.2,DronePosition,-283.8828,45,-107.379,11.1,CameraPosition,-103.2097,1.693477,-107.5178,CameraRotation,344.1164,267.7905,359.7387,CurrentState,MoveToInitial,Slider,49,Scenario,5
ID,19,Time,1536.214,DronePosition,-283.7287,45,-107.379,11.1,CameraPosition,-103.2098,1.693412,-107.5178,CameraRotation,344.1447,267.7498,359.7523,CurrentState,MoveToInitial,Slider,49,Scenario,5
ID,19,Time,1536.228,DronePosition,-283.5749,45,-107.379,11.1,CameraPosition,-103.2099,1.693371,-107.5179,CameraRotation,344.1586,267.6967,359.7726,CurrentState,MoveToInitial,Slider,49,Scenario,5
ID,19,Time,1536.242,DronePosition,-283.4189,45,-107.379,11.1,CameraPosition,-103.2101,1.693338,-107.5179,CameraRotation,344.1716,267.6636,359.7759,CurrentState,MoveToInitial,Slider,49,Scenario,5
ID,19,Time,1536.256,DronePosition,-283.2645,45,-107.379,11.1,CameraPosition,-103.2102,1.693298,-107.5179,CameraRotation,344.1776,267.6545,359.7588,CurrentState,MoveToInitial,Slider,49,Scenario,5
ID,19,Time,1536.27,DronePosition,-283.1103,45,-107.379,11.1,CameraPosition,-103.2103,1.693278,-107.5178,CameraRotation,344.1643,267.6514,359.7308,CurrentState,MoveToInitial,Slider,49,Scenario,5
ID,19,Time,1536.284,DronePosition,-282.9556,45,-107.379,11.1,CameraPosition,-103.2105,1.69326,-107.5177,CameraRotation,344.1458,267.6376,359.7372,CurrentState,MoveToInitial,Slider,49,Scenario,5
ID,19,Time,1536.298,DronePosition,-282.7966,45,-107.379,11.1,CameraPosition,-103.2106,1.693269,-107.5176,CameraRotation,344.1233,267.621,359.7506,CurrentState,MoveToInitial,Slider,49,Scenario,5
ID,19,Time,1536.316,DronePosition,-282.5945,45,-107.379,11.1,CameraPosition,-103.2107,1.693277,-107.5175,CameraRotation,344.1087,267.6077,359.7673,CurrentState,MoveToInitial,Slider,49,Scenario,5
ID,19,Time,1536.339,DronePosition,-282.3428,45,-107.379,11.1,CameraPosition,-103.2108,1.693257,-107.5173,CameraRotation,344.1219,267.5925,359.7331,CurrentState,MoveToInitial,Slider,49,Scenario,5
ID,19,Time,1536.353,DronePosition,-282.1854,45,-107.379,11.1,CameraPosition,-103.2109,1.693236,-107.5171,CameraRotation,344.1399,267.5933,359.7029,CurrentState,MoveToInitial,Slider,49,Scenario,5
ID,19,Time,1536.367,DronePosition,-282.0293,45,-107.379,11.1,CameraPosition,-103.211,1.693252,-107.517,CameraRotation,344.1345,267.5889,359.6806,CurrentState,MoveToInitial,Slider,49,Scenario,5
ID,19,Time,1536.381,DronePosition,-281.8783,45,-107.379,11.1,CameraPosition,-103.211,1.693291,-107.5169,CameraRotation,344.1373,267.58,359.6679,CurrentState,MoveToInitial,Slider,49,Scenario,5
ID,19,Time,1536.395,DronePosition,-281.7204,45,-107.379,11.1,CameraPosition,-103.211,1.693323,-107.5167,CameraRotation,344.1326,267.5514,359.6753,CurrentState,MoveToInitial,Slider,49,Scenario,5
ID,19,Time,1536.409,DronePosition,-281.5667,45,-107.379,11.1,CameraPosition,-103.2111,1.693318,-107.5165,CameraRotation,344.1218,267.5307,359.6772,CurrentState,MoveToInitial,Slider,49,Scenario,5
ID,19,Time,1536.423,DronePosition,-281.4086,45,-107.379,11.1,CameraPosition,-103.211,1.693286,-107.5163,CameraRotation,344.1166,267.5,359.6682,CurrentState,MoveToInitial,Slider,49,Scenario,5
ID,19,Time,1536.437,DronePosition,-281.2543,45,-107.379,11.1,CameraPosition,-103.211,1.693277,-107.5162,CameraRotation,344.1104,267.4904,359.6446,CurrentState,MoveToInitial,Slider,49,Scenario,5
ID,19,Time,1536.451,DronePosition,-281.1004,45,-107.379,11.1,CameraPosition,-103.211,1.69329,-107.516,CameraRotation,344.0773,267.4866,359.6113,CurrentState,MoveToInitial,Slider,49,Scenario,5
ID,19,Time,1536.465,DronePosition,-280.942,45,-107.379,11.1,CameraPosition,-103.2109,1.693328,-107.5158,CameraRotation,344.0356,267.4854,359.5854,CurrentState,MoveToInitial,Slider,49,Scenario,5
ID,19,Time,1536.479,DronePosition,-280.7877,45,-107.379,11.1,CameraPosition,-103.2109,1.693368,-107.5156,CameraRotation,343.9966,267.4822,359.565,CurrentState,MoveToInitial,Slider,49,Scenario,5
ID,19,Time,1536.493,DronePosition,-280.6346,45,-107.379,11.1,CameraPosition,-103.2108,1.693407,-107.5154,CameraRotation,343.9791,267.4883,359.5432,CurrentState,MoveToInitial,Slider,49,Scenario,5
ID,19,Time,1536.507,DronePosition,-280.4811,45,-107.379,11.1,CameraPosition,-103.2108,1.693435,-107.5153,CameraRotation,343.9611,267.4859,359.5411,CurrentState,MoveToInitial,Slider,49,Scenario,5
ID,19,Time,1536.525,DronePosition,-280.2718,45,-107.379,11.1,CameraPosition,-103.2107,1.693472,-107.5151,CameraRotation,343.9359,267.4807,359.5489,CurrentState,MoveToInitial,Slider,49,Scenario,5
ID,19,Time,1536.548,DronePosition,-280.02,45,-107.379,11.1,CameraPosition,-103.2107,1.693597,-107.5149,CameraRotation,343.8466,267.4693,359.5577,CurrentState,MoveToInitial,Slider,49,Scenario,5
ID,19,Time,1536.562,DronePosition,-279.8691,45,-107.379,11.1,CameraPosition,-103.2107,1.693651,-107.5148,CameraRotation,343.7846,267.4603,359.5584,CurrentState,MoveToInitial,Slider,49,Scenario,5
ID,19,Time,1536.576,DronePosition,-279.7146,45,-107.379,11.1,CameraPosition,-103.2107,1.693694,-107.5147,CameraRotation,343.7358,267.4623,359.5481,CurrentState,MoveToInitial,Slider,49,Scenario,5
ID,19,Time,1536.589,DronePosition,-279.5605,45,-107.379,11.1,CameraPosition,-103.2107,1.693728,-107.5145,CameraRotation,343.7069,267.4737,359.5311,CurrentState,MoveToInitial,Slider,49,Scenario,5
ID,19,Time,1536.604,DronePosition,-279.4056,45,-107.379,11.1,CameraPosition,-103.2107,1.693747,-107.5144,CameraRotation,343.6957,267.4962,359.5218,CurrentState,MoveToInitial,Slider,49,Scenario,5
ID,19,Time,1536.618,DronePosition,-279.2485,45,-107.379,11.1,CameraPosition,-103.2107,1.693761,-107.5142,CameraRotation,343.6992,267.5198,359.5096,CurrentState,MoveToInitial,Slider,49,Scenario,5
ID,19,Time,1536.632,DronePosition,-279.093,45,-107.379,11.1,CameraPosition,-103.2107,1.693759,-107.5141,CameraRotation,343.7142,267.5546,359.494,CurrentState,MoveToInitial,Slider,49,Scenario,5
ID,19,Time,1536.646,DronePosition,-278.9366,45,-107.379,11.1,CameraPosition,-103.2107,1.693733,-107.514,CameraRotation,343.7218,267.6013,359.4823,CurrentState,MoveToInitial,Slider,49,Scenario,5
ID,19,Time,1536.66,DronePosition,-278.7821,45,-107.379,11.1,CameraPosition,-103.2108,1.693727,-107.5139,CameraRotation,343.7297,267.6386,359.4786,CurrentState,MoveToInitial,Slider,49,Scenario,5
ID,19,Time,1536.673,DronePosition,-278.6289,45,-107.379,11.1,CameraPosition,-103.2108,1.693698,-107.5138,CameraRotation,343.7311,267.6676,359.499,CurrentState,MoveToInitial,Slider,52,Scenario,5
ID,19,Time,1536.688,DronePosition,-278.4703,45,-107.379,11.1,CameraPosition,-103.2109,1.693707,-107.5138,CameraRotation,343.7419,267.6786,359.5007,CurrentState,MoveToInitial,Slider,52,Scenario,5
ID,19,Time,1536.701,DronePosition,-278.3184,45,-107.379,11.1,CameraPosition,-103.211,1.693717,-107.5137,CameraRotation,343.752,267.6788,359.4916,CurrentState,MoveToInitial,Slider,52,Scenario,5
ID,19,Time,1536.715,DronePosition,-278.1624,45,-107.379,11.1,CameraPosition,-103.2111,1.693696,-107.5138,CameraRotation,343.7491,267.6646,359.5052,CurrentState,MoveToInitial,Slider,52,Scenario,5
ID,19,Time,1536.734,DronePosition,-277.9566,45,-107.379,11.1,CameraPosition,-103.2112,1.693654,-107.5138,CameraRotation,343.7574,267.6393,359.5187,CurrentState,MoveToInitial,Slider,52,Scenario,5
ID,19,Time,1536.757,DronePosition,-277.7042,45,-107.379,11.1,CameraPosition,-103.2113,1.693663,-107.5139,CameraRotation,343.7878,267.5693,359.579,CurrentState,MoveToInitial,Slider,52,Scenario,5
ID,19,Time,1536.771,DronePosition,-277.5508,45,-107.379,11.1,CameraPosition,-103.2113,1.693749,-107.5139,CameraRotation,343.7707,267.5578,359.5661,CurrentState,MoveToInitial,Slider,54,Scenario,5
ID,19,Time,1536.785,DronePosition,-277.394,45,-107.379,11.1,CameraPosition,-103.2113,1.693786,-107.514,CameraRotation,343.7794,267.5701,359.5102,CurrentState,MoveToInitial,Slider,54,Scenario,5
ID,19,Time,1536.799,DronePosition,-277.2398,45,-107.379,11.1,CameraPosition,-103.2113,1.693757,-107.514,CameraRotation,343.8245,267.5828,359.5061,CurrentState,MoveToInitial,Slider,54,Scenario,5
ID,19,Time,1536.813,DronePosition,-277.0852,45,-107.379,11.1,CameraPosition,-103.2113,1.69374,-107.5141,CameraRotation,343.8723,267.5963,359.5396,CurrentState,MoveToInitial,Slider,54,Scenario,5
ID,19,Time,1536.827,DronePosition,-276.9291,45,-107.379,11.1,CameraPosition,-103.2113,1.693737,-107.5142,CameraRotation,343.9022,267.6011,359.5952,CurrentState,MoveToInitial,Slider,54,Scenario,5
ID,19,Time,1536.84,DronePosition,-276.7761,45,-107.379,11.1,CameraPosition,-103.2112,1.693724,-107.5143,CameraRotation,343.9012,267.6139,359.6555,CurrentState,MoveToInitial,Slider,54,Scenario,5
ID,19,Time,1536.855,DronePosition,-276.618,45,-107.379,11.1,CameraPosition,-103.2112,1.693722,-107.5144,CameraRotation,343.8926,267.6267,359.6815,CurrentState,MoveToInitial,Slider,54,Scenario,5
ID,19,Time,1536.869,DronePosition,-276.4641,45,-107.379,11.1,CameraPosition,-103.2112,1.693725,-107.5146,CameraRotation,343.8887,267.6458,359.6954,CurrentState,MoveToInitial,Slider,55,Scenario,5
ID,19,Time,1536.882,DronePosition,-276.3095,45,-107.379,11.1,CameraPosition,-103.2111,1.693731,-107.5147,CameraRotation,343.8665,267.6425,359.7092,CurrentState,MoveToInitial,Slider,55,Scenario,5
ID,19,Time,1536.897,DronePosition,-276.1512,45,-107.379,11.1,CameraPosition,-103.211,1.693753,-107.5149,CameraRotation,343.8488,267.6209,359.7296,CurrentState,MoveToInitial,Slider,55,Scenario,5
ID,19,Time,1536.91,DronePosition,-276.0024,45,-107.379,11.1,CameraPosition,-103.211,1.693778,-107.5151,CameraRotation,343.8269,267.5765,359.7639,CurrentState,MoveToInitial,Slider,55,Scenario,5
ID,19,Time,1536.925,DronePosition,-275.8413,45,-107.379,11.1,CameraPosition,-103.2109,1.693807,-107.5153,CameraRotation,343.809,267.5285,359.7791,CurrentState,MoveToInitial,Slider,55,Scenario,5
ID,19,Time,1536.943,DronePosition,-275.6374,45,-107.379,11.1,CameraPosition,-103.2108,1.693837,-107.5155,CameraRotation,343.795,267.4788,359.8006,CurrentState,MoveToInitial,Slider,55,Scenario,5
ID,19,Time,1536.966,DronePosition,-275.3857,45,-107.379,11.1,CameraPosition,-103.2106,1.693938,-107.5159,CameraRotation,343.7139,267.3938,359.8789,CurrentState,MoveToInitial,Slider,57,Scenario,5
ID,19,Time,1536.979,DronePosition,-275.2327,45,-107.379,11.1,CameraPosition,-103.2106,1.693994,-107.5161,CameraRotation,343.6802,267.3578,359.9007,CurrentState,MoveToInitial,Slider,57,Scenario,5
ID,19,Time,1536.993,DronePosition,-275.0782,45,-107.379,11.1,CameraPosition,-103.2105,1.694079,-107.5163,CameraRotation,343.6529,267.3242,359.9193,CurrentState,MoveToInitial,Slider,57,Scenario,5
ID,19,Time,1537.008,DronePosition,-274.9186,45,-107.379,11.1,CameraPosition,-103.2105,1.694165,-107.5166,CameraRotation,343.6226,267.2979,359.9549,CurrentState,MoveToInitial,Slider,57,Scenario,5
ID,19,Time,1537.021,DronePosition,-274.7684,45,-107.379,11.1,CameraPosition,-103.2104,1.69425,-107.5168,CameraRotation,343.6111,267.2534,-0.002451765,CurrentState,MoveToInitial,Slider,57,Scenario,5
ID,19,Time,1537.036,DronePosition,-274.6104,45,-107.379,11.1,CameraPosition,-103.2104,1.694308,-107.5171,CameraRotation,343.6028,267.2152,0.04178412,CurrentState,MoveToInitial,Slider,57,Scenario,5
ID,19,Time,1537.049,DronePosition,-274.4569,45,-107.379,11.1,CameraPosition,-103.2104,1.694333,-107.5173,CameraRotation,343.5869,267.1834,0.07474054,CurrentState,MoveToInitial,Slider,57,Scenario,5
ID,19,Time,1537.064,DronePosition,-274.2987,45,-107.379,11.1,CameraPosition,-103.2103,1.694359,-107.5175,CameraRotation,343.5902,267.1499,0.09297243,CurrentState,MoveToInitial,Slider,58,Scenario,5
ID,19,Time,1537.077,DronePosition,-274.1446,45,-107.379,11.1,CameraPosition,-103.2103,1.694374,-107.5177,CameraRotation,343.5885,267.1151,0.1119729,CurrentState,MoveToInitial,Slider,58,Scenario,5
ID,19,Time,1537.091,DronePosition,-273.9911,45,-107.379,11.1,CameraPosition,-103.2103,1.694377,-107.5178,CameraRotation,343.5843,267.088,0.1262536,CurrentState,MoveToInitial,Slider,58,Scenario,5
ID,19,Time,1537.105,DronePosition,-273.8354,45,-107.379,11.1,CameraPosition,-103.2102,1.694394,-107.5179,CameraRotation,343.5818,267.0553,0.1397059,CurrentState,MoveToInitial,Slider,58,Scenario,5
ID,19,Time,1537.119,DronePosition,-273.6832,45,-107.379,11.1,CameraPosition,-103.2102,1.694409,-107.5181,CameraRotation,343.5807,267.0466,0.14815,CurrentState,MoveToInitial,Slider,58,Scenario,5
ID,19,Time,1537.133,DronePosition,-273.5247,45,-107.379,11.1,CameraPosition,-103.2102,1.694416,-107.5182,CameraRotation,343.582,267.0387,0.1544782,CurrentState,MoveToInitial,Slider,58,Scenario,5
ID,19,Time,1537.152,DronePosition,-273.3199,45,-107.379,11.1,CameraPosition,-103.2102,1.694408,-107.5184,CameraRotation,343.5934,267.0317,0.1699831,CurrentState,MoveToInitial,Slider,58,Scenario,5
ID,19,Time,1537.175,DronePosition,-273.0669,45,-107.379,11.1,CameraPosition,-103.2103,1.694369,-107.5187,CameraRotation,343.6574,267.0023,0.2227494,CurrentState,MoveToInitial,Slider,58,Scenario,5
ID,19,Time,1537.188,DronePosition,-272.9139,45,-107.379,11.1,CameraPosition,-103.2103,1.694364,-107.519,CameraRotation,343.6921,266.9973,0.2507741,CurrentState,MoveToInitial,Slider,58,Scenario,5
ID,19,Time,1537.202,DronePosition,-272.7586,45,-107.379,11.1,CameraPosition,-103.2103,1.694377,-107.5191,CameraRotation,343.6973,266.9937,0.2577995,CurrentState,MoveToInitial,Slider,58,Scenario,5
ID,19,Time,1537.216,DronePosition,-272.6022,45,-107.379,11.1,CameraPosition,-103.2103,1.694409,-107.5193,CameraRotation,343.6801,266.9843,0.2825537,CurrentState,MoveToInitial,Slider,58,Scenario,5
ID,19,Time,1537.23,DronePosition,-272.4493,45,-107.379,11.1,CameraPosition,-103.2103,1.694454,-107.5195,CameraRotation,343.6554,266.9765,0.3094819,CurrentState,MoveToInitial,Slider,58,Scenario,5
ID,19,Time,1537.247,DronePosition,-272.2653,45,-107.379,11.1,CameraPosition,-103.2103,1.694471,-107.5196,CameraRotation,343.6208,266.9623,0.3383945,CurrentState,MoveToInitial,Slider,58,Scenario,5
ID,19,Time,1537.258,DronePosition,-272.1402,45,-107.379,11.1,CameraPosition,-103.2102,1.69448,-107.5198,CameraRotation,343.5976,266.955,0.360031,CurrentState,MoveToInitial,Slider,58,Scenario,5
ID,19,Time,1537.272,DronePosition,-271.9831,45,-107.379,11.1,CameraPosition,-103.2102,1.694499,-107.5199,CameraRotation,343.5756,266.9492,0.3814398,CurrentState,MoveToInitial,Slider,59,Scenario,5
ID,19,Time,1537.286,DronePosition,-271.8274,45,-107.379,11.1,CameraPosition,-103.2102,1.694513,-107.52,CameraRotation,343.5547,266.9473,0.4015399,CurrentState,MoveToInitial,Slider,59,Scenario,5
ID,19,Time,1537.3,DronePosition,-271.6733,45,-107.379,11.1,CameraPosition,-103.2101,1.694527,-107.5202,CameraRotation,343.5442,266.9429,0.40362,CurrentState,MoveToInitial,Slider,59,Scenario,5
ID,19,Time,1537.314,DronePosition,-271.5191,45,-107.379,11.1,CameraPosition,-103.2101,1.694562,-107.5203,CameraRotation,343.5431,266.9279,0.408265,CurrentState,MoveToInitial,Slider,59,Scenario,5
ID,19,Time,1537.328,DronePosition,-271.3638,45,-107.379,11.1,CameraPosition,-103.2101,1.694545,-107.5205,CameraRotation,343.5346,266.9119,0.4287518,CurrentState,MoveToInitial,Slider,59,Scenario,5
ID,19,Time,1537.342,DronePosition,-271.2102,45,-107.379,11.1,CameraPosition,-103.2101,1.694517,-107.5206,CameraRotation,343.5409,266.8906,0.4436555,CurrentState,MoveToInitial,Slider,59,Scenario,5
ID,19,Time,1537.361,DronePosition,-271.0011,45,-107.379,11.1,CameraPosition,-103.2101,1.694525,-107.5208,CameraRotation,343.5428,266.8777,0.4637909,CurrentState,MoveToInitial,Slider,59,Scenario,5
ID,19,Time,1537.383,DronePosition,-270.7511,45,-107.379,11.1,CameraPosition,-103.21,1.694671,-107.521,CameraRotation,343.4373,266.8752,0.4306941,CurrentState,MoveToInitial,Slider,59,Scenario,5
ID,19,Time,1537.397,DronePosition,-270.594,45,-107.379,11.1,CameraPosition,-103.21,1.694706,-107.521,CameraRotation,343.4056,266.8903,0.3880561,CurrentState,MoveToInitial,Slider,59,Scenario,5
ID,19,Time,1537.411,DronePosition,-270.4428,45,-107.379,11.1,CameraPosition,-103.2099,1.694714,-107.5211,CameraRotation,343.4106,266.888,0.3959366,CurrentState,MoveToInitial,Slider,59,Scenario,5
ID,19,Time,1537.425,DronePosition,-270.2872,45,-107.379,11.1,CameraPosition,-103.2098,1.69469,-107.5212,CameraRotation,343.4198,266.8894,0.4163186,CurrentState,MoveToInitial,Slider,59,Scenario,5
ID,19,Time,1537.439,DronePosition,-270.1305,45,-107.379,11.1,CameraPosition,-103.2097,1.694672,-107.5213,CameraRotation,343.438,266.8837,0.4462791,CurrentState,MoveToInitial,Slider,59,Scenario,5
ID,19,Time,1537.453,DronePosition,-269.9709,45,-107.379,11.1,CameraPosition,-103.2097,1.694659,-107.5214,CameraRotation,343.4477,266.8928,0.4702657,CurrentState,MoveToInitial,Slider,59,Scenario,5
ID,19,Time,1537.467,DronePosition,-269.8196,45,-107.379,11.1,CameraPosition,-103.2097,1.69467,-107.5216,CameraRotation,343.431,266.9127,0.4682478,CurrentState,MoveToInitial,Slider,60,Scenario,5
ID,19,Time,1537.481,DronePosition,-269.664,45,-107.379,11.1,CameraPosition,-103.2097,1.694708,-107.5217,CameraRotation,343.3911,266.9245,0.4771193,CurrentState,MoveToInitial,Slider,60,Scenario,5
ID,19,Time,1537.495,DronePosition,-269.507,45,-107.379,11.1,CameraPosition,-103.2098,1.694742,-107.5218,CameraRotation,343.3371,266.9256,0.4979203,CurrentState,MoveToInitial,Slider,60,Scenario,5
ID,19,Time,1537.509,DronePosition,-269.3555,45,-107.379,11.1,CameraPosition,-103.2099,1.694758,-107.5219,CameraRotation,343.3009,266.9377,0.5035449,CurrentState,MoveToInitial,Slider,60,Scenario,5
ID,19,Time,1537.523,DronePosition,-269.2013,45,-107.379,11.1,CameraPosition,-103.2099,1.69477,-107.5221,CameraRotation,343.3055,266.9362,0.5009245,CurrentState,MoveToInitial,Slider,60,Scenario,5
ID,19,Time,1537.537,DronePosition,-269.0451,45,-107.379,11.1,CameraPosition,-103.2099,1.694754,-107.5222,CameraRotation,343.3099,266.9414,0.4934328,CurrentState,MoveToInitial,Slider,60,Scenario,5
ID,19,Time,1537.551,DronePosition,-268.8893,45,-107.379,11.1,CameraPosition,-103.2099,1.69474,-107.5223,CameraRotation,343.3504,266.9348,0.4944539,CurrentState,MoveToInitial,Slider,60,Scenario,5
ID,19,Time,1537.569,DronePosition,-268.6827,45,-107.379,11.1,CameraPosition,-103.2099,1.694723,-107.5224,CameraRotation,343.3518,266.9338,0.514693,CurrentState,MoveToInitial,Slider,60,Scenario,5
ID,19,Time,1537.592,DronePosition,-268.4332,45,-107.379,11.1,CameraPosition,-103.2099,1.694726,-107.5227,CameraRotation,343.3262,266.95,0.5179465,CurrentState,MoveToInitial,Slider,60,Scenario,5
ID,19,Time,1537.606,DronePosition,-268.2794,45,-107.379,11.1,CameraPosition,-103.21,1.694766,-107.5228,CameraRotation,343.3163,266.9705,0.5212657,CurrentState,MoveToInitial,Slider,60,Scenario,5
ID,19,Time,1537.62,DronePosition,-268.1231,45,-107.379,11.1,CameraPosition,-103.21,1.69478,-107.523,CameraRotation,343.2935,266.9781,0.5485545,CurrentState,MoveToInitial,Slider,60,Scenario,5
ID,19,Time,1537.634,DronePosition,-267.9704,45,-107.379,11.1,CameraPosition,-103.2101,1.69479,-107.5232,CameraRotation,343.2846,266.9851,0.5772607,CurrentState,MoveToInitial,Slider,60,Scenario,5
ID,19,Time,1537.648,DronePosition,-267.8128,45,-107.379,11.1,CameraPosition,-103.2101,1.694783,-107.5234,CameraRotation,343.2905,266.9767,0.6154439,CurrentState,MoveToInitial,Slider,60,Scenario,5
ID,19,Time,1537.662,DronePosition,-267.6577,45,-107.379,11.1,CameraPosition,-103.2101,1.69478,-107.5236,CameraRotation,343.3004,266.9728,0.6326779,CurrentState,MoveToInitial,Slider,60,Scenario,5
ID,19,Time,1537.676,DronePosition,-267.5018,45,-107.379,11.1,CameraPosition,-103.2102,1.694774,-107.5238,CameraRotation,343.3157,266.9671,0.6577935,CurrentState,MoveToInitial,Slider,60,Scenario,5
ID,19,Time,1537.69,DronePosition,-267.3472,45,-107.379,11.1,CameraPosition,-103.2102,1.694757,-107.524,CameraRotation,343.321,266.951,0.6859114,CurrentState,MoveToInitial,Slider,60,Scenario,5
ID,19,Time,1537.704,DronePosition,-267.192,45,-107.379,11.1,CameraPosition,-103.2103,1.694749,-107.5242,CameraRotation,343.3353,266.9405,0.707147,CurrentState,MoveToInitial,Slider,60,Scenario,5
ID,19,Time,1537.718,DronePosition,-267.0353,45,-107.379,11.1,CameraPosition,-103.2103,1.694736,-107.5243,CameraRotation,343.341,266.9355,0.7246355,CurrentState,MoveToInitial,Slider,60,Scenario,5
ID,19,Time,1537.732,DronePosition,-266.883,45,-107.379,11.1,CameraPosition,-103.2103,1.694753,-107.5245,CameraRotation,343.3491,266.9281,0.7435377,CurrentState,MoveToInitial,Slider,60,Scenario,5
ID,19,Time,1537.746,DronePosition,-266.7237,45,-107.379,11.1,CameraPosition,-103.2103,1.694778,-107.5246,CameraRotation,343.3656,266.9317,0.7572383,CurrentState,MoveToInitial,Slider,60,Scenario,5
ID,19,Time,1537.76,DronePosition,-266.5718,45,-107.379,11.1,CameraPosition,-103.2104,1.694782,-107.5247,CameraRotation,343.3745,266.9253,0.780797,CurrentState,MoveToInitial,Slider,60,Scenario,5
ID,19,Time,1537.778,DronePosition,-266.3642,45,-107.379,11.1,CameraPosition,-103.2105,1.694787,-107.5248,CameraRotation,343.3674,266.9282,0.8055193,CurrentState,MoveToInitial,Slider,60,Scenario,5
ID,19,Time,1537.801,DronePosition,-266.1148,45,-107.379,11.1,CameraPosition,-103.2106,1.694789,-107.5251,CameraRotation,343.3557,266.9227,0.8377035,CurrentState,MoveToInitial,Slider,60,Scenario,5
ID,19,Time,1537.815,DronePosition,-265.9598,45,-107.379,11.1,CameraPosition,-103.2107,1.694821,-107.5252,CameraRotation,343.3645,266.9242,0.8369744,CurrentState,MoveToInitial,Slider,60,Scenario,5
ID,19,Time,1537.829,DronePosition,-265.8028,45,-107.379,11.1,CameraPosition,-103.2107,1.694849,-107.5253,CameraRotation,343.3644,266.9107,0.8478613,CurrentState,MoveToInitial,Slider,60,Scenario,5
ID,19,Time,1537.843,DronePosition,-265.6483,45,-107.379,11.1,CameraPosition,-103.2108,1.694858,-107.5253,CameraRotation,343.3659,266.9191,0.8608201,CurrentState,MoveToInitial,Slider,60,Scenario,5
ID,19,Time,1537.857,DronePosition,-265.4919,45,-107.379,11.1,CameraPosition,-103.2109,1.694871,-107.5254,CameraRotation,343.3635,266.9135,0.8602213,CurrentState,MoveToInitial,Slider,60,Scenario,5
ID,19,Time,1537.871,DronePosition,-265.3361,45,-107.379,11.1,CameraPosition,-103.211,1.69487,-107.5254,CameraRotation,343.3534,266.911,0.8594502,CurrentState,MoveToInitial,Slider,61,Scenario,5
ID,19,Time,1537.885,DronePosition,-265.183,45,-107.379,11.1,CameraPosition,-103.211,1.694882,-107.5254,CameraRotation,343.3519,266.9097,0.8592874,CurrentState,MoveToInitial,Slider,61,Scenario,5
ID,19,Time,1537.899,DronePosition,-265.0284,45,-107.379,11.1,CameraPosition,-103.2111,1.694882,-107.5255,CameraRotation,343.3535,266.9161,0.8664289,CurrentState,MoveToInitial,Slider,61,Scenario,5
ID,19,Time,1537.913,DronePosition,-264.8742,45,-107.379,11.1,CameraPosition,-103.2112,1.694874,-107.5255,CameraRotation,343.3568,266.9164,0.8620694,CurrentState,MoveToInitial,Slider,61,Scenario,5
ID,19,Time,1537.927,DronePosition,-264.7177,45,-107.379,11.1,CameraPosition,-103.2112,1.694881,-107.5254,CameraRotation,343.362,266.913,0.8605133,CurrentState,MoveToInitial,Slider,61,Scenario,5
ID,19,Time,1537.941,DronePosition,-264.5624,45,-107.379,11.1,CameraPosition,-103.2113,1.694893,-107.5254,CameraRotation,343.3549,266.9161,0.8624601,CurrentState,MoveToInitial,Slider,61,Scenario,5
ID,19,Time,1537.954,DronePosition,-264.4093,45,-107.379,11.1,CameraPosition,-103.2114,1.694873,-107.5254,CameraRotation,343.3504,266.9118,0.8475594,CurrentState,MoveToInitial,Slider,61,Scenario,5
ID,19,Time,1537.969,DronePosition,-264.2544,45,-107.379,11.1,CameraPosition,-103.2115,1.694854,-107.5254,CameraRotation,343.3651,266.8914,0.8479319,CurrentState,MoveToInitial,Slider,62,Scenario,5
ID,19,Time,1537.987,DronePosition,-264.0453,45,-107.379,11.1,CameraPosition,-103.2116,1.694891,-107.5253,CameraRotation,343.3538,266.8815,0.8485134,CurrentState,MoveToInitial,Slider,62,Scenario,5
ID,19,Time,1538.01,DronePosition,-263.798,45,-107.379,11.1,CameraPosition,-103.2118,1.694926,-107.5252,CameraRotation,343.3168,266.8935,0.7087467,CurrentState,MoveToInitial,Slider,62,Scenario,5
ID,19,Time,1538.024,DronePosition,-263.6411,45,-107.379,11.1,CameraPosition,-103.2119,1.694908,-107.5251,CameraRotation,343.348,266.8975,0.6626307,CurrentState,MoveToInitial,Slider,62,Scenario,5
ID,19,Time,1538.037,DronePosition,-263.4888,45,-107.379,11.1,CameraPosition,-103.2119,1.694882,-107.525,CameraRotation,343.3806,266.8971,0.6679419,CurrentState,MoveToInitial,Slider,62,Scenario,5
ID,19,Time,1538.052,DronePosition,-263.3313,45,-107.379,11.1,CameraPosition,-103.2119,1.694855,-107.5249,CameraRotation,343.3986,266.8922,0.6864497,CurrentState,MoveToInitial,Slider,62,Scenario,5
ID,19,Time,1538.066,DronePosition,-263.1696,45,-107.379,11.1,CameraPosition,-103.2119,1.694817,-107.5248,CameraRotation,343.4076,266.8943,0.7087774,CurrentState,MoveToInitial,Slider,62,Scenario,5
ID,19,Time,1538.08,DronePosition,-263.0168,45,-107.379,11.1,CameraPosition,-103.212,1.69479,-107.5248,CameraRotation,343.4027,266.9056,0.7027994,CurrentState,MoveToInitial,Slider,63,Scenario,5
ID,19,Time,1538.094,DronePosition,-262.8652,45,-107.379,11.1,CameraPosition,-103.212,1.6948,-107.5247,CameraRotation,343.3915,266.928,0.6891506,CurrentState,MoveToInitial,Slider,63,Scenario,5
ID,19,Time,1538.108,DronePosition,-262.7099,45,-107.379,11.1,CameraPosition,-103.212,1.694798,-107.5247,CameraRotation,343.3745,266.9301,0.6969135,CurrentState,MoveToInitial,Slider,63,Scenario,5
ID,19,Time,1538.122,DronePosition,-262.5543,45,-107.379,11.1,CameraPosition,-103.212,1.694776,-107.5246,CameraRotation,343.3761,266.9246,0.6994661,CurrentState,MoveToInitial,Slider,63,Scenario,5
ID,19,Time,1538.135,DronePosition,-262.4013,45,-107.379,11.1,CameraPosition,-103.212,1.694745,-107.5246,CameraRotation,343.3902,266.9204,0.6762011,CurrentState,MoveToInitial,Slider,63,Scenario,5
ID,19,Time,1538.149,DronePosition,-262.2458,45,-107.379,11.1,CameraPosition,-103.212,1.694733,-107.5246,CameraRotation,343.4129,266.9113,0.6488096,CurrentState,MoveToInitial,Slider,63,Scenario,5
ID,19,Time,1538.163,DronePosition,-262.0895,45,-107.379,11.1,CameraPosition,-103.212,1.694714,-107.5246,CameraRotation,343.4309,266.9066,0.6409346,CurrentState,MoveToInitial,Slider,63,Scenario,5
ID,19,Time,1538.177,DronePosition,-261.9358,45,-107.379,11.1,CameraPosition,-103.212,1.694708,-107.5246,CameraRotation,343.4589,266.9006,0.639242,CurrentState,MoveToInitial,Slider,63,Scenario,5
ID,19,Time,1538.196,DronePosition,-261.7263,45,-107.379,11.1,CameraPosition,-103.2119,1.694682,-107.5245,CameraRotation,343.4569,266.8928,0.6358709,CurrentState,MoveToInitial,Slider,63,Scenario,5
ID,19,Time,1538.218,DronePosition,-261.4796,45,-107.379,11.1,CameraPosition,-103.2118,1.694665,-107.5244,CameraRotation,343.462,266.9379,0.5899795,CurrentState,MoveToInitial,Slider,63,Scenario,5
ID,19,Time,1538.232,DronePosition,-261.3252,45,-107.379,11.1,CameraPosition,-103.2117,1.694667,-107.5244,CameraRotation,343.4483,266.9763,0.5828341,CurrentState,MoveToInitial,Slider,63,Scenario,5
ID,19,Time,1538.247,DronePosition,-261.1667,45,-107.379,11.1,CameraPosition,-103.2117,1.694661,-107.5244,CameraRotation,343.4428,267.0048,0.5968986,CurrentState,MoveToInitial,Slider,63,Scenario,5
ID,19,Time,1538.262,DronePosition,-260.997,45,-107.379,11.1,CameraPosition,-103.2116,1.694649,-107.5243,CameraRotation,343.4479,267.0376,0.5978832,CurrentState,MoveToInitial,Slider,63,Scenario,5
ID,19,Time,1538.275,DronePosition,-260.8569,45,-107.379,11.1,CameraPosition,-103.2115,1.694629,-107.5243,CameraRotation,343.4502,267.0712,0.5820915,CurrentState,MoveToInitial,Slider,64,Scenario,5
ID,19,Time,1538.288,DronePosition,-260.7051,45,-107.379,11.1,CameraPosition,-103.2115,1.694617,-107.5243,CameraRotation,343.4522,267.1001,0.5610577,CurrentState,MoveToInitial,Slider,64,Scenario,5
ID,19,Time,1538.303,DronePosition,-260.5455,45,-107.379,11.1,CameraPosition,-103.2114,1.694609,-107.5244,CameraRotation,343.454,267.1251,0.563802,CurrentState,MoveToInitial,Slider,64,Scenario,5
ID,19,Time,1538.316,DronePosition,-260.3918,45,-107.379,11.1,CameraPosition,-103.2113,1.694587,-107.5244,CameraRotation,343.4562,267.1373,0.5601278,CurrentState,MoveToInitial,Slider,64,Scenario,5
ID,19,Time,1538.33,DronePosition,-260.2398,45,-107.379,11.1,CameraPosition,-103.2113,1.694581,-107.5244,CameraRotation,343.459,267.143,0.5349743,CurrentState,MoveToInitial,Slider,64,Scenario,5
ID,19,Time,1538.344,DronePosition,-260.0826,45,-107.379,11.1,CameraPosition,-103.2112,1.69458,-107.5244,CameraRotation,343.4524,267.157,0.5142811,CurrentState,MoveToInitial,Slider,64,Scenario,5
ID,19,Time,1538.359,DronePosition,-259.9238,45,-107.379,11.1,CameraPosition,-103.2111,1.694595,-107.5244,CameraRotation,343.4382,267.1591,0.5087955,CurrentState,MoveToInitial,Slider,64,Scenario,5
ID,19,Time,1538.372,DronePosition,-259.7749,45,-107.379,11.1,CameraPosition,-103.211,1.694648,-107.5244,CameraRotation,343.4152,267.1694,0.5005526,CurrentState,MoveToInitial,Slider,65,Scenario,5
ID,19,Time,1538.386,DronePosition,-259.615,45,-107.379,11.1,CameraPosition,-103.2109,1.694693,-107.5244,CameraRotation,343.4001,267.1857,0.4963847,CurrentState,MoveToInitial,Slider,65,Scenario,5
ID,19,Time,1538.405,DronePosition,-259.4111,45,-107.379,11.1,CameraPosition,-103.2108,1.694698,-107.5245,CameraRotation,343.3952,267.191,0.4939366,CurrentState,MoveToInitial,Slider,65,Scenario,5
ID,19,Time,1538.427,DronePosition,-259.1594,45,-107.379,11.1,CameraPosition,-103.2107,1.694712,-107.5246,CameraRotation,343.3876,267.2103,0.5187098,CurrentState,MoveToInitial,Slider,65,Scenario,5
ID,19,Time,1538.441,DronePosition,-259.0077,45,-107.379,11.1,CameraPosition,-103.2106,1.694708,-107.5246,CameraRotation,343.3849,267.2171,0.5253605,CurrentState,MoveToInitial,Slider,65,Scenario,5
ID,19,Time,1538.455,DronePosition,-258.8484,45,-107.379,11.1,CameraPosition,-103.2106,1.694694,-107.5247,CameraRotation,343.3913,267.2273,0.524142,CurrentState,MoveToInitial,Slider,65,Scenario,5
ID,19,Time,1538.469,DronePosition,-258.6947,45,-107.379,11.1,CameraPosition,-103.2105,1.69468,-107.5248,CameraRotation,343.4071,267.2336,0.5386882,CurrentState,MoveToInitial,Slider,65,Scenario,5
ID,19,Time,1538.484,DronePosition,-258.537,45,-107.379,11.1,CameraPosition,-103.2104,1.694672,-107.5248,CameraRotation,343.4188,267.2424,0.5505871,CurrentState,MoveToInitial,Slider,65,Scenario,5
ID,19,Time,1538.497,DronePosition,-258.3826,45,-107.379,11.1,CameraPosition,-103.2104,1.694651,-107.5249,CameraRotation,343.4224,267.2355,0.5647311,CurrentState,MoveToInitial,Slider,65,Scenario,5
ID,19,Time,1538.511,DronePosition,-258.228,45,-107.379,11.1,CameraPosition,-103.2103,1.694624,-107.5249,CameraRotation,343.438,267.2371,0.5701636,CurrentState,MoveToInitial,Slider,65,Scenario,5
ID,19,Time,1538.525,DronePosition,-258.0742,45,-107.379,11.1,CameraPosition,-103.2102,1.694576,-107.5249,CameraRotation,343.4528,267.2381,0.5667799,CurrentState,MoveToInitial,Slider,65,Scenario,5
ID,19,Time,1538.539,DronePosition,-257.919,45,-107.379,11.1,CameraPosition,-103.2102,1.694535,-107.5249,CameraRotation,343.4764,267.2502,0.5607042,CurrentState,MoveToInitial,Slider,65,Scenario,5
ID,19,Time,1538.553,DronePosition,-257.7665,45,-107.379,11.1,CameraPosition,-103.2101,1.694507,-107.525,CameraRotation,343.4879,267.2558,0.5584722,CurrentState,MoveToInitial,Slider,65,Scenario,5
ID,19,Time,1538.567,DronePosition,-257.6078,45,-107.379,11.1,CameraPosition,-103.21,1.694466,-107.525,CameraRotation,343.4998,267.2609,0.5718573,CurrentState,MoveToInitial,Slider,65,Scenario,5
ID,19,Time,1538.581,DronePosition,-257.4555,45,-107.379,11.1,CameraPosition,-103.2099,1.694445,-107.525,CameraRotation,343.5161,267.2667,0.5697507,CurrentState,MoveToInitial,Slider,66,Scenario,5
ID,19,Time,1538.595,DronePosition,-257.2957,45,-107.379,11.1,CameraPosition,-103.2099,1.694434,-107.525,CameraRotation,343.5112,267.2805,0.5767086,CurrentState,MoveToInitial,Slider,66,Scenario,5
ID,19,Time,1538.614,DronePosition,-257.0894,45,-107.379,11.1,CameraPosition,-103.2098,1.694426,-107.525,CameraRotation,343.5114,267.2956,0.5744632,CurrentState,MoveToInitial,Slider,66,Scenario,5
ID,19,Time,1538.636,DronePosition,-256.8405,45,-107.379,11.1,CameraPosition,-103.2097,1.694372,-107.5251,CameraRotation,343.5579,267.306,0.6105026,CurrentState,MoveToInitial,Slider,66,Scenario,5
ID,19,Time,1538.65,DronePosition,-256.6861,45,-107.379,11.1,CameraPosition,-103.2096,1.694409,-107.525,CameraRotation,343.5357,267.3125,0.6275554,CurrentState,MoveToInitial,Slider,66,Scenario,5
ID,19,Time,1538.664,DronePosition,-256.5307,45,-107.379,11.1,CameraPosition,-103.2095,1.69444,-107.525,CameraRotation,343.5099,267.3242,0.5577381,CurrentState,MoveToInitial,Slider,66,Scenario,5
ID,19,Time,1538.678,DronePosition,-256.3762,45,-107.379,11.1,CameraPosition,-103.2094,1.694432,-107.525,CameraRotation,343.5355,267.3298,0.5002356,CurrentState,MoveToInitial,Slider,66,Scenario,5
ID,19,Time,1538.692,DronePosition,-256.2198,45,-107.379,11.1,CameraPosition,-103.2092,1.694403,-107.5249,CameraRotation,343.5703,267.339,0.5010262,CurrentState,MoveToInitial,Slider,66,Scenario,5
ID,19,Time,1538.706,DronePosition,-256.066,45,-107.379,11.1,CameraPosition,-103.209,1.694389,-107.5249,CameraRotation,343.6001,267.3347,0.5206766,CurrentState,MoveToInitial,Slider,66,Scenario,5
ID,19,Time,1538.72,DronePosition,-255.909,45,-107.379,11.1,CameraPosition,-103.2088,1.694372,-107.5249,CameraRotation,343.597,267.3233,0.5444633,CurrentState,MoveToInitial,Slider,66,Scenario,5
ID,19,Time,1538.734,DronePosition,-255.7579,45,-107.379,11.1,CameraPosition,-103.2087,1.694378,-107.5249,CameraRotation,343.579,267.3243,0.5563385,CurrentState,MoveToInitial,Slider,66,Scenario,5
ID,19,Time,1538.748,DronePosition,-255.5987,45,-107.379,11.1,CameraPosition,-103.2085,1.694397,-107.5249,CameraRotation,343.5534,267.3293,0.5502579,CurrentState,MoveToInitial,Slider,66,Scenario,5
ID,19,Time,1538.762,DronePosition,-255.4416,45,-107.379,11.1,CameraPosition,-103.2084,1.694407,-107.5249,CameraRotation,343.5098,267.3305,0.55102,CurrentState,MoveToInitial,Slider,66,Scenario,5
ID,19,Time,1538.776,DronePosition,-255.2932,45,-107.379,11.1,CameraPosition,-103.2083,1.69442,-107.5249,CameraRotation,343.4841,267.3161,0.5720204,CurrentState,MoveToInitial,Slider,66,Scenario,5
ID,19,Time,1538.79,DronePosition,-255.136,45,-107.379,11.1,CameraPosition,-103.2082,1.694443,-107.5249,CameraRotation,343.4738,267.287,0.5849283,CurrentState,MoveToInitial,Slider,66,Scenario,5
ID,19,Time,1538.804,DronePosition,-254.9815,45,-107.379,11.1,CameraPosition,-103.208,1.694476,-107.5249,CameraRotation,343.4756,267.2686,0.561265,CurrentState,MoveToInitial,Slider,66,Scenario,5
ID,19,Time,1538.822,DronePosition,-254.7752,45,-107.379,11.1,CameraPosition,-103.2079,1.694475,-107.5248,CameraRotation,343.4696,267.2475,0.5328921,CurrentState,MoveToInitial,Slider,66,Scenario,5
ID,19,Time,1538.845,DronePosition,-254.5193,45,-107.379,11.1,CameraPosition,-103.2076,1.694427,-107.5247,CameraRotation,343.4954,267.2233,0.5400376,CurrentState,MoveToInitial,Slider,66,Scenario,5
ID,19,Time,1538.859,DronePosition,-254.3679,45,-107.379,11.1,CameraPosition,-103.2075,1.694415,-107.5246,CameraRotation,343.4939,267.2228,0.5118207,CurrentState,MoveToInitial,Slider,66,Scenario,5
ID,19,Time,1538.873,DronePosition,-254.2121,45,-107.379,11.1,CameraPosition,-103.2074,1.694413,-107.5245,CameraRotation,343.4891,267.2378,0.4727329,CurrentState,MoveToInitial,Slider,66,Scenario,5
ID,19,Time,1538.887,DronePosition,-254.0561,45,-107.379,11.1,CameraPosition,-103.2073,1.694431,-107.5244,CameraRotation,343.4754,267.2606,0.4651458,CurrentState,MoveToInitial,Slider,66,Scenario,5
ID,19,Time,1538.901,DronePosition,-253.9055,45,-107.379,11.1,CameraPosition,-103.2072,1.694451,-107.5243,CameraRotation,343.4634,267.2826,0.4576747,CurrentState,MoveToInitial,Slider,66,Scenario,5
ID,19,Time,1538.915,DronePosition,-253.7469,45,-107.379,11.1,CameraPosition,-103.207,1.694437,-107.5242,CameraRotation,343.4609,267.297,0.4706325,CurrentState,MoveToInitial,Slider,66,Scenario,5
ID,19,Time,1538.929,DronePosition,-253.5905,45,-107.379,11.1,CameraPosition,-103.2069,1.69443,-107.5241,CameraRotation,343.4742,267.325,0.4739477,CurrentState,MoveToInitial,Slider,66,Scenario,5
ID,19,Time,1538.943,DronePosition,-253.4389,45,-107.379,11.1,CameraPosition,-103.2068,1.694423,-107.5241,CameraRotation,343.4809,267.3448,0.4599532,CurrentState,MoveToInitial,Slider,66,Scenario,5
ID,19,Time,1538.957,DronePosition,-253.2827,45,-107.379,11.1,CameraPosition,-103.2067,1.6944,-107.524,CameraRotation,343.4966,267.3507,0.4408389,CurrentState,MoveToInitial,Slider,66,Scenario,5
ID,19,Time,1538.971,DronePosition,-253.1288,45,-107.379,11.1,CameraPosition,-103.2065,1.694377,-107.5239,CameraRotation,343.5349,267.355,0.4205852,CurrentState,MoveToInitial,Slider,66,Scenario,5
ID,19,Time,1538.985,DronePosition,-252.972,45,-107.379,11.1,CameraPosition,-103.2064,1.694343,-107.5238,CameraRotation,343.5494,267.3501,0.3985498,CurrentState,MoveToInitial,Slider,66,Scenario,5
ID,19,Time,1538.999,DronePosition,-252.8179,45,-107.379,11.1,CameraPosition,-103.2063,1.694338,-107.5237,CameraRotation,343.5652,267.3531,0.385433,CurrentState,MoveToInitial,Slider,66,Scenario,5
ID,19,Time,1539.013,DronePosition,-252.6605,45,-107.379,11.1,CameraPosition,-103.2061,1.694338,-107.5236,CameraRotation,343.5633,267.3503,0.3693877,CurrentState,MoveToInitial,Slider,66,Scenario,5
ID,19,Time,1539.032,DronePosition,-252.452,45,-107.379,11.1,CameraPosition,-103.2059,1.694349,-107.5235,CameraRotation,343.5581,267.3652,0.3584821,CurrentState,MoveToInitial,Slider,66,Scenario,5
ID,19,Time,1539.054,DronePosition,-252.203,45,-107.379,11.1,CameraPosition,-103.2057,1.694366,-107.5234,CameraRotation,343.5342,267.3777,0.3555135,CurrentState,MoveToInitial,Slider,66,Scenario,5
ID,19,Time,1539.068,DronePosition,-252.048,45,-107.379,11.1,CameraPosition,-103.2055,1.694393,-107.5233,CameraRotation,343.5215,267.3927,0.3557541,CurrentState,MoveToInitial,Slider,66,Scenario,5
ID,19,Time,1539.082,DronePosition,-251.8952,45,-107.379,11.1,CameraPosition,-103.2054,1.694409,-107.5233,CameraRotation,343.5096,267.4043,0.3675989,CurrentState,MoveToInitial,Slider,67,Scenario,5
ID,19,Time,1539.096,DronePosition,-251.7404,45,-107.379,11.1,CameraPosition,-103.2053,1.694447,-107.5232,CameraRotation,343.5116,267.4058,0.3826519,CurrentState,MoveToInitial,Slider,67,Scenario,5
ID,19,Time,1539.11,DronePosition,-251.587,45,-107.379,11.1,CameraPosition,-103.2052,1.694468,-107.5232,CameraRotation,343.5155,267.4097,0.3923467,CurrentState,MoveToInitial,Slider,67,Scenario,5
ID,19,Time,1539.124,DronePosition,-251.4275,45,-107.379,11.1,CameraPosition,-103.2051,1.694466,-107.5232,CameraRotation,343.5258,267.4002,0.3972167,CurrentState,MoveToInitial,Slider,67,Scenario,5
ID,19,Time,1539.138,DronePosition,-251.2744,45,-107.379,11.1,CameraPosition,-103.2049,1.694466,-107.5231,CameraRotation,343.5388,267.3954,0.3997298,CurrentState,MoveToInitial,Slider,67,Scenario,5
ID,19,Time,1539.152,DronePosition,-251.1188,45,-107.379,11.1,CameraPosition,-103.2048,1.69446,-107.5231,CameraRotation,343.5394,267.3842,0.3992383,CurrentState,MoveToInitial,Slider,67,Scenario,5
ID,19,Time,1539.166,DronePosition,-250.9647,45,-107.379,11.1,CameraPosition,-103.2047,1.694476,-107.523,CameraRotation,343.55,267.3712,0.3979762,CurrentState,MoveToInitial,Slider,67,Scenario,5
ID,19,Time,1539.18,DronePosition,-250.8094,45,-107.379,11.1,CameraPosition,-103.2045,1.69449,-107.5229,CameraRotation,343.5347,267.3708,0.3976231,CurrentState,MoveToInitial,Slider,67,Scenario,5
ID,19,Time,1539.194,DronePosition,-250.6501,45,-107.379,11.1,CameraPosition,-103.2044,1.694514,-107.5228,CameraRotation,343.5373,267.3633,0.4033877,CurrentState,MoveToInitial,Slider,67,Scenario,5
ID,19,Time,1539.208,DronePosition,-250.4999,45,-107.379,11.1,CameraPosition,-103.2043,1.69452,-107.5228,CameraRotation,343.5226,267.3593,0.3978064,CurrentState,MoveToInitial,Slider,67,Scenario,5
ID,19,Time,1539.222,DronePosition,-250.3413,45,-107.379,11.1,CameraPosition,-103.2042,1.694528,-107.5227,CameraRotation,343.5312,267.3674,0.3988953,CurrentState,MoveToInitial,Slider,67,Scenario,5
ID,19,Time,1539.24,DronePosition,-250.1372,45,-107.379,11.1,CameraPosition,-103.2041,1.694533,-107.5227,CameraRotation,343.5342,267.3814,0.4097626,CurrentState,MoveToInitial,Slider,67,Scenario,5
ID,19,Time,1539.265,DronePosition,-249.8671,45,-107.379,11.1,CameraPosition,-103.2039,1.694547,-107.5226,CameraRotation,343.521,267.4073,0.3993722,CurrentState,MoveToInitial,Slider,67,Scenario,5
ID,19,Time,1539.277,DronePosition,-249.7323,45,-107.379,11.1,CameraPosition,-103.2038,1.694548,-107.5225,CameraRotation,343.5101,267.4185,0.3923871,CurrentState,MoveToInitial,Slider,67,Scenario,5
ID,19,Time,1539.291,DronePosition,-249.5793,45,-107.379,11.1,CameraPosition,-103.2038,1.694527,-107.5225,CameraRotation,343.5206,267.4259,0.3937218,CurrentState,MoveToInitial,Slider,67,Scenario,5
ID,19,Time,1539.305,DronePosition,-249.4222,45,-107.379,11.1,CameraPosition,-103.2037,1.694521,-107.5225,CameraRotation,343.546,267.4173,0.4237734,CurrentState,MoveToInitial,Slider,67,Scenario,5
ID,19,Time,1539.319,DronePosition,-249.2653,45,-107.379,11.1,CameraPosition,-103.2036,1.694561,-107.5224,CameraRotation,343.5405,267.4047,0.4460388,CurrentState,MoveToInitial,Slider,67,Scenario,5
ID,19,Time,1539.333,DronePosition,-249.1123,45,-107.379,11.1,CameraPosition,-103.2036,1.694607,-107.5223,CameraRotation,343.5015,267.4207,0.3906449,CurrentState,MoveToInitial,Slider,67,Scenario,5
ID,19,Time,1539.347,DronePosition,-248.9512,45,-107.379,11.1,CameraPosition,-103.2035,1.694597,-107.5222,CameraRotation,343.5054,267.4247,0.3273378,CurrentState,MoveToInitial,Slider,67,Scenario,5
ID,19,Time,1539.36,DronePosition,-248.8038,45,-107.379,11.1,CameraPosition,-103.2034,1.694594,-107.5222,CameraRotation,343.5396,267.425,0.3144112,CurrentState,MoveToInitial,Slider,67,Scenario,5
ID,19,Time,1539.375,DronePosition,-248.6466,45,-107.379,11.1,CameraPosition,-103.2033,1.694574,-107.5222,CameraRotation,343.5812,267.4126,0.3412395,CurrentState,MoveToInitial,Slider,68,Scenario,5
ID,19,Time,1539.389,DronePosition,-248.4917,45,-107.379,11.1,CameraPosition,-103.2032,1.694576,-107.5222,CameraRotation,343.5949,267.3878,0.3642101,CurrentState,MoveToInitial,Slider,68,Scenario,5
ID,19,Time,1539.402,DronePosition,-248.3375,45,-107.379,11.1,CameraPosition,-103.2031,1.694571,-107.5221,CameraRotation,343.5885,267.3702,0.3942125,CurrentState,MoveToInitial,Slider,68,Scenario,5
ID,19,Time,1539.417,DronePosition,-248.1806,45,-107.379,11.1,CameraPosition,-103.2031,1.694586,-107.5221,CameraRotation,343.5636,267.3745,0.3854334,CurrentState,MoveToInitial,Slider,68,Scenario,5
ID,19,Time,1539.43,DronePosition,-248.0264,45,-107.379,11.1,CameraPosition,-103.2031,1.694622,-107.5221,CameraRotation,343.539,267.3803,0.381354,CurrentState,MoveToInitial,Slider,68,Scenario,5
ID,19,Time,1539.449,DronePosition,-247.8194,45,-107.379,11.1,CameraPosition,-103.203,1.694661,-107.5221,CameraRotation,343.5137,267.3604,0.4056682,CurrentState,MoveToInitial,Slider,68,Scenario,5
ID,19,Time,1539.472,DronePosition,-247.5665,45,-107.379,11.1,CameraPosition,-103.2029,1.694718,-107.5221,CameraRotation,343.4808,267.2942,0.4425768,CurrentState,MoveToInitial,Slider,68,Scenario,5
ID,19,Time,1539.487,DronePosition,-247.3994,45,-107.379,11.1,CameraPosition,-103.2028,1.694723,-107.5221,CameraRotation,343.5006,267.2694,0.4253,CurrentState,MoveToInitial,Slider,68,Scenario,5
ID,19,Time,1539.499,DronePosition,-247.2604,45,-107.379,11.1,CameraPosition,-103.2027,1.694697,-107.522,CameraRotation,343.5306,267.2349,0.4113958,CurrentState,MoveToInitial,Slider,68,Scenario,5
ID,19,Time,1539.514,DronePosition,-247.1029,45,-107.379,11.1,CameraPosition,-103.2026,1.694685,-107.522,CameraRotation,343.5695,267.2128,0.4244129,CurrentState,MoveToInitial,Slider,68,Scenario,5
ID,19,Time,1539.528,DronePosition,-246.9454,45,-107.379,11.1,CameraPosition,-103.2026,1.694697,-107.522,CameraRotation,343.5617,267.1983,0.4250939,CurrentState,MoveToInitial,Slider,68,Scenario,5
ID,19,Time,1539.542,DronePosition,-246.7942,45,-107.379,11.1,CameraPosition,-103.2025,1.694746,-107.5219,CameraRotation,343.5391,267.1935,0.3919366,CurrentState,MoveToInitial,Slider,68,Scenario,5
ID,19,Time,1539.556,DronePosition,-246.6377,45,-107.379,11.1,CameraPosition,-103.2025,1.69481,-107.5219,CameraRotation,343.504,267.2041,0.375076,CurrentState,MoveToInitial,Slider,68,Scenario,5
ID,19,Time,1539.57,DronePosition,-246.4819,45,-107.379,11.1,CameraPosition,-103.2025,1.694849,-107.5218,CameraRotation,343.4697,267.2133,0.3926739,CurrentState,MoveToInitial,Slider,68,Scenario,5
ID,19,Time,1539.583,DronePosition,-246.3288,45,-107.379,11.1,CameraPosition,-103.2025,1.694871,-107.5218,CameraRotation,343.4517,267.2201,0.4022499,CurrentState,MoveToInitial,Slider,69,Scenario,5
ID,19,Time,1539.598,DronePosition,-246.1715,45,-107.379,11.1,CameraPosition,-103.2025,1.6949,-107.5218,CameraRotation,343.445,267.2274,0.3997288,CurrentState,MoveToInitial,Slider,69,Scenario,5
ID,19,Time,1539.611,DronePosition,-246.0179,45,-107.379,11.1,CameraPosition,-103.2025,1.694942,-107.5217,CameraRotation,343.44,267.2332,0.3977083,CurrentState,MoveToInitial,Slider,69,Scenario,5
ID,19,Time,1539.625,DronePosition,-245.8654,45,-107.379,11.1,CameraPosition,-103.2025,1.694988,-107.5217,CameraRotation,343.4333,267.2293,0.3821978,CurrentState,MoveToInitial,Slider,69,Scenario,5
ID,19,Time,1539.639,DronePosition,-245.7075,45,-107.379,11.1,CameraPosition,-103.2025,1.695036,-107.5216,CameraRotation,343.42,267.2209,0.3647337,CurrentState,MoveToInitial,Slider,69,Scenario,5
ID,19,Time,1539.658,DronePosition,-245.5006,45,-107.379,11.1,CameraPosition,-103.2025,1.69503,-107.5215,CameraRotation,343.3932,267.1988,0.3592641,CurrentState,MoveToInitial,Slider,69,Scenario,5
ID,19,Time,1539.68,DronePosition,-245.2523,45,-107.379,11.1,CameraPosition,-103.2026,1.695059,-107.5214,CameraRotation,343.339,267.1795,0.3443525,CurrentState,MoveToInitial,Slider,69,Scenario,5
ID,19,Time,1539.694,DronePosition,-245.0976,45,-107.379,11.1,CameraPosition,-103.2027,1.6951,-107.5213,CameraRotation,343.3116,267.1671,0.3302242,CurrentState,MoveToInitial,Slider,69,Scenario,5
ID,19,Time,1539.708,DronePosition,-244.9456,45,-107.379,11.1,CameraPosition,-103.2028,1.695148,-107.5213,CameraRotation,343.2829,267.1583,0.3110183,CurrentState,MoveToInitial,Slider,69,Scenario,5
ID,19,Time,1539.722,DronePosition,-244.7865,45,-107.379,11.1,CameraPosition,-103.2029,1.695175,-107.5212,CameraRotation,343.2531,267.1573,0.304914,CurrentState,MoveToInitial,Slider,69,Scenario,5
ID,19,Time,1539.736,DronePosition,-244.631,45,-107.379,11.1,CameraPosition,-103.2031,1.695201,-107.5212,CameraRotation,343.2587,267.1614,0.2850328,CurrentState,MoveToInitial,Slider,69,Scenario,5
ID,19,Time,1539.75,DronePosition,-244.4754,45,-107.379,11.1,CameraPosition,-103.2032,1.695196,-107.5212,CameraRotation,343.2684,267.1519,0.2785189,CurrentState,MoveToInitial,Slider,69,Scenario,5
ID,19,Time,1539.764,DronePosition,-244.3194,45,-107.379,11.1,CameraPosition,-103.2034,1.695174,-107.5211,CameraRotation,343.2909,267.1511,0.274637,CurrentState,MoveToInitial,Slider,69,Scenario,5
ID,19,Time,1539.778,DronePosition,-244.1643,45,-107.379,11.1,CameraPosition,-103.2035,1.695153,-107.5211,CameraRotation,343.3032,267.1589,0.2655711,CurrentState,MoveToInitial,Slider,69,Scenario,5
ID,19,Time,1539.792,DronePosition,-244.0094,45,-107.379,11.1,CameraPosition,-103.2037,1.695143,-107.521,CameraRotation,343.3225,267.1533,0.2689221,CurrentState,MoveToInitial,Slider,69,Scenario,5
ID,19,Time,1539.806,DronePosition,-243.8551,45,-107.379,11.1,CameraPosition,-103.2039,1.695096,-107.521,CameraRotation,343.3188,267.1639,0.2584253,CurrentState,MoveToInitial,Slider,69,Scenario,5
ID,19,Time,1539.82,DronePosition,-243.7005,45,-107.379,11.1,CameraPosition,-103.204,1.69505,-107.521,CameraRotation,343.3392,267.1616,0.2555745,CurrentState,MoveToInitial,Slider,69,Scenario,5
ID,19,Time,1539.834,DronePosition,-243.5447,45,-107.379,11.1,CameraPosition,-103.2042,1.695006,-107.521,CameraRotation,343.3521,267.1733,0.2383984,CurrentState,MoveToInitial,Slider,69,Scenario,5
ID,19,Time,1539.848,DronePosition,-243.3927,45,-107.379,11.1,CameraPosition,-103.2045,1.694947,-107.521,CameraRotation,343.3789,267.1766,0.2293846,CurrentState,MoveToInitial,Slider,69,Scenario,5
ID,19,Time,1539.867,DronePosition,-243.1802,45,-107.379,11.1,CameraPosition,-103.2047,1.694898,-107.521,CameraRotation,343.4248,267.1759,0.2221643,CurrentState,MoveToInitial,Slider,69,Scenario,5
ID,19,Time,1539.889,DronePosition,-242.9322,45,-107.379,11.1,CameraPosition,-103.2052,1.694757,-107.521,CameraRotation,343.5104,267.1716,0.233804,CurrentState,MoveToInitial,Slider,69,Scenario,5
ID,19,Time,1539.903,DronePosition,-242.7806,45,-107.379,11.1,CameraPosition,-103.2054,1.69469,-107.5211,CameraRotation,343.5553,267.1725,0.2233692,CurrentState,MoveToInitial,Slider,69,Scenario,5
ID,19,Time,1539.917,DronePosition,-242.6236,45,-107.379,11.1,CameraPosition,-103.2057,1.694637,-107.5211,CameraRotation,343.5837,267.1599,0.2384944,CurrentState,MoveToInitial,Slider,69,Scenario,5
ID,19,Time,1539.931,DronePosition,-242.468,45,-107.379,11.1,CameraPosition,-103.2059,1.694577,-107.5212,CameraRotation,343.6221,267.1538,0.2634853,CurrentState,MoveToInitial,Slider,69,Scenario,5
ID,19,Time,1539.945,DronePosition,-242.3109,45,-107.379,11.1,CameraPosition,-103.2062,1.694504,-107.5213,CameraRotation,343.6702,267.134,0.2926604,CurrentState,MoveToInitial,Slider,69,Scenario,5
ID,19,Time,1539.959,DronePosition,-242.1571,45,-107.379,11.1,CameraPosition,-103.2064,1.694502,-107.5213,CameraRotation,343.6839,267.118,0.3251403,CurrentState,MoveToInitial,Slider,69,Scenario,5
ID,19,Time,1539.973,DronePosition,-242.0034,45,-107.379,11.1,CameraPosition,-103.2066,1.694515,-107.5213,CameraRotation,343.6441,267.1086,0.3251949,CurrentState,MoveToInitial,Slider,69,Scenario,5
ID,19,Time,1539.987,DronePosition,-241.8464,45,-107.379,11.1,CameraPosition,-103.2068,1.694499,-107.5213,CameraRotation,343.6299,267.1087,0.2585762,CurrentState,MoveToInitial,Slider,70,Scenario,5
ID,19,Time,1540.001,DronePosition,-241.6945,45,-107.379,11.1,CameraPosition,-103.2071,1.69445,-107.5214,CameraRotation,343.6794,267.1102,0.222092,CurrentState,MoveToInitial,Slider,70,Scenario,5
ID,19,Time,1540.015,DronePosition,-241.5392,45,-107.379,11.1,CameraPosition,-103.2073,1.694392,-107.5215,CameraRotation,343.7393,267.0926,0.244836,CurrentState,MoveToInitial,Slider,70,Scenario,5
ID,19,Time,1540.029,DronePosition,-241.3816,45,-107.379,11.1,CameraPosition,-103.2075,1.694355,-107.5216,CameraRotation,343.7962,267.0767,0.2812033,CurrentState,MoveToInitial,Slider,70,Scenario,5
ID,19,Time,1540.043,DronePosition,-241.2238,45,-107.379,11.1,CameraPosition,-103.2077,1.694308,-107.5217,CameraRotation,343.8187,267.0624,0.3282103,CurrentState,MoveToInitial,Slider,70,Scenario,5
ID,19,Time,1540.057,DronePosition,-241.0715,45,-107.379,11.1,CameraPosition,-103.208,1.69429,-107.5218,CameraRotation,343.8237,267.0717,0.3479329,CurrentState,MoveToInitial,Slider,70,Scenario,5
ID,19,Time,1540.076,DronePosition,-240.8661,45,-107.379,11.1,CameraPosition,-103.2082,1.694293,-107.5219,CameraRotation,343.8081,267.0895,0.3521194,CurrentState,MoveToInitial,Slider,70,Scenario,5
ID,19,Time,1540.098,DronePosition,-240.6156,45,-107.379,11.1,CameraPosition,-103.2087,1.694278,-107.522,CameraRotation,343.7681,267.087,0.3981939,CurrentState,MoveToInitial,Slider,70,Scenario,5
ID,19,Time,1540.112,DronePosition,-240.4601,45,-107.379,11.1,CameraPosition,-103.2089,1.694263,-107.5221,CameraRotation,343.7862,267.0741,0.4104588,CurrentState,MoveToInitial,Slider,70,Scenario,5
ID,19,Time,1540.126,DronePosition,-240.3046,45,-107.379,11.1,CameraPosition,-103.2091,1.694237,-107.5221,CameraRotation,343.8073,267.0638,0.3902278,CurrentState,MoveToInitial,Slider,70,Scenario,5
ID,19,Time,1540.14,DronePosition,-240.1492,45,-107.379,11.1,CameraPosition,-103.2093,1.694199,-107.5222,CameraRotation,343.8212,267.0431,0.3606696,CurrentState,MoveToInitial,Slider,70,Scenario,5
ID,19,Time,1540.154,DronePosition,-239.9941,45,-107.379,11.1,CameraPosition,-103.2094,1.69416,-107.5223,CameraRotation,343.8549,267.0213,0.3676638,CurrentState,MoveToInitial,Slider,70,Scenario,5
ID,19,Time,1540.168,DronePosition,-239.839,45,-107.379,11.1,CameraPosition,-103.2096,1.694142,-107.5223,CameraRotation,343.8596,266.9935,0.3839996,CurrentState,MoveToInitial,Slider,70,Scenario,5
ID,19,Time,1540.182,DronePosition,-239.6811,45,-107.379,11.1,CameraPosition,-103.2099,1.694149,-107.5224,CameraRotation,343.8384,266.9814,0.3792059,CurrentState,MoveToInitial,Slider,70,Scenario,5
ID,19,Time,1540.196,DronePosition,-239.5269,45,-107.379,11.1,CameraPosition,-103.2101,1.694156,-107.5225,CameraRotation,343.8396,266.9796,0.3553523,CurrentState,MoveToInitial,Slider,70,Scenario,5
ID,19,Time,1540.21,DronePosition,-239.3748,45,-107.379,11.1,CameraPosition,-103.2103,1.694158,-107.5225,CameraRotation,343.8318,266.9915,0.3571361,CurrentState,MoveToInitial,Slider,70,Scenario,5
ID,19,Time,1540.224,DronePosition,-239.22,45,-107.379,11.1,CameraPosition,-103.2105,1.694168,-107.5226,CameraRotation,343.8484,267.0054,0.3703079,CurrentState,MoveToInitial,Slider,70,Scenario,5
ID,19,Time,1540.238,DronePosition,-239.0623,45,-107.379,11.1,CameraPosition,-103.2107,1.694158,-107.5227,CameraRotation,343.8671,267.0226,0.3896813,CurrentState,MoveToInitial,Slider,70,Scenario,5
ID,19,Time,1540.252,DronePosition,-238.909,45,-107.379,11.1,CameraPosition,-103.2109,1.694124,-107.5227,CameraRotation,343.8826,267.0325,0.4074183,CurrentState,MoveToInitial,Slider,70,Scenario,5
ID,19,Time,1540.266,DronePosition,-238.757,45,-107.379,11.1,CameraPosition,-103.211,1.694104,-107.5228,CameraRotation,343.9011,267.0491,0.4048583,CurrentState,MoveToInitial,Slider,70,Scenario,5
ID,19,Time,1540.285,DronePosition,-238.546,45,-107.379,11.1,CameraPosition,-103.2112,1.694075,-107.5228,CameraRotation,343.9245,267.0603,0.4171818,CurrentState,MoveToInitial,Slider,70,Scenario,5
ID,19,Time,1540.307,DronePosition,-238.2948,45,-107.379,11.1,CameraPosition,-103.2115,1.693982,-107.5229,CameraRotation,343.9163,267.0458,0.4290686,CurrentState,MoveToInitial,Slider,70,Scenario,5
ID,19,Time,1540.321,DronePosition,-238.1438,45,-107.379,11.1,CameraPosition,-103.2116,1.693981,-107.5229,CameraRotation,343.9006,267.039,0.4216451,CurrentState,MoveToInitial,Slider,70,Scenario,5
ID,19,Time,1540.335,DronePosition,-237.985,45,-107.379,11.1,CameraPosition,-103.2118,1.693985,-107.523,CameraRotation,343.8916,267.0221,0.4139548,CurrentState,MoveToInitial,Slider,70,Scenario,5
ID,19,Time,1540.349,DronePosition,-237.8334,45,-107.379,11.1,CameraPosition,-103.212,1.693976,-107.5231,CameraRotation,343.8986,267.0065,0.4109063,CurrentState,MoveToInitial,Slider,70,Scenario,5
ID,19,Time,1540.363,DronePosition,-237.6723,45,-107.379,11.1,CameraPosition,-103.2122,1.693949,-107.5232,CameraRotation,343.9031,267.0045,0.4023776,CurrentState,MoveToInitial,Slider,70,Scenario,5
ID,19,Time,1540.377,DronePosition,-237.5219,45,-107.379,11.1,CameraPosition,-103.2123,1.693912,-107.5232,CameraRotation,343.917,266.9987,0.405376,CurrentState,MoveToInitial,Slider,70,Scenario,5
ID,19,Time,1540.391,DronePosition,-237.3654,45,-107.379,11.1,CameraPosition,-103.2125,1.693882,-107.5232,CameraRotation,343.9395,267.0098,0.4089303,CurrentState,MoveToInitial,Slider,70,Scenario,5
ID,19,Time,1540.405,DronePosition,-237.2115,45,-107.379,11.1,CameraPosition,-103.2127,1.693852,-107.5233,CameraRotation,343.9617,267.0272,0.4157482,CurrentState,MoveToInitial,Slider,70,Scenario,5
ID,19,Time,1540.419,DronePosition,-237.0572,45,-107.379,11.1,CameraPosition,-103.2129,1.693815,-107.5233,CameraRotation,343.9841,267.0371,0.4270928,CurrentState,MoveToInitial,Slider,70,Scenario,5
ID,19,Time,1540.433,DronePosition,-236.9024,45,-107.379,11.1,CameraPosition,-103.2131,1.693782,-107.5234,CameraRotation,343.9986,267.0498,0.4291614,CurrentState,MoveToInitial,Slider,70,Scenario,5
ID,19,Time,1540.447,DronePosition,-236.7461,45,-107.379,11.1,CameraPosition,-103.2132,1.693755,-107.5234,CameraRotation,344.0195,267.0559,0.436814,CurrentState,MoveToInitial,Slider,70,Scenario,5
ID,19,Time,1540.461,DronePosition,-236.5918,45,-107.379,11.1,CameraPosition,-103.2133,1.693725,-107.5235,CameraRotation,344.0273,267.0577,0.4420767,CurrentState,MoveToInitial,Slider,70,Scenario,5
ID,19,Time,1540.475,DronePosition,-236.436,45,-107.379,11.1,CameraPosition,-103.2134,1.693699,-107.5236,CameraRotation,344.026,267.0588,0.436092,CurrentState,MoveToInitial,Slider,70,Scenario,5
ID,19,Time,1540.494,DronePosition,-236.2242,45,-107.379,11.1,CameraPosition,-103.2136,1.693674,-107.5236,CameraRotation,344.0326,267.0513,0.434885,CurrentState,MoveToInitial,Slider,70,Scenario,5
ID,19,Time,1540.516,DronePosition,-235.9796,45,-107.379,11.1,CameraPosition,-103.214,1.693612,-107.5238,CameraRotation,344.0438,267.0371,0.4538757,CurrentState,MoveToInitial,Slider,70,Scenario,5
ID,19,Time,1540.53,DronePosition,-235.8245,45,-107.379,11.1,CameraPosition,-103.2141,1.693606,-107.5239,CameraRotation,344.0644,267.024,0.4697797,CurrentState,MoveToInitial,Slider,70,Scenario,5
ID,19,Time,1540.544,DronePosition,-235.6664,45,-107.379,11.1,CameraPosition,-103.2143,1.693591,-107.524,CameraRotation,344.0945,267.0314,0.4668044,CurrentState,MoveToInitial,Slider,70,Scenario,5
ID,19,Time,1540.558,DronePosition,-235.5125,45,-107.379,11.1,CameraPosition,-103.2145,1.693562,-107.5241,CameraRotation,344.1287,267.0332,0.473291,CurrentState,MoveToInitial,Slider,70,Scenario,5
ID,19,Time,1540.572,DronePosition,-235.359,45,-107.379,11.1,CameraPosition,-103.2146,1.693514,-107.5241,CameraRotation,344.1559,267.0313,0.4719224,CurrentState,MoveToInitial,Slider,70,Scenario,5
ID,19,Time,1540.586,DronePosition,-235.2041,45,-107.379,11.1,CameraPosition,-103.2148,1.693443,-107.5242,CameraRotation,344.2034,267.0272,0.4771489,CurrentState,MoveToInitial,Slider,70,Scenario,5
ID,19,Time,1540.6,DronePosition,-235.0482,45,-107.379,11.1,CameraPosition,-103.2149,1.69342,-107.5243,CameraRotation,344.2345,267.03,0.5027977,CurrentState,MoveToInitial,Slider,70,Scenario,5
ID,19,Time,1540.614,DronePosition,-234.8862,45,-107.379,11.1,CameraPosition,-103.2151,1.693451,-107.5243,CameraRotation,344.2112,267.0362,0.5050302,CurrentState,MoveToInitial,Slider,70,Scenario,5
ID,19,Time,1540.628,DronePosition,-234.7363,45,-107.379,11.1,CameraPosition,-103.2152,1.693479,-107.5243,CameraRotation,344.1779,267.0536,0.4480153,CurrentState,MoveToInitial,Slider,70,Scenario,5
ID,19,Time,1540.641,DronePosition,-234.5863,45,-107.379,11.1,CameraPosition,-103.2154,1.69345,-107.5244,CameraRotation,344.1938,267.0706,0.3913008,CurrentState,MoveToInitial,Slider,70,Scenario,5
ID,19,Time,1540.656,DronePosition,-234.427,45,-107.379,11.1,CameraPosition,-103.2156,1.693403,-107.5245,CameraRotation,344.2408,267.0735,0.3856691,CurrentState,MoveToInitial,Slider,70,Scenario,5
ID,19,Time,1540.669,DronePosition,-234.2731,45,-107.379,11.1,CameraPosition,-103.2157,1.693359,-107.5246,CameraRotation,344.292,267.0647,0.4127124,CurrentState,MoveToInitial,Slider,70,Scenario,5
ID,19,Time,1540.683,DronePosition,-234.1198,45,-107.379,11.1,CameraPosition,-103.2158,1.693311,-107.5247,CameraRotation,344.335,267.0558,0.4524292,CurrentState,MoveToInitial,Slider,71,Scenario,5
ID,19,Time,1540.702,DronePosition,-233.9125,45,-107.379,11.1,CameraPosition,-103.2159,1.693251,-107.5248,CameraRotation,344.3742,267.0598,0.4746218,CurrentState,MoveToInitial,Slider,71,Scenario,5
ID,19,Time,1540.724,DronePosition,-233.6645,45,-107.379,11.1,CameraPosition,-103.2161,1.693168,-107.525,CameraRotation,344.4136,267.0826,0.4918662,CurrentState,MoveToInitial,Slider,71,Scenario,5
ID,19,Time,1540.739,DronePosition,-233.5071,45,-107.379,11.1,CameraPosition,-103.2162,1.693139,-107.5252,CameraRotation,344.4163,267.083,0.5242909,CurrentState,MoveToInitial,Slider,71,Scenario,5
ID,19,Time,1540.753,DronePosition,-233.3504,45,-107.379,11.1,CameraPosition,-103.2163,1.693119,-107.5253,CameraRotation,344.4299,267.0671,0.5580941,CurrentState,MoveToInitial,Slider,71,Scenario,5
ID,19,Time,1540.767,DronePosition,-233.1942,45,-107.379,11.1,CameraPosition,-103.2163,1.693109,-107.5255,CameraRotation,344.4526,267.0426,0.5668417,CurrentState,MoveToInitial,Slider,71,Scenario,5
ID,19,Time,1540.781,DronePosition,-233.0397,45,-107.379,11.1,CameraPosition,-103.2164,1.693099,-107.5256,CameraRotation,344.4777,267.0176,0.5494903,CurrentState,MoveToInitial,Slider,71,Scenario,5
ID,19,Time,1540.795,DronePosition,-232.8836,45,-107.379,11.1,CameraPosition,-103.2164,1.693056,-107.5258,CameraRotation,344.5175,266.9963,0.5435373,CurrentState,MoveToInitial,Slider,71,Scenario,5
ID,19,Time,1540.809,DronePosition,-232.7292,45,-107.379,11.1,CameraPosition,-103.2165,1.69302,-107.5259,CameraRotation,344.5504,266.9688,0.5622745,CurrentState,MoveToInitial,Slider,71,Scenario,5
ID,19,Time,1540.822,DronePosition,-232.5772,45,-107.379,11.1,CameraPosition,-103.2165,1.692998,-107.526,CameraRotation,344.5588,266.9445,0.580585,CurrentState,MoveToInitial,Slider,71,Scenario,5
ID,19,Time,1540.836,DronePosition,-232.4231,45,-107.379,11.1,CameraPosition,-103.2166,1.692982,-107.5262,CameraRotation,344.5736,266.9305,0.5744463,CurrentState,MoveToInitial,Slider,71,Scenario,5
ID,19,Time,1540.85,DronePosition,-232.2681,45,-107.379,11.1,CameraPosition,-103.2166,1.692976,-107.5263,CameraRotation,344.584,266.9487,0.5673355,CurrentState,MoveToInitial,Slider,71,Scenario,5
ID,19,Time,1540.865,DronePosition,-232.1054,45,-107.379,11.1,CameraPosition,-103.2165,1.692977,-107.5264,CameraRotation,344.5837,266.9575,0.577032,CurrentState,MoveToInitial,Slider,71,Scenario,5
ID,19,Time,1540.878,DronePosition,-231.9542,45,-107.379,11.1,CameraPosition,-103.2165,1.692991,-107.5265,CameraRotation,344.5827,266.9714,0.5923669,CurrentState,MoveToInitial,Slider,71,Scenario,5
ID,19,Time,1540.892,DronePosition,-231.803,45,-107.379,11.1,CameraPosition,-103.2165,1.693003,-107.5266,CameraRotation,344.5781,266.989,0.6065637,CurrentState,MoveToInitial,Slider,71,Scenario,5
ID,19,Time,1540.911,DronePosition,-231.5897,45,-107.379,11.1,CameraPosition,-103.2165,1.692999,-107.5267,CameraRotation,344.5703,267.0002,0.6169561,CurrentState,MoveToInitial,Slider,71,Scenario,5
ID,19,Time,1540.934,DronePosition,-231.3412,45,-107.379,11.1,CameraPosition,-103.2165,1.692952,-107.5269,CameraRotation,344.5688,266.9909,0.6436969,CurrentState,MoveToInitial,Slider,71,Scenario,5
ID,19,Time,1540.947,DronePosition,-231.1889,45,-107.379,11.1,CameraPosition,-103.2164,1.692913,-107.527,CameraRotation,344.5698,266.9645,0.6427434,CurrentState,MoveToInitial,Slider,71,Scenario,5
ID,19,Time,1540.961,DronePosition,-231.0322,45,-107.379,11.1,CameraPosition,-103.2164,1.692885,-107.5271,CameraRotation,344.5686,266.9364,0.6272801,CurrentState,MoveToInitial,Slider,71,Scenario,5
ID,19,Time,1540.975,DronePosition,-230.8794,45,-107.379,11.1,CameraPosition,-103.2163,1.692874,-107.5272,CameraRotation,344.5903,266.9148,0.6103878,CurrentState,MoveToInitial,Slider,71,Scenario,5
ID,19,Time,1540.989,DronePosition,-230.7247,45,-107.379,11.1,CameraPosition,-103.2163,1.692854,-107.5273,CameraRotation,344.5928,266.893,0.5874669,CurrentState,MoveToInitial,Slider,71,Scenario,5
ID,19,Time,1541.003,DronePosition,-230.5674,45,-107.379,11.1,CameraPosition,-103.2162,1.692862,-107.5274,CameraRotation,344.6022,266.871,0.5792688,CurrentState,MoveToInitial,Slider,71,Scenario,5
ID,19,Time,1541.017,DronePosition,-230.4138,45,-107.379,11.1,CameraPosition,-103.2162,1.692868,-107.5275,CameraRotation,344.6154,266.858,0.5790552,CurrentState,MoveToInitial,Slider,71,Scenario,5
ID,19,Time,1541.031,DronePosition,-230.2602,45,-107.379,11.1,CameraPosition,-103.2161,1.692854,-107.5275,CameraRotation,344.6236,266.8465,0.5812541,CurrentState,MoveToInitial,Slider,71,Scenario,5
ID,19,Time,1541.046,DronePosition,-230.099,45,-107.379,11.1,CameraPosition,-103.216,1.692828,-107.5276,CameraRotation,344.6419,266.8444,0.5859473,CurrentState,MoveToInitial,Slider,71,Scenario,5
ID,19,Time,1541.059,DronePosition,-229.9483,45,-107.379,11.1,CameraPosition,-103.2159,1.692799,-107.5277,CameraRotation,344.6483,266.8498,0.5842497,CurrentState,MoveToInitial,Slider,71,Scenario,5
ID,19,Time,1541.073,DronePosition,-229.7925,45,-107.379,11.1,CameraPosition,-103.2158,1.692789,-107.5278,CameraRotation,344.6612,266.8731,0.5986184,CurrentState,MoveToInitial,Slider,71,Scenario,5
ID,19,Time,1541.087,DronePosition,-229.6358,45,-107.379,11.1,CameraPosition,-103.2157,1.692763,-107.5278,CameraRotation,344.6589,266.879,0.6100514,CurrentState,MoveToInitial,Slider,71,Scenario,5
ID,19,Time,1541.101,DronePosition,-229.4827,45,-107.379,11.1,CameraPosition,-103.2155,1.692747,-107.5279,CameraRotation,344.6699,266.8808,0.6171923,CurrentState,MoveToInitial,Slider,71,Scenario,5
ID,19,Time,1541.12,DronePosition,-229.2762,45,-107.379,11.1,CameraPosition,-103.2154,1.692737,-107.5279,CameraRotation,344.6848,266.8908,0.616026,CurrentState,MoveToInitial,Slider,71,Scenario,5
ID,19,Time,1541.142,DronePosition,-229.0278,45,-107.379,11.1,CameraPosition,-103.2151,1.692747,-107.5281,CameraRotation,344.6874,266.889,0.6162916,CurrentState,MoveToInitial,Slider,71,Scenario,5
ID,19,Time,1541.156,DronePosition,-228.871,45,-107.379,11.1,CameraPosition,-103.215,1.692753,-107.5281,CameraRotation,344.6862,266.8824,0.6118112,CurrentState,MoveToInitial,Slider,71,Scenario,5
ID,19,Time,1541.17,DronePosition,-228.7158,45,-107.379,11.1,CameraPosition,-103.2148,1.692776,-107.5282,CameraRotation,344.6835,266.8767,0.6017636,CurrentState,MoveToInitial,Slider,71,Scenario,5
ID,19,Time,1541.184,DronePosition,-228.5601,45,-107.379,11.1,CameraPosition,-103.2146,1.692789,-107.5283,CameraRotation,344.6689,266.8539,0.6158582,CurrentState,MoveToInitial,Slider,72,Scenario,5
ID,19,Time,1541.198,DronePosition,-228.4051,45,-107.379,11.1,CameraPosition,-103.2144,1.692815,-107.5284,CameraRotation,344.6496,266.8384,0.6238673,CurrentState,MoveToInitial,Slider,72,Scenario,5
ID,19,Time,1541.212,DronePosition,-228.2497,45,-107.379,11.1,CameraPosition,-103.2143,1.692837,-107.5284,CameraRotation,344.6295,266.8297,0.6241752,CurrentState,MoveToInitial,Slider,72,Scenario,5
ID,19,Time,1541.226,DronePosition,-228.0957,45,-107.379,11.1,CameraPosition,-103.2141,1.692855,-107.5285,CameraRotation,344.6133,266.8214,0.6302066,CurrentState,MoveToInitial,Slider,72,Scenario,5
ID,19,Time,1541.24,DronePosition,-227.9401,45,-107.379,11.1,CameraPosition,-103.2139,1.692845,-107.5285,CameraRotation,344.6096,266.8212,0.6382836,CurrentState,MoveToInitial,Slider,72,Scenario,5
ID,19,Time,1541.254,DronePosition,-227.7846,45,-107.379,11.1,CameraPosition,-103.2136,1.69285,-107.5285,CameraRotation,344.6259,266.8116,0.6386898,CurrentState,MoveToInitial,Slider,72,Scenario,5
ID,19,Time,1541.268,DronePosition,-227.6271,45,-107.379,11.1,CameraPosition,-103.2134,1.692898,-107.5285,CameraRotation,344.6227,266.8114,0.6594785,CurrentState,MoveToInitial,Slider,72,Scenario,5
ID,19,Time,1541.282,DronePosition,-227.4697,45,-107.379,11.1,CameraPosition,-103.2132,1.692987,-107.5285,CameraRotation,344.5671,266.8155,0.6651909,CurrentState,MoveToInitial,Slider,72,Scenario,5
ID,19,Time,1541.296,DronePosition,-227.3184,45,-107.379,11.1,CameraPosition,-103.213,1.693036,-107.5285,CameraRotation,344.5258,266.8282,0.6103482,CurrentState,MoveToInitial,Slider,72,Scenario,5
ID,19,Time,1541.31,DronePosition,-227.1633,45,-107.379,11.1,CameraPosition,-103.2128,1.693037,-107.5286,CameraRotation,344.5392,266.8462,0.5614227,CurrentState,MoveToInitial,Slider,72,Scenario,5
ID,19,Time,1541.329,DronePosition,-226.9528,45,-107.379,11.1,CameraPosition,-103.2126,1.69302,-107.5286,CameraRotation,344.5669,266.8622,0.5677561,CurrentState,MoveToInitial,Slider,72,Scenario,5
ID,19,Time,1541.351,DronePosition,-226.707,45,-107.379,11.1,CameraPosition,-103.2122,1.693019,-107.5286,CameraRotation,344.5954,266.8524,0.6277687,CurrentState,MoveToInitial,Slider,72,Scenario,5
ID,19,Time,1541.365,DronePosition,-226.5524,45,-107.379,11.1,CameraPosition,-103.2119,1.693007,-107.5286,CameraRotation,344.6018,266.8664,0.6384963,CurrentState,MoveToInitial,Slider,72,Scenario,5
ID,19,Time,1541.38,DronePosition,-226.3909,45,-107.379,11.1,CameraPosition,-103.2117,1.692984,-107.5287,CameraRotation,344.5905,266.8943,0.6350982,CurrentState,MoveToInitial,Slider,72,Scenario,5
ID,19,Time,1541.393,DronePosition,-226.2425,45,-107.379,11.1,CameraPosition,-103.2114,1.692979,-107.5287,CameraRotation,344.5809,266.9037,0.6465733,CurrentState,MoveToInitial,Slider,72,Scenario,5
ID,19,Time,1541.407,DronePosition,-226.0863,45,-107.379,11.1,CameraPosition,-103.2111,1.692999,-107.5287,CameraRotation,344.5741,266.8983,0.6763211,CurrentState,MoveToInitial,Slider,72,Scenario,5
ID,19,Time,1541.421,DronePosition,-225.933,45,-107.379,11.1,CameraPosition,-103.2108,1.693005,-107.5287,CameraRotation,344.5592,266.8934,0.6840867,CurrentState,MoveToInitial,Slider,72,Scenario,5
ID,19,Time,1541.435,DronePosition,-225.7773,45,-107.379,11.1,CameraPosition,-103.2105,1.693004,-107.5287,CameraRotation,344.5685,266.8901,0.6713968,CurrentState,MoveToInitial,Slider,72,Scenario,5
ID,19,Time,1541.449,DronePosition,-225.624,45,-107.379,11.1,CameraPosition,-103.2103,1.69298,-107.5288,CameraRotation,344.5672,266.8965,0.6298919,CurrentState,MoveToInitial,Slider,72,Scenario,5
ID,19,Time,1541.463,DronePosition,-225.4671,45,-107.379,11.1,CameraPosition,-103.2099,1.692944,-107.5288,CameraRotation,344.5914,266.8958,0.5976667,CurrentState,MoveToInitial,Slider,72,Scenario,5
ID,19,Time,1541.477,DronePosition,-225.3086,45,-107.379,11.1,CameraPosition,-103.2096,1.69293,-107.5288,CameraRotation,344.6106,266.9052,0.6073006,CurrentState,MoveToInitial,Slider,72,Scenario,5
ID,19,Time,1541.493,DronePosition,-225.1326,45,-107.379,11.1,CameraPosition,-103.2094,1.692932,-107.5288,CameraRotation,344.5805,266.915,0.6183285,CurrentState,MoveToInitial,Slider,72,Scenario,5
ID,19,Time,1541.505,DronePosition,-225.0041,45,-107.379,11.1,CameraPosition,-103.2091,1.692952,-107.5287,CameraRotation,344.5604,266.9471,0.6054066,CurrentState,MoveToInitial,Slider,72,Scenario,5
ID,19,Time,1541.519,DronePosition,-224.8475,45,-107.379,11.1,CameraPosition,-103.2088,1.69298,-107.5287,CameraRotation,344.5427,266.9789,0.5973985,CurrentState,MoveToInitial,Slider,72,Scenario,5
ID,19,Time,1541.537,DronePosition,-224.6405,45,-107.379,11.1,CameraPosition,-103.2085,1.693024,-107.5288,CameraRotation,344.5215,267.0175,0.6020461,CurrentState,MoveToInitial,Slider,72,Scenario,5
ID,19,Time,1541.56,DronePosition,-224.3899,45,-107.379,11.1,CameraPosition,-103.2078,1.693101,-107.5288,CameraRotation,344.4554,267.0623,0.6110316,CurrentState,MoveToInitial,Slider,72,Scenario,5
ID,19,Time,1541.574,DronePosition,-224.2357,45,-107.379,11.1,CameraPosition,-103.2074,1.693142,-107.5288,CameraRotation,344.4274,267.0872,0.6129121,CurrentState,MoveToInitial,Slider,72,Scenario,5
ID,19,Time,1541.588,DronePosition,-224.0791,45,-107.379,11.1,CameraPosition,-103.207,1.693165,-107.5288,CameraRotation,344.3947,267.0939,0.6209447,CurrentState,MoveToInitial,Slider,72,Scenario,5
ID,19,Time,1541.602,DronePosition,-223.9237,45,-107.379,11.1,CameraPosition,-103.2067,1.693186,-107.5289,CameraRotation,344.3596,267.1055,0.6096964,CurrentState,MoveToInitial,Slider,72,Scenario,5
ID,19,Time,1541.616,DronePosition,-223.7663,45,-107.379,11.1,CameraPosition,-103.2063,1.693221,-107.5289,CameraRotation,344.3269,267.1147,0.5994517,CurrentState,MoveToInitial,Slider,72,Scenario,5
ID,19,Time,1541.63,DronePosition,-223.6152,45,-107.379,11.1,CameraPosition,-103.206,1.693277,-107.5289,CameraRotation,344.2735,267.1262,0.5898417,CurrentState,MoveToInitial,Slider,72,Scenario,5
ID,19,Time,1541.644,DronePosition,-223.4507,45,-107.379,11.1,CameraPosition,-103.2057,1.693336,-107.5289,CameraRotation,344.2205,267.1417,0.5806252,CurrentState,MoveToInitial,Slider,72,Scenario,5
ID,19,Time,1541.657,DronePosition,-223.306,45,-107.379,11.1,CameraPosition,-103.2054,1.693386,-107.529,CameraRotation,344.1632,267.1642,0.5687472,CurrentState,MoveToInitial,Slider,72,Scenario,5
ID,19,Time,1541.672,DronePosition,-223.1453,45,-107.379,11.1,CameraPosition,-103.205,1.693438,-107.529,CameraRotation,344.1057,267.1915,0.5695387,CurrentState,MoveToInitial,Slider,72,Scenario,5
ID,19,Time,1541.686,DronePosition,-222.9894,45,-107.379,11.1,CameraPosition,-103.2048,1.693516,-107.529,CameraRotation,344.0372,267.2176,0.5692021,CurrentState,MoveToInitial,Slider,72,Scenario,5
ID,19,Time,1541.7,DronePosition,-222.8389,45,-107.379,11.1,CameraPosition,-103.2045,1.693606,-107.529,CameraRotation,343.9787,267.2421,0.5640334,CurrentState,MoveToInitial,Slider,72,Scenario,5
ID,19,Time,1541.714,DronePosition,-222.6824,45,-107.379,11.1,CameraPosition,-103.2042,1.693673,-107.529,CameraRotation,343.9224,267.2558,0.5652903,CurrentState,MoveToInitial,Slider,72,Scenario,5
ID,19,Time,1541.728,DronePosition,-222.5263,45,-107.379,11.1,CameraPosition,-103.2039,1.693734,-107.529,CameraRotation,343.883,267.2761,0.5657163,CurrentState,MoveToInitial,Slider,72,Scenario,5
ID,19,Time,1541.746,DronePosition,-222.3194,45,-107.379,11.1,CameraPosition,-103.2036,1.693801,-107.529,CameraRotation,343.8478,267.2799,0.5553482,CurrentState,MoveToInitial,Slider,72,Scenario,5
ID,19,Time,1541.769,DronePosition,-222.0724,45,-107.379,11.1,CameraPosition,-103.2031,1.693879,-107.5291,CameraRotation,343.7672,267.278,0.5580856,CurrentState,MoveToInitial,Slider,72,Scenario,5
ID,19,Time,1541.783,DronePosition,-221.9171,45,-107.379,11.1,CameraPosition,-103.2029,1.693921,-107.5291,CameraRotation,343.7354,267.2758,0.5589096,CurrentState,MoveToInitial,Slider,72,Scenario,5
ID,19,Time,1541.797,DronePosition,-221.7596,45,-107.379,11.1,CameraPosition,-103.2027,1.693941,-107.5292,CameraRotation,343.6983,267.2694,0.5656444,CurrentState,MoveToInitial,Slider,72,Scenario,5
ID,19,Time,1541.811,DronePosition,-221.6035,45,-107.379,11.1,CameraPosition,-103.2025,1.69398,-107.5292,CameraRotation,343.6797,267.2503,0.5767879,CurrentState,MoveToInitial,Slider,72,Scenario,5
ID,19,Time,1541.825,DronePosition,-221.4515,45,-107.379,11.1,CameraPosition,-103.2024,1.694032,-107.5292,CameraRotation,343.6674,267.2414,0.5666673,CurrentState,MoveToInitial,Slider,72,Scenario,5
ID,19,Time,1541.839,DronePosition,-221.2974,45,-107.379,11.1,CameraPosition,-103.2022,1.694067,-107.5292,CameraRotation,343.6589,267.2308,0.5580084,CurrentState,MoveToInitial,Slider,72,Scenario,5
ID,19,Time,1541.853,DronePosition,-221.1386,45,-107.379,11.1,CameraPosition,-103.2021,1.694074,-107.5293,CameraRotation,343.6331,267.2344,0.5539043,CurrentState,MoveToInitial,Slider,72,Scenario,5
ID,19,Time,1541.867,DronePosition,-220.9829,45,-107.379,11.1,CameraPosition,-103.2019,1.694091,-107.5293,CameraRotation,343.63,267.2278,0.5456325,CurrentState,MoveToInitial,Slider,72,Scenario,5
ID,19,Time,1541.881,DronePosition,-220.8289,45,-107.379,11.1,CameraPosition,-103.2018,1.694087,-107.5293,CameraRotation,343.6273,267.2431,0.5481802,CurrentState,MoveToInitial,Slider,72,Scenario,5
ID,19,Time,1541.895,DronePosition,-220.6734,45,-107.379,11.1,CameraPosition,-103.2017,1.6941,-107.5293,CameraRotation,343.618,267.251,0.5515526,CurrentState,MoveToInitial,Slider,72,Scenario,5
ID,19,Time,1541.908,DronePosition,-220.5208,45,-107.379,11.1,CameraPosition,-103.2016,1.694115,-107.5293,CameraRotation,343.6147,267.2529,0.5665084,CurrentState,MoveToInitial,Slider,72,Scenario,5
ID,19,Time,1541.922,DronePosition,-220.3652,45,-107.379,11.1,CameraPosition,-103.2015,1.694135,-107.5293,CameraRotation,343.6031,267.2629,0.5547656,CurrentState,MoveToInitial,Slider,72,Scenario,5
ID,19,Time,1541.936,DronePosition,-220.2098,45,-107.379,11.1,CameraPosition,-103.2014,1.694156,-107.5293,CameraRotation,343.579,267.2708,0.5523992,CurrentState,MoveToInitial,Slider,72,Scenario,5
ID,19,Time,1541.955,DronePosition,-220.0033,45,-107.379,11.1,CameraPosition,-103.2014,1.694131,-107.5293,CameraRotation,343.5611,267.2749,0.552012,CurrentState,MoveToInitial,Slider,72,Scenario,5
ID,19,Time,1541.978,DronePosition,-219.7525,45,-107.379,11.1,CameraPosition,-103.2013,1.694114,-107.5292,CameraRotation,343.59,267.2646,0.593102,CurrentState,MoveToInitial,Slider,72,Scenario,5
ID,19,Time,1541.991,DronePosition,-219.6001,45,-107.379,11.1,CameraPosition,-103.2013,1.694199,-107.5292,CameraRotation,343.5429,267.2694,0.5699524,CurrentState,MoveToInitial,Slider,72,Scenario,5
ID,19,Time,1542.006,DronePosition,-219.4413,45,-107.379,11.1,CameraPosition,-103.2013,1.694242,-107.5292,CameraRotation,343.5054,267.292,0.473899,CurrentState,MoveToInitial,Slider,72,Scenario,5
ID,19,Time,1542.019,DronePosition,-219.2887,45,-107.379,11.1,CameraPosition,-103.2013,1.694238,-107.5291,CameraRotation,343.5326,267.3026,0.4032462,CurrentState,MoveToInitial,Slider,72,Scenario,5
ID,19,Time,1542.034,DronePosition,-219.1321,45,-107.379,11.1,CameraPosition,-103.2013,1.694201,-107.5291,CameraRotation,343.5661,267.3104,0.4036295,CurrentState,MoveToInitial,Slider,72,Scenario,5
ID,19,Time,1542.047,DronePosition,-218.9785,45,-107.379,11.1,CameraPosition,-103.2013,1.694198,-107.5291,CameraRotation,343.6127,267.3149,0.4144491,CurrentState,MoveToInitial,Slider,72,Scenario,5
ID,19,Time,1542.062,DronePosition,-218.8177,45,-107.379,11.1,CameraPosition,-103.2013,1.694181,-107.5291,CameraRotation,343.6269,267.3212,0.4364062,CurrentState,MoveToInitial,Slider,72,Scenario,5
ID,19,Time,1542.076,DronePosition,-218.6603,45,-107.379,11.1,CameraPosition,-103.2013,1.69417,-107.5291,CameraRotation,343.6374,267.3603,0.431072,CurrentState,MoveToInitial,Slider,72,Scenario,5
ID,19,Time,1542.09,DronePosition,-218.5089,45,-107.379,11.1,CameraPosition,-103.2013,1.694154,-107.5291,CameraRotation,343.6333,267.394,0.4174601,CurrentState,MoveToInitial,Slider,72,Scenario,5
ID,19,Time,1542.104,DronePosition,-218.3557,45,-107.379,11.1,CameraPosition,-103.2014,1.694125,-107.5291,CameraRotation,343.625,267.4233,0.4246532,CurrentState,MoveToInitial,Slider,72,Scenario,5
ID,19,Time,1542.117,DronePosition,-218.2003,45,-107.379,11.1,CameraPosition,-103.2014,1.6941,-107.5292,CameraRotation,343.6366,267.4321,0.4381774,CurrentState,MoveToInitial,Slider,72,Scenario,5
ID,19,Time,1542.131,DronePosition,-218.0479,45,-107.379,11.1,CameraPosition,-103.2015,1.694069,-107.5292,CameraRotation,343.6466,267.4382,0.4368034,CurrentState,MoveToInitial,Slider,72,Scenario,5
ID,19,Time,1542.145,DronePosition,-217.8911,45,-107.379,11.1,CameraPosition,-103.2016,1.694068,-107.5292,CameraRotation,343.6693,267.4303,0.4236379,CurrentState,MoveToInitial,Slider,72,Scenario,5
ID,19,Time,1542.164,DronePosition,-217.6843,45,-107.379,11.1,CameraPosition,-103.2017,1.694052,-107.5293,CameraRotation,343.6925,267.4081,0.3976053,CurrentState,MoveToInitial,Slider,72,Scenario,5
ID,19,Time,1542.187,DronePosition,-217.4301,45,-107.379,11.1,CameraPosition,-103.2019,1.694016,-107.5294,CameraRotation,343.7615,267.3538,0.4078728,CurrentState,MoveToInitial,Slider,73,Scenario,5
ID,19,Time,1542.201,DronePosition,-217.2786,45,-107.379,11.1,CameraPosition,-103.2021,1.694013,-107.5295,CameraRotation,343.748,267.3445,0.3980781,CurrentState,MoveToInitial,Slider,73,Scenario,5
ID,19,Time,1542.214,DronePosition,-217.1236,45,-107.379,11.1,CameraPosition,-103.2022,1.694,-107.5295,CameraRotation,343.7505,267.3438,0.3785454,CurrentState,MoveToInitial,Slider,73,Scenario,5
ID,19,Time,1542.228,DronePosition,-216.9692,45,-107.379,11.1,CameraPosition,-103.2024,1.693991,-107.5295,CameraRotation,343.7614,267.3481,0.3831895,CurrentState,MoveToInitial,Slider,73,Scenario,5
ID,19,Time,1542.242,DronePosition,-216.8177,45,-107.379,11.1,CameraPosition,-103.2026,1.693984,-107.5296,CameraRotation,343.7863,267.3634,0.3987128,CurrentState,MoveToInitial,Slider,73,Scenario,5
ID,19,Time,1542.256,DronePosition,-216.6573,45,-107.379,11.1,CameraPosition,-103.2028,1.693977,-107.5296,CameraRotation,343.8046,267.3711,0.4104605,CurrentState,MoveToInitial,Slider,73,Scenario,5
ID,19,Time,1542.27,DronePosition,-216.5055,45,-107.379,11.1,CameraPosition,-103.203,1.693964,-107.5296,CameraRotation,343.8241,267.3888,0.4197419,CurrentState,MoveToInitial,Slider,73,Scenario,5
ID,19,Time,1542.284,DronePosition,-216.3474,45,-107.379,11.1,CameraPosition,-103.2032,1.693948,-107.5297,CameraRotation,343.8484,267.4055,0.4162974,CurrentState,MoveToInitial,Slider,73,Scenario,5
ID,19,Time,1542.299,DronePosition,-216.1896,45,-107.379,11.1,CameraPosition,-103.2034,1.693935,-107.5297,CameraRotation,343.8766,267.4139,0.4101406,CurrentState,MoveToInitial,Slider,73,Scenario,5
ID,19,Time,1542.313,DronePosition,-216.0327,45,-107.379,11.1,CameraPosition,-103.2036,1.693893,-107.5298,CameraRotation,343.8996,267.4133,0.4100281,CurrentState,MoveToInitial,Slider,73,Scenario,5
ID,19,Time,1542.327,DronePosition,-215.8789,45,-107.379,11.1,CameraPosition,-103.2039,1.69384,-107.5298,CameraRotation,343.9207,267.4083,0.4163901,CurrentState,MoveToInitial,Slider,73,Scenario,5
ID,19,Time,1542.341,DronePosition,-215.7237,45,-107.379,11.1,CameraPosition,-103.2041,1.693797,-107.5299,CameraRotation,343.9449,267.4075,0.4116271,CurrentState,MoveToInitial,Slider,73,Scenario,5
ID,19,Time,1542.355,DronePosition,-215.5626,45,-107.379,11.1,CameraPosition,-103.2044,1.693746,-107.5299,CameraRotation,343.9707,267.4058,0.4007886,CurrentState,MoveToInitial,Slider,73,Scenario,5
ID,19,Time,1542.373,DronePosition,-215.36,45,-107.379,11.1,CameraPosition,-103.2046,1.693696,-107.53,CameraRotation,344.0128,267.3952,0.3869059,CurrentState,MoveToInitial,Slider,73,Scenario,5
ID,19,Time,1542.396,DronePosition,-215.1104,45,-107.379,11.1,CameraPosition,-103.2051,1.693551,-107.5301,CameraRotation,344.1125,267.3988,0.3755916,CurrentState,MoveToInitial,Slider,73,Scenario,5
ID,19,Time,1542.41,DronePosition,-214.9574,45,-107.379,11.1,CameraPosition,-103.2054,1.693485,-107.5301,CameraRotation,344.1747,267.3997,0.374663,CurrentState,MoveToInitial,Slider,73,Scenario,5
ID,19,Time,1542.424,DronePosition,-214.7995,45,-107.379,11.1,CameraPosition,-103.2057,1.693405,-107.5301,CameraRotation,344.2125,267.4085,0.3759098,CurrentState,MoveToInitial,Slider,73,Scenario,5
ID,19,Time,1542.438,DronePosition,-214.6425,45,-107.379,11.1,CameraPosition,-103.2059,1.693346,-107.5302,CameraRotation,344.2547,267.4178,0.3743884,CurrentState,MoveToInitial,Slider,73,Scenario,5
ID,19,Time,1542.452,DronePosition,-214.4869,45,-107.379,11.1,CameraPosition,-103.2062,1.693277,-107.5302,CameraRotation,344.2974,267.4322,0.376518,CurrentState,MoveToInitial,Slider,73,Scenario,5
ID,19,Time,1542.466,DronePosition,-214.3368,45,-107.379,11.1,CameraPosition,-103.2065,1.693204,-107.5303,CameraRotation,344.3383,267.4416,0.3773736,CurrentState,MoveToInitial,Slider,73,Scenario,5
ID,19,Time,1542.48,DronePosition,-214.1784,45,-107.379,11.1,CameraPosition,-103.2068,1.693135,-107.5303,CameraRotation,344.3793,267.4447,0.3775311,CurrentState,MoveToInitial,Slider,73,Scenario,5
ID,19,Time,1542.495,DronePosition,-214.0157,45,-107.379,11.1,CameraPosition,-103.207,1.693076,-107.5303,CameraRotation,344.4129,267.4629,0.3704058,CurrentState,MoveToInitial,Slider,73,Scenario,5
ID,19,Time,1542.508,DronePosition,-213.8653,45,-107.379,11.1,CameraPosition,-103.2073,1.693023,-107.5303,CameraRotation,344.4488,267.4648,0.362218,CurrentState,MoveToInitial,Slider,73,Scenario,5
ID,19,Time,1542.522,DronePosition,-213.713,45,-107.379,11.1,CameraPosition,-103.2075,1.692975,-107.5304,CameraRotation,344.4687,267.4835,0.3549811,CurrentState,MoveToInitial,Slider,73,Scenario,5
ID,19,Time,1542.535,DronePosition,-213.5607,45,-107.379,11.1,CameraPosition,-103.2077,1.692936,-107.5303,CameraRotation,344.4876,267.4819,0.3527476,CurrentState,MoveToInitial,Slider,73,Scenario,5
ID,19,Time,1542.55,DronePosition,-213.4036,45,-107.379,11.1,CameraPosition,-103.2079,1.69288,-107.5303,CameraRotation,344.508,267.488,0.3491893,CurrentState,MoveToInitial,Slider,73,Scenario,5
ID,19,Time,1542.563,DronePosition,-213.2498,45,-107.379,11.1,CameraPosition,-103.2081,1.692855,-107.5303,CameraRotation,344.5402,267.4765,0.3542711,CurrentState,MoveToInitial,Slider,73,Scenario,5
ID,19,Time,1542.583,DronePosition,-213.0339,45,-107.379,11.1,CameraPosition,-103.2083,1.692837,-107.5304,CameraRotation,344.543,267.4748,0.3718181,CurrentState,MoveToInitial,Slider,73,Scenario,5
ID,19,Time,1542.607,DronePosition,-212.7672,45,-107.379,11.1,CameraPosition,-103.2087,1.692869,-107.5305,CameraRotation,344.5176,267.4557,0.3735,CurrentState,MoveToInitial,Slider,73,Scenario,5
ID,19,Time,1542.621,DronePosition,-212.6152,45,-107.379,11.1,CameraPosition,-103.2089,1.692913,-107.5305,CameraRotation,344.4788,267.4565,0.3733212,CurrentState,MoveToInitial,Slider,73,Scenario,5
ID,19,Time,1542.634,DronePosition,-212.4635,45,-107.379,11.1,CameraPosition,-103.209,1.692936,-107.5305,CameraRotation,344.4619,267.45,0.3865727,CurrentState,MoveToInitial,Slider,73,Scenario,5
ID,19,Time,1542.648,DronePosition,-212.3116,45,-107.379,11.1,CameraPosition,-103.2092,1.692933,-107.5305,CameraRotation,344.4521,267.4347,0.4084402,CurrentState,MoveToInitial,Slider,73,Scenario,5
ID,19,Time,1542.661,DronePosition,-212.1624,45,-107.379,11.1,CameraPosition,-103.2094,1.692968,-107.5305,CameraRotation,344.4313,267.4208,0.4334073,CurrentState,MoveToInitial,Slider,73,Scenario,5
ID,19,Time,1542.675,DronePosition,-212.0102,45,-107.379,11.1,CameraPosition,-103.2096,1.693054,-107.5305,CameraRotation,344.3708,267.426,0.4301483,CurrentState,MoveToInitial,Slider,73,Scenario,5
ID,19,Time,1542.689,DronePosition,-211.8566,45,-107.379,11.1,CameraPosition,-103.2098,1.693111,-107.5305,CameraRotation,344.3297,267.4363,0.3606955,CurrentState,MoveToInitial,Slider,73,Scenario,5
ID,19,Time,1542.703,DronePosition,-211.7049,45,-107.379,11.1,CameraPosition,-103.21,1.693095,-107.5304,CameraRotation,344.3453,267.4391,0.3324326,CurrentState,MoveToInitial,Slider,73,Scenario,5
ID,19,Time,1542.717,DronePosition,-211.5492,45,-107.379,11.1,CameraPosition,-103.2102,1.693081,-107.5304,CameraRotation,344.3703,267.4348,0.3475125,CurrentState,MoveToInitial,Slider,73,Scenario,5
ID,19,Time,1542.73,DronePosition,-211.397,45,-107.379,11.1,CameraPosition,-103.2104,1.69307,-107.5304,CameraRotation,344.3824,267.4328,0.3785761,CurrentState,MoveToInitial,Slider,73,Scenario,5
ID,19,Time,1542.744,DronePosition,-211.2419,45,-107.379,11.1,CameraPosition,-103.2106,1.69306,-107.5304,CameraRotation,344.3759,267.4185,0.4064631,CurrentState,MoveToInitial,Slider,73,Scenario,5
ID,19,Time,1542.758,DronePosition,-211.0922,45,-107.379,11.1,CameraPosition,-103.2108,1.693043,-107.5304,CameraRotation,344.3652,267.422,0.4205368,CurrentState,MoveToInitial,Slider,73,Scenario,5
ID,19,Time,1542.772,DronePosition,-210.9346,45,-107.379,11.1,CameraPosition,-103.211,1.69303,-107.5304,CameraRotation,344.3528,267.428,0.4161584,CurrentState,MoveToInitial,Slider,73,Scenario,5
ID,19,Time,1542.791,DronePosition,-210.7239,45,-107.379,11.1,CameraPosition,-103.2113,1.693014,-107.5304,CameraRotation,344.3393,267.4241,0.4219831,CurrentState,MoveToInitial,Slider,73,Scenario,5
ID,19,Time,1542.813,DronePosition,-210.4781,45,-107.379,11.1,CameraPosition,-103.2116,1.692958,-107.5304,CameraRotation,344.3632,267.391,0.4449788,CurrentState,MoveToInitial,Slider,73,Scenario,5
ID,19,Time,1542.827,DronePosition,-210.3289,45,-107.379,11.1,CameraPosition,-103.2118,1.692919,-107.5304,CameraRotation,344.3901,267.3641,0.4322539,CurrentState,MoveToInitial,Slider,73,Scenario,5
ID,19,Time,1542.841,DronePosition,-210.1731,45,-107.379,11.1,CameraPosition,-103.212,1.69291,-107.5304,CameraRotation,344.4201,267.3456,0.4062921,CurrentState,MoveToInitial,Slider,73,Scenario,5
ID,19,Time,1542.855,DronePosition,-210.0177,45,-107.379,11.1,CameraPosition,-103.2122,1.692898,-107.5303,CameraRotation,344.4489,267.3281,0.4151916,CurrentState,MoveToInitial,Slider,73,Scenario,5
ID,19,Time,1542.869,DronePosition,-209.8606,45,-107.379,11.1,CameraPosition,-103.2124,1.692901,-107.5303,CameraRotation,344.4605,267.3011,0.4369224,CurrentState,MoveToInitial,Slider,73,Scenario,5
ID,19,Time,1542.883,DronePosition,-209.7007,45,-107.379,11.1,CameraPosition,-103.2126,1.692887,-107.5303,CameraRotation,344.4662,267.2838,0.4383317,CurrentState,MoveToInitial,Slider,73,Scenario,5
ID,19,Time,1542.897,DronePosition,-209.5475,45,-107.379,11.1,CameraPosition,-103.2128,1.692856,-107.5302,CameraRotation,344.4668,267.2904,0.4148985,CurrentState,MoveToInitial,Slider,74,Scenario,5
ID,19,Time,1542.911,DronePosition,-209.3942,45,-107.379,11.1,CameraPosition,-103.213,1.692842,-107.5302,CameraRotation,344.4723,267.2932,0.4196319,CurrentState,MoveToInitial,Slider,74,Scenario,5
ID,19,Time,1542.925,DronePosition,-209.2418,45,-107.379,11.1,CameraPosition,-103.2132,1.692839,-107.5301,CameraRotation,344.4738,267.3041,0.4364938,CurrentState,MoveToInitial,Slider,74,Scenario,5
ID,19,Time,1542.939,DronePosition,-209.0853,45,-107.379,11.1,CameraPosition,-103.2134,1.692838,-107.5301,CameraRotation,344.492,267.3057,0.4540966,CurrentState,MoveToInitial,Slider,74,Scenario,5
ID,19,Time,1542.953,DronePosition,-208.9257,45,-107.379,11.1,CameraPosition,-103.2136,1.692809,-107.53,CameraRotation,344.5126,267.3062,0.4596578,CurrentState,MoveToInitial,Slider,74,Scenario,5
ID,19,Time,1542.967,DronePosition,-208.7715,45,-107.379,11.1,CameraPosition,-103.2138,1.692768,-107.5299,CameraRotation,344.5329,267.3166,0.45048,CurrentState,MoveToInitial,Slider,74,Scenario,5
ID,19,Time,1542.981,DronePosition,-208.6188,45,-107.379,11.1,CameraPosition,-103.2139,1.692733,-107.5299,CameraRotation,344.5623,267.3106,0.4394469,CurrentState,MoveToInitial,Slider,74,Scenario,5
ID,19,Time,1542.999,DronePosition,-208.4113,45,-107.379,11.1,CameraPosition,-103.2141,1.692693,-107.5298,CameraRotation,344.5804,267.2955,0.4316556,CurrentState,MoveToInitial,Slider,74,Scenario,5
ID,19,Time,1543.022,DronePosition,-208.1629,45,-107.379,11.1,CameraPosition,-103.2145,1.692651,-107.5297,CameraRotation,344.6035,267.2672,0.4144139,CurrentState,MoveToInitial,Slider,74,Scenario,5
ID,19,Time,1543.036,DronePosition,-208.0096,45,-107.379,11.1,CameraPosition,-103.2147,1.692624,-107.5296,CameraRotation,344.6077,267.2505,0.4082616,CurrentState,MoveToInitial,Slider,74,Scenario,5
ID,19,Time,1543.05,DronePosition,-207.8536,45,-107.379,11.1,CameraPosition,-103.2148,1.692596,-107.5296,CameraRotation,344.6139,267.245,0.4099399,CurrentState,MoveToInitial,Slider,74,Scenario,5
ID,19,Time,1543.064,DronePosition,-207.6961,45,-107.379,11.1,CameraPosition,-103.215,1.692575,-107.5295,CameraRotation,344.6314,267.2406,0.408966,CurrentState,MoveToInitial,Slider,74,Scenario,5
ID,19,Time,1543.078,DronePosition,-207.5395,45,-107.379,11.1,CameraPosition,-103.2151,1.692531,-107.5294,CameraRotation,344.6351,267.2486,0.4101275,CurrentState,MoveToInitial,Slider,74,Scenario,5
ID,19,Time,1543.092,DronePosition,-207.3869,45,-107.379,11.1,CameraPosition,-103.2153,1.692506,-107.5293,CameraRotation,344.6462,267.2633,0.4154376,CurrentState,MoveToInitial,Slider,74,Scenario,5
ID,19,Time,1543.106,DronePosition,-207.2269,45,-107.379,11.1,CameraPosition,-103.2155,1.692504,-107.5292,CameraRotation,344.6682,267.2682,0.4104405,CurrentState,MoveToInitial,Slider,74,Scenario,5
ID,19,Time,1543.12,DronePosition,-207.0754,45,-107.379,11.1,CameraPosition,-103.2156,1.692478,-107.5292,CameraRotation,344.6723,267.2861,0.4082166,CurrentState,MoveToInitial,Slider,74,Scenario,5
ID,19,Time,1543.133,DronePosition,-206.9244,45,-107.379,11.1,CameraPosition,-103.2158,1.692443,-107.5291,CameraRotation,344.6909,267.2984,0.4016334,CurrentState,MoveToInitial,Slider,74,Scenario,5
ID,19,Time,1543.148,DronePosition,-206.7665,45,-107.379,11.1,CameraPosition,-103.2159,1.692391,-107.529,CameraRotation,344.7184,267.3043,0.4114964,CurrentState,MoveToInitial,Slider,74,Scenario,5
ID,19,Time,1543.161,DronePosition,-206.6125,45,-107.379,11.1,CameraPosition,-103.216,1.692349,-107.5289,CameraRotation,344.7387,267.3023,0.416986,CurrentState,MoveToInitial,Slider,74,Scenario,5
ID,19,Time,1543.176,DronePosition,-206.4555,45,-107.379,11.1,CameraPosition,-103.2161,1.692325,-107.5288,CameraRotation,344.763,267.3035,0.4148318,CurrentState,MoveToInitial,Slider,74,Scenario,5
ID,19,Time,1543.189,DronePosition,-206.3017,45,-107.379,11.1,CameraPosition,-103.2163,1.69229,-107.5287,CameraRotation,344.7785,267.3063,0.4049777,CurrentState,MoveToInitial,Slider,74,Scenario,5
ID,19,Time,1543.208,DronePosition,-206.0924,45,-107.379,11.1,CameraPosition,-103.2164,1.692244,-107.5286,CameraRotation,344.8042,267.3015,0.4098599,CurrentState,MoveToInitial,Slider,74,Scenario,5
ID,19,Time,1543.23,DronePosition,-205.8457,45,-107.379,11.1,CameraPosition,-103.2166,1.692153,-107.5285,CameraRotation,344.8243,267.2899,0.4131257,CurrentState,MoveToInitial,Slider,74,Scenario,5
ID,19,Time,1543.245,DronePosition,-205.6905,45,-107.379,11.1,CameraPosition,-103.2167,1.692126,-107.5284,CameraRotation,344.849,267.2801,0.4237983,CurrentState,MoveToInitial,Slider,74,Scenario,5
ID,19,Time,1543.258,DronePosition,-205.5363,45,-107.379,11.1,CameraPosition,-103.2168,1.692114,-107.5284,CameraRotation,344.8673,267.2774,0.4111253,CurrentState,MoveToInitial,Slider,74,Scenario,5
ID,19,Time,1543.272,DronePosition,-205.3816,45,-107.379,11.1,CameraPosition,-103.2168,1.692101,-107.5283,CameraRotation,344.8698,267.2743,0.4177131,CurrentState,MoveToInitial,Slider,74,Scenario,5
ID,19,Time,1543.286,DronePosition,-205.2235,45,-107.379,11.1,CameraPosition,-103.2169,1.69209,-107.5282,CameraRotation,344.867,267.2758,0.4167456,CurrentState,MoveToInitial,Slider,74,Scenario,5
ID,19,Time,1543.3,DronePosition,-205.0696,45,-107.379,11.1,CameraPosition,-103.2169,1.692053,-107.5282,CameraRotation,344.8771,267.2698,0.4525912,CurrentState,MoveToInitial,Slider,74,Scenario,5
ID,19,Time,1543.315,DronePosition,-204.9127,45,-107.379,11.1,CameraPosition,-103.2169,1.692068,-107.5281,CameraRotation,344.8653,267.2581,0.5120863,CurrentState,MoveToInitial,Slider,74,Scenario,5
ID,19,Time,1543.328,DronePosition,-204.7603,45,-107.379,11.1,CameraPosition,-103.217,1.69218,-107.5281,CameraRotation,344.8139,267.2474,0.5402443,CurrentState,MoveToInitial,Slider,74,Scenario,5
ID,19,Time,1543.342,DronePosition,-204.6034,45,-107.379,11.1,CameraPosition,-103.217,1.692303,-107.528,CameraRotation,344.7574,267.2411,0.4874903,CurrentState,MoveToInitial,Slider,74,Scenario,5
ID,19,Time,1543.356,DronePosition,-204.4488,45,-107.379,11.1,CameraPosition,-103.217,1.692326,-107.5279,CameraRotation,344.7426,267.2443,0.4263876,CurrentState,MoveToInitial,Slider,74,Scenario,5
ID,19,Time,1543.37,DronePosition,-204.2933,45,-107.379,11.1,CameraPosition,-103.217,1.692313,-107.5278,CameraRotation,344.7597,267.2367,0.4218953,CurrentState,MoveToInitial,Slider,74,Scenario,5
ID,19,Time,1543.384,DronePosition,-204.14,45,-107.379,11.1,CameraPosition,-103.217,1.692305,-107.5278,CameraRotation,344.7814,267.2204,0.4473473,CurrentState,MoveToInitial,Slider,74,Scenario,5
ID,19,Time,1543.398,DronePosition,-203.9841,45,-107.379,11.1,CameraPosition,-103.217,1.692319,-107.5277,CameraRotation,344.772,267.2119,0.4730339,CurrentState,MoveToInitial,Slider,74,Scenario,5
ID,19,Time,1543.417,DronePosition,-203.7746,45,-107.379,11.1,CameraPosition,-103.217,1.692361,-107.5277,CameraRotation,344.7423,267.2146,0.489951,CurrentState,MoveToInitial,Slider,74,Scenario,5
ID,19,Time,1543.44,DronePosition,-203.5232,45,-107.379,11.1,CameraPosition,-103.217,1.692449,-107.5276,CameraRotation,344.6673,267.232,0.4670084,CurrentState,MoveToInitial,Slider,74,Scenario,5
ID,19,Time,1543.453,DronePosition,-203.3726,45,-107.379,11.1,CameraPosition,-103.217,1.692459,-107.5275,CameraRotation,344.642,267.2286,0.4872056,CurrentState,MoveToInitial,Slider,74,Scenario,5
ID,19,Time,1543.467,DronePosition,-203.2173,45,-107.379,11.1,CameraPosition,-103.217,1.692466,-107.5275,CameraRotation,344.6266,267.2274,0.4917823,CurrentState,MoveToInitial,Slider,74,Scenario,5
ID,19,Time,1543.481,DronePosition,-203.062,45,-107.379,11.1,CameraPosition,-103.2169,1.692488,-107.5274,CameraRotation,344.6184,267.2181,0.4836195,CurrentState,MoveToInitial,Slider,74,Scenario,5
ID,19,Time,1543.495,DronePosition,-202.9047,45,-107.379,11.1,CameraPosition,-103.2169,1.692531,-107.5273,CameraRotation,344.6157,267.2115,0.4568287,CurrentState,MoveToInitial,Slider,74,Scenario,5
ID,19,Time,1543.509,DronePosition,-202.7513,45,-107.379,11.1,CameraPosition,-103.2169,1.69254,-107.5273,CameraRotation,344.6081,267.2034,0.437037,CurrentState,MoveToInitial,Slider,74,Scenario,5
ID,19,Time,1543.523,DronePosition,-202.5979,45,-107.379,11.1,CameraPosition,-103.2169,1.692532,-107.5272,CameraRotation,344.607,267.1866,0.4486358,CurrentState,MoveToInitial,Slider,74,Scenario,5
ID,19,Time,1543.538,DronePosition,-202.4304,45,-107.379,11.1,CameraPosition,-103.2169,1.692541,-107.5271,CameraRotation,344.5845,267.1792,0.4491034,CurrentState,MoveToInitial,Slider,74,Scenario,5
ID,19,Time,1543.551,DronePosition,-202.2854,45,-107.379,11.1,CameraPosition,-103.2169,1.692545,-107.527,CameraRotation,344.5708,267.1811,0.4167936,CurrentState,MoveToInitial,Slider,74,Scenario,5
ID,19,Time,1543.566,DronePosition,-202.1261,45,-107.379,11.1,CameraPosition,-103.2169,1.692547,-107.527,CameraRotation,344.5615,267.1954,0.4023284,CurrentState,MoveToInitial,Slider,74,Scenario,5
ID,19,Time,1543.579,DronePosition,-201.9739,45,-107.379,11.1,CameraPosition,-103.2169,1.692557,-107.5269,CameraRotation,344.5571,267.1992,0.4169452,CurrentState,MoveToInitial,Slider,74,Scenario,5
ID,19,Time,1543.593,DronePosition,-201.8206,45,-107.379,11.1,CameraPosition,-103.2169,1.692553,-107.5269,CameraRotation,344.5464,267.2043,0.4369403,CurrentState,MoveToInitial,Slider,74,Scenario,5
ID,19,Time,1543.607,DronePosition,-201.6655,45,-107.379,11.1,CameraPosition,-103.2169,1.692545,-107.5268,CameraRotation,344.5433,267.2025,0.4576681,CurrentState,MoveToInitial,Slider,74,Scenario,5
ID,19,Time,1543.626,DronePosition,-201.4593,45,-107.379,11.1,CameraPosition,-103.2169,1.692527,-107.5268,CameraRotation,344.5502,267.2037,0.4707073,CurrentState,MoveToInitial,Slider,74,Scenario,5
ID,19,Time,1543.649,DronePosition,-201.2047,45,-107.379,11.1,CameraPosition,-103.2168,1.692519,-107.5268,CameraRotation,344.5577,267.1661,0.4941075,CurrentState,MoveToInitial,Slider,74,Scenario,5
ID,19,Time,1543.662,DronePosition,-201.0533,45,-107.379,11.1,CameraPosition,-103.2168,1.69253,-107.5267,CameraRotation,344.5522,267.1387,0.504217,CurrentState,MoveToInitial,Slider,74,Scenario,5
ID,19,Time,1543.676,DronePosition,-200.8971,45,-107.379,11.1,CameraPosition,-103.2168,1.692537,-107.5267,CameraRotation,344.5472,267.1108,0.5025666,CurrentState,MoveToInitial,Slider,74,Scenario,5
ID,19,Time,1543.69,DronePosition,-200.7455,45,-107.379,11.1,CameraPosition,-103.2167,1.692532,-107.5267,CameraRotation,344.5362,267.0912,0.5071537,CurrentState,MoveToInitial,Slider,74,Scenario,5
ID,19,Time,1543.704,DronePosition,-200.5875,45,-107.379,11.1,CameraPosition,-103.2167,1.692544,-107.5267,CameraRotation,344.5152,267.0786,0.5002699,CurrentState,MoveToInitial,Slider,74,Scenario,5
ID,19,Time,1543.718,DronePosition,-200.4352,45,-107.379,11.1,CameraPosition,-103.2166,1.692566,-107.5266,CameraRotation,344.4887,267.0741,0.4892315,CurrentState,MoveToInitial,Slider,74,Scenario,5
ID,19,Time,1543.732,DronePosition,-200.2778,45,-107.379,11.1,CameraPosition,-103.2166,1.692597,-107.5266,CameraRotation,344.4809,267.0811,0.4838137,CurrentState,MoveToInitial,Slider,74,Scenario,5
ID,19,Time,1543.746,DronePosition,-200.1212,45,-107.379,11.1,CameraPosition,-103.2166,1.692616,-107.5265,CameraRotation,344.4926,267.1004,0.4679861,CurrentState,MoveToInitial,Slider,74,Scenario,5
ID,19,Time,1543.76,DronePosition,-199.9666,45,-107.379,11.1,CameraPosition,-103.2165,1.692591,-107.5265,CameraRotation,344.5093,267.1135,0.4638072,CurrentState,MoveToInitial,Slider,74,Scenario,5
ID,19,Time,1543.774,DronePosition,-199.8165,45,-107.379,11.1,CameraPosition,-103.2164,1.692581,-107.5264,CameraRotation,344.5191,267.1307,0.4666388,CurrentState,MoveToInitial,Slider,74,Scenario,5
ID,19,Time,1543.788,DronePosition,-199.6591,45,-107.379,11.1,CameraPosition,-103.2163,1.69258,-107.5264,CameraRotation,344.5087,267.1468,0.4681887,CurrentState,MoveToInitial,Slider,74,Scenario,5
ID,19,Time,1543.802,DronePosition,-199.5027,45,-107.379,11.1,CameraPosition,-103.2163,1.692616,-107.5263,CameraRotation,344.502,267.1582,0.47698,CurrentState,MoveToInitial,Slider,74,Scenario,5
ID,19,Time,1543.816,DronePosition,-199.3493,45,-107.379,11.1,CameraPosition,-103.2163,1.69265,-107.5263,CameraRotation,344.4905,267.1665,0.4886602,CurrentState,MoveToInitial,Slider,74,Scenario,5
ID,19,Time,1543.835,DronePosition,-199.139,45,-107.379,11.1,CameraPosition,-103.2163,1.692686,-107.5262,CameraRotation,344.4703,267.1742,0.495286,CurrentState,MoveToInitial,Slider,74,Scenario,5
ID,19,Time,1543.857,DronePosition,-198.8891,45,-107.379,11.1,CameraPosition,-103.2161,1.692655,-107.5262,CameraRotation,344.4714,267.1718,0.4860557,CurrentState,MoveToInitial,Slider,74,Scenario,5
ID,19,Time,1543.871,DronePosition,-198.7386,45,-107.379,11.1,CameraPosition,-103.2161,1.692611,-107.5262,CameraRotation,344.4799,267.1723,0.4578113,CurrentState,MoveToInitial,Slider,74,Scenario,5
ID,19,Time,1543.885,DronePosition,-198.582,45,-107.379,11.1,CameraPosition,-103.2161,1.692591,-107.5262,CameraRotation,344.498,267.1724,0.4489754,CurrentState,MoveToInitial,Slider,74,Scenario,5
ID,19,Time,1543.899,DronePosition,-198.4261,45,-107.379,11.1,CameraPosition,-103.2161,1.692584,-107.5262,CameraRotation,344.4969,267.1717,0.44596,CurrentState,MoveToInitial,Slider,75,Scenario,5
ID,19,Time,1543.913,DronePosition,-198.2707,45,-107.379,11.1,CameraPosition,-103.2161,1.69258,-107.5261,CameraRotation,344.506,267.1705,0.4525144,CurrentState,MoveToInitial,Slider,75,Scenario,5
ID,19,Time,1543.927,DronePosition,-198.1151,45,-107.379,11.1,CameraPosition,-103.216,1.692575,-107.5261,CameraRotation,344.5085,267.1805,0.4429184,CurrentState,MoveToInitial,Slider,75,Scenario,5
ID,19,Time,1543.941,DronePosition,-197.961,45,-107.379,11.1,CameraPosition,-103.2159,1.692584,-107.5261,CameraRotation,344.5026,267.1915,0.4510653,CurrentState,MoveToInitial,Slider,75,Scenario,5
ID,19,Time,1543.955,DronePosition,-197.8052,45,-107.379,11.1,CameraPosition,-103.2159,1.692572,-107.5261,CameraRotation,344.484,267.192,0.4544722,CurrentState,MoveToInitial,Slider,75,Scenario,5
ID,19,Time,1543.969,DronePosition,-197.6499,45,-107.379,11.1,CameraPosition,-103.2158,1.692602,-107.5261,CameraRotation,344.4888,267.1843,0.4791229,CurrentState,MoveToInitial,Slider,75,Scenario,5
ID,19,Time,1543.983,DronePosition,-197.4958,45,-107.379,11.1,CameraPosition,-103.2158,1.692681,-107.5261,CameraRotation,344.4694,267.1774,0.4934688,CurrentState,MoveToInitial,Slider,75,Scenario,5
ID,19,Time,1543.997,DronePosition,-197.3386,45,-107.379,11.1,CameraPosition,-103.2157,1.692755,-107.5261,CameraRotation,344.4037,267.1755,0.4898511,CurrentState,MoveToInitial,Slider,75,Scenario,5
ID,19,Time,1544.011,DronePosition,-197.1796,45,-107.379,11.1,CameraPosition,-103.2156,1.692785,-107.5261,CameraRotation,344.3733,267.1761,0.4259248,CurrentState,MoveToInitial,Slider,75,Scenario,5
ID,19,Time,1544.025,DronePosition,-197.0321,45,-107.379,11.1,CameraPosition,-103.2156,1.692779,-107.5262,CameraRotation,344.3873,267.1801,0.3828984,CurrentState,MoveToInitial,Slider,75,Scenario,5
ID,19,Time,1544.043,DronePosition,-196.8236,45,-107.379,11.1,CameraPosition,-103.2155,1.692774,-107.5262,CameraRotation,344.4335,267.1724,0.3869708,CurrentState,MoveToInitial,Slider,75,Scenario,5
ID,19,Time,1544.066,DronePosition,-196.5686,45,-107.379,11.1,CameraPosition,-103.2154,1.692864,-107.5264,CameraRotation,344.4659,267.1504,0.4518855,CurrentState,MoveToInitial,Slider,75,Scenario,5
ID,19,Time,1544.08,DronePosition,-196.4161,45,-107.379,11.1,CameraPosition,-103.2153,1.692877,-107.5265,CameraRotation,344.4561,267.1482,0.4799956,CurrentState,MoveToInitial,Slider,75,Scenario,5
ID,19,Time,1544.094,DronePosition,-196.2595,45,-107.379,11.1,CameraPosition,-103.2151,1.692899,-107.5266,CameraRotation,344.4319,267.1473,0.4967991,CurrentState,MoveToInitial,Slider,75,Scenario,5
ID,19,Time,1544.108,DronePosition,-196.1075,45,-107.379,11.1,CameraPosition,-103.215,1.692927,-107.5268,CameraRotation,344.3893,267.1436,0.538482,CurrentState,MoveToInitial,Slider,75,Scenario,5
ID,19,Time,1544.122,DronePosition,-195.9485,45,-107.379,11.1,CameraPosition,-103.2148,1.692974,-107.5269,CameraRotation,344.354,267.112,0.5934544,CurrentState,MoveToInitial,Slider,75,Scenario,5
ID,19,Time,1544.136,DronePosition,-195.7954,45,-107.379,11.1,CameraPosition,-103.2148,1.693049,-107.527,CameraRotation,344.3146,267.0735,0.6160806,CurrentState,MoveToInitial,Slider,75,Scenario,5
ID,19,Time,1544.15,DronePosition,-195.6411,45,-107.379,11.1,CameraPosition,-103.2147,1.693159,-107.5272,CameraRotation,344.2897,267.0216,0.6174047,CurrentState,MoveToInitial,Slider,75,Scenario,5
ID,19,Time,1544.164,DronePosition,-195.4852,45,-107.379,11.1,CameraPosition,-103.2145,1.693221,-107.5274,CameraRotation,344.2484,266.9804,0.6114087,CurrentState,MoveToInitial,Slider,75,Scenario,5
ID,19,Time,1544.178,DronePosition,-195.3278,45,-107.379,11.1,CameraPosition,-103.2143,1.693252,-107.5275,CameraRotation,344.2266,266.9202,0.6224754,CurrentState,MoveToInitial,Slider,75,Scenario,5
ID,19,Time,1544.192,DronePosition,-195.178,45,-107.379,11.1,CameraPosition,-103.2141,1.693297,-107.5277,CameraRotation,344.2004,266.8695,0.6435124,CurrentState,MoveToInitial,Slider,75,Scenario,5
ID,19,Time,1544.206,DronePosition,-195.0154,45,-107.379,11.1,CameraPosition,-103.214,1.693372,-107.5278,CameraRotation,344.1414,266.8383,0.6649054,CurrentState,MoveToInitial,Slider,75,Scenario,5
ID,19,Time,1544.22,DronePosition,-194.8636,45,-107.379,11.1,CameraPosition,-103.214,1.693478,-107.528,CameraRotation,344.1078,266.8258,0.6638471,CurrentState,MoveToInitial,Slider,75,Scenario,5
ID,19,Time,1544.234,DronePosition,-194.7108,45,-107.379,11.1,CameraPosition,-103.2139,1.693565,-107.5281,CameraRotation,344.0742,266.8268,0.6756874,CurrentState,MoveToInitial,Slider,75,Scenario,5
ID,19,Time,1544.252,DronePosition,-194.5045,45,-107.379,11.1,CameraPosition,-103.2138,1.693616,-107.5282,CameraRotation,344.0402,266.83,0.7144319,CurrentState,MoveToInitial,Slider,75,Scenario,5
ID,19,Time,1544.275,DronePosition,-194.2544,45,-107.379,11.1,CameraPosition,-103.2135,1.693716,-107.5285,CameraRotation,343.9894,266.8347,0.7741687,CurrentState,MoveToInitial,Slider,75,Scenario,5
ID,19,Time,1544.289,DronePosition,-194.1015,45,-107.379,11.1,CameraPosition,-103.2134,1.693767,-107.5285,CameraRotation,343.9725,266.8412,0.7857593,CurrentState,MoveToInitial,Slider,75,Scenario,5
ID,19,Time,1544.303,DronePosition,-193.9456,45,-107.379,11.1,CameraPosition,-103.2133,1.693797,-107.5286,CameraRotation,343.9368,266.8339,0.7984351,CurrentState,MoveToInitial,Slider,75,Scenario,5
ID,19,Time,1544.317,DronePosition,-193.7895,45,-107.379,11.1,CameraPosition,-103.2131,1.693839,-107.5287,CameraRotation,343.9236,266.8078,0.811091,CurrentState,MoveToInitial,Slider,75,Scenario,5
ID,19,Time,1544.331,DronePosition,-193.6346,45,-107.379,11.1,CameraPosition,-103.213,1.693871,-107.5288,CameraRotation,343.8982,266.7733,0.8156694,CurrentState,MoveToInitial,Slider,75,Scenario,5
ID,19,Time,1544.345,DronePosition,-193.4774,45,-107.379,11.1,CameraPosition,-103.2129,1.693905,-107.529,CameraRotation,343.8607,266.7416,0.8191695,CurrentState,MoveToInitial,Slider,75,Scenario,5
ID,19,Time,1544.359,DronePosition,-193.325,45,-107.379,11.1,CameraPosition,-103.2128,1.693933,-107.5291,CameraRotation,343.8255,266.7057,0.8213594,CurrentState,MoveToInitial,Slider,75,Scenario,5
ID,19,Time,1544.372,DronePosition,-193.1716,45,-107.379,11.1,CameraPosition,-103.2128,1.693965,-107.5292,CameraRotation,343.8068,266.672,0.8229921,CurrentState,MoveToInitial,Slider,75,Scenario,5
ID,19,Time,1544.386,DronePosition,-193.0161,45,-107.379,11.1,CameraPosition,-103.2128,1.693987,-107.5293,CameraRotation,343.7954,266.6509,0.8260232,CurrentState,MoveToInitial,Slider,75,Scenario,5
ID,19,Time,1544.401,DronePosition,-192.8577,45,-107.379,11.1,CameraPosition,-103.2127,1.693988,-107.5294,CameraRotation,343.7906,266.6299,0.8321652,CurrentState,MoveToInitial,Slider,75,Scenario,5
ID,19,Time,1544.414,DronePosition,-192.705,45,-107.379,11.1,CameraPosition,-103.2126,1.693997,-107.5295,CameraRotation,343.7937,266.6108,0.8305081,CurrentState,MoveToInitial,Slider,75,Scenario,5
ID,19,Time,1544.428,DronePosition,-192.5515,45,-107.379,11.1,CameraPosition,-103.2125,1.693996,-107.5295,CameraRotation,343.7953,266.6006,0.8439087,CurrentState,MoveToInitial,Slider,75,Scenario,5
ID,19,Time,1544.443,DronePosition,-192.3928,45,-107.379,11.1,CameraPosition,-103.2124,1.694018,-107.5296,CameraRotation,343.7982,266.5973,0.8536798,CurrentState,MoveToInitial,Slider,75,Scenario,5
ID,19,Time,1544.461,DronePosition,-192.1845,45,-107.379,11.1,CameraPosition,-103.2123,1.694031,-107.5296,CameraRotation,343.7861,266.6034,0.865569,CurrentState,MoveToInitial,Slider,75,Scenario,5
ID,19,Time,1544.484,DronePosition,-191.9361,45,-107.379,11.1,CameraPosition,-103.2121,1.694071,-107.5297,CameraRotation,343.7811,266.6156,0.8900396,CurrentState,MoveToInitial,Slider,75,Scenario,5
ID,19,Time,1544.498,DronePosition,-191.7791,45,-107.379,11.1,CameraPosition,-103.212,1.694088,-107.5297,CameraRotation,343.7443,266.6194,0.8896394,CurrentState,MoveToInitial,Slider,75,Scenario,5
ID,19,Time,1544.511,DronePosition,-191.6261,45,-107.379,11.1,CameraPosition,-103.2119,1.694123,-107.5297,CameraRotation,343.7195,266.6248,0.891311,CurrentState,MoveToInitial,Slider,75,Scenario,5
ID,19,Time,1544.525,DronePosition,-191.472,45,-107.379,11.1,CameraPosition,-103.2119,1.694164,-107.5298,CameraRotation,343.6974,266.6122,0.8933717,CurrentState,MoveToInitial,Slider,75,Scenario,5
ID,19,Time,1544.539,DronePosition,-191.3183,45,-107.379,11.1,CameraPosition,-103.2119,1.694202,-107.5298,CameraRotation,343.6873,266.6059,0.8878366,CurrentState,MoveToInitial,Slider,75,Scenario,5
ID,19,Time,1544.554,DronePosition,-191.1584,45,-107.379,11.1,CameraPosition,-103.2118,1.69422,-107.5299,CameraRotation,343.6726,266.5941,0.8623131,CurrentState,MoveToInitial,Slider,75,Scenario,5
ID,19,Time,1544.567,DronePosition,-191.0061,45,-107.379,11.1,CameraPosition,-103.2117,1.694216,-107.5299,CameraRotation,343.6684,266.5963,0.8534749,CurrentState,MoveToInitial,Slider,75,Scenario,5
ID,19,Time,1544.582,DronePosition,-190.8495,45,-107.379,11.1,CameraPosition,-103.2116,1.694206,-107.5299,CameraRotation,343.6632,266.584,0.8667847,CurrentState,MoveToInitial,Slider,75,Scenario,5
ID,19,Time,1544.595,DronePosition,-190.6955,45,-107.379,11.1,CameraPosition,-103.2115,1.694192,-107.5299,CameraRotation,343.6595,266.6102,0.8616601,CurrentState,MoveToInitial,Slider,75,Scenario,5
ID,19,Time,1544.609,DronePosition,-190.5399,45,-107.379,11.1,CameraPosition,-103.2114,1.694227,-107.5298,CameraRotation,343.6533,266.6306,0.8431555,CurrentState,MoveToInitial,Slider,75,Scenario,5
ID,19,Time,1544.623,DronePosition,-190.3874,45,-107.379,11.1,CameraPosition,-103.2113,1.694247,-107.5298,CameraRotation,343.64,266.6558,0.8407329,CurrentState,MoveToInitial,Slider,75,Scenario,5
ID,19,Time,1544.637,DronePosition,-190.2308,45,-107.379,11.1,CameraPosition,-103.2112,1.694235,-107.5297,CameraRotation,343.6441,266.682,0.8469904,CurrentState,MoveToInitial,Slider,75,Scenario,5
ID,19,Time,1544.651,DronePosition,-190.0735,45,-107.379,11.1,CameraPosition,-103.2111,1.694261,-107.5297,CameraRotation,343.6262,266.7003,0.8581874,CurrentState,MoveToInitial,Slider,75,Scenario,5
ID,19,Time,1544.67,DronePosition,-189.8683,45,-107.379,11.1,CameraPosition,-103.2111,1.694347,-107.5296,CameraRotation,343.553,266.7367,0.8699145,CurrentState,MoveToInitial,Slider,75,Scenario,5
ID,19,Time,1544.692,DronePosition,-189.619,45,-107.379,11.1,CameraPosition,-103.211,1.694457,-107.5294,CameraRotation,343.4786,266.8026,0.7389135,CurrentState,MoveToInitial,Slider,75,Scenario,5
ID,19,Time,1544.706,DronePosition,-189.4655,45,-107.379,11.1,CameraPosition,-103.211,1.694438,-107.5294,CameraRotation,343.5084,266.8285,0.6960455,CurrentState,MoveToInitial,Slider,75,Scenario,5
ID,19,Time,1544.72,DronePosition,-189.3112,45,-107.379,11.1,CameraPosition,-103.2109,1.694402,-107.5293,CameraRotation,343.5423,266.8381,0.7021402,CurrentState,MoveToInitial,Slider,75,Scenario,5
ID,19,Time,1544.734,DronePosition,-189.1525,45,-107.379,11.1,CameraPosition,-103.2108,1.694394,-107.5293,CameraRotation,343.558,266.8431,0.7166368,CurrentState,MoveToInitial,Slider,75,Scenario,5
ID,19,Time,1544.748,DronePosition,-188.9998,45,-107.379,11.1,CameraPosition,-103.2108,1.694389,-107.5293,CameraRotation,343.5651,266.865,0.7142809,CurrentState,MoveToInitial,Slider,75,Scenario,5
ID,19,Time,1544.763,DronePosition,-188.8399,45,-107.379,11.1,CameraPosition,-103.2107,1.694371,-107.5293,CameraRotation,343.5663,266.899,0.710818,CurrentState,MoveToInitial,Slider,75,Scenario,5
ID,19,Time,1544.776,DronePosition,-188.685,45,-107.379,11.1,CameraPosition,-103.2106,1.694369,-107.5292,CameraRotation,343.5441,266.9292,0.699086,CurrentState,MoveToInitial,Slider,75,Scenario,5
ID,19,Time,1544.79,DronePosition,-188.5345,45,-107.379,11.1,CameraPosition,-103.2105,1.694367,-107.5292,CameraRotation,343.5125,266.9534,0.7189708,CurrentState,MoveToInitial,Slider,75,Scenario,5
ID,19,Time,1544.804,DronePosition,-188.3812,45,-107.379,11.1,CameraPosition,-103.2104,1.694359,-107.5291,CameraRotation,343.4914,266.969,0.7297856,CurrentState,MoveToInitial,Slider,75,Scenario,5
ID,19,Time,1544.818,DronePosition,-188.2251,45,-107.379,11.1,CameraPosition,-103.2104,1.694345,-107.5291,CameraRotation,343.4954,266.9835,0.7099572,CurrentState,MoveToInitial,Slider,75,Scenario,5
ID,19,Time,1544.832,DronePosition,-188.0688,45,-107.379,11.1,CameraPosition,-103.2103,1.694347,-107.5291,CameraRotation,343.5078,266.9967,0.6787459,CurrentState,MoveToInitial,Slider,75,Scenario,5
ID,19,Time,1544.846,DronePosition,-187.9117,45,-107.379,11.1,CameraPosition,-103.2102,1.694336,-107.5291,CameraRotation,343.5231,267.0083,0.6545544,CurrentState,MoveToInitial,Slider,75,Scenario,5
ID,19,Time,1544.86,DronePosition,-187.7568,45,-107.379,11.1,CameraPosition,-103.2101,1.694341,-107.5291,CameraRotation,343.554,267.017,0.6583354,CurrentState,MoveToInitial,Slider,75,Scenario,5
ID,19,Time,1544.879,DronePosition,-187.5506,45,-107.379,11.1,CameraPosition,-103.2101,1.694337,-107.5291,CameraRotation,343.5648,267.02,0.652523,CurrentState,MoveToInitial,Slider,75,Scenario,5
ID,19,Time,1544.901,DronePosition,-187.3018,45,-107.379,11.1,CameraPosition,-103.2099,1.694329,-107.529,CameraRotation,343.5703,267.0674,0.6093296,CurrentState,MoveToInitial,Slider,75,Scenario,5
ID,19,Time,1544.915,DronePosition,-187.1459,45,-107.379,11.1,CameraPosition,-103.2098,1.694347,-107.529,CameraRotation,343.553,267.1022,0.6019821,CurrentState,MoveToInitial,Slider,75,Scenario,5
ID,19,Time,1544.929,DronePosition,-186.9895,45,-107.379,11.1,CameraPosition,-103.2097,1.694357,-107.5289,CameraRotation,343.5409,267.1156,0.6139454,CurrentState,MoveToInitial,Slider,75,Scenario,5
ID,19,Time,1544.943,DronePosition,-186.8388,45,-107.379,11.1,CameraPosition,-103.2096,1.694369,-107.5289,CameraRotation,343.5105,267.1474,0.6060776,CurrentState,MoveToInitial,Slider,75,Scenario,5
ID,19,Time,1544.957,DronePosition,-186.6814,45,-107.379,11.1,CameraPosition,-103.2095,1.694377,-107.5289,CameraRotation,343.4909,267.172,0.6061592,CurrentState,MoveToInitial,Slider,75,Scenario,5
ID,19,Time,1544.971,DronePosition,-186.5263,45,-107.379,11.1,CameraPosition,-103.2094,1.694391,-107.5289,CameraRotation,343.4805,267.1723,0.6025691,CurrentState,MoveToInitial,Slider,75,Scenario,5
ID,19,Time,1544.985,DronePosition,-186.3711,45,-107.379,11.1,CameraPosition,-103.2093,1.694414,-107.5289,CameraRotation,343.4669,267.1823,0.5852894,CurrentState,MoveToInitial,Slider,75,Scenario,5
ID,19,Time,1544.999,DronePosition,-186.2164,45,-107.379,11.1,CameraPosition,-103.2092,1.694425,-107.529,CameraRotation,343.4531,267.1624,0.5840825,CurrentState,MoveToInitial,Slider,76,Scenario,5
ID,19,Time,1545.013,DronePosition,-186.0574,45,-107.379,11.1,CameraPosition,-103.2091,1.694429,-107.529,CameraRotation,343.4387,267.1429,0.5851452,CurrentState,MoveToInitial,Slider,76,Scenario,5
ID,19,Time,1545.027,DronePosition,-185.9051,45,-107.379,11.1,CameraPosition,-103.209,1.694436,-107.5291,CameraRotation,343.4196,267.1295,0.5706438,CurrentState,MoveToInitial,Slider,76,Scenario,5
ID,19,Time,1545.041,DronePosition,-185.7518,45,-107.379,11.1,CameraPosition,-103.2089,1.694464,-107.5291,CameraRotation,343.3987,267.1273,0.5636096,CurrentState,MoveToInitial,Slider,76,Scenario,5
ID,19,Time,1545.055,DronePosition,-185.5947,45,-107.379,11.1,CameraPosition,-103.2088,1.694509,-107.5291,CameraRotation,343.3607,267.1245,0.5495193,CurrentState,MoveToInitial,Slider,76,Scenario,5
ID,19,Time,1545.069,DronePosition,-185.4345,45,-107.379,11.1,CameraPosition,-103.2087,1.694566,-107.5291,CameraRotation,343.325,267.123,0.5416766,CurrentState,MoveToInitial,Slider,76,Scenario,5
ID,19,Time,1545.087,DronePosition,-185.2348,45,-107.379,11.1,CameraPosition,-103.2086,1.694597,-107.5291,CameraRotation,343.2854,267.1325,0.5448157,CurrentState,MoveToInitial,Slider,76,Scenario,5
ID,19,Time,1545.11,DronePosition,-184.9817,45,-107.379,11.1,CameraPosition,-103.2084,1.694612,-107.5291,CameraRotation,343.2403,267.1592,0.5352082,CurrentState,MoveToInitial,Slider,76,Scenario,5
ID,19,Time,1545.124,DronePosition,-184.8261,45,-107.379,11.1,CameraPosition,-103.2083,1.694602,-107.5291,CameraRotation,343.2308,267.1695,0.5358297,CurrentState,MoveToInitial,Slider,76,Scenario,5
ID,19,Time,1545.138,DronePosition,-184.6689,45,-107.379,11.1,CameraPosition,-103.2082,1.69461,-107.5291,CameraRotation,343.2314,267.1772,0.5428654,CurrentState,MoveToInitial,Slider,76,Scenario,5
ID,19,Time,1545.152,DronePosition,-184.516,45,-107.379,11.1,CameraPosition,-103.2082,1.694609,-107.5292,CameraRotation,343.2154,267.1845,0.5485696,CurrentState,MoveToInitial,Slider,76,Scenario,5
ID,19,Time,1545.166,DronePosition,-184.3623,45,-107.379,11.1,CameraPosition,-103.2081,1.694631,-107.5292,CameraRotation,343.2108,267.1828,0.5544292,CurrentState,MoveToInitial,Slider,76,Scenario,5
ID,19,Time,1545.18,DronePosition,-184.2074,45,-107.379,11.1,CameraPosition,-103.208,1.694667,-107.5292,CameraRotation,343.1942,267.1718,0.5526198,CurrentState,MoveToInitial,Slider,76,Scenario,5
ID,19,Time,1545.194,DronePosition,-184.0525,45,-107.379,11.1,CameraPosition,-103.2079,1.694715,-107.5292,CameraRotation,343.1877,267.1577,0.5504142,CurrentState,MoveToInitial,Slider,76,Scenario,5
ID,19,Time,1545.208,DronePosition,-183.8951,45,-107.379,11.1,CameraPosition,-103.2078,1.69473,-107.5292,CameraRotation,343.1739,267.1394,0.5520625,CurrentState,MoveToInitial,Slider,76,Scenario,5
ID,19,Time,1545.222,DronePosition,-183.7402,45,-107.379,11.1,CameraPosition,-103.2077,1.694737,-107.5292,CameraRotation,343.1567,267.1263,0.5470795,CurrentState,MoveToInitial,Slider,76,Scenario,5
ID,19,Time,1545.236,DronePosition,-183.5858,45,-107.379,11.1,CameraPosition,-103.2076,1.694752,-107.5292,CameraRotation,343.1471,267.1161,0.5317903,CurrentState,MoveToInitial,Slider,76,Scenario,5
ID,19,Time,1545.25,DronePosition,-183.4339,45,-107.379,11.1,CameraPosition,-103.2075,1.694741,-107.5291,CameraRotation,343.1261,267.118,0.5326053,CurrentState,MoveToInitial,Slider,76,Scenario,5
ID,19,Time,1545.264,DronePosition,-183.2774,45,-107.379,11.1,CameraPosition,-103.2074,1.694737,-107.5291,CameraRotation,343.0963,267.1198,0.5386046,CurrentState,MoveToInitial,Slider,76,Scenario,5
ID,19,Time,1545.278,DronePosition,-183.1197,45,-107.379,11.1,CameraPosition,-103.2073,1.694764,-107.5291,CameraRotation,343.0755,267.132,0.5320064,CurrentState,MoveToInitial,Slider,76,Scenario,5
ID,19,Time,1545.296,DronePosition,-182.9141,45,-107.379,11.1,CameraPosition,-103.2072,1.6948,-107.529,CameraRotation,343.0367,267.1426,0.518656,CurrentState,MoveToInitial,Slider,76,Scenario,5
ID,19,Time,1545.319,DronePosition,-182.6629,45,-107.379,11.1,CameraPosition,-103.2071,1.694829,-107.529,CameraRotation,342.9695,267.1654,0.5282567,CurrentState,MoveToInitial,Slider,76,Scenario,5
ID,19,Time,1545.333,DronePosition,-182.5095,45,-107.379,11.1,CameraPosition,-103.207,1.694851,-107.5289,CameraRotation,342.9765,267.1595,0.5538712,CurrentState,MoveToInitial,Slider,76,Scenario,5
ID,19,Time,1545.347,DronePosition,-182.355,45,-107.379,11.1,CameraPosition,-103.2069,1.694906,-107.5289,CameraRotation,342.9533,267.1705,0.5568957,CurrentState,MoveToInitial,Slider,76,Scenario,5
ID,19,Time,1545.361,DronePosition,-182.1965,45,-107.379,11.1,CameraPosition,-103.2069,1.694956,-107.5288,CameraRotation,342.9059,267.1872,0.5074947,CurrentState,MoveToInitial,Slider,76,Scenario,5
ID,19,Time,1545.375,DronePosition,-182.0434,45,-107.379,11.1,CameraPosition,-103.2068,1.694981,-107.5288,CameraRotation,342.9048,267.1995,0.4336858,CurrentState,MoveToInitial,Slider,76,Scenario,5
ID,19,Time,1545.389,DronePosition,-181.8917,45,-107.379,11.1,CameraPosition,-103.2068,1.694987,-107.5288,CameraRotation,342.9349,267.213,0.4268756,CurrentState,MoveToInitial,Slider,76,Scenario,5
ID,19,Time,1545.403,DronePosition,-181.7354,45,-107.379,11.1,CameraPosition,-103.2067,1.694961,-107.5287,CameraRotation,342.9706,267.2018,0.4571703,CurrentState,MoveToInitial,Slider,76,Scenario,5
ID,19,Time,1545.417,DronePosition,-181.5769,45,-107.379,11.1,CameraPosition,-103.2066,1.694904,-107.5287,CameraRotation,343.001,267.1945,0.4915398,CurrentState,MoveToInitial,Slider,76,Scenario,5
ID,19,Time,1545.431,DronePosition,-181.4244,45,-107.379,11.1,CameraPosition,-103.2065,1.694839,-107.5287,CameraRotation,343.0121,267.1964,0.5093357,CurrentState,MoveToInitial,Slider,76,Scenario,5
ID,19,Time,1545.445,DronePosition,-181.269,45,-107.379,11.1,CameraPosition,-103.2064,1.694811,-107.5287,CameraRotation,343.0316,267.2112,0.5038955,CurrentState,MoveToInitial,Slider,76,Scenario,5
ID,19,Time,1545.458,DronePosition,-181.1147,45,-107.379,11.1,CameraPosition,-103.2063,1.694766,-107.5286,CameraRotation,343.027,267.2206,0.5050246,CurrentState,MoveToInitial,Slider,76,Scenario,5
ID,19,Time,1545.473,DronePosition,-180.9588,45,-107.379,11.1,CameraPosition,-103.2062,1.694763,-107.5286,CameraRotation,343.0278,267.2227,0.5045466,CurrentState,MoveToInitial,Slider,76,Scenario,5
ID,19,Time,1545.487,DronePosition,-180.8024,45,-107.379,11.1,CameraPosition,-103.2061,1.694788,-107.5286,CameraRotation,343.0147,267.2188,0.5128337,CurrentState,MoveToInitial,Slider,76,Scenario,5
ID,19,Time,1545.505,DronePosition,-180.5987,45,-107.379,11.1,CameraPosition,-103.206,1.694844,-107.5285,CameraRotation,343.0011,267.2011,0.5099959,CurrentState,MoveToInitial,Slider,76,Scenario,5
ID,19,Time,1545.528,DronePosition,-180.348,45,-107.379,11.1,CameraPosition,-103.2058,1.694856,-107.5285,CameraRotation,343.0065,267.1806,0.4859591,CurrentState,MoveToInitial,Slider,76,Scenario,5
ID,19,Time,1545.542,DronePosition,-180.1911,45,-107.379,11.1,CameraPosition,-103.2057,1.694827,-107.5285,CameraRotation,343.0313,267.1724,0.4913633,CurrentState,MoveToInitial,Slider,76,Scenario,5
ID,19,Time,1545.556,DronePosition,-180.0334,45,-107.379,11.1,CameraPosition,-103.2056,1.69481,-107.5284,CameraRotation,343.0378,267.1709,0.4889468,CurrentState,MoveToInitial,Slider,76,Scenario,5
ID,19,Time,1545.569,DronePosition,-179.8838,45,-107.379,11.1,CameraPosition,-103.2055,1.694785,-107.5284,CameraRotation,343.0444,267.1863,0.451611,CurrentState,MoveToInitial,Slider,76,Scenario,5
ID,19,Time,1545.584,DronePosition,-179.7262,45,-107.379,11.1,CameraPosition,-103.2054,1.694779,-107.5284,CameraRotation,343.0276,267.2045,0.4407463,CurrentState,MoveToInitial,Slider,76,Scenario,5
ID,19,Time,1545.598,DronePosition,-179.5683,45,-107.379,11.1,CameraPosition,-103.2053,1.694823,-107.5284,CameraRotation,343.0078,267.2234,0.4535048,CurrentState,MoveToInitial,Slider,76,Scenario,5
ID,19,Time,1545.612,DronePosition,-179.4149,45,-107.379,11.1,CameraPosition,-103.2052,1.694848,-107.5284,CameraRotation,342.9718,267.2379,0.4689303,CurrentState,MoveToInitial,Slider,76,Scenario,5
ID,19,Time,1545.626,DronePosition,-179.258,45,-107.379,11.1,CameraPosition,-103.2051,1.694887,-107.5283,CameraRotation,342.9505,267.2581,0.4680032,CurrentState,MoveToInitial,Slider,76,Scenario,5
ID,19,Time,1545.64,DronePosition,-179.1015,45,-107.379,11.1,CameraPosition,-103.205,1.694904,-107.5283,CameraRotation,342.941,267.2771,0.4606152,CurrentState,MoveToInitial,Slider,76,Scenario,5
ID,19,Time,1545.653,DronePosition,-178.9511,45,-107.379,11.1,CameraPosition,-103.2049,1.694908,-107.5283,CameraRotation,342.9362,267.2793,0.4465086,CurrentState,MoveToInitial,Slider,76,Scenario,5
ID,19,Time,1545.667,DronePosition,-178.7945,45,-107.379,11.1,CameraPosition,-103.2047,1.694898,-107.5283,CameraRotation,342.933,267.2748,0.44264,CurrentState,MoveToInitial,Slider,76,Scenario,5
ID,19,Time,1545.681,DronePosition,-178.643,45,-107.379,11.1,CameraPosition,-103.2047,1.694905,-107.5284,CameraRotation,342.9174,267.2671,0.4456648,CurrentState,MoveToInitial,Slider,76,Scenario,5
ID,19,Time,1545.695,DronePosition,-178.4857,45,-107.379,11.1,CameraPosition,-103.2046,1.694944,-107.5284,CameraRotation,342.9112,267.259,0.4345616,CurrentState,MoveToInitial,Slider,76,Scenario,5
ID,19,Time,1545.714,DronePosition,-178.2799,45,-107.379,11.1,CameraPosition,-103.2045,1.69499,-107.5284,CameraRotation,342.8896,267.2474,0.4228389,CurrentState,MoveToInitial,Slider,76,Scenario,5
ID,19,Time,1545.737,DronePosition,-178.0287,45,-107.379,11.1,CameraPosition,-103.2043,1.695086,-107.5284,CameraRotation,342.8349,267.2441,0.4223188,CurrentState,MoveToInitial,Slider,76,Scenario,5
ID,19,Time,1545.75,DronePosition,-177.8752,45,-107.379,11.1,CameraPosition,-103.2042,1.695143,-107.5285,CameraRotation,342.8012,267.2584,0.4219356,CurrentState,MoveToInitial,Slider,76,Scenario,5
ID,19,Time,1545.764,DronePosition,-177.7195,45,-107.379,11.1,CameraPosition,-103.2042,1.695193,-107.5285,CameraRotation,342.761,267.2679,0.43143,CurrentState,MoveToInitial,Slider,76,Scenario,5
ID,19,Time,1545.779,DronePosition,-177.5623,45,-107.379,11.1,CameraPosition,-103.2042,1.695238,-107.5285,CameraRotation,342.7269,267.2819,0.442468,CurrentState,MoveToInitial,Slider,76,Scenario,5
ID,19,Time,1545.792,DronePosition,-177.4104,45,-107.379,11.1,CameraPosition,-103.2042,1.69525,-107.5286,CameraRotation,342.6985,267.2998,0.4415187,CurrentState,MoveToInitial,Slider,76,Scenario,5
ID,19,Time,1545.806,DronePosition,-177.2534,45,-107.379,11.1,CameraPosition,-103.2041,1.695234,-107.5287,CameraRotation,342.6786,267.3013,0.4450159,CurrentState,MoveToInitial,Slider,76,Scenario,5
ID,19,Time,1545.821,DronePosition,-177.0966,45,-107.379,11.1,CameraPosition,-103.2041,1.695236,-107.5288,CameraRotation,342.6512,267.312,0.4453901,CurrentState,MoveToInitial,Slider,76,Scenario,5
ID,19,Time,1545.834,DronePosition,-176.9458,45,-107.379,11.1,CameraPosition,-103.2042,1.695281,-107.5289,CameraRotation,342.6328,267.296,0.4507216,CurrentState,MoveToInitial,Slider,76,Scenario,5
ID,19,Time,1545.849,DronePosition,-176.7863,45,-107.379,11.1,CameraPosition,-103.2042,1.695309,-107.529,CameraRotation,342.6205,267.2831,0.4531406,CurrentState,MoveToInitial,Slider,76,Scenario,5
ID,19,Time,1545.862,DronePosition,-176.6338,45,-107.379,11.1,CameraPosition,-103.2043,1.695328,-107.5291,CameraRotation,342.6406,267.2711,0.4435552,CurrentState,MoveToInitial,Slider,76,Scenario,5
ID,19,Time,1545.876,DronePosition,-176.4788,45,-107.379,11.1,CameraPosition,-103.2044,1.69532,-107.5293,CameraRotation,342.6594,267.2511,0.4529177,CurrentState,MoveToInitial,Slider,76,Scenario,5
ID,19,Time,1545.89,DronePosition,-176.3261,45,-107.379,11.1,CameraPosition,-103.2044,1.695274,-107.5294,CameraRotation,342.6727,267.2284,0.4860264,CurrentState,MoveToInitial,Slider,76,Scenario,5
ID,19,Time,1545.904,DronePosition,-176.1684,45,-107.379,11.1,CameraPosition,-103.2045,1.695233,-107.5296,CameraRotation,342.671,267.225,0.5049099,CurrentState,MoveToInitial,Slider,76,Scenario,5
ID,19,Time,1545.923,DronePosition,-175.9573,45,-107.379,11.1,CameraPosition,-103.2046,1.695212,-107.5298,CameraRotation,342.6741,267.2124,0.5252246,CurrentState,MoveToInitial,Slider,76,Scenario,5
ID,19,Time,1545.945,DronePosition,-175.7119,45,-107.379,11.1,CameraPosition,-103.2048,1.695185,-107.5301,CameraRotation,342.6702,267.2072,0.5883768,CurrentState,MoveToInitial,Slider,76,Scenario,5
ID,19,Time,1545.959,DronePosition,-175.5576,45,-107.379,11.1,CameraPosition,-103.205,1.695149,-107.5303,CameraRotation,342.7003,267.1842,0.6262498,CurrentState,MoveToInitial,Slider,76,Scenario,5
ID,19,Time,1545.973,DronePosition,-175.4044,45,-107.379,11.1,CameraPosition,-103.2051,1.695132,-107.5304,CameraRotation,342.7453,267.1629,0.6742815,CurrentState,MoveToInitial,Slider,76,Scenario,5
ID,19,Time,1545.987,DronePosition,-175.2444,45,-107.379,11.1,CameraPosition,-103.2052,1.695151,-107.5305,CameraRotation,342.7565,267.1487,0.6930555,CurrentState,MoveToInitial,Slider,76,Scenario,5
ID,19,Time,1546.001,DronePosition,-175.0914,45,-107.379,11.1,CameraPosition,-103.2054,1.695161,-107.5307,CameraRotation,342.7625,267.1365,0.6575621,CurrentState,MoveToInitial,Slider,76,Scenario,5
ID,19,Time,1546.015,DronePosition,-174.936,45,-107.379,11.1,CameraPosition,-103.2055,1.69512,-107.5308,CameraRotation,342.8246,267.126,0.6308751,CurrentState,MoveToInitial,Slider,76,Scenario,5
ID,19,Time,1546.029,DronePosition,-174.7801,45,-107.379,11.1,CameraPosition,-103.2056,1.695062,-107.5309,CameraRotation,342.8849,267.1154,0.6592534,CurrentState,MoveToInitial,Slider,76,Scenario,5
ID,19,Time,1546.043,DronePosition,-174.6254,45,-107.379,11.1,CameraPosition,-103.2056,1.694964,-107.531,CameraRotation,342.9314,267.1075,0.7018112,CurrentState,MoveToInitial,Slider,76,Scenario,5
ID,19,Time,1546.057,DronePosition,-174.4734,45,-107.379,11.1,CameraPosition,-103.2057,1.694861,-107.5311,CameraRotation,342.9554,267.1041,0.7429969,CurrentState,MoveToInitial,Slider,76,Scenario,5
ID,19,Time,1546.071,DronePosition,-174.3118,45,-107.379,11.1,CameraPosition,-103.2057,1.694797,-107.5312,CameraRotation,342.9648,267.113,0.7715813,CurrentState,MoveToInitial,Slider,76,Scenario,5
ID,19,Time,1546.085,DronePosition,-174.1598,45,-107.379,11.1,CameraPosition,-103.2058,1.694792,-107.5313,CameraRotation,342.9578,267.1308,0.7889606,CurrentState,MoveToInitial,Slider,76,Scenario,5
ID,19,Time,1546.099,DronePosition,-174.0048,45,-107.379,11.1,CameraPosition,-103.2058,1.694787,-107.5314,CameraRotation,342.9352,267.1173,0.8220583,CurrentState,MoveToInitial,Slider,76,Scenario,5
ID,19,Time,1546.113,DronePosition,-173.8472,45,-107.379,11.1,CameraPosition,-103.2058,1.694812,-107.5315,CameraRotation,342.9166,267.0933,0.8647889,CurrentState,MoveToInitial,Slider,76,Scenario,5
ID,19,Time,1546.132,DronePosition,-173.6411,45,-107.379,11.1,CameraPosition,-103.2059,1.694845,-107.5317,CameraRotation,342.9258,267.038,0.9007226,CurrentState,MoveToInitial,Slider,76,Scenario,5
ID,19,Time,1546.154,DronePosition,-173.3911,45,-107.379,11.1,CameraPosition,-103.2058,1.694871,-107.5319,CameraRotation,342.9354,266.9357,0.9192056,CurrentState,MoveToInitial,Slider,76,Scenario,5
ID,19,Time,1546.168,DronePosition,-173.2342,45,-107.379,11.1,CameraPosition,-103.2058,1.694874,-107.532,CameraRotation,342.9402,266.889,0.9261656,CurrentState,MoveToInitial,Slider,76,Scenario,5
ID,19,Time,1546.182,DronePosition,-173.0826,45,-107.379,11.1,CameraPosition,-103.2058,1.694914,-107.5321,CameraRotation,342.9175,266.8522,0.9446912,CurrentState,MoveToInitial,Slider,76,Scenario,5
ID,19,Time,1546.196,DronePosition,-172.9267,45,-107.379,11.1,CameraPosition,-103.2057,1.694996,-107.5321,CameraRotation,342.8289,266.822,0.953557,CurrentState,MoveToInitial,Slider,76,Scenario,5
ID,19,Time,1546.21,DronePosition,-172.7713,45,-107.379,11.1,CameraPosition,-103.2057,1.695071,-107.5321,CameraRotation,342.7545,266.7954,0.9429619,CurrentState,MoveToInitial,Slider,76,Scenario,5
ID,19,Time,1546.224,DronePosition,-172.6129,45,-107.379,11.1,CameraPosition,-103.2056,1.695187,-107.5321,CameraRotation,342.6685,266.7629,0.9496059,CurrentState,MoveToInitial,Slider,76,Scenario,5
ID,19,Time,1546.238,DronePosition,-172.4617,45,-107.379,11.1,CameraPosition,-103.2055,1.695353,-107.5321,CameraRotation,342.5868,266.7212,0.9767454,CurrentState,MoveToInitial,Slider,76,Scenario,5
ID,19,Time,1546.252,DronePosition,-172.3084,45,-107.379,11.1,CameraPosition,-103.2054,1.695557,-107.5321,CameraRotation,342.4515,266.676,1.003072,CurrentState,MoveToInitial,Slider,76,Scenario,5
ID,19,Time,1546.266,DronePosition,-172.1514,45,-107.379,11.1,CameraPosition,-103.2053,1.695701,-107.5322,CameraRotation,342.3487,266.6536,1.022657,CurrentState,MoveToInitial,Slider,76,Scenario,5
ID,19,Time,1546.28,DronePosition,-171.9941,45,-107.379,11.1,CameraPosition,-103.2051,1.695844,-107.5322,CameraRotation,342.2782,266.6439,1.024854,CurrentState,MoveToInitial,Slider,76,Scenario,5
ID,19,Time,1546.294,DronePosition,-171.8414,45,-107.379,11.1,CameraPosition,-103.205,1.696104,-107.5322,CameraRotation,342.1485,266.6291,1.057224,CurrentState,MoveToInitial,Slider,76,Scenario,5
ID,19,Time,1546.308,DronePosition,-171.6885,45,-107.379,11.1,CameraPosition,-103.2048,1.696573,-107.5322,CameraRotation,341.89,266.6178,1.156019,CurrentState,MoveToInitial,Slider,76,Scenario,5
ID,19,Time,1546.322,DronePosition,-171.5319,45,-107.379,11.1,CameraPosition,-103.2046,1.69708,-107.5322,CameraRotation,341.5656,266.6343,1.252122,CurrentState,MoveToInitial,Slider,76,Scenario,5
ID,19,Time,1546.341,DronePosition,-171.3234,45,-107.379,11.1,CameraPosition,-103.2044,1.697481,-107.5322,CameraRotation,341.3122,266.6451,1.326731,CurrentState,MoveToInitial,Slider,76,Scenario,5
ID,19,Time,1546.363,DronePosition,-171.0775,45,-107.379,11.1,CameraPosition,-103.2039,1.698526,-107.5322,CameraRotation,340.5946,266.6695,1.40424,CurrentState,MoveToInitial,Slider,76,Scenario,5
ID,19,Time,1546.378,DronePosition,-170.9109,45,-107.379,11.1,CameraPosition,-103.2035,1.699057,-107.5323,CameraRotation,340.1631,266.6331,1.414531,CurrentState,MoveToInitial,Slider,76,Scenario,5
ID,19,Time,1546.391,DronePosition,-170.7672,45,-107.379,11.1,CameraPosition,-103.2031,1.699435,-107.5324,CameraRotation,339.8822,266.5973,1.414594,CurrentState,MoveToInitial,Slider,76,Scenario,5
ID,19,Time,1546.405,DronePosition,-170.6103,45,-107.379,11.1,CameraPosition,-103.2027,1.699728,-107.5325,CameraRotation,339.6587,266.5639,1.401733,CurrentState,MoveToInitial,Slider,76,Scenario,5
ID,19,Time,1546.419,DronePosition,-170.456,45,-107.379,11.1,CameraPosition,-103.2022,1.699964,-107.5325,CameraRotation,339.4818,266.5254,1.393051,CurrentState,MoveToInitial,Slider,76,Scenario,5
ID,19,Time,1546.433,DronePosition,-170.2984,45,-107.379,11.1,CameraPosition,-103.2018,1.700187,-107.5326,CameraRotation,339.3294,266.4939,1.389024,CurrentState,MoveToInitial,Slider,76,Scenario,5
ID,19,Time,1546.447,DronePosition,-170.1443,45,-107.379,11.1,CameraPosition,-103.2013,1.70043,-107.5327,CameraRotation,339.1742,266.4758,1.368449,CurrentState,MoveToInitial,Slider,76,Scenario,5
ID,19,Time,1546.461,DronePosition,-169.9907,45,-107.379,11.1,CameraPosition,-103.2008,1.700654,-107.5328,CameraRotation,339.0117,266.4788,1.348781,CurrentState,MoveToInitial,Slider,76,Scenario,5
ID,19,Time,1546.475,DronePosition,-169.8346,45,-107.379,11.1,CameraPosition,-103.2004,1.700868,-107.5329,CameraRotation,338.8614,266.4952,1.325144,CurrentState,MoveToInitial,Slider,76,Scenario,5
ID,19,Time,1546.489,DronePosition,-169.6783,45,-107.379,11.1,CameraPosition,-103.1999,1.701053,-107.533,CameraRotation,338.7484,266.5248,1.310259,CurrentState,MoveToInitial,Slider,76,Scenario,5
ID,19,Time,1546.503,DronePosition,-169.5206,45,-107.379,11.1,CameraPosition,-103.1995,1.701151,-107.5331,CameraRotation,338.6571,266.5637,1.292925,CurrentState,MoveToInitial,Slider,76,Scenario,5
ID,19,Time,1546.517,DronePosition,-169.3668,45,-107.379,11.1,CameraPosition,-103.1991,1.701171,-107.5331,CameraRotation,338.623,266.6084,1.277986,CurrentState,MoveToInitial,Slider,76,Scenario,5
ID,19,Time,1546.531,DronePosition,-169.2138,45,-107.379,11.1,CameraPosition,-103.1987,1.701172,-107.5332,CameraRotation,338.5721,266.6765,1.242717,CurrentState,MoveToInitial,Slider,76,Scenario,5
ID,19,Time,1546.55,DronePosition,-169.0033,45,-107.379,11.1,CameraPosition,-103.1983,1.701213,-107.5332,CameraRotation,338.4755,266.7298,1.239885,CurrentState,MoveToInitial,Slider,76,Scenario,5
ID,19,Time,1546.572,DronePosition,-168.7549,45,-107.379,11.1,CameraPosition,-103.1975,1.701382,-107.5334,CameraRotation,338.3694,266.8334,1.251573,CurrentState,MoveToInitial,Slider,76,Scenario,5
ID,19,Time,1546.586,DronePosition,-168.601,45,-107.379,11.1,CameraPosition,-103.1971,1.701437,-107.5335,CameraRotation,338.3682,266.8879,1.265722,CurrentState,MoveToInitial,Slider,76,Scenario,5
ID,19,Time,1546.6,DronePosition,-168.4473,45,-107.379,11.1,CameraPosition,-103.1967,1.701512,-107.5336,CameraRotation,338.3398,266.9527,1.231119,CurrentState,MoveToInitial,Slider,76,Scenario,5
ID,19,Time,1546.614,DronePosition,-168.289,45,-107.379,11.1,CameraPosition,-103.1963,1.701623,-107.5338,CameraRotation,338.3111,267.0239,1.159722,CurrentState,MoveToInitial,Slider,76,Scenario,5
ID,19,Time,1546.628,DronePosition,-168.1364,45,-107.379,11.1,CameraPosition,-103.1959,1.701777,-107.534,CameraRotation,338.2789,267.0694,1.144435,CurrentState,MoveToInitial,Slider,76,Scenario,5
ID,19,Time,1546.642,DronePosition,-167.9825,45,-107.379,11.1,CameraPosition,-103.1955,1.701942,-107.5343,CameraRotation,338.2249,267.0799,1.157015,CurrentState,MoveToInitial,Slider,76,Scenario,5
ID,19,Time,1546.656,DronePosition,-167.8271,45,-107.379,11.1,CameraPosition,-103.1951,1.702112,-107.5346,CameraRotation,338.1664,267.0602,1.196011,CurrentState,MoveToInitial,Slider,76,Scenario,5
ID,19,Time,1546.67,DronePosition,-167.6702,45,-107.379,11.1,CameraPosition,-103.1947,1.702243,-107.5349,CameraRotation,338.1194,267.039,1.251355,CurrentState,MoveToInitial,Slider,76,Scenario,5
ID,19,Time,1546.684,DronePosition,-167.5148,45,-107.379,11.1,CameraPosition,-103.1943,1.702301,-107.5352,CameraRotation,338.1005,267.0081,1.299107,CurrentState,MoveToInitial,Slider,76,Scenario,5
ID,19,Time,1546.698,DronePosition,-167.3616,45,-107.379,11.1,CameraPosition,-103.1939,1.702355,-107.5355,CameraRotation,338.0649,266.9824,1.342141,CurrentState,MoveToInitial,Slider,76,Scenario,5
ID,19,Time,1546.712,DronePosition,-167.2012,45,-107.379,11.1,CameraPosition,-103.1935,1.702424,-107.5358,CameraRotation,338.0021,266.9604,1.389539,CurrentState,MoveToInitial,Slider,76,Scenario,5
ID,19,Time,1546.726,DronePosition,-167.0494,45,-107.379,11.1,CameraPosition,-103.1932,1.70254,-107.5361,CameraRotation,337.9293,266.9417,1.427262,CurrentState,MoveToInitial,Slider,76,Scenario,5
ID,19,Time,1546.739,DronePosition,-166.8967,45,-107.379,11.1,CameraPosition,-103.1928,1.702659,-107.5365,CameraRotation,337.866,266.9335,1.462734,CurrentState,MoveToInitial,Slider,76,Scenario,5
ID,19,Time,1546.758,DronePosition,-166.6875,45,-107.379,11.1,CameraPosition,-103.1925,1.702764,-107.5368,CameraRotation,337.8101,266.9543,1.480896,CurrentState,MoveToInitial,Slider,76,Scenario,5
ID,19,Time,1546.781,DronePosition,-166.4403,45,-107.379,11.1,CameraPosition,-103.1918,1.702869,-107.5374,CameraRotation,337.776,267.0299,1.539579,CurrentState,MoveToInitial,Slider,76,Scenario,5
ID,19,Time,1546.795,DronePosition,-166.2836,45,-107.379,11.1,CameraPosition,-103.1915,1.70289,-107.5377,CameraRotation,337.7647,267.09,1.552353,CurrentState,MoveToInitial,Slider,76,Scenario,5
ID,19,Time,1546.809,DronePosition,-166.1263,45,-107.379,11.1,CameraPosition,-103.1912,1.702927,-107.5379,CameraRotation,337.7359,267.1484,1.529575,CurrentState,MoveToInitial,Slider,76,Scenario,5
ID,19,Time,1546.823,DronePosition,-165.9741,45,-107.379,11.1,CameraPosition,-103.191,1.703005,-107.5383,CameraRotation,337.6876,267.2141,1.485127,CurrentState,MoveToInitial,Slider,76,Scenario,5
ID,19,Time,1546.837,DronePosition,-165.8168,45,-107.379,11.1,CameraPosition,-103.1907,1.703116,-107.5386,CameraRotation,337.6337,267.2643,1.464815,CurrentState,MoveToInitial,Slider,76,Scenario,5
ID,19,Time,1546.85,DronePosition,-165.6638,45,-107.379,11.1,CameraPosition,-103.1904,1.703186,-107.539,CameraRotation,337.5985,267.2822,1.470719,CurrentState,MoveToInitial,Slider,76,Scenario,5
ID,19,Time,1546.865,DronePosition,-165.5071,45,-107.379,11.1,CameraPosition,-103.1902,1.703231,-107.5394,CameraRotation,337.5758,267.296,1.470297,CurrentState,MoveToInitial,Slider,76,Scenario,5
ID,19,Time,1546.879,DronePosition,-165.35,45,-107.379,11.1,CameraPosition,-103.19,1.703275,-107.5399,CameraRotation,337.5712,267.3052,1.466551,CurrentState,MoveToInitial,Slider,76,Scenario,5
ID,19,Time,1546.893,DronePosition,-165.1945,45,-107.379,11.1,CameraPosition,-103.1897,1.7033,-107.5404,CameraRotation,337.5588,267.3111,1.449919,CurrentState,MoveToInitial,Slider,76,Scenario,5
ID,19,Time,1546.907,DronePosition,-165.0387,45,-107.379,11.1,CameraPosition,-103.1895,1.703327,-107.5409,CameraRotation,337.5394,267.3077,1.438571,CurrentState,MoveToInitial,Slider,76,Scenario,5
ID,19,Time,1546.921,DronePosition,-164.8841,45,-107.379,11.1,CameraPosition,-103.1893,1.703361,-107.5415,CameraRotation,337.5057,267.2947,1.432831,CurrentState,MoveToInitial,Slider,76,Scenario,5
ID,19,Time,1546.935,DronePosition,-164.7299,45,-107.379,11.1,CameraPosition,-103.1891,1.70348,-107.5421,CameraRotation,337.4815,267.2687,1.431995,CurrentState,MoveToInitial,Slider,76,Scenario,5
ID,19,Time,1546.949,DronePosition,-164.5714,45,-107.379,11.1,CameraPosition,-103.1889,1.703602,-107.5428,CameraRotation,337.4528,267.2419,1.430142,CurrentState,MoveToInitial,Slider,76,Scenario,5
ID,19,Time,1546.967,DronePosition,-164.3658,45,-107.379,11.1,CameraPosition,-103.1887,1.703673,-107.5435,CameraRotation,337.4188,267.2163,1.425756,CurrentState,MoveToInitial,Slider,76,Scenario,5
ID,19,Time,1546.99,DronePosition,-164.1136,45,-107.379,11.1,CameraPosition,-103.1883,1.703759,-107.5449,CameraRotation,337.364,267.1603,1.414625,CurrentState,MoveToInitial,Slider,76,Scenario,5
ID,19,Time,1547.004,DronePosition,-163.9643,45,-107.379,11.1,CameraPosition,-103.1881,1.703785,-107.5456,CameraRotation,337.3257,267.1232,1.421275,CurrentState,MoveToInitial,Slider,76,Scenario,5
ID,19,Time,1547.018,DronePosition,-163.8087,45,-107.379,11.1,CameraPosition,-103.188,1.703785,-107.5465,CameraRotation,337.3041,267.0893,1.427656,CurrentState,MoveToInitial,Slider,76,Scenario,5
ID,19,Time,1547.032,DronePosition,-163.6529,45,-107.379,11.1,CameraPosition,-103.1878,1.703782,-107.5473,CameraRotation,337.2891,267.0364,1.442948,CurrentState,MoveToInitial,Slider,76,Scenario,5
ID,19,Time,1547.046,DronePosition,-163.4967,45,-107.379,11.1,CameraPosition,-103.1876,1.703851,-107.5482,CameraRotation,337.2489,266.9763,1.476542,CurrentState,MoveToInitial,Slider,76,Scenario,5
ID,19,Time,1547.06,DronePosition,-163.341,45,-107.379,11.1,CameraPosition,-103.1874,1.703961,-107.5492,CameraRotation,337.1621,266.9153,1.514499,CurrentState,MoveToInitial,Slider,76,Scenario,5
ID,19,Time,1547.074,DronePosition,-163.1776,45,-107.379,11.1,CameraPosition,-103.1872,1.704141,-107.5501,CameraRotation,337.0486,266.8524,1.565735,CurrentState,MoveToInitial,Slider,76,Scenario,5
ID,19,Time,1547.088,DronePosition,-163.0284,45,-107.379,11.1,CameraPosition,-103.187,1.704427,-107.5512,CameraRotation,336.8925,266.7826,1.626784,CurrentState,MoveToInitial,Slider,76,Scenario,5
ID,19,Time,1547.102,DronePosition,-162.8703,45,-107.379,11.1,CameraPosition,-103.1867,1.704637,-107.5522,CameraRotation,336.7704,266.7209,1.692781,CurrentState,MoveToInitial,Slider,76,Scenario,5
ID,19,Time,1547.116,DronePosition,-162.7178,45,-107.379,11.1,CameraPosition,-103.1864,1.704715,-107.5533,CameraRotation,336.7192,266.6767,1.741186,CurrentState,MoveToInitial,Slider,76,Scenario,5
ID,19,Time,1547.13,DronePosition,-162.5616,45,-107.379,11.1,CameraPosition,-103.1861,1.70473,-107.5543,CameraRotation,336.7134,266.6482,1.78935,CurrentState,MoveToInitial,Slider,76,Scenario,5
ID,19,Time,1547.144,DronePosition,-162.4023,45,-107.379,11.1,CameraPosition,-103.1857,1.704767,-107.5553,CameraRotation,336.7184,266.6406,1.840395,CurrentState,MoveToInitial,Slider,76,Scenario,5
ID,19,Time,1547.158,DronePosition,-162.2516,45,-107.379,11.1,CameraPosition,-103.1853,1.704806,-107.5563,CameraRotation,336.7547,266.6426,1.923431,CurrentState,MoveToInitial,Slider,76,Scenario,5
ID,19,Time,1547.176,DronePosition,-162.046,45,-107.379,11.1,CameraPosition,-103.1848,1.704772,-107.5573,CameraRotation,336.8074,266.6446,1.992968,CurrentState,MoveToInitial,Slider,76,Scenario,5
ID,19,Time,1547.199,DronePosition,-161.7947,45,-107.379,11.1,CameraPosition,-103.1837,1.704993,-107.5593,CameraRotation,336.6183,266.7098,1.998799,CurrentState,MoveToInitial,Slider,76,Scenario,5
ID,19,Time,1547.213,DronePosition,-161.6412,45,-107.379,11.1,CameraPosition,-103.1831,1.705283,-107.5603,CameraRotation,336.3849,266.7692,1.980692,CurrentState,MoveToInitial,Slider,76,Scenario,5
ID,19,Time,1547.227,DronePosition,-161.4841,45,-107.379,11.1,CameraPosition,-103.1824,1.7056,-107.5613,CameraRotation,336.1164,266.8333,1.960968,CurrentState,MoveToInitial,Slider,76,Scenario,5
ID,19,Time,1547.241,DronePosition,-161.3322,45,-107.379,11.1,CameraPosition,-103.1818,1.70586,-107.5623,CameraRotation,335.9155,266.8713,1.972246,CurrentState,MoveToInitial,Slider,76,Scenario,5
ID,19,Time,1547.255,DronePosition,-161.1742,45,-107.379,11.1,CameraPosition,-103.1811,1.706052,-107.5634,CameraRotation,335.7727,266.9082,1.981401,CurrentState,MoveToInitial,Slider,76,Scenario,5
ID,19,Time,1547.269,DronePosition,-161.0177,45,-107.379,11.1,CameraPosition,-103.1804,1.706203,-107.5644,CameraRotation,335.6585,266.9468,1.982234,CurrentState,MoveToInitial,Slider,76,Scenario,5
ID,19,Time,1547.283,DronePosition,-160.8651,45,-107.379,11.1,CameraPosition,-103.1797,1.706323,-107.5655,CameraRotation,335.5671,266.9612,1.972978,CurrentState,MoveToInitial,Slider,76,Scenario,5
ID,19,Time,1547.297,DronePosition,-160.7096,45,-107.379,11.1,CameraPosition,-103.1791,1.706441,-107.5665,CameraRotation,335.4601,266.9698,1.94117,CurrentState,MoveToInitial,Slider,76,Scenario,5
ID,19,Time,1547.311,DronePosition,-160.5562,45,-107.379,11.1,CameraPosition,-103.1785,1.706602,-107.5676,CameraRotation,335.3348,266.9601,1.928774,CurrentState,MoveToInitial,Slider,76,Scenario,5
ID,19,Time,1547.325,DronePosition,-160.4013,45,-107.379,11.1,CameraPosition,-103.1779,1.706749,-107.5686,CameraRotation,335.1758,266.9405,1.937841,CurrentState,MoveToInitial,Slider,76,Scenario,5
ID,19,Time,1547.339,DronePosition,-160.2443,45,-107.379,11.1,CameraPosition,-103.1775,1.70682,-107.5697,CameraRotation,335.0504,266.9158,1.92701,CurrentState,MoveToInitial,Slider,76,Scenario,5
ID,19,Time,1547.353,DronePosition,-160.0903,45,-107.379,11.1,CameraPosition,-103.177,1.706803,-107.5707,CameraRotation,334.9787,266.9191,1.873874,CurrentState,MoveToInitial,Slider,76,Scenario,5
ID,19,Time,1547.367,DronePosition,-159.9313,45,-107.379,11.1,CameraPosition,-103.1766,1.706652,-107.5716,CameraRotation,334.9868,266.944,1.812582,CurrentState,MoveToInitial,Slider,76,Scenario,5
ID,19,Time,1547.385,DronePosition,-159.7276,45,-107.379,11.1,CameraPosition,-103.1762,1.706454,-107.5725,CameraRotation,335.0573,266.9879,1.750207,CurrentState,MoveToInitial,Slider,76,Scenario,5
ID,19,Time,1547.407,DronePosition,-159.4808,45,-107.379,11.1,CameraPosition,-103.1755,1.706207,-107.5743,CameraRotation,335.0783,267.0584,1.624775,CurrentState,MoveToInitial,Slider,76,Scenario,5
ID,19,Time,1547.422,DronePosition,-159.3253,45,-107.379,11.1,CameraPosition,-103.1751,1.706199,-107.5753,CameraRotation,335.0146,267.0851,1.572531,CurrentState,MoveToInitial,Slider,76,Scenario,5
ID,19,Time,1547.436,DronePosition,-159.1681,45,-107.379,11.1,CameraPosition,-103.1748,1.706148,-107.5762,CameraRotation,334.977,267.1094,1.528068,CurrentState,MoveToInitial,Slider,76,Scenario,5
ID,19,Time,1547.45,DronePosition,-159.0128,45,-107.379,11.1,CameraPosition,-103.1745,1.705995,-107.5772,CameraRotation,334.9975,267.1229,1.48996,CurrentState,MoveToInitial,Slider,76,Scenario,5
ID,19,Time,1547.464,DronePosition,-158.8578,45,-107.379,11.1,CameraPosition,-103.1743,1.705847,-107.5781,CameraRotation,335.0317,267.1262,1.469123,CurrentState,MoveToInitial,Slider,76,Scenario,5
ID,19,Time,1547.478,DronePosition,-158.6969,45,-107.379,11.1,CameraPosition,-103.174,1.705738,-107.5791,CameraRotation,335.0462,267.1234,1.458025,CurrentState,MoveToInitial,Slider,76,Scenario,5
ID,19,Time,1547.492,DronePosition,-158.545,45,-107.379,11.1,CameraPosition,-103.1739,1.705655,-107.58,CameraRotation,335.0276,267.116,1.433314,CurrentState,MoveToInitial,Slider,76,Scenario,5
ID,19,Time,1547.506,DronePosition,-158.3914,45,-107.379,11.1,CameraPosition,-103.1737,1.705587,-107.5809,CameraRotation,335.0101,267.112,1.398439,CurrentState,MoveToInitial,Slider,76,Scenario,5
ID,19,Time,1547.52,DronePosition,-158.2366,45,-107.379,11.1,CameraPosition,-103.1735,1.705503,-107.5818,CameraRotation,335.0129,267.1127,1.342188,CurrentState,MoveToInitial,Slider,76,Scenario,5
ID,19,Time,1547.534,DronePosition,-158.0818,45,-107.379,11.1,CameraPosition,-103.1733,1.705362,-107.5827,CameraRotation,335.0285,267.1136,1.288431,CurrentState,MoveToInitial,Slider,76,Scenario,5
ID,19,Time,1547.548,DronePosition,-157.9243,45,-107.379,11.1,CameraPosition,-103.1731,1.705255,-107.5836,CameraRotation,335.0348,267.122,1.237423,CurrentState,MoveToInitial,Slider,76,Scenario,5
ID,19,Time,1547.562,DronePosition,-157.7693,45,-107.379,11.1,CameraPosition,-103.173,1.705199,-107.5845,CameraRotation,335.0081,267.1219,1.204336,CurrentState,MoveToInitial,Slider,76,Scenario,5
ID,19,Time,1547.576,DronePosition,-157.6117,45,-107.379,11.1,CameraPosition,-103.1728,1.705199,-107.5854,CameraRotation,334.934,267.1279,1.180126,CurrentState,MoveToInitial,Slider,76,Scenario,5
ID,19,Time,1547.594,DronePosition,-157.4081,45,-107.379,11.1,CameraPosition,-103.1726,1.705215,-107.5864,CameraRotation,334.8528,267.1223,1.164779,CurrentState,MoveToInitial,Slider,76,Scenario,5
ID,19,Time,1547.617,DronePosition,-157.1596,45,-107.379,11.1,CameraPosition,-103.1722,1.705158,-107.5882,CameraRotation,334.7089,267.1174,1.126696,CurrentState,MoveToInitial,Slider,76,Scenario,5
ID,19,Time,1547.63,DronePosition,-157.0055,45,-107.379,11.1,CameraPosition,-103.172,1.705117,-107.5892,CameraRotation,334.6357,267.1328,1.095573,CurrentState,MoveToInitial,Slider,76,Scenario,5
ID,19,Time,1547.644,DronePosition,-156.8509,45,-107.379,11.1,CameraPosition,-103.1718,1.705055,-107.5901,CameraRotation,334.5616,267.1522,1.057117,CurrentState,MoveToInitial,Slider,76,Scenario,5
ID,19,Time,1547.658,DronePosition,-156.6968,45,-107.379,11.1,CameraPosition,-103.1717,1.704957,-107.591,CameraRotation,334.4984,267.1678,1.038528,CurrentState,MoveToInitial,Slider,76,Scenario,5
ID,19,Time,1547.672,DronePosition,-156.5396,45,-107.379,11.1,CameraPosition,-103.1715,1.704871,-107.5919,CameraRotation,334.435,267.194,1.006166,CurrentState,MoveToInitial,Slider,76,Scenario,5
ID,19,Time,1547.687,DronePosition,-156.3836,45,-107.379,11.1,CameraPosition,-103.1714,1.704812,-107.5929,CameraRotation,334.3623,267.2029,1.009511,CurrentState,MoveToInitial,Slider,76,Scenario,5
ID,19,Time,1547.7,DronePosition,-156.2299,45,-107.379,11.1,CameraPosition,-103.1712,1.704741,-107.5938,CameraRotation,334.2979,267.2103,1.028419,CurrentState,MoveToInitial,Slider,76,Scenario,5
ID,19,Time,1547.714,DronePosition,-156.0742,45,-107.379,11.1,CameraPosition,-103.1711,1.704649,-107.5948,CameraRotation,334.241,267.2172,1.029278,CurrentState,MoveToInitial,Slider,76,Scenario,5
ID,19,Time,1547.729,DronePosition,-155.9154,45,-107.379,11.1,CameraPosition,-103.1709,1.704556,-107.5958,CameraRotation,334.1831,267.2106,1.031901,CurrentState,MoveToInitial,Slider,76,Scenario,5
ID,19,Time,1547.742,DronePosition,-155.7627,45,-107.379,11.1,CameraPosition,-103.1708,1.704431,-107.5967,CameraRotation,334.1472,267.2198,1.01452,CurrentState,MoveToInitial,Slider,76,Scenario,5
ID,19,Time,1547.756,DronePosition,-155.6097,45,-107.379,11.1,CameraPosition,-103.1707,1.704278,-107.5977,CameraRotation,334.1293,267.216,0.9843292,CurrentState,MoveToInitial,Slider,76,Scenario,5
ID,19,Time,1547.77,DronePosition,-155.4534,45,-107.379,11.1,CameraPosition,-103.1706,1.704102,-107.5986,CameraRotation,334.1009,267.2087,0.9675522,CurrentState,MoveToInitial,Slider,76,Scenario,5
ID,19,Time,1547.785,DronePosition,-155.2955,45,-107.379,11.1,CameraPosition,-103.1705,1.703972,-107.5995,CameraRotation,334.0435,267.1892,0.9476287,CurrentState,MoveToInitial,Slider,76,Scenario,5
ID,19,Time,1547.802,DronePosition,-155.0963,45,-107.379,11.1,CameraPosition,-103.1704,1.70386,-107.6004,CameraRotation,333.9807,267.1824,0.873271,CurrentState,Approach1,Slider,76,Scenario,5
ID,19,Time,1547.825,DronePosition,-154.8421,45,-107.379,11.1,CameraPosition,-103.1703,1.703484,-107.6023,CameraRotation,333.9029,267.2188,0.6979831,CurrentState,Approach1,Slider,76,Scenario,5
ID,19,Time,1547.84,DronePosition,-154.6849,45,-107.379,11.1,CameraPosition,-103.1703,1.703248,-107.6031,CameraRotation,333.892,267.2325,0.630713,CurrentState,Approach1,Slider,76,Scenario,5
ID,19,Time,1547.854,DronePosition,-154.5284,45,-107.379,11.1,CameraPosition,-103.1702,1.702987,-107.604,CameraRotation,333.903,267.244,0.5971642,CurrentState,Approach1,Slider,76,Scenario,5
ID,19,Time,1547.867,DronePosition,-154.3756,45,-107.379,11.1,CameraPosition,-103.1701,1.702712,-107.6048,CameraRotation,333.9061,267.2691,0.5619918,CurrentState,Approach1,Slider,76,Scenario,5
ID,19,Time,1547.881,DronePosition,-154.2204,45,-107.379,11.1,CameraPosition,-103.17,1.702455,-107.6056,CameraRotation,333.8972,267.3032,0.5053191,CurrentState,Approach1,Slider,76,Scenario,5
ID,19,Time,1547.896,DronePosition,-154.0638,45,-107.379,11.1,CameraPosition,-103.1699,1.702233,-107.6065,CameraRotation,333.8744,267.3624,0.4496942,CurrentState,Approach1,Slider,76,Scenario,5
ID,19,Time,1547.909,DronePosition,-153.9092,45,-107.379,11.1,CameraPosition,-103.1698,1.701981,-107.6073,CameraRotation,333.8578,267.41,0.3970109,CurrentState,Approach1,Slider,76,Scenario,5
ID,19,Time,1547.923,DronePosition,-153.7597,45,-107.379,11.1,CameraPosition,-103.1697,1.701677,-107.608,CameraRotation,333.8695,267.45,0.3606583,CurrentState,Approach1,Slider,76,Scenario,5
ID,19,Time,1547.937,DronePosition,-153.6003,45,-107.379,11.1,CameraPosition,-103.1697,1.701383,-107.6088,CameraRotation,333.9,267.4796,0.3125721,CurrentState,Approach1,Slider,76,Scenario,5
ID,19,Time,1547.951,DronePosition,-153.4505,45,-107.379,11.1,CameraPosition,-103.1696,1.701101,-107.6095,CameraRotation,333.9173,267.5028,0.2687756,CurrentState,Approach1,Slider,76,Scenario,5
ID,19,Time,1547.965,DronePosition,-153.2953,45,-107.379,11.1,CameraPosition,-103.1695,1.700833,-107.6103,CameraRotation,333.9474,267.5125,0.239149,CurrentState,Approach1,Slider,76,Scenario,5
ID,19,Time,1547.979,DronePosition,-153.1393,45,-107.379,11.1,CameraPosition,-103.1694,1.700595,-107.6111,CameraRotation,333.9482,267.5044,0.2295063,CurrentState,Approach1,Slider,76,Scenario,5
ID,19,Time,1547.993,DronePosition,-152.9834,45,-107.379,11.1,CameraPosition,-103.1693,1.700429,-107.6118,CameraRotation,333.9099,267.5067,0.1776113,CurrentState,Approach1,Slider,76,Scenario,5
ID,19,Time,1548.011,DronePosition,-152.7763,45,-107.379,11.1,CameraPosition,-103.1692,1.700287,-107.6125,CameraRotation,333.9039,267.5043,0.1346083,CurrentState,Approach1,Slider,76,Scenario,5
ID,19,Time,1548.034,DronePosition,-152.5285,45,-107.379,11.1,CameraPosition,-103.1689,1.700004,-107.614,CameraRotation,333.9431,267.4778,0.1058628,CurrentState,Approach1,Slider,77,Scenario,5
ID,19,Time,1548.048,DronePosition,-152.3736,45,-107.379,11.1,CameraPosition,-103.1687,1.699977,-107.6146,CameraRotation,333.9669,267.4537,0.1157203,CurrentState,Approach1,Slider,77,Scenario,5
ID,19,Time,1548.062,DronePosition,-152.2136,45,-107.379,11.1,CameraPosition,-103.1684,1.700014,-107.6153,CameraRotation,333.9362,267.4412,0.1319251,CurrentState,Approach1,Slider,77,Scenario,5
ID,19,Time,1548.077,DronePosition,-152.0551,45,-107.379,11.1,CameraPosition,-103.1681,1.700028,-107.616,CameraRotation,333.9176,267.4429,0.1372722,CurrentState,Approach1,Slider,77,Scenario,5
ID,19,Time,1548.09,DronePosition,-151.9061,45,-107.379,11.1,CameraPosition,-103.1679,1.69998,-107.6166,CameraRotation,333.9146,267.4245,0.1530405,CurrentState,Approach1,Slider,77,Scenario,5
ID,19,Time,1548.104,DronePosition,-151.7457,45,-107.379,11.1,CameraPosition,-103.1676,1.69997,-107.6172,CameraRotation,333.9042,267.4165,0.1566658,CurrentState,Approach1,Slider,77,Scenario,5
ID,19,Time,1548.118,DronePosition,-151.5907,45,-107.379,11.1,CameraPosition,-103.1673,1.699969,-107.6177,CameraRotation,333.881,267.4077,0.1736578,CurrentState,Approach1,Slider,77,Scenario,5
ID,19,Time,1548.132,DronePosition,-151.4358,45,-107.379,11.1,CameraPosition,-103.1671,1.699973,-107.6183,CameraRotation,333.8528,267.4088,0.1876619,CurrentState,Approach1,Slider,77,Scenario,5
ID,19,Time,1548.146,DronePosition,-151.2791,45,-107.379,11.1,CameraPosition,-103.1668,1.700002,-107.6188,CameraRotation,333.821,267.4031,0.1936839,CurrentState,Approach1,Slider,77,Scenario,5
ID,19,Time,1548.16,DronePosition,-151.1253,45,-107.379,11.1,CameraPosition,-103.1665,1.700069,-107.6193,CameraRotation,333.7768,267.4004,0.1899363,CurrentState,Approach1,Slider,77,Scenario,5
ID,19,Time,1548.174,DronePosition,-150.9704,45,-107.379,11.1,CameraPosition,-103.1662,1.700142,-107.6197,CameraRotation,333.7408,267.4025,0.1903846,CurrentState,Approach1,Slider,77,Scenario,5
ID,19,Time,1548.188,DronePosition,-150.8146,45,-107.379,11.1,CameraPosition,-103.1659,1.700233,-107.6201,CameraRotation,333.7026,267.3928,0.2031732,CurrentState,Approach1,Slider,77,Scenario,5
ID,19,Time,1548.202,DronePosition,-150.6613,45,-107.379,11.1,CameraPosition,-103.1656,1.700397,-107.6204,CameraRotation,333.64,267.3874,0.2117722,CurrentState,Approach1,Slider,77,Scenario,5
ID,19,Time,1548.221,DronePosition,-150.4544,45,-107.379,11.1,CameraPosition,-103.1652,1.700578,-107.6207,CameraRotation,333.5724,267.3777,0.21851,CurrentState,Approach1,Slider,77,Scenario,5
ID,19,Time,1548.243,DronePosition,-150.2033,45,-107.379,11.1,CameraPosition,-103.1646,1.700785,-107.6213,CameraRotation,333.4828,267.3644,0.2262733,CurrentState,Approach1,Slider,77,Scenario,5
ID,19,Time,1548.258,DronePosition,-150.0403,45,-107.379,11.1,CameraPosition,-103.1643,1.700818,-107.6215,CameraRotation,333.4653,267.3755,0.2274264,CurrentState,Approach1,Slider,77,Scenario,5
ID,19,Time,1548.272,DronePosition,-149.8862,45,-107.379,11.1,CameraPosition,-103.164,1.70086,-107.6216,CameraRotation,333.4356,267.3854,0.2338808,CurrentState,Approach1,Slider,77,Scenario,5
ID,19,Time,1548.286,DronePosition,-149.735,45,-107.379,11.1,CameraPosition,-103.1638,1.700933,-107.6217,CameraRotation,333.3663,267.3723,0.2702181,CurrentState,Approach1,Slider,77,Scenario,5
ID,19,Time,1548.299,DronePosition,-149.5816,45,-107.379,11.1,CameraPosition,-103.1635,1.701019,-107.6218,CameraRotation,333.297,267.3535,0.2897632,CurrentState,Approach1,Slider,77,Scenario,5
ID,19,Time,1548.313,DronePosition,-149.4247,45,-107.379,11.1,CameraPosition,-103.1632,1.701098,-107.6218,CameraRotation,333.2448,267.3352,0.2902471,CurrentState,Approach1,Slider,78,Scenario,5
ID,19,Time,1548.328,DronePosition,-149.2666,45,-107.379,11.1,CameraPosition,-103.1629,1.701158,-107.6217,CameraRotation,333.2059,267.3139,0.2924564,CurrentState,Approach1,Slider,78,Scenario,5
ID,19,Time,1548.341,DronePosition,-149.1147,45,-107.379,11.1,CameraPosition,-103.1626,1.701154,-107.6216,CameraRotation,333.1822,267.2813,0.291602,CurrentState,Approach1,Slider,78,Scenario,5
ID,19,Time,1548.356,DronePosition,-148.9565,45,-107.379,11.1,CameraPosition,-103.1623,1.701111,-107.6213,CameraRotation,333.1805,267.228,0.3270682,CurrentState,Approach1,Slider,78,Scenario,5
ID,19,Time,1548.37,DronePosition,-148.8031,45,-107.379,11.1,CameraPosition,-103.162,1.701128,-107.6211,CameraRotation,333.1594,267.1652,0.3831257,CurrentState,Approach1,Slider,78,Scenario,5
ID,19,Time,1548.383,DronePosition,-148.6485,45,-107.379,11.1,CameraPosition,-103.1618,1.701189,-107.6208,CameraRotation,333.0949,267.0936,0.4218464,CurrentState,Approach1,Slider,78,Scenario,5
ID,19,Time,1548.397,DronePosition,-148.4923,45,-107.379,11.1,CameraPosition,-103.1615,1.70127,-107.6204,CameraRotation,333.0465,267.0186,0.3916428,CurrentState,Approach1,Slider,78,Scenario,5
ID,19,Time,1548.411,DronePosition,-148.3385,45,-107.379,11.1,CameraPosition,-103.1612,1.701335,-107.62,CameraRotation,332.9987,266.94,0.4174127,CurrentState,Approach1,Slider,78,Scenario,5
ID,19,Time,1548.43,DronePosition,-148.1354,45,-107.379,11.1,CameraPosition,-103.161,1.701429,-107.6195,CameraRotation,332.9541,266.8335,0.479023,CurrentState,Approach1,Slider,78,Scenario,5
ID,19,Time,1548.453,DronePosition,-147.8805,45,-107.379,11.1,CameraPosition,-103.1605,1.701648,-107.6184,CameraRotation,332.8869,266.5828,0.6592305,CurrentState,Approach1,Slider,78,Scenario,5
ID,19,Time,1548.467,DronePosition,-147.7255,45,-107.379,11.1,CameraPosition,-103.1603,1.701759,-107.6178,CameraRotation,332.8611,266.4543,0.7291319,CurrentState,Approach1,Slider,78,Scenario,5
ID,19,Time,1548.48,DronePosition,-147.572,45,-107.379,11.1,CameraPosition,-103.1602,1.701932,-107.6171,CameraRotation,332.8311,266.33,0.7824746,CurrentState,Approach1,Slider,78,Scenario,5
ID,19,Time,1548.495,DronePosition,-147.4043,45,-107.379,11.1,CameraPosition,-103.16,1.70214,-107.6163,CameraRotation,332.7772,266.2155,0.8385898,CurrentState,Approach1,Slider,78,Scenario,5
ID,19,Time,1548.508,DronePosition,-147.2624,45,-107.379,11.1,CameraPosition,-103.1598,1.702358,-107.6155,CameraRotation,332.7089,266.0938,0.881741,CurrentState,Approach1,Slider,78,Scenario,5
ID,19,Time,1548.522,DronePosition,-147.106,45,-107.379,11.1,CameraPosition,-103.1596,1.702587,-107.6145,CameraRotation,332.6519,265.9866,0.9328138,CurrentState,Approach1,Slider,78,Scenario,5
ID,19,Time,1548.536,DronePosition,-146.9516,45,-107.379,11.1,CameraPosition,-103.1594,1.702837,-107.6135,CameraRotation,332.6027,265.8899,0.9644991,CurrentState,Approach1,Slider,78,Scenario,5
ID,19,Time,1548.551,DronePosition,-146.7935,45,-107.379,11.1,CameraPosition,-103.1593,1.703064,-107.6124,CameraRotation,332.5529,265.801,0.9898472,CurrentState,Approach1,Slider,78,Scenario,5
ID,19,Time,1548.564,DronePosition,-146.6415,45,-107.379,11.1,CameraPosition,-103.1591,1.703291,-107.6113,CameraRotation,332.5169,265.7282,1.011134,CurrentState,Approach1,Slider,78,Scenario,5
ID,19,Time,1548.578,DronePosition,-146.4841,45,-107.379,11.1,CameraPosition,-103.159,1.703526,-107.6101,CameraRotation,332.4433,265.6597,1.036605,CurrentState,Approach1,Slider,78,Scenario,5
ID,19,Time,1548.592,DronePosition,-146.3304,45,-107.379,11.1,CameraPosition,-103.1589,1.703757,-107.6089,CameraRotation,332.3687,265.6188,1.01159,CurrentState,Approach1,Slider,78,Scenario,5
ID,19,Time,1548.606,DronePosition,-146.1734,45,-107.379,11.1,CameraPosition,-103.1588,1.703978,-107.6076,CameraRotation,332.3153,265.5865,0.9956922,CurrentState,Approach1,Slider,78,Scenario,5
ID,19,Time,1548.62,DronePosition,-146.0199,45,-107.379,11.1,CameraPosition,-103.1588,1.704184,-107.6064,CameraRotation,332.2612,265.5604,0.9961727,CurrentState,Approach1,Slider,78,Scenario,5
ID,19,Time,1548.638,DronePosition,-145.8178,45,-107.379,11.1,CameraPosition,-103.1588,1.704377,-107.6051,CameraRotation,332.2126,265.536,0.9946585,CurrentState,Approach1,Slider,78,Scenario,5
ID,19,Time,1548.648,DronePosition,-145.7064,45,-107.379,11.1,CameraPosition,-103.1587,1.704546,-107.6037,CameraRotation,332.1616,265.5237,0.9962653,CurrentState,Approach1,Slider,78,Scenario,5
ID,19,Time,1548.661,DronePosition,-145.567,45,-107.379,11.1,CameraPosition,-103.1586,1.704704,-107.6023,CameraRotation,332.1293,265.5249,0.9754908,CurrentState,Approach1,Slider,78,Scenario,5
ID,19,Time,1548.675,DronePosition,-145.4135,45,-107.379,11.1,CameraPosition,-103.1586,1.704841,-107.6009,CameraRotation,332.0867,265.5236,0.9648732,CurrentState,Approach1,Slider,78,Scenario,5
ID,19,Time,1548.689,DronePosition,-145.2559,45,-107.379,11.1,CameraPosition,-103.1586,1.705034,-107.5996,CameraRotation,332.0347,265.5297,0.9481938,CurrentState,Approach1,Slider,78,Scenario,5
ID,19,Time,1548.703,DronePosition,-145.0999,45,-107.379,11.1,CameraPosition,-103.1586,1.705265,-107.5982,CameraRotation,331.9724,265.5181,0.9556845,CurrentState,Approach1,Slider,78,Scenario,5
ID,19,Time,1548.717,DronePosition,-144.9433,45,-107.379,11.1,CameraPosition,-103.1586,1.705524,-107.5967,CameraRotation,331.9169,265.4915,0.9911086,CurrentState,Approach1,Slider,79,Scenario,5
ID,19,Time,1548.731,DronePosition,-144.7894,45,-107.379,11.1,CameraPosition,-103.1586,1.705771,-107.5954,CameraRotation,331.8605,265.4558,1.030449,CurrentState,Approach1,Slider,79,Scenario,5
ID,19,Time,1548.745,DronePosition,-144.6323,45,-107.379,11.1,CameraPosition,-103.1587,1.706025,-107.594,CameraRotation,331.8116,265.415,1.070926,CurrentState,Approach1,Slider,79,Scenario,5
ID,19,Time,1548.759,DronePosition,-144.4805,45,-107.379,11.1,CameraPosition,-103.1587,1.706248,-107.5926,CameraRotation,331.7681,265.3704,1.125016,CurrentState,Approach1,Slider,79,Scenario,5
ID,19,Time,1548.773,DronePosition,-144.3269,45,-107.379,11.1,CameraPosition,-103.1588,1.706408,-107.5913,CameraRotation,331.7428,265.3322,1.175418,CurrentState,Approach1,Slider,79,Scenario,5
ID,19,Time,1548.787,DronePosition,-144.1702,45,-107.379,11.1,CameraPosition,-103.1589,1.706552,-107.59,CameraRotation,331.7222,265.2994,1.220594,CurrentState,Approach1,Slider,79,Scenario,5
ID,19,Time,1548.801,DronePosition,-144.0157,45,-107.379,11.1,CameraPosition,-103.159,1.706718,-107.5886,CameraRotation,331.7053,265.2674,1.264155,CurrentState,Approach1,Slider,79,Scenario,5
ID,19,Time,1548.815,DronePosition,-143.8599,45,-107.379,11.1,CameraPosition,-103.1591,1.706858,-107.5872,CameraRotation,331.6788,265.2338,1.317606,CurrentState,Approach1,Slider,79,Scenario,5
ID,19,Time,1548.829,DronePosition,-143.7032,45,-107.379,11.1,CameraPosition,-103.1592,1.707031,-107.5858,CameraRotation,331.6429,265.2137,1.356299,CurrentState,Approach1,Slider,79,Scenario,5
ID,19,Time,1548.847,DronePosition,-143.5011,45,-107.379,11.1,CameraPosition,-103.1593,1.707272,-107.5845,CameraRotation,331.5588,265.1891,1.400369,CurrentState,Approach1,Slider,79,Scenario,5
ID,19,Time,1548.87,DronePosition,-143.2505,45,-107.379,11.1,CameraPosition,-103.1596,1.707738,-107.5818,CameraRotation,331.4127,265.1191,1.487548,CurrentState,Approach1,Slider,79,Scenario,5
ID,19,Time,1548.884,DronePosition,-143.0947,45,-107.379,11.1,CameraPosition,-103.1597,1.707926,-107.5804,CameraRotation,331.3843,265.0842,1.509669,CurrentState,Approach1,Slider,79,Scenario,5
ID,19,Time,1548.898,DronePosition,-142.94,45,-107.379,11.1,CameraPosition,-103.1598,1.70813,-107.5791,CameraRotation,331.3237,265.0527,1.515269,CurrentState,Approach1,Slider,79,Scenario,5
ID,19,Time,1548.912,DronePosition,-142.7841,45,-107.379,11.1,CameraPosition,-103.1598,1.708328,-107.5778,CameraRotation,331.2575,265.0158,1.528903,CurrentState,Approach1,Slider,79,Scenario,5
ID,19,Time,1548.926,DronePosition,-142.6294,45,-107.379,11.1,CameraPosition,-103.1599,1.708483,-107.5764,CameraRotation,331.231,264.9685,1.543899,CurrentState,Approach1,Slider,79,Scenario,5
ID,19,Time,1548.94,DronePosition,-142.471,45,-107.379,11.1,CameraPosition,-103.16,1.708647,-107.5751,CameraRotation,331.1801,264.929,1.558683,CurrentState,Approach1,Slider,79,Scenario,5
ID,19,Time,1548.953,DronePosition,-142.3206,45,-107.379,11.1,CameraPosition,-103.1601,1.708869,-107.5738,CameraRotation,331.1068,264.8923,1.5575,CurrentState,Approach1,Slider,79,Scenario,5
ID,19,Time,1548.968,DronePosition,-142.1647,45,-107.379,11.1,CameraPosition,-103.1601,1.709111,-107.5725,CameraRotation,331.0329,264.88,1.497763,CurrentState,Approach1,Slider,79,Scenario,5
ID,19,Time,1548.981,DronePosition,-142.0126,45,-107.379,11.1,CameraPosition,-103.1602,1.709344,-107.5712,CameraRotation,330.9591,264.8614,1.428636,CurrentState,Approach1,Slider,79,Scenario,5
ID,19,Time,1548.995,DronePosition,-141.8539,45,-107.379,11.1,CameraPosition,-103.1602,1.709584,-107.57,CameraRotation,330.8894,264.8543,1.387925,CurrentState,Approach1,Slider,79,Scenario,5
ID,19,Time,1549.009,DronePosition,-141.7023,45,-107.379,11.1,CameraPosition,-103.1602,1.709802,-107.5688,CameraRotation,330.8398,264.836,1.369259,CurrentState,Approach1,Slider,79,Scenario,5
ID,19,Time,1549.023,DronePosition,-141.5497,45,-107.379,11.1,CameraPosition,-103.1602,1.709968,-107.5676,CameraRotation,330.8206,264.8061,1.386665,CurrentState,Approach1,Slider,79,Scenario,5
ID,19,Time,1549.037,DronePosition,-141.3945,45,-107.379,11.1,CameraPosition,-103.1602,1.710077,-107.5664,CameraRotation,330.8052,264.7871,1.390694,CurrentState,Approach1,Slider,79,Scenario,5
ID,19,Time,1549.056,DronePosition,-141.1843,45,-107.379,11.1,CameraPosition,-103.1602,1.710187,-107.5653,CameraRotation,330.7803,264.7941,1.379486,CurrentState,Approach1,Slider,79,Scenario,5
ID,19,Time,1549.078,DronePosition,-140.937,45,-107.379,11.1,CameraPosition,-103.1602,1.710332,-107.563,CameraRotation,330.723,264.8125,1.369685,CurrentState,Approach1,Slider,79,Scenario,5
ID,19,Time,1549.092,DronePosition,-140.7847,45,-107.379,11.1,CameraPosition,-103.1602,1.710344,-107.5619,CameraRotation,330.6994,264.8334,1.360688,CurrentState,Approach1,Slider,79,Scenario,5
ID,19,Time,1549.107,DronePosition,-140.6193,45,-107.379,11.1,CameraPosition,-103.1602,1.710343,-107.5608,CameraRotation,330.7175,264.8561,1.360714,CurrentState,Approach1,Slider,79,Scenario,5
ID,19,Time,1549.12,DronePosition,-140.4665,45,-107.379,11.1,CameraPosition,-103.1602,1.710379,-107.5597,CameraRotation,330.7092,264.8885,1.340259,CurrentState,Approach1,Slider,79,Scenario,5
ID,19,Time,1549.134,DronePosition,-140.3116,45,-107.379,11.1,CameraPosition,-103.1603,1.710452,-107.5587,CameraRotation,330.6919,264.907,1.347222,CurrentState,Approach1,Slider,79,Scenario,5
ID,19,Time,1549.148,DronePosition,-140.1595,45,-107.379,11.1,CameraPosition,-103.1603,1.710565,-107.5577,CameraRotation,330.6421,264.9096,1.358076,CurrentState,Approach1,Slider,79,Scenario,5
ID,19,Time,1549.162,DronePosition,-140.0009,45,-107.379,11.1,CameraPosition,-103.1603,1.710635,-107.5567,CameraRotation,330.5896,264.9244,1.331433,CurrentState,Approach1,Slider,79,Scenario,5
ID,19,Time,1549.177,DronePosition,-139.8454,45,-107.379,11.1,CameraPosition,-103.1604,1.710675,-107.5557,CameraRotation,330.5699,264.9574,1.294225,CurrentState,Approach1,Slider,79,Scenario,5
ID,19,Time,1549.19,DronePosition,-139.693,45,-107.379,11.1,CameraPosition,-103.1604,1.71072,-107.5548,CameraRotation,330.5609,264.9662,1.305991,CurrentState,Approach1,Slider,79,Scenario,5
ID,19,Time,1549.204,DronePosition,-139.537,45,-107.379,11.1,CameraPosition,-103.1604,1.710805,-107.5539,CameraRotation,330.525,264.9633,1.325325,CurrentState,Approach1,Slider,79,Scenario,5
ID,19,Time,1549.218,DronePosition,-139.3796,45,-107.379,11.1,CameraPosition,-103.1604,1.710892,-107.553,CameraRotation,330.4478,264.9401,1.357413,CurrentState,Approach1,Slider,79,Scenario,5
ID,19,Time,1549.232,DronePosition,-139.2286,45,-107.379,11.1,CameraPosition,-103.1604,1.710932,-107.5522,CameraRotation,330.3844,264.9312,1.364618,CurrentState,Approach1,Slider,79,Scenario,5
ID,19,Time,1549.246,DronePosition,-139.0713,45,-107.379,11.1,CameraPosition,-103.1605,1.710932,-107.5513,CameraRotation,330.3531,264.9456,1.364004,CurrentState,Approach1,Slider,79,Scenario,5
ID,19,Time,1549.265,DronePosition,-138.8663,45,-107.379,11.1,CameraPosition,-103.1605,1.710907,-107.5504,CameraRotation,330.3005,264.9375,1.377619,CurrentState,Approach1,Slider,79,Scenario,5
ID,19,Time,1549.287,DronePosition,-138.618,45,-107.379,11.1,CameraPosition,-103.1606,1.710974,-107.5487,CameraRotation,330.1381,264.9268,1.396915,CurrentState,Approach1,Slider,79,Scenario,5
ID,19,Time,1549.301,DronePosition,-138.4643,45,-107.379,11.1,CameraPosition,-103.1605,1.71107,-107.5479,CameraRotation,330.0394,264.9097,1.393259,CurrentState,Approach1,Slider,79,Scenario,5
ID,19,Time,1549.315,DronePosition,-138.3085,45,-107.379,11.1,CameraPosition,-103.1605,1.711173,-107.547,CameraRotation,329.9298,264.8858,1.395257,CurrentState,Approach1,Slider,80,Scenario,5
ID,19,Time,1549.329,DronePosition,-138.1534,45,-107.379,11.1,CameraPosition,-103.1604,1.711337,-107.5461,CameraRotation,329.8028,264.8794,1.377964,CurrentState,Approach1,Slider,80,Scenario,5
ID,19,Time,1549.343,DronePosition,-138.0012,45,-107.379,11.1,CameraPosition,-103.1604,1.711471,-107.5452,CameraRotation,329.6987,264.8778,1.377436,CurrentState,Approach1,Slider,80,Scenario,5
ID,19,Time,1549.357,DronePosition,-137.8431,45,-107.379,11.1,CameraPosition,-103.1603,1.711597,-107.5444,CameraRotation,329.5935,264.8571,1.39138,CurrentState,Approach1,Slider,80,Scenario,5
ID,19,Time,1549.371,DronePosition,-137.686,45,-107.379,11.1,CameraPosition,-103.1603,1.711756,-107.5435,CameraRotation,329.467,264.8561,1.396691,CurrentState,Approach1,Slider,80,Scenario,5
ID,19,Time,1549.385,DronePosition,-137.5335,45,-107.379,11.1,CameraPosition,-103.1602,1.711907,-107.5426,CameraRotation,329.3379,264.8517,1.403246,CurrentState,Approach1,Slider,80,Scenario,5
ID,19,Time,1549.399,DronePosition,-137.3802,45,-107.379,11.1,CameraPosition,-103.1602,1.71206,-107.5418,CameraRotation,329.1918,264.8523,1.39529,CurrentState,Approach1,Slider,80,Scenario,5
ID,19,Time,1549.413,DronePosition,-137.2232,45,-107.379,11.1,CameraPosition,-103.1601,1.712225,-107.5408,CameraRotation,329.0257,264.8575,1.385747,CurrentState,Approach1,Slider,80,Scenario,5
ID,19,Time,1549.427,DronePosition,-137.0665,45,-107.379,11.1,CameraPosition,-103.1601,1.712351,-107.5399,CameraRotation,328.8875,264.8656,1.380039,CurrentState,Approach1,Slider,80,Scenario,5
ID,19,Time,1549.44,DronePosition,-136.9152,45,-107.379,11.1,CameraPosition,-103.1601,1.712442,-107.539,CameraRotation,328.7796,264.872,1.363386,CurrentState,Approach1,Slider,80,Scenario,5
ID,19,Time,1549.455,DronePosition,-136.7565,45,-107.379,11.1,CameraPosition,-103.16,1.712543,-107.5382,CameraRotation,328.6668,264.8993,1.329283,CurrentState,Approach1,Slider,80,Scenario,5
ID,19,Time,1549.473,DronePosition,-136.5537,45,-107.379,11.1,CameraPosition,-103.16,1.712653,-107.5373,CameraRotation,328.5353,264.9288,1.294859,CurrentState,Approach1,Slider,80,Scenario,5
ID,19,Time,1549.496,DronePosition,-136.2938,45,-107.379,11.1,CameraPosition,-103.1598,1.71277,-107.5357,CameraRotation,328.3796,264.9845,1.256351,CurrentState,Approach1,Slider,80,Scenario,5
ID,19,Time,1549.51,DronePosition,-136.1474,45,-107.379,11.1,CameraPosition,-103.1597,1.712819,-107.5349,CameraRotation,328.3269,265.0085,1.247266,CurrentState,Approach1,Slider,80,Scenario,5
ID,19,Time,1549.523,DronePosition,-135.9934,45,-107.379,11.1,CameraPosition,-103.1596,1.712882,-107.5341,CameraRotation,328.2308,265.0421,1.201764,CurrentState,Approach1,Slider,80,Scenario,5
ID,19,Time,1549.538,DronePosition,-135.8347,45,-107.379,11.1,CameraPosition,-103.1595,1.713002,-107.5333,CameraRotation,328.126,265.0823,1.142681,CurrentState,Approach1,Slider,80,Scenario,5
ID,19,Time,1549.552,DronePosition,-135.6779,45,-107.379,11.1,CameraPosition,-103.1594,1.713131,-107.5326,CameraRotation,328.0144,265.1025,1.123736,CurrentState,Approach1,Slider,80,Scenario,5
ID,19,Time,1549.566,DronePosition,-135.5271,45,-107.379,11.1,CameraPosition,-103.1594,1.713227,-107.5319,CameraRotation,327.92,265.1027,1.142704,CurrentState,Approach1,Slider,80,Scenario,5
ID,19,Time,1549.58,DronePosition,-135.371,45,-107.379,11.1,CameraPosition,-103.1593,1.713276,-107.5312,CameraRotation,327.8615,265.0878,1.177975,CurrentState,Approach1,Slider,80,Scenario,5
ID,19,Time,1549.594,DronePosition,-135.2129,45,-107.379,11.1,CameraPosition,-103.1593,1.71332,-107.5306,CameraRotation,327.7994,265.0784,1.206009,CurrentState,Approach1,Slider,80,Scenario,5
ID,19,Time,1549.608,DronePosition,-135.0577,45,-107.379,11.1,CameraPosition,-103.1593,1.713498,-107.53,CameraRotation,327.6695,265.0699,1.211469,CurrentState,Approach1,Slider,80,Scenario,5
ID,19,Time,1549.622,DronePosition,-134.9035,45,-107.379,11.1,CameraPosition,-103.1593,1.713848,-107.5295,CameraRotation,327.367,265.0216,1.257518,CurrentState,Approach1,Slider,80,Scenario,5
ID,19,Time,1549.635,DronePosition,-134.7538,45,-107.379,11.1,CameraPosition,-103.1593,1.714319,-107.5291,CameraRotation,326.9315,264.886,1.413622,CurrentState,Approach1,Slider,80,Scenario,5
ID,19,Time,1549.649,DronePosition,-134.5981,45,-107.379,11.1,CameraPosition,-103.1593,1.714778,-107.5287,CameraRotation,326.5182,264.6788,1.676437,CurrentState,Approach1,Slider,80,Scenario,5
ID,19,Time,1549.663,DronePosition,-134.4404,45,-107.379,11.1,CameraPosition,-103.1594,1.715082,-107.5284,CameraRotation,326.2703,264.442,1.942534,CurrentState,Approach1,Slider,80,Scenario,5
ID,19,Time,1549.682,DronePosition,-134.2327,45,-107.379,11.1,CameraPosition,-103.1595,1.71522,-107.5281,CameraRotation,326.1377,264.2698,2.111705,CurrentState,Approach1,Slider,80,Scenario,5
ID,19,Time,1549.705,DronePosition,-133.9803,45,-107.379,11.1,CameraPosition,-103.1598,1.715301,-107.5275,CameraRotation,326.0704,264.069,2.239115,CurrentState,Approach1,Slider,80,Scenario,5
ID,19,Time,1549.718,DronePosition,-133.8308,45,-107.379,11.1,CameraPosition,-103.16,1.715309,-107.5271,CameraRotation,326.0492,263.9975,2.24013,CurrentState,Approach1,Slider,80,Scenario,5
ID,19,Time,1549.732,DronePosition,-133.6754,45,-107.379,11.1,CameraPosition,-103.1603,1.715328,-107.5267,CameraRotation,326.0291,263.9375,2.248289,CurrentState,Approach1,Slider,80,Scenario,5
ID,19,Time,1549.747,DronePosition,-133.5173,45,-107.379,11.1,CameraPosition,-103.1606,1.71535,-107.5263,CameraRotation,326.0239,263.8757,2.257874,CurrentState,Approach1,Slider,80,Scenario,5
ID,19,Time,1549.76,DronePosition,-133.3643,45,-107.379,11.1,CameraPosition,-103.1609,1.715352,-107.5259,CameraRotation,326.0644,263.8395,2.279716,CurrentState,Approach1,Slider,80,Scenario,5
ID,19,Time,1549.774,DronePosition,-133.2094,45,-107.379,11.1,CameraPosition,-103.1612,1.715299,-107.5255,CameraRotation,326.1207,263.8192,2.286581,CurrentState,Approach1,Slider,80,Scenario,5
ID,19,Time,1549.788,DronePosition,-133.0557,45,-107.379,11.1,CameraPosition,-103.1615,1.715236,-107.5252,CameraRotation,326.1879,263.8055,2.283461,CurrentState,Approach1,Slider,80,Scenario,5
ID,19,Time,1549.802,DronePosition,-132.8989,45,-107.379,11.1,CameraPosition,-103.1618,1.715144,-107.5248,CameraRotation,326.258,263.8074,2.253302,CurrentState,Approach1,Slider,80,Scenario,5
ID,19,Time,1549.816,DronePosition,-132.7426,45,-107.379,11.1,CameraPosition,-103.1621,1.715035,-107.5244,CameraRotation,326.3412,263.8242,2.2312,CurrentState,Approach1,Slider,80,Scenario,5
ID,19,Time,1549.83,DronePosition,-132.5914,45,-107.379,11.1,CameraPosition,-103.1625,1.714931,-107.524,CameraRotation,326.4359,263.836,2.218413,CurrentState,Approach1,Slider,80,Scenario,5
ID,19,Time,1549.844,DronePosition,-132.4323,45,-107.379,11.1,CameraPosition,-103.1628,1.714833,-107.5237,CameraRotation,326.5081,263.8467,2.227501,CurrentState,Approach1,Slider,80,Scenario,5
ID,19,Time,1549.858,DronePosition,-132.2801,45,-107.379,11.1,CameraPosition,-103.1631,1.714803,-107.5233,CameraRotation,326.5119,263.863,2.237581,CurrentState,Approach1,Slider,80,Scenario,5
ID,19,Time,1549.872,DronePosition,-132.126,45,-107.379,11.1,CameraPosition,-103.1634,1.714785,-107.523,CameraRotation,326.5164,263.8647,2.250038,CurrentState,Approach1,Slider,80,Scenario,5
ID,19,Time,1549.891,DronePosition,-131.9184,45,-107.379,11.1,CameraPosition,-103.1637,1.714715,-107.5226,CameraRotation,326.5512,263.8691,2.259749,CurrentState,Approach1,Slider,80,Scenario,5
ID,19,Time,1549.913,DronePosition,-131.6651,45,-107.379,11.1,CameraPosition,-103.1643,1.714531,-107.5219,CameraRotation,326.6924,263.8884,2.243512,CurrentState,Approach1,Slider,80,Scenario,5
ID,19,Time,1549.927,DronePosition,-131.5103,45,-107.379,11.1,CameraPosition,-103.1645,1.714504,-107.5216,CameraRotation,326.7435,263.9113,2.226259,CurrentState,Approach1,Slider,80,Scenario,5
ID,19,Time,1549.941,DronePosition,-131.3577,45,-107.379,11.1,CameraPosition,-103.1647,1.714558,-107.5213,CameraRotation,326.7227,263.9238,2.211724,CurrentState,Approach1,Slider,80,Scenario,5
ID,19,Time,1549.955,DronePosition,-131.2012,45,-107.379,11.1,CameraPosition,-103.1649,1.714703,-107.5211,CameraRotation,326.6238,263.9113,2.204277,CurrentState,Approach1,Slider,80,Scenario,5
ID,19,Time,1549.969,DronePosition,-131.0475,45,-107.379,11.1,CameraPosition,-103.165,1.714889,-107.521,CameraRotation,326.4933,263.8895,2.198483,CurrentState,Approach1,Slider,80,Scenario,5
ID,19,Time,1549.983,DronePosition,-130.892,45,-107.379,11.1,CameraPosition,-103.1651,1.714992,-107.5208,CameraRotation,326.3902,263.8605,2.206226,CurrentState,Approach1,Slider,80,Scenario,5
ID,19,Time,1549.997,DronePosition,-130.7359,45,-107.379,11.1,CameraPosition,-103.1651,1.714987,-107.5207,CameraRotation,326.3679,263.8399,2.214941,CurrentState,Approach1,Slider,80,Scenario,5
ID,19,Time,1550.011,DronePosition,-130.58,45,-107.379,11.1,CameraPosition,-103.1652,1.71497,-107.5205,CameraRotation,326.3365,263.82,2.212552,CurrentState,Approach1,Slider,80,Scenario,5
ID,19,Time,1550.025,DronePosition,-130.4272,45,-107.379,11.1,CameraPosition,-103.1652,1.715052,-107.5204,CameraRotation,326.2586,263.7949,2.222052,CurrentState,Approach1,Slider,80,Scenario,5
ID,19,Time,1550.039,DronePosition,-130.2705,45,-107.379,11.1,CameraPosition,-103.1653,1.715192,-107.5202,CameraRotation,326.1147,263.7558,2.227645,CurrentState,Approach1,Slider,80,Scenario,5
ID,19,Time,1550.053,DronePosition,-130.1154,45,-107.379,11.1,CameraPosition,-103.1653,1.715299,-107.5201,CameraRotation,326.0057,263.7191,2.225797,CurrentState,Approach1,Slider,80,Scenario,5
ID,19,Time,1550.067,DronePosition,-129.9577,45,-107.379,11.1,CameraPosition,-103.1654,1.715384,-107.5199,CameraRotation,325.9289,263.6766,2.2566,CurrentState,Approach1,Slider,80,Scenario,5
ID,19,Time,1550.081,DronePosition,-129.8085,45,-107.379,11.1,CameraPosition,-103.1653,1.715487,-107.5197,CameraRotation,325.8506,263.6401,2.292057,CurrentState,Approach1,Slider,80,Scenario,5
ID,19,Time,1550.101,DronePosition,-129.5803,45,-107.379,11.1,CameraPosition,-103.1653,1.715652,-107.5196,CameraRotation,325.7238,263.6339,2.280989,CurrentState,Approach1,Slider,80,Scenario,5
ID,19,Time,1550.125,DronePosition,-129.3201,45,-107.379,11.1,CameraPosition,-103.1651,1.715969,-107.5194,CameraRotation,325.4972,263.609,2.299786,CurrentState,Approach1,Slider,80,Scenario,5
ID,19,Time,1550.139,DronePosition,-129.1625,45,-107.379,11.1,CameraPosition,-103.1649,1.716017,-107.5192,CameraRotation,325.4739,263.6149,2.311529,CurrentState,Approach1,Slider,80,Scenario,5
ID,19,Time,1550.152,DronePosition,-129.0128,45,-107.379,11.1,CameraPosition,-103.1648,1.716033,-107.5191,CameraRotation,325.4586,263.6254,2.334667,CurrentState,Approach1,Slider,80,Scenario,5
ID,19,Time,1550.166,DronePosition,-128.8575,45,-107.379,11.1,CameraPosition,-103.1647,1.716062,-107.519,CameraRotation,325.3885,263.6437,2.332526,CurrentState,Approach1,Slider,80,Scenario,5
ID,19,Time,1550.18,DronePosition,-128.7067,45,-107.379,11.1,CameraPosition,-103.1646,1.716127,-107.5189,CameraRotation,325.3048,263.6497,2.333873,CurrentState,Approach1,Slider,80,Scenario,5
ID,19,Time,1550.194,DronePosition,-128.5465,45,-107.379,11.1,CameraPosition,-103.1644,1.716195,-107.5188,CameraRotation,325.1994,263.6576,2.336442,CurrentState,Approach1,Slider,80,Scenario,5
ID,19,Time,1550.208,DronePosition,-128.3967,45,-107.379,11.1,CameraPosition,-103.1644,1.716227,-107.5187,CameraRotation,325.1148,263.6678,2.337286,CurrentState,Approach1,Slider,80,Scenario,5
ID,19,Time,1550.222,DronePosition,-128.2421,45,-107.379,11.1,CameraPosition,-103.1643,1.716243,-107.5186,CameraRotation,325.0594,263.6685,2.341133,CurrentState,Approach1,Slider,80,Scenario,5
ID,19,Time,1550.235,DronePosition,-128.0919,45,-107.379,11.1,CameraPosition,-103.1642,1.716335,-107.5185,CameraRotation,325.0308,263.6865,2.335981,CurrentState,Approach1,Slider,80,Scenario,5
ID,19,Time,1550.249,DronePosition,-127.9368,45,-107.379,11.1,CameraPosition,-103.1641,1.716431,-107.5184,CameraRotation,324.9583,263.6974,2.325354,CurrentState,Approach1,Slider,80,Scenario,5
ID,19,Time,1550.263,DronePosition,-127.7807,45,-107.379,11.1,CameraPosition,-103.164,1.716497,-107.5184,CameraRotation,324.9332,263.6985,2.306587,CurrentState,Approach1,Slider,80,Scenario,5
ID,19,Time,1550.277,DronePosition,-127.6275,45,-107.379,11.1,CameraPosition,-103.1639,1.716509,-107.5184,CameraRotation,324.895,263.698,2.286453,CurrentState,Approach1,Slider,80,Scenario,5
ID,19,Time,1550.291,DronePosition,-127.4749,45,-107.379,11.1,CameraPosition,-103.1638,1.716526,-107.5183,CameraRotation,324.8582,263.6904,2.268109,CurrentState,Approach1,Slider,80,Scenario,5
ID,19,Time,1550.309,DronePosition,-127.271,45,-107.379,11.1,CameraPosition,-103.1637,1.71656,-107.5184,CameraRotation,324.8024,263.6942,2.235142,CurrentState,Approach1,Slider,80,Scenario,5
ID,19,Time,1550.332,DronePosition,-127.0189,45,-107.379,11.1,CameraPosition,-103.1635,1.716741,-107.5183,CameraRotation,324.6489,263.6855,2.205189,CurrentState,Approach1,Slider,80,Scenario,5
ID,19,Time,1550.346,DronePosition,-126.8617,45,-107.379,11.1,CameraPosition,-103.1634,1.71682,-107.5183,CameraRotation,324.5766,263.6749,2.19447,CurrentState,Approach1,Slider,80,Scenario,5
ID,19,Time,1550.36,DronePosition,-126.7099,45,-107.379,11.1,CameraPosition,-103.1633,1.716864,-107.5183,CameraRotation,324.5321,263.6722,2.168206,CurrentState,Approach1,Slider,80,Scenario,5
ID,19,Time,1550.374,DronePosition,-126.5483,45,-107.379,11.1,CameraPosition,-103.1633,1.716895,-107.5183,CameraRotation,324.4957,263.6696,2.147702,CurrentState,Approach1,Slider,80,Scenario,5
ID,19,Time,1550.388,DronePosition,-126.3929,45,-107.379,11.1,CameraPosition,-103.1632,1.716953,-107.5183,CameraRotation,324.442,263.6574,2.138873,CurrentState,Approach1,Slider,80,Scenario,5
ID,19,Time,1550.402,DronePosition,-126.2416,45,-107.379,11.1,CameraPosition,-103.1631,1.717083,-107.5184,CameraRotation,324.337,263.6507,2.128059,CurrentState,Approach1,Slider,80,Scenario,5
ID,19,Time,1550.416,DronePosition,-126.0834,45,-107.379,11.1,CameraPosition,-103.1629,1.717238,-107.5184,CameraRotation,324.1844,263.6353,2.121139,CurrentState,Approach1,Slider,80,Scenario,5
ID,19,Time,1550.43,DronePosition,-125.9308,45,-107.379,11.1,CameraPosition,-103.1627,1.717411,-107.5185,CameraRotation,324.0203,263.6154,2.111702,CurrentState,Approach1,Slider,81,Scenario,5
ID,19,Time,1550.444,DronePosition,-125.7794,45,-107.379,11.1,CameraPosition,-103.1626,1.717525,-107.5186,CameraRotation,323.8949,263.6118,2.095072,CurrentState,Approach1,Slider,81,Scenario,5
ID,19,Time,1550.458,DronePosition,-125.6209,45,-107.379,11.1,CameraPosition,-103.1624,1.717633,-107.5187,CameraRotation,323.7656,263.5878,2.090714,CurrentState,Approach1,Slider,81,Scenario,5
ID,19,Time,1550.472,DronePosition,-125.4681,45,-107.379,11.1,CameraPosition,-103.1621,1.717791,-107.5187,CameraRotation,323.6288,263.5731,2.091907,CurrentState,Approach1,Slider,81,Scenario,5
ID,19,Time,1550.486,DronePosition,-125.3145,45,-107.379,11.1,CameraPosition,-103.1619,1.717962,-107.5188,CameraRotation,323.4615,263.5477,2.10474,CurrentState,Approach1,Slider,81,Scenario,5
ID,19,Time,1550.5,DronePosition,-125.1561,45,-107.379,11.1,CameraPosition,-103.1617,1.718134,-107.5189,CameraRotation,323.3122,263.5455,2.097129,CurrentState,Approach1,Slider,81,Scenario,5
ID,19,Time,1550.518,DronePosition,-124.955,45,-107.379,11.1,CameraPosition,-103.1614,1.718291,-107.5189,CameraRotation,323.1691,263.5573,2.089157,CurrentState,Approach1,Slider,81,Scenario,5
ID,19,Time,1550.541,DronePosition,-124.7043,45,-107.379,11.1,CameraPosition,-103.1612,1.718476,-107.5191,CameraRotation,322.8967,263.5874,2.058804,CurrentState,Approach1,Slider,81,Scenario,5
ID,19,Time,1550.555,DronePosition,-124.5473,45,-107.379,11.1,CameraPosition,-103.161,1.718569,-107.5191,CameraRotation,322.7636,263.628,2.022995,CurrentState,Approach1,Slider,81,Scenario,5
ID,19,Time,1550.569,DronePosition,-124.3931,45,-107.379,11.1,CameraPosition,-103.1608,1.718658,-107.5192,CameraRotation,322.6392,263.6533,1.998724,CurrentState,Approach1,Slider,81,Scenario,5
ID,19,Time,1550.583,DronePosition,-124.2348,45,-107.379,11.1,CameraPosition,-103.1606,1.718723,-107.5193,CameraRotation,322.5349,263.6671,2.008265,CurrentState,Approach1,Slider,81,Scenario,5
ID,19,Time,1550.597,DronePosition,-124.0787,45,-107.379,11.1,CameraPosition,-103.1604,1.718777,-107.5194,CameraRotation,322.4429,263.6861,2.009361,CurrentState,Approach1,Slider,81,Scenario,5
ID,19,Time,1550.611,DronePosition,-123.9229,45,-107.379,11.1,CameraPosition,-103.1602,1.718821,-107.5196,CameraRotation,322.3877,263.6995,2.014375,CurrentState,Approach1,Slider,81,Scenario,5
ID,19,Time,1550.625,DronePosition,-123.7691,45,-107.379,11.1,CameraPosition,-103.16,1.718883,-107.5197,CameraRotation,322.3167,263.7224,2.01686,CurrentState,Approach1,Slider,81,Scenario,5
ID,19,Time,1550.639,DronePosition,-123.6154,45,-107.379,11.1,CameraPosition,-103.1599,1.718973,-107.5199,CameraRotation,322.217,263.7336,2.016247,CurrentState,Approach1,Slider,81,Scenario,5
ID,19,Time,1550.653,DronePosition,-123.4604,45,-107.379,11.1,CameraPosition,-103.1598,1.719093,-107.52,CameraRotation,322.0935,263.7332,2.028639,CurrentState,Approach1,Slider,81,Scenario,5
ID,19,Time,1550.667,DronePosition,-123.3057,45,-107.379,11.1,CameraPosition,-103.1598,1.71925,-107.5201,CameraRotation,321.938,263.7278,2.049836,CurrentState,Approach1,Slider,81,Scenario,5
ID,19,Time,1550.68,DronePosition,-123.1517,45,-107.379,11.1,CameraPosition,-103.1597,1.719388,-107.5202,CameraRotation,321.7963,263.7385,2.017135,CurrentState,Approach1,Slider,81,Scenario,5
ID,19,Time,1550.695,DronePosition,-122.9934,45,-107.379,11.1,CameraPosition,-103.1598,1.71948,-107.5203,CameraRotation,321.6981,263.759,1.964323,CurrentState,Approach1,Slider,81,Scenario,5
ID,19,Time,1550.708,DronePosition,-122.8432,45,-107.379,11.1,CameraPosition,-103.1598,1.719572,-107.5205,CameraRotation,321.6117,263.7856,1.916958,CurrentState,Approach1,Slider,81,Scenario,5
ID,19,Time,1550.727,DronePosition,-122.6348,45,-107.379,11.1,CameraPosition,-103.1598,1.719695,-107.5207,CameraRotation,321.5154,263.7536,1.920502,CurrentState,Approach1,Slider,81,Scenario,5
ID,19,Time,1550.749,DronePosition,-122.3855,45,-107.379,11.1,CameraPosition,-103.1598,1.719917,-107.5211,CameraRotation,321.2807,263.7016,1.945821,CurrentState,Approach1,Slider,81,Scenario,5
ID,19,Time,1550.763,DronePosition,-122.2306,45,-107.379,11.1,CameraPosition,-103.1598,1.719978,-107.5212,CameraRotation,321.1971,263.6807,1.961972,CurrentState,Approach1,Slider,81,Scenario,5
ID,19,Time,1550.777,DronePosition,-122.0745,45,-107.379,11.1,CameraPosition,-103.1599,1.720024,-107.5215,CameraRotation,321.1009,263.6794,1.964343,CurrentState,Approach1,Slider,81,Scenario,5
ID,19,Time,1550.791,DronePosition,-121.9212,45,-107.379,11.1,CameraPosition,-103.1599,1.720112,-107.5216,CameraRotation,320.9877,263.6555,1.973598,CurrentState,Approach1,Slider,81,Scenario,5
ID,19,Time,1550.805,DronePosition,-121.7645,45,-107.379,11.1,CameraPosition,-103.1599,1.720218,-107.5218,CameraRotation,320.8196,263.6297,1.975651,CurrentState,Approach1,Slider,81,Scenario,5
ID,19,Time,1550.819,DronePosition,-121.6117,45,-107.379,11.1,CameraPosition,-103.16,1.720312,-107.522,CameraRotation,320.6829,263.6034,1.976926,CurrentState,Approach1,Slider,81,Scenario,5
ID,19,Time,1550.833,DronePosition,-121.4576,45,-107.379,11.1,CameraPosition,-103.1601,1.720364,-107.5221,CameraRotation,320.586,263.5939,1.955402,CurrentState,Approach1,Slider,82,Scenario,5
ID,19,Time,1550.847,DronePosition,-121.3021,45,-107.379,11.1,CameraPosition,-103.1601,1.720397,-107.5223,CameraRotation,320.5322,263.587,1.925156,CurrentState,Approach1,Slider,82,Scenario,5
ID,19,Time,1550.861,DronePosition,-121.1414,45,-107.379,11.1,CameraPosition,-103.1602,1.720456,-107.5224,CameraRotation,320.4396,263.5794,1.90004,CurrentState,Approach1,Slider,82,Scenario,5
ID,19,Time,1550.875,DronePosition,-120.9867,45,-107.379,11.1,CameraPosition,-103.1604,1.720536,-107.5226,CameraRotation,320.3234,263.5698,1.888906,CurrentState,Approach1,Slider,82,Scenario,5
ID,19,Time,1550.889,DronePosition,-120.8356,45,-107.379,11.1,CameraPosition,-103.1605,1.720624,-107.5227,CameraRotation,320.2306,263.5868,1.851043,CurrentState,Approach1,Slider,82,Scenario,5
ID,19,Time,1550.903,DronePosition,-120.679,45,-107.379,11.1,CameraPosition,-103.1606,1.720682,-107.5229,CameraRotation,320.132,263.5821,1.844526,CurrentState,Approach1,Slider,82,Scenario,5
ID,19,Time,1550.917,DronePosition,-120.525,45,-107.379,11.1,CameraPosition,-103.1607,1.720762,-107.523,CameraRotation,320.0237,263.5764,1.840631,CurrentState,Approach1,Slider,82,Scenario,5
ID,19,Time,1550.936,DronePosition,-120.3161,45,-107.379,11.1,CameraPosition,-103.1609,1.720842,-107.5232,CameraRotation,319.9205,263.5509,1.867903,CurrentState,Approach1,Slider,82,Scenario,5
ID,19,Time,1550.958,DronePosition,-120.0694,45,-107.379,11.1,CameraPosition,-103.1611,1.721003,-107.5236,CameraRotation,319.7263,263.5163,1.887657,CurrentState,Approach1,Slider,82,Scenario,5
ID,19,Time,1550.971,DronePosition,-119.9213,45,-107.379,11.1,CameraPosition,-103.1612,1.72109,-107.5237,CameraRotation,319.6348,263.4996,1.887087,CurrentState,Approach1,Slider,82,Scenario,5
ID,19,Time,1550.985,DronePosition,-119.7658,45,-107.379,11.1,CameraPosition,-103.1613,1.721189,-107.5239,CameraRotation,319.5212,263.4806,1.891616,CurrentState,Approach1,Slider,82,Scenario,5
ID,19,Time,1551,DronePosition,-119.6067,45,-107.379,11.1,CameraPosition,-103.1614,1.721316,-107.524,CameraRotation,319.3977,263.4589,1.908609,CurrentState,Approach1,Slider,82,Scenario,5
ID,19,Time,1551.014,DronePosition,-119.45,45,-107.379,11.1,CameraPosition,-103.1616,1.721398,-107.5241,CameraRotation,319.2711,263.4253,1.928756,CurrentState,Approach1,Slider,82,Scenario,5
ID,19,Time,1551.028,DronePosition,-119.2974,45,-107.379,11.1,CameraPosition,-103.1617,1.721454,-107.5242,CameraRotation,319.1763,263.4007,1.934505,CurrentState,Approach1,Slider,82,Scenario,5
ID,19,Time,1551.042,DronePosition,-119.1409,45,-107.379,11.1,CameraPosition,-103.1617,1.721519,-107.5243,CameraRotation,319.073,263.4,1.918573,CurrentState,Approach1,Slider,82,Scenario,5
ID,19,Time,1551.055,DronePosition,-118.9888,45,-107.379,11.1,CameraPosition,-103.1617,1.72163,-107.5244,CameraRotation,318.9515,263.4069,1.89758,CurrentState,Approach1,Slider,82,Scenario,5
ID,19,Time,1551.07,DronePosition,-118.8307,45,-107.379,11.1,CameraPosition,-103.1617,1.721761,-107.5244,CameraRotation,318.7887,263.407,1.878035,CurrentState,Approach1,Slider,82,Scenario,5
ID,19,Time,1551.083,DronePosition,-118.677,45,-107.379,11.1,CameraPosition,-103.1616,1.721892,-107.5245,CameraRotation,318.6062,263.3903,1.868128,CurrentState,Approach1,Slider,82,Scenario,5
ID,19,Time,1551.097,DronePosition,-118.5245,45,-107.379,11.1,CameraPosition,-103.1614,1.722029,-107.5246,CameraRotation,318.4047,263.3715,1.85034,CurrentState,Approach1,Slider,82,Scenario,5
ID,19,Time,1551.111,DronePosition,-118.3668,45,-107.379,11.1,CameraPosition,-103.1612,1.722158,-107.5247,CameraRotation,318.1849,263.3503,1.836683,CurrentState,Approach1,Slider,82,Scenario,5
ID,19,Time,1551.126,DronePosition,-118.2088,45,-107.379,11.1,CameraPosition,-103.1609,1.722308,-107.5247,CameraRotation,317.9515,263.3337,1.81117,CurrentState,Approach1,Slider,83,Scenario,5
ID,19,Time,1551.144,DronePosition,-118.0029,45,-107.379,11.1,CameraPosition,-103.1606,1.722501,-107.5247,CameraRotation,317.6828,263.3245,1.776463,CurrentState,Approach1,Slider,83,Scenario,5
ID,19,Time,1551.167,DronePosition,-117.7516,45,-107.379,11.1,CameraPosition,-103.1598,1.722968,-107.5248,CameraRotation,317.0805,263.2687,1.762509,CurrentState,Approach1,Slider,83,Scenario,5
ID,19,Time,1551.18,DronePosition,-117.6028,45,-107.379,11.1,CameraPosition,-103.1593,1.7232,-107.5248,CameraRotation,316.7787,263.2665,1.748796,CurrentState,Approach1,Slider,83,Scenario,5
ID,19,Time,1551.194,DronePosition,-117.4503,45,-107.379,11.1,CameraPosition,-103.1587,1.723438,-107.5247,CameraRotation,316.4557,263.2814,1.721435,CurrentState,Approach1,Slider,83,Scenario,5
ID,19,Time,1551.208,DronePosition,-117.2925,45,-107.379,11.1,CameraPosition,-103.1582,1.723655,-107.5246,CameraRotation,316.1464,263.313,1.676936,CurrentState,Approach1,Slider,83,Scenario,5
ID,19,Time,1551.222,DronePosition,-117.1354,45,-107.379,11.1,CameraPosition,-103.1575,1.723847,-107.5246,CameraRotation,315.8594,263.3563,1.616203,CurrentState,Approach1,Slider,83,Scenario,5
ID,19,Time,1551.236,DronePosition,-116.9816,45,-107.379,11.1,CameraPosition,-103.1569,1.724053,-107.5245,CameraRotation,315.5594,263.3981,1.581205,CurrentState,Approach1,Slider,84,Scenario,5
ID,19,Time,1551.25,DronePosition,-116.8239,45,-107.379,11.1,CameraPosition,-103.1563,1.724276,-107.5244,CameraRotation,315.2279,263.4306,1.568075,CurrentState,Approach1,Slider,84,Scenario,5
ID,19,Time,1551.265,DronePosition,-116.6684,45,-107.379,11.1,CameraPosition,-103.1557,1.724526,-107.5244,CameraRotation,314.8565,263.4633,1.568533,CurrentState,Approach1,Slider,84,Scenario,5
ID,19,Time,1551.279,DronePosition,-116.5091,45,-107.379,11.1,CameraPosition,-103.155,1.724769,-107.5244,CameraRotation,314.4948,263.4998,1.555864,CurrentState,Approach1,Slider,84,Scenario,5
ID,19,Time,1551.292,DronePosition,-116.3594,45,-107.379,11.1,CameraPosition,-103.1544,1.72496,-107.5243,CameraRotation,314.1823,263.5106,1.570447,CurrentState,Approach1,Slider,84,Scenario,5
ID,19,Time,1551.306,DronePosition,-116.2049,45,-107.379,11.1,CameraPosition,-103.1538,1.725112,-107.5243,CameraRotation,313.9322,263.5431,1.564832,CurrentState,Approach1,Slider,84,Scenario,5
ID,19,Time,1551.32,DronePosition,-116.0498,45,-107.379,11.1,CameraPosition,-103.1532,1.725242,-107.5242,CameraRotation,313.6794,263.5716,1.5403,CurrentState,Approach1,Slider,84,Scenario,5
ID,19,Time,1551.334,DronePosition,-115.8963,45,-107.379,11.1,CameraPosition,-103.1526,1.72539,-107.5242,CameraRotation,313.4434,263.6188,1.454794,CurrentState,Approach1,Slider,85,Scenario,5
ID,19,Time,1551.353,DronePosition,-115.681,45,-107.379,11.1,CameraPosition,-103.1521,1.725524,-107.5241,CameraRotation,313.2527,263.6737,1.362674,CurrentState,Approach1,Slider,85,Scenario,5
ID,19,Time,1551.375,DronePosition,-115.4393,45,-107.379,11.1,CameraPosition,-103.1512,1.725661,-107.524,CameraRotation,313.0084,263.6937,1.319626,CurrentState,Approach1,Slider,85,Scenario,5
ID,19,Time,1551.389,DronePosition,-115.2832,45,-107.379,11.1,CameraPosition,-103.1508,1.725667,-107.524,CameraRotation,312.9462,263.6776,1.340416,CurrentState,Approach1,Slider,85,Scenario,5
ID,19,Time,1551.403,DronePosition,-115.1268,45,-107.379,11.1,CameraPosition,-103.1505,1.72567,-107.524,CameraRotation,312.9038,263.6738,1.330947,CurrentState,Approach1,Slider,85,Scenario,5
ID,19,Time,1551.417,DronePosition,-114.9715,45,-107.379,11.1,CameraPosition,-103.1502,1.725704,-107.524,CameraRotation,312.8243,263.6733,1.306263,CurrentState,Approach1,Slider,85,Scenario,5
ID,19,Time,1551.431,DronePosition,-114.8166,45,-107.379,11.1,CameraPosition,-103.15,1.725767,-107.5241,CameraRotation,312.7115,263.6714,1.286194,CurrentState,Approach1,Slider,86,Scenario,5
ID,19,Time,1551.445,DronePosition,-114.6599,45,-107.379,11.1,CameraPosition,-103.1497,1.725824,-107.5241,CameraRotation,312.6066,263.6628,1.271998,CurrentState,Approach1,Slider,86,Scenario,5
ID,19,Time,1551.459,DronePosition,-114.5065,45,-107.379,11.1,CameraPosition,-103.1495,1.725856,-107.5241,CameraRotation,312.5453,263.6523,1.249311,CurrentState,Approach1,Slider,86,Scenario,5
ID,19,Time,1551.474,DronePosition,-114.3472,45,-107.379,11.1,CameraPosition,-103.1493,1.725874,-107.524,CameraRotation,312.4955,263.6385,1.228609,CurrentState,Approach1,Slider,86,Scenario,5
ID,19,Time,1551.488,DronePosition,-114.1928,45,-107.379,11.1,CameraPosition,-103.1491,1.725895,-107.5241,CameraRotation,312.4461,263.6382,1.199327,CurrentState,Approach1,Slider,86,Scenario,5
ID,19,Time,1551.502,DronePosition,-114.0309,45,-107.379,11.1,CameraPosition,-103.1489,1.725934,-107.5241,CameraRotation,312.3824,263.6041,1.20581,CurrentState,Approach1,Slider,86,Scenario,5
ID,19,Time,1551.516,DronePosition,-113.8823,45,-107.379,11.1,CameraPosition,-103.1488,1.725966,-107.5242,CameraRotation,312.3178,263.584,1.2095,CurrentState,Approach1,Slider,86,Scenario,5
ID,19,Time,1551.529,DronePosition,-113.7298,45,-107.379,11.1,CameraPosition,-103.1487,1.725976,-107.5242,CameraRotation,312.275,263.5773,1.191519,CurrentState,Approach1,Slider,87,Scenario,5
ID,19,Time,1551.543,DronePosition,-113.5737,45,-107.379,11.1,CameraPosition,-103.1486,1.72601,-107.5242,CameraRotation,312.2542,263.5919,1.167959,CurrentState,Approach1,Slider,87,Scenario,5
ID,19,Time,1551.563,DronePosition,-113.3596,45,-107.379,11.1,CameraPosition,-103.1486,1.726094,-107.5242,CameraRotation,312.2028,263.5989,1.166125,CurrentState,Approach1,Slider,87,Scenario,5
ID,19,Time,1551.585,DronePosition,-113.1156,45,-107.379,11.1,CameraPosition,-103.1486,1.726259,-107.5243,CameraRotation,312.1013,263.5947,1.182023,CurrentState,Approach1,Slider,87,Scenario,5
ID,19,Time,1551.598,DronePosition,-112.9652,45,-107.379,11.1,CameraPosition,-103.1486,1.72624,-107.5244,CameraRotation,312.1212,263.6178,1.16795,CurrentState,Approach1,Slider,87,Scenario,5
ID,19,Time,1551.612,DronePosition,-112.8058,45,-107.379,11.1,CameraPosition,-103.1487,1.726196,-107.5244,CameraRotation,312.1588,263.6422,1.154397,CurrentState,Approach1,Slider,87,Scenario,5
ID,19,Time,1551.627,DronePosition,-112.6486,45,-107.379,11.1,CameraPosition,-103.1488,1.726152,-107.5245,CameraRotation,312.1729,263.6465,1.159948,CurrentState,Approach1,Slider,88,Scenario,5
ID,19,Time,1551.64,DronePosition,-112.4971,45,-107.379,11.1,CameraPosition,-103.149,1.726137,-107.5245,CameraRotation,312.189,263.6323,1.170295,CurrentState,Approach1,Slider,88,Scenario,5
ID,19,Time,1551.654,DronePosition,-112.342,45,-107.379,11.1,CameraPosition,-103.1491,1.72611,-107.5246,CameraRotation,312.1946,263.6074,1.182148,CurrentState,Approach1,Slider,88,Scenario,5
ID,19,Time,1551.668,DronePosition,-112.1836,45,-107.379,11.1,CameraPosition,-103.1494,1.726092,-107.5247,CameraRotation,312.204,263.5807,1.186561,CurrentState,Approach1,Slider,88,Scenario,5
ID,19,Time,1551.682,DronePosition,-112.0301,45,-107.379,11.1,CameraPosition,-103.1496,1.726092,-107.5248,CameraRotation,312.2113,263.5483,1.194812,CurrentState,Approach1,Slider,88,Scenario,5
ID,19,Time,1551.696,DronePosition,-111.8759,45,-107.379,11.1,CameraPosition,-103.1498,1.72611,-107.5249,CameraRotation,312.2252,263.5096,1.209417,CurrentState,Approach1,Slider,88,Scenario,5
ID,19,Time,1551.711,DronePosition,-111.7172,45,-107.379,11.1,CameraPosition,-103.15,1.726125,-107.525,CameraRotation,312.249,263.452,1.232736,CurrentState,Approach1,Slider,88,Scenario,5
ID,19,Time,1551.724,DronePosition,-111.5648,45,-107.379,11.1,CameraPosition,-103.1502,1.726132,-107.5252,CameraRotation,312.2592,263.4129,1.243253,CurrentState,Approach1,Slider,89,Scenario,5
ID,19,Time,1551.738,DronePosition,-111.4131,45,-107.379,11.1,CameraPosition,-103.1504,1.726121,-107.5253,CameraRotation,312.2745,263.3774,1.249263,CurrentState,Approach1,Slider,89,Scenario,5
ID,19,Time,1551.752,DronePosition,-111.2562,45,-107.379,11.1,CameraPosition,-103.1507,1.726112,-107.5255,CameraRotation,312.2811,263.341,1.276891,CurrentState,Approach1,Slider,89,Scenario,5
ID,19,Time,1551.771,DronePosition,-111.0466,45,-107.379,11.1,CameraPosition,-103.1509,1.726122,-107.5256,CameraRotation,312.2734,263.3014,1.299006,CurrentState,Approach1,Slider,89,Scenario,5
ID,19,Time,1551.793,DronePosition,-110.7998,45,-107.379,11.1,CameraPosition,-103.1514,1.726186,-107.5257,CameraRotation,312.2154,263.2328,1.320106,CurrentState,Approach1,Slider,89,Scenario,5
ID,19,Time,1551.807,DronePosition,-110.6462,45,-107.379,11.1,CameraPosition,-103.1516,1.72621,-107.5259,CameraRotation,312.1818,263.2149,1.302319,CurrentState,Approach1,Slider,89,Scenario,5
ID,19,Time,1551.821,DronePosition,-110.4906,45,-107.379,11.1,CameraPosition,-103.1519,1.72622,-107.526,CameraRotation,312.1375,263.1728,1.30551,CurrentState,Approach1,Slider,89,Scenario,5
ID,19,Time,1551.835,DronePosition,-110.333,45,-107.379,11.1,CameraPosition,-103.1521,1.726236,-107.5261,CameraRotation,312.1015,263.1215,1.316568,CurrentState,Approach1,Slider,89,Scenario,5
ID,19,Time,1551.849,DronePosition,-110.1798,45,-107.379,11.1,CameraPosition,-103.1523,1.726261,-107.5262,CameraRotation,312.0505,263.0554,1.320415,CurrentState,MoveToFinal,Slider,89,Scenario,5
ID,19,Time,1551.863,DronePosition,-110.0246,45,-107.379,11.1,CameraPosition,-103.1525,1.726316,-107.5263,CameraRotation,311.9714,262.9872,1.322532,CurrentState,MoveToFinal,Slider,89,Scenario,5
ID,19,Time,1551.877,DronePosition,-109.8657,45,-107.379,11.1,CameraPosition,-103.1526,1.72639,-107.5264,CameraRotation,311.8971,262.9256,1.318519,CurrentState,MoveToFinal,Slider,89,Scenario,5
ID,19,Time,1551.891,DronePosition,-109.7155,45,-107.379,11.1,CameraPosition,-103.1527,1.726501,-107.5265,CameraRotation,311.8151,262.8283,1.31028,CurrentState,MoveToFinal,Slider,89,Scenario,5
ID,19,Time,1551.905,DronePosition,-109.5595,45,-107.379,11.1,CameraPosition,-103.1528,1.726654,-107.5266,CameraRotation,311.6962,262.7292,1.30644,CurrentState,MoveToFinal,Slider,89,Scenario,5
ID,19,Time,1551.919,DronePosition,-109.4038,45,-107.379,11.1,CameraPosition,-103.1529,1.726829,-107.5267,CameraRotation,311.5473,262.6098,1.341292,CurrentState,MoveToFinal,Slider,89,Scenario,5
ID,19,Time,1551.933,DronePosition,-109.252,45,-107.379,11.1,CameraPosition,-103.153,1.727003,-107.5268,CameraRotation,311.374,262.4984,1.391998,CurrentState,MoveToFinal,Slider,90,Scenario,5
ID,19,Time,1551.947,DronePosition,-109.0932,45,-107.379,11.1,CameraPosition,-103.1531,1.727129,-107.5268,CameraRotation,311.2153,262.3877,1.448124,CurrentState,MoveToFinal,Slider,90,Scenario,5
ID,19,Time,1551.961,DronePosition,-108.9344,45,-107.379,11.1,CameraPosition,-103.1533,1.727162,-107.5269,CameraRotation,311.1143,262.3049,1.518952,CurrentState,MoveToFinal,Slider,90,Scenario,5
ID,19,Time,1551.979,DronePosition,-108.7316,45,-107.379,11.1,CameraPosition,-103.1536,1.727089,-107.527,CameraRotation,311.0576,262.2791,1.522171,CurrentState,MoveToFinal,Slider,90,Scenario,5
ID,19,Time,1552.002,DronePosition,-108.4821,45,-107.379,11.1,CameraPosition,-103.1543,1.726973,-107.5271,CameraRotation,311.0486,262.3255,1.421322,CurrentState,MoveToFinal,Slider,90,Scenario,5
ID,19,Time,1552.016,DronePosition,-108.3265,45,-107.379,11.1,CameraPosition,-103.1546,1.726987,-107.527,CameraRotation,311.0593,262.3441,1.432822,CurrentState,MoveToFinal,Slider,90,Scenario,5
ID,19,Time,1552.03,DronePosition,-108.1747,45,-107.379,11.1,CameraPosition,-103.1549,1.727006,-107.527,CameraRotation,311.0562,262.3553,1.457474,CurrentState,MoveToFinal,Slider,91,Scenario,5
ID,19,Time,1552.044,DronePosition,-108.013,45,-107.379,11.1,CameraPosition,-103.1552,1.727034,-107.527,CameraRotation,311.0636,262.3643,1.479325,CurrentState,MoveToFinal,Slider,91,Scenario,5
ID,19,Time,1552.058,DronePosition,-107.8578,45,-107.379,11.1,CameraPosition,-103.1554,1.727053,-107.527,CameraRotation,311.0631,262.3855,1.482032,CurrentState,MoveToFinal,Slider,91,Scenario,5
ID,19,Time,1552.072,DronePosition,-107.7014,45,-107.379,11.1,CameraPosition,-103.1557,1.72704,-107.527,CameraRotation,311.0802,262.4241,1.474396,CurrentState,MoveToFinal,Slider,91,Scenario,5
ID,19,Time,1552.086,DronePosition,-107.5504,45,-107.379,11.1,CameraPosition,-103.1561,1.726975,-107.527,CameraRotation,311.1245,262.4563,1.452415,CurrentState,MoveToFinal,Slider,91,Scenario,5
ID,19,Time,1552.1,DronePosition,-107.3971,45,-107.379,11.1,CameraPosition,-103.1564,1.726892,-107.5269,CameraRotation,311.1667,262.487,1.433102,CurrentState,MoveToFinal,Slider,91,Scenario,5
ID,19,Time,1552.114,DronePosition,-107.2387,45,-107.379,11.1,CameraPosition,-103.1568,1.726839,-107.5268,CameraRotation,311.2151,262.5002,1.415607,CurrentState,MoveToFinal,Slider,91,Scenario,5
ID,19,Time,1552.128,DronePosition,-107.0845,45,-107.379,11.1,CameraPosition,-103.1571,1.7268,-107.5268,CameraRotation,311.2197,262.5153,1.368974,CurrentState,MoveToFinal,Slider,92,Scenario,5
ID,19,Time,1552.142,DronePosition,-106.9329,45,-107.379,11.1,CameraPosition,-103.1575,1.726763,-107.5268,CameraRotation,311.2213,262.5082,1.3643,CurrentState,MoveToFinal,Slider,92,Scenario,5
ID,19,Time,1552.156,DronePosition,-106.773,45,-107.379,11.1,CameraPosition,-103.1578,1.726751,-107.5268,CameraRotation,311.2432,262.4627,1.399999,CurrentState,MoveToFinal,Slider,92,Scenario,5
ID,19,Time,1552.17,DronePosition,-106.616,45,-107.379,11.1,CameraPosition,-103.1581,1.72673,-107.5268,CameraRotation,311.2881,262.419,1.437063,CurrentState,MoveToFinal,Slider,92,Scenario,5
ID,19,Time,1552.189,DronePosition,-106.411,45,-107.379,11.1,CameraPosition,-103.1585,1.726698,-107.5268,CameraRotation,311.3323,262.4041,1.415435,CurrentState,MoveToFinal,Slider,92,Scenario,5
ID,19,Time,1552.211,DronePosition,-106.1644,45,-107.379,11.1,CameraPosition,-103.1592,1.726601,-107.5268,CameraRotation,311.488,262.3857,1.436237,CurrentState,MoveToFinal,Slider,92,Scenario,5
ID,19,Time,1552.225,DronePosition,-106.0108,45,-107.379,11.1,CameraPosition,-103.1596,1.726521,-107.5268,CameraRotation,311.6283,262.3676,1.465745,CurrentState,MoveToFinal,Slider,92,Scenario,5
ID,19,Time,1552.239,DronePosition,-105.8531,45,-107.379,11.1,CameraPosition,-103.16,1.726411,-107.5268,CameraRotation,311.823,262.3557,1.492949,CurrentState,MoveToFinal,Slider,93,Scenario,5
ID,19,Time,1552.253,DronePosition,-105.6985,45,-107.379,11.1,CameraPosition,-103.1606,1.7263,-107.5268,CameraRotation,312.0034,262.3582,1.520589,CurrentState,MoveToFinal,Slider,93,Scenario,5
ID,19,Time,1552.267,DronePosition,-105.54,45,-107.379,11.1,CameraPosition,-103.1612,1.72621,-107.5267,CameraRotation,312.1685,262.3625,1.529106,CurrentState,MoveToFinal,Slider,93,Scenario,5
ID,19,Time,1552.281,DronePosition,-105.3878,45,-107.379,11.1,CameraPosition,-103.1618,1.726133,-107.5267,CameraRotation,312.319,262.3908,1.527624,CurrentState,MoveToFinal,Slider,93,Scenario,5
ID,19,Time,1552.295,DronePosition,-105.2311,45,-107.379,11.1,CameraPosition,-103.1624,1.726015,-107.5267,CameraRotation,312.4742,262.415,1.523072,CurrentState,MoveToFinal,Slider,93,Scenario,5
ID,19,Time,1552.309,DronePosition,-105.0773,45,-107.379,11.1,CameraPosition,-103.163,1.725839,-107.5267,CameraRotation,312.6906,262.4523,1.490987,CurrentState,MoveToFinal,Slider,93,Scenario,5
ID,19,Time,1552.323,DronePosition,-104.9213,45,-107.379,11.1,CameraPosition,-103.1637,1.725665,-107.5267,CameraRotation,312.9252,262.4823,1.464533,CurrentState,MoveToFinal,Slider,93,Scenario,5
ID,19,Time,1552.337,DronePosition,-104.766,45,-107.379,11.1,CameraPosition,-103.1644,1.725541,-107.5267,CameraRotation,313.1252,262.5052,1.449711,CurrentState,MoveToFinal,Slider,93,Scenario,5
ID,19,Time,1552.351,DronePosition,-104.6107,45,-107.379,11.1,CameraPosition,-103.1651,1.725508,-107.5267,CameraRotation,313.272,262.4844,1.477472,CurrentState,MoveToFinal,Slider,93,Scenario,5
ID,19,Time,1552.365,DronePosition,-104.4563,45,-107.379,11.1,CameraPosition,-103.1657,1.725518,-107.5268,CameraRotation,313.3764,262.4482,1.521546,CurrentState,MoveToFinal,Slider,93,Scenario,5
ID,19,Time,1552.378,DronePosition,-104.3033,45,-107.379,11.1,CameraPosition,-103.1664,1.725497,-107.5268,CameraRotation,313.5078,262.4185,1.546934,CurrentState,MoveToFinal,Slider,93,Scenario,5
ID,19,Time,1552.397,DronePosition,-104.0961,45,-107.379,11.1,CameraPosition,-103.1671,1.725383,-107.5269,CameraRotation,313.6997,262.4088,1.550955,CurrentState,MoveToFinal,Slider,93,Scenario,5
ID,19,Time,1552.42,DronePosition,-103.8467,45,-107.379,11.1,CameraPosition,-103.1686,1.724985,-107.527,CameraRotation,314.1857,262.416,1.578771,CurrentState,MoveToFinal,Slider,93,Scenario,5
ID,19,Time,1552.434,DronePosition,-103.691,45,-107.379,11.1,CameraPosition,-103.1694,1.724815,-107.527,CameraRotation,314.4224,262.4118,1.596414,CurrentState,MoveToFinal,Slider,94,Scenario,5
ID,19,Time,1552.448,DronePosition,-103.5339,45,-107.379,11.1,CameraPosition,-103.1701,1.724682,-107.5271,CameraRotation,314.6174,262.4362,1.604218,CurrentState,MoveToFinal,Slider,94,Scenario,5
ID,19,Time,1552.463,DronePosition,-103.3669,45,-107.379,11.1,CameraPosition,-103.1709,1.724588,-107.5272,CameraRotation,314.7503,262.4774,1.591913,CurrentState,MoveToFinal,Slider,94,Scenario,5
ID,19,Time,1552.476,DronePosition,-103.2233,45,-107.379,11.1,CameraPosition,-103.1716,1.724484,-107.5272,CameraRotation,314.8914,262.5101,1.575464,CurrentState,MoveToFinal,Slider,94,Scenario,5
ID,19,Time,1552.49,DronePosition,-103.0665,45,-107.379,11.1,CameraPosition,-103.1724,1.724365,-107.5273,CameraRotation,315.0556,262.5425,1.557574,CurrentState,MoveToFinal,Slider,94,Scenario,5
ID,19,Time,1552.504,DronePosition,-102.9069,45,-107.379,11.1,CameraPosition,-103.1732,1.724198,-107.5273,CameraRotation,315.2592,262.5676,1.559744,CurrentState,MoveToFinal,Slider,94,Scenario,5
ID,19,Time,1552.517,DronePosition,-102.7611,45,-107.379,11.1,CameraPosition,-103.1741,1.724017,-107.5274,CameraRotation,315.4834,262.5863,1.563772,CurrentState,MoveToFinal,Slider,94,Scenario,5
ID,19,Time,1552.532,DronePosition,-102.6031,45,-107.379,11.1,CameraPosition,-103.175,1.723855,-107.5274,CameraRotation,315.7249,262.6154,1.55079,CurrentState,MoveToFinal,Slider,94,Scenario,5
ID,19,Time,1552.546,DronePosition,-102.4493,45,-107.379,11.1,CameraPosition,-103.1759,1.723714,-107.5275,CameraRotation,315.9739,262.6613,1.519766,CurrentState,MoveToFinal,Slider,94,Scenario,5
ID,19,Time,1552.559,DronePosition,-102.2944,45,-107.379,11.1,CameraPosition,-103.1768,1.723557,-107.5275,CameraRotation,316.2523,262.7075,1.494916,CurrentState,MoveToFinal,Slider,94,Scenario,5
ID,19,Time,1552.573,DronePosition,-102.1389,45,-107.379,11.1,CameraPosition,-103.1777,1.723387,-107.5276,CameraRotation,316.6005,262.7338,1.5063,CurrentState,MoveToFinal,Slider,94,Scenario,5
ID,19,Time,1552.587,DronePosition,-101.9852,45,-107.379,11.1,CameraPosition,-103.1787,1.723197,-107.5277,CameraRotation,316.9473,262.7233,1.547459,CurrentState,MoveToFinal,Slider,94,Scenario,5
ID,19,Time,1552.606,DronePosition,-101.7732,45,-107.379,11.1,CameraPosition,-103.1798,1.722939,-107.5279,CameraRotation,317.3252,262.7187,1.597574,CurrentState,MoveToFinal,Slider,94,Scenario,5
ID,19,Time,1552.629,DronePosition,-101.5274,45,-107.379,11.1,CameraPosition,-103.1819,1.722221,-107.5282,CameraRotation,318.1433,262.7733,1.614444,CurrentState,MoveToFinal,Slider,94,Scenario,5
ID,19,Time,1552.642,DronePosition,-101.3783,45,-107.379,11.1,CameraPosition,-103.1831,1.721908,-107.5284,CameraRotation,318.6044,262.8404,1.592168,CurrentState,MoveToFinal,Slider,94,Scenario,5
ID,19,Time,1552.656,DronePosition,-101.2213,45,-107.379,11.1,CameraPosition,-103.1842,1.721594,-107.5285,CameraRotation,319.077,262.9016,1.623546,CurrentState,MoveToFinal,Slider,94,Scenario,5
ID,19,Time,1552.67,DronePosition,-101.0656,45,-107.379,11.1,CameraPosition,-103.1853,1.721307,-107.5287,CameraRotation,319.5035,262.9557,1.645438,CurrentState,MoveToFinal,Slider,94,Scenario,5
ID,19,Time,1552.684,DronePosition,-100.9116,45,-107.379,11.1,CameraPosition,-103.1865,1.721012,-107.5288,CameraRotation,319.9298,262.9879,1.665476,CurrentState,MoveToFinal,Slider,94,Scenario,5
ID,19,Time,1552.698,DronePosition,-100.7555,45,-107.379,11.1,CameraPosition,-103.1876,1.720665,-107.529,CameraRotation,320.3867,263.0341,1.677197,CurrentState,MoveToFinal,Slider,94,Scenario,5
ID,19,Time,1552.712,DronePosition,-100.5991,45,-107.379,11.1,CameraPosition,-103.1888,1.720266,-107.5292,CameraRotation,320.9033,263.0937,1.693061,CurrentState,MoveToFinal,Slider,94,Scenario,5
ID,19,Time,1552.726,DronePosition,-100.4452,45,-107.379,11.1,CameraPosition,-103.19,1.719841,-107.5293,CameraRotation,321.4045,263.1519,1.696543,CurrentState,MoveToFinal,Slider,94,Scenario,5
ID,19,Time,1552.74,DronePosition,-100.2927,45,-107.379,11.1,CameraPosition,-103.1911,1.719407,-107.5294,CameraRotation,321.9223,263.2319,1.693489,CurrentState,MoveToFinal,Slider,94,Scenario,5
ID,19,Time,1552.754,DronePosition,-100.1384,45,-107.379,11.1,CameraPosition,-103.1923,1.718945,-107.5296,CameraRotation,322.457,263.3175,1.711891,CurrentState,MoveToFinal,Slider,94,Scenario,5
ID,19,Time,1552.768,DronePosition,-99.98353,45,-107.379,11.1,CameraPosition,-103.1935,1.718271,-107.5297,CameraRotation,323.0625,263.4005,1.746507,CurrentState,MoveToFinal,Slider,94,Scenario,5
ID,19,Time,1552.782,DronePosition,-99.82276,45,-107.379,11.1,CameraPosition,-103.1948,1.717483,-107.5299,CameraRotation,323.7661,263.4909,1.790657,CurrentState,MoveToFinal,Slider,94,Scenario,5
ID,19,Time,1552.796,DronePosition,-99.66852,45,-107.379,11.1,CameraPosition,-103.196,1.716741,-107.5301,CameraRotation,324.5025,263.5929,1.818506,CurrentState,MoveToFinal,Slider,94,Scenario,5
ID,19,Time,1552.814,DronePosition,-99.46425,45,-107.379,11.1,CameraPosition,-103.1972,1.716122,-107.5302,CameraRotation,325.1388,263.6868,1.828924,CurrentState,MoveToFinal,Slider,94,Scenario,5
ID,19,Time,1552.838,DronePosition,-99.20829,45,-107.379,11.1,CameraPosition,-103.1994,1.71474,-107.5305,CameraRotation,326.4843,263.894,1.719831,CurrentState,MoveToFinal,Slider,94,Scenario,5
ID,19,Time,1552.851,DronePosition,-99.0578,45,-107.379,11.1,CameraPosition,-103.2006,1.713935,-107.5307,CameraRotation,327.2747,263.9674,1.71506,CurrentState,MoveToFinal,Slider,94,Scenario,5
ID,19,Time,1552.865,DronePosition,-98.90427,45,-107.379,11.1,CameraPosition,-103.2018,1.713182,-107.5309,CameraRotation,328.0479,264.0229,1.755261,CurrentState,MoveToFinal,Slider,94,Scenario,5
ID,19,Time,1552.879,DronePosition,-98.74649,45,-107.379,11.1,CameraPosition,-103.203,1.712472,-107.5311,CameraRotation,328.7161,264.0697,1.832636,CurrentState,MoveToFinal,Slider,94,Scenario,5
ID,19,Time,1552.893,DronePosition,-98.5913,45,-107.379,11.1,CameraPosition,-103.204,1.711743,-107.5313,CameraRotation,329.3907,264.1194,1.927882,CurrentState,MoveToFinal,Slider,94,Scenario,5
ID,19,Time,1552.907,DronePosition,-98.43994,45,-107.379,11.1,CameraPosition,-103.2051,1.710854,-107.5314,CameraRotation,330.1733,264.199,1.955007,CurrentState,MoveToFinal,Slider,94,Scenario,5
ID,19,Time,1552.921,DronePosition,-98.28549,45,-107.379,11.1,CameraPosition,-103.2062,1.709818,-107.5316,CameraRotation,331.0778,264.3165,1.94026,CurrentState,MoveToFinal,Slider,94,Scenario,5
ID,19,Time,1552.935,DronePosition,-98.12962,45,-107.379,11.1,CameraPosition,-103.2073,1.708595,-107.5318,CameraRotation,332.0463,264.4493,1.900656,CurrentState,MoveToFinal,Slider,95,Scenario,5
ID,19,Time,1552.949,DronePosition,-97.97394,45,-107.379,11.1,CameraPosition,-103.2085,1.707763,-107.532,CameraRotation,332.614,264.5591,1.895271,CurrentState,MoveToFinal,Slider,95,Scenario,5
ID,19,Time,1552.963,DronePosition,-97.82056,45,-107.379,11.1,CameraPosition,-103.2094,1.707446,-107.5322,CameraRotation,332.8908,264.6509,1.931799,CurrentState,MoveToFinal,Slider,95,Scenario,5
ID,19,Time,1552.977,DronePosition,-97.65887,45,-107.379,11.1,CameraPosition,-103.2102,1.707082,-107.5323,CameraRotation,333.1697,264.7157,1.991244,CurrentState,MoveToFinal,Slider,95,Scenario,5
ID,19,Time,1552.99,DronePosition,-97.51013,45,-107.379,11.1,CameraPosition,-103.211,1.706427,-107.5325,CameraRotation,333.6303,264.7641,2.031083,CurrentState,MoveToFinal,Slider,95,Scenario,5
ID,19,Time,1553.004,DronePosition,-97.35647,45,-107.379,11.1,CameraPosition,-103.2119,1.705494,-107.5326,CameraRotation,334.3349,264.8461,2.036833,CurrentState,MoveToFinal,Slider,95,Scenario,5
ID,19,Time,1553.023,DronePosition,-97.14394,45,-107.379,11.1,CameraPosition,-103.2127,1.704529,-107.5327,CameraRotation,335.1368,264.9541,2.020236,CurrentState,MoveToFinal,Slider,95,Scenario,5
ID,19,Time,1553.046,DronePosition,-96.89638,45,-107.379,11.1,CameraPosition,-103.2143,1.703301,-107.5329,CameraRotation,336.109,265.1172,2.048891,CurrentState,MoveToFinal,Slider,95,Scenario,5
ID,19,Time,1553.059,DronePosition,-96.74366,45,-107.379,11.1,CameraPosition,-103.2149,1.702818,-107.5331,CameraRotation,336.5111,265.1663,2.110787,CurrentState,MoveToFinal,Slider,95,Scenario,5
ID,19,Time,1553.074,DronePosition,-96.58331,45,-107.379,11.1,CameraPosition,-103.2156,1.702078,-107.5332,CameraRotation,337.0596,265.2301,2.167109,CurrentState,MoveToFinal,Slider,95,Scenario,5
ID,19,Time,1553.088,DronePosition,-96.42704,45,-107.379,11.1,CameraPosition,-103.2162,1.701161,-107.5334,CameraRotation,337.7784,265.3254,2.21149,CurrentState,MoveToFinal,Slider,95,Scenario,5
ID,19,Time,1553.101,DronePosition,-96.27939,45,-107.379,11.1,CameraPosition,-103.2169,1.700161,-107.5335,CameraRotation,338.6116,265.4532,2.202834,CurrentState,MoveToFinal,Slider,95,Scenario,5
ID,19,Time,1553.115,DronePosition,-96.12297,45,-107.379,11.1,CameraPosition,-103.2176,1.699344,-107.5336,CameraRotation,339.3136,265.5712,2.190534,CurrentState,MoveToFinal,Slider,95,Scenario,5
ID,19,Time,1553.13,DronePosition,-95.96459,45,-107.379,11.1,CameraPosition,-103.2182,1.698782,-107.5337,CameraRotation,339.754,265.6926,2.182353,CurrentState,MoveToFinal,Slider,95,Scenario,5
ID,19,Time,1553.144,DronePosition,-95.80991,45,-107.379,11.1,CameraPosition,-103.2188,1.698329,-107.5338,CameraRotation,340.1093,265.7693,2.221521,CurrentState,MoveToFinal,Slider,95,Scenario,5
ID,19,Time,1553.157,DronePosition,-95.65846,45,-107.379,11.1,CameraPosition,-103.2193,1.697733,-107.534,CameraRotation,340.5382,265.8261,2.2776,CurrentState,MoveToFinal,Slider,95,Scenario,5
ID,19,Time,1553.171,DronePosition,-95.50439,45,-107.379,11.1,CameraPosition,-103.2198,1.696896,-107.5341,CameraRotation,341.114,265.9082,2.309398,CurrentState,MoveToFinal,Slider,95,Scenario,5
ID,19,Time,1553.185,DronePosition,-95.34839,45,-107.379,11.1,CameraPosition,-103.2202,1.696045,-107.5342,CameraRotation,341.7387,266.0072,2.33348,CurrentState,MoveToFinal,Slider,95,Scenario,5
ID,19,Time,1553.199,DronePosition,-95.19341,45,-107.379,11.1,CameraPosition,-103.2207,1.695464,-107.5344,CameraRotation,342.1887,266.1051,2.327411,CurrentState,MoveToFinal,Slider,95,Scenario,5
ID,19,Time,1553.213,DronePosition,-95.03999,45,-107.379,11.1,CameraPosition,-103.2211,1.695241,-107.5346,CameraRotation,342.3601,266.1578,2.382383,CurrentState,MoveToFinal,Slider,95,Scenario,5
ID,19,Time,1553.232,DronePosition,-94.83389,45,-107.379,11.1,CameraPosition,-103.2214,1.69511,-107.5348,CameraRotation,342.4816,266.1832,2.494031,CurrentState,MoveToFinal,Slider,95,Scenario,5
ID,19,Time,1553.254,DronePosition,-94.57973,45,-107.379,11.1,CameraPosition,-103.2219,1.694333,-107.5351,CameraRotation,343.0492,266.2072,2.65751,CurrentState,MoveToFinal,Slider,95,Scenario,5
ID,19,Time,1553.268,DronePosition,-94.4262,45,-107.379,11.1,CameraPosition,-103.222,1.693696,-107.5353,CameraRotation,343.5267,266.2584,2.716773,CurrentState,MoveToFinal,Slider,95,Scenario,5
ID,19,Time,1553.282,DronePosition,-94.26929,45,-107.379,11.1,CameraPosition,-103.2222,1.693005,-107.5353,CameraRotation,344.0817,266.3621,2.720031,CurrentState,MoveToFinal,Slider,95,Scenario,5
ID,19,Time,1553.296,DronePosition,-94.11893,45,-107.379,11.1,CameraPosition,-103.2223,1.692428,-107.5354,CameraRotation,344.5326,266.4692,2.687868,CurrentState,MoveToFinal,Slider,95,Scenario,5
ID,19,Time,1553.31,DronePosition,-93.95872,45,-107.379,11.1,CameraPosition,-103.2224,1.692007,-107.5354,CameraRotation,344.8201,266.5611,2.652833,CurrentState,MoveToFinal,Slider,95,Scenario,5
ID,19,Time,1553.324,DronePosition,-93.80399,45,-107.379,11.1,CameraPosition,-103.2225,1.691724,-107.5355,CameraRotation,344.9675,266.6298,2.62596,CurrentState,MoveToFinal,Slider,95,Scenario,5
ID,19,Time,1553.338,DronePosition,-93.65254,45,-107.379,11.1,CameraPosition,-103.2224,1.691384,-107.5356,CameraRotation,345.1192,266.6782,2.62218,CurrentState,MoveToFinal,Slider,95,Scenario,5
ID,19,Time,1553.352,DronePosition,-93.49587,45,-107.379,11.1,CameraPosition,-103.2224,1.690927,-107.5357,CameraRotation,345.4027,266.7346,2.626137,CurrentState,MoveToFinal,Slider,95,Scenario,5
ID,19,Time,1553.366,DronePosition,-93.34064,45,-107.379,11.1,CameraPosition,-103.2222,1.690432,-107.5358,CameraRotation,345.7639,266.7991,2.621528,CurrentState,MoveToFinal,Slider,95,Scenario,5
ID,19,Time,1553.38,DronePosition,-93.18418,45,-107.379,11.1,CameraPosition,-103.2221,1.690016,-107.5359,CameraRotation,346.1005,266.8572,2.630363,CurrentState,MoveToFinal,Slider,95,Scenario,5
ID,19,Time,1553.394,DronePosition,-93.02915,45,-107.379,11.1,CameraPosition,-103.222,1.689819,-107.536,CameraRotation,346.2761,266.8972,2.646757,CurrentState,MoveToFinal,Slider,95,Scenario,5
ID,19,Time,1553.408,DronePosition,-92.87522,45,-107.379,11.1,CameraPosition,-103.2219,1.68976,-107.5362,CameraRotation,346.3719,266.9255,2.686343,CurrentState,MoveToFinal,Slider,95,Scenario,5
ID,19,Time,1553.422,DronePosition,-92.72278,45,-107.379,11.1,CameraPosition,-103.2217,1.689642,-107.5363,CameraRotation,346.4726,266.938,2.72036,CurrentState,MoveToFinal,Slider,95,Scenario,5
ID,19,Time,1553.441,DronePosition,-92.51268,45,-107.379,11.1,CameraPosition,-103.2215,1.68932,-107.5365,CameraRotation,346.7272,266.9442,2.722376,CurrentState,MoveToFinal,Slider,95,Scenario,5
ID,19,Time,1553.466,DronePosition,-92.23105,45,-107.379,11.1,CameraPosition,-103.2209,1.688466,-107.5367,CameraRotation,347.4058,267.0052,2.699937,CurrentState,MoveToFinal,Slider,95,Scenario,5
ID,19,Time,1553.477,DronePosition,-92.10714,45,-107.379,11.1,CameraPosition,-103.2207,1.688144,-107.5368,CameraRotation,347.6704,267.0337,2.67183,CurrentState,MoveToFinal,Slider,95,Scenario,5
ID,19,Time,1553.491,DronePosition,-91.95167,45,-107.379,11.1,CameraPosition,-103.2205,1.687953,-107.5369,CameraRotation,347.8152,267.0665,2.631564,CurrentState,MoveToFinal,Slider,95,Scenario,5
ID,19,Time,1553.505,DronePosition,-91.79498,45,-107.379,11.1,CameraPosition,-103.2202,1.68786,-107.5369,CameraRotation,347.9112,267.0941,2.607592,CurrentState,MoveToFinal,Slider,95,Scenario,5
ID,19,Time,1553.519,DronePosition,-91.63819,45,-107.379,11.1,CameraPosition,-103.2199,1.687737,-107.537,CameraRotation,348.0158,267.1271,2.595366,CurrentState,MoveToFinal,Slider,95,Scenario,5
ID,19,Time,1553.533,DronePosition,-91.48515,45,-107.379,11.1,CameraPosition,-103.2195,1.687558,-107.5371,CameraRotation,348.1769,267.154,2.578963,CurrentState,MoveToFinal,Slider,95,Scenario,5
ID,19,Time,1553.547,DronePosition,-91.33023,45,-107.379,11.1,CameraPosition,-103.2192,1.687309,-107.5371,CameraRotation,348.3787,267.1967,2.554552,CurrentState,MoveToFinal,Slider,95,Scenario,5
ID,19,Time,1553.561,DronePosition,-91.17284,45,-107.379,11.1,CameraPosition,-103.2188,1.687063,-107.5372,CameraRotation,348.6195,267.2404,2.529312,CurrentState,MoveToFinal,Slider,95,Scenario,5
ID,19,Time,1553.575,DronePosition,-91.01723,45,-107.379,11.1,CameraPosition,-103.2186,1.686842,-107.5373,CameraRotation,348.8389,267.2959,2.515361,CurrentState,MoveToFinal,Slider,95,Scenario,5
ID,19,Time,1553.589,DronePosition,-90.86076,45,-107.379,11.1,CameraPosition,-103.2183,1.686628,-107.5374,CameraRotation,349.0703,267.3568,2.513683,CurrentState,MoveToFinal,Slider,95,Scenario,5
ID,19,Time,1553.604,DronePosition,-90.70577,45,-107.379,11.1,CameraPosition,-103.2179,1.686357,-107.5375,CameraRotation,349.3231,267.4191,2.520916,CurrentState,MoveToFinal,Slider,95,Scenario,5
ID,19,Time,1553.617,DronePosition,-90.55418,45,-107.379,11.1,CameraPosition,-103.2176,1.686059,-107.5376,CameraRotation,349.5794,267.4736,2.519993,CurrentState,MoveToFinal,Slider,95,Scenario,5
ID,19,Time,1553.631,DronePosition,-90.3986,45,-107.379,11.1,CameraPosition,-103.2174,1.6858,-107.5377,CameraRotation,349.792,267.5461,2.51765,CurrentState,MoveToFinal,Slider,95,Scenario,5
ID,19,Time,1553.65,DronePosition,-90.18897,45,-107.379,11.1,CameraPosition,-103.2171,1.685579,-107.5378,CameraRotation,349.9582,267.62,2.519413,CurrentState,MoveToFinal,Slider,96,Scenario,5
ID,19,Time,1553.672,DronePosition,-89.94164,45,-107.379,11.1,CameraPosition,-103.2166,1.685077,-107.5381,CameraRotation,350.3705,267.7591,2.470081,CurrentState,MoveToFinal,Slider,96,Scenario,5
ID,19,Time,1553.686,DronePosition,-89.78615,45,-107.379,11.1,CameraPosition,-103.2163,1.684738,-107.5383,CameraRotation,350.6198,267.8086,2.453427,CurrentState,MoveToFinal,Slider,96,Scenario,5
ID,19,Time,1553.7,DronePosition,-89.62873,45,-107.379,11.1,CameraPosition,-103.2162,1.684414,-107.5385,CameraRotation,350.8524,267.8583,2.473451,CurrentState,MoveToFinal,Slider,96,Scenario,5
ID,19,Time,1553.714,DronePosition,-89.47552,45,-107.379,11.1,CameraPosition,-103.216,1.684104,-107.5387,CameraRotation,351.0702,267.8968,2.518343,CurrentState,MoveToFinal,Slider,96,Scenario,5
ID,19,Time,1553.728,DronePosition,-89.31973,45,-107.379,11.1,CameraPosition,-103.2159,1.68384,-107.539,CameraRotation,351.2573,267.9143,2.557282,CurrentState,MoveToFinal,Slider,96,Scenario,5
ID,19,Time,1553.742,DronePosition,-89.16499,45,-107.379,11.1,CameraPosition,-103.2157,1.683671,-107.5394,CameraRotation,351.3945,267.9303,2.594004,CurrentState,MoveToFinal,Slider,96,Scenario,5
ID,19,Time,1553.756,DronePosition,-89.00928,45,-107.379,11.1,CameraPosition,-103.2156,1.683623,-107.5399,CameraRotation,351.4615,267.9002,2.628723,CurrentState,MoveToFinal,Slider,96,Scenario,5
ID,19,Time,1553.77,DronePosition,-88.85728,45,-107.379,11.1,CameraPosition,-103.2156,1.683615,-107.5403,CameraRotation,351.5116,267.8591,2.670925,CurrentState,MoveToFinal,Slider,96,Scenario,5
ID,19,Time,1553.784,DronePosition,-88.70259,45,-107.379,11.1,CameraPosition,-103.2156,1.683574,-107.5408,CameraRotation,351.5497,267.7928,2.741124,CurrentState,MoveToFinal,Slider,96,Scenario,5
ID,19,Time,1553.798,DronePosition,-88.54818,45,-107.379,11.1,CameraPosition,-103.2155,1.683448,-107.5414,CameraRotation,351.6448,267.7255,2.815809,CurrentState,MoveToFinal,Slider,96,Scenario,5
ID,19,Time,1553.812,DronePosition,-88.39115,45,-107.379,11.1,CameraPosition,-103.2155,1.683241,-107.5419,CameraRotation,351.776,267.6519,2.895575,CurrentState,MoveToFinal,Slider,96,Scenario,5
ID,19,Time,1553.826,DronePosition,-88.23562,45,-107.379,11.1,CameraPosition,-103.2154,1.682996,-107.5424,CameraRotation,351.9333,267.5879,2.967975,CurrentState,MoveToFinal,Slider,96,Scenario,5
ID,19,Time,1553.839,DronePosition,-88.0872,45,-107.379,11.1,CameraPosition,-103.2154,1.68276,-107.5429,CameraRotation,352.0491,267.5252,3.027344,CurrentState,MoveToFinal,Slider,96,Scenario,5
ID,19,Time,1553.858,DronePosition,-87.87705,45,-107.379,11.1,CameraPosition,-103.2153,1.682598,-107.5435,CameraRotation,352.1271,267.4734,3.070467,CurrentState,MoveToFinal,Slider,96,Scenario,5
ID,19,Time,1553.881,DronePosition,-87.62705,45,-107.379,11.1,CameraPosition,-103.2152,1.682364,-107.5445,CameraRotation,352.2695,267.3838,3.123115,CurrentState,MoveToFinal,Slider,96,Scenario,5
ID,19,Time,1553.895,DronePosition,-87.4721,45,-107.379,11.1,CameraPosition,-103.2151,1.682236,-107.545,CameraRotation,352.3659,267.3582,3.143823,CurrentState,MoveToFinal,Slider,96,Scenario,5
ID,19,Time,1553.909,DronePosition,-87.31743,45,-107.379,11.1,CameraPosition,-103.215,1.68211,-107.5455,CameraRotation,352.4769,267.3374,3.170662,CurrentState,MoveToFinal,Slider,96,Scenario,5
ID,19,Time,1553.923,DronePosition,-87.16337,45,-107.379,11.1,CameraPosition,-103.215,1.681973,-107.546,CameraRotation,352.5851,267.3337,3.17858,CurrentState,MoveToFinal,Slider,96,Scenario,5
ID,19,Time,1553.937,DronePosition,-87.00764,45,-107.379,11.1,CameraPosition,-103.2149,1.681858,-107.5465,CameraRotation,352.6648,267.3412,3.156231,CurrentState,MoveToFinal,Slider,96,Scenario,5
ID,19,Time,1553.95,DronePosition,-86.85585,45,-107.379,11.1,CameraPosition,-103.2149,1.681796,-107.547,CameraRotation,352.7007,267.3777,3.147036,CurrentState,MoveToFinal,Slider,96,Scenario,5
ID,19,Time,1553.965,DronePosition,-86.69696,45,-107.379,11.1,CameraPosition,-103.2148,1.681736,-107.5474,CameraRotation,352.7268,267.4275,3.151027,CurrentState,MoveToFinal,Slider,96,Scenario,5
ID,19,Time,1553.979,DronePosition,-86.54018,45,-107.379,11.1,CameraPosition,-103.2147,1.681652,-107.5479,CameraRotation,352.7785,267.4765,3.166441,CurrentState,MoveToFinal,Slider,96,Scenario,5
ID,19,Time,1553.993,DronePosition,-86.38669,45,-107.379,11.1,CameraPosition,-103.2146,1.681515,-107.5484,CameraRotation,352.847,267.5248,3.181636,CurrentState,MoveToFinal,Slider,96,Scenario,5
ID,19,Time,1554.006,DronePosition,-86.23251,45,-107.379,11.1,CameraPosition,-103.2145,1.68133,-107.5489,CameraRotation,352.9351,267.5783,3.197429,CurrentState,MoveToFinal,Slider,96,Scenario,5
ID,19,Time,1554.02,DronePosition,-86.07745,45,-107.379,11.1,CameraPosition,-103.2144,1.681142,-107.5494,CameraRotation,353.0441,267.6317,3.197318,CurrentState,MoveToFinal,Slider,96,Scenario,5
ID,19,Time,1554.034,DronePosition,-85.92237,45,-107.379,11.1,CameraPosition,-103.2142,1.680971,-107.5499,CameraRotation,353.1354,267.672,3.202882,CurrentState,MoveToFinal,Slider,96,Scenario,5
ID,19,Time,1554.048,DronePosition,-85.77109,45,-107.379,11.1,CameraPosition,-103.2141,1.680882,-107.5504,CameraRotation,353.1839,267.7099,3.229916,CurrentState,MoveToFinal,Slider,96,Scenario,5
ID,19,Time,1554.067,DronePosition,-85.55861,45,-107.379,11.1,CameraPosition,-103.2139,1.680828,-107.551,CameraRotation,353.2283,267.7371,3.264129,CurrentState,MoveToFinal,Slider,96,Scenario,5
ID,19,Time,1554.089,DronePosition,-85.31052,45,-107.379,11.1,CameraPosition,-103.2136,1.680629,-107.5521,CameraRotation,353.3271,267.7704,3.261434,CurrentState,MoveToFinal,Slider,96,Scenario,5
ID,19,Time,1554.104,DronePosition,-85.15555,45,-107.379,11.1,CameraPosition,-103.2134,1.680533,-107.5527,CameraRotation,353.4017,267.7839,3.260091,CurrentState,MoveToFinal,Slider,96,Scenario,5
ID,19,Time,1554.117,DronePosition,-85.00088,45,-107.379,11.1,CameraPosition,-103.2132,1.68045,-107.5533,CameraRotation,353.455,267.7871,3.270692,CurrentState,MoveToFinal,Slider,96,Scenario,5
ID,19,Time,1554.131,DronePosition,-84.84574,45,-107.379,11.1,CameraPosition,-103.213,1.680457,-107.5539,CameraRotation,353.499,267.7894,3.256541,CurrentState,MoveToFinal,Slider,96,Scenario,5
ID,19,Time,1554.146,DronePosition,-84.68427,45,-107.379,11.1,CameraPosition,-103.2128,1.680511,-107.5546,CameraRotation,353.539,267.7926,3.249194,CurrentState,MoveToFinal,Slider,95,Scenario,5
ID,19,Time,1554.159,DronePosition,-84.53584,45,-107.379,11.1,CameraPosition,-103.2127,1.680538,-107.5552,CameraRotation,353.5551,267.7992,3.258659,CurrentState,MoveToFinal,Slider,95,Scenario,5
ID,19,Time,1554.173,DronePosition,-84.37966,45,-107.379,11.1,CameraPosition,-103.2126,1.680529,-107.5558,CameraRotation,353.5697,267.8161,3.271892,CurrentState,MoveToFinal,Slider,95,Scenario,5
ID,19,Time,1554.187,DronePosition,-84.22417,45,-107.379,11.1,CameraPosition,-103.2125,1.6805,-107.5564,CameraRotation,353.576,267.834,3.280534,CurrentState,MoveToFinal,Slider,95,Scenario,5
ID,19,Time,1554.201,DronePosition,-84.06937,45,-107.379,11.1,CameraPosition,-103.2123,1.680463,-107.557,CameraRotation,353.5873,267.855,3.296629,CurrentState,MoveToFinal,Slider,95,Scenario,5
ID,19,Time,1554.215,DronePosition,-83.91631,45,-107.379,11.1,CameraPosition,-103.2123,1.680426,-107.5576,CameraRotation,353.5937,267.8886,3.297968,CurrentState,MoveToFinal,Slider,95,Scenario,5
ID,19,Time,1554.229,DronePosition,-83.75851,45,-107.379,11.1,CameraPosition,-103.2122,1.680387,-107.5582,CameraRotation,353.5996,267.9184,3.29815,CurrentState,MoveToFinal,Slider,95,Scenario,5
ID,19,Time,1554.244,DronePosition,-83.59977,45,-107.379,11.1,CameraPosition,-103.2121,1.680322,-107.5588,CameraRotation,353.5967,267.9349,3.299536,CurrentState,MoveToFinal,Slider,93,Scenario,5
ID,19,Time,1554.257,DronePosition,-83.45255,45,-107.379,11.1,CameraPosition,-103.212,1.680259,-107.5594,CameraRotation,353.6333,267.9524,3.296405,CurrentState,MoveToFinal,Slider,93,Scenario,5
ID,19,Time,1554.276,DronePosition,-83.24284,45,-107.379,11.1,CameraPosition,-103.2119,1.680174,-107.56,CameraRotation,353.6605,267.9659,3.288238,CurrentState,MoveToFinal,Slider,93,Scenario,5
ID,19,Time,1554.298,DronePosition,-82.99095,45,-107.379,11.1,CameraPosition,-103.2117,1.680095,-107.5613,CameraRotation,353.7125,268.0045,3.274746,CurrentState,MoveToFinal,Slider,93,Scenario,5
ID,19,Time,1554.312,DronePosition,-82.83865,45,-107.379,11.1,CameraPosition,-103.2116,1.680056,-107.5619,CameraRotation,353.7345,268.031,3.275546,CurrentState,MoveToFinal,Slider,93,Scenario,5
ID,19,Time,1554.326,DronePosition,-82.68402,45,-107.379,11.1,CameraPosition,-103.2115,1.679968,-107.5625,CameraRotation,353.7727,268.0529,3.285949,CurrentState,MoveToFinal,Slider,93,Scenario,5
ID,19,Time,1554.34,DronePosition,-82.53049,45,-107.379,11.1,CameraPosition,-103.2114,1.679874,-107.5631,CameraRotation,353.8211,268.0719,3.291561,CurrentState,MoveToFinal,Slider,92,Scenario,5
ID,19,Time,1554.354,DronePosition,-82.37325,45,-107.379,11.1,CameraPosition,-103.2113,1.679782,-107.5637,CameraRotation,353.856,268.0883,3.298417,CurrentState,MoveToFinal,Slider,92,Scenario,5
ID,19,Time,1554.368,DronePosition,-82.2195,45,-107.379,11.1,CameraPosition,-103.2113,1.679724,-107.5642,CameraRotation,353.901,268.0978,3.318774,CurrentState,MoveToFinal,Slider,92,Scenario,5
ID,19,Time,1554.382,DronePosition,-82.05983,45,-107.379,11.1,CameraPosition,-103.2112,1.679655,-107.5648,CameraRotation,353.9336,268.0998,3.338739,CurrentState,MoveToFinal,Slider,92,Scenario,5
ID,19,Time,1554.396,DronePosition,-81.90356,45,-107.379,11.1,CameraPosition,-103.2111,1.6796,-107.5654,CameraRotation,353.9562,268.1054,3.337483,CurrentState,MoveToFinal,Slider,92,Scenario,5
ID,19,Time,1554.41,DronePosition,-81.75385,45,-107.379,11.1,CameraPosition,-103.211,1.679576,-107.566,CameraRotation,353.9536,268.104,3.349702,CurrentState,MoveToFinal,Slider,92,Scenario,5
ID,19,Time,1554.424,DronePosition,-81.598,45,-107.379,11.1,CameraPosition,-103.2109,1.679561,-107.5666,CameraRotation,353.9286,268.1011,3.36242,CurrentState,MoveToFinal,Slider,92,Scenario,5
ID,19,Time,1554.438,DronePosition,-81.44556,45,-107.379,11.1,CameraPosition,-103.2108,1.679541,-107.5672,CameraRotation,353.9238,268.0943,3.361275,CurrentState,MoveToFinal,Slider,91,Scenario,5
ID,19,Time,1554.452,DronePosition,-81.28876,45,-107.379,11.1,CameraPosition,-103.2107,1.679497,-107.5677,CameraRotation,353.9228,268.0814,3.362628,CurrentState,MoveToFinal,Slider,91,Scenario,5
ID,19,Time,1554.466,DronePosition,-81.13298,45,-107.379,11.1,CameraPosition,-103.2105,1.679459,-107.5683,CameraRotation,353.9334,268.0742,3.376172,CurrentState,MoveToFinal,Slider,91,Scenario,5
ID,19,Time,1554.484,DronePosition,-80.92637,45,-107.379,11.1,CameraPosition,-103.2104,1.679429,-107.5689,CameraRotation,353.9226,268.0634,3.380554,CurrentState,MoveToFinal,Slider,91,Scenario,5
ID,19,Time,1554.507,DronePosition,-80.67377,45,-107.379,11.1,CameraPosition,-103.2102,1.679527,-107.57,CameraRotation,353.8197,268.035,3.40895,CurrentState,MoveToFinal,Slider,91,Scenario,5
ID,19,Time,1554.521,DronePosition,-80.5205,45,-107.379,11.1,CameraPosition,-103.21,1.679616,-107.5705,CameraRotation,353.7419,268.0156,3.410664,CurrentState,MoveToFinal,Slider,91,Scenario,5
ID,19,Time,1554.535,DronePosition,-80.36475,45,-107.379,11.1,CameraPosition,-103.2099,1.679699,-107.571,CameraRotation,353.6586,267.9929,3.415639,CurrentState,MoveToFinal,Slider,91,Scenario,5
ID,19,Time,1554.549,DronePosition,-80.21194,45,-107.379,11.1,CameraPosition,-103.2097,1.679855,-107.5715,CameraRotation,353.4819,267.9595,3.415826,CurrentState,MoveToFinal,Slider,91,Scenario,5
ID,19,Time,1554.563,DronePosition,-80.05559,45,-107.379,11.1,CameraPosition,-103.2096,1.680246,-107.572,CameraRotation,353.146,267.9158,3.420231,CurrentState,MoveToFinal,Slider,91,Scenario,5
ID,19,Time,1554.577,DronePosition,-79.90108,45,-107.379,11.1,CameraPosition,-103.2093,1.680746,-107.5725,CameraRotation,352.8084,267.8378,3.428941,CurrentState,MoveToFinal,Slider,91,Scenario,5
ID,19,Time,1554.591,DronePosition,-79.7458,45,-107.379,11.1,CameraPosition,-103.209,1.681264,-107.5731,CameraRotation,352.4575,267.7444,3.381451,CurrentState,MoveToFinal,Slider,91,Scenario,5
ID,19,Time,1554.605,DronePosition,-79.58595,45,-107.379,11.1,CameraPosition,-103.2087,1.68167,-107.5736,CameraRotation,352.236,267.6634,3.292342,CurrentState,MoveToFinal,Slider,91,Scenario,5
ID,19,Time,1554.619,DronePosition,-79.43714,45,-107.379,11.1,CameraPosition,-103.2083,1.681985,-107.5741,CameraRotation,352.093,267.5949,3.24192,CurrentState,MoveToFinal,Slider,91,Scenario,5
ID,19,Time,1554.633,DronePosition,-79.27835,45,-107.379,11.1,CameraPosition,-103.2079,1.682272,-107.5746,CameraRotation,351.9742,267.5429,3.220275,CurrentState,MoveToFinal,Slider,91,Scenario,5
ID,19,Time,1554.647,DronePosition,-79.12573,45,-107.379,11.1,CameraPosition,-103.2075,1.682495,-107.5751,CameraRotation,351.8564,267.4936,3.215212,CurrentState,MoveToFinal,Slider,91,Scenario,5
ID,19,Time,1554.661,DronePosition,-78.96949,45,-107.379,11.1,CameraPosition,-103.2072,1.682726,-107.5755,CameraRotation,351.6987,267.4614,3.229626,CurrentState,MoveToFinal,Slider,91,Scenario,5
ID,19,Time,1554.675,DronePosition,-78.81421,45,-107.379,11.1,CameraPosition,-103.2068,1.682999,-107.5759,CameraRotation,351.4953,267.4425,3.251756,CurrentState,MoveToFinal,Slider,91,Scenario,5
ID,19,Time,1554.694,DronePosition,-78.60448,45,-107.379,11.1,CameraPosition,-103.2065,1.683291,-107.5761,CameraRotation,351.2408,267.4427,3.268424,CurrentState,MoveToFinal,Slider,91,Scenario,5
ID,19,Time,1554.716,DronePosition,-78.35761,45,-107.379,11.1,CameraPosition,-103.206,1.68413,-107.5768,CameraRotation,350.5626,267.4191,3.264616,CurrentState,MoveToFinal,Slider,91,Scenario,5
ID,19,Time,1554.73,DronePosition,-78.2044,45,-107.379,11.1,CameraPosition,-103.2057,1.684553,-107.5771,CameraRotation,350.2579,267.3898,3.282808,CurrentState,MoveToFinal,Slider,91,Scenario,5
ID,19,Time,1554.744,DronePosition,-78.04454,45,-107.379,11.1,CameraPosition,-103.2054,1.684866,-107.5775,CameraRotation,350.0417,267.3503,3.289534,CurrentState,MoveToFinal,Slider,91,Scenario,5
ID,19,Time,1554.758,DronePosition,-77.89007,45,-107.379,11.1,CameraPosition,-103.205,1.68507,-107.5778,CameraRotation,349.9187,267.2953,3.304241,CurrentState,MoveToFinal,Slider,91,Scenario,5
ID,19,Time,1554.772,DronePosition,-77.73845,45,-107.379,11.1,CameraPosition,-103.2048,1.685404,-107.5782,CameraRotation,349.7884,267.2527,3.314312,CurrentState,MoveToFinal,Slider,91,Scenario,5
ID,19,Time,1554.786,DronePosition,-77.58324,45,-107.379,11.1,CameraPosition,-103.2046,1.685834,-107.5785,CameraRotation,349.5358,267.2066,3.304229,CurrentState,MoveToFinal,Slider,91,Scenario,5
ID,19,Time,1554.8,DronePosition,-77.4252,45,-107.379,11.1,CameraPosition,-103.2044,1.686261,-107.5788,CameraRotation,349.2431,267.1678,3.280216,CurrentState,MoveToFinal,Slider,91,Scenario,5
ID,19,Time,1554.814,DronePosition,-77.27138,45,-107.379,11.1,CameraPosition,-103.2041,1.686603,-107.579,CameraRotation,349.0227,267.1284,3.263314,CurrentState,MoveToFinal,Slider,91,Scenario,5
ID,19,Time,1554.828,DronePosition,-77.11673,45,-107.379,11.1,CameraPosition,-103.2038,1.686854,-107.5792,CameraRotation,348.8618,267.0981,3.257052,CurrentState,MoveToFinal,Slider,91,Scenario,5
ID,19,Time,1554.842,DronePosition,-76.96083,45,-107.379,11.1,CameraPosition,-103.2035,1.687014,-107.5794,CameraRotation,348.7424,267.0822,3.241354,CurrentState,MoveToFinal,Slider,91,Scenario,5
ID,19,Time,1554.856,DronePosition,-76.80558,45,-107.379,11.1,CameraPosition,-103.2033,1.687135,-107.5794,CameraRotation,348.6477,267.0722,3.237674,CurrentState,MoveToFinal,Slider,91,Scenario,5
ID,19,Time,1554.87,DronePosition,-76.65074,45,-107.379,11.1,CameraPosition,-103.2031,1.687215,-107.5795,CameraRotation,348.5705,267.0897,3.230954,CurrentState,MoveToFinal,Slider,91,Scenario,5
ID,19,Time,1554.884,DronePosition,-76.49648,45,-107.379,11.1,CameraPosition,-103.2029,1.6873,-107.5796,CameraRotation,348.5266,267.11,3.221941,CurrentState,MoveToFinal,Slider,91,Scenario,5
ID,19,Time,1554.902,DronePosition,-76.29124,45,-107.379,11.1,CameraPosition,-103.2027,1.68739,-107.5796,CameraRotation,348.4817,267.126,3.211119,CurrentState,MoveToFinal,Slider,91,Scenario,5
ID,19,Time,1554.925,DronePosition,-76.03718,45,-107.379,11.1,CameraPosition,-103.2025,1.687601,-107.5797,CameraRotation,348.369,267.1687,3.209964,CurrentState,MoveToFinal,Slider,91,Scenario,5
ID,19,Time,1554.939,DronePosition,-75.88445,45,-107.379,11.1,CameraPosition,-103.2024,1.687748,-107.5797,CameraRotation,348.3069,267.1845,3.207457,CurrentState,MoveToFinal,Slider,91,Scenario,5
ID,19,Time,1554.953,DronePosition,-75.72586,45,-107.379,11.1,CameraPosition,-103.2023,1.687864,-107.5797,CameraRotation,348.2214,267.1842,3.207773,CurrentState,MoveToFinal,Slider,91,Scenario,5
ID,19,Time,1554.967,DronePosition,-75.57488,45,-107.379,11.1,CameraPosition,-103.2022,1.68797,-107.5797,CameraRotation,348.1245,267.1734,3.198872,CurrentState,MoveToFinal,Slider,91,Scenario,5
ID,19,Time,1554.981,DronePosition,-75.41827,45,-107.379,11.1,CameraPosition,-103.2022,1.688117,-107.5797,CameraRotation,348.0092,267.1548,3.186914,CurrentState,MoveToFinal,Slider,91,Scenario,5
ID,19,Time,1554.995,DronePosition,-75.25951,45,-107.379,11.1,CameraPosition,-103.2022,1.688319,-107.5797,CameraRotation,347.8415,267.1289,3.173211,CurrentState,MoveToFinal,Slider,91,Scenario,5
ID,19,Time,1555.009,DronePosition,-75.10773,45,-107.379,11.1,CameraPosition,-103.2021,1.688634,-107.5796,CameraRotation,347.6006,267.0851,3.166572,CurrentState,MoveToFinal,Slider,91,Scenario,5
ID,19,Time,1555.023,DronePosition,-74.95369,45,-107.379,11.1,CameraPosition,-103.202,1.688975,-107.5795,CameraRotation,347.3309,267.037,3.160982,CurrentState,MoveToFinal,Slider,91,Scenario,5
ID,19,Time,1555.037,DronePosition,-74.7961,45,-107.379,11.1,CameraPosition,-103.2018,1.689296,-107.5794,CameraRotation,347.0668,267.0045,3.146885,CurrentState,MoveToFinal,Slider,91,Scenario,5
ID,19,Time,1555.051,DronePosition,-74.64278,45,-107.379,11.1,CameraPosition,-103.2017,1.689703,-107.5793,CameraRotation,346.7307,266.9573,3.129164,CurrentState,MoveToFinal,Slider,91,Scenario,5
ID,19,Time,1555.065,DronePosition,-74.48309,45,-107.379,11.1,CameraPosition,-103.2015,1.690344,-107.5793,CameraRotation,346.2055,266.8695,3.09292,CurrentState,MoveToFinal,Slider,91,Scenario,5
ID,19,Time,1555.079,DronePosition,-74.33104,45,-107.379,11.1,CameraPosition,-103.2012,1.691126,-107.5793,CameraRotation,345.6082,266.7634,3.072257,CurrentState,MoveToFinal,Slider,91,Scenario,5
ID,19,Time,1555.093,DronePosition,-74.17683,45,-107.379,11.1,CameraPosition,-103.2009,1.692098,-107.5792,CameraRotation,344.9327,266.6267,3.052453,CurrentState,MoveToFinal,Slider,91,Scenario,5
ID,19,Time,1555.111,DronePosition,-73.96974,45,-107.379,11.1,CameraPosition,-103.2005,1.693137,-107.5792,CameraRotation,344.2276,266.4952,3.016526,CurrentState,MoveToFinal,Slider,91,Scenario,5
ID,19,Time,1555.134,DronePosition,-73.71878,45,-107.379,11.1,CameraPosition,-103.1997,1.69637,-107.5793,CameraRotation,341.7367,266.1114,2.972664,CurrentState,MoveToFinal,Slider,91,Scenario,5
ID,19,Time,1555.147,DronePosition,-73.56695,45,-107.379,11.1,CameraPosition,-103.199,1.69861,-107.5794,CameraRotation,340.0526,265.8363,2.976792,CurrentState,MoveToFinal,Slider,91,Scenario,5
ID,19,Time,1555.162,DronePosition,-73.40797,45,-107.379,11.1,CameraPosition,-103.198,1.700755,-107.5795,CameraRotation,338.4397,265.5275,2.990672,CurrentState,MoveToFinal,Slider,91,Scenario,5
ID,19,Time,1555.176,DronePosition,-73.25238,45,-107.379,11.1,CameraPosition,-103.1969,1.70234,-107.5796,CameraRotation,337.203,265.2564,3.048884,CurrentState,MoveToFinal,Slider,91,Scenario,5
ID,19,Time,1555.19,DronePosition,-73.09659,45,-107.379,11.1,CameraPosition,-103.1957,1.703618,-107.5795,CameraRotation,336.2525,265.0374,3.124291,CurrentState,MoveToFinal,Slider,91,Scenario,5
ID,19,Time,1555.204,DronePosition,-72.94113,45,-107.379,11.1,CameraPosition,-103.1946,1.704776,-107.5795,CameraRotation,335.399,264.8583,3.187257,CurrentState,MoveToFinal,Slider,91,Scenario,5
ID,19,Time,1555.217,DronePosition,-72.79138,45,-107.379,11.1,CameraPosition,-103.1935,1.706066,-107.5794,CameraRotation,334.3239,264.678,3.247615,CurrentState,MoveToFinal,Slider,91,Scenario,5
ID,19,Time,1555.231,DronePosition,-72.63645,45,-107.379,11.1,CameraPosition,-103.1923,1.707631,-107.5793,CameraRotation,332.975,264.4791,3.308484,CurrentState,MoveToFinal,Slider,91,Scenario,5
ID,19,Time,1555.245,DronePosition,-72.48267,45,-107.379,11.1,CameraPosition,-103.1909,1.709371,-107.5792,CameraRotation,331.4792,264.3193,3.315552,CurrentState,MoveToFinal,Slider,91,Scenario,5
ID,19,Time,1555.26,DronePosition,-72.32273,45,-107.379,11.1,CameraPosition,-103.1893,1.711115,-107.579,CameraRotation,329.9972,264.1871,3.256491,CurrentState,MoveToFinal,Slider,91,Scenario,5
ID,19,Time,1555.273,DronePosition,-72.17007,45,-107.379,11.1,CameraPosition,-103.1874,1.712684,-107.5787,CameraRotation,328.5667,264.0772,3.202279,CurrentState,MoveToFinal,Slider,91,Scenario,5
ID,19,Time,1555.287,DronePosition,-72.01422,45,-107.379,11.1,CameraPosition,-103.1856,1.714031,-107.5784,CameraRotation,327.2888,263.9676,3.23131,CurrentState,MoveToFinal,Slider,91,Scenario,5
ID,19,Time,1555.302,DronePosition,-71.85712,45,-107.379,11.1,CameraPosition,-103.1836,1.715119,-107.5781,CameraRotation,326.1216,263.8726,3.272609,CurrentState,MoveToFinal,Slider,91,Scenario,5
ID,19,Time,1555.32,DronePosition,-71.64794,45,-107.379,11.1,CameraPosition,-103.1815,1.716092,-107.5776,CameraRotation,325.0738,263.7699,3.27389,CurrentState,MoveToFinal,Slider,91,Scenario,5
ID,19,Time,1555.343,DronePosition,-71.39945,45,-107.379,11.1,CameraPosition,-103.1774,1.71789,-107.5767,CameraRotation,323.0613,263.6165,3.168597,CurrentState,MoveToFinal,Slider,91,Scenario,5
ID,19,Time,1555.357,DronePosition,-71.24686,45,-107.379,11.1,CameraPosition,-103.1753,1.718934,-107.5762,CameraRotation,321.9838,263.5789,3.074771,CurrentState,MoveToFinal,Slider,91,Scenario,5
ID,19,Time,1555.371,DronePosition,-71.09041,45,-107.379,11.1,CameraPosition,-103.1731,1.719962,-107.5757,CameraRotation,320.8444,263.5568,2.973311,CurrentState,MoveToFinal,Slider,91,Scenario,5
ID,19,Time,1555.385,DronePosition,-70.9342,45,-107.379,11.1,CameraPosition,-103.1708,1.720864,-107.575,CameraRotation,319.7798,263.5298,2.91823,CurrentState,MoveToFinal,Slider,91,Scenario,5
ID,19,Time,1555.399,DronePosition,-70.78054,45,-107.379,11.1,CameraPosition,-103.1686,1.721569,-107.5744,CameraRotation,318.8332,263.496,2.855892,CurrentState,MoveToFinal,Slider,91,Scenario,5
ID,19,Time,1555.413,DronePosition,-70.62423,45,-107.379,11.1,CameraPosition,-103.1664,1.722165,-107.5737,CameraRotation,317.9568,263.4698,2.790152,CurrentState,MoveToFinal,Slider,91,Scenario,5
ID,19,Time,1555.427,DronePosition,-70.4651,45,-107.379,11.1,CameraPosition,-103.1643,1.722631,-107.573,CameraRotation,317.122,263.4561,2.712908,CurrentState,MoveToFinal,Slider,91,Scenario,5
ID,19,Time,1555.441,DronePosition,-70.31144,45,-107.379,11.1,CameraPosition,-103.1621,1.723127,-107.5723,CameraRotation,316.2534,263.4596,2.634221,CurrentState,MoveToFinal,Slider,91,Scenario,5
ID,19,Time,1555.455,DronePosition,-70.15482,45,-107.379,11.1,CameraPosition,-103.1601,1.723628,-107.5716,CameraRotation,315.4202,263.4893,2.563504,CurrentState,MoveToFinal,Slider,91,Scenario,5
ID,19,Time,1555.469,DronePosition,-70.00242,45,-107.379,11.1,CameraPosition,-103.1581,1.724009,-107.5708,CameraRotation,314.6953,263.5099,2.509832,CurrentState,MoveToFinal,Slider,91,Scenario,5
ID,19,Time,1555.483,DronePosition,-69.84258,45,-107.379,11.1,CameraPosition,-103.1562,1.724382,-107.5701,CameraRotation,313.9867,263.5035,2.490864,CurrentState,MoveToFinal,Slider,91,Scenario,5
ID,19,Time,1555.497,DronePosition,-69.68945,45,-107.379,11.1,CameraPosition,-103.1544,1.724741,-107.5695,CameraRotation,313.3386,263.4963,2.464691,CurrentState,MoveToFinal,Slider,91,Scenario,5
ID,19,Time,1555.511,DronePosition,-69.53239,45,-107.379,11.1,CameraPosition,-103.1526,1.725065,-107.5688,CameraRotation,312.7298,263.4649,2.473075,CurrentState,MoveToFinal,Slider,91,Scenario,5
ID,19,Time,1555.529,DronePosition,-69.33054,45,-107.379,11.1,CameraPosition,-103.151,1.72533,-107.5681,CameraRotation,312.1599,263.4633,2.451829,CurrentState,MoveToFinal,Slider,91,Scenario,5
ID,19,Time,1555.552,DronePosition,-69.07884,45,-107.379,11.1,CameraPosition,-103.1478,1.725696,-107.5667,CameraRotation,311.2845,263.4582,2.357976,CurrentState,MoveToFinal,Slider,91,Scenario,5
ID,19,Time,1555.566,DronePosition,-68.92121,45,-107.379,11.1,CameraPosition,-103.1463,1.725914,-107.5661,CameraRotation,310.815,263.4345,2.320019,CurrentState,MoveToFinal,Slider,91,Scenario,5
ID,19,Time,1555.58,DronePosition,-68.76915,45,-107.379,11.1,CameraPosition,-103.1449,1.726129,-107.5655,CameraRotation,310.3828,263.4065,2.283048,CurrentState,MoveToFinal,Slider,91,Scenario,5
ID,19,Time,1555.595,DronePosition,-68.60459,45,-107.379,11.1,CameraPosition,-103.1435,1.726315,-107.5649,CameraRotation,309.9626,263.3787,2.257404,CurrentState,MoveToFinal,Slider,91,Scenario,5
ID,19,Time,1555.608,DronePosition,-68.4572,45,-107.379,11.1,CameraPosition,-103.1423,1.726428,-107.5643,CameraRotation,309.6018,263.3387,2.24527,CurrentState,MoveToFinal,Slider,91,Scenario,5
ID,19,Time,1555.622,DronePosition,-68.30424,45,-107.379,11.1,CameraPosition,-103.1412,1.726517,-107.5637,CameraRotation,309.3482,263.3163,2.240879,CurrentState,MoveToFinal,Slider,91,Scenario,5
ID,19,Time,1555.636,DronePosition,-68.14335,45,-107.379,11.1,CameraPosition,-103.1401,1.726637,-107.5631,CameraRotation,309.1184,263.2754,2.251035,CurrentState,MoveToFinal,Slider,91,Scenario,5
ID,19,Time,1555.65,DronePosition,-67.99213,45,-107.379,11.1,CameraPosition,-103.1392,1.726796,-107.5625,CameraRotation,308.8414,263.2317,2.26413,CurrentState,MoveToFinal,Slider,92,Scenario,5
ID,19,Time,1555.664,DronePosition,-67.83568,45,-107.379,11.1,CameraPosition,-103.1383,1.726943,-107.562,CameraRotation,308.6174,263.2158,2.25653,CurrentState,MoveToFinal,Slider,92,Scenario,5
ID,19,Time,1555.678,DronePosition,-67.68291,45,-107.379,11.1,CameraPosition,-103.1376,1.727051,-107.5614,CameraRotation,308.4675,263.2146,2.226832,CurrentState,MoveToFinal,Slider,92,Scenario,5
ID,19,Time,1555.692,DronePosition,-67.52652,45,-107.379,11.1,CameraPosition,-103.1371,1.727149,-107.5609,CameraRotation,308.3195,263.1933,2.211252,CurrentState,MoveToFinal,Slider,92,Scenario,5
ID,19,Time,1555.706,DronePosition,-67.36934,45,-107.379,11.1,CameraPosition,-103.1366,1.727182,-107.5604,CameraRotation,308.2002,263.1892,2.193284,CurrentState,MoveToFinal,Slider,92,Scenario,5
ID,19,Time,1555.72,DronePosition,-67.21458,45,-107.379,11.1,CameraPosition,-103.1362,1.727181,-107.5599,CameraRotation,308.177,263.2241,2.140476,CurrentState,MoveToFinal,Slider,92,Scenario,5
ID,19,Time,1555.738,DronePosition,-67.0097,45,-107.379,11.1,CameraPosition,-103.1359,1.72721,-107.5594,CameraRotation,308.1656,263.2569,2.078332,CurrentState,MoveToFinal,Slider,92,Scenario,5
ID,19,Time,1555.761,DronePosition,-66.75936,45,-107.379,11.1,CameraPosition,-103.1355,1.727213,-107.5585,CameraRotation,308.2391,263.3725,1.921046,CurrentState,MoveToFinal,Slider,93,Scenario,5
ID,19,Time,1555.775,DronePosition,-66.60526,45,-107.379,11.1,CameraPosition,-103.1354,1.727209,-107.5582,CameraRotation,308.2461,263.3896,1.877169,CurrentState,MoveToFinal,Slider,93,Scenario,5
ID,19,Time,1555.789,DronePosition,-66.44569,45,-107.379,11.1,CameraPosition,-103.1354,1.727252,-107.5578,CameraRotation,308.2728,263.3754,1.884156,CurrentState,MoveToFinal,Slider,93,Scenario,5
ID,19,Time,1555.803,DronePosition,-66.2944,45,-107.379,11.1,CameraPosition,-103.1355,1.727257,-107.5574,CameraRotation,308.3055,263.3582,1.914479,CurrentState,MoveToFinal,Slider,93,Scenario,5
ID,19,Time,1555.817,DronePosition,-66.13963,45,-107.379,11.1,CameraPosition,-103.1356,1.727206,-107.5571,CameraRotation,308.3571,263.3464,1.931418,CurrentState,MoveToFinal,Slider,93,Scenario,5
ID,19,Time,1555.831,DronePosition,-65.98149,45,-107.379,11.1,CameraPosition,-103.1359,1.727102,-107.5568,CameraRotation,308.4387,263.3477,1.933023,CurrentState,MoveToFinal,Slider,93,Scenario,5
ID,19,Time,1555.845,DronePosition,-65.82589,45,-107.379,11.1,CameraPosition,-103.1362,1.727025,-107.5565,CameraRotation,308.5587,263.3944,1.861388,CurrentState,MoveToFinal,Slider,94,Scenario,5
ID,19,Time,1555.859,DronePosition,-65.67319,45,-107.379,11.1,CameraPosition,-103.1366,1.726959,-107.5562,CameraRotation,308.7256,263.4226,1.816179,CurrentState,MoveToFinal,Slider,94,Scenario,5
ID,19,Time,1555.873,DronePosition,-65.51775,45,-107.379,11.1,CameraPosition,-103.137,1.726926,-107.5561,CameraRotation,308.8982,263.415,1.841385,CurrentState,MoveToFinal,Slider,94,Scenario,5
ID,19,Time,1555.887,DronePosition,-65.36025,45,-107.379,11.1,CameraPosition,-103.1375,1.726946,-107.556,CameraRotation,309.0916,263.3662,1.936341,CurrentState,MoveToFinal,Slider,94,Scenario,5
ID,19,Time,1555.901,DronePosition,-65.20517,45,-107.379,11.1,CameraPosition,-103.138,1.726965,-107.556,CameraRotation,309.2601,263.3093,2.033257,CurrentState,MoveToFinal,Slider,94,Scenario,5
ID,19,Time,1555.915,DronePosition,-65.05046,45,-107.379,11.1,CameraPosition,-103.1387,1.726941,-107.5559,CameraRotation,309.4958,263.2616,2.118159,CurrentState,MoveToFinal,Slider,94,Scenario,5
ID,19,Time,1555.929,DronePosition,-64.8963,45,-107.379,11.1,CameraPosition,-103.1396,1.726811,-107.5559,CameraRotation,309.7916,263.2205,2.176256,CurrentState,MoveToFinal,Slider,94,Scenario,5
ID,19,Time,1555.947,DronePosition,-64.68871,45,-107.379,11.1,CameraPosition,-103.1405,1.726647,-107.5558,CameraRotation,310.1158,263.1769,2.235854,CurrentState,MoveToFinal,Slider,94,Scenario,5
ID,19,Time,1555.97,DronePosition,-64.43845,45,-107.379,11.1,CameraPosition,-103.1426,1.726168,-107.5558,CameraRotation,310.852,263.1097,2.302487,CurrentState,MoveToFinal,Slider,94,Scenario,5
ID,19,Time,1555.984,DronePosition,-64.28196,45,-107.379,11.1,CameraPosition,-103.1437,1.72599,-107.5558,CameraRotation,311.2271,263.0733,2.330292,CurrentState,MoveToFinal,Slider,94,Scenario,5
ID,19,Time,1555.998,DronePosition,-64.12744,45,-107.379,11.1,CameraPosition,-103.1449,1.725827,-107.5558,CameraRotation,311.619,263.0482,2.344695,CurrentState,MoveToFinal,Slider,94,Scenario,5
ID,19,Time,1556.012,DronePosition,-63.97207,45,-107.379,11.1,CameraPosition,-103.1462,1.725695,-107.5557,CameraRotation,312.0298,263.0439,2.33281,CurrentState,MoveToFinal,Slider,94,Scenario,5
ID,19,Time,1556.026,DronePosition,-63.81557,45,-107.379,11.1,CameraPosition,-103.1474,1.72558,-107.5557,CameraRotation,312.3929,263.0546,2.322028,CurrentState,MoveToFinal,Slider,94,Scenario,5
ID,19,Time,1556.04,DronePosition,-63.66282,45,-107.379,11.1,CameraPosition,-103.1487,1.725428,-107.5557,CameraRotation,312.7393,263.0437,2.332631,CurrentState,MoveToFinal,Slider,94,Scenario,5
ID,19,Time,1556.054,DronePosition,-63.50103,45,-107.379,11.1,CameraPosition,-103.1499,1.725204,-107.5557,CameraRotation,313.118,263.0854,2.274956,CurrentState,MoveToFinal,Slider,89,Scenario,5
ID,19,Time,1556.068,DronePosition,-63.34752,45,-107.379,11.1,CameraPosition,-103.1511,1.724936,-107.5557,CameraRotation,313.5433,263.1588,2.211814,CurrentState,MoveToFinal,Slider,89,Scenario,5
ID,19,Time,1556.082,DronePosition,-63.19474,45,-107.379,11.1,CameraPosition,-103.1525,1.724677,-107.5556,CameraRotation,313.9738,263.2648,2.160617,CurrentState,MoveToFinal,Slider,89,Scenario,5
ID,19,Time,1556.096,DronePosition,-63.04174,45,-107.379,11.1,CameraPosition,-103.1538,1.724414,-107.5555,CameraRotation,314.4252,263.3961,2.106852,CurrentState,MoveToFinal,Slider,89,Scenario,5
ID,19,Time,1556.11,DronePosition,-62.88242,45,-107.379,11.1,CameraPosition,-103.1551,1.724133,-107.5553,CameraRotation,314.8572,263.5324,2.054275,CurrentState,MoveToFinal,Slider,89,Scenario,5
ID,19,Time,1556.124,DronePosition,-62.7306,45,-107.379,11.1,CameraPosition,-103.1563,1.723812,-107.5553,CameraRotation,315.2993,263.6583,1.976231,CurrentState,MoveToFinal,Slider,89,Scenario,5
ID,19,Time,1556.138,DronePosition,-62.5746,45,-107.379,11.1,CameraPosition,-103.1576,1.723445,-107.5552,CameraRotation,315.7356,263.7531,1.937699,CurrentState,MoveToFinal,Slider,89,Scenario,5
ID,19,Time,1556.156,DronePosition,-62.36802,45,-107.379,11.1,CameraPosition,-103.1588,1.723107,-107.5552,CameraRotation,316.1934,263.8392,1.894107,CurrentState,MoveToFinal,Slider,85,Scenario,5
ID,19,Time,1556.179,DronePosition,-62.11687,45,-107.379,11.1,CameraPosition,-103.1614,1.722461,-107.5551,CameraRotation,317.1395,263.9897,1.836483,CurrentState,MoveToFinal,Slider,85,Scenario,5
ID,19,Time,1556.193,DronePosition,-61.96242,45,-107.379,11.1,CameraPosition,-103.1627,1.72217,-107.5551,CameraRotation,317.5912,264.0438,1.847597,CurrentState,MoveToFinal,Slider,85,Scenario,5
ID,19,Time,1556.207,DronePosition,-61.81064,45,-107.379,11.1,CameraPosition,-103.1639,1.72187,-107.5551,CameraRotation,317.9723,264.0737,1.880143,CurrentState,MoveToFinal,Slider,85,Scenario,5
ID,19,Time,1556.22,DronePosition,-61.65805,45,-107.379,11.1,CameraPosition,-103.1651,1.721566,-107.5552,CameraRotation,318.3567,264.1095,1.883869,CurrentState,MoveToFinal,Slider,85,Scenario,5
ID,19,Time,1556.235,DronePosition,-61.49976,45,-107.379,11.1,CameraPosition,-103.1664,1.721182,-107.5552,CameraRotation,318.7974,264.1533,1.886751,CurrentState,MoveToFinal,Slider,85,Scenario,5
ID,19,Time,1556.248,DronePosition,-61.34808,45,-107.379,11.1,CameraPosition,-103.1677,1.720698,-107.5552,CameraRotation,319.3607,264.2043,1.897537,CurrentState,MoveToFinal,Slider,82,Scenario,5
ID,19,Time,1556.262,DronePosition,-61.19138,45,-107.379,11.1,CameraPosition,-103.1691,1.720205,-107.5552,CameraRotation,319.9641,264.2783,1.897108,CurrentState,MoveToFinal,Slider,82,Scenario,5
ID,19,Time,1556.276,DronePosition,-61.03804,45,-107.379,11.1,CameraPosition,-103.1704,1.719732,-107.5552,CameraRotation,320.5214,264.3537,1.872669,CurrentState,MoveToFinal,Slider,82,Scenario,5
ID,19,Time,1556.29,DronePosition,-60.88036,45,-107.379,11.1,CameraPosition,-103.1719,1.719278,-107.5553,CameraRotation,321.002,264.4462,1.832929,CurrentState,MoveToFinal,Slider,82,Scenario,5
ID,19,Time,1556.304,DronePosition,-60.72485,45,-107.379,11.1,CameraPosition,-103.1732,1.718865,-107.5554,CameraRotation,321.4346,264.5037,1.823252,CurrentState,MoveToFinal,Slider,82,Scenario,5
ID,19,Time,1556.318,DronePosition,-60.56892,45,-107.379,11.1,CameraPosition,-103.1745,1.718471,-107.5555,CameraRotation,321.8847,264.5365,1.847893,CurrentState,MoveToFinal,Slider,82,Scenario,5
ID,19,Time,1556.332,DronePosition,-60.41537,45,-107.379,11.1,CameraPosition,-103.1758,1.717988,-107.5556,CameraRotation,322.4125,264.5445,1.908134,CurrentState,MoveToFinal,Slider,82,Scenario,5
ID,19,Time,1556.346,DronePosition,-60.26387,45,-107.379,11.1,CameraPosition,-103.1771,1.717355,-107.5557,CameraRotation,323.069,264.5525,1.987751,CurrentState,MoveToFinal,Slider,80,Scenario,5
ID,19,Time,1556.365,DronePosition,-60.05609,45,-107.379,11.1,CameraPosition,-103.1784,1.71662,-107.5558,CameraRotation,323.8117,264.5878,2.03597,CurrentState,MoveToFinal,Slider,80,Scenario,5
ID,19,Time,1556.387,DronePosition,-59.80406,45,-107.379,11.1,CameraPosition,-103.181,1.715133,-107.556,CameraRotation,325.1111,264.7038,2.089479,CurrentState,MoveToFinal,Slider,80,Scenario,5
ID,19,Time,1556.401,DronePosition,-59.65134,45,-107.379,11.1,CameraPosition,-103.1822,1.714552,-107.556,CameraRotation,325.6872,264.7622,2.108361,CurrentState,MoveToFinal,Slider,80,Scenario,5
ID,19,Time,1556.415,DronePosition,-59.4959,45,-107.379,11.1,CameraPosition,-103.1834,1.713935,-107.5561,CameraRotation,326.2834,264.8064,2.116049,CurrentState,MoveToFinal,Slider,80,Scenario,5
ID,19,Time,1556.429,DronePosition,-59.34204,45,-107.379,11.1,CameraPosition,-103.1846,1.713196,-107.5562,CameraRotation,326.9933,264.8555,2.133828,CurrentState,MoveToFinal,Slider,80,Scenario,5
ID,19,Time,1556.443,DronePosition,-59.18522,45,-107.379,11.1,CameraPosition,-103.1858,1.712296,-107.5563,CameraRotation,327.8453,264.9196,2.133135,CurrentState,MoveToFinal,Slider,78,Scenario,5
ID,19,Time,1556.457,DronePosition,-59.03069,45,-107.379,11.1,CameraPosition,-103.187,1.711367,-107.5564,CameraRotation,328.7027,264.976,2.136798,CurrentState,MoveToFinal,Slider,78,Scenario,5
ID,19,Time,1556.471,DronePosition,-58.87576,45,-107.379,11.1,CameraPosition,-103.1882,1.710532,-107.5565,CameraRotation,329.4174,265.0412,2.157411,CurrentState,MoveToFinal,Slider,78,Scenario,5
ID,19,Time,1556.485,DronePosition,-58.71988,45,-107.379,11.1,CameraPosition,-103.1892,1.709984,-107.5566,CameraRotation,329.938,265.1086,2.201651,CurrentState,MoveToFinal,Slider,78,Scenario,5
ID,19,Time,1556.5,DronePosition,-58.55691,45,-107.379,11.1,CameraPosition,-103.1902,1.709411,-107.5567,CameraRotation,330.4487,265.1664,2.262964,CurrentState,MoveToFinal,Slider,78,Scenario,5
ID,19,Time,1556.514,DronePosition,-58.39845,45,-107.379,11.1,CameraPosition,-103.1913,1.708608,-107.5568,CameraRotation,331.1154,265.2235,2.30794,CurrentState,MoveToFinal,Slider,78,Scenario,5
ID,19,Time,1556.527,DronePosition,-58.25393,45,-107.379,11.1,CameraPosition,-103.1922,1.707442,-107.5569,CameraRotation,332.0477,265.3107,2.329441,CurrentState,MoveToFinal,Slider,78,Scenario,5
ID,19,Time,1556.541,DronePosition,-58.10098,45,-107.379,11.1,CameraPosition,-103.1932,1.706168,-107.557,CameraRotation,333.145,265.4085,2.363468,CurrentState,MoveToFinal,Slider,78,Scenario,5
ID,19,Time,1556.555,DronePosition,-57.9467,45,-107.379,11.1,CameraPosition,-103.1943,1.705132,-107.557,CameraRotation,334.0812,265.5304,2.418232,CurrentState,MoveToFinal,Slider,77,Scenario,5
ID,19,Time,1556.573,DronePosition,-57.7409,45,-107.379,11.1,CameraPosition,-103.1953,1.704443,-107.557,CameraRotation,334.6661,265.6631,2.406245,CurrentState,MoveToFinal,Slider,77,Scenario,5
ID,19,Time,1556.596,DronePosition,-57.48884,45,-107.379,11.1,CameraPosition,-103.197,1.703174,-107.5572,CameraRotation,335.6538,265.8671,2.443033,CurrentState,MoveToFinal,Slider,77,Scenario,5
ID,19,Time,1556.61,DronePosition,-57.33715,45,-107.379,11.1,CameraPosition,-103.1978,1.70204,-107.5573,CameraRotation,336.4205,265.9554,2.485237,CurrentState,MoveToFinal,Slider,77,Scenario,5
ID,19,Time,1556.624,DronePosition,-57.18315,45,-107.379,11.1,CameraPosition,-103.1986,1.700706,-107.5574,CameraRotation,337.3503,266.0874,2.454268,CurrentState,MoveToFinal,Slider,77,Scenario,5
ID,19,Time,1556.638,DronePosition,-57.02726,45,-107.379,11.1,CameraPosition,-103.1995,1.699619,-107.5574,CameraRotation,338.2164,266.2484,2.378345,CurrentState,MoveToFinal,Slider,77,Scenario,5
ID,19,Time,1556.652,DronePosition,-56.87017,45,-107.379,11.1,CameraPosition,-103.2004,1.698842,-107.5575,CameraRotation,338.8461,266.3738,2.315249,CurrentState,MoveToFinal,Slider,76,Scenario,5
ID,19,Time,1556.666,DronePosition,-56.71367,45,-107.379,11.1,CameraPosition,-103.2012,1.698307,-107.5575,CameraRotation,339.269,266.4572,2.366678,CurrentState,MoveToFinal,Slider,76,Scenario,5
ID,19,Time,1556.68,DronePosition,-56.5593,45,-107.379,11.1,CameraPosition,-103.202,1.697813,-107.5576,CameraRotation,339.655,266.5151,2.47518,CurrentState,MoveToFinal,Slider,76,Scenario,5
ID,19,Time,1556.693,DronePosition,-56.40627,45,-107.379,11.1,CameraPosition,-103.2027,1.697076,-107.5577,CameraRotation,340.101,266.5638,2.563438,CurrentState,MoveToFinal,Slider,76,Scenario,5
ID,19,Time,1556.708,DronePosition,-56.25002,45,-107.379,11.1,CameraPosition,-103.2034,1.696094,-107.5578,CameraRotation,340.7356,266.6392,2.609601,CurrentState,MoveToFinal,Slider,76,Scenario,5
ID,19,Time,1556.721,DronePosition,-56.0991,45,-107.379,11.1,CameraPosition,-103.2041,1.695023,-107.5579,CameraRotation,341.5413,266.7607,2.571892,CurrentState,MoveToFinal,Slider,76,Scenario,5
ID,19,Time,1556.735,DronePosition,-55.94037,45,-107.379,11.1,CameraPosition,-103.2049,1.694124,-107.558,CameraRotation,342.2107,266.8652,2.533717,CurrentState,MoveToFinal,Slider,76,Scenario,5
ID,19,Time,1556.749,DronePosition,-55.78603,45,-107.379,11.1,CameraPosition,-103.2055,1.693526,-107.558,CameraRotation,342.6319,266.9199,2.518418,CurrentState,MoveToFinal,Slider,75,Scenario,5
ID,19,Time,1556.763,DronePosition,-55.63148,45,-107.379,11.1,CameraPosition,-103.2061,1.692996,-107.5581,CameraRotation,342.9735,266.9613,2.498017,CurrentState,MoveToFinal,Slider,75,Scenario,5
ID,19,Time,1556.782,DronePosition,-55.42411,45,-107.379,11.1,CameraPosition,-103.2067,1.692298,-107.5582,CameraRotation,343.4101,266.9682,2.500092,CurrentState,MoveToFinal,Slider,75,Scenario,5
ID,19,Time,1556.804,DronePosition,-55.17451,45,-107.379,11.1,CameraPosition,-103.2077,1.690579,-107.5583,CameraRotation,344.5916,267.0552,2.530629,CurrentState,MoveToFinal,Slider,75,Scenario,5
ID,19,Time,1556.818,DronePosition,-55.02144,45,-107.379,11.1,CameraPosition,-103.2082,1.689954,-107.5583,CameraRotation,345.0126,267.1165,2.543014,CurrentState,MoveToFinal,Slider,75,Scenario,5
ID,19,Time,1556.832,DronePosition,-54.86575,45,-107.379,11.1,CameraPosition,-103.2088,1.689605,-107.5584,CameraRotation,345.2052,267.1785,2.505498,CurrentState,MoveToFinal,Slider,75,Scenario,5
ID,19,Time,1556.846,DronePosition,-54.71087,45,-107.379,11.1,CameraPosition,-103.2092,1.689569,-107.5585,CameraRotation,345.2343,267.2327,2.454883,CurrentState,MoveToFinal,Slider,74,Scenario,5
ID,19,Time,1556.86,DronePosition,-54.55531,45,-107.379,11.1,CameraPosition,-103.2096,1.689451,-107.5585,CameraRotation,345.2907,267.2543,2.448079,CurrentState,MoveToFinal,Slider,74,Scenario,5
ID,19,Time,1556.874,DronePosition,-54.40012,45,-107.379,11.1,CameraPosition,-103.2099,1.689154,-107.5586,CameraRotation,345.472,267.2653,2.441899,CurrentState,MoveToFinal,Slider,74,Scenario,5
ID,19,Time,1556.889,DronePosition,-54.24163,45,-107.379,11.1,CameraPosition,-103.2102,1.68887,-107.5587,CameraRotation,345.7015,267.2621,2.455315,CurrentState,MoveToFinal,Slider,74,Scenario,5
ID,19,Time,1556.902,DronePosition,-54.09298,45,-107.379,11.1,CameraPosition,-103.2105,1.688796,-107.5589,CameraRotation,345.7059,267.2434,2.510664,CurrentState,MoveToFinal,Slider,74,Scenario,5
ID,19,Time,1556.916,DronePosition,-53.93449,45,-107.379,11.1,CameraPosition,-103.2108,1.6889,-107.559,CameraRotation,345.5863,267.2137,2.583456,CurrentState,MoveToFinal,Slider,74,Scenario,5
ID,19,Time,1556.93,DronePosition,-53.7789,45,-107.379,11.1,CameraPosition,-103.2111,1.68898,-107.5591,CameraRotation,345.5092,267.1754,2.611129,CurrentState,MoveToFinal,Slider,74,Scenario,5
ID,19,Time,1556.944,DronePosition,-53.62515,45,-107.379,11.1,CameraPosition,-103.2113,1.688951,-107.5592,CameraRotation,345.5104,267.1406,2.607714,CurrentState,MoveToFinal,Slider,74,Scenario,5
ID,19,Time,1556.958,DronePosition,-53.4666,45,-107.379,11.1,CameraPosition,-103.2114,1.688896,-107.5593,CameraRotation,345.5426,267.1133,2.60728,CurrentState,MoveToFinal,Slider,75,Scenario,5
ID,19,Time,1556.972,DronePosition,-53.31515,45,-107.379,11.1,CameraPosition,-103.2115,1.688859,-107.5594,CameraRotation,345.5558,267.0782,2.614329,CurrentState,MoveToFinal,Slider,75,Scenario,5
ID,19,Time,1556.991,DronePosition,-53.1073,45,-107.379,11.1,CameraPosition,-103.2116,1.688864,-107.5595,CameraRotation,345.5388,267.0503,2.638692,CurrentState,MoveToFinal,Slider,75,Scenario,5
ID,19,Time,1557.013,DronePosition,-52.8565,45,-107.379,11.1,CameraPosition,-103.2117,1.689108,-107.5597,CameraRotation,345.3806,267.0143,2.668739,CurrentState,MoveToFinal,Slider,75,Scenario,5
ID,19,Time,1557.027,DronePosition,-52.70369,45,-107.379,11.1,CameraPosition,-103.2118,1.68925,-107.5598,CameraRotation,345.2825,267.0184,2.646246,CurrentState,MoveToFinal,Slider,75,Scenario,5
ID,19,Time,1557.041,DronePosition,-52.54778,45,-107.379,11.1,CameraPosition,-103.2118,1.689335,-107.5598,CameraRotation,345.2377,267.0313,2.602647,CurrentState,MoveToFinal,Slider,75,Scenario,5
ID,19,Time,1557.055,DronePosition,-52.39154,45,-107.379,11.1,CameraPosition,-103.2117,1.689389,-107.5599,CameraRotation,345.2328,267.0432,2.60074,CurrentState,MoveToFinal,Slider,75,Scenario,5
ID,19,Time,1557.069,DronePosition,-52.2338,45,-107.379,11.1,CameraPosition,-103.2117,1.689453,-107.56,CameraRotation,345.2126,267.0351,2.640254,CurrentState,MoveToFinal,Slider,75,Scenario,5
ID,19,Time,1557.083,DronePosition,-52.08199,45,-107.379,11.1,CameraPosition,-103.2116,1.68954,-107.56,CameraRotation,345.1776,267.0212,2.675984,CurrentState,MoveToFinal,Slider,75,Scenario,5
ID,19,Time,1557.097,DronePosition,-51.92605,45,-107.379,11.1,CameraPosition,-103.2115,1.689624,-107.5601,CameraRotation,345.1338,267.0163,2.719341,CurrentState,MoveToFinal,Slider,75,Scenario,5
ID,19,Time,1557.111,DronePosition,-51.76736,45,-107.379,11.1,CameraPosition,-103.2114,1.689714,-107.5602,CameraRotation,345.0822,267.0253,2.73029,CurrentState,MoveToFinal,Slider,75,Scenario,5
ID,19,Time,1557.125,DronePosition,-51.61611,45,-107.379,11.1,CameraPosition,-103.2114,1.689825,-107.5602,CameraRotation,345.0078,267.0365,2.728673,CurrentState,MoveToFinal,Slider,75,Scenario,5
ID,19,Time,1557.139,DronePosition,-51.46198,45,-107.379,11.1,CameraPosition,-103.2113,1.689946,-107.5603,CameraRotation,344.9139,267.0296,2.755627,CurrentState,MoveToFinal,Slider,75,Scenario,5
ID,19,Time,1557.153,DronePosition,-51.30412,45,-107.379,11.1,CameraPosition,-103.2112,1.690063,-107.5604,CameraRotation,344.8249,267.0027,2.79652,CurrentState,MoveToFinal,Slider,78,Scenario,5
ID,19,Time,1557.167,DronePosition,-51.15203,45,-107.379,11.1,CameraPosition,-103.2112,1.690172,-107.5605,CameraRotation,344.7559,266.9835,2.809734,CurrentState,MoveToFinal,Slider,78,Scenario,5
ID,19,Time,1557.181,DronePosition,-50.99701,45,-107.379,11.1,CameraPosition,-103.2111,1.690261,-107.5605,CameraRotation,344.7092,266.9469,2.805653,CurrentState,MoveToFinal,Slider,78,Scenario,5
ID,19,Time,1557.201,DronePosition,-50.77686,45,-107.379,11.1,CameraPosition,-103.211,1.690348,-107.5606,CameraRotation,344.6812,266.9139,2.807027,CurrentState,MoveToFinal,Slider,78,Scenario,5
ID,19,Time,1557.222,DronePosition,-50.53914,45,-107.379,11.1,CameraPosition,-103.2109,1.690531,-107.5607,CameraRotation,344.569,266.8558,2.798234,CurrentState,MoveToFinal,Slider,78,Scenario,5
ID,19,Time,1557.236,DronePosition,-50.38387,45,-107.379,11.1,CameraPosition,-103.2108,1.690629,-107.5607,CameraRotation,344.529,266.8523,2.77087,CurrentState,MoveToFinal,Slider,78,Scenario,5
ID,19,Time,1557.25,DronePosition,-50.22945,45,-107.379,11.1,CameraPosition,-103.2108,1.690755,-107.5607,CameraRotation,344.4819,266.8449,2.776999,CurrentState,MoveToFinal,Slider,79,Scenario,5
ID,19,Time,1557.264,DronePosition,-50.07495,45,-107.379,11.1,CameraPosition,-103.2107,1.690913,-107.5607,CameraRotation,344.4164,266.8475,2.782421,CurrentState,MoveToFinal,Slider,79,Scenario,5
ID,19,Time,1557.278,DronePosition,-49.91783,45,-107.379,11.1,CameraPosition,-103.2107,1.691028,-107.5607,CameraRotation,344.3576,266.8511,2.79093,CurrentState,MoveToFinal,Slider,79,Scenario,5
ID,19,Time,1557.292,DronePosition,-49.76391,45,-107.379,11.1,CameraPosition,-103.2106,1.691105,-107.5607,CameraRotation,344.3055,266.8471,2.808181,CurrentState,MoveToFinal,Slider,79,Scenario,5
ID,19,Time,1557.306,DronePosition,-49.60816,45,-107.379,11.1,CameraPosition,-103.2105,1.691157,-107.5607,CameraRotation,344.2833,266.8669,2.803445,CurrentState,MoveToFinal,Slider,79,Scenario,5
ID,19,Time,1557.32,DronePosition,-49.45436,45,-107.379,11.1,CameraPosition,-103.2105,1.691191,-107.5606,CameraRotation,344.2765,266.8792,2.803883,CurrentState,MoveToFinal,Slider,79,Scenario,5
ID,19,Time,1557.334,DronePosition,-49.29745,45,-107.379,11.1,CameraPosition,-103.2105,1.691237,-107.5606,CameraRotation,344.2741,266.8785,2.795954,CurrentState,MoveToFinal,Slider,79,Scenario,5
ID,19,Time,1557.348,DronePosition,-49.14491,45,-107.379,11.1,CameraPosition,-103.2106,1.691261,-107.5606,CameraRotation,344.263,266.8725,2.787674,CurrentState,MoveToFinal,Slider,79,Scenario,5
ID,19,Time,1557.362,DronePosition,-48.98468,45,-107.379,11.1,CameraPosition,-103.2106,1.691254,-107.5606,CameraRotation,344.2539,266.8577,2.781946,CurrentState,MoveToFinal,Slider,79,Scenario,5
ID,19,Time,1557.376,DronePosition,-48.83313,45,-107.379,11.1,CameraPosition,-103.2106,1.691232,-107.5606,CameraRotation,344.2601,266.8354,2.773136,CurrentState,MoveToFinal,Slider,79,Scenario,5
ID,19,Time,1557.39,DronePosition,-48.68015,45,-107.379,11.1,CameraPosition,-103.2106,1.691172,-107.5605,CameraRotation,344.3051,266.8087,2.772079,CurrentState,MoveToFinal,Slider,79,Scenario,5
ID,19,Time,1557.409,DronePosition,-48.46814,45,-107.379,11.1,CameraPosition,-103.2107,1.691153,-107.5605,CameraRotation,344.3693,266.797,2.750189,CurrentState,MoveToFinal,Slider,79,Scenario,5
ID,19,Time,1557.431,DronePosition,-48.22129,45,-107.379,11.1,CameraPosition,-103.2109,1.691086,-107.5604,CameraRotation,344.5279,266.7806,2.734156,CurrentState,MoveToFinal,Slider,79,Scenario,5
ID,19,Time,1557.445,DronePosition,-48.06964,45,-107.379,11.1,CameraPosition,-103.211,1.691029,-107.5603,CameraRotation,344.5893,266.7829,2.732251,CurrentState,MoveToFinal,Slider,79,Scenario,5
ID,19,Time,1557.459,DronePosition,-47.91282,45,-107.379,11.1,CameraPosition,-103.211,1.69099,-107.5603,CameraRotation,344.633,266.7828,2.735123,CurrentState,MoveToFinal,Slider,78,Scenario,5
ID,19,Time,1557.473,DronePosition,-47.75938,45,-107.379,11.1,CameraPosition,-103.2111,1.690952,-107.5602,CameraRotation,344.6674,266.7852,2.758657,CurrentState,MoveToFinal,Slider,78,Scenario,5
ID,19,Time,1557.486,DronePosition,-47.60393,45,-107.379,11.1,CameraPosition,-103.2111,1.690946,-107.5602,CameraRotation,344.6997,266.8042,2.765202,CurrentState,MoveToFinal,Slider,78,Scenario,5
ID,19,Time,1557.501,DronePosition,-47.44313,45,-107.379,11.1,CameraPosition,-103.2111,1.690935,-107.5601,CameraRotation,344.739,266.8128,2.777798,CurrentState,MoveToFinal,Slider,78,Scenario,5
ID,19,Time,1557.515,DronePosition,-47.29266,45,-107.379,11.1,CameraPosition,-103.2111,1.690933,-107.5601,CameraRotation,344.7849,266.831,2.798093,CurrentState,MoveToFinal,Slider,78,Scenario,5
ID,19,Time,1557.529,DronePosition,-47.13636,45,-107.379,11.1,CameraPosition,-103.2111,1.690933,-107.5601,CameraRotation,344.8136,266.8476,2.834232,CurrentState,MoveToFinal,Slider,78,Scenario,5
ID,19,Time,1557.543,DronePosition,-46.9809,45,-107.379,11.1,CameraPosition,-103.2111,1.690968,-107.56,CameraRotation,344.8102,266.8581,2.843596,CurrentState,MoveToFinal,Slider,78,Scenario,5
ID,19,Time,1557.556,DronePosition,-46.82811,45,-107.379,11.1,CameraPosition,-103.2111,1.691001,-107.5599,CameraRotation,344.8014,266.877,2.857994,CurrentState,MoveToFinal,Slider,73,Scenario,5
ID,19,Time,1557.57,DronePosition,-46.67283,45,-107.379,11.1,CameraPosition,-103.2111,1.691008,-107.5599,CameraRotation,344.806,266.8954,2.865456,CurrentState,MoveToFinal,Slider,73,Scenario,5
ID,19,Time,1557.585,DronePosition,-46.51529,45,-107.379,11.1,CameraPosition,-103.2111,1.690959,-107.5598,CameraRotation,344.8342,266.9061,2.863319,CurrentState,MoveToFinal,Slider,73,Scenario,5
ID,19,Time,1557.599,DronePosition,-46.36017,45,-107.379,11.1,CameraPosition,-103.2111,1.690914,-107.5597,CameraRotation,344.8867,266.9284,2.870058,CurrentState,MoveToFinal,Slider,73,Scenario,5
ID,19,Time,1557.617,DronePosition,-46.15372,45,-107.379,11.1,CameraPosition,-103.2111,1.690913,-107.5596,CameraRotation,344.9101,266.9381,2.87233,CurrentState,MoveToFinal,Slider,73,Scenario,5
ID,19,Time,1557.64,DronePosition,-45.90425,45,-107.379,11.1,CameraPosition,-103.2112,1.690959,-107.5593,CameraRotation,344.9709,266.9937,2.790471,CurrentState,MoveToFinal,Slider,73,Scenario,5
ID,19,Time,1557.654,DronePosition,-45.74984,45,-107.379,11.1,CameraPosition,-103.2112,1.690964,-107.5592,CameraRotation,345.0102,267.0181,2.766076,CurrentState,MoveToFinal,Slider,67,Scenario,5
ID,19,Time,1557.668,DronePosition,-45.59358,45,-107.379,11.1,CameraPosition,-103.2113,1.690955,-107.5591,CameraRotation,345.0415,267.022,2.772131,CurrentState,MoveToFinal,Slider,67,Scenario,5
ID,19,Time,1557.682,DronePosition,-45.43847,45,-107.379,11.1,CameraPosition,-103.2113,1.690914,-107.5591,CameraRotation,345.0834,267.0228,2.797556,CurrentState,MoveToFinal,Slider,67,Scenario,5
ID,19,Time,1557.696,DronePosition,-45.28098,45,-107.379,11.1,CameraPosition,-103.2112,1.690851,-107.559,CameraRotation,345.1408,267.0051,2.830975,CurrentState,MoveToFinal,Slider,67,Scenario,5
ID,19,Time,1557.709,DronePosition,-45.12969,45,-107.379,11.1,CameraPosition,-103.2112,1.690789,-107.559,CameraRotation,345.2023,267.0058,2.837773,CurrentState,MoveToFinal,Slider,67,Scenario,5
ID,19,Time,1557.724,DronePosition,-44.97177,45,-107.379,11.1,CameraPosition,-103.2112,1.69074,-107.5589,CameraRotation,345.263,267.0117,2.832485,CurrentState,MoveToFinal,Slider,67,Scenario,5
ID,19,Time,1557.737,DronePosition,-44.81909,45,-107.379,11.1,CameraPosition,-103.2112,1.690692,-107.5589,CameraRotation,345.3269,267.0144,2.843847,CurrentState,MoveToFinal,Slider,67,Scenario,5
ID,19,Time,1557.752,DronePosition,-44.65915,45,-107.379,11.1,CameraPosition,-103.2112,1.690639,-107.5588,CameraRotation,345.3862,267.0234,2.854841,CurrentState,MoveToFinal,Slider,63,Scenario,5
ID,19,Time,1557.766,DronePosition,-44.506,45,-107.379,11.1,CameraPosition,-103.2112,1.690578,-107.5587,CameraRotation,345.434,267.0444,2.854745,CurrentState,MoveToFinal,Slider,63,Scenario,5
ID,19,Time,1557.779,DronePosition,-44.35204,45,-107.379,11.1,CameraPosition,-103.2112,1.690487,-107.5586,CameraRotation,345.4777,267.0683,2.855939,CurrentState,MoveToFinal,Slider,63,Scenario,5
ID,19,Time,1557.794,DronePosition,-44.19416,45,-107.379,11.1,CameraPosition,-103.2111,1.690396,-107.5585,CameraRotation,345.5384,267.0995,2.855636,CurrentState,MoveToFinal,Slider,63,Scenario,5
ID,19,Time,1557.807,DronePosition,-44.04341,45,-107.379,11.1,CameraPosition,-103.2111,1.690297,-107.5584,CameraRotation,345.5792,267.1311,2.847871,CurrentState,MoveToFinal,Slider,63,Scenario,5
ID,19,Time,1557.826,DronePosition,-43.83245,45,-107.379,11.1,CameraPosition,-103.2111,1.690248,-107.5583,CameraRotation,345.6295,267.1628,2.834162,CurrentState,MoveToFinal,Slider,63,Scenario,5
ID,19,Time,1557.849,DronePosition,-43.58585,45,-107.379,11.1,CameraPosition,-103.211,1.690177,-107.5582,CameraRotation,345.7166,267.2177,2.798504,CurrentState,MoveToFinal,Slider,63,Scenario,5
ID,19,Time,1557.862,DronePosition,-43.43183,45,-107.379,11.1,CameraPosition,-103.2109,1.690162,-107.5581,CameraRotation,345.7499,267.2322,2.80017,CurrentState,MoveToFinal,Slider,60,Scenario,5
ID,19,Time,1557.876,DronePosition,-43.27729,45,-107.379,11.1,CameraPosition,-103.2109,1.690132,-107.558,CameraRotation,345.7456,267.223,2.831077,CurrentState,MoveToFinal,Slider,60,Scenario,5
ID,19,Time,1557.891,DronePosition,-43.11842,45,-107.379,11.1,CameraPosition,-103.2108,1.690086,-107.558,CameraRotation,345.7246,267.2235,2.824755,CurrentState,MoveToFinal,Slider,60,Scenario,5
ID,19,Time,1557.905,DronePosition,-42.96295,45,-107.379,11.1,CameraPosition,-103.2108,1.690006,-107.5579,CameraRotation,345.7165,267.2386,2.790468,CurrentState,MoveToFinal,Slider,60,Scenario,5
ID,19,Time,1557.918,DronePosition,-42.80945,45,-107.379,11.1,CameraPosition,-103.2108,1.689898,-107.5578,CameraRotation,345.7103,267.2835,2.71513,CurrentState,MoveToFinal,Slider,60,Scenario,5
ID,19,Time,1557.932,DronePosition,-42.65352,45,-107.379,11.1,CameraPosition,-103.2108,1.689836,-107.5577,CameraRotation,345.7031,267.334,2.678043,CurrentState,MoveToFinal,Slider,60,Scenario,5
ID,19,Time,1557.946,DronePosition,-42.50111,45,-107.379,11.1,CameraPosition,-103.2108,1.68982,-107.5576,CameraRotation,345.6895,267.3673,2.684326,CurrentState,MoveToFinal,Slider,60,Scenario,5
ID,19,Time,1557.96,DronePosition,-42.34482,45,-107.379,11.1,CameraPosition,-103.2108,1.689823,-107.5575,CameraRotation,345.6793,267.3939,2.685576,CurrentState,MoveToFinal,Slider,59,Scenario,5
ID,19,Time,1557.974,DronePosition,-42.18925,45,-107.379,11.1,CameraPosition,-103.2108,1.689809,-107.5574,CameraRotation,345.6825,267.4137,2.701213,CurrentState,MoveToFinal,Slider,59,Scenario,5
ID,19,Time,1557.988,DronePosition,-42.03422,45,-107.379,11.1,CameraPosition,-103.2108,1.689761,-107.5572,CameraRotation,345.6939,267.4409,2.693608,CurrentState,MoveToFinal,Slider,59,Scenario,5
ID,19,Time,1558.002,DronePosition,-41.88158,45,-107.379,11.1,CameraPosition,-103.2108,1.689701,-107.5571,CameraRotation,345.7158,267.4725,2.65857,CurrentState,MoveToFinal,Slider,59,Scenario,5
ID,19,Time,1558.017,DronePosition,-41.71819,45,-107.379,11.1,CameraPosition,-103.2109,1.689643,-107.557,CameraRotation,345.734,267.5125,2.603198,CurrentState,MoveToFinal,Slider,59,Scenario,5
ID,19,Time,1558.035,DronePosition,-41.51973,45,-107.379,11.1,CameraPosition,-103.2109,1.689601,-107.5569,CameraRotation,345.7544,267.5437,2.572783,CurrentState,MoveToFinal,Slider,59,Scenario,5
ID,19,Time,1558.057,DronePosition,-41.26662,45,-107.379,11.1,CameraPosition,-103.211,1.689518,-107.5569,CameraRotation,345.8069,267.5934,2.545316,CurrentState,MoveToFinal,Slider,58,Scenario,5
ID,19,Time,1558.072,DronePosition,-41.11044,45,-107.379,11.1,CameraPosition,-103.211,1.689488,-107.5569,CameraRotation,345.8285,267.6135,2.550532,CurrentState,MoveToFinal,Slider,58,Scenario,5
ID,19,Time,1558.085,DronePosition,-40.95678,45,-107.379,11.1,CameraPosition,-103.2111,1.689453,-107.5568,CameraRotation,345.8461,267.6312,2.572975,CurrentState,MoveToFinal,Slider,58,Scenario,5
ID,19,Time,1558.099,DronePosition,-40.8029,45,-107.379,11.1,CameraPosition,-103.2112,1.689421,-107.5568,CameraRotation,345.8581,267.6306,2.598911,CurrentState,MoveToFinal,Slider,58,Scenario,5
ID,19,Time,1558.113,DronePosition,-40.64579,45,-107.379,11.1,CameraPosition,-103.2112,1.68938,-107.5567,CameraRotation,345.8375,267.6352,2.610428,CurrentState,MoveToFinal,Slider,58,Scenario,5
ID,19,Time,1558.128,DronePosition,-40.4846,45,-107.379,11.1,CameraPosition,-103.2113,1.689358,-107.5567,CameraRotation,345.8334,267.6423,2.604117,CurrentState,MoveToFinal,Slider,58,Scenario,5
ID,19,Time,1558.142,DronePosition,-40.33196,45,-107.379,11.1,CameraPosition,-103.2114,1.689308,-107.5567,CameraRotation,345.8282,267.6434,2.592629,CurrentState,MoveToFinal,Slider,58,Scenario,5
ID,19,Time,1558.155,DronePosition,-40.1804,45,-107.379,11.1,CameraPosition,-103.2115,1.689276,-107.5566,CameraRotation,345.8336,267.6371,2.583083,CurrentState,MoveToFinal,Slider,56,Scenario,5
ID,19,Time,1558.17,DronePosition,-40.02274,45,-107.379,11.1,CameraPosition,-103.2116,1.689231,-107.5566,CameraRotation,345.8417,267.6409,2.592136,CurrentState,MoveToFinal,Slider,56,Scenario,5
ID,19,Time,1558.183,DronePosition,-39.86753,45,-107.379,11.1,CameraPosition,-103.2116,1.689188,-107.5566,CameraRotation,345.8712,267.6247,2.593677,CurrentState,MoveToFinal,Slider,56,Scenario,5
ID,19,Time,1558.198,DronePosition,-39.71156,45,-107.379,11.1,CameraPosition,-103.2117,1.689146,-107.5566,CameraRotation,345.8965,267.6153,2.592127,CurrentState,MoveToFinal,Slider,56,Scenario,5
ID,19,Time,1558.212,DronePosition,-39.55117,45,-107.379,11.1,CameraPosition,-103.2117,1.68908,-107.5566,CameraRotation,345.9102,267.6062,2.597583,CurrentState,MoveToFinal,Slider,56,Scenario,5
ID,19,Time,1558.225,DronePosition,-39.40219,45,-107.379,11.1,CameraPosition,-103.2118,1.689007,-107.5566,CameraRotation,345.9455,267.6047,2.602543,CurrentState,MoveToFinal,Slider,56,Scenario,5
ID,19,Time,1558.244,DronePosition,-39.19636,45,-107.379,11.1,CameraPosition,-103.2119,1.688947,-107.5565,CameraRotation,345.9691,267.5901,2.626733,CurrentState,MoveToFinal,Slider,56,Scenario,5
ID,19,Time,1558.267,DronePosition,-38.94251,45,-107.379,11.1,CameraPosition,-103.2121,1.68894,-107.5564,CameraRotation,345.9442,267.6007,2.587979,CurrentState,MoveToFinal,Slider,55,Scenario,5
ID,19,Time,1558.281,DronePosition,-38.78722,45,-107.379,11.1,CameraPosition,-103.2122,1.688904,-107.5564,CameraRotation,345.9653,267.6132,2.529274,CurrentState,MoveToFinal,Slider,55,Scenario,5
ID,19,Time,1558.295,DronePosition,-38.63481,45,-107.379,11.1,CameraPosition,-103.2123,1.688854,-107.5563,CameraRotation,346.0168,267.6357,2.51199,CurrentState,MoveToFinal,Slider,55,Scenario,5
ID,19,Time,1558.309,DronePosition,-38.47795,45,-107.379,11.1,CameraPosition,-103.2123,1.688776,-107.5563,CameraRotation,346.0808,267.6398,2.52645,CurrentState,MoveToFinal,Slider,55,Scenario,5
ID,19,Time,1558.323,DronePosition,-38.32293,45,-107.379,11.1,CameraPosition,-103.2124,1.688687,-107.5563,CameraRotation,346.1322,267.6466,2.543971,CurrentState,MoveToFinal,Slider,55,Scenario,5
ID,19,Time,1558.337,DronePosition,-38.16775,45,-107.379,11.1,CameraPosition,-103.2124,1.688615,-107.5562,CameraRotation,346.1616,267.6563,2.561986,CurrentState,MoveToFinal,Slider,55,Scenario,5
ID,19,Time,1558.351,DronePosition,-38.01142,45,-107.379,11.1,CameraPosition,-103.2125,1.68856,-107.5562,CameraRotation,346.1478,267.6808,2.553791,CurrentState,MoveToFinal,Slider,54,Scenario,5
ID,19,Time,1558.365,DronePosition,-37.8572,45,-107.379,11.1,CameraPosition,-103.2125,1.688512,-107.5562,CameraRotation,346.13,267.7006,2.538014,CurrentState,MoveToFinal,Slider,54,Scenario,5
ID,19,Time,1558.379,DronePosition,-37.70237,45,-107.379,11.1,CameraPosition,-103.2126,1.688458,-107.5561,CameraRotation,346.1294,267.7049,2.554216,CurrentState,MoveToFinal,Slider,54,Scenario,5
ID,19,Time,1558.393,DronePosition,-37.54316,45,-107.379,11.1,CameraPosition,-103.2126,1.688419,-107.5561,CameraRotation,346.1342,267.6965,2.570535,CurrentState,MoveToFinal,Slider,54,Scenario,5
ID,19,Time,1558.406,DronePosition,-37.39318,45,-107.379,11.1,CameraPosition,-103.2127,1.688406,-107.5561,CameraRotation,346.1673,267.6854,2.572624,CurrentState,MoveToFinal,Slider,54,Scenario,5
ID,19,Time,1558.42,DronePosition,-37.24004,45,-107.379,11.1,CameraPosition,-103.2127,1.68836,-107.5561,CameraRotation,346.1819,267.6762,2.574609,CurrentState,MoveToFinal,Slider,54,Scenario,5
ID,19,Time,1558.434,DronePosition,-37.0831,45,-107.379,11.1,CameraPosition,-103.2128,1.688331,-107.5561,CameraRotation,346.2171,267.6576,2.585864,CurrentState,MoveToFinal,Slider,54,Scenario,5
ID,19,Time,1558.453,DronePosition,-36.87725,45,-107.379,11.1,CameraPosition,-103.2128,1.68831,-107.5561,CameraRotation,346.2247,267.6423,2.590371,CurrentState,MoveToFinal,Slider,54,Scenario,5
ID,19,Time,1558.476,DronePosition,-36.622,45,-107.379,11.1,CameraPosition,-103.2129,1.68832,-107.556,CameraRotation,346.197,267.6433,2.538038,CurrentState,MoveToFinal,Slider,53,Scenario,5
ID,19,Time,1558.489,DronePosition,-36.47198,45,-107.379,11.1,CameraPosition,-103.213,1.688393,-107.556,CameraRotation,346.1545,267.6485,2.531279,CurrentState,MoveToFinal,Slider,53,Scenario,5
ID,19,Time,1558.505,DronePosition,-36.3016,45,-107.379,11.1,CameraPosition,-103.213,1.688514,-107.5559,CameraRotation,346.0441,267.6335,2.533557,CurrentState,MoveToFinal,Slider,53,Scenario,5
ID,19,Time,1558.517,DronePosition,-36.16043,45,-107.379,11.1,CameraPosition,-103.213,1.688687,-107.5559,CameraRotation,345.9022,267.5993,2.545042,CurrentState,MoveToFinal,Slider,53,Scenario,5
ID,19,Time,1558.533,DronePosition,-35.98478,45,-107.379,11.1,CameraPosition,-103.213,1.688783,-107.5559,CameraRotation,345.8219,267.5669,2.547249,CurrentState,MoveToFinal,Slider,53,Scenario,5
ID,19,Time,1558.545,DronePosition,-35.84953,45,-107.379,11.1,CameraPosition,-103.213,1.688833,-107.5558,CameraRotation,345.775,267.5355,2.536084,CurrentState,MoveToFinal,Slider,53,Scenario,5
ID,19,Time,1558.559,DronePosition,-35.69439,45,-107.379,11.1,CameraPosition,-103.213,1.688871,-107.5558,CameraRotation,345.7378,267.5139,2.530336,CurrentState,MoveToFinal,Slider,53,Scenario,5
ID,19,Time,1558.573,DronePosition,-35.54013,45,-107.379,11.1,CameraPosition,-103.213,1.688923,-107.5557,CameraRotation,345.6965,267.4987,2.528879,CurrentState,MoveToFinal,Slider,53,Scenario,5
ID,19,Time,1558.588,DronePosition,-35.38209,45,-107.379,11.1,CameraPosition,-103.213,1.688975,-107.5557,CameraRotation,345.6606,267.4962,2.519365,CurrentState,MoveToFinal,Slider,53,Scenario,5
ID,19,Time,1558.601,DronePosition,-35.23036,45,-107.379,11.1,CameraPosition,-103.2131,1.689012,-107.5555,CameraRotation,345.6387,267.4905,2.51285,CurrentState,MoveToFinal,Slider,53,Scenario,5
ID,19,Time,1558.615,DronePosition,-35.07283,45,-107.379,11.1,CameraPosition,-103.2131,1.689035,-107.5554,CameraRotation,345.6276,267.5028,2.501273,CurrentState,MoveToFinal,Slider,53,Scenario,5
ID,19,Time,1558.629,DronePosition,-34.92101,45,-107.379,11.1,CameraPosition,-103.2132,1.689027,-107.5552,CameraRotation,345.6414,267.5218,2.480837,CurrentState,MoveToFinal,Slider,53,Scenario,5
ID,19,Time,1558.643,DronePosition,-34.76506,45,-107.379,11.1,CameraPosition,-103.2132,1.688994,-107.5551,CameraRotation,345.6678,267.5524,2.471618,CurrentState,MoveToFinal,Slider,53,Scenario,5
ID,19,Time,1558.662,DronePosition,-34.55886,45,-107.379,11.1,CameraPosition,-103.2133,1.68898,-107.5549,CameraRotation,345.685,267.5635,2.46839,CurrentState,MoveToFinal,Slider,53,Scenario,5
ID,19,Time,1558.685,DronePosition,-34.30463,45,-107.379,11.1,CameraPosition,-103.2134,1.689008,-107.5546,CameraRotation,345.675,267.6068,2.473817,CurrentState,MoveToFinal,Slider,53,Scenario,5
ID,19,Time,1558.698,DronePosition,-34.15307,45,-107.379,11.1,CameraPosition,-103.2134,1.689022,-107.5544,CameraRotation,345.6791,267.6283,2.468283,CurrentState,MoveToFinal,Slider,53,Scenario,5
ID,19,Time,1558.712,DronePosition,-33.99692,45,-107.379,11.1,CameraPosition,-103.2135,1.688997,-107.5543,CameraRotation,345.71,267.6414,2.468457,CurrentState,MoveToFinal,Slider,53,Scenario,5
ID,19,Time,1558.726,DronePosition,-33.84274,45,-107.379,11.1,CameraPosition,-103.2136,1.688964,-107.5541,CameraRotation,345.7339,267.6563,2.450132,CurrentState,MoveToFinal,Slider,53,Scenario,5
ID,19,Time,1558.74,DronePosition,-33.69007,45,-107.379,11.1,CameraPosition,-103.2137,1.68892,-107.5539,CameraRotation,345.7508,267.6591,2.454021,CurrentState,MoveToFinal,Slider,53,Scenario,5
ID,19,Time,1558.754,DronePosition,-33.53191,45,-107.379,11.1,CameraPosition,-103.2139,1.688893,-107.5537,CameraRotation,345.7738,267.6562,2.449058,CurrentState,MoveToFinal,Slider,52,Scenario,5
ID,19,Time,1558.768,DronePosition,-33.37586,45,-107.379,11.1,CameraPosition,-103.214,1.688857,-107.5536,CameraRotation,345.7843,267.6566,2.438405,CurrentState,MoveToFinal,Slider,52,Scenario,5
ID,19,Time,1558.782,DronePosition,-33.22086,45,-107.379,11.1,CameraPosition,-103.2141,1.688814,-107.5534,CameraRotation,345.8096,267.6516,2.423843,CurrentState,MoveToFinal,Slider,52,Scenario,5
ID,19,Time,1558.796,DronePosition,-33.06361,45,-107.379,11.1,CameraPosition,-103.2142,1.68877,-107.5532,CameraRotation,345.8301,267.6371,2.428337,CurrentState,MoveToFinal,Slider,52,Scenario,5
ID,19,Time,1558.81,DronePosition,-32.90995,45,-107.379,11.1,CameraPosition,-103.2144,1.688731,-107.553,CameraRotation,345.8581,267.6333,2.435623,CurrentState,MoveToFinal,Slider,52,Scenario,5
ID,19,Time,1558.824,DronePosition,-32.75464,45,-107.379,11.1,CameraPosition,-103.2145,1.688684,-107.5528,CameraRotation,345.8893,267.6136,2.434813,CurrentState,MoveToFinal,Slider,52,Scenario,5
ID,19,Time,1558.838,DronePosition,-32.60441,45,-107.379,11.1,CameraPosition,-103.2146,1.688637,-107.5527,CameraRotation,345.92,267.6016,2.433931,CurrentState,MoveToFinal,Slider,52,Scenario,5
ID,19,Time,1558.852,DronePosition,-32.44278,45,-107.379,11.1,CameraPosition,-103.2147,1.688587,-107.5525,CameraRotation,345.9434,267.5827,2.44667,CurrentState,MoveToFinal,Slider,52,Scenario,5
ID,19,Time,1558.87,DronePosition,-32.24323,45,-107.379,11.1,CameraPosition,-103.2149,1.688507,-107.5523,CameraRotation,345.975,267.5533,2.471792,CurrentState,MoveToFinal,Slider,52,Scenario,5
ID,19,Time,1558.893,DronePosition,-31.98895,45,-107.379,11.1,CameraPosition,-103.2152,1.688462,-107.5519,CameraRotation,346.0276,267.4815,2.528854,CurrentState,MoveToFinal,Slider,52,Scenario,5
ID,19,Time,1558.907,DronePosition,-31.83917,45,-107.379,11.1,CameraPosition,-103.2154,1.688469,-107.5517,CameraRotation,346.0299,267.454,2.493577,CurrentState,MoveToFinal,Slider,52,Scenario,5
ID,19,Time,1558.921,DronePosition,-31.68433,45,-107.379,11.1,CameraPosition,-103.2156,1.688446,-107.5515,CameraRotation,346.0476,267.4264,2.410037,CurrentState,MoveToFinal,Slider,52,Scenario,5
ID,19,Time,1558.935,DronePosition,-31.52363,45,-107.379,11.1,CameraPosition,-103.2158,1.688406,-107.5513,CameraRotation,346.1099,267.4084,2.382548,CurrentState,MoveToFinal,Slider,52,Scenario,5
ID,19,Time,1558.949,DronePosition,-31.36884,45,-107.379,11.1,CameraPosition,-103.2159,1.688343,-107.551,CameraRotation,346.1828,267.3943,2.397696,CurrentState,MoveToFinal,Slider,52,Scenario,5
ID,19,Time,1558.963,DronePosition,-31.21584,45,-107.379,11.1,CameraPosition,-103.2161,1.688274,-107.5508,CameraRotation,346.2182,267.3724,2.41037,CurrentState,MoveToFinal,Slider,52,Scenario,5
ID,19,Time,1558.977,DronePosition,-31.0588,45,-107.379,11.1,CameraPosition,-103.2162,1.688251,-107.5505,CameraRotation,346.2306,267.3584,2.428915,CurrentState,MoveToFinal,Slider,52,Scenario,5
ID,19,Time,1558.991,DronePosition,-30.90804,45,-107.379,11.1,CameraPosition,-103.2164,1.688266,-107.5502,CameraRotation,346.2086,267.357,2.412194,CurrentState,MoveToFinal,Slider,52,Scenario,5
ID,19,Time,1559.005,DronePosition,-30.75274,45,-107.379,11.1,CameraPosition,-103.2164,1.688332,-107.55,CameraRotation,346.1369,267.3601,2.375452,CurrentState,MoveToFinal,Slider,52,Scenario,5
ID,19,Time,1559.019,DronePosition,-30.59821,45,-107.379,11.1,CameraPosition,-103.2165,1.688419,-107.5497,CameraRotation,346.0705,267.3643,2.340515,CurrentState,MoveToFinal,Slider,52,Scenario,5
ID,19,Time,1559.033,DronePosition,-30.44116,45,-107.379,11.1,CameraPosition,-103.2166,1.688477,-107.5494,CameraRotation,346.0291,267.354,2.317636,CurrentState,MoveToFinal,Slider,52,Scenario,5
ID,19,Time,1559.047,DronePosition,-30.2882,45,-107.379,11.1,CameraPosition,-103.2167,1.688526,-107.5491,CameraRotation,346.0108,267.3228,2.294128,CurrentState,MoveToFinal,Slider,52,Scenario,5
ID,19,Time,1559.061,DronePosition,-30.12838,45,-107.379,11.1,CameraPosition,-103.2168,1.688563,-107.5488,CameraRotation,345.9845,267.3058,2.264405,CurrentState,MoveToFinal,Slider,52,Scenario,5
ID,19,Time,1559.079,DronePosition,-29.92342,45,-107.379,11.1,CameraPosition,-103.2169,1.688626,-107.5485,CameraRotation,345.9596,267.2961,2.241982,CurrentState,MoveToFinal,Slider,52,Scenario,5
ID,19,Time,1559.102,DronePosition,-29.67102,45,-107.379,11.1,CameraPosition,-103.2172,1.688859,-107.5478,CameraRotation,345.778,267.2701,2.163968,CurrentState,MoveToFinal,Slider,52,Scenario,5
ID,19,Time,1559.115,DronePosition,-29.52267,45,-107.379,11.1,CameraPosition,-103.2173,1.689034,-107.5475,CameraRotation,345.6467,267.2495,2.086094,CurrentState,MoveToFinal,Slider,52,Scenario,5
ID,19,Time,1559.13,DronePosition,-29.36266,45,-107.379,11.1,CameraPosition,-103.2174,1.689208,-107.5472,CameraRotation,345.517,267.2278,2.046533,CurrentState,MoveToFinal,Slider,52,Scenario,5
ID,19,Time,1559.144,DronePosition,-29.20728,45,-107.379,11.1,CameraPosition,-103.2175,1.689355,-107.5469,CameraRotation,345.4243,267.1823,2.013787,CurrentState,MoveToFinal,Slider,52,Scenario,5
ID,19,Time,1559.158,DronePosition,-29.05357,45,-107.379,11.1,CameraPosition,-103.2175,1.689488,-107.5466,CameraRotation,345.3218,267.1276,1.97972,CurrentState,MoveToFinal,Slider,52,Scenario,5
ID,19,Time,1559.172,DronePosition,-28.89861,45,-107.379,11.1,CameraPosition,-103.2175,1.689638,-107.5462,CameraRotation,345.1919,267.0839,1.938014,CurrentState,MoveToFinal,Slider,52,Scenario,5
ID,19,Time,1559.186,DronePosition,-28.74258,45,-107.379,11.1,CameraPosition,-103.2175,1.689823,-107.5459,CameraRotation,345.0537,267.0301,1.889715,CurrentState,MoveToFinal,Slider,52,Scenario,5
ID,19,Time,1559.2,DronePosition,-28.58931,45,-107.379,11.1,CameraPosition,-103.2176,1.69001,-107.5456,CameraRotation,344.9254,266.9687,1.840742,CurrentState,MoveToFinal,Slider,52,Scenario,5
ID,19,Time,1559.214,DronePosition,-28.42775,45,-107.379,11.1,CameraPosition,-103.2176,1.690177,-107.5453,CameraRotation,344.8136,266.9112,1.813153,CurrentState,MoveToFinal,Slider,52,Scenario,5
ID,19,Time,1559.228,DronePosition,-28.27451,45,-107.379,11.1,CameraPosition,-103.2177,1.690341,-107.545,CameraRotation,344.6915,266.8571,1.781266,CurrentState,MoveToFinal,Slider,52,Scenario,5
ID,19,Time,1559.242,DronePosition,-28.11707,45,-107.379,11.1,CameraPosition,-103.2177,1.690606,-107.5446,CameraRotation,344.5343,266.8112,1.734861,CurrentState,MoveToFinal,Slider,52,Scenario,5
ID,19,Time,1559.256,DronePosition,-27.96507,45,-107.379,11.1,CameraPosition,-103.2178,1.690897,-107.5443,CameraRotation,344.3474,266.7457,1.688615,CurrentState,MoveToFinal,Slider,52,Scenario,5
ID,19,Time,1559.27,DronePosition,-27.80497,45,-107.379,11.1,CameraPosition,-103.2178,1.691219,-107.544,CameraRotation,344.1114,266.6713,1.637431,CurrentState,MoveToFinal,Slider,52,Scenario,5
ID,19,Time,1559.289,DronePosition,-27.60121,45,-107.379,11.1,CameraPosition,-103.2178,1.691471,-107.5436,CameraRotation,343.9028,266.5819,1.618474,CurrentState,MoveToFinal,Slider,52,Scenario,5
ID,19,Time,1559.311,DronePosition,-27.35609,45,-107.379,11.1,CameraPosition,-103.2178,1.691822,-107.543,CameraRotation,343.6248,266.4216,1.583751,CurrentState,MoveToFinal,Slider,52,Scenario,5
ID,19,Time,1559.324,DronePosition,-27.20315,45,-107.379,11.1,CameraPosition,-103.2177,1.692015,-107.5426,CameraRotation,343.448,266.3462,1.563237,CurrentState,MoveToFinal,Slider,52,Scenario,5
ID,19,Time,1559.338,DronePosition,-27.04869,45,-107.379,11.1,CameraPosition,-103.2176,1.692302,-107.5423,CameraRotation,343.181,266.2658,1.532761,CurrentState,MoveToFinal,Slider,52,Scenario,5
ID,19,Time,1559.352,DronePosition,-26.8928,45,-107.379,11.1,CameraPosition,-103.2175,1.692656,-107.542,CameraRotation,342.9108,266.1716,1.515105,CurrentState,MoveToFinal,Slider,52,Scenario,5
ID,19,Time,1559.367,DronePosition,-26.73401,45,-107.379,11.1,CameraPosition,-103.2173,1.692928,-107.5416,CameraRotation,342.6988,266.0767,1.513437,CurrentState,MoveToFinal,Slider,52,Scenario,5
ID,19,Time,1559.38,DronePosition,-26.58245,45,-107.379,11.1,CameraPosition,-103.2172,1.693128,-107.5412,CameraRotation,342.5447,266.0093,1.497296,CurrentState,MoveToFinal,Slider,52,Scenario,5
ID,19,Time,1559.395,DronePosition,-26.42295,45,-107.379,11.1,CameraPosition,-103.2169,1.69327,-107.5408,CameraRotation,342.4299,265.964,1.48869,CurrentState,MoveToFinal,Slider,52,Scenario,5
ID,19,Time,1559.408,DronePosition,-26.27195,45,-107.379,11.1,CameraPosition,-103.2168,1.693448,-107.5403,CameraRotation,342.3378,265.9229,1.471797,CurrentState,MoveToFinal,Slider,52,Scenario,5
ID,19,Time,1559.422,DronePosition,-26.11708,45,-107.379,11.1,CameraPosition,-103.2166,1.693635,-107.5399,CameraRotation,342.2434,265.9032,1.466168,CurrentState,MoveToFinal,Slider,52,Scenario,5
ID,19,Time,1559.437,DronePosition,-25.95941,45,-107.379,11.1,CameraPosition,-103.2164,1.693789,-107.5393,CameraRotation,342.1691,265.8999,1.461584,CurrentState,MoveToFinal,Slider,52,Scenario,5
ID,19,Time,1559.45,DronePosition,-25.80455,45,-107.379,11.1,CameraPosition,-103.2163,1.693897,-107.5388,CameraRotation,342.1226,265.914,1.426204,CurrentState,MoveToFinal,Slider,52,Scenario,5
ID,19,Time,1559.464,DronePosition,-25.65232,45,-107.379,11.1,CameraPosition,-103.2162,1.693921,-107.5382,CameraRotation,342.1003,265.9437,1.396814,CurrentState,MoveToFinal,Slider,52,Scenario,5
ID,19,Time,1559.478,DronePosition,-25.49547,45,-107.379,11.1,CameraPosition,-103.2161,1.69393,-107.5377,CameraRotation,342.0882,265.9742,1.378647,CurrentState,MoveToFinal,Slider,52,Scenario,5
ID,19,Time,1559.497,DronePosition,-25.29136,45,-107.379,11.1,CameraPosition,-103.216,1.693895,-107.5372,CameraRotation,342.1005,265.9778,1.372188,CurrentState,MoveToFinal,Slider,52,Scenario,5
ID,19,Time,1559.519,DronePosition,-25.039,45,-107.379,11.1,CameraPosition,-103.216,1.693912,-107.5361,CameraRotation,342.1028,266.0031,1.362062,CurrentState,MoveToFinal,Slider,52,Scenario,5
ID,19,Time,1559.533,DronePosition,-24.88245,45,-107.379,11.1,CameraPosition,-103.216,1.6939,-107.5356,CameraRotation,342.1207,266.0162,1.29385,CurrentState,MoveToFinal,Slider,52,Scenario,5
ID,19,Time,1559.548,DronePosition,-24.72567,45,-107.379,11.1,CameraPosition,-103.2161,1.693865,-107.5352,CameraRotation,342.1923,266.0407,1.229892,CurrentState,MoveToFinal,Slider,52,Scenario,5
ID,19,Time,1559.561,DronePosition,-24.57526,45,-107.379,11.1,CameraPosition,-103.2162,1.693813,-107.5347,CameraRotation,342.2691,266.0332,1.214342,CurrentState,MoveToFinal,Slider,52,Scenario,5
ID,19,Time,1559.575,DronePosition,-24.41745,45,-107.379,11.1,CameraPosition,-103.2164,1.693733,-107.5343,CameraRotation,342.3412,266.0084,1.217475,CurrentState,MoveToFinal,Slider,52,Scenario,5
ID,19,Time,1559.589,DronePosition,-24.26308,45,-107.379,11.1,CameraPosition,-103.2165,1.693642,-107.5339,CameraRotation,342.4456,265.964,1.232091,CurrentState,MoveToFinal,Slider,52,Scenario,5
ID,19,Time,1559.604,DronePosition,-24.10569,45,-107.379,11.1,CameraPosition,-103.2166,1.693456,-107.5336,CameraRotation,342.5531,265.9274,1.22937,CurrentState,MoveToFinal,Slider,52,Scenario,5
ID,19,Time,1559.617,DronePosition,-23.95141,45,-107.379,11.1,CameraPosition,-103.2168,1.693277,-107.5332,CameraRotation,342.6754,265.9055,1.18208,CurrentState,MoveToFinal,Slider,52,Scenario,5
ID,19,Time,1559.631,DronePosition,-23.79696,45,-107.379,11.1,CameraPosition,-103.2169,1.693063,-107.5328,CameraRotation,342.7834,265.8856,1.148058,CurrentState,MoveToFinal,Slider,52,Scenario,5
ID,19,Time,1559.645,DronePosition,-23.6399,45,-107.379,11.1,CameraPosition,-103.2171,1.692822,-107.5325,CameraRotation,342.9146,265.8618,1.124381,CurrentState,MoveToFinal,Slider,52,Scenario,5
ID,19,Time,1559.659,DronePosition,-23.48817,45,-107.379,11.1,CameraPosition,-103.2172,1.692584,-107.5321,CameraRotation,343.0525,265.8358,1.096402,CurrentState,MoveToFinal,Slider,52,Scenario,5
ID,19,Time,1559.673,DronePosition,-23.33512,45,-107.379,11.1,CameraPosition,-103.2174,1.692376,-107.5318,CameraRotation,343.1944,265.8123,1.059179,CurrentState,MoveToFinal,Slider,52,Scenario,5
ID,19,Time,1559.687,DronePosition,-23.17587,45,-107.379,11.1,CameraPosition,-103.2176,1.692146,-107.5314,CameraRotation,343.3394,265.8034,1.012729,CurrentState,MoveToFinal,Slider,52,Scenario,5
ID,19,Time,1559.706,DronePosition,-22.97157,45,-107.379,11.1,CameraPosition,-103.2178,1.691922,-107.5311,CameraRotation,343.5023,265.7977,0.9792159,CurrentState,MoveToFinal,Slider,52,Scenario,5
ID,19,Time,1559.728,DronePosition,-22.72145,45,-107.379,11.1,CameraPosition,-103.2182,1.691528,-107.5305,CameraRotation,343.7928,265.843,0.8933817,CurrentState,MoveToFinal,Slider,52,Scenario,5
ID,19,Time,1559.742,DronePosition,-22.56876,45,-107.379,11.1,CameraPosition,-103.2184,1.691332,-107.5301,CameraRotation,343.9393,265.8882,0.836393,CurrentState,MoveToFinal,Slider,52,Scenario,5
ID,19,Time,1559.756,DronePosition,-22.41171,45,-107.379,11.1,CameraPosition,-103.2187,1.691137,-107.5298,CameraRotation,344.1022,265.9468,0.8131918,CurrentState,MoveToFinal,Slider,52,Scenario,5
ID,19,Time,1559.77,DronePosition,-22.25713,45,-107.379,11.1,CameraPosition,-103.2189,1.690929,-107.5295,CameraRotation,344.2898,266.009,0.7924468,CurrentState,MoveToFinal,Slider,52,Scenario,5
ID,19,Time,1559.784,DronePosition,-22.0978,45,-107.379,11.1,CameraPosition,-103.2192,1.690668,-107.5292,CameraRotation,344.5103,266.08,0.780349,CurrentState,MoveToFinal,Slider,52,Scenario,5
ID,19,Time,1559.798,DronePosition,-21.94585,45,-107.379,11.1,CameraPosition,-103.2194,1.690276,-107.5289,CameraRotation,344.8017,266.1561,0.7553195,CurrentState,MoveToFinal,Slider,52,Scenario,5
ID,19,Time,1559.812,DronePosition,-21.79234,45,-107.379,11.1,CameraPosition,-103.2197,1.689823,-107.5287,CameraRotation,345.1349,266.2357,0.7210157,CurrentState,MoveToFinal,Slider,52,Scenario,5
ID,19,Time,1559.826,DronePosition,-21.635,45,-107.379,11.1,CameraPosition,-103.2199,1.689341,-107.5284,CameraRotation,345.4818,266.3161,0.6638616,CurrentState,MoveToFinal,Slider,52,Scenario,5
ID,19,Time,1559.84,DronePosition,-21.48342,45,-107.379,11.1,CameraPosition,-103.2203,1.688862,-107.5283,CameraRotation,345.8525,266.406,0.6116406,CurrentState,MoveToFinal,Slider,52,Scenario,5
ID,19,Time,1559.854,DronePosition,-21.3249,45,-107.379,11.1,CameraPosition,-103.2207,1.688387,-107.5281,CameraRotation,346.1953,266.5123,0.5766904,CurrentState,MoveToFinal,Slider,52,Scenario,5
ID,19,Time,1559.868,DronePosition,-21.17032,45,-107.379,11.1,CameraPosition,-103.2211,1.687972,-107.528,CameraRotation,346.4799,266.6338,0.566865,CurrentState,MoveToFinal,Slider,52,Scenario,5
ID,19,Time,1559.882,DronePosition,-21.01584,45,-107.379,11.1,CameraPosition,-103.2215,1.687621,-107.5279,CameraRotation,346.7142,266.7581,0.566741,CurrentState,MoveToFinal,Slider,52,Scenario,5
ID,19,Time,1559.896,DronePosition,-20.85779,45,-107.379,11.1,CameraPosition,-103.222,1.687281,-107.5278,CameraRotation,346.9547,266.883,0.5721087,CurrentState,MoveToFinal,Slider,52,Scenario,5
ID,19,Time,1559.915,DronePosition,-20.65142,45,-107.379,11.1,CameraPosition,-103.2223,1.686894,-107.5278,CameraRotation,347.2393,266.9832,0.5715266,CurrentState,MoveToFinal,Slider,52,Scenario,5
ID,19,Time,1559.937,DronePosition,-20.40468,45,-107.379,11.1,CameraPosition,-103.2231,1.686058,-107.528,CameraRotation,347.8853,267.1866,0.6072416,CurrentState,End,Slider,52,Scenario,5
ID,19,Time,1559.951,DronePosition,-20.40468,45,-107.379,0,CameraPosition,-103.2234,1.685735,-107.5281,CameraRotation,348.1389,267.2838,0.6581329,CurrentState,End,Slider,52,Scenario,5
ID,19,Time,1559.965,DronePosition,-20.40468,45,-107.379,0,CameraPosition,-103.2237,1.685448,-107.5282,CameraRotation,348.3407,267.3791,0.7202665,CurrentState,End,Slider,52,Scenario,5
ID,19,Time,1559.979,DronePosition,-20.40468,45,-107.379,0,CameraPosition,-103.2239,1.685161,-107.5284,CameraRotation,348.5304,267.4706,0.7904533,CurrentState,End,Slider,52,Scenario,5
ID,19,Time,1559.993,DronePosition,-20.40468,45,-107.379,0,CameraPosition,-103.2242,1.684866,-107.5287,CameraRotation,348.7484,267.5517,0.8618885,CurrentState,End,Slider,52,Scenario,5
ID,19,Time,1560.007,DronePosition,-20.40468,45,-107.379,0,CameraPosition,-103.2244,1.684544,-107.529,CameraRotation,349.0174,267.6324,0.9323691,CurrentState,End,Slider,52,Scenario,5
ID,19,Time,1560.021,DronePosition,-20.40468,45,-107.379,0,CameraPosition,-103.2246,1.684187,-107.5293,CameraRotation,349.3355,267.7072,1.006549,CurrentState,End,Slider,52,Scenario,5
ID,19,Time,1560.035,DronePosition,-20.40468,45,-107.379,0,CameraPosition,-103.2249,1.68382,-107.5297,CameraRotation,349.6489,267.776,1.105916,CurrentState,End,Slider,52,Scenario,5
ID,19,Time,1560.049,DronePosition,-20.40468,45,-107.379,0,CameraPosition,-103.2251,1.683486,-107.5302,CameraRotation,349.9149,267.8583,1.20564,CurrentState,End,Slider,52,Scenario,5
ID,19,Time,1560.063,DronePosition,-20.40468,45,-107.379,0,CameraPosition,-103.2253,1.683251,-107.5306,CameraRotation,350.0803,267.9665,1.294834,CurrentState,End,Slider,52,Scenario,5
ID,19,Time,1560.077,DronePosition,-20.40468,45,-107.379,0,CameraPosition,-103.2255,1.683145,-107.531,CameraRotation,350.186,268.1068,1.391735,CurrentState,End,Slider,52,Scenario,5
ID,19,Time,1560.091,DronePosition,-20.40468,45,-107.379,0,CameraPosition,-103.2257,1.683022,-107.5314,CameraRotation,350.2776,268.2515,1.479071,CurrentState,End,Slider,52,Scenario,5
ID,19,Time,1560.105,DronePosition,-20.40468,45,-107.379,0,CameraPosition,-103.2257,1.682857,-107.5319,CameraRotation,350.4122,268.3947,1.547806,CurrentState,End,Slider,52,Scenario,5
ID,19,Time,1560.123,DronePosition,-20.40468,45,-107.379,0,CameraPosition,-103.2258,1.682677,-107.5322,CameraRotation,350.5724,268.5322,1.605835,CurrentState,End,Slider,52,Scenario,5
ID,19,Time,1560.146,DronePosition,-20.40468,45,-107.379,0,CameraPosition,-103.2257,1.682336,-107.5331,CameraRotation,350.867,268.837,1.666429,CurrentState,End,Slider,52,Scenario,5
ID,19,Time,1560.16,DronePosition,-20.40468,45,-107.379,0,CameraPosition,-103.2258,1.682228,-107.5337,CameraRotation,351.0256,269.0069,1.70277,CurrentState,End,Slider,52,Scenario,5
ID,19,Time,1560.174,DronePosition,-20.40468,45,-107.379,0,CameraPosition,-103.2258,1.682108,-107.5343,CameraRotation,351.1856,269.1776,1.77814,CurrentState,End,Slider,52,Scenario,5
ID,19,Time,1560.188,DronePosition,-20.40468,45,-107.379,0,CameraPosition,-103.2259,1.681954,-107.5349,CameraRotation,351.3567,269.3506,1.872176,CurrentState,End,Slider,52,Scenario,5
ID,19,Time,1560.202,DronePosition,-20.40468,45,-107.379,0,CameraPosition,-103.2259,1.681745,-107.5356,CameraRotation,351.5369,269.5176,1.983458,CurrentState,End,Slider,52,Scenario,5
ID,19,Time,1560.216,DronePosition,-20.40468,45,-107.379,0,CameraPosition,-103.2259,1.681508,-107.5363,CameraRotation,351.7041,269.6681,2.093247,CurrentState,End,Slider,52,Scenario,5
ID,19,Time,1560.23,DronePosition,-20.40468,45,-107.379,0,CameraPosition,-103.2259,1.681286,-107.537,CameraRotation,351.8488,269.817,2.198766,CurrentState,End,Slider,52,Scenario,5
ID,19,Time,1560.244,DronePosition,-20.40468,45,-107.379,0,CameraPosition,-103.226,1.681117,-107.5378,CameraRotation,351.9596,269.969,2.3112,CurrentState,End,Slider,52,Scenario,5
ID,19,Time,1560.258,DronePosition,-20.40468,45,-107.379,0,CameraPosition,-103.2261,1.681013,-107.5387,CameraRotation,352.0311,270.1003,2.442342,CurrentState,End,Slider,52,Scenario,5
ID,19,Time,1560.272,DronePosition,-20.40468,45,-107.379,0,CameraPosition,-103.2262,1.680903,-107.5396,CameraRotation,352.1167,270.2231,2.573719,CurrentState,End,Slider,52,Scenario,5
ID,19,Time,1560.285,DronePosition,-20.40468,45,-107.379,0,CameraPosition,-103.2262,1.680778,-107.5405,CameraRotation,352.2214,270.3289,2.719584,CurrentState,End,Slider,52,Scenario,5
ID,19,Time,1560.299,DronePosition,-20.40468,45,-107.379,0,CameraPosition,-103.2262,1.680568,-107.5414,CameraRotation,352.3769,270.4384,2.852505,CurrentState,End,Slider,52,Scenario,5
ID,19,Time,1560.313,DronePosition,-20.40468,45,-107.379,0,CameraPosition,-103.2263,1.680262,-107.5424,CameraRotation,352.6006,270.5439,2.983152,CurrentState,End,Slider,52,Scenario,5
ID,19,Time,1560.332,DronePosition,-20.40468,45,-107.379,0,CameraPosition,-103.2264,1.679892,-107.5434,CameraRotation,352.8691,270.6544,3.103809,CurrentState,End,Slider,52,Scenario,5
ID,19,Time,1560.355,DronePosition,-20.40468,45,-107.379,0,CameraPosition,-103.2265,1.678972,-107.5456,CameraRotation,353.5784,270.8775,3.310818,CurrentState,End,Slider,52,Scenario,5
ID,19,Time,1560.369,DronePosition,-20.40468,45,-107.379,0,CameraPosition,-103.2266,1.678363,-107.5466,CameraRotation,354.0356,270.9733,3.395331,CurrentState,End,Slider,52,Scenario,5
ID,19,Time,1560.382,DronePosition,-20.40468,45,-107.379,0,CameraPosition,-103.2266,1.677704,-107.5477,CameraRotation,354.5175,271.0662,3.484059,CurrentState,End,Slider,52,Scenario,5
ID,19,Time,1560.396,DronePosition,-20.40468,45,-107.379,0,CameraPosition,-103.2267,1.676994,-107.5489,CameraRotation,354.9832,271.1337,3.568933,CurrentState,End,Slider,52,Scenario,5
ID,19,Time,1560.41,DronePosition,-20.40468,45,-107.379,0,CameraPosition,-103.2269,1.676318,-107.5501,CameraRotation,355.4322,271.1897,3.646134,CurrentState,End,Slider,52,Scenario,5
ID,19,Time,1560.425,DronePosition,-20.40468,45,-107.379,0,CameraPosition,-103.227,1.67569,-107.5512,CameraRotation,355.8531,271.2452,3.708087,CurrentState,End,Slider,52,Scenario,5
ID,19,Time,1560.439,DronePosition,-20.40468,45,-107.379,0,CameraPosition,-103.2272,1.675033,-107.5524,CameraRotation,356.253,271.2994,3.754071,CurrentState,End,Slider,52,Scenario,5
ID,19,Time,1560.453,DronePosition,-20.40468,45,-107.379,0,CameraPosition,-103.2273,1.674363,-107.5536,CameraRotation,356.6419,271.3381,3.800555,CurrentState,End,Slider,52,Scenario,5
ID,19,Time,1560.466,DronePosition,-20.40468,45,-107.379,0,CameraPosition,-103.2275,1.673725,-107.5547,CameraRotation,357.0101,271.3787,3.834115,CurrentState,End,Slider,52,Scenario,5
ID,19,Time,1560.48,DronePosition,-20.40468,45,-107.379,0,CameraPosition,-103.2276,1.673164,-107.5559,CameraRotation,357.3506,271.4002,3.862909,CurrentState,End,Slider,52,Scenario,5
ID,19,Time,1560.494,DronePosition,-20.40468,45,-107.379,0,CameraPosition,-103.2278,1.672624,-107.5571,CameraRotation,357.6719,271.4279,3.893238,CurrentState,End,Slider,52,Scenario,5
ID,19,Time,1560.51,DronePosition,-20.40468,45,-107.379,0,CameraPosition,-103.228,1.672118,-107.5583,CameraRotation,357.9932,271.4536,3.899493,CurrentState,End,Slider,52,Scenario,5
ID,19,Time,1560.522,DronePosition,-20.40468,45,-107.379,0,CameraPosition,-103.2282,1.671598,-107.5595,CameraRotation,358.3091,271.4797,3.914961,CurrentState,End,Slider,52,Scenario,5
ID,19,Time,1560.541,DronePosition,-20.40468,45,-107.379,0,CameraPosition,-103.2283,1.67108,-107.5606,CameraRotation,358.6483,271.5075,3.954675,CurrentState,End,Slider,52,Scenario,5
ID,19,Time,1560.564,DronePosition,-20.40468,45,-107.379,0,CameraPosition,-103.2285,1.670109,-107.5629,CameraRotation,359.2622,271.5677,4.050747,CurrentState,End,Slider,52,Scenario,5
ID,19,Time,1560.577,DronePosition,-20.40468,45,-107.379,0,CameraPosition,-103.2286,1.669703,-107.5641,CameraRotation,359.5255,271.6094,4.098688,CurrentState,End,Slider,52,Scenario,5
ID,19,Time,1560.591,DronePosition,-20.40468,45,-107.379,0,CameraPosition,-103.2287,1.669336,-107.5652,CameraRotation,359.7515,271.6622,4.156112,CurrentState,End,Slider,52,Scenario,5
ID,19,Time,1560.605,DronePosition,-20.40468,45,-107.379,0,CameraPosition,-103.2287,1.669016,-107.5663,CameraRotation,359.9246,271.7198,4.218589,CurrentState,End,Slider,52,Scenario,5
ID,19,Time,1560.619,DronePosition,-20.40468,45,-107.379,0,CameraPosition,-103.2288,1.668763,-107.5675,CameraRotation,0.0696037,271.7804,4.284431,CurrentState,End,Slider,52,Scenario,5
ID,19,Time,1560.633,DronePosition,-20.40468,45,-107.379,0,CameraPosition,-103.2288,1.66855,-107.5686,CameraRotation,0.1828569,271.844,4.346856,CurrentState,End,Slider,52,Scenario,5
ID,19,Time,1560.647,DronePosition,-20.40468,45,-107.379,0,CameraPosition,-103.2289,1.668375,-107.5697,CameraRotation,0.2864681,271.9056,4.397562,CurrentState,End,Slider,52,Scenario,5
ID,19,Time,1560.661,DronePosition,-20.40468,45,-107.379,0,CameraPosition,-103.229,1.668215,-107.5708,CameraRotation,0.3684165,271.9747,4.466545,CurrentState,End,Slider,52,Scenario,5
ID,19,Time,1560.675,DronePosition,-20.40468,45,-107.379,0,CameraPosition,-103.2291,1.66809,-107.5718,CameraRotation,0.4474396,272.059,4.504191,CurrentState,End,Slider,52,Scenario,5
ID,19,Time,1560.689,DronePosition,-20.40468,45,-107.379,0,CameraPosition,-103.2292,1.667938,-107.5728,CameraRotation,0.5344737,272.1402,4.550528,CurrentState,End,Slider,52,Scenario,5
ID,19,Time,1560.703,DronePosition,-20.40468,45,-107.379,0,CameraPosition,-103.2293,1.667779,-107.5738,CameraRotation,0.6369469,272.2325,4.565244,CurrentState,End,Slider,52,Scenario,5
ID,19,Time,1560.717,DronePosition,-20.40468,45,-107.379,0,CameraPosition,-103.2294,1.667615,-107.5747,CameraRotation,0.7548986,272.3353,4.587255,CurrentState,End,Slider,52,Scenario,5
ID,19,Time,1560.731,DronePosition,-20.40468,45,-107.379,0,CameraPosition,-103.2294,1.667498,-107.5757,CameraRotation,0.8362305,272.4299,4.578969,CurrentState,End,Slider,52,Scenario,5
ID,19,Time,1560.75,DronePosition,-20.40468,45,-107.379,0,CameraPosition,-103.2296,1.667474,-107.5766,CameraRotation,0.8856666,272.5354,4.520808,CurrentState,End,Slider,52,Scenario,5
ID,19,Time,1560.772,DronePosition,-20.40468,45,-107.379,0,CameraPosition,-103.2298,1.667355,-107.5784,CameraRotation,0.9842182,272.7502,4.300418,CurrentState,End,Slider,52,Scenario,5
ID,19,Time,1560.786,DronePosition,-20.40468,45,-107.379,0,CameraPosition,-103.2299,1.667219,-107.5793,CameraRotation,1.052511,272.854,4.19264,CurrentState,End,Slider,52,Scenario,5
ID,19,Time,1560.8,DronePosition,-20.40468,45,-107.379,0,CameraPosition,-103.2301,1.667024,-107.5801,CameraRotation,1.155776,272.9435,4.093786,CurrentState,End,Slider,52,Scenario,5
ID,19,Time,1560.814,DronePosition,-20.40468,45,-107.379,0,CameraPosition,-103.2303,1.666766,-107.5809,CameraRotation,1.291447,273.0238,3.993253,CurrentState,End,Slider,52,Scenario,5
ID,19,Time,1560.828,DronePosition,-20.40468,45,-107.379,0,CameraPosition,-103.2305,1.666431,-107.5817,CameraRotation,1.448606,273.0902,3.881717,CurrentState,End,Slider,52,Scenario,5
ID,19,Time,1560.842,DronePosition,-20.40468,45,-107.379,0,CameraPosition,-103.2308,1.666091,-107.5824,CameraRotation,1.611075,273.1549,3.740689,CurrentState,End,Slider,52,Scenario,5
ID,19,Time,1560.856,DronePosition,-20.40468,45,-107.379,0,CameraPosition,-103.2311,1.665765,-107.5832,CameraRotation,1.765731,273.2294,3.555077,CurrentState,End,Slider,52,Scenario,5
ID,19,Time,1560.87,DronePosition,-20.40468,45,-107.379,0,CameraPosition,-103.2314,1.665425,-107.584,CameraRotation,1.89655,273.3014,3.387421,CurrentState,End,Slider,52,Scenario,5
ID,19,Time,1560.884,DronePosition,-20.40468,45,-107.379,0,CameraPosition,-103.2317,1.665083,-107.5848,CameraRotation,2.025823,273.3741,3.257793,CurrentState,End,Slider,52,Scenario,5
ID,19,Time,1560.898,DronePosition,-20.40468,45,-107.379,0,CameraPosition,-103.232,1.664782,-107.5855,CameraRotation,2.16423,273.4389,3.141812,CurrentState,End,Slider,52,Scenario,5
ID,19,Time,1560.912,DronePosition,-20.40468,45,-107.379,0,CameraPosition,-103.2322,1.664505,-107.5863,CameraRotation,2.28737,273.5107,3.032535,CurrentState,End,Slider,52,Scenario,5
ID,19,Time,1560.926,DronePosition,-20.40468,45,-107.379,0,CameraPosition,-103.2325,1.664258,-107.5871,CameraRotation,2.408291,273.5759,2.962861,CurrentState,End,Slider,52,Scenario,5
ID,19,Time,1560.94,DronePosition,-20.40468,45,-107.379,0,CameraPosition,-103.2327,1.663995,-107.5879,CameraRotation,2.530318,273.6541,2.929092,CurrentState,End,Slider,52,Scenario,5
ID,19,Time,1560.959,DronePosition,-20.40468,45,-107.379,0,CameraPosition,-103.2329,1.663729,-107.5886,CameraRotation,2.682965,273.7339,2.895237,CurrentState,End,Slider,52,Scenario,5
ID,19,Time,1560.981,DronePosition,-20.40468,45,-107.379,0,CameraPosition,-103.2332,1.663164,-107.59,CameraRotation,2.984428,273.906,2.826227,CurrentState,End,Slider,52,Scenario,5
ID,19,Time,1560.995,DronePosition,-20.40468,45,-107.379,0,CameraPosition,-103.2333,1.662942,-107.5906,CameraRotation,3.125038,273.996,2.785479,CurrentState,End,Slider,52,Scenario,5
ID,19,Time,1561.009,DronePosition,-20.40468,45,-107.379,0,CameraPosition,-103.2334,1.662739,-107.5911,CameraRotation,3.239479,274.0748,2.752054,CurrentState,End,Slider,52,Scenario,5
ID,19,Time,1561.023,DronePosition,-20.40468,45,-107.379,0,CameraPosition,-103.2336,1.662573,-107.5916,CameraRotation,3.356157,274.1438,2.707618,CurrentState,End,Slider,52,Scenario,5
ID,19,Time,1561.037,DronePosition,-20.40468,45,-107.379,0,CameraPosition,-103.2336,1.662342,-107.5921,CameraRotation,3.459929,274.2158,2.669612,CurrentState,End,Slider,52,Scenario,5
ID,19,Time,1561.051,DronePosition,-20.40468,45,-107.379,0,CameraPosition,-103.2336,1.662106,-107.5926,CameraRotation,3.570131,274.2719,2.612916,CurrentState,End,Slider,52,Scenario,5
ID,19,Time,1561.065,DronePosition,-20.40468,45,-107.379,0,CameraPosition,-103.2335,1.661865,-107.593,CameraRotation,3.665317,274.3228,2.550655,CurrentState,End,Slider,52,Scenario,5
ID,19,Time,1561.079,DronePosition,-20.40468,45,-107.379,0,CameraPosition,-103.2334,1.661647,-107.5934,CameraRotation,3.764455,274.3581,2.493206,CurrentState,End,Slider,52,Scenario,5
ID,19,Time,1561.093,DronePosition,-20.40468,45,-107.379,0,CameraPosition,-103.2333,1.661431,-107.5938,CameraRotation,3.847044,274.3842,2.45232,CurrentState,End,Slider,52,Scenario,5
ID,19,Time,1561.107,DronePosition,-20.40468,45,-107.379,0,CameraPosition,-103.2331,1.661234,-107.5941,CameraRotation,3.926622,274.4156,2.388927,CurrentState,End,Slider,52,Scenario,5
ID,19,Time,1561.121,DronePosition,-20.40468,45,-107.379,0,CameraPosition,-103.2329,1.661077,-107.5944,CameraRotation,4.002329,274.4308,2.333462,CurrentState,End,Slider,52,Scenario,5
ID,19,Time,1561.135,DronePosition,-20.40468,45,-107.379,0,CameraPosition,-103.2327,1.660964,-107.5946,CameraRotation,4.079664,274.4474,2.267829,CurrentState,End,Slider,52,Scenario,5
ID,19,Time,1561.149,DronePosition,-20.40468,45,-107.379,0,CameraPosition,-103.2326,1.660878,-107.5949,CameraRotation,4.144772,274.4624,2.178974,CurrentState,End,Slider,52,Scenario,5
ID,19,Time,1561.167,DronePosition,-20.40468,45,-107.379,0,CameraPosition,-103.2325,1.660832,-107.595,CameraRotation,4.177756,274.4873,2.084153,CurrentState,End,Slider,52,Scenario,5
ID,19,Time,1561.19,DronePosition,-20.40468,45,-107.379,0,CameraPosition,-103.2323,1.660873,-107.5952,CameraRotation,4.190867,274.5369,1.957857,CurrentState,End,Slider,52,Scenario,5
ID,19,Time,1561.204,DronePosition,-20.40468,45,-107.379,0,CameraPosition,-103.2322,1.660946,-107.5952,CameraRotation,4.179183,274.5411,1.911922,CurrentState,End,Slider,52,Scenario,5
ID,19,Time,1561.218,DronePosition,-20.40468,45,-107.379,0,CameraPosition,-103.232,1.661046,-107.5952,CameraRotation,4.159108,274.5529,1.854709,CurrentState,End,Slider,52,Scenario,5
ID,19,Time,1561.232,DronePosition,-20.40468,45,-107.379,0,CameraPosition,-103.2319,1.661131,-107.5951,CameraRotation,4.141805,274.5525,1.780213,CurrentState,End,Slider,52,Scenario,5
ID,19,Time,1561.246,DronePosition,-20.40468,45,-107.379,0,CameraPosition,-103.2318,1.661142,-107.5951,CameraRotation,4.139677,274.5414,1.698143,CurrentState,End,Slider,52,Scenario,5
ID,19,Time,1561.26,DronePosition,-20.40468,45,-107.379,0,CameraPosition,-103.2316,1.661137,-107.595,CameraRotation,4.14759,274.5402,1.591419,CurrentState,End,Slider,52,Scenario,5
ID,19,Time,1561.274,DronePosition,-20.40468,45,-107.379,0,CameraPosition,-103.2315,1.661189,-107.5949,CameraRotation,4.149391,274.5271,1.497722,CurrentState,End,Slider,52,Scenario,5
ID,19,Time,1561.288,DronePosition,-20.40468,45,-107.379,0,CameraPosition,-103.2315,1.661284,-107.5947,CameraRotation,4.112489,274.502,1.423114,CurrentState,End,Slider,52,Scenario,5
ID,19,Time,1561.302,DronePosition,-20.40468,45,-107.379,0,CameraPosition,-103.2314,1.661366,-107.5944,CameraRotation,4.06908,274.4745,1.357409,CurrentState,End,Slider,52,Scenario,5
ID,19,Time,1561.316,DronePosition,-20.40468,45,-107.379,0,CameraPosition,-103.2314,1.661457,-107.5942,CameraRotation,4.02493,274.4418,1.286512,CurrentState,End,Slider,52,Scenario,5
ID,19,Time,1561.329,DronePosition,-20.40468,45,-107.379,0,CameraPosition,-103.2315,1.661567,-107.5938,CameraRotation,3.987581,274.4005,1.234626,CurrentState,End,Slider,52,Scenario,5
ID,19,Time,1561.344,DronePosition,-20.40468,45,-107.379,0,CameraPosition,-103.2316,1.661603,-107.5934,CameraRotation,3.961432,274.357,1.178075,CurrentState,End,Slider,52,Scenario,5
ID,19,Time,1561.357,DronePosition,-20.40468,45,-107.379,0,CameraPosition,-103.2317,1.661555,-107.5929,CameraRotation,3.957157,274.2967,1.150535,CurrentState,End,Slider,52,Scenario,5
ID,19,Time,1561.376,DronePosition,-20.40468,45,-107.379,0,CameraPosition,-103.2317,1.661531,-107.5925,CameraRotation,3.953683,274.222,1.154116,CurrentState,End,Slider,52,Scenario,5
ID,19,Time,1561.399,DronePosition,-20.40468,45,-107.379,0,CameraPosition,-103.2318,1.661527,-107.5916,CameraRotation,3.929739,274.0614,1.036551,CurrentState,End,Slider,52,Scenario,5
ID,19,Time,1561.412,DronePosition,-20.40468,45,-107.379,0,CameraPosition,-103.2318,1.66148,-107.5911,CameraRotation,3.966293,273.9676,0.9525772,CurrentState,End,Slider,52,Scenario,5
ID,19,Time,1561.427,DronePosition,-20.40468,45,-107.379,0,CameraPosition,-103.2317,1.66142,-107.5906,CameraRotation,4.02433,273.877,0.8975623,CurrentState,End,Slider,52,Scenario,5
ID,19,Time,1561.441,DronePosition,-20.40468,45,-107.379,0,CameraPosition,-103.2316,1.661397,-107.59,CameraRotation,4.065696,273.7715,0.8716837,CurrentState,End,Slider,52,Scenario,5
ID,19,Time,1561.455,DronePosition,-20.40468,45,-107.379,0,CameraPosition,-103.2316,1.661412,-107.5893,CameraRotation,4.081903,273.6685,0.8651925,CurrentState,End,Slider,52,Scenario,5
ID,19,Time,1561.469,DronePosition,-20.40468,45,-107.379,0,CameraPosition,-103.2315,1.661457,-107.5887,CameraRotation,4.057759,273.5715,0.8541936,CurrentState,End,Slider,52,Scenario,5
ID,19,Time,1561.483,DronePosition,-20.40468,45,-107.379,0,CameraPosition,-103.2316,1.66157,-107.5879,CameraRotation,4.017246,273.4703,0.8241634,CurrentState,End,Slider,52,Scenario,5
ID,19,Time,1561.496,DronePosition,-20.40468,45,-107.379,0,CameraPosition,-103.2317,1.661698,-107.5872,CameraRotation,3.955224,273.374,0.7937341,CurrentState,End,Slider,52,Scenario,5
ID,19,Time,1561.511,DronePosition,-20.40468,45,-107.379,0,CameraPosition,-103.2317,1.661826,-107.5863,CameraRotation,3.872713,273.2717,0.7957304,CurrentState,End,Slider,52,Scenario,5
ID,19,Time,1561.525,DronePosition,-20.40468,45,-107.379,0,CameraPosition,-103.2316,1.661906,-107.5855,CameraRotation,3.800301,273.1827,0.7788684,CurrentState,End,Slider,52,Scenario,5
ID,19,Time,1561.538,DronePosition,-20.40468,45,-107.379,0,CameraPosition,-103.2315,1.661979,-107.5847,CameraRotation,3.765402,273.1058,0.7375884,CurrentState,End,Slider,52,Scenario,5
ID,19,Time,1561.552,DronePosition,-20.40468,45,-107.379,0,CameraPosition,-103.2314,1.662016,-107.5838,CameraRotation,3.73059,273.0449,0.6788359,CurrentState,End,Slider,52,Scenario,5
ID,19,Time,1561.566,DronePosition,-20.40468,45,-107.379,0,CameraPosition,-103.2313,1.662018,-107.5829,CameraRotation,3.718478,272.997,0.6559106,CurrentState,End,Slider,52,Scenario,5
ID,19,Time,1561.585,DronePosition,-20.40468,45,-107.379,0,CameraPosition,-103.2311,1.66202,-107.582,CameraRotation,3.674663,272.9596,0.6385551,CurrentState,End,Slider,52,Scenario,5
ID,19,Time,1561.608,DronePosition,-20.40468,45,-107.379,0,CameraPosition,-103.2308,1.662134,-107.58,CameraRotation,3.621354,272.9228,0.5613908,CurrentState,End,Slider,52,Scenario,5
ID,19,Time,1561.621,DronePosition,-20.40468,45,-107.379,0,CameraPosition,-103.2306,1.662151,-107.5789,CameraRotation,3.620632,272.8907,0.5647914,CurrentState,End,Slider,52,Scenario,5
ID,19,Time,1561.636,DronePosition,-20.40468,45,-107.379,0,CameraPosition,-103.2303,1.662173,-107.5779,CameraRotation,3.657201,272.8558,0.57207,CurrentState,End,Slider,52,Scenario,5
ID,19,Time,1561.649,DronePosition,-20.40468,45,-107.379,0,CameraPosition,-103.2301,1.662182,-107.5768,CameraRotation,3.674935,272.8171,0.58079,CurrentState,End,Slider,52,Scenario,5
ID,19,Time,1561.663,DronePosition,-20.40468,45,-107.379,0,CameraPosition,-103.2299,1.662196,-107.5757,CameraRotation,3.692736,272.7765,0.5862492,CurrentState,End,Slider,52,Scenario,5
ID,19,Time,1561.677,DronePosition,-20.40468,45,-107.379,0,CameraPosition,-103.2295,1.662182,-107.5747,CameraRotation,3.716393,272.7247,0.5976408,CurrentState,End,Slider,52,Scenario,5
ID,19,Time,1561.691,DronePosition,-20.40468,45,-107.379,0,CameraPosition,-103.2291,1.662195,-107.5737,CameraRotation,3.741336,272.6664,0.6230912,CurrentState,End,Slider,52,Scenario,5
ID,19,Time,1561.705,DronePosition,-20.40468,45,-107.379,0,CameraPosition,-103.2287,1.662232,-107.5726,CameraRotation,3.747891,272.5922,0.6469378,CurrentState,End,Slider,52,Scenario,5
ID,19,Time,1561.719,DronePosition,-20.40468,45,-107.379,0,CameraPosition,-103.2283,1.662264,-107.5717,CameraRotation,3.731047,272.5121,0.6605873,CurrentState,End,Slider,52,Scenario,5
ID,19,Time,1561.733,DronePosition,-20.40468,45,-107.379,0,CameraPosition,-103.2279,1.662312,-107.5707,CameraRotation,3.716618,272.4362,0.6805117,CurrentState,End,Slider,52,Scenario,5
ID,19,Time,1561.747,DronePosition,-20.40468,45,-107.379,0,CameraPosition,-103.2274,1.662384,-107.5697,CameraRotation,3.696591,272.3379,0.7134306,CurrentState,End,Slider,52,Scenario,5
ID,19,Time,1561.761,DronePosition,-20.40468,45,-107.379,0,CameraPosition,-103.2269,1.662485,-107.5687,CameraRotation,3.654183,272.2396,0.7508048,CurrentState,End,Slider,52,Scenario,5
ID,19,Time,1561.776,DronePosition,-20.40468,45,-107.379,0,CameraPosition,-103.2264,1.662629,-107.5677,CameraRotation,3.622621,272.1349,0.7845843,CurrentState,End,Slider,52,Scenario,5
ID,19,Time,1561.794,DronePosition,-20.40468,45,-107.379,0,CameraPosition,-103.2258,1.662793,-107.5667,CameraRotation,3.566797,272.0193,0.8173307,CurrentState,End,Slider,52,Scenario,5
ID,19,Time,1561.816,DronePosition,-20.40468,45,-107.379,0,CameraPosition,-103.2248,1.663254,-107.5645,CameraRotation,3.419822,271.7798,0.8707619,CurrentState,End,Slider,52,Scenario,5
ID,19,Time,1561.83,DronePosition,-20.40468,45,-107.379,0,CameraPosition,-103.2243,1.6635,-107.5634,CameraRotation,3.336659,271.6615,0.891885,CurrentState,End,Slider,52,Scenario,5
ID,19,Time,1561.844,DronePosition,-20.40468,45,-107.379,0,CameraPosition,-103.2238,1.663721,-107.5623,CameraRotation,3.244137,271.5548,0.9125186,CurrentState,End,Slider,52,Scenario,5
ID,19,Time,1561.858,DronePosition,-20.40468,45,-107.379,0,CameraPosition,-103.2233,1.663945,-107.5612,CameraRotation,3.17545,271.4609,0.907222,CurrentState,End,Slider,52,Scenario,5
ID,19,Time,1561.872,DronePosition,-20.40468,45,-107.379,0,CameraPosition,-103.2228,1.664128,-107.56,CameraRotation,3.111254,271.389,0.8891581,CurrentState,End,Slider,52,Scenario,5
ID,19,Time,1561.886,DronePosition,-20.40468,45,-107.379,0,CameraPosition,-103.2224,1.66423,-107.5588,CameraRotation,3.071685,271.3254,0.8830683,CurrentState,End,Slider,52,Scenario,5
ID,19,Time,1561.9,DronePosition,-20.40468,45,-107.379,0,CameraPosition,-103.222,1.664276,-107.5575,CameraRotation,3.070014,271.2773,0.8728373,CurrentState,End,Slider,52,Scenario,5
ID,19,Time,1561.914,DronePosition,-20.40468,45,-107.379,0,CameraPosition,-103.2215,1.664342,-107.5563,CameraRotation,3.078109,271.2347,0.8466899,CurrentState,End,Slider,52,Scenario,5
ID,19,Time,1561.928,DronePosition,-20.40468,45,-107.379,0,CameraPosition,-103.2211,1.664361,-107.555,CameraRotation,3.097318,271.1952,0.8028203,CurrentState,End,Slider,52,Scenario,5
ID,19,Time,1561.942,DronePosition,-20.40468,45,-107.379,0,CameraPosition,-103.2207,1.664348,-107.5537,CameraRotation,3.134072,271.1786,0.77427,CurrentState,End,Slider,52,Scenario,5
ID,19,Time,1561.956,DronePosition,-20.40468,45,-107.379,0,CameraPosition,-103.2204,1.664309,-107.5524,CameraRotation,3.173386,271.1547,0.7537413,CurrentState,End,Slider,52,Scenario,5
ID,19,Time,1561.97,DronePosition,-20.40468,45,-107.379,0,CameraPosition,-103.2201,1.664315,-107.5511,CameraRotation,3.183545,271.1353,0.7113202,CurrentState,End,Slider,52,Scenario,5
ID,19,Time,1561.984,DronePosition,-20.40468,45,-107.379,0,CameraPosition,-103.2199,1.664344,-107.5497,CameraRotation,3.159855,271.1318,0.6667677,CurrentState,End,Slider,52,Scenario,5
ID,19,Time,1562.002,DronePosition,-20.40468,45,-107.379,0,CameraPosition,-103.2198,1.664377,-107.5484,CameraRotation,3.12978,271.1283,0.6444695,CurrentState,End,Slider,52,Scenario,5
ID,19,Time,1562.026,DronePosition,-20.40468,45,-107.379,0,CameraPosition,-103.2196,1.664392,-107.5458,CameraRotation,3.139351,271.0691,0.6466714,CurrentState,End,Slider,52,Scenario,5
ID,19,Time,1562.039,DronePosition,-20.40468,45,-107.379,0,CameraPosition,-103.2195,1.664308,-107.5445,CameraRotation,3.182222,271.0269,0.6402942,CurrentState,End,Slider,52,Scenario,5
ID,19,Time,1562.053,DronePosition,-20.40468,45,-107.379,0,CameraPosition,-103.2195,1.664138,-107.5432,CameraRotation,3.240842,271.0027,0.582318,CurrentState,End,Slider,52,Scenario,5
ID,19,Time,1562.067,DronePosition,-20.40468,45,-107.379,0,CameraPosition,-103.2195,1.663898,-107.542,CameraRotation,3.341337,270.9645,0.5204768,CurrentState,End,Slider,52,Scenario,5
ID,19,Time,1562.081,DronePosition,-20.40468,45,-107.379,0,CameraPosition,-103.2195,1.663744,-107.5407,CameraRotation,3.435775,270.9112,0.5104663,CurrentState,End,Slider,52,Scenario,5
ID,19,Time,1562.095,DronePosition,-20.40468,45,-107.379,0,CameraPosition,-103.2194,1.663644,-107.5394,CameraRotation,3.505079,270.8599,0.521884,CurrentState,End,Slider,52,Scenario,5
ID,19,Time,1562.109,DronePosition,-20.40468,45,-107.379,0,CameraPosition,-103.2194,1.663534,-107.5382,CameraRotation,3.563159,270.7924,0.5476062,CurrentState,End,Slider,52,Scenario,5
ID,19,Time,1562.123,DronePosition,-20.40468,45,-107.379,0,CameraPosition,-103.2194,1.663449,-107.5369,CameraRotation,3.641687,270.7197,0.5376288,CurrentState,End,Slider,52,Scenario,5
ID,19,Time,1562.137,DronePosition,-20.40468,45,-107.379,0,CameraPosition,-103.2193,1.663338,-107.5357,CameraRotation,3.717967,270.6493,0.5080571,CurrentState,End,Slider,52,Scenario,5
ID,19,Time,1562.152,DronePosition,-20.40468,45,-107.379,0,CameraPosition,-103.2193,1.663183,-107.5344,CameraRotation,3.774703,270.5671,0.4845648,CurrentState,End,Slider,52,Scenario,5
ID,19,Time,1562.165,DronePosition,-20.40468,45,-107.379,0,CameraPosition,-103.2192,1.66305,-107.5332,CameraRotation,3.826113,270.4814,0.4674117,CurrentState,End,Slider,52,Scenario,5
ID,19,Time,1562.179,DronePosition,-20.40468,45,-107.379,0,CameraPosition,-103.2191,1.66295,-107.5319,CameraRotation,3.867016,270.3758,0.45698,CurrentState,End,Slider,52,Scenario,5
ID,19,Time,1562.193,DronePosition,-20.40468,45,-107.379,0,CameraPosition,-103.219,1.662855,-107.5306,CameraRotation,3.903742,270.2693,0.4325213,CurrentState,End,Slider,52,Scenario,5
ID,19,Time,1562.211,DronePosition,-20.40468,45,-107.379,0,CameraPosition,-103.2189,1.662664,-107.5293,CameraRotation,3.933434,270.1523,0.404579,CurrentState,End,Slider,52,Scenario,5
ID,19,Time,1562.234,DronePosition,-20.40468,45,-107.379,0,CameraPosition,-103.2186,1.662421,-107.5268,CameraRotation,4.037886,269.9089,0.4024357,CurrentState,End,Slider,52,Scenario,5
ID,19,Time,1562.248,DronePosition,-20.40468,45,-107.379,0,CameraPosition,-103.2184,1.66235,-107.5255,CameraRotation,4.082637,269.7784,0.3886303,CurrentState,End,Slider,52,Scenario,5
ID,19,Time,1562.262,DronePosition,-20.40468,45,-107.379,0,CameraPosition,-103.2182,1.662284,-107.5242,CameraRotation,4.13379,269.6429,0.3689957,CurrentState,End,Slider,52,Scenario,5
ID,19,Time,1562.276,DronePosition,-20.40468,45,-107.379,0,CameraPosition,-103.218,1.662297,-107.5228,CameraRotation,4.178051,269.5057,0.3553868,CurrentState,End,Slider,52,Scenario,5
ID,19,Time,1562.29,DronePosition,-20.40468,45,-107.379,0,CameraPosition,-103.2178,1.662313,-107.5215,CameraRotation,4.199884,269.3764,0.3446915,CurrentState,End,Slider,52,Scenario,5
ID,19,Time,1562.304,DronePosition,-20.40468,45,-107.379,0,CameraPosition,-103.2176,1.662425,-107.5201,CameraRotation,4.18283,269.2298,0.3351823,CurrentState,End,Slider,52,Scenario,5
ID,19,Time,1562.318,DronePosition,-20.40468,45,-107.379,0,CameraPosition,-103.2174,1.66251,-107.5187,CameraRotation,4.118685,269.1013,0.3265075,CurrentState,End,Slider,52,Scenario,5
ID,19,Time,1562.332,DronePosition,-20.40468,45,-107.379,0,CameraPosition,-103.2172,1.662605,-107.5173,CameraRotation,4.050448,268.9726,0.326948,CurrentState,End,Slider,52,Scenario,5
ID,19,Time,1562.346,DronePosition,-20.40468,45,-107.379,0,CameraPosition,-103.217,1.662661,-107.5159,CameraRotation,4.002299,268.8508,0.3220749,CurrentState,End,Slider,52,Scenario,5
ID,19,Time,1562.36,DronePosition,-20.40468,45,-107.379,0,CameraPosition,-103.2168,1.662637,-107.5144,CameraRotation,3.981218,268.7315,0.3211216,CurrentState,End,Slider,52,Scenario,5
ID,19,Time,1562.374,DronePosition,-20.40468,45,-107.379,0,CameraPosition,-103.2165,1.662549,-107.5128,CameraRotation,3.970231,268.6253,0.3237413,CurrentState,End,Slider,52,Scenario,5
ID,19,Time,1562.387,DronePosition,-20.40468,45,-107.379,0,CameraPosition,-103.2162,1.662464,-107.5112,CameraRotation,3.969145,268.5191,0.3212515,CurrentState,End,Slider,52,Scenario,5
ID,19,Time,1562.401,DronePosition,-20.40468,45,-107.379,0,CameraPosition,-103.2159,1.662423,-107.5097,CameraRotation,3.967837,268.4229,0.2960196,CurrentState,End,Slider,52,Scenario,5
ID,19,Time,1562.42,DronePosition,-20.40468,45,-107.379,0,CameraPosition,-103.2156,1.662406,-107.5081,CameraRotation,3.957369,268.34,0.2560787,CurrentState,End,Slider,52,Scenario,5
ID,19,Time,1562.444,DronePosition,-20.40468,45,-107.379,0,CameraPosition,-103.2152,1.662575,-107.5049,CameraRotation,3.834464,268.1976,0.1993058,CurrentState,End,Slider,52,Scenario,5
ID,19,Time,1562.457,DronePosition,-20.40468,45,-107.379,0,CameraPosition,-103.2149,1.662728,-107.5033,CameraRotation,3.751952,268.1325,0.1632693,CurrentState,End,Slider,52,Scenario,5
ID,19,Time,1562.47,DronePosition,-20.40468,45,-107.379,0,CameraPosition,-103.2147,1.662889,-107.5018,CameraRotation,3.667264,268.077,0.1258678,CurrentState,End,Slider,52,Scenario,5
ID,19,Time,1562.484,DronePosition,-20.40468,45,-107.379,0,CameraPosition,-103.2144,1.663024,-107.5002,CameraRotation,3.553532,268.0273,0.1192256,CurrentState,End,Slider,52,Scenario,5
ID,19,Time,1562.498,DronePosition,-20.40468,45,-107.379,0,CameraPosition,-103.2141,1.663171,-107.4986,CameraRotation,3.426464,267.9649,0.1236342,CurrentState,End,Slider,52,Scenario,5
ID,19,Time,1562.513,DronePosition,-20.40468,45,-107.379,0,CameraPosition,-103.2137,1.663346,-107.4971,CameraRotation,3.311516,267.9015,0.1381072,CurrentState,End,Slider,52,Scenario,5
ID,19,Time,1562.527,DronePosition,-20.40468,45,-107.379,0,CameraPosition,-103.2133,1.663482,-107.4956,CameraRotation,3.189056,267.8345,0.1474918,CurrentState,End,Slider,52,Scenario,5
ID,19,Time,1562.54,DronePosition,-20.40468,45,-107.379,0,CameraPosition,-103.2129,1.663599,-107.4941,CameraRotation,3.066611,267.7577,0.1604124,CurrentState,End,Slider,52,Scenario,5
ID,19,Time,1562.555,DronePosition,-20.40468,45,-107.379,0,CameraPosition,-103.2125,1.663714,-107.4926,CameraRotation,2.922643,267.694,0.1674259,CurrentState,End,Slider,52,Scenario,5
ID,19,Time,1562.568,DronePosition,-20.40468,45,-107.379,0,CameraPosition,-103.2122,1.663838,-107.4912,CameraRotation,2.769982,267.6194,0.1948168,CurrentState,End,Slider,52,Scenario,5
ID,19,Time,1562.582,DronePosition,-20.40468,45,-107.379,0,CameraPosition,-103.2118,1.66397,-107.4897,CameraRotation,2.619682,267.5489,0.2210335,CurrentState,End,Slider,52,Scenario,5
ID,19,Time,1562.596,DronePosition,-20.40468,45,-107.379,0,CameraPosition,-103.2114,1.664139,-107.4884,CameraRotation,2.488549,267.4823,0.2368849,CurrentState,End,Slider,52,Scenario,5
ID,19,Time,1562.61,DronePosition,-20.40468,45,-107.379,0,CameraPosition,-103.211,1.664337,-107.487,CameraRotation,2.350439,267.4216,0.225891,CurrentState,End,Slider,52,Scenario,5
ID,19,Time,1562.629,DronePosition,-20.40468,45,-107.379,0,CameraPosition,-103.2106,1.664505,-107.4857,CameraRotation,2.220596,267.3585,0.2363936,CurrentState,End,Slider,52,Scenario,5
ID,19,Time,1562.651,DronePosition,-20.40468,45,-107.379,0,CameraPosition,-103.2099,1.664658,-107.4831,CameraRotation,2.0417,267.2361,0.2961732,CurrentState,End,Slider,52,Scenario,5
ID,19,Time,1562.666,DronePosition,-20.40468,45,-107.379,0,CameraPosition,-103.2095,1.664733,-107.4818,CameraRotation,1.978418,267.1836,0.3460527,CurrentState,End,Slider,52,Scenario,5
ID,19,Time,1562.679,DronePosition,-20.40468,45,-107.379,0,CameraPosition,-103.2092,1.664811,-107.4805,CameraRotation,1.875039,267.159,0.3537876,CurrentState,End,Slider,52,Scenario,5
ID,19,Time,1562.693,DronePosition,-20.40468,45,-107.379,0,CameraPosition,-103.2089,1.664909,-107.4792,CameraRotation,1.760345,267.1191,0.2989451,CurrentState,End,Slider,52,Scenario,5
ID,19,Time,1562.708,DronePosition,-20.40468,45,-107.379,0,CameraPosition,-103.2086,1.665026,-107.478,CameraRotation,1.651343,267.0988,0.2704147,CurrentState,End,Slider,52,Scenario,5
ID,19,Time,1562.721,DronePosition,-20.40468,45,-107.379,0,CameraPosition,-103.2083,1.665186,-107.4768,CameraRotation,1.545762,267.0667,0.3072331,CurrentState,End,Slider,52,Scenario,5
ID,19,Time,1562.735,DronePosition,-20.40468,45,-107.379,0,CameraPosition,-103.208,1.665326,-107.4756,CameraRotation,1.441868,267.0364,0.3662052,CurrentState,End,Slider,52,Scenario,5
ID,19,Time,1562.749,DronePosition,-20.40468,45,-107.379,0,CameraPosition,-103.2077,1.665438,-107.4745,CameraRotation,1.363601,266.9827,0.3957291,CurrentState,End,Slider,52,Scenario,5
ID,19,Time,1562.764,DronePosition,-20.40468,45,-107.379,0,CameraPosition,-103.2075,1.665492,-107.4735,CameraRotation,1.311509,266.9341,0.4091586,CurrentState,End,Slider,52,Scenario,5
ID,19,Time,1562.777,DronePosition,-20.40468,45,-107.379,0,CameraPosition,-103.2073,1.665509,-107.4725,CameraRotation,1.299504,266.8776,0.3991156,CurrentState,End,Slider,52,Scenario,5
ID,19,Time,1562.791,DronePosition,-20.40468,45,-107.379,0,CameraPosition,-103.207,1.665467,-107.4715,CameraRotation,1.258987,266.8123,0.4154863,CurrentState,End,Slider,52,Scenario,5
ID,19,Time,1562.805,DronePosition,-20.40468,45,-107.379,0,CameraPosition,-103.2067,1.665346,-107.4705,CameraRotation,1.21684,266.7425,0.443252,CurrentState,End,Slider,52,Scenario,5
ID,19,Time,1562.819,DronePosition,-20.40468,45,-107.379,0,CameraPosition,-103.2065,1.665264,-107.4695,CameraRotation,1.169652,266.6624,0.4441083,CurrentState,End,Slider,52,Scenario,5
ID,19,Time,1562.838,DronePosition,-20.40468,45,-107.379,0,CameraPosition,-103.2063,1.665216,-107.4686,CameraRotation,1.108351,266.5987,0.4264757,CurrentState,End,Slider,52,Scenario,5
ID,19,Time,1562.86,DronePosition,-20.40468,45,-107.379,0,CameraPosition,-103.2057,1.665167,-107.4666,CameraRotation,0.9855101,266.4753,0.390522,CurrentState,End,Slider,52,Scenario,5
ID,19,Time,1562.874,DronePosition,-20.40468,45,-107.379,0,CameraPosition,-103.2055,1.66511,-107.4657,CameraRotation,0.9442921,266.4357,0.4155624,CurrentState,End,Slider,52,Scenario,5
ID,19,Time,1562.888,DronePosition,-20.40468,45,-107.379,0,CameraPosition,-103.2054,1.66503,-107.4649,CameraRotation,0.9320818,266.3947,0.4162337,CurrentState,End,Slider,52,Scenario,5
ID,19,Time,1562.902,DronePosition,-20.40468,45,-107.379,0,CameraPosition,-103.2051,1.664931,-107.4641,CameraRotation,0.9382933,266.346,0.4006893,CurrentState,End,Slider,52,Scenario,5
ID,19,Time,1562.917,DronePosition,-20.40468,45,-107.379,0,CameraPosition,-103.205,1.66482,-107.4634,CameraRotation,0.967623,266.3148,0.4145515,CurrentState,End,Slider,52,Scenario,5
ID,19,Time,1562.93,DronePosition,-20.40468,45,-107.379,0,CameraPosition,-103.2049,1.664765,-107.4628,CameraRotation,0.9941468,266.3025,0.4336815,CurrentState,End,Slider,52,Scenario,5
ID,19,Time,1562.944,DronePosition,-20.40468,45,-107.379,0,CameraPosition,-103.2049,1.664747,-107.4622,CameraRotation,0.994908,266.3032,0.4707903,CurrentState,End,Slider,52,Scenario,5
ID,19,Time,1562.958,DronePosition,-20.40468,45,-107.379,0,CameraPosition,-103.2047,1.664707,-107.4616,CameraRotation,0.9864815,266.292,0.5264456,CurrentState,End,Slider,52,Scenario,5
ID,19,Time,1562.972,DronePosition,-20.40468,45,-107.379,0,CameraPosition,-103.2046,1.66469,-107.461,CameraRotation,0.9807755,266.3155,0.5726002,CurrentState,End,Slider,52,Scenario,5
ID,19,Time,1562.986,DronePosition,-20.40468,45,-107.379,0,CameraPosition,-103.2045,1.664675,-107.4605,CameraRotation,0.9732257,266.3274,0.6128877,CurrentState,End,Slider,52,Scenario,5
ID,19,Time,1563,DronePosition,-20.40468,45,-107.379,0,CameraPosition,-103.2044,1.664663,-107.4599,CameraRotation,0.9766049,266.3281,0.6667718,CurrentState,End,Slider,52,Scenario,5
ID,19,Time,1563.014,DronePosition,-20.40468,45,-107.379,0,CameraPosition,-103.2042,1.664621,-107.4594,CameraRotation,1.004926,266.3208,0.729951,CurrentState,End,Slider,52,Scenario,5
ID,19,Time,1563.028,DronePosition,-20.40468,45,-107.379,0,CameraPosition,-103.204,1.664549,-107.459,CameraRotation,1.038866,266.2945,0.7708332,CurrentState,End,Slider,52,Scenario,5
ID,19,Time,1563.047,DronePosition,-20.40468,45,-107.379,0,CameraPosition,-103.204,1.664475,-107.4587,CameraRotation,1.094908,266.2604,0.7894064,CurrentState,End,Slider,52,Scenario,5
ID,19,Time,1563.069,DronePosition,-20.40468,45,-107.379,0,CameraPosition,-103.2039,1.664282,-107.4581,CameraRotation,1.202968,266.1869,0.7985401,CurrentState,End,Slider,52,Scenario,5
ID,19,Time,1563.083,DronePosition,-20.40468,45,-107.379,0,CameraPosition,-103.204,1.664264,-107.4579,CameraRotation,1.263253,266.18,0.7967086,CurrentState,End,Slider,52,Scenario,5
ID,19,Time,1563.097,DronePosition,-20.40468,45,-107.379,0,CameraPosition,-103.2041,1.664226,-107.4578,CameraRotation,1.33002,266.1684,0.7924178,CurrentState,End,Slider,52,Scenario,5
ID,19,Time,1563.111,DronePosition,-20.40468,45,-107.379,0,CameraPosition,-103.2043,1.664107,-107.4577,CameraRotation,1.437994,266.1677,0.7980434,CurrentState,End,Slider,52,Scenario,5
ID,19,Time,1563.125,DronePosition,-20.40468,45,-107.379,0,CameraPosition,-103.2045,1.663884,-107.4576,CameraRotation,1.595631,266.1703,0.8191913,CurrentState,End,Slider,52,Scenario,5
ID,19,Time,1563.139,DronePosition,-20.40468,45,-107.379,0,CameraPosition,-103.2048,1.663613,-107.4576,CameraRotation,1.794588,266.1625,0.8464324,CurrentState,End,Slider,52,Scenario,5
ID,19,Time,1563.153,DronePosition,-20.40468,45,-107.379,0,CameraPosition,-103.2052,1.663265,-107.4577,CameraRotation,2.03088,266.16,0.8683752,CurrentState,End,Slider,52,Scenario,5
ID,19,Time,1563.167,DronePosition,-20.40468,45,-107.379,0,CameraPosition,-103.2055,1.662804,-107.4578,CameraRotation,2.322658,266.1464,0.8964397,CurrentState,End,Slider,52,Scenario,5
ID,19,Time,1563.181,DronePosition,-20.40468,45,-107.379,0,CameraPosition,-103.2059,1.662246,-107.458,CameraRotation,2.664439,266.1363,0.9381319,CurrentState,End,Slider,52,Scenario,5
ID,19,Time,1563.195,DronePosition,-20.40468,45,-107.379,0,CameraPosition,-103.2064,1.661635,-107.4582,CameraRotation,3.043794,266.123,0.9645589,CurrentState,End,Slider,52,Scenario,5
ID,19,Time,1563.209,DronePosition,-20.40468,45,-107.379,0,CameraPosition,-103.2069,1.66108,-107.4585,CameraRotation,3.396922,266.1234,0.9999449,CurrentState,End,Slider,52,Scenario,5
ID,19,Time,1563.223,DronePosition,-20.40468,45,-107.379,0,CameraPosition,-103.2075,1.660602,-107.4588,CameraRotation,3.681787,266.1309,1.024481,CurrentState,End,Slider,52,Scenario,5
ID,19,Time,1563.237,DronePosition,-20.40468,45,-107.379,0,CameraPosition,-103.2082,1.660214,-107.4591,CameraRotation,3.941441,266.1432,1.041718,CurrentState,End,Slider,52,Scenario,5
ID,19,Time,1563.256,DronePosition,-20.40468,45,-107.379,0,CameraPosition,-103.209,1.659847,-107.4595,CameraRotation,4.17005,266.1873,1.060677,CurrentState,End,Slider,52,Scenario,5
ID,19,Time,1563.278,DronePosition,-20.40468,45,-107.379,0,CameraPosition,-103.2105,1.65917,-107.4602,CameraRotation,4.625063,266.3007,1.186925,CurrentState,End,Slider,52,Scenario,5
ID,19,Time,1563.292,DronePosition,-20.40468,45,-107.379,0,CameraPosition,-103.2114,1.658965,-107.4606,CameraRotation,4.747503,266.3777,1.255929,CurrentState,End,Slider,52,Scenario,5
ID,19,Time,1563.306,DronePosition,-20.40468,45,-107.379,0,CameraPosition,-103.2123,1.658825,-107.461,CameraRotation,4.842646,266.4551,1.284354,CurrentState,End,Slider,52,Scenario,5
ID,19,Time,1563.32,DronePosition,-20.40468,45,-107.379,0,CameraPosition,-103.2131,1.658719,-107.4615,CameraRotation,4.918366,266.5297,1.308622,CurrentState,End,Slider,52,Scenario,5
ID,19,Time,1563.334,DronePosition,-20.40468,45,-107.379,0,CameraPosition,-103.214,1.658566,-107.4619,CameraRotation,5.000154,266.6108,1.34852,CurrentState,End,Slider,52,Scenario,5
ID,19,Time,1563.348,DronePosition,-20.40468,45,-107.379,0,CameraPosition,-103.2148,1.658411,-107.4624,CameraRotation,5.084459,266.6722,1.378953,CurrentState,End,Slider,52,Scenario,5
ID,19,Time,1563.362,DronePosition,-20.40468,45,-107.379,0,CameraPosition,-103.2157,1.658271,-107.4629,CameraRotation,5.11781,266.722,1.422359,CurrentState,End,Slider,52,Scenario,5
ID,19,Time,1563.376,DronePosition,-20.40468,45,-107.379,0,CameraPosition,-103.2165,1.658195,-107.4635,CameraRotation,5.167476,266.7446,1.431454,CurrentState,End,Slider,52,Scenario,5
ID,19,Time,1563.39,DronePosition,-20.40468,45,-107.379,0,CameraPosition,-103.2173,1.658084,-107.4642,CameraRotation,5.209947,266.7524,1.405128,CurrentState,End,Slider,52,Scenario,5
ID,19,Time,1563.403,DronePosition,-20.40468,45,-107.379,0,CameraPosition,-103.218,1.657966,-107.4649,CameraRotation,5.263987,266.7166,1.366594,CurrentState,End,Slider,52,Scenario,5
ID,19,Time,1563.417,DronePosition,-20.40468,45,-107.379,0,CameraPosition,-103.2188,1.657839,-107.4657,CameraRotation,5.32617,266.6693,1.33091,CurrentState,End,Slider,52,Scenario,5
ID,19,Time,1563.432,DronePosition,-20.40468,45,-107.379,0,CameraPosition,-103.2195,1.657746,-107.4666,CameraRotation,5.372533,266.5956,1.285735,CurrentState,End,Slider,52,Scenario,5
ID,19,Time,1563.445,DronePosition,-20.40468,45,-107.379,0,CameraPosition,-103.2201,1.657689,-107.4675,CameraRotation,5.40396,266.5124,1.228802,CurrentState,End,Slider,52,Scenario,5
ID,19,Time,1563.465,DronePosition,-20.40468,45,-107.379,0,CameraPosition,-103.2207,1.657594,-107.4685,CameraRotation,5.435911,266.4239,1.17342,CurrentState,End,Slider,52,Scenario,5
ID,19,Time,1563.487,DronePosition,-20.40468,45,-107.379,0,CameraPosition,-103.2218,1.657405,-107.4706,CameraRotation,5.552372,266.2495,1.10516,CurrentState,End,Slider,52,Scenario,5
ID,19,Time,1563.5,DronePosition,-20.40468,45,-107.379,0,CameraPosition,-103.2224,1.657297,-107.4717,CameraRotation,5.587276,266.1863,1.073182,CurrentState,End,Slider,52,Scenario,5
ID,19,Time,1563.515,DronePosition,-20.40468,45,-107.379,0,CameraPosition,-103.2228,1.65723,-107.4728,CameraRotation,5.654215,266.1357,1.039056,CurrentState,End,Slider,52,Scenario,5
ID,19,Time,1563.528,DronePosition,-20.40468,45,-107.379,0,CameraPosition,-103.2233,1.657157,-107.474,CameraRotation,5.734417,266.1086,1.018507,CurrentState,End,Slider,52,Scenario,5
ID,19,Time,1563.543,DronePosition,-20.40468,45,-107.379,0,CameraPosition,-103.2237,1.657117,-107.4751,CameraRotation,5.842398,266.0737,1.006161,CurrentState,End,Slider,52,Scenario,5
ID,19,Time,1563.557,DronePosition,-20.40468,45,-107.379,0,CameraPosition,-103.2241,1.657069,-107.4763,CameraRotation,5.935126,266.055,1.018264,CurrentState,End,Slider,52,Scenario,5
ID,19,Time,1563.57,DronePosition,-20.40468,45,-107.379,0,CameraPosition,-103.2245,1.657056,-107.4775,CameraRotation,6.029598,266.0461,1.019332,CurrentState,End,Slider,52,Scenario,5
ID,19,Time,1563.584,DronePosition,-20.40468,45,-107.379,0,CameraPosition,-103.2249,1.65705,-107.4788,CameraRotation,6.116696,266.0433,1.044161,CurrentState,End,Slider,52,Scenario,5
ID,19,Time,1563.599,DronePosition,-20.40468,45,-107.379,0,CameraPosition,-103.2252,1.657104,-107.4801,CameraRotation,6.193825,266.0308,1.086246,CurrentState,End,Slider,52,Scenario,5
ID,19,Time,1563.614,DronePosition,-20.40468,45,-107.379,0,CameraPosition,-103.2255,1.657221,-107.4814,CameraRotation,6.231444,266.0331,1.15006,CurrentState,End,Slider,52,Scenario,5
ID,19,Time,1563.626,DronePosition,-20.40468,45,-107.379,0,CameraPosition,-103.2258,1.657388,-107.4828,CameraRotation,6.248048,266.0352,1.216577,CurrentState,End,Slider,52,Scenario,5
ID,19,Time,1563.641,DronePosition,-20.40468,45,-107.379,0,CameraPosition,-103.2261,1.657581,-107.4842,CameraRotation,6.250534,266.0303,1.29607,CurrentState,End,Slider,52,Scenario,5
ID,19,Time,1563.654,DronePosition,-20.40468,45,-107.379,0,CameraPosition,-103.2263,1.657775,-107.4857,CameraRotation,6.255203,266.0168,1.377537,CurrentState,End,Slider,52,Scenario,5
ID,19,Time,1563.673,DronePosition,-20.40468,45,-107.379,0,CameraPosition,-103.2266,1.657981,-107.4872,CameraRotation,6.216315,265.9978,1.440852,CurrentState,End,Slider,52,Scenario,5
ID,19,Time,1563.695,DronePosition,-20.40468,45,-107.379,0,CameraPosition,-103.2272,1.658469,-107.49,CameraRotation,6.062473,265.9648,1.474793,CurrentState,End,Slider,52,Scenario,5
ID,19,Time,1563.71,DronePosition,-20.40468,45,-107.379,0,CameraPosition,-103.2275,1.658728,-107.4914,CameraRotation,5.996959,265.9568,1.504859,CurrentState,End,Slider,52,Scenario,5
ID,19,Time,1563.724,DronePosition,-20.40468,45,-107.379,0,CameraPosition,-103.2278,1.658929,-107.4928,CameraRotation,5.965076,265.9356,1.533182,CurrentState,End,Slider,52,Scenario,5
ID,19,Time,1563.737,DronePosition,-20.40468,45,-107.379,0,CameraPosition,-103.2281,1.659079,-107.4941,CameraRotation,5.955063,265.9217,1.548975,CurrentState,End,Slider,52,Scenario,5
ID,19,Time,1563.751,DronePosition,-20.40468,45,-107.379,0,CameraPosition,-103.2283,1.659212,-107.4955,CameraRotation,5.988325,265.9141,1.550156,CurrentState,End,Slider,52,Scenario,5
ID,19,Time,1563.766,DronePosition,-20.40468,45,-107.379,0,CameraPosition,-103.2285,1.659328,-107.4968,CameraRotation,5.997951,265.9017,1.537239,CurrentState,End,Slider,52,Scenario,5
ID,19,Time,1563.779,DronePosition,-20.40468,45,-107.379,0,CameraPosition,-103.2287,1.65947,-107.4981,CameraRotation,5.990947,265.8968,1.50847,CurrentState,End,Slider,52,Scenario,5
ID,19,Time,1563.793,DronePosition,-20.40468,45,-107.379,0,CameraPosition,-103.2289,1.659634,-107.4995,CameraRotation,5.979671,265.9091,1.462532,CurrentState,End,Slider,52,Scenario,5
ID,19,Time,1563.807,DronePosition,-20.40468,45,-107.379,0,CameraPosition,-103.2292,1.659811,-107.5007,CameraRotation,5.938368,265.9173,1.418359,CurrentState,End,Slider,52,Scenario,5
ID,19,Time,1563.821,DronePosition,-20.40468,45,-107.379,0,CameraPosition,-103.2295,1.659986,-107.502,CameraRotation,5.89688,265.9381,1.383183,CurrentState,End,Slider,52,Scenario,5
ID,19,Time,1563.835,DronePosition,-20.40468,45,-107.379,0,CameraPosition,-103.2297,1.660144,-107.5033,CameraRotation,5.889083,265.9733,1.364223,CurrentState,End,Slider,52,Scenario,5
ID,19,Time,1563.849,DronePosition,-20.40468,45,-107.379,0,CameraPosition,-103.23,1.660259,-107.5045,CameraRotation,5.899685,266.0154,1.337765,CurrentState,End,Slider,52,Scenario,5
ID,19,Time,1563.863,DronePosition,-20.40468,45,-107.379,0,CameraPosition,-103.2303,1.660313,-107.5058,CameraRotation,5.92442,266.0636,1.321389,CurrentState,End,Slider,52,Scenario,5
ID,19,Time,1563.882,DronePosition,-20.40468,45,-107.379,0,CameraPosition,-103.2306,1.660307,-107.507,CameraRotation,5.985297,266.1156,1.307641,CurrentState,End,Slider,52,Scenario,5
ID,19,Time,1563.904,DronePosition,-20.40468,45,-107.379,0,CameraPosition,-103.2313,1.660253,-107.5095,CameraRotation,6.15228,266.2575,1.307055,CurrentState,End,Slider,52,Scenario,5
ID,19,Time,1563.918,DronePosition,-20.40468,45,-107.379,0,CameraPosition,-103.2316,1.660211,-107.5107,CameraRotation,6.205194,266.3342,1.307985,CurrentState,End,Slider,52,Scenario,5
ID,19,Time,1563.932,DronePosition,-20.40468,45,-107.379,0,CameraPosition,-103.232,1.66019,-107.5118,CameraRotation,6.227513,266.4144,1.270728,CurrentState,End,Slider,52,Scenario,5
ID,19,Time,1563.946,DronePosition,-20.40468,45,-107.379,0,CameraPosition,-103.2324,1.660153,-107.513,CameraRotation,6.24987,266.5089,1.235916,CurrentState,End,Slider,52,Scenario,5
ID,19,Time,1563.96,DronePosition,-20.40468,45,-107.379,0,CameraPosition,-103.2327,1.660054,-107.5142,CameraRotation,6.316734,266.6071,1.237202,CurrentState,End,Slider,52,Scenario,5
ID,19,Time,1563.974,DronePosition,-20.40468,45,-107.379,0,CameraPosition,-103.2329,1.659886,-107.5153,CameraRotation,6.433788,266.6753,1.258314,CurrentState,End,Slider,52,Scenario,5
ID,19,Time,1563.988,DronePosition,-20.40468,45,-107.379,0,CameraPosition,-103.2332,1.659694,-107.5165,CameraRotation,6.556977,266.7358,1.289322,CurrentState,End,Slider,52,Scenario,5
ID,19,Time,1564.002,DronePosition,-20.40468,45,-107.379,0,CameraPosition,-103.2334,1.659515,-107.5176,CameraRotation,6.687528,266.792,1.333418,CurrentState,End,Slider,52,Scenario,5
ID,19,Time,1564.016,DronePosition,-20.40468,45,-107.379,0,CameraPosition,-103.2337,1.659414,-107.5187,CameraRotation,6.770408,266.8315,1.364001,CurrentState,End,Slider,52,Scenario,5
ID,19,Time,1564.03,DronePosition,-20.40468,45,-107.379,0,CameraPosition,-103.234,1.659406,-107.5198,CameraRotation,6.79541,266.8598,1.386227,CurrentState,End,Slider,52,Scenario,5
ID,19,Time,1564.044,DronePosition,-20.40468,45,-107.379,0,CameraPosition,-103.2344,1.659501,-107.521,CameraRotation,6.778552,266.868,1.4392,CurrentState,End,Slider,52,Scenario,5
ID,19,Time,1564.058,DronePosition,-20.40468,45,-107.379,0,CameraPosition,-103.2348,1.659586,-107.5221,CameraRotation,6.76201,266.8573,1.488925,CurrentState,End,Slider,52,Scenario,5
ID,19,Time,1564.072,DronePosition,-20.40468,45,-107.379,0,CameraPosition,-103.2352,1.659669,-107.5232,CameraRotation,6.766394,266.825,1.549564,CurrentState,End,Slider,52,Scenario,5
ID,19,Time,1564.091,DronePosition,-20.40468,45,-107.379,0,CameraPosition,-103.2355,1.659669,-107.5242,CameraRotation,6.78647,266.7693,1.603837,CurrentState,End,Slider,52,Scenario,5
ID,19,Time,1564.113,DronePosition,-20.40468,45,-107.379,0,CameraPosition,-103.2361,1.659675,-107.5262,CameraRotation,6.864175,266.6184,1.737849,CurrentState,End,Slider,52,Scenario,5
ID,19,Time,1564.127,DronePosition,-20.40468,45,-107.379,0,CameraPosition,-103.2364,1.659675,-107.5272,CameraRotation,6.867315,266.5196,1.783197,CurrentState,End,Slider,52,Scenario,5
ID,19,Time,1564.141,DronePosition,-20.40468,45,-107.379,0,CameraPosition,-103.2367,1.659656,-107.5281,CameraRotation,6.883385,266.4314,1.797219,CurrentState,End,Slider,52,Scenario,5
ID,19,Time,1564.155,DronePosition,-20.40468,45,-107.379,0,CameraPosition,-103.237,1.659617,-107.5289,CameraRotation,6.92886,266.3347,1.815335,CurrentState,End,Slider,52,Scenario,5
ID,19,Time,1564.169,DronePosition,-20.40468,45,-107.379,0,CameraPosition,-103.2374,1.659534,-107.5296,CameraRotation,6.973109,266.2444,1.82981,CurrentState,End,Slider,52,Scenario,5
ID,19,Time,1564.183,DronePosition,-20.40468,45,-107.379,0,CameraPosition,-103.2377,1.659488,-107.5303,CameraRotation,7.013801,266.1592,1.85619,CurrentState,End,Slider,52,Scenario,5
ID,19,Time,1564.197,DronePosition,-20.40468,45,-107.379,0,CameraPosition,-103.238,1.659466,-107.5309,CameraRotation,7.025327,266.0772,1.89302,CurrentState,End,Slider,52,Scenario,5
ID,19,Time,1564.211,DronePosition,-20.40468,45,-107.379,0,CameraPosition,-103.2383,1.659474,-107.5315,CameraRotation,7.047221,266.0187,1.892762,CurrentState,End,Slider,52,Scenario,5
ID,19,Time,1564.225,DronePosition,-20.40468,45,-107.379,0,CameraPosition,-103.2387,1.659459,-107.5321,CameraRotation,7.079204,265.9593,1.876686,CurrentState,End,Slider,52,Scenario,5
ID,19,Time,1564.239,DronePosition,-20.40468,45,-107.379,0,CameraPosition,-103.2389,1.659426,-107.5325,CameraRotation,7.135959,265.9152,1.872451,CurrentState,End,Slider,52,Scenario,5
ID,19,Time,1564.253,DronePosition,-20.40468,45,-107.379,0,CameraPosition,-103.2391,1.659401,-107.533,CameraRotation,7.20786,265.8849,1.868266,CurrentState,End,Slider,52,Scenario,5
ID,19,Time,1564.267,DronePosition,-20.40468,45,-107.379,0,CameraPosition,-103.2393,1.65942,-107.5334,CameraRotation,7.258043,265.8633,1.864565,CurrentState,End,Slider,52,Scenario,5
ID,19,Time,1564.281,DronePosition,-20.40468,45,-107.379,0,CameraPosition,-103.2396,1.659532,-107.5338,CameraRotation,7.277297,265.842,1.842233,CurrentState,End,Slider,52,Scenario,5
ID,19,Time,1564.3,DronePosition,-20.40468,45,-107.379,0,CameraPosition,-103.2398,1.659749,-107.5342,CameraRotation,7.244431,265.8315,1.822571,CurrentState,End,Slider,52,Scenario,5
ID,19,Time,1564.322,DronePosition,-20.40468,45,-107.379,0,CameraPosition,-103.2402,1.660238,-107.535,CameraRotation,7.162158,265.7946,1.768331,CurrentState,End,Slider,52,Scenario,5
ID,19,Time,1564.336,DronePosition,-20.40468,45,-107.379,0,CameraPosition,-103.2404,1.660467,-107.5354,CameraRotation,7.157121,265.7702,1.735626,CurrentState,End,Slider,52,Scenario,5
ID,19,Time,1564.35,DronePosition,-20.40468,45,-107.379,0,CameraPosition,-103.2406,1.660658,-107.5358,CameraRotation,7.141194,265.7495,1.700004,CurrentState,End,Slider,52,Scenario,5
ID,19,Time,1564.364,DronePosition,-20.40468,45,-107.379,0,CameraPosition,-103.2409,1.660786,-107.5362,CameraRotation,7.137586,265.7277,1.686757,CurrentState,End,Slider,52,Scenario,5
ID,19,Time,1564.378,DronePosition,-20.40468,45,-107.379,0,CameraPosition,-103.2411,1.660891,-107.5367,CameraRotation,7.145092,265.7104,1.669003,CurrentState,End,Slider,52,Scenario,5
ID,19,Time,1564.392,DronePosition,-20.40468,45,-107.379,0,CameraPosition,-103.2414,1.661007,-107.5371,CameraRotation,7.158162,265.6953,1.640365,CurrentState,End,Slider,52,Scenario,5
ID,19,Time,1564.406,DronePosition,-20.40468,45,-107.379,0,CameraPosition,-103.2416,1.661105,-107.5374,CameraRotation,7.18462,265.7019,1.618936,CurrentState,End,Slider,52,Scenario,5
ID,19,Time,1564.419,DronePosition,-20.40468,45,-107.379,0,CameraPosition,-103.2418,1.661164,-107.5376,CameraRotation,7.222486,265.729,1.622576,CurrentState,End,Slider,52,Scenario,5
ID,19,Time,1564.434,DronePosition,-20.40468,45,-107.379,0,CameraPosition,-103.2421,1.661178,-107.5378,CameraRotation,7.265316,265.763,1.623974,CurrentState,End,Slider,52,Scenario,5
ID,19,Time,1564.448,DronePosition,-20.40468,45,-107.379,0,CameraPosition,-103.2423,1.661098,-107.5379,CameraRotation,7.321414,265.8409,1.611471,CurrentState,End,Slider,52,Scenario,5
ID,19,Time,1564.462,DronePosition,-20.40468,45,-107.379,0,CameraPosition,-103.2425,1.661007,-107.5379,CameraRotation,7.376245,265.9528,1.600232,CurrentState,End,Slider,52,Scenario,5
ID,19,Time,1564.476,DronePosition,-20.40468,45,-107.379,0,CameraPosition,-103.2427,1.660962,-107.538,CameraRotation,7.430919,266.08,1.611786,CurrentState,End,Slider,52,Scenario,5
ID,19,Time,1564.49,DronePosition,-20.40468,45,-107.379,0,CameraPosition,-103.2429,1.660881,-107.5379,CameraRotation,7.494978,266.2447,1.618193,CurrentState,End,Slider,52,Scenario,5
ID,19,Time,1564.509,DronePosition,-20.40468,45,-107.379,0,CameraPosition,-103.2431,1.660758,-107.5378,CameraRotation,7.561836,266.4469,1.621479,CurrentState,End,Slider,52,Scenario,5
ID,19,Time,1564.531,DronePosition,-20.40468,45,-107.379,0,CameraPosition,-103.2434,1.660561,-107.5374,CameraRotation,7.678434,266.8821,1.690329,CurrentState,End,Slider,52,Scenario,5
ID,19,Time,1564.544,DronePosition,-20.40468,45,-107.379,0,CameraPosition,-103.2436,1.660582,-107.5372,CameraRotation,7.700675,267.0993,1.762887,CurrentState,End,Slider,52,Scenario,5
ID,19,Time,1564.559,DronePosition,-20.40468,45,-107.379,0,CameraPosition,-103.2438,1.660696,-107.5369,CameraRotation,7.683474,267.3408,1.826451,CurrentState,End,Slider,52,Scenario,5
ID,19,Time,1564.573,DronePosition,-20.40468,45,-107.379,0,CameraPosition,-103.2439,1.660783,-107.5366,CameraRotation,7.665923,267.6156,1.818914,CurrentState,End,Slider,52,Scenario,5
ID,19,Time,1564.587,DronePosition,-20.40468,45,-107.379,0,CameraPosition,-103.244,1.660811,-107.5362,CameraRotation,7.684169,267.8949,1.827678,CurrentState,End,Slider,52,Scenario,5
ID,19,Time,1564.601,DronePosition,-20.40468,45,-107.379,0,CameraPosition,-103.244,1.660776,-107.5359,CameraRotation,7.708034,268.1711,1.869161,CurrentState,End,Slider,52,Scenario,5
ID,19,Time,1564.615,DronePosition,-20.40468,45,-107.379,0,CameraPosition,-103.2439,1.66076,-107.5355,CameraRotation,7.71593,268.42,1.921021,CurrentState,End,Slider,52,Scenario,5
ID,19,Time,1564.628,DronePosition,-20.40468,45,-107.379,0,CameraPosition,-103.2439,1.660779,-107.5352,CameraRotation,7.697232,268.65,1.971728,CurrentState,End,Slider,52,Scenario,5
ID,19,Time,1564.643,DronePosition,-20.40468,45,-107.379,0,CameraPosition,-103.2438,1.660818,-107.5348,CameraRotation,7.660187,268.8551,2.007011,CurrentState,End,Slider,52,Scenario,5
ID,19,Time,1564.657,DronePosition,-20.40468,45,-107.379,0,CameraPosition,-103.2437,1.660866,-107.5344,CameraRotation,7.637569,269.0629,2.034693,CurrentState,End,Slider,52,Scenario,5
ID,19,Time,1564.671,DronePosition,-20.40468,45,-107.379,0,CameraPosition,-103.2436,1.660926,-107.534,CameraRotation,7.591153,269.2563,2.070907,CurrentState,End,Slider,52,Scenario,5
ID,19,Time,1564.685,DronePosition,-20.40468,45,-107.379,0,CameraPosition,-103.2434,1.66106,-107.5337,CameraRotation,7.505417,269.4275,2.109356,CurrentState,End,Slider,52,Scenario,5
ID,19,Time,1564.698,DronePosition,-20.40468,45,-107.379,0,CameraPosition,-103.2433,1.661223,-107.5334,CameraRotation,7.42816,269.571,2.159178,CurrentState,End,Slider,52,Scenario,5
ID,19,Time,1564.717,DronePosition,-20.40468,45,-107.379,0,CameraPosition,-103.243,1.66133,-107.533,CameraRotation,7.377463,269.6971,2.18825,CurrentState,End,Slider,52,Scenario,5
ID,19,Time,1564.74,DronePosition,-20.40468,45,-107.379,0,CameraPosition,-103.2425,1.661449,-107.5323,CameraRotation,7.320368,269.8832,2.201029,CurrentState,End,Slider,52,Scenario,5
ID,19,Time,1564.753,DronePosition,-20.40468,45,-107.379,0,CameraPosition,-103.2422,1.66159,-107.532,CameraRotation,7.202316,269.9425,2.213787,CurrentState,End,Slider,52,Scenario,5
ID,19,Time,1564.767,DronePosition,-20.40468,45,-107.379,0,CameraPosition,-103.2418,1.661814,-107.5317,CameraRotation,7.033651,269.9934,2.212407,CurrentState,End,Slider,52,Scenario,5
ID,19,Time,1564.782,DronePosition,-20.40468,45,-107.379,0,CameraPosition,-103.2414,1.662046,-107.5313,CameraRotation,6.874008,270.0356,2.206761,CurrentState,End,Slider,52,Scenario,5
ID,19,Time,1564.796,DronePosition,-20.40468,45,-107.379,0,CameraPosition,-103.2409,1.662304,-107.531,CameraRotation,6.746949,270.0624,2.194491,CurrentState,End,Slider,52,Scenario,5
ID,19,Time,1564.81,DronePosition,-20.40468,45,-107.379,0,CameraPosition,-103.2404,1.662532,-107.5307,CameraRotation,6.660924,270.1,2.192283,CurrentState,End,Slider,52,Scenario,5
ID,19,Time,1564.824,DronePosition,-20.40468,45,-107.379,0,CameraPosition,-103.2399,1.662778,-107.5304,CameraRotation,6.554109,270.1474,2.182075,CurrentState,End,Slider,52,Scenario,5
ID,19,Time,1564.838,DronePosition,-20.40468,45,-107.379,0,CameraPosition,-103.2393,1.663139,-107.53,CameraRotation,6.398083,270.2174,2.189744,CurrentState,End,Slider,52,Scenario,5
ID,19,Time,1564.852,DronePosition,-20.40468,45,-107.379,0,CameraPosition,-103.2388,1.663589,-107.5296,CameraRotation,6.211571,270.2842,2.194416,CurrentState,End,Slider,52,Scenario,5
ID,19,Time,1564.865,DronePosition,-20.40468,45,-107.379,0,CameraPosition,-103.2382,1.664033,-107.5293,CameraRotation,6.023685,270.3523,2.203991,CurrentState,End,Slider,52,Scenario,5
ID,19,Time,1564.88,DronePosition,-20.40468,45,-107.379,0,CameraPosition,-103.2375,1.664429,-107.5289,CameraRotation,5.799207,270.4216,2.205719,CurrentState,End,Slider,52,Scenario,5
ID,19,Time,1564.894,DronePosition,-20.40468,45,-107.379,0,CameraPosition,-103.2367,1.664974,-107.5285,CameraRotation,5.490689,270.4892,2.214077,CurrentState,End,Slider,52,Scenario,5
ID,19,Time,1564.908,DronePosition,-20.40468,45,-107.379,0,CameraPosition,-103.236,1.665672,-107.5281,CameraRotation,5.116833,270.5459,2.240229,CurrentState,End,Slider,52,Scenario,5
ID,19,Time,1564.926,DronePosition,-20.40468,45,-107.379,0,CameraPosition,-103.2352,1.666309,-107.5278,CameraRotation,4.75866,270.5941,2.249298,CurrentState,End,Slider,52,Scenario,5
ID,19,Time,1564.949,DronePosition,-20.40468,45,-107.379,0,CameraPosition,-103.2334,1.667419,-107.5271,CameraRotation,4.182353,270.6581,2.223153,CurrentState,End,Slider,52,Scenario,5
ID,19,Time,1564.963,DronePosition,-20.40468,45,-107.379,0,CameraPosition,-103.2325,1.667907,-107.5267,CameraRotation,3.95844,270.6921,2.213774,CurrentState,End,Slider,52,Scenario,5
ID,19,Time,1564.977,DronePosition,-20.40468,45,-107.379,0,CameraPosition,-103.2315,1.668373,-107.5263,CameraRotation,3.7191,270.7579,2.201526,CurrentState,End,Slider,52,Scenario,5
ID,19,Time,1564.991,DronePosition,-20.40468,45,-107.379,0,CameraPosition,-103.2306,1.668845,-107.5259,CameraRotation,3.482519,270.8215,2.19397,CurrentState,End,Slider,52,Scenario,5
ID,19,Time,1565.005,DronePosition,-20.40468,45,-107.379,0,CameraPosition,-103.2297,1.669349,-107.5255,CameraRotation,3.276754,270.9044,2.194977,CurrentState,End,Slider,52,Scenario,5
ID,19,Time,1565.018,DronePosition,-20.40468,45,-107.379,0,CameraPosition,-103.2287,1.669767,-107.5252,CameraRotation,3.114602,270.9801,2.185774,CurrentState,End,Slider,52,Scenario,5
ID,19,Time,1565.032,DronePosition,-20.40468,45,-107.379,0,CameraPosition,-103.2278,1.670054,-107.5248,CameraRotation,2.955119,271.0506,2.187437,CurrentState,End,Slider,52,Scenario,5
ID,19,Time,1565.047,DronePosition,-20.40468,45,-107.379,0,CameraPosition,-103.2268,1.670381,-107.5244,CameraRotation,2.780544,271.1173,2.178992,CurrentState,End,Slider,52,Scenario,5
ID,19,Time,1565.061,DronePosition,-20.40468,45,-107.379,0,CameraPosition,-103.2259,1.670718,-107.524,CameraRotation,2.586828,271.1743,2.16598,CurrentState,End,Slider,52,Scenario,5
ID,19,Time,1565.075,DronePosition,-20.40468,45,-107.379,0,CameraPosition,-103.225,1.671011,-107.5236,CameraRotation,2.412325,271.2162,2.142805,CurrentState,End,Slider,52,Scenario,5
ID,19,Time,1565.089,DronePosition,-20.40468,45,-107.379,0,CameraPosition,-103.224,1.67119,-107.5233,CameraRotation,2.283165,271.2471,2.135038,CurrentState,End,Slider,52,Scenario,5
ID,19,Time,1565.103,DronePosition,-20.40468,45,-107.379,0,CameraPosition,-103.2231,1.671324,-107.5229,CameraRotation,2.166143,271.2709,2.147002,CurrentState,End,Slider,52,Scenario,5
ID,19,Time,1565.117,DronePosition,-20.40468,45,-107.379,0,CameraPosition,-103.2222,1.671512,-107.5226,CameraRotation,2.024574,271.2807,2.136562,CurrentState,End,Slider,52,Scenario,5
ID,19,Time,1565.135,DronePosition,-20.40468,45,-107.379,0,CameraPosition,-103.2213,1.671751,-107.5223,CameraRotation,1.826601,271.2935,2.131943,CurrentState,End,Slider,52,Scenario,5
ID,19,Time,1565.158,DronePosition,-20.40468,45,-107.379,0,CameraPosition,-103.2195,1.672311,-107.5217,CameraRotation,1.419555,271.2823,2.120371,CurrentState,End,Slider,52,Scenario,5
ID,19,Time,1565.172,DronePosition,-20.40468,45,-107.379,0,CameraPosition,-103.2187,1.672657,-107.5215,CameraRotation,1.264441,271.2705,2.129652,CurrentState,End,Slider,52,Scenario,5
ID,19,Time,1565.186,DronePosition,-20.40468,45,-107.379,0,CameraPosition,-103.2178,1.672991,-107.5212,CameraRotation,1.123256,271.2758,2.136459,CurrentState,End,Slider,52,Scenario,5
ID,19,Time,1565.2,DronePosition,-20.40468,45,-107.379,0,CameraPosition,-103.217,1.673174,-107.5209,CameraRotation,0.9829054,271.2916,2.100351,CurrentState,End,Slider,52,Scenario,5
ID,19,Time,1565.214,DronePosition,-20.40468,45,-107.379,0,CameraPosition,-103.2161,1.673348,-107.5206,CameraRotation,0.8820682,271.3071,2.034422,CurrentState,End,Slider,52,Scenario,5
ID,19,Time,1565.228,DronePosition,-20.40468,45,-107.379,0,CameraPosition,-103.2152,1.673529,-107.5204,CameraRotation,0.7710171,271.3215,2.017815,CurrentState,End,Slider,52,Scenario,5
ID,19,Time,1565.242,DronePosition,-20.40468,45,-107.379,0,CameraPosition,-103.2143,1.673707,-107.5201,CameraRotation,0.6340048,271.3455,2.013149,CurrentState,End,Slider,52,Scenario,5
ID,19,Time,1565.256,DronePosition,-20.40468,45,-107.379,0,CameraPosition,-103.2133,1.673883,-107.5199,CameraRotation,0.5015292,271.3747,2.015477,CurrentState,End,Slider,52,Scenario,5
ID,19,Time,1565.269,DronePosition,-20.40468,45,-107.379,0,CameraPosition,-103.2124,1.674059,-107.5196,CameraRotation,0.360126,271.3881,2.011313,CurrentState,End,Slider,52,Scenario,5
ID,19,Time,1565.284,DronePosition,-20.40468,45,-107.379,0,CameraPosition,-103.2115,1.674234,-107.5193,CameraRotation,0.230559,271.4297,1.983646,CurrentState,End,Slider,52,Scenario,5
ID,19,Time,1565.298,DronePosition,-20.40468,45,-107.379,0,CameraPosition,-103.2106,1.674383,-107.519,CameraRotation,0.1096068,271.4698,1.942196,CurrentState,End,Slider,52,Scenario,5
ID,19,Time,1565.311,DronePosition,-20.40468,45,-107.379,0,CameraPosition,-103.2098,1.67456,-107.5187,CameraRotation,0.001913947,271.5167,1.910762,CurrentState,End,Slider,52,Scenario,5
ID,19,Time,1565.325,DronePosition,-20.40468,45,-107.379,0,CameraPosition,-103.2089,1.67479,-107.5185,CameraRotation,359.8896,271.5647,1.892872,CurrentState,End,Slider,52,Scenario,5
ID,19,Time,1565.344,DronePosition,-20.40468,45,-107.379,0,CameraPosition,-103.2081,1.675035,-107.5182,CameraRotation,359.8278,271.6174,1.883054,CurrentState,End,Slider,52,Scenario,5
ID,19,Time,1565.367,DronePosition,-20.40468,45,-107.379,0,CameraPosition,-103.2065,1.675249,-107.5177,CameraRotation,359.7339,271.7151,1.866019,CurrentState,End,Slider,52,Scenario,5
ID,19,Time,1565.381,DronePosition,-20.40468,45,-107.379,0,CameraPosition,-103.2058,1.675364,-107.5175,CameraRotation,359.6888,271.7557,1.879351,CurrentState,End,Slider,52,Scenario,5
ID,19,Time,1565.394,DronePosition,-20.40468,45,-107.379,0,CameraPosition,-103.2051,1.675479,-107.5173,CameraRotation,359.6163,271.7981,1.874829,CurrentState,End,Slider,52,Scenario,5
ID,19,Time,1565.409,DronePosition,-20.40468,45,-107.379,0,CameraPosition,-103.2045,1.675599,-107.5172,CameraRotation,359.5653,271.8147,1.851797,CurrentState,End,Slider,52,Scenario,5
ID,19,Time,1565.423,DronePosition,-20.40468,45,-107.379,0,CameraPosition,-103.2039,1.675711,-107.5171,CameraRotation,359.5301,271.8161,1.853978,CurrentState,End,Slider,52,Scenario,5
ID,19,Time,1565.436,DronePosition,-20.40468,45,-107.379,0,CameraPosition,-103.2033,1.675828,-107.517,CameraRotation,359.508,271.8071,1.854374,CurrentState,End,Slider,52,Scenario,5
ID,19,Time,1565.45,DronePosition,-20.40468,45,-107.379,0,CameraPosition,-103.2028,1.67587,-107.5169,CameraRotation,359.5152,271.7763,1.856677,CurrentState,End,Slider,52,Scenario,5
ID,19,Time,1565.464,DronePosition,-20.40468,45,-107.379,0,CameraPosition,-103.2023,1.675856,-107.5169,CameraRotation,359.5501,271.7309,1.857038,CurrentState,End,Slider,52,Scenario,5
ID,19,Time,1565.479,DronePosition,-20.40468,45,-107.379,0,CameraPosition,-103.2019,1.675875,-107.5169,CameraRotation,359.5872,271.6802,1.847121,CurrentState,End,Slider,52,Scenario,5
ID,19,Time,1565.493,DronePosition,-20.40468,45,-107.379,0,CameraPosition,-103.2015,1.675922,-107.5169,CameraRotation,359.6263,271.6107,1.827136,CurrentState,End,Slider,52,Scenario,5
ID,19,Time,1565.508,DronePosition,-20.40468,45,-107.379,0,CameraPosition,-103.2011,1.675927,-107.517,CameraRotation,359.6579,271.5498,1.799677,CurrentState,End,Slider,52,Scenario,5
ID,19,Time,1565.52,DronePosition,-20.40468,45,-107.379,0,CameraPosition,-103.2009,1.675749,-107.5171,CameraRotation,359.6988,271.4453,1.757134,CurrentState,End,Slider,52,Scenario,5
ID,19,Time,1565.534,DronePosition,-20.40468,45,-107.379,0,CameraPosition,-103.2006,1.675555,-107.5172,CameraRotation,359.7272,271.3316,1.703782,CurrentState,End,Slider,52,Scenario,5
ID,19,Time,1565.553,DronePosition,-20.40468,45,-107.379,0,CameraPosition,-103.2003,1.675411,-107.5174,CameraRotation,359.7675,271.1748,1.663368,CurrentState,End,Slider,52,Scenario,5
ID,19,Time,1565.575,DronePosition,-20.40468,45,-107.379,0,CameraPosition,-103.1998,1.675076,-107.518,CameraRotation,359.8616,270.7815,1.545154,CurrentState,End,Slider,52,Scenario,5
ID,19,Time,1565.589,DronePosition,-20.40468,45,-107.379,0,CameraPosition,-103.1996,1.674889,-107.5183,CameraRotation,359.9353,270.5768,1.480431,CurrentState,End,Slider,52,Scenario,5
ID,19,Time,1565.603,DronePosition,-20.40468,45,-107.379,0,CameraPosition,-103.1994,1.674784,-107.5187,CameraRotation,359.9771,270.3577,1.406997,CurrentState,End,Slider,52,Scenario,5
ID,19,Time,1565.618,DronePosition,-20.40468,45,-107.379,0,CameraPosition,-103.1993,1.674834,-107.5191,CameraRotation,359.92,270.1047,1.337917,CurrentState,End,Slider,52,Scenario,5
ID,19,Time,1565.631,DronePosition,-20.40468,45,-107.379,0,CameraPosition,-103.1991,1.674989,-107.5196,CameraRotation,359.8183,269.8337,1.287841,CurrentState,End,Slider,52,Scenario,5
ID,19,Time,1565.645,DronePosition,-20.40468,45,-107.379,0,CameraPosition,-103.199,1.675272,-107.5202,CameraRotation,359.6979,269.548,1.224963,CurrentState,End,Slider,52,Scenario,5
ID,19,Time,1565.659,DronePosition,-20.40468,45,-107.379,0,CameraPosition,-103.1989,1.675533,-107.5207,CameraRotation,359.5917,269.2534,1.17564,CurrentState,End,Slider,52,Scenario,5
ID,19,Time,1565.673,DronePosition,-20.40468,45,-107.379,0,CameraPosition,-103.1987,1.675749,-107.5213,CameraRotation,359.4826,268.9677,1.129184,CurrentState,End,Slider,52,Scenario,5
ID,19,Time,1565.687,DronePosition,-20.40468,45,-107.379,0,CameraPosition,-103.1987,1.67607,-107.5219,CameraRotation,359.2708,268.6661,1.071652,CurrentState,End,Slider,52,Scenario,5
ID,19,Time,1565.701,DronePosition,-20.40468,45,-107.379,0,CameraPosition,-103.1986,1.676485,-107.5225,CameraRotation,359.013,268.3476,1.037318,CurrentState,End,Slider,52,Scenario,5
ID,19,Time,1565.715,DronePosition,-20.40468,45,-107.379,0,CameraPosition,-103.1985,1.676824,-107.5231,CameraRotation,358.8,268.0338,1.006047,CurrentState,End,Slider,52,Scenario,5
ID,19,Time,1565.729,DronePosition,-20.40468,45,-107.379,0,CameraPosition,-103.1984,1.677108,-107.5238,CameraRotation,358.6,267.731,0.9623119,CurrentState,End,Slider,52,Scenario,5
ID,19,Time,1565.743,DronePosition,-20.40468,45,-107.379,0,CameraPosition,-103.1983,1.677495,-107.5245,CameraRotation,358.3148,267.4116,0.9206219,CurrentState,End,Slider,52,Scenario,5
ID,19,Time,1565.762,DronePosition,-20.40468,45,-107.379,0,CameraPosition,-103.1982,1.678078,-107.5252,CameraRotation,357.9066,267.0672,0.9107184,CurrentState,End,Slider,52,Scenario,5
ID,19,Time,1565.784,DronePosition,-20.40468,45,-107.379,0,CameraPosition,-103.198,1.679183,-107.5266,CameraRotation,357.1899,266.277,0.939743,CurrentState,End,Slider,52,Scenario,5
ID,19,Time,1565.798,DronePosition,-20.40468,45,-107.379,0,CameraPosition,-103.1979,1.679645,-107.5273,CameraRotation,356.8908,265.894,0.9359871,CurrentState,End,Slider,52,Scenario,5
ID,19,Time,1565.812,DronePosition,-20.40468,45,-107.379,0,CameraPosition,-103.1978,1.68014,-107.528,CameraRotation,356.5681,265.5017,0.8843908,CurrentState,End,Slider,52,Scenario,5
ID,19,Time,1565.826,DronePosition,-20.40468,45,-107.379,0,CameraPosition,-103.1976,1.680594,-107.5288,CameraRotation,356.3064,265.105,0.8602891,CurrentState,End,Slider,52,Scenario,5
ID,19,Time,1565.84,DronePosition,-20.40468,45,-107.379,0,CameraPosition,-103.1974,1.680905,-107.5294,CameraRotation,356.1039,264.7111,0.8431774,CurrentState,End,Slider,52,Scenario,5
ID,19,Time,1565.854,DronePosition,-20.40468,45,-107.379,0,CameraPosition,-103.1971,1.681128,-107.5301,CameraRotation,355.9789,264.3288,0.8381831,CurrentState,End,Slider,52,Scenario,5
ID,19,Time,1565.868,DronePosition,-20.40468,45,-107.379,0,CameraPosition,-103.1969,1.681294,-107.5306,CameraRotation,355.8852,263.9715,0.8540815,CurrentState,End,Slider,52,Scenario,5
ID,19,Time,1565.882,DronePosition,-20.40468,45,-107.379,0,CameraPosition,-103.1967,1.681401,-107.5311,CameraRotation,355.7714,263.6372,0.8721048,CurrentState,End,Slider,52,Scenario,5
ID,19,Time,1565.896,DronePosition,-20.40468,45,-107.379,0,CameraPosition,-103.1966,1.681545,-107.5316,CameraRotation,355.6397,263.3238,0.8597972,CurrentState,End,Slider,52,Scenario,5
ID,19,Time,1565.91,DronePosition,-20.40468,45,-107.379,0,CameraPosition,-103.1964,1.681693,-107.532,CameraRotation,355.5109,263.0527,0.8243112,CurrentState,End,Slider,52,Scenario,5
ID,19,Time,1565.924,DronePosition,-20.40468,45,-107.379,0,CameraPosition,-103.1963,1.681843,-107.5323,CameraRotation,355.3921,262.8223,0.7903156,CurrentState,End,Slider,52,Scenario,5
ID,19,Time,1565.938,DronePosition,-20.40468,45,-107.379,0,CameraPosition,-103.1963,1.681943,-107.5325,CameraRotation,355.2851,262.6236,0.7613298,CurrentState,End,Slider,52,Scenario,5
ID,19,Time,1565.952,DronePosition,-20.40468,45,-107.379,0,CameraPosition,-103.1962,1.682041,-107.5327,CameraRotation,355.2454,262.4697,0.7122095,CurrentState,End,Slider,52,Scenario,5
ID,19,Time,1565.971,DronePosition,-20.40468,45,-107.379,0,CameraPosition,-103.1962,1.682106,-107.5329,CameraRotation,355.2275,262.3607,0.6593083,CurrentState,End,Slider,52,Scenario,5
ID,19,Time,1565.993,DronePosition,-20.40468,45,-107.379,0,CameraPosition,-103.1962,1.68209,-107.533,CameraRotation,355.3064,262.2391,0.5912033,CurrentState,End,Slider,52,Scenario,5
ID,19,Time,1566.007,DronePosition,-20.40468,45,-107.379,0,CameraPosition,-103.1963,1.681975,-107.5329,CameraRotation,355.3741,262.2207,0.5499976,CurrentState,End,Slider,52,Scenario,5
ID,19,Time,1566.021,DronePosition,-20.40468,45,-107.379,0,CameraPosition,-103.1964,1.681786,-107.5328,CameraRotation,355.4781,262.2457,0.5093107,CurrentState,End,Slider,52,Scenario,5
ID,19,Time,1566.035,DronePosition,-20.40468,45,-107.379,0,CameraPosition,-103.1966,1.681609,-107.5327,CameraRotation,355.6121,262.299,0.4886505,CurrentState,End,Slider,52,Scenario,5
ID,19,Time,1566.049,DronePosition,-20.40468,45,-107.379,0,CameraPosition,-103.1968,1.681357,-107.5326,CameraRotation,355.7456,262.3719,0.4830844,CurrentState,End,Slider,52,Scenario,5
ID,19,Time,1566.063,DronePosition,-20.40468,45,-107.379,0,CameraPosition,-103.1971,1.6811,-107.5324,CameraRotation,355.8961,262.4321,0.4929473,CurrentState,End,Slider,52,Scenario,5
ID,19,Time,1566.077,DronePosition,-20.40468,45,-107.379,0,CameraPosition,-103.1974,1.680876,-107.5323,CameraRotation,356.0167,262.5039,0.5139857,CurrentState,End,Slider,52,Scenario,5
ID,19,Time,1566.091,DronePosition,-20.40468,45,-107.379,0,CameraPosition,-103.1976,1.68069,-107.5321,CameraRotation,356.1228,262.5619,0.5265301,CurrentState,End,Slider,52,Scenario,5
ID,19,Time,1566.105,DronePosition,-20.40468,45,-107.379,0,CameraPosition,-103.1979,1.680503,-107.532,CameraRotation,356.1956,262.6236,0.5458986,CurrentState,End,Slider,52,Scenario,5
ID,19,Time,1566.119,DronePosition,-20.40468,45,-107.379,0,CameraPosition,-103.1982,1.680399,-107.5318,CameraRotation,356.2639,262.6671,0.582561,CurrentState,End,Slider,52,Scenario,5
ID,19,Time,1566.133,DronePosition,-20.40468,45,-107.379,0,CameraPosition,-103.1984,1.680328,-107.5317,CameraRotation,356.3207,262.7106,0.6192048,CurrentState,End,Slider,52,Scenario,5
ID,19,Time,1566.147,DronePosition,-20.40468,45,-107.379,0,CameraPosition,-103.1986,1.680248,-107.5316,CameraRotation,356.3823,262.7532,0.6491121,CurrentState,End,Slider,52,Scenario,5
ID,19,Time,1566.161,DronePosition,-20.40468,45,-107.379,0,CameraPosition,-103.1989,1.680124,-107.5314,CameraRotation,356.4325,262.7811,0.6914612,CurrentState,End,Slider,52,Scenario,5
ID,19,Time,1566.18,DronePosition,-20.40468,45,-107.379,0,CameraPosition,-103.1991,1.680017,-107.5313,CameraRotation,356.4809,262.8058,0.7574538,CurrentState,End,Slider,52,Scenario,5
ID,19,Time,1566.202,DronePosition,-20.40468,45,-107.379,0,CameraPosition,-103.1996,1.679887,-107.531,CameraRotation,356.5131,262.8269,0.840787,CurrentState,End,Slider,52,Scenario,5
ID,19,Time,1566.215,DronePosition,-20.40468,45,-107.379,0,CameraPosition,-103.1999,1.679883,-107.5308,CameraRotation,356.4973,262.8497,0.8491693,CurrentState,End,Slider,52,Scenario,5
ID,19,Time,1566.23,DronePosition,-20.40468,45,-107.379,0,CameraPosition,-103.2002,1.679916,-107.5306,CameraRotation,356.4784,262.8813,0.8347114,CurrentState,End,Slider,52,Scenario,5
ID,19,Time,1566.244,DronePosition,-20.40468,45,-107.379,0,CameraPosition,-103.2004,1.679966,-107.5304,CameraRotation,356.448,262.9214,0.8065087,CurrentState,End,Slider,52,Scenario,5
ID,19,Time,1566.257,DronePosition,-20.40468,45,-107.379,0,CameraPosition,-103.2006,1.679988,-107.5302,CameraRotation,356.4353,262.965,0.7887951,CurrentState,End,Slider,52,Scenario,5
ID,19,Time,1566.271,DronePosition,-20.40468,45,-107.379,0,CameraPosition,-103.2008,1.679994,-107.53,CameraRotation,356.4393,263.0042,0.7916682,CurrentState,End,Slider,52,Scenario,5
ID,19,Time,1566.286,DronePosition,-20.40468,45,-107.379,0,CameraPosition,-103.201,1.679982,-107.5298,CameraRotation,356.4472,263.0537,0.7953961,CurrentState,End,Slider,52,Scenario,5
ID,19,Time,1566.3,DronePosition,-20.40468,45,-107.379,0,CameraPosition,-103.2013,1.679937,-107.5295,CameraRotation,356.444,263.1016,0.8133874,CurrentState,End,Slider,52,Scenario,5
ID,19,Time,1566.313,DronePosition,-20.40468,45,-107.379,0,CameraPosition,-103.2015,1.679935,-107.5293,CameraRotation,356.4399,263.1566,0.8113456,CurrentState,End,Slider,52,Scenario,5
ID,19,Time,1566.328,DronePosition,-20.40468,45,-107.379,0,CameraPosition,-103.2018,1.67993,-107.5291,CameraRotation,356.4211,263.2107,0.8043453,CurrentState,End,Slider,52,Scenario,5
ID,19,Time,1566.342,DronePosition,-20.40468,45,-107.379,0,CameraPosition,-103.2021,1.679903,-107.5288,CameraRotation,356.3943,263.2667,0.8159547,CurrentState,End,Slider,52,Scenario,5
ID,19,Time,1566.355,DronePosition,-20.40468,45,-107.379,0,CameraPosition,-103.2024,1.679866,-107.5286,CameraRotation,356.3825,263.3107,0.8299932,CurrentState,End,Slider,52,Scenario,5
ID,19,Time,1566.37,DronePosition,-20.40468,45,-107.379,0,CameraPosition,-103.2026,1.679864,-107.5284,CameraRotation,356.3966,263.3494,0.844627,CurrentState,End,Slider,52,Scenario,5
ID,19,Time,1566.388,DronePosition,-20.40468,45,-107.379,0,CameraPosition,-103.203,1.679878,-107.5282,CameraRotation,356.382,263.3742,0.877597,CurrentState,End,Slider,52,Scenario,5
ID,19,Time,1566.411,DronePosition,-20.40468,45,-107.379,0,CameraPosition,-103.2036,1.679905,-107.5278,CameraRotation,356.3348,263.3948,0.8713783,CurrentState,End,Slider,52,Scenario,5
ID,19,Time,1566.424,DronePosition,-20.40468,45,-107.379,0,CameraPosition,-103.204,1.679904,-107.5276,CameraRotation,356.3344,263.3896,0.8653848,CurrentState,End,Slider,52,Scenario,5
ID,19,Time,1566.438,DronePosition,-20.40468,45,-107.379,0,CameraPosition,-103.2043,1.679859,-107.5274,CameraRotation,356.3332,263.358,0.8607272,CurrentState,End,Slider,52,Scenario,5
ID,19,Time,1566.453,DronePosition,-20.40468,45,-107.379,0,CameraPosition,-103.2046,1.67979,-107.5273,CameraRotation,356.3158,263.3097,0.8856347,CurrentState,End,Slider,52,Scenario,5
ID,19,Time,1566.466,DronePosition,-20.40468,45,-107.379,0,CameraPosition,-103.2049,1.679746,-107.527,CameraRotation,356.283,263.2323,0.9399211,CurrentState,End,Slider,52,Scenario,5
ID,19,Time,1566.481,DronePosition,-20.40468,45,-107.379,0,CameraPosition,-103.2052,1.679736,-107.5269,CameraRotation,356.2413,263.1651,0.9682773,CurrentState,End,Slider,52,Scenario,5
ID,19,Time,1566.494,DronePosition,-20.40468,45,-107.379,0,CameraPosition,-103.2054,1.679754,-107.5267,CameraRotation,356.2106,263.102,0.9674058,CurrentState,End,Slider,52,Scenario,5
ID,19,Time,1566.509,DronePosition,-20.40468,45,-107.379,0,CameraPosition,-103.2056,1.679734,-107.5264,CameraRotation,356.1844,263.0601,0.9445042,CurrentState,End,Slider,52,Scenario,5
ID,19,Time,1566.523,DronePosition,-20.40468,45,-107.379,0,CameraPosition,-103.2058,1.679762,-107.5262,CameraRotation,356.1522,263.0377,0.911558,CurrentState,End,Slider,52,Scenario,5
ID,19,Time,1566.536,DronePosition,-20.40468,45,-107.379,0,CameraPosition,-103.2059,1.679837,-107.5259,CameraRotation,356.11,263.052,0.8791103,CurrentState,End,Slider,52,Scenario,5
ID,19,Time,1566.55,DronePosition,-20.40468,45,-107.379,0,CameraPosition,-103.206,1.679919,-107.5256,CameraRotation,356.0248,263.0502,0.8486308,CurrentState,End,Slider,52,Scenario,5
ID,19,Time,1566.564,DronePosition,-20.40468,45,-107.379,0,CameraPosition,-103.2061,1.680023,-107.5253,CameraRotation,355.9212,263.0491,0.8448152,CurrentState,End,Slider,52,Scenario,5
ID,19,Time,1566.578,DronePosition,-20.40468,45,-107.379,0,CameraPosition,-103.2061,1.680167,-107.5251,CameraRotation,355.8322,263.0596,0.8471467,CurrentState,End,Slider,52,Scenario,5
ID,19,Time,1566.597,DronePosition,-20.40468,45,-107.379,0,CameraPosition,-103.2061,1.680324,-107.5249,CameraRotation,355.7344,263.0794,0.8511107,CurrentState,End,Slider,52,Scenario,5
ID,19,Time,1566.619,DronePosition,-20.40468,45,-107.379,0,CameraPosition,-103.206,1.680741,-107.5245,CameraRotation,355.4691,263.142,0.8448082,CurrentState,End,Slider,52,Scenario,5
ID,19,Time,1566.633,DronePosition,-20.40468,45,-107.379,0,CameraPosition,-103.2059,1.680956,-107.5243,CameraRotation,355.3499,263.1715,0.8505115,CurrentState,End,Slider,52,Scenario,5
ID,19,Time,1566.647,DronePosition,-20.40468,45,-107.379,0,CameraPosition,-103.2058,1.681152,-107.5241,CameraRotation,355.2602,263.1816,0.85247,CurrentState,End,Slider,52,Scenario,5
ID,19,Time,1566.661,DronePosition,-20.40468,45,-107.379,0,CameraPosition,-103.2057,1.681292,-107.524,CameraRotation,355.1957,263.1691,0.8834723,CurrentState,End,Slider,52,Scenario,5
ID,19,Time,1566.676,DronePosition,-20.40468,45,-107.379,0,CameraPosition,-103.2056,1.681446,-107.5239,CameraRotation,355.1435,263.151,0.9110982,CurrentState,End,Slider,52,Scenario,5
ID,19,Time,1566.689,DronePosition,-20.40468,45,-107.379,0,CameraPosition,-103.2054,1.681623,-107.5237,CameraRotation,355.076,263.123,0.9411228,CurrentState,End,Slider,52,Scenario,5
ID,19,Time,1566.703,DronePosition,-20.40468,45,-107.379,0,CameraPosition,-103.2052,1.681765,-107.5236,CameraRotation,354.9858,263.1023,0.9613469,CurrentState,End,Slider,52,Scenario,5
ID,19,Time,1566.717,DronePosition,-20.40468,45,-107.379,0,CameraPosition,-103.2051,1.68188,-107.5236,CameraRotation,354.9062,263.0779,0.9595975,CurrentState,End,Slider,52,Scenario,5
ID,19,Time,1566.731,DronePosition,-20.40468,45,-107.379,0,CameraPosition,-103.2049,1.682008,-107.5235,CameraRotation,354.8365,263.0557,0.9466419,CurrentState,End,Slider,52,Scenario,5
ID,19,Time,1566.745,DronePosition,-20.40468,45,-107.379,0,CameraPosition,-103.2048,1.682122,-107.5234,CameraRotation,354.7516,263.0388,0.9190249,CurrentState,End,Slider,52,Scenario,5
ID,19,Time,1566.759,DronePosition,-20.40468,45,-107.379,0,CameraPosition,-103.2047,1.682215,-107.5234,CameraRotation,354.6731,263.0327,0.8782853,CurrentState,End,Slider,52,Scenario,5
ID,19,Time,1566.773,DronePosition,-20.40468,45,-107.379,0,CameraPosition,-103.2046,1.682304,-107.5234,CameraRotation,354.6135,263.0273,0.8297856,CurrentState,End,Slider,52,Scenario,5
ID,19,Time,1566.787,DronePosition,-20.40468,45,-107.379,0,CameraPosition,-103.2046,1.682395,-107.5234,CameraRotation,354.5455,263.0249,0.7833937,CurrentState,End,Slider,52,Scenario,5
ID,19,Time,1566.806,DronePosition,-20.40468,45,-107.379,0,CameraPosition,-103.2045,1.68247,-107.5235,CameraRotation,354.4777,263.051,0.7448205,CurrentState,End,Slider,52,Scenario,5
ID,19,Time,1566.828,DronePosition,-20.40468,45,-107.379,0,CameraPosition,-103.2045,1.68252,-107.5236,CameraRotation,354.3714,263.1096,0.7043616,CurrentState,End,Slider,52,Scenario,5
ID,19,Time,1566.842,DronePosition,-20.40468,45,-107.379,0,CameraPosition,-103.2044,1.682557,-107.5237,CameraRotation,354.3576,263.1451,0.6975017,CurrentState,End,Slider,52,Scenario,5
ID,19,Time,1566.856,DronePosition,-20.40468,45,-107.379,0,CameraPosition,-103.2044,1.682623,-107.5239,CameraRotation,354.3566,263.1823,0.7017102,CurrentState,End,Slider,52,Scenario,5
ID,19,Time,1566.87,DronePosition,-20.40468,45,-107.379,0,CameraPosition,-103.2043,1.682693,-107.5241,CameraRotation,354.3372,263.2306,0.6947888,CurrentState,End,Slider,52,Scenario,5
ID,19,Time,1566.884,DronePosition,-20.40468,45,-107.379,0,CameraPosition,-103.2044,1.682762,-107.5244,CameraRotation,354.304,263.2921,0.6673733,CurrentState,End,Slider,52,Scenario,5
ID,19,Time,1566.898,DronePosition,-20.40468,45,-107.379,0,CameraPosition,-103.2044,1.682819,-107.5247,CameraRotation,354.241,263.3618,0.6433849,CurrentState,End,Slider,52,Scenario,5
ID,19,Time,1566.912,DronePosition,-20.40468,45,-107.379,0,CameraPosition,-103.2045,1.682888,-107.525,CameraRotation,354.164,263.4404,0.6443594,CurrentState,End,Slider,52,Scenario,5
ID,19,Time,1566.926,DronePosition,-20.40468,45,-107.379,0,CameraPosition,-103.2045,1.682947,-107.5255,CameraRotation,354.0679,263.5089,0.6544215,CurrentState,End,Slider,52,Scenario,5
ID,19,Time,1566.94,DronePosition,-20.40468,45,-107.379,0,CameraPosition,-103.2045,1.682977,-107.5259,CameraRotation,353.9684,263.5738,0.6751897,CurrentState,End,Slider,52,Scenario,5
ID,19,Time,1566.954,DronePosition,-20.40468,45,-107.379,0,CameraPosition,-103.2045,1.682982,-107.5264,CameraRotation,353.8882,263.6178,0.7041104,CurrentState,End,Slider,52,Scenario,5
ID,19,Time,1566.968,DronePosition,-20.40468,45,-107.379,0,CameraPosition,-103.2045,1.682961,-107.527,CameraRotation,353.8391,263.6608,0.7294643,CurrentState,End,Slider,52,Scenario,5
ID,19,Time,1566.982,DronePosition,-20.40468,45,-107.379,0,CameraPosition,-103.2046,1.682987,-107.5276,CameraRotation,353.8009,263.6825,0.7619082,CurrentState,End,Slider,52,Scenario,5
ID,19,Time,1566.996,DronePosition,-20.40468,45,-107.379,0,CameraPosition,-103.2046,1.683104,-107.5283,CameraRotation,353.7124,263.6846,0.7956763,CurrentState,End,Slider,52,Scenario,5
ID,19,Time,1567.015,DronePosition,-20.40468,45,-107.379,0,CameraPosition,-103.2047,1.683281,-107.529,CameraRotation,353.5795,263.6918,0.7974211,CurrentState,End,Slider,52,Scenario,5
ID,19,Time,1567.037,DronePosition,-20.40468,45,-107.379,0,CameraPosition,-103.2048,1.683691,-107.5308,CameraRotation,353.2781,263.6606,0.7351505,CurrentState,End,Slider,52,Scenario,5
ID,19,Time,1567.051,DronePosition,-20.40468,45,-107.379,0,CameraPosition,-103.2049,1.683786,-107.5318,CameraRotation,353.1731,263.6177,0.7571854,CurrentState,End,Slider,52,Scenario,5
ID,19,Time,1567.065,DronePosition,-20.40468,45,-107.379,0,CameraPosition,-103.2049,1.683772,-107.5328,CameraRotation,353.1042,263.5582,0.8134274,CurrentState,End,Slider,52,Scenario,5
ID,19,Time,1567.079,DronePosition,-20.40468,45,-107.379,0,CameraPosition,-103.2048,1.68372,-107.5339,CameraRotation,353.074,263.4803,0.8462247,CurrentState,End,Slider,52,Scenario,5
ID,19,Time,1567.093,DronePosition,-20.40468,45,-107.379,0,CameraPosition,-103.2048,1.6837,-107.535,CameraRotation,353.0334,263.421,0.8614148,CurrentState,End,Slider,52,Scenario,5
ID,19,Time,1567.107,DronePosition,-20.40468,45,-107.379,0,CameraPosition,-103.2048,1.683712,-107.5362,CameraRotation,352.9443,263.3511,0.8514754,CurrentState,End,Slider,52,Scenario,5
ID,19,Time,1567.121,DronePosition,-20.40468,45,-107.379,0,CameraPosition,-103.2049,1.683808,-107.5375,CameraRotation,352.8337,263.2965,0.8446945,CurrentState,End,Slider,52,Scenario,5
ID,19,Time,1567.135,DronePosition,-20.40468,45,-107.379,0,CameraPosition,-103.205,1.683906,-107.5388,CameraRotation,352.7255,263.2307,0.8520473,CurrentState,End,Slider,52,Scenario,5
ID,19,Time,1567.149,DronePosition,-20.40468,45,-107.379,0,CameraPosition,-103.205,1.683983,-107.5401,CameraRotation,352.6313,263.1621,0.8433143,CurrentState,End,Slider,52,Scenario,5
ID,19,Time,1567.162,DronePosition,-20.40468,45,-107.379,0,CameraPosition,-103.205,1.684053,-107.5415,CameraRotation,352.5692,263.0781,0.8256111,CurrentState,End,Slider,52,Scenario,5
ID,19,Time,1567.177,DronePosition,-20.40468,45,-107.379,0,CameraPosition,-103.205,1.684122,-107.543,CameraRotation,352.5406,263.0076,0.8197541,CurrentState,End,Slider,52,Scenario,5
ID,19,Time,1567.191,DronePosition,-20.40468,45,-107.379,0,CameraPosition,-103.2051,1.684183,-107.5445,CameraRotation,352.4836,262.9259,0.8090672,CurrentState,End,Slider,52,Scenario,5
ID,19,Time,1567.205,DronePosition,-20.40468,45,-107.379,0,CameraPosition,-103.2051,1.68428,-107.5461,CameraRotation,352.3984,262.8257,0.7753456,CurrentState,End,Slider,52,Scenario,5
ID,19,Time,1567.224,DronePosition,-20.40468,45,-107.379,0,CameraPosition,-103.2052,1.684439,-107.5478,CameraRotation,352.2978,262.7019,0.7061528,CurrentState,End,Slider,52,Scenario,5
ID,19,Time,1567.246,DronePosition,-20.40468,45,-107.379,0,CameraPosition,-103.2053,1.684721,-107.5513,CameraRotation,352.0769,262.386,0.5853614,CurrentState,End,Slider,52,Scenario,5
ID,19,Time,1567.26,DronePosition,-20.40468,45,-107.379,0,CameraPosition,-103.2054,1.684846,-107.5532,CameraRotation,351.9868,262.2392,0.5216249,CurrentState,End,Slider,52,Scenario,5
ID,19,Time,1567.274,DronePosition,-20.40468,45,-107.379,0,CameraPosition,-103.2056,1.684967,-107.5551,CameraRotation,351.8736,262.1055,0.4650182,CurrentState,End,Slider,52,Scenario,5
ID,19,Time,1567.288,DronePosition,-20.40468,45,-107.379,0,CameraPosition,-103.2058,1.685094,-107.557,CameraRotation,351.7462,261.9813,0.427487,CurrentState,End,Slider,52,Scenario,5
ID,19,Time,1567.302,DronePosition,-20.40468,45,-107.379,0,CameraPosition,-103.2061,1.685213,-107.559,CameraRotation,351.5935,261.8914,0.3973813,CurrentState,End,Slider,52,Scenario,5
ID,19,Time,1567.316,DronePosition,-20.40468,45,-107.379,0,CameraPosition,-103.2064,1.685311,-107.5609,CameraRotation,351.4712,261.8049,0.3709102,CurrentState,End,Slider,52,Scenario,5
ID,19,Time,1567.33,DronePosition,-20.40468,45,-107.379,0,CameraPosition,-103.2068,1.685372,-107.563,CameraRotation,351.3659,261.722,0.3536682,CurrentState,End,Slider,52,Scenario,5
ID,19,Time,1567.344,DronePosition,-20.40468,45,-107.379,0,CameraPosition,-103.2072,1.685414,-107.565,CameraRotation,351.2991,261.6334,0.3614674,CurrentState,End,Slider,52,Scenario,5
ID,19,Time,1567.358,DronePosition,-20.40468,45,-107.379,0,CameraPosition,-103.2076,1.685431,-107.5671,CameraRotation,351.2282,261.5712,0.3785947,CurrentState,End,Slider,52,Scenario,5
ID,19,Time,1567.371,DronePosition,-20.40468,45,-107.379,0,CameraPosition,-103.2081,1.685438,-107.5692,CameraRotation,351.1617,261.5212,0.3811762,CurrentState,End,Slider,52,Scenario,5
ID,19,Time,1567.386,DronePosition,-20.40468,45,-107.379,0,CameraPosition,-103.2086,1.685401,-107.5713,CameraRotation,351.1311,261.4771,0.3925453,CurrentState,End,Slider,52,Scenario,5
ID,19,Time,1567.4,DronePosition,-20.40468,45,-107.379,0,CameraPosition,-103.2091,1.685319,-107.5734,CameraRotation,351.108,261.4551,0.3990497,CurrentState,End,Slider,52,Scenario,5
ID,19,Time,1567.413,DronePosition,-20.40468,45,-107.379,0,CameraPosition,-103.2096,1.685194,-107.5755,CameraRotation,351.1032,261.455,0.4066408,CurrentState,End,Slider,52,Scenario,5
ID,19,Time,1567.432,DronePosition,-20.40468,45,-107.379,0,CameraPosition,-103.2101,1.685055,-107.5775,CameraRotation,351.1031,261.4651,0.416799,CurrentState,End,Slider,52,Scenario,5
ID,19,Time,1567.455,DronePosition,-20.40468,45,-107.379,0,CameraPosition,-103.2112,1.684793,-107.5816,CameraRotation,351.1329,261.5204,0.4368061,CurrentState,End,Slider,52,Scenario,5
ID,19,Time,1567.468,DronePosition,-20.40468,45,-107.379,0,CameraPosition,-103.2118,1.684696,-107.5836,CameraRotation,351.1224,261.5919,0.4405096,CurrentState,End,Slider,52,Scenario,5
ID,19,Time,1567.483,DronePosition,-20.40468,45,-107.379,0,CameraPosition,-103.2124,1.684644,-107.5855,CameraRotation,351.0547,261.6995,0.4485148,CurrentState,End,Slider,52,Scenario,5
ID,19,Time,1567.497,DronePosition,-20.40468,45,-107.379,0,CameraPosition,-103.213,1.684636,-107.5874,CameraRotation,350.9543,261.8217,0.4508858,CurrentState,End,Slider,52,Scenario,5
ID,19,Time,1567.51,DronePosition,-20.40468,45,-107.379,0,CameraPosition,-103.2137,1.684651,-107.5893,CameraRotation,350.8307,261.9764,0.4457662,CurrentState,End,Slider,52,Scenario,5
ID,19,Time,1567.525,DronePosition,-20.40468,45,-107.379,0,CameraPosition,-103.2143,1.68469,-107.5911,CameraRotation,350.7267,262.1619,0.4093159,CurrentState,End,Slider,52,Scenario,5
ID,19,Time,1567.539,DronePosition,-20.40468,45,-107.379,0,CameraPosition,-103.215,1.684702,-107.5928,CameraRotation,350.6392,262.3743,0.3586122,CurrentState,End,Slider,52,Scenario,5
ID,19,Time,1567.552,DronePosition,-20.40468,45,-107.379,0,CameraPosition,-103.2156,1.68469,-107.5945,CameraRotation,350.5708,262.5797,0.3190496,CurrentState,End,Slider,52,Scenario,5
ID,19,Time,1567.566,DronePosition,-20.40468,45,-107.379,0,CameraPosition,-103.2162,1.684653,-107.5962,CameraRotation,350.5017,262.8025,0.2698581,CurrentState,End,Slider,52,Scenario,5
ID,19,Time,1567.58,DronePosition,-20.40468,45,-107.379,0,CameraPosition,-103.2167,1.684633,-107.5979,CameraRotation,350.4407,263.0172,0.2142915,CurrentState,End,Slider,52,Scenario,5
ID,19,Time,1567.595,DronePosition,-20.40468,45,-107.379,0,CameraPosition,-103.2174,1.684596,-107.5995,CameraRotation,350.364,263.2331,0.1673982,CurrentState,End,Slider,52,Scenario,5
ID,19,Time,1567.609,DronePosition,-20.40468,45,-107.379,0,CameraPosition,-103.218,1.684544,-107.6011,CameraRotation,350.2735,263.4592,0.09867088,CurrentState,End,Slider,52,Scenario,5
ID,19,Time,1567.622,DronePosition,-20.40468,45,-107.379,0,CameraPosition,-103.2187,1.684489,-107.6027,CameraRotation,350.191,263.6826,0.04144572,CurrentState,End,Slider,52,Scenario,5
ID,19,Time,1567.641,DronePosition,-20.40468,45,-107.379,0,CameraPosition,-103.2193,1.684392,-107.6044,CameraRotation,350.0766,263.8706,-0.004764041,CurrentState,End,Slider,52,Scenario,5
ID,19,Time,1567.663,DronePosition,-20.40468,45,-107.379,0,CameraPosition,-103.2206,1.684098,-107.6077,CameraRotation,349.8976,264.1884,359.8346,CurrentState,End,Slider,52,Scenario,5
ID,19,Time,1567.678,DronePosition,-20.40468,45,-107.379,0,CameraPosition,-103.2211,1.683881,-107.6093,CameraRotation,349.8594,264.3365,359.7405,CurrentState,End,Slider,52,Scenario,5
ID,19,Time,1567.692,DronePosition,-20.40468,45,-107.379,0,CameraPosition,-103.2216,1.683632,-107.6108,CameraRotation,349.8479,264.4913,359.6936,CurrentState,End,Slider,52,Scenario,5
ID,19,Time,1567.705,DronePosition,-20.40468,45,-107.379,0,CameraPosition,-103.2221,1.683345,-107.6123,CameraRotation,349.8093,264.6292,359.6734,CurrentState,End,Slider,52,Scenario,5
ID,19,Time,1567.719,DronePosition,-20.40468,45,-107.379,0,CameraPosition,-103.2225,1.683004,-107.6136,CameraRotation,349.8059,264.7661,359.655,CurrentState,End,Slider,52,Scenario,5
ID,19,Time,1567.734,DronePosition,-20.40468,45,-107.379,0,CameraPosition,-103.2228,1.68268,-107.6149,CameraRotation,349.8233,264.9161,359.6221,CurrentState,End,Slider,52,Scenario,5
ID,19,Time,1567.747,DronePosition,-20.40468,45,-107.379,0,CameraPosition,-103.2232,1.682441,-107.6161,CameraRotation,349.7864,265.0504,359.5936,CurrentState,End,Slider,52,Scenario,5
ID,19,Time,1567.761,DronePosition,-20.40468,45,-107.379,0,CameraPosition,-103.2235,1.682313,-107.6172,CameraRotation,349.7132,265.149,359.5958,CurrentState,End,Slider,52,Scenario,5
ID,19,Time,1567.776,DronePosition,-20.40468,45,-107.379,0,CameraPosition,-103.2238,1.682246,-107.6183,CameraRotation,349.6643,265.2581,359.6119,CurrentState,End,Slider,52,Scenario,5
ID,19,Time,1567.789,DronePosition,-20.40468,45,-107.379,0,CameraPosition,-103.224,1.682201,-107.6193,CameraRotation,349.6707,265.347,359.6346,CurrentState,End,Slider,52,Scenario,5
ID,19,Time,1567.803,DronePosition,-20.40468,45,-107.379,0,CameraPosition,-103.2241,1.682289,-107.6202,CameraRotation,349.727,265.4143,359.662,CurrentState,End,Slider,52,Scenario,5
ID,19,Time,1567.817,DronePosition,-20.40468,45,-107.379,0,CameraPosition,-103.2241,1.682477,-107.621,CameraRotation,349.7877,265.457,359.6989,CurrentState,End,Slider,52,Scenario,5
ID,19,Time,1567.831,DronePosition,-20.40468,45,-107.379,0,CameraPosition,-103.2242,1.682621,-107.6218,CameraRotation,349.8334,265.501,359.7264,CurrentState,End,Slider,52,Scenario,5
ID,19,Time,1567.85,DronePosition,-20.40468,45,-107.379,0,CameraPosition,-103.2242,1.682821,-107.6224,CameraRotation,349.8998,265.5168,359.7396,CurrentState,End,Slider,52,Scenario,5
ID,19,Time,1567.873,DronePosition,-20.40468,45,-107.379,0,CameraPosition,-103.2241,1.683279,-107.6235,CameraRotation,349.9152,265.5231,359.7223,CurrentState,End,Slider,52,Scenario,5
ID,19,Time,1567.886,DronePosition,-20.40468,45,-107.379,0,CameraPosition,-103.2239,1.683403,-107.6239,CameraRotation,349.8917,265.523,359.7175,CurrentState,End,Slider,52,Scenario,5
ID,19,Time,1567.9,DronePosition,-20.40468,45,-107.379,0,CameraPosition,-103.2238,1.683415,-107.6242,CameraRotation,349.9053,265.5122,359.7421,CurrentState,End,Slider,52,Scenario,5
ID,19,Time,1567.914,DronePosition,-20.40468,45,-107.379,0,CameraPosition,-103.2235,1.683335,-107.6244,CameraRotation,349.9526,265.4433,359.8155,CurrentState,End,Slider,52,Scenario,5
ID,19,Time,1567.928,DronePosition,-20.40468,45,-107.379,0,CameraPosition,-103.2233,1.683217,-107.6245,CameraRotation,349.9624,265.3722,359.8771,CurrentState,End,Slider,52,Scenario,5
ID,19,Time,1567.942,DronePosition,-20.40468,45,-107.379,0,CameraPosition,-103.2231,1.683111,-107.6245,CameraRotation,349.9565,265.3047,359.9349,CurrentState,End,Slider,52,Scenario,5
ID,19,Time,1567.956,DronePosition,-20.40468,45,-107.379,0,CameraPosition,-103.2229,1.682975,-107.6244,CameraRotation,349.9114,265.2328,0.01282736,CurrentState,End,Slider,52,Scenario,5
ID,19,Time,1567.97,DronePosition,-20.40468,45,-107.379,0,CameraPosition,-103.2227,1.682809,-107.6242,CameraRotation,349.8758,265.1536,0.1084571,CurrentState,End,Slider,52,Scenario,5
ID,19,Time,1567.984,DronePosition,-20.40468,45,-107.379,0,CameraPosition,-103.2224,1.682589,-107.6239,CameraRotation,349.859,265.07,0.1946403,CurrentState,End,Slider,52,Scenario,5
ID,19,Time,1567.998,DronePosition,-20.40468,45,-107.379,0,CameraPosition,-103.2222,1.68239,-107.6235,CameraRotation,349.8527,264.9762,0.2718629,CurrentState,End,Slider,52,Scenario,5
ID,19,Time,1568.012,DronePosition,-20.40468,45,-107.379,0,CameraPosition,-103.222,1.682229,-107.6231,CameraRotation,349.8286,264.8446,0.3739448,CurrentState,End,Slider,52,Scenario,5
ID,19,Time,1568.026,DronePosition,-20.40468,45,-107.379,0,CameraPosition,-103.2218,1.682082,-107.6225,CameraRotation,349.7777,264.656,0.5101741,CurrentState,End,Slider,52,Scenario,5
ID,19,Time,1568.04,DronePosition,-20.40468,45,-107.379,0,CameraPosition,-103.2217,1.681933,-107.6219,CameraRotation,349.7203,264.439,0.6339437,CurrentState,End,Slider,52,Scenario,5
ID,19,Time,1568.059,DronePosition,-20.40468,45,-107.379,0,CameraPosition,-103.2215,1.68177,-107.6211,CameraRotation,349.6595,264.2064,0.7697371,CurrentState,End,Slider,52,Scenario,5
ID,19,Time,1568.081,DronePosition,-20.40468,45,-107.379,0,CameraPosition,-103.2211,1.681383,-107.6193,CameraRotation,349.6715,263.6159,1.177958,CurrentState,End,Slider,52,Scenario,5
ID,19,Time,1568.095,DronePosition,-20.40468,45,-107.379,0,CameraPosition,-103.2209,1.681223,-107.6183,CameraRotation,349.7224,263.2946,1.378988,CurrentState,End,Slider,52,Scenario,5
ID,19,Time,1568.109,DronePosition,-20.40468,45,-107.379,0,CameraPosition,-103.2207,1.681207,-107.6171,CameraRotation,349.7852,262.9677,1.537331,CurrentState,End,Slider,52,Scenario,5
ID,19,Time,1568.123,DronePosition,-20.40468,45,-107.379,0,CameraPosition,-103.2205,1.68135,-107.6158,CameraRotation,349.7798,262.6467,1.673685,CurrentState,End,Slider,52,Scenario,5
ID,19,Time,1568.137,DronePosition,-20.40468,45,-107.379,0,CameraPosition,-103.2203,1.681472,-107.6145,CameraRotation,349.7565,262.3566,1.803178,CurrentState,End,Slider,52,Scenario,5
ID,19,Time,1568.151,DronePosition,-20.40468,45,-107.379,0,CameraPosition,-103.22,1.681613,-107.6129,CameraRotation,349.7679,262.083,1.870336,CurrentState,End,Slider,52,Scenario,5
ID,19,Time,1568.165,DronePosition,-20.40468,45,-107.379,0,CameraPosition,-103.2196,1.681709,-107.6112,CameraRotation,349.7773,261.8207,1.937063,CurrentState,End,Slider,52,Scenario,5
ID,19,Time,1568.179,DronePosition,-20.40468,45,-107.379,0,CameraPosition,-103.2193,1.681807,-107.6094,CameraRotation,349.7675,261.5883,1.972135,CurrentState,End,Slider,52,Scenario,5
ID,19,Time,1568.193,DronePosition,-20.40468,45,-107.379,0,CameraPosition,-103.2189,1.681888,-107.6075,CameraRotation,349.7392,261.3679,2.005099,CurrentState,End,Slider,52,Scenario,5
ID,19,Time,1568.207,DronePosition,-20.40468,45,-107.379,0,CameraPosition,-103.2185,1.681942,-107.6054,CameraRotation,349.704,261.1962,2.012599,CurrentState,End,Slider,52,Scenario,5
ID,19,Time,1568.221,DronePosition,-20.40468,45,-107.379,0,CameraPosition,-103.2181,1.681979,-107.6032,CameraRotation,349.6449,261.0331,2.01642,CurrentState,End,Slider,52,Scenario,5
ID,19,Time,1568.235,DronePosition,-20.40468,45,-107.379,0,CameraPosition,-103.2177,1.682057,-107.601,CameraRotation,349.5667,260.92,2.004997,CurrentState,End,Slider,52,Scenario,5
ID,19,Time,1568.249,DronePosition,-20.40468,45,-107.379,0,CameraPosition,-103.2172,1.682185,-107.5987,CameraRotation,349.4899,260.8419,1.964612,CurrentState,End,Slider,52,Scenario,5
ID,19,Time,1568.267,DronePosition,-20.40468,45,-107.379,0,CameraPosition,-103.2168,1.682345,-107.5963,CameraRotation,349.432,260.7825,1.950895,CurrentState,End,Slider,52,Scenario,5
ID,19,Time,1568.29,DronePosition,-20.40468,45,-107.379,0,CameraPosition,-103.2159,1.682876,-107.5915,CameraRotation,349.2725,260.8171,1.867444,CurrentState,End,Slider,52,Scenario,5
ID,19,Time,1568.304,DronePosition,-20.40468,45,-107.379,0,CameraPosition,-103.2154,1.683183,-107.5892,CameraRotation,349.1965,260.868,1.756308,CurrentState,End,Slider,52,Scenario,5
ID,19,Time,1568.318,DronePosition,-20.40468,45,-107.379,0,CameraPosition,-103.2149,1.683482,-107.5867,CameraRotation,349.1358,260.9433,1.697797,CurrentState,End,Slider,52,Scenario,5
ID,19,Time,1568.332,DronePosition,-20.40468,45,-107.379,0,CameraPosition,-103.2144,1.68371,-107.5843,CameraRotation,349.088,261.0146,1.69183,CurrentState,End,Slider,52,Scenario,5
ID,19,Time,1568.346,DronePosition,-20.40468,45,-107.379,0,CameraPosition,-103.2138,1.683875,-107.5818,CameraRotation,349.0473,261.0716,1.719032,CurrentState,End,Slider,52,Scenario,5
ID,19,Time,1568.36,DronePosition,-20.40468,45,-107.379,0,CameraPosition,-103.2132,1.683947,-107.5793,CameraRotation,348.9965,261.138,1.756385,CurrentState,End,Slider,52,Scenario,5
ID,19,Time,1568.374,DronePosition,-20.40468,45,-107.379,0,CameraPosition,-103.2127,1.683993,-107.5768,CameraRotation,348.9229,261.2278,1.734476,CurrentState,End,Slider,52,Scenario,5
ID,19,Time,1568.388,DronePosition,-20.40468,45,-107.379,0,CameraPosition,-103.2121,1.684059,-107.5744,CameraRotation,348.8444,261.306,1.67313,CurrentState,End,Slider,52,Scenario,5
ID,19,Time,1568.402,DronePosition,-20.40468,45,-107.379,0,CameraPosition,-103.2116,1.684136,-107.572,CameraRotation,348.7667,261.3637,1.603842,CurrentState,End,Slider,52,Scenario,5
ID,19,Time,1568.416,DronePosition,-20.40468,45,-107.379,0,CameraPosition,-103.2111,1.6842,-107.5698,CameraRotation,348.7127,261.3752,1.564439,CurrentState,End,Slider,52,Scenario,5
ID,19,Time,1568.43,DronePosition,-20.40468,45,-107.379,0,CameraPosition,-103.2107,1.684235,-107.5675,CameraRotation,348.6392,261.3858,1.563375,CurrentState,End,Slider,52,Scenario,5
ID,19,Time,1568.444,DronePosition,-20.40468,45,-107.379,0,CameraPosition,-103.2103,1.684192,-107.5654,CameraRotation,348.5624,261.3881,1.589681,CurrentState,End,Slider,52,Scenario,5
ID,19,Time,1568.458,DronePosition,-20.40468,45,-107.379,0,CameraPosition,-103.2099,1.684131,-107.5633,CameraRotation,348.5135,261.3873,1.671632,CurrentState,End,Slider,52,Scenario,5
ID,19,Time,1568.477,DronePosition,-20.40468,45,-107.379,0,CameraPosition,-103.2094,1.684119,-107.5611,CameraRotation,348.4322,261.3679,1.72535,CurrentState,End,Slider,52,Scenario,5
ID,19,Time,1568.499,DronePosition,-20.40468,45,-107.379,0,CameraPosition,-103.2086,1.684209,-107.557,CameraRotation,348.2639,261.3022,1.742871,CurrentState,End,Slider,52,Scenario,5
ID,19,Time,1568.514,DronePosition,-20.40468,45,-107.379,0,CameraPosition,-103.2081,1.684278,-107.5549,CameraRotation,348.1972,261.2739,1.777901,CurrentState,End,Slider,52,Scenario,5
ID,19,Time,1568.527,DronePosition,-20.40468,45,-107.379,0,CameraPosition,-103.2077,1.684334,-107.5528,CameraRotation,348.1139,261.247,1.7648,CurrentState,End,Slider,52,Scenario,5
ID,19,Time,1568.54,DronePosition,-20.40468,45,-107.379,0,CameraPosition,-103.2072,1.684427,-107.5507,CameraRotation,348.0574,261.1934,1.757225,CurrentState,End,Slider,52,Scenario,5
ID,19,Time,1568.554,DronePosition,-20.40468,45,-107.379,0,CameraPosition,-103.2069,1.684593,-107.5485,CameraRotation,348.0066,261.1401,1.785241,CurrentState,End,Slider,52,Scenario,5
ID,19,Time,1568.569,DronePosition,-20.40468,45,-107.379,0,CameraPosition,-103.2066,1.684837,-107.5464,CameraRotation,347.9022,261.0976,1.769403,CurrentState,End,Slider,52,Scenario,5
ID,19,Time,1568.583,DronePosition,-20.40468,45,-107.379,0,CameraPosition,-103.2063,1.685158,-107.5443,CameraRotation,347.755,261.0705,1.715194,CurrentState,End,Slider,52,Scenario,5
ID,19,Time,1568.597,DronePosition,-20.40468,45,-107.379,0,CameraPosition,-103.2061,1.685554,-107.5422,CameraRotation,347.5733,261.075,1.630678,CurrentState,End,Slider,52,Scenario,5
ID,19,Time,1568.611,DronePosition,-20.40468,45,-107.379,0,CameraPosition,-103.2058,1.685883,-107.5401,CameraRotation,347.4046,261.1007,1.538903,CurrentState,End,Slider,52,Scenario,5
ID,19,Time,1568.625,DronePosition,-20.40468,45,-107.379,0,CameraPosition,-103.2056,1.68612,-107.538,CameraRotation,347.2782,261.1707,1.446272,CurrentState,End,Slider,52,Scenario,5
ID,19,Time,1568.639,DronePosition,-20.40468,45,-107.379,0,CameraPosition,-103.2055,1.686238,-107.5358,CameraRotation,347.191,261.3023,1.336405,CurrentState,End,Slider,52,Scenario,5
ID,19,Time,1568.653,DronePosition,-20.40468,45,-107.379,0,CameraPosition,-103.2053,1.686261,-107.5336,CameraRotation,347.1346,261.4975,1.220133,CurrentState,End,Slider,52,Scenario,5
ID,19,Time,1568.666,DronePosition,-20.40468,45,-107.379,0,CameraPosition,-103.2052,1.686217,-107.5314,CameraRotation,347.1234,261.7375,1.058503,CurrentState,End,Slider,52,Scenario,5
ID,19,Time,1568.687,DronePosition,-20.40468,45,-107.379,0,CameraPosition,-103.205,1.686083,-107.5291,CameraRotation,347.1494,262.0481,0.8972629,CurrentState,End,Slider,52,Scenario,5
ID,19,Time,1568.71,DronePosition,-20.40468,45,-107.379,0,CameraPosition,-103.2047,1.685918,-107.5248,CameraRotation,347.1867,262.7136,0.6041892,CurrentState,End,Slider,52,Scenario,5
ID,19,Time,1568.724,DronePosition,-20.40468,45,-107.379,0,CameraPosition,-103.2045,1.685903,-107.5227,CameraRotation,347.1954,263.0278,0.4978033,CurrentState,End,Slider,52,Scenario,5
ID,19,Time,1568.737,DronePosition,-20.40468,45,-107.379,0,CameraPosition,-103.2043,1.685864,-107.5207,CameraRotation,347.2001,263.3423,0.4374821,CurrentState,End,Slider,52,Scenario,5
ID,19,Time,1568.751,DronePosition,-20.40468,45,-107.379,0,CameraPosition,-103.2041,1.685799,-107.5187,CameraRotation,347.1927,263.683,0.3992311,CurrentState,End,Slider,52,Scenario,5
ID,19,Time,1568.765,DronePosition,-20.40468,45,-107.379,0,CameraPosition,-103.204,1.685778,-107.5167,CameraRotation,347.1632,264.0255,0.3457167,CurrentState,End,Slider,52,Scenario,5
ID,19,Time,1568.779,DronePosition,-20.40468,45,-107.379,0,CameraPosition,-103.2039,1.685783,-107.5148,CameraRotation,347.0556,264.3736,0.2709781,CurrentState,End,Slider,52,Scenario,5
ID,19,Time,1568.792,DronePosition,-20.40468,45,-107.379,0,CameraPosition,-103.2038,1.68588,-107.513,CameraRotation,346.926,264.7224,0.1669718,CurrentState,End,Slider,52,Scenario,5
ID,19,Time,1568.806,DronePosition,-20.40468,45,-107.379,0,CameraPosition,-103.2037,1.686044,-107.5112,CameraRotation,346.7466,265.0941,0.06807186,CurrentState,End,Slider,52,Scenario,5
ID,19,Time,1568.82,DronePosition,-20.40468,45,-107.379,0,CameraPosition,-103.2036,1.686208,-107.5095,CameraRotation,346.5409,265.4643,0.03426556,CurrentState,End,Slider,52,Scenario,5
ID,19,Time,1568.834,DronePosition,-20.40468,45,-107.379,0,CameraPosition,-103.2036,1.686362,-107.5077,CameraRotation,346.3883,265.8257,0.02500938,CurrentState,End,Slider,52,Scenario,5
ID,19,Time,1568.848,DronePosition,-20.40468,45,-107.379,0,CameraPosition,-103.2036,1.686435,-107.5061,CameraRotation,346.2507,266.1891,359.9911,CurrentState,End,Slider,52,Scenario,5
ID,19,Time,1568.862,DronePosition,-20.40468,45,-107.379,0,CameraPosition,-103.2036,1.686485,-107.5045,CameraRotation,346.1842,266.5508,359.8982,CurrentState,End,Slider,52,Scenario,5
ID,19,Time,1568.876,DronePosition,-20.40468,45,-107.379,0,CameraPosition,-103.2035,1.68654,-107.503,CameraRotation,346.1405,266.9164,359.7539,CurrentState,End,Slider,52,Scenario,5
ID,19,Time,1568.894,DronePosition,-20.40468,45,-107.379,0,CameraPosition,-103.2035,1.686571,-107.5016,CameraRotation,346.135,267.2692,359.5967,CurrentState,End,Slider,52,Scenario,5
ID,19,Time,1568.917,DronePosition,-20.40468,45,-107.379,0,CameraPosition,-103.2033,1.686379,-107.4991,CameraRotation,346.2994,267.8896,359.3761,CurrentState,End,Slider,52,Scenario,5
ID,19,Time,1568.931,DronePosition,-20.40468,45,-107.379,0,CameraPosition,-103.2032,1.686273,-107.498,CameraRotation,346.3738,268.1491,359.3054,CurrentState,End,Slider,52,Scenario,5
ID,19,Time,1568.945,DronePosition,-20.40468,45,-107.379,0,CameraPosition,-103.2031,1.686221,-107.497,CameraRotation,346.4094,268.3923,359.2279,CurrentState,End,Slider,52,Scenario,5
ID,19,Time,1568.959,DronePosition,-20.40468,45,-107.379,0,CameraPosition,-103.2031,1.686293,-107.496,CameraRotation,346.3545,268.6563,359.1424,CurrentState,End,Slider,52,Scenario,5
ID,19,Time,1568.973,DronePosition,-20.40468,45,-107.379,0,CameraPosition,-103.203,1.686452,-107.4951,CameraRotation,346.2429,268.9336,359.1022,CurrentState,End,Slider,52,Scenario,5
ID,19,Time,1568.986,DronePosition,-20.40468,45,-107.379,0,CameraPosition,-103.2028,1.686548,-107.4942,CameraRotation,346.1898,269.2309,359.0435,CurrentState,End,Slider,52,Scenario,5
ID,19,Time,1569,DronePosition,-20.40468,45,-107.379,0,CameraPosition,-103.2025,1.686516,-107.4934,CameraRotation,346.2213,269.519,358.9328,CurrentState,End,Slider,52,Scenario,5
ID,19,Time,1569.014,DronePosition,-20.40468,45,-107.379,0,CameraPosition,-103.2022,1.686455,-107.4927,CameraRotation,346.3282,269.7004,358.8204,CurrentState,End,Slider,52,Scenario,5
ID,19,Time,1569.028,DronePosition,-20.40468,45,-107.379,0,CameraPosition,-103.202,1.686429,-107.4921,CameraRotation,346.4041,269.8465,358.7613,CurrentState,End,Slider,52,Scenario,5
ID,19,Time,1569.043,DronePosition,-20.40468,45,-107.379,0,CameraPosition,-103.2018,1.686429,-107.4917,CameraRotation,346.462,269.9681,358.7227,CurrentState,End,Slider,52,Scenario,5
ID,19,Time,1569.057,DronePosition,-20.40468,45,-107.379,0,CameraPosition,-103.2016,1.686469,-107.4912,CameraRotation,346.4842,270.0796,358.6494,CurrentState,End,Slider,52,Scenario,5
ID,19,Time,1569.071,DronePosition,-20.40468,45,-107.379,0,CameraPosition,-103.2014,1.686523,-107.4909,CameraRotation,346.4843,270.1558,358.5491,CurrentState,End,Slider,52,Scenario,5
ID,19,Time,1569.085,DronePosition,-20.40468,45,-107.379,0,CameraPosition,-103.2012,1.686564,-107.4906,CameraRotation,346.4856,270.2036,358.4924,CurrentState,End,Slider,52,Scenario,5
ID,19,Time,1569.104,DronePosition,-20.40468,45,-107.379,0,CameraPosition,-103.201,1.686653,-107.4904,CameraRotation,346.4402,270.2253,358.4335,CurrentState,End,Slider,52,Scenario,5
ID,19,Time,1569.126,DronePosition,-20.40468,45,-107.379,0,CameraPosition,-103.2006,1.686812,-107.49,CameraRotation,346.3479,270.3197,358.2664,CurrentState,End,Slider,52,Scenario,5
ID,19,Time,1569.14,DronePosition,-20.40468,45,-107.379,0,CameraPosition,-103.2004,1.686863,-107.4898,CameraRotation,346.3639,270.3693,358.1601,CurrentState,End,Slider,52,Scenario,5
ID,19,Time,1569.154,DronePosition,-20.40468,45,-107.379,0,CameraPosition,-103.2002,1.686887,-107.4896,CameraRotation,346.3973,270.4304,358.0713,CurrentState,End,Slider,52,Scenario,5
ID,19,Time,1569.167,DronePosition,-20.40468,45,-107.379,0,CameraPosition,-103.2,1.686902,-107.4895,CameraRotation,346.4328,270.5277,357.9586,CurrentState,End,Slider,52,Scenario,5
ID,19,Time,1569.182,DronePosition,-20.40468,45,-107.379,0,CameraPosition,-103.1999,1.686933,-107.4892,CameraRotation,346.4339,270.6346,357.8768,CurrentState,End,Slider,52,Scenario,5
ID,19,Time,1569.195,DronePosition,-20.40468,45,-107.379,0,CameraPosition,-103.1997,1.686959,-107.489,CameraRotation,346.4087,270.8002,357.7403,CurrentState,End,Slider,52,Scenario,5
ID,19,Time,1569.21,DronePosition,-20.40468,45,-107.379,0,CameraPosition,-103.1996,1.687035,-107.4887,CameraRotation,346.3194,271.0142,357.4877,CurrentState,End,Slider,52,Scenario,5
ID,19,Time,1569.224,DronePosition,-20.40468,45,-107.379,0,CameraPosition,-103.1995,1.687059,-107.4884,CameraRotation,346.2259,271.2087,357.3297,CurrentState,End,Slider,52,Scenario,5
ID,19,Time,1569.237,DronePosition,-20.40468,45,-107.379,0,CameraPosition,-103.1993,1.686991,-107.4882,CameraRotation,346.2531,271.3596,357.2339,CurrentState,End,Slider,52,Scenario,5
ID,19,Time,1569.251,DronePosition,-20.40468,45,-107.379,0,CameraPosition,-103.1991,1.686883,-107.4881,CameraRotation,346.2744,271.5313,357.0456,CurrentState,End,Slider,52,Scenario,5
ID,19,Time,1569.265,DronePosition,-20.40468,45,-107.379,0,CameraPosition,-103.199,1.686894,-107.4879,CameraRotation,346.3101,271.7366,356.8023,CurrentState,End,Slider,52,Scenario,5
ID,19,Time,1569.279,DronePosition,-20.40468,45,-107.379,0,CameraPosition,-103.1988,1.686962,-107.4878,CameraRotation,346.3117,271.962,356.6143,CurrentState,End,Slider,52,Scenario,5
ID,19,Time,1569.293,DronePosition,-20.40468,45,-107.379,0,CameraPosition,-103.1986,1.686966,-107.4876,CameraRotation,346.362,272.1545,356.5223,CurrentState,End,Slider,52,Scenario,5
ID,19,Time,1569.312,DronePosition,-20.40468,45,-107.379,0,CameraPosition,-103.1983,1.686902,-107.4874,CameraRotation,346.4156,272.316,356.41,CurrentState,End,Slider,52,Scenario,5
ID,19,Time,1569.334,DronePosition,-20.40468,45,-107.379,0,CameraPosition,-103.1978,1.686936,-107.4873,CameraRotation,346.3948,272.6566,356.0651,CurrentState,End,Slider,52,Scenario,5
ID,19,Time,1569.348,DronePosition,-20.40468,45,-107.379,0,CameraPosition,-103.1975,1.687016,-107.4873,CameraRotation,346.3538,272.8309,355.8573,CurrentState,End,Slider,52,Scenario,5
ID,19,Time,1569.362,DronePosition,-20.40468,45,-107.379,0,CameraPosition,-103.1971,1.687055,-107.4874,CameraRotation,346.314,273.0005,355.6442,CurrentState,End,Slider,52,Scenario,5
ID,19,Time,1569.376,DronePosition,-20.40468,45,-107.379,0,CameraPosition,-103.1968,1.687035,-107.4876,CameraRotation,346.2865,273.1555,355.4862,CurrentState,End,Slider,52,Scenario,5
ID,19,Time,1569.39,DronePosition,-20.40468,45,-107.379,0,CameraPosition,-103.1964,1.687022,-107.4878,CameraRotation,346.2686,273.2841,355.4417,CurrentState,End,Slider,52,Scenario,5
ID,19,Time,1569.404,DronePosition,-20.40468,45,-107.379,0,CameraPosition,-103.1961,1.687123,-107.4879,CameraRotation,346.2483,273.387,355.4858,CurrentState,End,Slider,51,Scenario,5
ID,19,Time,1569.419,DronePosition,-20.40468,45,-107.379,0,CameraPosition,-103.1958,1.68731,-107.4879,CameraRotation,346.1516,273.5173,355.4966,CurrentState,End,Slider,51,Scenario,5
ID,19,Time,1569.432,DronePosition,-20.40468,45,-107.379,0,CameraPosition,-103.1955,1.687441,-107.488,CameraRotation,346.0761,273.6469,355.5378,CurrentState,End,Slider,51,Scenario,5
ID,19,Time,1569.446,DronePosition,-20.40468,45,-107.379,0,CameraPosition,-103.1953,1.687506,-107.4881,CameraRotation,346.0342,273.7701,355.5557,CurrentState,End,Slider,51,Scenario,5
ID,19,Time,1569.46,DronePosition,-20.40468,45,-107.379,0,CameraPosition,-103.195,1.687477,-107.4881,CameraRotation,346.019,273.9319,355.5419,CurrentState,End,Slider,51,Scenario,5
ID,19,Time,1569.474,DronePosition,-20.40468,45,-107.379,0,CameraPosition,-103.1948,1.687424,-107.4881,CameraRotation,346.0377,274.0973,355.5688,CurrentState,End,Slider,51,Scenario,5
ID,19,Time,1569.488,DronePosition,-20.40468,45,-107.379,0,CameraPosition,-103.1946,1.687369,-107.488,CameraRotation,346.0588,274.2681,355.6143,CurrentState,End,Slider,51,Scenario,5
ID,19,Time,1569.502,DronePosition,-20.40468,45,-107.379,0,CameraPosition,-103.1945,1.687304,-107.488,CameraRotation,346.098,274.4514,355.6538,CurrentState,End,Slider,51,Scenario,5
ID,19,Time,1569.521,DronePosition,-20.40468,45,-107.379,0,CameraPosition,-103.1944,1.687166,-107.4879,CameraRotation,346.1547,274.6337,355.6866,CurrentState,End,Slider,51,Scenario,5
ID,19,Time,1569.543,DronePosition,-20.40468,45,-107.379,0,CameraPosition,-103.1941,1.686731,-107.4877,CameraRotation,346.3685,275.0587,355.6278,CurrentState,End,Slider,51,Scenario,5
ID,19,Time,1569.557,DronePosition,-20.40468,45,-107.379,0,CameraPosition,-103.194,1.686526,-107.4877,CameraRotation,346.4657,275.2864,355.5812,CurrentState,End,Slider,51,Scenario,5
ID,19,Time,1569.571,DronePosition,-20.40468,45,-107.379,0,CameraPosition,-103.1939,1.686368,-107.4876,CameraRotation,346.5702,275.5045,355.5638,CurrentState,End,Slider,51,Scenario,5
ID,19,Time,1569.585,DronePosition,-20.40468,45,-107.379,0,CameraPosition,-103.1938,1.686217,-107.4877,CameraRotation,346.6987,275.7074,355.5381,CurrentState,End,Slider,51,Scenario,5
ID,19,Time,1569.599,DronePosition,-20.40468,45,-107.379,0,CameraPosition,-103.1937,1.68601,-107.4878,CameraRotation,346.8277,275.8716,355.5491,CurrentState,End,Slider,51,Scenario,5
ID,19,Time,1569.613,DronePosition,-20.40468,45,-107.379,0,CameraPosition,-103.1936,1.685791,-107.488,CameraRotation,346.9977,275.9834,355.6736,CurrentState,End,Slider,51,Scenario,5
ID,19,Time,1569.627,DronePosition,-20.40468,45,-107.379,0,CameraPosition,-103.1934,1.685557,-107.4882,CameraRotation,347.1581,276.0738,355.7912,CurrentState,End,Slider,51,Scenario,5
ID,19,Time,1569.641,DronePosition,-20.40468,45,-107.379,0,CameraPosition,-103.1933,1.685387,-107.4885,CameraRotation,347.3095,276.1215,355.9038,CurrentState,End,Slider,51,Scenario,5
ID,19,Time,1569.655,DronePosition,-20.40468,45,-107.379,0,CameraPosition,-103.1932,1.68533,-107.4888,CameraRotation,347.3911,276.1931,356.0323,CurrentState,End,Slider,51,Scenario,5
ID,19,Time,1569.669,DronePosition,-20.40468,45,-107.379,0,CameraPosition,-103.1931,1.685404,-107.4891,CameraRotation,347.3815,276.2762,356.1392,CurrentState,End,Slider,51,Scenario,5
ID,19,Time,1569.683,DronePosition,-20.40468,45,-107.379,0,CameraPosition,-103.1931,1.685539,-107.4893,CameraRotation,347.3234,276.3818,356.1745,CurrentState,End,Slider,51,Scenario,5
ID,19,Time,1569.699,DronePosition,-20.40468,45,-107.379,0,CameraPosition,-103.193,1.685713,-107.4895,CameraRotation,347.2267,276.4664,356.165,CurrentState,End,Slider,51,Scenario,5
ID,19,Time,1569.711,DronePosition,-20.40468,45,-107.379,0,CameraPosition,-103.193,1.685807,-107.4897,CameraRotation,347.1461,276.5323,356.1266,CurrentState,End,Slider,51,Scenario,5
ID,19,Time,1569.729,DronePosition,-20.40468,45,-107.379,0,CameraPosition,-103.193,1.68577,-107.4898,CameraRotation,347.1146,276.5746,356.1019,CurrentState,End,Slider,51,Scenario,5
ID,19,Time,1569.752,DronePosition,-20.40468,45,-107.379,0,CameraPosition,-103.193,1.685574,-107.4902,CameraRotation,347.0961,276.6087,355.8937,CurrentState,End,Slider,51,Scenario,5
ID,19,Time,1569.766,DronePosition,-20.40468,45,-107.379,0,CameraPosition,-103.193,1.685487,-107.4904,CameraRotation,347.1201,276.6179,355.761,CurrentState,End,Slider,51,Scenario,5
ID,19,Time,1569.78,DronePosition,-20.40468,45,-107.379,0,CameraPosition,-103.193,1.685384,-107.4906,CameraRotation,347.1228,276.6057,355.6749,CurrentState,End,Slider,51,Scenario,5
ID,19,Time,1569.794,DronePosition,-20.40468,45,-107.379,0,CameraPosition,-103.193,1.685295,-107.4909,CameraRotation,347.1295,276.5748,355.6372,CurrentState,End,Slider,51,Scenario,5
ID,19,Time,1569.808,DronePosition,-20.40468,45,-107.379,0,CameraPosition,-103.1931,1.685239,-107.4912,CameraRotation,347.1131,276.5484,355.5716,CurrentState,End,Slider,51,Scenario,5
ID,19,Time,1569.822,DronePosition,-20.40468,45,-107.379,0,CameraPosition,-103.1932,1.685216,-107.4916,CameraRotation,347.1313,276.5445,355.5392,CurrentState,End,Slider,51,Scenario,5
ID,19,Time,1569.836,DronePosition,-20.40468,45,-107.379,0,CameraPosition,-103.1933,1.685197,-107.4919,CameraRotation,347.1288,276.5469,355.5262,CurrentState,End,Slider,51,Scenario,5
ID,19,Time,1569.85,DronePosition,-20.40468,45,-107.379,0,CameraPosition,-103.1936,1.685173,-107.4923,CameraRotation,347.137,276.5468,355.5528,CurrentState,End,Slider,51,Scenario,5
ID,19,Time,1569.864,DronePosition,-20.40468,45,-107.379,0,CameraPosition,-103.1938,1.685117,-107.4927,CameraRotation,347.1944,276.5231,355.6043,CurrentState,End,Slider,51,Scenario,5
ID,19,Time,1569.878,DronePosition,-20.40468,45,-107.379,0,CameraPosition,-103.1941,1.684963,-107.4931,CameraRotation,347.2723,276.492,355.6708,CurrentState,End,Slider,51,Scenario,5
ID,19,Time,1569.892,DronePosition,-20.40468,45,-107.379,0,CameraPosition,-103.1944,1.684771,-107.4936,CameraRotation,347.3792,276.4573,355.7599,CurrentState,End,Slider,51,Scenario,5
ID,19,Time,1569.906,DronePosition,-20.40468,45,-107.379,0,CameraPosition,-103.1947,1.68462,-107.4941,CameraRotation,347.4609,276.4186,355.8705,CurrentState,End,Slider,51,Scenario,5
ID,19,Time,1569.92,DronePosition,-20.40468,45,-107.379,0,CameraPosition,-103.1951,1.684527,-107.4945,CameraRotation,347.5363,276.377,355.9591,CurrentState,End,Slider,51,Scenario,5
ID,19,Time,1569.938,DronePosition,-20.40468,45,-107.379,0,CameraPosition,-103.1955,1.684409,-107.4949,CameraRotation,347.6032,276.3569,356.0049,CurrentState,End,Slider,51,Scenario,5
ID,19,Time,1569.961,DronePosition,-20.40468,45,-107.379,0,CameraPosition,-103.1964,1.684252,-107.4955,CameraRotation,347.6731,276.4099,355.9922,CurrentState,End,Slider,51,Scenario,5
ID,19,Time,1569.975,DronePosition,-20.40468,45,-107.379,0,CameraPosition,-103.1969,1.684213,-107.4958,CameraRotation,347.675,276.4426,355.979,CurrentState,End,Slider,51,Scenario,5
ID,19,Time,1569.989,DronePosition,-20.40468,45,-107.379,0,CameraPosition,-103.1974,1.684254,-107.4961,CameraRotation,347.6458,276.5078,355.943,CurrentState,End,Slider,51,Scenario,5
ID,19,Time,1570.003,DronePosition,-20.40468,45,-107.379,0,CameraPosition,-103.198,1.684341,-107.4963,CameraRotation,347.5788,276.5823,355.9179,CurrentState,End,Slider,51,Scenario,5
ID,19,Time,1570.017,DronePosition,-20.40468,45,-107.379,0,CameraPosition,-103.1985,1.68441,-107.4966,CameraRotation,347.5353,276.6559,355.874,CurrentState,End,Slider,51,Scenario,5
ID,19,Time,1570.031,DronePosition,-20.40468,45,-107.379,0,CameraPosition,-103.1991,1.684382,-107.4968,CameraRotation,347.5443,276.7355,355.8285,CurrentState,End,Slider,51,Scenario,5
ID,19,Time,1570.045,DronePosition,-20.40468,45,-107.379,0,CameraPosition,-103.1996,1.684233,-107.4971,CameraRotation,347.6384,276.816,355.8112,CurrentState,End,Slider,51,Scenario,5
ID,19,Time,1570.059,DronePosition,-20.40468,45,-107.379,0,CameraPosition,-103.2001,1.684045,-107.4974,CameraRotation,347.7299,276.8866,355.8199,CurrentState,End,Slider,51,Scenario,5
ID,19,Time,1570.073,DronePosition,-20.40468,45,-107.379,0,CameraPosition,-103.2006,1.683878,-107.4976,CameraRotation,347.8316,276.984,355.8332,CurrentState,End,Slider,51,Scenario,5
ID,19,Time,1570.087,DronePosition,-20.40468,45,-107.379,0,CameraPosition,-103.2011,1.68369,-107.4979,CameraRotation,347.9258,277.1011,355.8444,CurrentState,End,Slider,51,Scenario,5
ID,19,Time,1570.101,DronePosition,-20.40468,45,-107.379,0,CameraPosition,-103.2016,1.683484,-107.4981,CameraRotation,348.0394,277.1845,355.862,CurrentState,End,Slider,51,Scenario,5
ID,19,Time,1570.115,DronePosition,-20.40468,45,-107.379,0,CameraPosition,-103.202,1.683321,-107.4984,CameraRotation,348.1497,277.2749,355.8819,CurrentState,End,Slider,51,Scenario,5
ID,19,Time,1570.129,DronePosition,-20.40468,45,-107.379,0,CameraPosition,-103.2025,1.683192,-107.4988,CameraRotation,348.2218,277.3429,355.8983,CurrentState,End,Slider,51,Scenario,5
ID,19,Time,1570.147,DronePosition,-20.40468,45,-107.379,0,CameraPosition,-103.2029,1.683069,-107.4991,CameraRotation,348.2913,277.3988,355.8998,CurrentState,End,Slider,51,Scenario,5
ID,19,Time,1570.17,DronePosition,-20.40468,45,-107.379,0,CameraPosition,-103.2038,1.682628,-107.4998,CameraRotation,348.4565,277.4604,355.9254,CurrentState,End,Slider,51,Scenario,5
ID,19,Time,1570.184,DronePosition,-20.40468,45,-107.379,0,CameraPosition,-103.2043,1.682392,-107.5002,CameraRotation,348.5562,277.4603,355.9467,CurrentState,End,Slider,51,Scenario,5
ID,19,Time,1570.198,DronePosition,-20.40468,45,-107.379,0,CameraPosition,-103.2047,1.68216,-107.5006,CameraRotation,348.6219,277.4434,355.9526,CurrentState,End,Slider,51,Scenario,5
ID,19,Time,1570.211,DronePosition,-20.40468,45,-107.379,0,CameraPosition,-103.2052,1.681955,-107.501,CameraRotation,348.6809,277.439,355.9467,CurrentState,End,Slider,51,Scenario,5
ID,19,Time,1570.226,DronePosition,-20.40468,45,-107.379,0,CameraPosition,-103.2056,1.681775,-107.5014,CameraRotation,348.7255,277.4052,355.9954,CurrentState,End,Slider,51,Scenario,5
ID,19,Time,1570.24,DronePosition,-20.40468,45,-107.379,0,CameraPosition,-103.206,1.681682,-107.5019,CameraRotation,348.7756,277.3724,356.0316,CurrentState,End,Slider,51,Scenario,5
ID,19,Time,1570.254,DronePosition,-20.40468,45,-107.379,0,CameraPosition,-103.2065,1.681652,-107.5023,CameraRotation,348.7936,277.2978,356.0809,CurrentState,End,Slider,51,Scenario,5
ID,19,Time,1570.268,DronePosition,-20.40468,45,-107.379,0,CameraPosition,-103.2069,1.681638,-107.5028,CameraRotation,348.7997,277.2299,356.1292,CurrentState,End,Slider,51,Scenario,5
ID,19,Time,1570.281,DronePosition,-20.40468,45,-107.379,0,CameraPosition,-103.2073,1.681709,-107.5032,CameraRotation,348.7896,277.1455,356.1864,CurrentState,End,Slider,51,Scenario,5
ID,19,Time,1570.296,DronePosition,-20.40468,45,-107.379,0,CameraPosition,-103.2077,1.681821,-107.5037,CameraRotation,348.7621,277.0663,356.257,CurrentState,End,Slider,51,Scenario,5
ID,19,Time,1570.309,DronePosition,-20.40468,45,-107.379,0,CameraPosition,-103.2081,1.681956,-107.5041,CameraRotation,348.7273,276.9655,356.3277,CurrentState,End,Slider,51,Scenario,5
ID,19,Time,1570.323,DronePosition,-20.40468,45,-107.379,0,CameraPosition,-103.2086,1.682101,-107.5044,CameraRotation,348.6866,276.8724,356.3876,CurrentState,End,Slider,51,Scenario,5
ID,19,Time,1570.338,DronePosition,-20.40468,45,-107.379,0,CameraPosition,-103.209,1.682219,-107.5048,CameraRotation,348.6561,276.8019,356.4355,CurrentState,End,Slider,51,Scenario,5
ID,19,Time,1570.356,DronePosition,-20.40468,45,-107.379,0,CameraPosition,-103.2094,1.682297,-107.5051,CameraRotation,348.6435,276.7574,356.4669,CurrentState,End,Slider,51,Scenario,5
ID,19,Time,1570.379,DronePosition,-20.40468,45,-107.379,0,CameraPosition,-103.2102,1.682183,-107.5055,CameraRotation,348.6559,276.7499,356.5026,CurrentState,End,Slider,51,Scenario,5
ID,19,Time,1570.392,DronePosition,-20.40468,45,-107.379,0,CameraPosition,-103.2105,1.682071,-107.5056,CameraRotation,348.6982,276.7823,356.5101,CurrentState,End,Slider,51,Scenario,5
ID,19,Time,1570.406,DronePosition,-20.40468,45,-107.379,0,CameraPosition,-103.2108,1.681943,-107.5057,CameraRotation,348.7648,276.8215,356.5017,CurrentState,End,Slider,51,Scenario,5
ID,19,Time,1570.42,DronePosition,-20.40468,45,-107.379,0,CameraPosition,-103.2112,1.681789,-107.5058,CameraRotation,348.8334,276.8531,356.4918,CurrentState,End,Slider,51,Scenario,5
ID,19,Time,1570.434,DronePosition,-20.40468,45,-107.379,0,CameraPosition,-103.2114,1.681595,-107.5059,CameraRotation,348.9232,276.8656,356.4805,CurrentState,End,Slider,51,Scenario,5
ID,19,Time,1570.448,DronePosition,-20.40468,45,-107.379,0,CameraPosition,-103.2117,1.681425,-107.5061,CameraRotation,348.9983,276.868,356.4812,CurrentState,End,Slider,51,Scenario,5
ID,19,Time,1570.462,DronePosition,-20.40468,45,-107.379,0,CameraPosition,-103.2119,1.681278,-107.5062,CameraRotation,349.0671,276.8473,356.5038,CurrentState,End,Slider,51,Scenario,5
ID,19,Time,1570.477,DronePosition,-20.40468,45,-107.379,0,CameraPosition,-103.2121,1.681121,-107.5064,CameraRotation,349.1151,276.8133,356.5198,CurrentState,End,Slider,51,Scenario,5
ID,19,Time,1570.49,DronePosition,-20.40468,45,-107.379,0,CameraPosition,-103.2123,1.681005,-107.5065,CameraRotation,349.1474,276.7435,356.4999,CurrentState,End,Slider,51,Scenario,5
ID,19,Time,1570.504,DronePosition,-20.40468,45,-107.379,0,CameraPosition,-103.2125,1.680916,-107.5068,CameraRotation,349.1773,276.6694,356.5141,CurrentState,End,Slider,51,Scenario,5
ID,19,Time,1570.518,DronePosition,-20.40468,45,-107.379,0,CameraPosition,-103.2126,1.680787,-107.507,CameraRotation,349.1917,276.5724,356.5746,CurrentState,End,Slider,51,Scenario,5
ID,19,Time,1570.532,DronePosition,-20.40468,45,-107.379,0,CameraPosition,-103.2128,1.680653,-107.5072,CameraRotation,349.215,276.4772,356.6297,CurrentState,End,Slider,51,Scenario,5
ID,19,Time,1570.546,DronePosition,-20.40468,45,-107.379,0,CameraPosition,-103.2129,1.680603,-107.5074,CameraRotation,349.2155,276.3961,356.6598,CurrentState,End,Slider,51,Scenario,5
ID,19,Time,1570.565,DronePosition,-20.40468,45,-107.379,0,CameraPosition,-103.213,1.680657,-107.5074,CameraRotation,349.1717,276.3412,356.6537,CurrentState,End,Slider,51,Scenario,5
ID,19,Time,1570.587,DronePosition,-20.40468,45,-107.379,0,CameraPosition,-103.2133,1.680832,-107.5075,CameraRotation,349.0715,276.2905,356.6087,CurrentState,End,Slider,51,Scenario,5
ID,19,Time,1570.601,DronePosition,-20.40468,45,-107.379,0,CameraPosition,-103.2134,1.680887,-107.5075,CameraRotation,349.0559,276.2664,356.6242,CurrentState,End,Slider,51,Scenario,5
ID,19,Time,1570.615,DronePosition,-20.40468,45,-107.379,0,CameraPosition,-103.2135,1.68091,-107.5075,CameraRotation,349.0659,276.2311,356.6296,CurrentState,End,Slider,51,Scenario,5
ID,19,Time,1570.629,DronePosition,-20.40468,45,-107.379,0,CameraPosition,-103.2136,1.680898,-107.5075,CameraRotation,349.0772,276.1982,356.6045,CurrentState,End,Slider,51,Scenario,5
ID,19,Time,1570.644,DronePosition,-20.40468,45,-107.379,0,CameraPosition,-103.2137,1.680841,-107.5074,CameraRotation,349.087,276.1779,356.5779,CurrentState,End,Slider,51,Scenario,5
ID,19,Time,1570.657,DronePosition,-20.40468,45,-107.379,0,CameraPosition,-103.2138,1.680797,-107.5074,CameraRotation,349.0853,276.1751,356.5578,CurrentState,End,Slider,51,Scenario,5
ID,19,Time,1570.671,DronePosition,-20.40468,45,-107.379,0,CameraPosition,-103.2139,1.680746,-107.5073,CameraRotation,349.1014,276.1689,356.5441,CurrentState,End,Slider,51,Scenario,5
ID,19,Time,1570.685,DronePosition,-20.40468,45,-107.379,0,CameraPosition,-103.2139,1.680667,-107.5073,CameraRotation,349.1084,276.1693,356.5402,CurrentState,End,Slider,51,Scenario,5
ID,19,Time,1570.699,DronePosition,-20.40468,45,-107.379,0,CameraPosition,-103.214,1.680601,-107.5072,CameraRotation,349.1271,276.1627,356.5334,CurrentState,End,Slider,51,Scenario,5
ID,19,Time,1570.713,DronePosition,-20.40468,45,-107.379,0,CameraPosition,-103.2141,1.680536,-107.5072,CameraRotation,349.1443,276.164,356.4986,CurrentState,End,Slider,51,Scenario,5
ID,19,Time,1570.727,DronePosition,-20.40468,45,-107.379,0,CameraPosition,-103.2142,1.680494,-107.5071,CameraRotation,349.1769,276.1547,356.4956,CurrentState,End,Slider,51,Scenario,5
ID,19,Time,1570.741,DronePosition,-20.40468,45,-107.379,0,CameraPosition,-103.2143,1.680485,-107.5071,CameraRotation,349.1841,276.1403,356.4961,CurrentState,End,Slider,51,Scenario,5
ID,19,Time,1570.755,DronePosition,-20.40468,45,-107.379,0,CameraPosition,-103.2144,1.680499,-107.507,CameraRotation,349.1819,276.129,356.4798,CurrentState,End,Slider,51,Scenario,5
ID,19,Time,1570.774,DronePosition,-20.40468,45,-107.379,0,CameraPosition,-103.2146,1.680555,-107.507,CameraRotation,349.1762,276.1155,356.4484,CurrentState,End,Slider,51,Scenario,5
ID,19,Time,1570.797,DronePosition,-20.40468,45,-107.379,0,CameraPosition,-103.2148,1.680648,-107.507,CameraRotation,349.1821,276.0821,356.4825,CurrentState,End,Slider,51,Scenario,5
ID,19,Time,1570.81,DronePosition,-20.40468,45,-107.379,0,CameraPosition,-103.215,1.680676,-107.507,CameraRotation,349.175,276.0682,356.4949,CurrentState,End,Slider,51,Scenario,5
ID,19,Time,1570.824,DronePosition,-20.40468,45,-107.379,0,CameraPosition,-103.2151,1.680682,-107.5069,CameraRotation,349.1476,276.0629,356.5128,CurrentState,End,Slider,51,Scenario,5
ID,19,Time,1570.838,DronePosition,-20.40468,45,-107.379,0,CameraPosition,-103.2153,1.680664,-107.5069,CameraRotation,349.1371,276.0771,356.5318,CurrentState,End,Slider,51,Scenario,5
ID,19,Time,1570.853,DronePosition,-20.40468,45,-107.379,0,CameraPosition,-103.2154,1.680598,-107.5068,CameraRotation,349.118,276.0901,356.5208,CurrentState,End,Slider,51,Scenario,5
ID,19,Time,1570.866,DronePosition,-20.40468,45,-107.379,0,CameraPosition,-103.2156,1.680549,-107.5068,CameraRotation,349.1032,276.1044,356.5067,CurrentState,End,Slider,51,Scenario,5
ID,19,Time,1570.88,DronePosition,-20.40468,45,-107.379,0,CameraPosition,-103.2158,1.680546,-107.5067,CameraRotation,349.1023,276.1329,356.5018,CurrentState,End,Slider,51,Scenario,5
ID,19,Time,1570.894,DronePosition,-20.40468,45,-107.379,0,CameraPosition,-103.216,1.68052,-107.5066,CameraRotation,349.113,276.1635,356.5005,CurrentState,End,Slider,51,Scenario,5
ID,19,Time,1570.908,DronePosition,-20.40468,45,-107.379,0,CameraPosition,-103.2162,1.680492,-107.5066,CameraRotation,349.1371,276.2021,356.5102,CurrentState,End,Slider,51,Scenario,5
ID,19,Time,1570.922,DronePosition,-20.40468,45,-107.379,0,CameraPosition,-103.2164,1.680522,-107.5065,CameraRotation,349.1661,276.2343,356.5479,CurrentState,End,Slider,51,Scenario,5
ID,19,Time,1570.936,DronePosition,-20.40468,45,-107.379,0,CameraPosition,-103.2166,1.680568,-107.5065,CameraRotation,349.2055,276.2615,356.5711,CurrentState,End,Slider,51,Scenario,5
ID,19,Time,1570.95,DronePosition,-20.40468,45,-107.379,0,CameraPosition,-103.2168,1.680555,-107.5065,CameraRotation,349.2426,276.2832,356.588,CurrentState,End,Slider,51,Scenario,5
ID,19,Time,1570.964,DronePosition,-20.40468,45,-107.379,0,CameraPosition,-103.2171,1.680508,-107.5064,CameraRotation,349.2823,276.3018,356.5946,CurrentState,End,Slider,51,Scenario,5
ID,19,Time,1570.982,DronePosition,-20.40468,45,-107.379,0,CameraPosition,-103.2174,1.680465,-107.5064,CameraRotation,349.3177,276.3109,356.6036,CurrentState,End,Slider,51,Scenario,5
ID,19,Time,1571.006,DronePosition,-20.40468,45,-107.379,0,CameraPosition,-103.2179,1.68044,-107.5065,CameraRotation,349.3919,276.2909,356.6395,CurrentState,End,Slider,51,Scenario,5
ID,19,Time,1571.019,DronePosition,-20.40468,45,-107.379,0,CameraPosition,-103.2182,1.680419,-107.5065,CameraRotation,349.4094,276.2661,356.664,CurrentState,End,Slider,51,Scenario,5
ID,19,Time,1571.033,DronePosition,-20.40468,45,-107.379,0,CameraPosition,-103.2185,1.680385,-107.5065,CameraRotation,349.424,276.244,356.7093,CurrentState,End,Slider,51,Scenario,5
ID,19,Time,1571.047,DronePosition,-20.40468,45,-107.379,0,CameraPosition,-103.2189,1.680328,-107.5065,CameraRotation,349.4296,276.2411,356.7351,CurrentState,End,Slider,51,Scenario,5
ID,19,Time,1571.061,DronePosition,-20.40468,45,-107.379,0,CameraPosition,-103.2193,1.680282,-107.5065,CameraRotation,349.4189,276.2233,356.7784,CurrentState,End,Slider,51,Scenario,5
ID,19,Time,1571.075,DronePosition,-20.40468,45,-107.379,0,CameraPosition,-103.2196,1.680272,-107.5064,CameraRotation,349.4011,276.2142,356.8217,CurrentState,End,Slider,51,Scenario,5
ID,19,Time,1571.089,DronePosition,-20.40468,45,-107.379,0,CameraPosition,-103.2201,1.680288,-107.5063,CameraRotation,349.3973,276.2194,356.8436,CurrentState,End,Slider,51,Scenario,5
ID,19,Time,1571.103,DronePosition,-20.40468,45,-107.379,0,CameraPosition,-103.2205,1.680289,-107.5061,CameraRotation,349.4565,276.2383,356.8472,CurrentState,End,Slider,51,Scenario,5
ID,19,Time,1571.117,DronePosition,-20.40468,45,-107.379,0,CameraPosition,-103.2208,1.680265,-107.5059,CameraRotation,349.5184,276.2758,356.8232,CurrentState,End,Slider,51,Scenario,5
ID,19,Time,1571.131,DronePosition,-20.40468,45,-107.379,0,CameraPosition,-103.2212,1.680221,-107.5058,CameraRotation,349.5644,276.3395,356.7416,CurrentState,End,Slider,51,Scenario,5
ID,19,Time,1571.145,DronePosition,-20.40468,45,-107.379,0,CameraPosition,-103.2215,1.680151,-107.5056,CameraRotation,349.6388,276.3979,356.6764,CurrentState,End,Slider,51,Scenario,5
ID,19,Time,1571.159,DronePosition,-20.40468,45,-107.379,0,CameraPosition,-103.2219,1.680019,-107.5055,CameraRotation,349.6906,276.4416,356.7116,CurrentState,End,Slider,51,Scenario,5
ID,19,Time,1571.173,DronePosition,-20.40468,45,-107.379,0,CameraPosition,-103.2222,1.679867,-107.5053,CameraRotation,349.7288,276.4916,356.7734,CurrentState,End,Slider,51,Scenario,5
ID,19,Time,1571.191,DronePosition,-20.40468,45,-107.379,0,CameraPosition,-103.2225,1.679723,-107.5051,CameraRotation,349.7633,276.5498,356.7953,CurrentState,End,Slider,51,Scenario,5
ID,19,Time,1571.214,DronePosition,-20.40468,45,-107.379,0,CameraPosition,-103.2232,1.679536,-107.5048,CameraRotation,349.8862,276.6988,356.7739,CurrentState,End,Slider,51,Scenario,5
ID,19,Time,1571.228,DronePosition,-20.40468,45,-107.379,0,CameraPosition,-103.2234,1.679439,-107.5046,CameraRotation,349.9409,276.7863,356.7438,CurrentState,End,Slider,51,Scenario,5
ID,19,Time,1571.242,DronePosition,-20.40468,45,-107.379,0,CameraPosition,-103.2237,1.679407,-107.5044,CameraRotation,349.9958,276.8716,356.7385,CurrentState,End,Slider,51,Scenario,5
ID,19,Time,1571.256,DronePosition,-20.40468,45,-107.379,0,CameraPosition,-103.224,1.6794,-107.5043,CameraRotation,350.0379,276.9438,356.7712,CurrentState,End,Slider,51,Scenario,5
ID,19,Time,1571.27,DronePosition,-20.40468,45,-107.379,0,CameraPosition,-103.2243,1.679413,-107.5041,CameraRotation,350.074,276.9849,356.8322,CurrentState,End,Slider,51,Scenario,5
ID,19,Time,1571.284,DronePosition,-20.40468,45,-107.379,0,CameraPosition,-103.2245,1.679415,-107.504,CameraRotation,350.0958,277.009,356.8658,CurrentState,End,Slider,51,Scenario,5
ID,19,Time,1571.298,DronePosition,-20.40468,45,-107.379,0,CameraPosition,-103.2247,1.679405,-107.5039,CameraRotation,350.1367,277.0085,356.8979,CurrentState,End,Slider,51,Scenario,5
ID,19,Time,1571.312,DronePosition,-20.40468,45,-107.379,0,CameraPosition,-103.2249,1.679334,-107.5037,CameraRotation,350.2029,276.9913,356.9053,CurrentState,End,Slider,51,Scenario,5
ID,19,Time,1571.326,DronePosition,-20.40468,45,-107.379,0,CameraPosition,-103.2251,1.679224,-107.5036,CameraRotation,350.2529,276.9769,356.8592,CurrentState,End,Slider,51,Scenario,5
ID,19,Time,1571.34,DronePosition,-20.40468,45,-107.379,0,CameraPosition,-103.2253,1.679094,-107.5035,CameraRotation,350.304,276.9494,356.785,CurrentState,End,Slider,51,Scenario,5
ID,19,Time,1571.354,DronePosition,-20.40468,45,-107.379,0,CameraPosition,-103.2255,1.679035,-107.5034,CameraRotation,350.3273,276.9198,356.7482,CurrentState,End,Slider,51,Scenario,5
ID,19,Time,1571.368,DronePosition,-20.40468,45,-107.379,0,CameraPosition,-103.2256,1.679028,-107.5033,CameraRotation,350.338,276.8913,356.7343,CurrentState,End,Slider,51,Scenario,5
ID,19,Time,1571.382,DronePosition,-20.40468,45,-107.379,0,CameraPosition,-103.2257,1.67903,-107.5032,CameraRotation,350.3157,276.8685,356.7448,CurrentState,End,Slider,51,Scenario,5
ID,19,Time,1571.4,DronePosition,-20.40468,45,-107.379,0,CameraPosition,-103.2258,1.679048,-107.5031,CameraRotation,350.3109,276.8582,356.7564,CurrentState,End,Slider,51,Scenario,5
ID,19,Time,1571.423,DronePosition,-20.40468,45,-107.379,0,CameraPosition,-103.226,1.679138,-107.5029,CameraRotation,350.3424,276.81,356.7511,CurrentState,End,Slider,51,Scenario,5
ID,19,Time,1571.437,DronePosition,-20.40468,45,-107.379,0,CameraPosition,-103.226,1.67913,-107.5029,CameraRotation,350.3831,276.8088,356.7102,CurrentState,End,Slider,51,Scenario,5
ID,19,Time,1571.451,DronePosition,-20.40468,45,-107.379,0,CameraPosition,-103.226,1.679045,-107.5028,CameraRotation,350.4307,276.8194,356.6256,CurrentState,End,Slider,51,Scenario,5
ID,19,Time,1571.465,DronePosition,-20.40468,45,-107.379,0,CameraPosition,-103.2259,1.678917,-107.5028,CameraRotation,350.4939,276.8174,356.6207,CurrentState,End,Slider,51,Scenario,5
ID,19,Time,1571.479,DronePosition,-20.40468,45,-107.379,0,CameraPosition,-103.2258,1.678803,-107.5028,CameraRotation,350.5632,276.8094,356.6133,CurrentState,End,Slider,51,Scenario,5
ID,19,Time,1571.493,DronePosition,-20.40468,45,-107.379,0,CameraPosition,-103.2257,1.678749,-107.5028,CameraRotation,350.5951,276.8074,356.5831,CurrentState,End,Slider,51,Scenario,5
ID,19,Time,1571.507,DronePosition,-20.40468,45,-107.379,0,CameraPosition,-103.2257,1.67874,-107.5027,CameraRotation,350.5974,276.8074,356.5789,CurrentState,End,Slider,51,Scenario,5
ID,19,Time,1571.521,DronePosition,-20.40468,45,-107.379,0,CameraPosition,-103.2256,1.678803,-107.5027,CameraRotation,350.5667,276.8287,356.5404,CurrentState,End,Slider,51,Scenario,5
ID,19,Time,1571.535,DronePosition,-20.40468,45,-107.379,0,CameraPosition,-103.2255,1.678829,-107.5027,CameraRotation,350.5111,276.8577,356.4785,CurrentState,End,Slider,51,Scenario,5
ID,19,Time,1571.548,DronePosition,-20.40468,45,-107.379,0,CameraPosition,-103.2254,1.678859,-107.5028,CameraRotation,350.4814,276.9102,356.3812,CurrentState,End,Slider,51,Scenario,5
ID,19,Time,1571.563,DronePosition,-20.40468,45,-107.379,0,CameraPosition,-103.2253,1.678888,-107.5028,CameraRotation,350.4443,276.9649,356.3249,CurrentState,End,Slider,51,Scenario,5
ID,19,Time,1571.576,DronePosition,-20.40468,45,-107.379,0,CameraPosition,-103.2252,1.678938,-107.5029,CameraRotation,350.3916,276.9849,356.2997,CurrentState,End,Slider,51,Scenario,5
ID,19,Time,1571.591,DronePosition,-20.40468,45,-107.379,0,CameraPosition,-103.225,1.679013,-107.5031,CameraRotation,350.3562,276.9676,356.3287,CurrentState,End,Slider,51,Scenario,5
ID,19,Time,1571.609,DronePosition,-20.40468,45,-107.379,0,CameraPosition,-103.2249,1.679115,-107.5033,CameraRotation,350.3599,276.8916,356.3887,CurrentState,End,Slider,51,Scenario,5
ID,19,Time,1571.632,DronePosition,-20.40468,45,-107.379,0,CameraPosition,-103.2247,1.679203,-107.5038,CameraRotation,350.3716,276.5955,356.4489,CurrentState,End,Slider,51,Scenario,5
ID,19,Time,1571.646,DronePosition,-20.40468,45,-107.379,0,CameraPosition,-103.2245,1.679146,-107.5042,CameraRotation,350.3894,276.4207,356.4394,CurrentState,End,Slider,51,Scenario,5
ID,19,Time,1571.66,DronePosition,-20.40468,45,-107.379,0,CameraPosition,-103.2244,1.679108,-107.5044,CameraRotation,350.4074,276.2549,356.4366,CurrentState,End,Slider,51,Scenario,5
ID,19,Time,1571.673,DronePosition,-20.40468,45,-107.379,0,CameraPosition,-103.2243,1.679118,-107.5046,CameraRotation,350.407,276.111,356.4461,CurrentState,End,Slider,51,Scenario,5
ID,19,Time,1571.688,DronePosition,-20.40468,45,-107.379,0,CameraPosition,-103.2242,1.679132,-107.5048,CameraRotation,350.4044,276.0005,356.4611,CurrentState,End,Slider,51,Scenario,5
ID,19,Time,1571.702,DronePosition,-20.40468,45,-107.379,0,CameraPosition,-103.2241,1.679175,-107.5049,CameraRotation,350.4102,275.9246,356.4839,CurrentState,End,Slider,51,Scenario,5
ID,19,Time,1571.717,DronePosition,-20.40468,45,-107.379,0,CameraPosition,-103.224,1.679223,-107.505,CameraRotation,350.4059,275.8796,356.4415,CurrentState,End,Slider,51,Scenario,5
ID,19,Time,1571.729,DronePosition,-20.40468,45,-107.379,0,CameraPosition,-103.2239,1.679261,-107.5051,CameraRotation,350.4164,275.8653,356.4076,CurrentState,End,Slider,51,Scenario,5
ID,19,Time,1571.743,DronePosition,-20.40468,45,-107.379,0,CameraPosition,-103.2237,1.679311,-107.5051,CameraRotation,350.4431,275.8575,356.4328,CurrentState,End,Slider,51,Scenario,5
ID,19,Time,1571.757,DronePosition,-20.40468,45,-107.379,0,CameraPosition,-103.2236,1.679351,-107.5051,CameraRotation,350.4695,275.8536,356.4686,CurrentState,End,Slider,51,Scenario,5
ID,19,Time,1571.771,DronePosition,-20.40468,45,-107.379,0,CameraPosition,-103.2235,1.679397,-107.5051,CameraRotation,350.5102,275.8427,356.5121,CurrentState,End,Slider,51,Scenario,5
ID,19,Time,1571.785,DronePosition,-20.40468,45,-107.379,0,CameraPosition,-103.2234,1.679407,-107.505,CameraRotation,350.5385,275.8624,356.534,CurrentState,End,Slider,51,Scenario,5
ID,19,Time,1571.799,DronePosition,-20.40468,45,-107.379,0,CameraPosition,-103.2234,1.679356,-107.5049,CameraRotation,350.5719,275.9217,356.5033,CurrentState,End,Slider,51,Scenario,5
ID,19,Time,1571.818,DronePosition,-20.40468,45,-107.379,0,CameraPosition,-103.2233,1.679311,-107.5048,CameraRotation,350.6009,275.9974,356.4381,CurrentState,End,Slider,51,Scenario,5
ID,19,Time,1571.841,DronePosition,-20.40468,45,-107.379,0,CameraPosition,-103.2232,1.679376,-107.5047,CameraRotation,350.5791,276.1352,356.3931,CurrentState,End,Slider,51,Scenario,5
ID,19,Time,1571.854,DronePosition,-20.40468,45,-107.379,0,CameraPosition,-103.2232,1.679501,-107.5046,CameraRotation,350.5543,276.1747,356.4085,CurrentState,End,Slider,51,Scenario,5
ID,19,Time,1571.869,DronePosition,-20.40468,45,-107.379,0,CameraPosition,-103.2232,1.679609,-107.5045,CameraRotation,350.5364,276.203,356.4284,CurrentState,End,Slider,51,Scenario,5
ID,19,Time,1571.883,DronePosition,-20.40468,45,-107.379,0,CameraPosition,-103.2232,1.679668,-107.5044,CameraRotation,350.5447,276.225,356.4368,CurrentState,End,Slider,51,Scenario,5
ID,19,Time,1571.896,DronePosition,-20.40468,45,-107.379,0,CameraPosition,-103.2232,1.67968,-107.5044,CameraRotation,350.583,276.2389,356.4253,CurrentState,End,Slider,51,Scenario,5
ID,19,Time,1571.91,DronePosition,-20.40468,45,-107.379,0,CameraPosition,-103.2232,1.679688,-107.5043,CameraRotation,350.6033,276.2541,356.3918,CurrentState,End,Slider,51,Scenario,5
ID,19,Time,1571.925,DronePosition,-20.40468,45,-107.379,0,CameraPosition,-103.2231,1.679731,-107.5043,CameraRotation,350.5902,276.2714,356.3522,CurrentState,End,Slider,51,Scenario,5
ID,19,Time,1571.938,DronePosition,-20.40468,45,-107.379,0,CameraPosition,-103.2231,1.679805,-107.5042,CameraRotation,350.5425,276.2925,356.3391,CurrentState,End,Slider,51,Scenario,5
ID,19,Time,1571.952,DronePosition,-20.40468,45,-107.379,0,CameraPosition,-103.2231,1.679905,-107.5041,CameraRotation,350.4884,276.3021,356.3374,CurrentState,End,Slider,51,Scenario,5
ID,19,Time,1571.966,DronePosition,-20.40468,45,-107.379,0,CameraPosition,-103.2232,1.680004,-107.504,CameraRotation,350.406,276.3252,356.3313,CurrentState,End,Slider,51,Scenario,5
ID,19,Time,1571.98,DronePosition,-20.40468,45,-107.379,0,CameraPosition,-103.2232,1.680094,-107.5038,CameraRotation,350.3185,276.3489,356.327,CurrentState,End,Slider,51,Scenario,5
ID,19,Time,1571.994,DronePosition,-20.40468,45,-107.379,0,CameraPosition,-103.2232,1.680179,-107.5037,CameraRotation,350.2538,276.391,356.31,CurrentState,End,Slider,51,Scenario,5
ID,19,Time,1572.009,DronePosition,-20.40468,45,-107.379,0,CameraPosition,-103.2232,1.680224,-107.5035,CameraRotation,350.2029,276.4278,356.2845,CurrentState,End,Slider,51,Scenario,5
ID,19,Time,1572.027,DronePosition,-20.40468,45,-107.379,0,CameraPosition,-103.2233,1.680239,-107.5033,CameraRotation,350.1775,276.4663,356.2648,CurrentState,End,Slider,51,Scenario,5
ID,19,Time,1572.049,DronePosition,-20.40468,45,-107.379,0,CameraPosition,-103.2234,1.680292,-107.5031,CameraRotation,350.1642,276.5512,356.2218,CurrentState,End,Slider,51,Scenario,5
ID,19,Time,1572.063,DronePosition,-20.40468,45,-107.379,0,CameraPosition,-103.2234,1.680313,-107.503,CameraRotation,350.1511,276.5968,356.2063,CurrentState,End,Slider,51,Scenario,5
ID,19,Time,1572.077,DronePosition,-20.40468,45,-107.379,0,CameraPosition,-103.2235,1.680327,-107.5029,CameraRotation,350.1413,276.6299,356.1966,CurrentState,End,Slider,51,Scenario,5
ID,19,Time,1572.091,DronePosition,-20.40468,45,-107.379,0,CameraPosition,-103.2235,1.680342,-107.5028,CameraRotation,350.1275,276.674,356.1758,CurrentState,End,Slider,51,Scenario,5
ID,19,Time,1572.106,DronePosition,-20.40468,45,-107.379,0,CameraPosition,-103.2236,1.680351,-107.5026,CameraRotation,350.1231,276.7155,356.1624,CurrentState,End,Slider,51,Scenario,5
ID,19,Time,1572.119,DronePosition,-20.40468,45,-107.379,0,CameraPosition,-103.2236,1.680363,-107.5024,CameraRotation,350.1307,276.7563,356.1584,CurrentState,End,Slider,51,Scenario,5
ID,19,Time,1572.133,DronePosition,-20.40468,45,-107.379,0,CameraPosition,-103.2237,1.680359,-107.5023,CameraRotation,350.1535,276.7962,356.1647,CurrentState,End,Slider,51,Scenario,5
ID,19,Time,1572.147,DronePosition,-20.40468,45,-107.379,0,CameraPosition,-103.2238,1.680323,-107.5021,CameraRotation,350.1766,276.8349,356.1593,CurrentState,End,Slider,51,Scenario,5
ID,19,Time,1572.161,DronePosition,-20.40468,45,-107.379,0,CameraPosition,-103.2238,1.680288,-107.502,CameraRotation,350.2158,276.8712,356.1558,CurrentState,End,Slider,51,Scenario,5
ID,19,Time,1572.175,DronePosition,-20.40468,45,-107.379,0,CameraPosition,-103.2239,1.680248,-107.5018,CameraRotation,350.2482,276.9008,356.1584,CurrentState,End,Slider,51,Scenario,5
ID,19,Time,1572.189,DronePosition,-20.40468,45,-107.379,0,CameraPosition,-103.224,1.680198,-107.5017,CameraRotation,350.2817,276.9351,356.1419,CurrentState,End,Slider,51,Scenario,5
ID,19,Time,1572.203,DronePosition,-20.40468,45,-107.379,0,CameraPosition,-103.2241,1.680179,-107.5016,CameraRotation,350.3155,276.9559,356.1149,CurrentState,End,Slider,51,Scenario,5
ID,19,Time,1572.217,DronePosition,-20.40468,45,-107.379,0,CameraPosition,-103.2242,1.680142,-107.5015,CameraRotation,350.3458,276.9883,356.1029,CurrentState,End,Slider,51,Scenario,5
ID,19,Time,1572.236,DronePosition,-20.40468,45,-107.379,0,CameraPosition,-103.2243,1.680082,-107.5014,CameraRotation,350.3884,277.0074,356.0986,CurrentState,End,Slider,51,Scenario,5
ID,19,Time,1572.258,DronePosition,-20.40468,45,-107.379,0,CameraPosition,-103.2246,1.679938,-107.5012,CameraRotation,350.4697,277.0345,356.0907,CurrentState,End,Slider,51,Scenario,5
ID,19,Time,1572.272,DronePosition,-20.40468,45,-107.379,0,CameraPosition,-103.2248,1.679886,-107.5011,CameraRotation,350.5131,277.0301,356.0963,CurrentState,End,Slider,51,Scenario,5
ID,19,Time,1572.286,DronePosition,-20.40468,45,-107.379,0,CameraPosition,-103.225,1.679797,-107.501,CameraRotation,350.5964,277.0126,356.1123,CurrentState,End,Slider,51,Scenario,5
ID,19,Time,1572.3,DronePosition,-20.40468,45,-107.379,0,CameraPosition,-103.2252,1.679668,-107.5009,CameraRotation,350.7133,276.9797,356.1201,CurrentState,End,Slider,51,Scenario,5
ID,19,Time,1572.314,DronePosition,-20.40468,45,-107.379,0,CameraPosition,-103.2253,1.679513,-107.5008,CameraRotation,350.8171,276.9706,356.1127,CurrentState,End,Slider,51,Scenario,5
ID,19,Time,1572.328,DronePosition,-20.40468,45,-107.379,0,CameraPosition,-103.2255,1.679417,-107.5007,CameraRotation,350.8967,276.9646,356.0587,CurrentState,End,Slider,51,Scenario,5
ID,19,Time,1572.342,DronePosition,-20.40468,45,-107.379,0,CameraPosition,-103.2257,1.679342,-107.5006,CameraRotation,350.9442,276.9799,355.9898,CurrentState,End,Slider,51,Scenario,5
ID,19,Time,1572.357,DronePosition,-20.40468,45,-107.379,0,CameraPosition,-103.2259,1.679297,-107.5005,CameraRotation,350.9892,276.9814,355.9607,CurrentState,End,Slider,51,Scenario,5
ID,19,Time,1572.37,DronePosition,-20.40468,45,-107.379,0,CameraPosition,-103.2261,1.679295,-107.5004,CameraRotation,351.035,276.9805,355.9586,CurrentState,End,Slider,51,Scenario,5
ID,19,Time,1572.384,DronePosition,-20.40468,45,-107.379,0,CameraPosition,-103.2262,1.679315,-107.5003,CameraRotation,351.0732,276.9621,355.9765,CurrentState,End,Slider,51,Scenario,5
ID,19,Time,1572.398,DronePosition,-20.40468,45,-107.379,0,CameraPosition,-103.2264,1.679234,-107.5002,CameraRotation,351.1214,276.9393,355.9963,CurrentState,End,Slider,51,Scenario,5
ID,19,Time,1572.412,DronePosition,-20.40468,45,-107.379,0,CameraPosition,-103.2266,1.679148,-107.5001,CameraRotation,351.1821,276.9308,355.9725,CurrentState,End,Slider,51,Scenario,5
ID,19,Time,1572.426,DronePosition,-20.40468,45,-107.379,0,CameraPosition,-103.2268,1.679031,-107.5,CameraRotation,351.2447,276.9138,355.977,CurrentState,End,Slider,51,Scenario,5
ID,19,Time,1572.445,DronePosition,-20.40468,45,-107.379,0,CameraPosition,-103.227,1.67894,-107.4999,CameraRotation,351.2903,276.9042,355.9786,CurrentState,End,Slider,51,Scenario,5
ID,19,Time,1572.467,DronePosition,-20.40468,45,-107.379,0,CameraPosition,-103.2274,1.678754,-107.4996,CameraRotation,351.3811,276.8868,355.9835,CurrentState,End,Slider,51,Scenario,5
ID,19,Time,1572.481,DronePosition,-20.40468,45,-107.379,0,CameraPosition,-103.2276,1.678624,-107.4995,CameraRotation,351.4427,276.8783,355.9733,CurrentState,End,Slider,51,Scenario,5
ID,19,Time,1572.495,DronePosition,-20.40468,45,-107.379,0,CameraPosition,-103.2278,1.678497,-107.4994,CameraRotation,351.5238,276.8788,355.9805,CurrentState,End,Slider,51,Scenario,5
ID,19,Time,1572.509,DronePosition,-20.40468,45,-107.379,0,CameraPosition,-103.2279,1.678392,-107.4993,CameraRotation,351.5758,276.8875,355.9929,CurrentState,End,Slider,51,Scenario,5
ID,19,Time,1572.523,DronePosition,-20.40468,45,-107.379,0,CameraPosition,-103.2281,1.678352,-107.4991,CameraRotation,351.6161,276.9088,355.9823,CurrentState,End,Slider,51,Scenario,5
ID,19,Time,1572.537,DronePosition,-20.40468,45,-107.379,0,CameraPosition,-103.2283,1.678332,-107.499,CameraRotation,351.6663,276.9221,355.9601,CurrentState,End,Slider,51,Scenario,5
ID,19,Time,1572.551,DronePosition,-20.40468,45,-107.379,0,CameraPosition,-103.2285,1.678288,-107.4989,CameraRotation,351.7204,276.9416,355.9603,CurrentState,End,Slider,51,Scenario,5
ID,19,Time,1572.565,DronePosition,-20.40468,45,-107.379,0,CameraPosition,-103.2287,1.678234,-107.4988,CameraRotation,351.7737,276.9604,355.9731,CurrentState,End,Slider,51,Scenario,5
ID,19,Time,1572.579,DronePosition,-20.40468,45,-107.379,0,CameraPosition,-103.2288,1.678192,-107.4987,CameraRotation,351.8087,276.9751,355.9901,CurrentState,End,Slider,51,Scenario,5
ID,19,Time,1572.593,DronePosition,-20.40468,45,-107.379,0,CameraPosition,-103.2289,1.678152,-107.4986,CameraRotation,351.8396,276.9842,356.0009,CurrentState,End,Slider,51,Scenario,5
ID,19,Time,1572.607,DronePosition,-20.40468,45,-107.379,0,CameraPosition,-103.2291,1.678097,-107.4986,CameraRotation,351.8888,276.9933,356.0106,CurrentState,End,Slider,51,Scenario,5
ID,19,Time,1572.62,DronePosition,-20.40468,45,-107.379,0,CameraPosition,-103.2292,1.678021,-107.4986,CameraRotation,351.9266,276.9955,356.0065,CurrentState,End,Slider,51,Scenario,5
ID,19,Time,1572.635,DronePosition,-20.40468,45,-107.379,0,CameraPosition,-103.2294,1.677941,-107.4986,CameraRotation,351.9627,276.9972,356.015,CurrentState,End,Slider,51,Scenario,5
ID,19,Time,1572.653,DronePosition,-20.40468,45,-107.379,0,CameraPosition,-103.2295,1.677888,-107.4986,CameraRotation,352.0052,276.9966,356.0287,CurrentState,End,Slider,51,Scenario,5
ID,19,Time,1572.676,DronePosition,-20.40468,45,-107.379,0,CameraPosition,-103.2297,1.677828,-107.4986,CameraRotation,352.0495,277.007,356.0626,CurrentState,End,Slider,51,Scenario,5
ID,19,Time,1572.69,DronePosition,-20.40468,45,-107.379,0,CameraPosition,-103.2298,1.677821,-107.4986,CameraRotation,352.0692,277.0045,356.0872,CurrentState,End,Slider,51,Scenario,5
ID,19,Time,1572.704,DronePosition,-20.40468,45,-107.379,0,CameraPosition,-103.2299,1.677818,-107.4985,CameraRotation,352.0913,276.9899,356.1159,CurrentState,End,Slider,51,Scenario,5
ID,19,Time,1572.718,DronePosition,-20.40468,45,-107.379,0,CameraPosition,-103.2299,1.677808,-107.4987,CameraRotation,352.1045,276.9785,356.1386,CurrentState,End,Slider,51,Scenario,5
ID,19,Time,1572.733,DronePosition,-20.40468,45,-107.379,0,CameraPosition,-103.2299,1.677823,-107.4988,CameraRotation,352.1169,276.9456,356.1684,CurrentState,End,Slider,51,Scenario,5
ID,19,Time,1572.746,DronePosition,-20.40468,45,-107.379,0,CameraPosition,-103.2299,1.677856,-107.499,CameraRotation,352.1216,276.9072,356.197,CurrentState,End,Slider,51,Scenario,5
ID,19,Time,1572.759,DronePosition,-20.40468,45,-107.379,0,CameraPosition,-103.2299,1.67787,-107.4991,CameraRotation,352.1152,276.8759,356.2437,CurrentState,End,Slider,51,Scenario,5
ID,19,Time,1572.773,DronePosition,-20.40468,45,-107.379,0,CameraPosition,-103.2299,1.677891,-107.4993,CameraRotation,352.1046,276.8417,356.2765,CurrentState,End,Slider,51,Scenario,5
ID,19,Time,1572.788,DronePosition,-20.40468,45,-107.379,0,CameraPosition,-103.2298,1.67792,-107.4995,CameraRotation,352.1012,276.8112,356.3023,CurrentState,End,Slider,51,Scenario,5
ID,19,Time,1572.802,DronePosition,-20.40468,45,-107.379,0,CameraPosition,-103.2297,1.67796,-107.4996,CameraRotation,352.0945,276.7871,356.3417,CurrentState,End,Slider,51,Scenario,5
ID,19,Time,1572.815,DronePosition,-20.40468,45,-107.379,0,CameraPosition,-103.2296,1.678009,-107.4998,CameraRotation,352.078,276.7562,356.3734,CurrentState,End,Slider,51,Scenario,5
ID,19,Time,1572.829,DronePosition,-20.40468,45,-107.379,0,CameraPosition,-103.2294,1.678065,-107.5,CameraRotation,352.068,276.7201,356.4054,CurrentState,End,Slider,51,Scenario,5
ID,19,Time,1572.843,DronePosition,-20.40468,45,-107.379,0,CameraPosition,-103.2293,1.678122,-107.5001,CameraRotation,352.0601,276.6801,356.4269,CurrentState,End,Slider,51,Scenario,5
ID,19,Time,1572.862,DronePosition,-20.40468,45,-107.379,0,CameraPosition,-103.2292,1.678211,-107.5003,CameraRotation,352.0511,276.6323,356.4479,CurrentState,End,Slider,51,Scenario,5
ID,19,Time,1572.885,DronePosition,-20.40468,45,-107.379,0,CameraPosition,-103.229,1.67859,-107.5008,CameraRotation,351.9021,276.3797,356.4589,CurrentState,End,Slider,51,Scenario,5
ID,19,Time,1572.898,DronePosition,-20.40468,45,-107.379,0,CameraPosition,-103.2289,1.67877,-107.5013,CameraRotation,351.7943,276.0495,356.3935,CurrentState,End,Slider,51,Scenario,5
ID,19,Time,1572.912,DronePosition,-20.40468,45,-107.379,0,CameraPosition,-103.2288,1.678857,-107.5018,CameraRotation,351.7285,275.6978,356.3507,CurrentState,End,Slider,51,Scenario,5
ID,19,Time,1572.926,DronePosition,-20.40468,45,-107.379,0,CameraPosition,-103.2287,1.678879,-107.5024,CameraRotation,351.6715,275.293,356.3273,CurrentState,End,Slider,51,Scenario,5
ID,19,Time,1572.94,DronePosition,-20.40468,45,-107.379,0,CameraPosition,-103.2287,1.678962,-107.503,CameraRotation,351.5757,274.9157,356.3245,CurrentState,End,Slider,51,Scenario,5
ID,19,Time,1572.955,DronePosition,-20.40468,45,-107.379,0,CameraPosition,-103.2286,1.67921,-107.5036,CameraRotation,351.4017,274.4748,356.31,CurrentState,End,Slider,51,Scenario,5
ID,19,Time,1572.969,DronePosition,-20.40468,45,-107.379,0,CameraPosition,-103.2286,1.679499,-107.5043,CameraRotation,351.1937,273.966,356.2603,CurrentState,End,Slider,51,Scenario,5
ID,19,Time,1572.983,DronePosition,-20.40468,45,-107.379,0,CameraPosition,-103.2285,1.679743,-107.5051,CameraRotation,351.0091,273.4002,356.1911,CurrentState,End,Slider,51,Scenario,5
ID,19,Time,1572.996,DronePosition,-20.40468,45,-107.379,0,CameraPosition,-103.2284,1.679949,-107.506,CameraRotation,350.8918,272.8553,356.1625,CurrentState,End,Slider,51,Scenario,5
ID,19,Time,1573.01,DronePosition,-20.40468,45,-107.379,0,CameraPosition,-103.2282,1.680179,-107.5068,CameraRotation,350.7811,272.348,356.1703,CurrentState,End,Slider,51,Scenario,5
ID,19,Time,1573.024,DronePosition,-20.40468,45,-107.379,0,CameraPosition,-103.228,1.680441,-107.5078,CameraRotation,350.6376,271.8215,356.1913,CurrentState,End,Slider,51,Scenario,5
ID,19,Time,1573.038,DronePosition,-20.40468,45,-107.379,0,CameraPosition,-103.2278,1.68065,-107.5086,CameraRotation,350.4969,271.2762,356.2598,CurrentState,End,Slider,51,Scenario,5
ID,19,Time,1573.052,DronePosition,-20.40468,45,-107.379,0,CameraPosition,-103.2275,1.680788,-107.5095,CameraRotation,350.4053,270.7332,356.3947,CurrentState,End,Slider,51,Scenario,5
ID,19,Time,1573.071,DronePosition,-20.40468,45,-107.379,0,CameraPosition,-103.2272,1.680843,-107.5103,CameraRotation,350.3675,270.226,356.5381,CurrentState,End,Slider,51,Scenario,5
ID,19,Time,1573.093,DronePosition,-20.40468,45,-107.379,0,CameraPosition,-103.2265,1.680948,-107.512,CameraRotation,350.2942,269.3123,356.7489,CurrentState,End,Slider,51,Scenario,5
ID,19,Time,1573.107,DronePosition,-20.40468,45,-107.379,0,CameraPosition,-103.2261,1.681071,-107.5128,CameraRotation,350.2188,268.8878,356.8638,CurrentState,End,Slider,51,Scenario,5
ID,19,Time,1573.121,DronePosition,-20.40468,45,-107.379,0,CameraPosition,-103.2257,1.681227,-107.5136,CameraRotation,350.1274,268.4778,356.9536,CurrentState,End,Slider,51,Scenario,5
ID,19,Time,1573.135,DronePosition,-20.40468,45,-107.379,0,CameraPosition,-103.2253,1.681379,-107.5143,CameraRotation,350.0383,268.1087,357.0562,CurrentState,End,Slider,51,Scenario,5
ID,19,Time,1573.149,DronePosition,-20.40468,45,-107.379,0,CameraPosition,-103.2249,1.681506,-107.515,CameraRotation,349.9485,267.7706,357.1706,CurrentState,End,Slider,51,Scenario,5
ID,19,Time,1573.163,DronePosition,-20.40468,45,-107.379,0,CameraPosition,-103.2246,1.68164,-107.5156,CameraRotation,349.8715,267.4638,357.2597,CurrentState,End,Slider,51,Scenario,5
ID,19,Time,1573.177,DronePosition,-20.40468,45,-107.379,0,CameraPosition,-103.2242,1.681754,-107.5162,CameraRotation,349.793,267.1978,357.3206,CurrentState,End,Slider,51,Scenario,5
ID,19,Time,1573.191,DronePosition,-20.40468,45,-107.379,0,CameraPosition,-103.2238,1.681861,-107.5168,CameraRotation,349.739,266.9771,357.3505,CurrentState,End,Slider,51,Scenario,5
ID,19,Time,1573.205,DronePosition,-20.40468,45,-107.379,0,CameraPosition,-103.2234,1.681936,-107.5173,CameraRotation,349.6939,266.7969,357.3703,CurrentState,End,Slider,51,Scenario,5
ID,19,Time,1573.219,DronePosition,-20.40468,45,-107.379,0,CameraPosition,-103.223,1.681986,-107.5177,CameraRotation,349.6619,266.635,357.402,CurrentState,End,Slider,51,Scenario,5
ID,19,Time,1573.233,DronePosition,-20.40468,45,-107.379,0,CameraPosition,-103.2226,1.682013,-107.5181,CameraRotation,349.6349,266.5082,357.4489,CurrentState,End,Slider,51,Scenario,5
ID,19,Time,1573.247,DronePosition,-20.40468,45,-107.379,0,CameraPosition,-103.2222,1.682022,-107.5184,CameraRotation,349.6105,266.4036,357.5037,CurrentState,End,Slider,51,Scenario,5
ID,19,Time,1573.261,DronePosition,-20.40468,45,-107.379,0,CameraPosition,-103.2219,1.682018,-107.5187,CameraRotation,349.5899,266.3503,357.5473,CurrentState,End,Slider,51,Scenario,5
ID,19,Time,1573.28,DronePosition,-20.40468,45,-107.379,0,CameraPosition,-103.2215,1.682034,-107.519,CameraRotation,349.5629,266.3159,357.5786,CurrentState,End,Slider,51,Scenario,5
ID,19,Time,1573.302,DronePosition,-20.40468,45,-107.379,0,CameraPosition,-103.2208,1.682141,-107.5195,CameraRotation,349.4807,266.3011,357.6571,CurrentState,End,Slider,51,Scenario,5
ID,19,Time,1573.316,DronePosition,-20.40468,45,-107.379,0,CameraPosition,-103.2205,1.68222,-107.5197,CameraRotation,349.4253,266.3041,357.701,CurrentState,End,Slider,51,Scenario,5
ID,19,Time,1573.33,DronePosition,-20.40468,45,-107.379,0,CameraPosition,-103.2202,1.682307,-107.5199,CameraRotation,349.3801,266.3068,357.7514,CurrentState,End,Slider,51,Scenario,5
ID,19,Time,1573.344,DronePosition,-20.40468,45,-107.379,0,CameraPosition,-103.2199,1.682365,-107.5201,CameraRotation,349.3618,266.3018,357.8001,CurrentState,End,Slider,51,Scenario,5
ID,19,Time,1573.358,DronePosition,-20.40468,45,-107.379,0,CameraPosition,-103.2196,1.682352,-107.5203,CameraRotation,349.3719,266.3123,357.8228,CurrentState,End,Slider,51,Scenario,5
ID,19,Time,1573.372,DronePosition,-20.40468,45,-107.379,0,CameraPosition,-103.2193,1.682316,-107.5205,CameraRotation,349.4142,266.3302,357.8595,CurrentState,End,Slider,51,Scenario,5
ID,19,Time,1573.386,DronePosition,-20.40468,45,-107.379,0,CameraPosition,-103.219,1.682268,-107.5206,CameraRotation,349.4741,266.3682,357.8898,CurrentState,End,Slider,51,Scenario,5
ID,19,Time,1573.4,DronePosition,-20.40468,45,-107.379,0,CameraPosition,-103.2187,1.682211,-107.5208,CameraRotation,349.5141,266.3961,357.9199,CurrentState,End,Slider,51,Scenario,5
ID,19,Time,1573.414,DronePosition,-20.40468,45,-107.379,0,CameraPosition,-103.2185,1.682164,-107.5209,CameraRotation,349.5514,266.4552,357.9536,CurrentState,End,Slider,51,Scenario,5
ID,19,Time,1573.428,DronePosition,-20.40468,45,-107.379,0,CameraPosition,-103.2183,1.682132,-107.5209,CameraRotation,349.561,266.5194,357.9765,CurrentState,End,Slider,51,Scenario,5
ID,19,Time,1573.442,DronePosition,-20.40468,45,-107.379,0,CameraPosition,-103.2181,1.682115,-107.521,CameraRotation,349.5712,266.5886,357.9937,CurrentState,End,Slider,51,Scenario,5
ID,19,Time,1573.456,DronePosition,-20.40468,45,-107.379,0,CameraPosition,-103.2178,1.682096,-107.521,CameraRotation,349.5842,266.6741,358.0136,CurrentState,End,Slider,51,Scenario,5
ID,19,Time,1573.47,DronePosition,-20.40468,45,-107.379,0,CameraPosition,-103.2176,1.682076,-107.521,CameraRotation,349.6065,266.7511,358.0382,CurrentState,End,Slider,51,Scenario,5
ID,19,Time,1573.489,DronePosition,-20.40468,45,-107.379,0,CameraPosition,-103.2174,1.682101,-107.5211,CameraRotation,349.6231,266.8276,358.0494,CurrentState,End,Slider,51,Scenario,5
ID,19,Time,1573.511,DronePosition,-20.40468,45,-107.379,0,CameraPosition,-103.217,1.682261,-107.5211,CameraRotation,349.5772,266.9662,358.067,CurrentState,End,Slider,51,Scenario,5
ID,19,Time,1573.525,DronePosition,-20.40468,45,-107.379,0,CameraPosition,-103.2169,1.682359,-107.5211,CameraRotation,349.5278,267.0243,358.0679,CurrentState,End,Slider,51,Scenario,5
ID,19,Time,1573.539,DronePosition,-20.40468,45,-107.379,0,CameraPosition,-103.2167,1.682454,-107.5212,CameraRotation,349.4634,267.0836,358.0767,CurrentState,End,Slider,51,Scenario,5
ID,19,Time,1573.553,DronePosition,-20.40468,45,-107.379,0,CameraPosition,-103.2166,1.682504,-107.5212,CameraRotation,349.4254,267.1284,358.0795,CurrentState,End,Slider,51,Scenario,5
ID,19,Time,1573.567,DronePosition,-20.40468,45,-107.379,0,CameraPosition,-103.2165,1.682501,-107.5213,CameraRotation,349.4143,267.1699,358.0701,CurrentState,End,Slider,51,Scenario,5
ID,19,Time,1573.581,DronePosition,-20.40468,45,-107.379,0,CameraPosition,-103.2164,1.682485,-107.5213,CameraRotation,349.3947,267.216,358.0783,CurrentState,End,Slider,51,Scenario,5
ID,19,Time,1573.595,DronePosition,-20.40468,45,-107.379,0,CameraPosition,-103.2162,1.682512,-107.5213,CameraRotation,349.3749,267.2604,358.1095,CurrentState,End,Slider,51,Scenario,5
ID,19,Time,1573.609,DronePosition,-20.40468,45,-107.379,0,CameraPosition,-103.2162,1.682549,-107.5213,CameraRotation,349.3367,267.3145,358.1548,CurrentState,End,Slider,51,Scenario,5
ID,19,Time,1573.623,DronePosition,-20.40468,45,-107.379,0,CameraPosition,-103.2161,1.682651,-107.5213,CameraRotation,349.2899,267.3768,358.2019,CurrentState,End,Slider,51,Scenario,5
ID,19,Time,1573.637,DronePosition,-20.40468,45,-107.379,0,CameraPosition,-103.2161,1.682797,-107.5213,CameraRotation,349.214,267.4622,358.1986,CurrentState,End,Slider,51,Scenario,5
ID,19,Time,1573.651,DronePosition,-20.40468,45,-107.379,0,CameraPosition,-103.2161,1.682926,-107.5212,CameraRotation,349.1374,267.5562,358.154,CurrentState,End,Slider,51,Scenario,5
ID,19,Time,1573.665,DronePosition,-20.40468,45,-107.379,0,CameraPosition,-103.2161,1.683014,-107.5212,CameraRotation,349.116,267.6706,358.1385,CurrentState,End,Slider,51,Scenario,5
ID,19,Time,1573.679,DronePosition,-20.40468,45,-107.379,0,CameraPosition,-103.2161,1.683053,-107.5211,CameraRotation,349.101,267.7906,358.1492,CurrentState,End,Slider,51,Scenario,5
ID,19,Time,1573.697,DronePosition,-20.40468,45,-107.379,0,CameraPosition,-103.2161,1.683089,-107.521,CameraRotation,349.1081,267.916,358.1761,CurrentState,End,Slider,51,Scenario,5
ID,19,Time,1573.719,DronePosition,-20.40468,45,-107.379,0,CameraPosition,-103.2161,1.683086,-107.5207,CameraRotation,349.0854,268.2052,358.2603,CurrentState,End,Slider,51,Scenario,5
ID,19,Time,1573.734,DronePosition,-20.40468,45,-107.379,0,CameraPosition,-103.2162,1.683104,-107.5205,CameraRotation,349.0465,268.4018,358.3126,CurrentState,End,Slider,51,Scenario,5
ID,19,Time,1573.748,DronePosition,-20.40468,45,-107.379,0,CameraPosition,-103.2162,1.683123,-107.5203,CameraRotation,349.0031,268.6104,358.3624,CurrentState,End,Slider,51,Scenario,5
ID,19,Time,1573.762,DronePosition,-20.40468,45,-107.379,0,CameraPosition,-103.2163,1.683145,-107.5201,CameraRotation,348.9761,268.8546,358.3885,CurrentState,End,Slider,51,Scenario,5
ID,19,Time,1573.776,DronePosition,-20.40468,45,-107.379,0,CameraPosition,-103.2163,1.683149,-107.5198,CameraRotation,348.9555,269.1025,358.4027,CurrentState,End,Slider,51,Scenario,5
ID,19,Time,1573.79,DronePosition,-20.40468,45,-107.379,0,CameraPosition,-103.2164,1.683148,-107.5195,CameraRotation,348.9398,269.3636,358.4008,CurrentState,End,Slider,51,Scenario,5
ID,19,Time,1573.804,DronePosition,-20.40468,45,-107.379,0,CameraPosition,-103.2164,1.683229,-107.5193,CameraRotation,348.9465,269.6142,358.4061,CurrentState,End,Slider,51,Scenario,5
ID,19,Time,1573.818,DronePosition,-20.40468,45,-107.379,0,CameraPosition,-103.2165,1.683314,-107.519,CameraRotation,348.9417,269.8717,358.4197,CurrentState,End,Slider,51,Scenario,5
ID,19,Time,1573.831,DronePosition,-20.40468,45,-107.379,0,CameraPosition,-103.2166,1.683374,-107.5187,CameraRotation,348.9395,270.1344,358.4186,CurrentState,End,Slider,51,Scenario,5
ID,19,Time,1573.845,DronePosition,-20.40468,45,-107.379,0,CameraPosition,-103.2166,1.683398,-107.5184,CameraRotation,348.9398,270.3828,358.3974,CurrentState,End,Slider,51,Scenario,5
ID,19,Time,1573.859,DronePosition,-20.40468,45,-107.379,0,CameraPosition,-103.2167,1.68341,-107.5181,CameraRotation,348.9503,270.631,358.3736,CurrentState,End,Slider,51,Scenario,5
ID,19,Time,1573.874,DronePosition,-20.40468,45,-107.379,0,CameraPosition,-103.2167,1.683426,-107.5178,CameraRotation,348.957,270.8924,358.3838,CurrentState,End,Slider,51,Scenario,5
ID,19,Time,1573.887,DronePosition,-20.40468,45,-107.379,0,CameraPosition,-103.2168,1.683435,-107.5175,CameraRotation,348.9586,271.1371,358.3889,CurrentState,End,Slider,51,Scenario,5
ID,19,Time,1573.906,DronePosition,-20.40468,45,-107.379,0,CameraPosition,-103.2168,1.683432,-107.5172,CameraRotation,348.9734,271.3806,358.3919,CurrentState,End,Slider,51,Scenario,5
ID,19,Time,1573.929,DronePosition,-20.40468,45,-107.379,0,CameraPosition,-103.2167,1.683387,-107.5166,CameraRotation,349.0141,271.8328,358.3766,CurrentState,End,Slider,51,Scenario,5
ID,19,Time,1573.942,DronePosition,-20.40468,45,-107.379,0,CameraPosition,-103.2167,1.683361,-107.5163,CameraRotation,349.0251,272.0742,358.3777,CurrentState,End,Slider,51,Scenario,5
ID,19,Time,1573.957,DronePosition,-20.40468,45,-107.379,0,CameraPosition,-103.2166,1.683369,-107.5159,CameraRotation,349.032,272.3249,358.3819,CurrentState,End,Slider,51,Scenario,5
ID,19,Time,1573.97,DronePosition,-20.40468,45,-107.379,0,CameraPosition,-103.2166,1.683391,-107.5156,CameraRotation,349.0114,272.5893,358.3734,CurrentState,End,Slider,51,Scenario,5
ID,19,Time,1573.985,DronePosition,-20.40468,45,-107.379,0,CameraPosition,-103.2165,1.683444,-107.5152,CameraRotation,348.9647,272.8671,358.3678,CurrentState,End,Slider,51,Scenario,5
ID,19,Time,1573.998,DronePosition,-20.40468,45,-107.379,0,CameraPosition,-103.2164,1.683525,-107.5147,CameraRotation,348.9107,273.1537,358.3571,CurrentState,End,Slider,51,Scenario,5
ID,19,Time,1574.012,DronePosition,-20.40468,45,-107.379,0,CameraPosition,-103.2163,1.683598,-107.5143,CameraRotation,348.8652,273.4415,358.3425,CurrentState,End,Slider,51,Scenario,5
ID,19,Time,1574.026,DronePosition,-20.40468,45,-107.379,0,CameraPosition,-103.2162,1.68369,-107.5138,CameraRotation,348.8011,273.7551,358.2947,CurrentState,End,Slider,51,Scenario,5
ID,19,Time,1574.041,DronePosition,-20.40468,45,-107.379,0,CameraPosition,-103.2161,1.683806,-107.5133,CameraRotation,348.7276,274.0718,358.2617,CurrentState,End,Slider,51,Scenario,5
ID,19,Time,1574.055,DronePosition,-20.40468,45,-107.379,0,CameraPosition,-103.216,1.683939,-107.5128,CameraRotation,348.645,274.41,358.2301,CurrentState,End,Slider,51,Scenario,5
ID,19,Time,1574.069,DronePosition,-20.40468,45,-107.379,0,CameraPosition,-103.2158,1.684057,-107.5123,CameraRotation,348.5714,274.7631,358.1806,CurrentState,End,Slider,51,Scenario,5
ID,19,Time,1574.082,DronePosition,-20.40468,45,-107.379,0,CameraPosition,-103.2156,1.684147,-107.5117,CameraRotation,348.5285,275.124,358.1307,CurrentState,End,Slider,51,Scenario,5
ID,19,Time,1574.096,DronePosition,-20.40468,45,-107.379,0,CameraPosition,-103.2155,1.68421,-107.5112,CameraRotation,348.4822,275.5006,358.0792,CurrentState,End,Slider,51,Scenario,5
ID,19,Time,1574.115,DronePosition,-20.40468,45,-107.379,0,CameraPosition,-103.2153,1.684291,-107.5106,CameraRotation,348.4477,275.8561,358.0327,CurrentState,End,Slider,51,Scenario,5
ID,19,Time,1574.137,DronePosition,-20.40468,45,-107.379,0,CameraPosition,-103.2149,1.684403,-107.5094,CameraRotation,348.3839,276.5315,357.9435,CurrentState,End,Slider,51,Scenario,5
ID,19,Time,1574.152,DronePosition,-20.40468,45,-107.379,0,CameraPosition,-103.2147,1.684441,-107.5089,CameraRotation,348.3436,276.8428,357.9118,CurrentState,End,Slider,51,Scenario,5
ID,19,Time,1574.165,DronePosition,-20.40468,45,-107.379,0,CameraPosition,-103.2146,1.684481,-107.5085,CameraRotation,348.3169,277.1195,357.8791,CurrentState,End,Slider,51,Scenario,5
ID,19,Time,1574.179,DronePosition,-20.40468,45,-107.379,0,CameraPosition,-103.2144,1.684498,-107.508,CameraRotation,348.3026,277.3356,357.8656,CurrentState,End,Slider,51,Scenario,5
ID,19,Time,1574.193,DronePosition,-20.40468,45,-107.379,0,CameraPosition,-103.2143,1.684527,-107.5077,CameraRotation,348.2972,277.5341,357.8526,CurrentState,End,Slider,51,Scenario,5
ID,19,Time,1574.208,DronePosition,-20.40468,45,-107.379,0,CameraPosition,-103.2142,1.684567,-107.5074,CameraRotation,348.2884,277.6843,357.8525,CurrentState,End,Slider,51,Scenario,5
ID,19,Time,1574.221,DronePosition,-20.40468,45,-107.379,0,CameraPosition,-103.2141,1.684638,-107.5071,CameraRotation,348.2675,277.8194,357.8578,CurrentState,End,Slider,51,Scenario,5
ID,19,Time,1574.235,DronePosition,-20.40468,45,-107.379,0,CameraPosition,-103.214,1.684689,-107.5068,CameraRotation,348.2297,277.9277,357.8715,CurrentState,End,Slider,51,Scenario,5
ID,19,Time,1574.249,DronePosition,-20.40468,45,-107.379,0,CameraPosition,-103.2139,1.684767,-107.5067,CameraRotation,348.2229,277.9642,357.9019,CurrentState,End,Slider,51,Scenario,5
ID,19,Time,1574.264,DronePosition,-20.40468,45,-107.379,0,CameraPosition,-103.2139,1.684855,-107.5065,CameraRotation,348.2082,277.9565,357.9499,CurrentState,End,Slider,51,Scenario,5
ID,19,Time,1574.277,DronePosition,-20.40468,45,-107.379,0,CameraPosition,-103.2138,1.684945,-107.5065,CameraRotation,348.2037,277.934,357.9631,CurrentState,End,Slider,51,Scenario,5
ID,19,Time,1574.291,DronePosition,-20.40468,45,-107.379,0,CameraPosition,-103.2138,1.684986,-107.5065,CameraRotation,348.2061,277.8491,357.9669,CurrentState,End,Slider,51,Scenario,5
ID,19,Time,1574.305,DronePosition,-20.40468,45,-107.379,0,CameraPosition,-103.2138,1.685061,-107.5066,CameraRotation,348.2334,277.7464,357.9748,CurrentState,End,Slider,51,Scenario,5
ID,19,Time,1574.324,DronePosition,-20.40468,45,-107.379,0,CameraPosition,-103.2138,1.685123,-107.5066,CameraRotation,348.2466,277.6556,358.0097,CurrentState,End,Slider,51,Scenario,5
ID,19,Time,1574.347,DronePosition,-20.40468,45,-107.379,0,CameraPosition,-103.2138,1.68519,-107.5066,CameraRotation,348.2355,277.4586,358.0838,CurrentState,End,Slider,51,Scenario,5
ID,19,Time,1574.36,DronePosition,-20.40468,45,-107.379,0,CameraPosition,-103.2138,1.685182,-107.5066,CameraRotation,348.2402,277.3892,358.0855,CurrentState,End,Slider,51,Scenario,5
ID,19,Time,1574.375,DronePosition,-20.40468,45,-107.379,0,CameraPosition,-103.2139,1.685139,-107.5066,CameraRotation,348.2298,277.3599,358.0589,CurrentState,End,Slider,51,Scenario,5
ID,19,Time,1574.389,DronePosition,-20.40468,45,-107.379,0,CameraPosition,-103.2139,1.685124,-107.5065,CameraRotation,348.2121,277.3508,358.0499,CurrentState,End,Slider,51,Scenario,5
ID,19,Time,1574.402,DronePosition,-20.40468,45,-107.379,0,CameraPosition,-103.2139,1.685133,-107.5064,CameraRotation,348.1839,277.3702,358.0289,CurrentState,End,Slider,51,Scenario,5
ID,19,Time,1574.416,DronePosition,-20.40468,45,-107.379,0,CameraPosition,-103.2139,1.685144,-107.5063,CameraRotation,348.1514,277.3916,358.0098,CurrentState,End,Slider,51,Scenario,5
ID,19,Time,1574.431,DronePosition,-20.40468,45,-107.379,0,CameraPosition,-103.214,1.685163,-107.5062,CameraRotation,348.1134,277.425,358.0017,CurrentState,End,Slider,51,Scenario,5
ID,19,Time,1574.444,DronePosition,-20.40468,45,-107.379,0,CameraPosition,-103.2141,1.685198,-107.506,CameraRotation,348.1025,277.4643,358.0095,CurrentState,End,Slider,51,Scenario,5
ID,19,Time,1574.458,DronePosition,-20.40468,45,-107.379,0,CameraPosition,-103.2142,1.685234,-107.5059,CameraRotation,348.0817,277.4958,358.0198,CurrentState,End,Slider,51,Scenario,5
ID,19,Time,1574.472,DronePosition,-20.40468,45,-107.379,0,CameraPosition,-103.2143,1.685245,-107.5057,CameraRotation,348.0824,277.5228,358.0017,CurrentState,End,Slider,51,Scenario,5
ID,19,Time,1574.486,DronePosition,-20.40468,45,-107.379,0,CameraPosition,-103.2143,1.685231,-107.5056,CameraRotation,348.122,277.5485,357.9659,CurrentState,End,Slider,51,Scenario,5
ID,19,Time,1574.5,DronePosition,-20.40468,45,-107.379,0,CameraPosition,-103.2144,1.685212,-107.5055,CameraRotation,348.1389,277.5724,357.9542,CurrentState,End,Slider,51,Scenario,5
ID,19,Time,1574.516,DronePosition,-20.40468,45,-107.379,0,CameraPosition,-103.2144,1.685222,-107.5054,CameraRotation,348.1403,277.5834,357.9442,CurrentState,End,Slider,51,Scenario,5
ID,19,Time,1574.533,DronePosition,-20.40468,45,-107.379,0,CameraPosition,-103.2146,1.685228,-107.5053,CameraRotation,348.1222,277.5972,357.9297,CurrentState,End,Slider,51,Scenario,5
ID,19,Time,1574.555,DronePosition,-20.40468,45,-107.379,0,CameraPosition,-103.2147,1.685269,-107.5052,CameraRotation,348.1272,277.6079,357.9305,CurrentState,End,Slider,51,Scenario,5
ID,19,Time,1574.569,DronePosition,-20.40468,45,-107.379,0,CameraPosition,-103.2148,1.68529,-107.5052,CameraRotation,348.1287,277.5961,357.9318,CurrentState,End,Slider,51,Scenario,5
ID,19,Time,1574.583,DronePosition,-20.40468,45,-107.379,0,CameraPosition,-103.2149,1.685301,-107.5051,CameraRotation,348.1382,277.5824,357.9493,CurrentState,End,Slider,51,Scenario,5
ID,19,Time,1574.597,DronePosition,-20.40468,45,-107.379,0,CameraPosition,-103.215,1.685296,-107.505,CameraRotation,348.1655,277.5601,357.9727,CurrentState,End,Slider,51,Scenario,5
ID,19,Time,1574.611,DronePosition,-20.40468,45,-107.379,0,CameraPosition,-103.215,1.685299,-107.5049,CameraRotation,348.1649,277.5341,358.0052,CurrentState,End,Slider,51,Scenario,5
ID,19,Time,1574.625,DronePosition,-20.40468,45,-107.379,0,CameraPosition,-103.2152,1.685334,-107.5047,CameraRotation,348.1323,277.5229,358.0444,CurrentState,End,Slider,51,Scenario,5
ID,19,Time,1574.639,DronePosition,-20.40468,45,-107.379,0,CameraPosition,-103.2153,1.685399,-107.5045,CameraRotation,348.0838,277.5151,358.0653,CurrentState,End,Slider,51,Scenario,5
ID,19,Time,1574.653,DronePosition,-20.40468,45,-107.379,0,CameraPosition,-103.2155,1.685447,-107.5043,CameraRotation,348.0742,277.5299,358.037,CurrentState,End,Slider,51,Scenario,5
ID,19,Time,1574.667,DronePosition,-20.40468,45,-107.379,0,CameraPosition,-103.2157,1.685479,-107.5041,CameraRotation,348.1365,277.5416,357.981,CurrentState,End,Slider,51,Scenario,5
ID,19,Time,1574.681,DronePosition,-20.40468,45,-107.379,0,CameraPosition,-103.2158,1.685476,-107.5039,CameraRotation,348.2439,277.5515,357.9184,CurrentState,End,Slider,51,Scenario,5
ID,19,Time,1574.695,DronePosition,-20.40468,45,-107.379,0,CameraPosition,-103.216,1.685467,-107.5038,CameraRotation,348.3512,277.5469,357.8683,CurrentState,End,Slider,51,Scenario,5
ID,19,Time,1574.709,DronePosition,-20.40468,45,-107.379,0,CameraPosition,-103.2161,1.685399,-107.5037,CameraRotation,348.4508,277.5026,357.8595,CurrentState,End,Slider,51,Scenario,5
ID,19,Time,1574.723,DronePosition,-20.40468,45,-107.379,0,CameraPosition,-103.2163,1.685341,-107.5037,CameraRotation,348.5671,277.4224,357.8671,CurrentState,End,Slider,51,Scenario,5
ID,19,Time,1574.742,DronePosition,-20.40468,45,-107.379,0,CameraPosition,-103.2164,1.685299,-107.5038,CameraRotation,348.6621,277.3152,357.8955,CurrentState,End,Slider,51,Scenario,5
ID,19,Time,1574.765,DronePosition,-20.40468,45,-107.379,0,CameraPosition,-103.2166,1.685193,-107.504,CameraRotation,348.8238,277.0566,357.9683,CurrentState,End,Slider,51,Scenario,5
ID,19,Time,1574.778,DronePosition,-20.40468,45,-107.379,0,CameraPosition,-103.2166,1.685126,-107.5042,CameraRotation,348.9152,276.9357,358.01,CurrentState,End,Slider,51,Scenario,5
ID,19,Time,1574.792,DronePosition,-20.40468,45,-107.379,0,CameraPosition,-103.2166,1.685045,-107.5043,CameraRotation,349.0182,276.8089,358.0572,CurrentState,End,Slider,51,Scenario,5
ID,19,Time,1574.806,DronePosition,-20.40468,45,-107.379,0,CameraPosition,-103.2166,1.684991,-107.5045,CameraRotation,349.1114,276.6702,358.11,CurrentState,End,Slider,51,Scenario,5
ID,19,Time,1574.82,DronePosition,-20.40468,45,-107.379,0,CameraPosition,-103.2166,1.684935,-107.5048,CameraRotation,349.187,276.5301,358.158,CurrentState,End,Slider,51,Scenario,5
ID,19,Time,1574.834,DronePosition,-20.40468,45,-107.379,0,CameraPosition,-103.2166,1.684889,-107.5051,CameraRotation,349.2575,276.3794,358.1826,CurrentState,End,Slider,51,Scenario,5
ID,19,Time,1574.848,DronePosition,-20.40468,45,-107.379,0,CameraPosition,-103.2166,1.684816,-107.5054,CameraRotation,349.2968,276.2439,358.205,CurrentState,End,Slider,51,Scenario,5
ID,19,Time,1574.862,DronePosition,-20.40468,45,-107.379,0,CameraPosition,-103.2166,1.68473,-107.5058,CameraRotation,349.3253,276.0967,358.2233,CurrentState,End,Slider,51,Scenario,5
ID,19,Time,1574.876,DronePosition,-20.40468,45,-107.379,0,CameraPosition,-103.2166,1.684733,-107.5061,CameraRotation,349.3288,275.9379,358.2283,CurrentState,End,Slider,51,Scenario,5
ID,19,Time,1574.89,DronePosition,-20.40468,45,-107.379,0,CameraPosition,-103.2166,1.684778,-107.5064,CameraRotation,349.2968,275.7874,358.2366,CurrentState,End,Slider,51,Scenario,5
ID,19,Time,1574.904,DronePosition,-20.40468,45,-107.379,0,CameraPosition,-103.2167,1.684864,-107.5067,CameraRotation,349.2237,275.6327,358.1881,CurrentState,End,Slider,51,Scenario,5
ID,19,Time,1574.918,DronePosition,-20.40468,45,-107.379,0,CameraPosition,-103.2167,1.684914,-107.507,CameraRotation,349.1938,275.485,358.1218,CurrentState,End,Slider,51,Scenario,5
ID,19,Time,1574.932,DronePosition,-20.40468,45,-107.379,0,CameraPosition,-103.2168,1.684922,-107.5073,CameraRotation,349.1929,275.3218,358.0938,CurrentState,End,Slider,51,Scenario,5
ID,19,Time,1574.95,DronePosition,-20.40468,45,-107.379,0,CameraPosition,-103.2168,1.684928,-107.5076,CameraRotation,349.1913,275.1506,358.0972,CurrentState,End,Slider,51,Scenario,5
ID,19,Time,1574.973,DronePosition,-20.40468,45,-107.379,0,CameraPosition,-103.2168,1.684965,-107.5083,CameraRotation,349.2121,274.8858,358.1498,CurrentState,End,Slider,51,Scenario,5
ID,19,Time,1574.987,DronePosition,-20.40468,45,-107.379,0,CameraPosition,-103.2168,1.685006,-107.5085,CameraRotation,349.1964,274.8012,358.1978,CurrentState,End,Slider,51,Scenario,5
ID,19,Time,1575.001,DronePosition,-20.40468,45,-107.379,0,CameraPosition,-103.2168,1.685015,-107.5088,CameraRotation,349.1727,274.7678,358.2553,CurrentState,End,Slider,51,Scenario,5
ID,19,Time,1575.015,DronePosition,-20.40468,45,-107.379,0,CameraPosition,-103.2168,1.684986,-107.5091,CameraRotation,349.1574,274.7342,358.3135,CurrentState,End,Slider,51,Scenario,5
ID,19,Time,1575.029,DronePosition,-20.40468,45,-107.379,0,CameraPosition,-103.2168,1.684993,-107.5093,CameraRotation,349.1474,274.7092,358.381,CurrentState,End,Slider,51,Scenario,5
ID,19,Time,1575.043,DronePosition,-20.40468,45,-107.379,0,CameraPosition,-103.2167,1.685035,-107.5095,CameraRotation,349.1235,274.6624,358.4503,CurrentState,End,Slider,51,Scenario,5
ID,19,Time,1575.057,DronePosition,-20.40468,45,-107.379,0,CameraPosition,-103.2166,1.685053,-107.5097,CameraRotation,349.0996,274.6234,358.5092,CurrentState,End,Slider,51,Scenario,5
ID,19,Time,1575.071,DronePosition,-20.40468,45,-107.379,0,CameraPosition,-103.2166,1.685047,-107.5099,CameraRotation,349.1327,274.5813,358.5768,CurrentState,End,Slider,51,Scenario,5
ID,19,Time,1575.085,DronePosition,-20.40468,45,-107.379,0,CameraPosition,-103.2165,1.685026,-107.51,CameraRotation,349.1603,274.5418,358.6339,CurrentState,End,Slider,51,Scenario,5
ID,19,Time,1575.099,DronePosition,-20.40468,45,-107.379,0,CameraPosition,-103.2164,1.684999,-107.5101,CameraRotation,349.1826,274.5264,358.6537,CurrentState,End,Slider,51,Scenario,5
ID,19,Time,1575.113,DronePosition,-20.40468,45,-107.379,0,CameraPosition,-103.2163,1.684971,-107.5102,CameraRotation,349.2093,274.5071,358.6797,CurrentState,End,Slider,51,Scenario,5
ID,19,Time,1575.127,DronePosition,-20.40468,45,-107.379,0,CameraPosition,-103.2162,1.684954,-107.5103,CameraRotation,349.222,274.5031,358.7045,CurrentState,End,Slider,51,Scenario,5
ID,19,Time,1575.141,DronePosition,-20.40468,45,-107.379,0,CameraPosition,-103.216,1.684946,-107.5103,CameraRotation,349.2401,274.5128,358.7383,CurrentState,End,Slider,51,Scenario,5
ID,19,Time,1575.159,DronePosition,-20.40468,45,-107.379,0,CameraPosition,-103.2159,1.684947,-107.5103,CameraRotation,349.2665,274.5328,358.7633,CurrentState,End,Slider,51,Scenario,5
ID,19,Time,1575.182,DronePosition,-20.40468,45,-107.379,0,CameraPosition,-103.2155,1.68488,-107.5102,CameraRotation,349.3477,274.6437,358.8036,CurrentState,End,Slider,51,Scenario,5
ID,19,Time,1575.195,DronePosition,-20.40468,45,-107.379,0,CameraPosition,-103.2153,1.684823,-107.5101,CameraRotation,349.3873,274.7181,358.8143,CurrentState,End,Slider,51,Scenario,5
ID,19,Time,1575.21,DronePosition,-20.40468,45,-107.379,0,CameraPosition,-103.2151,1.684809,-107.5099,CameraRotation,349.4026,274.8056,358.8193,CurrentState,End,Slider,51,Scenario,5
ID,19,Time,1575.224,DronePosition,-20.40468,45,-107.379,0,CameraPosition,-103.2149,1.68481,-107.5098,CameraRotation,349.3957,274.9016,358.814,CurrentState,End,Slider,51,Scenario,5
ID,19,Time,1575.238,DronePosition,-20.40468,45,-107.379,0,CameraPosition,-103.2146,1.684822,-107.5096,CameraRotation,349.3889,274.9748,358.8092,CurrentState,End,Slider,51,Scenario,5
ID,19,Time,1575.252,DronePosition,-20.40468,45,-107.379,0,CameraPosition,-103.2144,1.684857,-107.5094,CameraRotation,349.3933,275.0608,358.8138,CurrentState,End,Slider,51,Scenario,5
ID,19,Time,1575.266,DronePosition,-20.40468,45,-107.379,0,CameraPosition,-103.2141,1.684894,-107.5092,CameraRotation,349.3666,275.1556,358.8242,CurrentState,End,Slider,51,Scenario,5
ID,19,Time,1575.28,DronePosition,-20.40468,45,-107.379,0,CameraPosition,-103.2139,1.684948,-107.509,CameraRotation,349.332,275.2382,358.8232,CurrentState,End,Slider,51,Scenario,5
ID,19,Time,1575.294,DronePosition,-20.40468,45,-107.379,0,CameraPosition,-103.2136,1.68503,-107.5089,CameraRotation,349.3025,275.3078,358.8255,CurrentState,End,Slider,51,Scenario,5
ID,19,Time,1575.308,DronePosition,-20.40468,45,-107.379,0,CameraPosition,-103.2134,1.6851,-107.5088,CameraRotation,349.2572,275.3648,358.8265,CurrentState,End,Slider,51,Scenario,5
ID,19,Time,1575.322,DronePosition,-20.40468,45,-107.379,0,CameraPosition,-103.2132,1.685173,-107.5087,CameraRotation,349.2291,275.411,358.8162,CurrentState,End,Slider,51,Scenario,5
ID,19,Time,1575.335,DronePosition,-20.40468,45,-107.379,0,CameraPosition,-103.2129,1.685253,-107.5087,CameraRotation,349.2052,275.4249,358.8199,CurrentState,End,Slider,51,Scenario,5
ID,19,Time,1575.349,DronePosition,-20.40468,45,-107.379,0,CameraPosition,-103.2127,1.685338,-107.5087,CameraRotation,349.1752,275.4324,358.8149,CurrentState,End,Slider,51,Scenario,5
ID,19,Time,1575.368,DronePosition,-20.40468,45,-107.379,0,CameraPosition,-103.2125,1.68542,-107.5087,CameraRotation,349.133,275.4211,358.8221,CurrentState,End,Slider,51,Scenario,5
ID,19,Time,1575.391,DronePosition,-20.40468,45,-107.379,0,CameraPosition,-103.2121,1.68564,-107.5088,CameraRotation,349.0176,275.3773,358.8414,CurrentState,End,Slider,51,Scenario,5
ID,19,Time,1575.405,DronePosition,-20.40468,45,-107.379,0,CameraPosition,-103.2119,1.685768,-107.5088,CameraRotation,348.9493,275.3484,358.8455,CurrentState,End,Slider,51,Scenario,5
ID,19,Time,1575.418,DronePosition,-20.40468,45,-107.379,0,CameraPosition,-103.2116,1.685883,-107.5089,CameraRotation,348.8912,275.3179,358.8484,CurrentState,End,Slider,51,Scenario,5
ID,19,Time,1575.432,DronePosition,-20.40468,45,-107.379,0,CameraPosition,-103.2114,1.68597,-107.509,CameraRotation,348.8431,275.2846,358.8456,CurrentState,End,Slider,51,Scenario,5
ID,19,Time,1575.446,DronePosition,-20.40468,45,-107.379,0,CameraPosition,-103.2112,1.686036,-107.5092,CameraRotation,348.7944,275.2477,358.8414,CurrentState,End,Slider,51,Scenario,5
ID,19,Time,1575.46,DronePosition,-20.40468,45,-107.379,0,CameraPosition,-103.211,1.686078,-107.5093,CameraRotation,348.756,275.1909,358.8743,CurrentState,End,Slider,51,Scenario,5
ID,19,Time,1575.474,DronePosition,-20.40468,45,-107.379,0,CameraPosition,-103.2109,1.686111,-107.5094,CameraRotation,348.6979,275.158,358.9104,CurrentState,End,Slider,51,Scenario,5
ID,19,Time,1575.488,DronePosition,-20.40468,45,-107.379,0,CameraPosition,-103.2107,1.686154,-107.5094,CameraRotation,348.6751,275.1334,358.9432,CurrentState,End,Slider,51,Scenario,5
ID,19,Time,1575.502,DronePosition,-20.40468,45,-107.379,0,CameraPosition,-103.2106,1.68621,-107.5095,CameraRotation,348.6513,275.1145,358.9646,CurrentState,End,Slider,51,Scenario,5
ID,19,Time,1575.518,DronePosition,-20.40468,45,-107.379,0,CameraPosition,-103.2105,1.686227,-107.5095,CameraRotation,348.6232,275.1051,358.9708,CurrentState,End,Slider,51,Scenario,5
ID,19,Time,1575.53,DronePosition,-20.40468,45,-107.379,0,CameraPosition,-103.2104,1.686237,-107.5095,CameraRotation,348.6039,275.1198,358.9223,CurrentState,End,Slider,51,Scenario,5
ID,19,Time,1575.544,DronePosition,-20.40468,45,-107.379,0,CameraPosition,-103.2103,1.686262,-107.5096,CameraRotation,348.5942,275.1514,358.8973,CurrentState,End,Slider,51,Scenario,5
ID,19,Time,1575.558,DronePosition,-20.40468,45,-107.379,0,CameraPosition,-103.2103,1.68627,-107.5096,CameraRotation,348.5558,275.1859,358.9233,CurrentState,End,Slider,51,Scenario,5
ID,19,Time,1575.577,DronePosition,-20.40468,45,-107.379,0,CameraPosition,-103.2102,1.686296,-107.5096,CameraRotation,348.5451,275.2137,358.9677,CurrentState,End,Slider,51,Scenario,5
ID,19,Time,1575.599,DronePosition,-20.40468,45,-107.379,0,CameraPosition,-103.2101,1.686171,-107.5095,CameraRotation,348.5894,275.2927,359.0744,CurrentState,End,Slider,51,Scenario,5
ID,19,Time,1575.614,DronePosition,-20.40468,45,-107.379,0,CameraPosition,-103.21,1.686058,-107.5095,CameraRotation,348.6408,275.3569,359.0985,CurrentState,End,Slider,51,Scenario,5
ID,19,Time,1575.627,DronePosition,-20.40468,45,-107.379,0,CameraPosition,-103.21,1.68594,-107.5094,CameraRotation,348.6745,275.4108,359.128,CurrentState,End,Slider,51,Scenario,5
ID,19,Time,1575.641,DronePosition,-20.40468,45,-107.379,0,CameraPosition,-103.2099,1.685868,-107.5094,CameraRotation,348.6865,275.4792,359.1602,CurrentState,End,Slider,51,Scenario,5
ID,19,Time,1575.656,DronePosition,-20.40468,45,-107.379,0,CameraPosition,-103.2099,1.685812,-107.5093,CameraRotation,348.7111,275.5494,359.1919,CurrentState,End,Slider,51,Scenario,5
ID,19,Time,1575.669,DronePosition,-20.40468,45,-107.379,0,CameraPosition,-103.2099,1.685745,-107.5093,CameraRotation,348.7419,275.61,359.2033,CurrentState,End,Slider,51,Scenario,5
ID,19,Time,1575.683,DronePosition,-20.40468,45,-107.379,0,CameraPosition,-103.2098,1.685667,-107.5092,CameraRotation,348.7952,275.6605,359.2144,CurrentState,End,Slider,51,Scenario,5
ID,19,Time,1575.697,DronePosition,-20.40468,45,-107.379,0,CameraPosition,-103.2098,1.685589,-107.5091,CameraRotation,348.8593,275.7042,359.2231,CurrentState,End,Slider,51,Scenario,5
ID,19,Time,1575.712,DronePosition,-20.40468,45,-107.379,0,CameraPosition,-103.2098,1.685487,-107.5091,CameraRotation,348.9152,275.724,359.2176,CurrentState,End,Slider,51,Scenario,5
ID,19,Time,1575.725,DronePosition,-20.40468,45,-107.379,0,CameraPosition,-103.2099,1.68542,-107.5091,CameraRotation,348.9608,275.7499,359.1751,CurrentState,End,Slider,51,Scenario,5
ID,19,Time,1575.739,DronePosition,-20.40468,45,-107.379,0,CameraPosition,-103.2099,1.685382,-107.509,CameraRotation,348.9833,275.7587,359.1516,CurrentState,End,Slider,51,Scenario,5
ID,19,Time,1575.753,DronePosition,-20.40468,45,-107.379,0,CameraPosition,-103.2099,1.685382,-107.509,CameraRotation,348.9788,275.7647,359.1252,CurrentState,End,Slider,51,Scenario,5
ID,19,Time,1575.768,DronePosition,-20.40468,45,-107.379,0,CameraPosition,-103.21,1.685381,-107.5089,CameraRotation,348.9578,275.749,359.1075,CurrentState,End,Slider,51,Scenario,5
ID,19,Time,1575.786,DronePosition,-20.40468,45,-107.379,0,CameraPosition,-103.21,1.685371,-107.5089,CameraRotation,348.9517,275.736,359.0933,CurrentState,End,Slider,51,Scenario,5
ID,19,Time,1575.808,DronePosition,-20.40468,45,-107.379,0,CameraPosition,-103.2101,1.685321,-107.509,CameraRotation,348.9774,275.7083,359.0494,CurrentState,End,Slider,51,Scenario,5
ID,19,Time,1575.822,DronePosition,-20.40468,45,-107.379,0,CameraPosition,-103.2101,1.685311,-107.5091,CameraRotation,349.0091,275.6877,359.0192,CurrentState,End,Slider,51,Scenario,5
ID,19,Time,1575.836,DronePosition,-20.40468,45,-107.379,0,CameraPosition,-103.2101,1.68528,-107.5091,CameraRotation,349.0178,275.6643,359.0121,CurrentState,End,Slider,51,Scenario,5
ID,19,Time,1575.85,DronePosition,-20.40468,45,-107.379,0,CameraPosition,-103.2101,1.685274,-107.5093,CameraRotation,349.0241,275.6399,359.0139,CurrentState,End,Slider,51,Scenario,5
ID,19,Time,1575.864,DronePosition,-20.40468,45,-107.379,0,CameraPosition,-103.2102,1.685281,-107.5094,CameraRotation,349.0214,275.6086,359.0284,CurrentState,End,Slider,51,Scenario,5
ID,19,Time,1575.878,DronePosition,-20.40468,45,-107.379,0,CameraPosition,-103.2102,1.685306,-107.5096,CameraRotation,349.0111,275.566,359.0486,CurrentState,End,Slider,51,Scenario,5
ID,19,Time,1575.892,DronePosition,-20.40468,45,-107.379,0,CameraPosition,-103.2103,1.685311,-107.5097,CameraRotation,349.0117,275.5125,359.0723,CurrentState,End,Slider,51,Scenario,5
ID,19,Time,1575.906,DronePosition,-20.40468,45,-107.379,0,CameraPosition,-103.2103,1.685318,-107.5099,CameraRotation,349.0113,275.4568,359.0865,CurrentState,End,Slider,51,Scenario,5
ID,19,Time,1575.92,DronePosition,-20.40468,45,-107.379,0,CameraPosition,-103.2104,1.685322,-107.51,CameraRotation,349.0037,275.402,359.0793,CurrentState,End,Slider,51,Scenario,5
ID,19,Time,1575.934,DronePosition,-20.40468,45,-107.379,0,CameraPosition,-103.2104,1.685356,-107.5102,CameraRotation,348.9931,275.3354,359.0656,CurrentState,End,Slider,51,Scenario,5
ID,19,Time,1575.948,DronePosition,-20.40468,45,-107.379,0,CameraPosition,-103.2105,1.685394,-107.5104,CameraRotation,348.9757,275.2712,359.0622,CurrentState,End,Slider,51,Scenario,5
ID,19,Time,1575.962,DronePosition,-20.40468,45,-107.379,0,CameraPosition,-103.2105,1.685424,-107.5105,CameraRotation,348.9621,275.2181,359.0618,CurrentState,End,Slider,51,Scenario,5
ID,19,Time,1575.977,DronePosition,-20.40468,45,-107.379,0,CameraPosition,-103.2106,1.685438,-107.5107,CameraRotation,348.9506,275.1748,359.0593,CurrentState,End,Slider,51,Scenario,5
ID,19,Time,1575.995,DronePosition,-20.40468,45,-107.379,0,CameraPosition,-103.2106,1.68541,-107.5109,CameraRotation,348.9453,275.1382,359.0594,CurrentState,End,Slider,51,Scenario,5
ID,19,Time,1576.017,DronePosition,-20.40468,45,-107.379,0,CameraPosition,-103.2107,1.685279,-107.5111,CameraRotation,348.9789,275.0779,359.0835,CurrentState,End,Slider,51,Scenario,5
ID,19,Time,1576.031,DronePosition,-20.40468,45,-107.379,0,CameraPosition,-103.2108,1.685199,-107.5113,CameraRotation,349.0035,275.0224,359.146,CurrentState,End,Slider,51,Scenario,5
ID,19,Time,1576.045,DronePosition,-20.40468,45,-107.379,0,CameraPosition,-103.211,1.685132,-107.5114,CameraRotation,349.0145,274.9671,359.1841,CurrentState,End,Slider,51,Scenario,5
ID,19,Time,1576.059,DronePosition,-20.40468,45,-107.379,0,CameraPosition,-103.2111,1.685113,-107.5116,CameraRotation,349.022,274.9013,359.1942,CurrentState,End,Slider,51,Scenario,5
ID,19,Time,1576.073,DronePosition,-20.40468,45,-107.379,0,CameraPosition,-103.2112,1.685075,-107.5117,CameraRotation,349.0374,274.8466,359.2031,CurrentState,End,Slider,51,Scenario,5
ID,19,Time,1576.087,DronePosition,-20.40468,45,-107.379,0,CameraPosition,-103.2113,1.684972,-107.5119,CameraRotation,349.1044,274.7878,359.1987,CurrentState,End,Slider,51,Scenario,5
ID,19,Time,1576.101,DronePosition,-20.40468,45,-107.379,0,CameraPosition,-103.2114,1.684854,-107.512,CameraRotation,349.1997,274.7396,359.2109,CurrentState,End,Slider,51,Scenario,5
ID,19,Time,1576.115,DronePosition,-20.40468,45,-107.379,0,CameraPosition,-103.2115,1.684767,-107.5122,CameraRotation,349.2723,274.6909,359.2455,CurrentState,End,Slider,51,Scenario,5
ID,19,Time,1576.129,DronePosition,-20.40468,45,-107.379,0,CameraPosition,-103.2116,1.68475,-107.5123,CameraRotation,349.2914,274.6445,359.238,CurrentState,End,Slider,51,Scenario,5
ID,19,Time,1576.143,DronePosition,-20.40468,45,-107.379,0,CameraPosition,-103.2117,1.684757,-107.5125,CameraRotation,349.2892,274.602,359.1968,CurrentState,End,Slider,51,Scenario,5
ID,19,Time,1576.157,DronePosition,-20.40468,45,-107.379,0,CameraPosition,-103.2118,1.684742,-107.5127,CameraRotation,349.306,274.5492,359.1792,CurrentState,End,Slider,51,Scenario,5
ID,19,Time,1576.171,DronePosition,-20.40468,45,-107.379,0,CameraPosition,-103.2119,1.684689,-107.5129,CameraRotation,349.3346,274.4763,359.1872,CurrentState,End,Slider,51,Scenario,5
ID,19,Time,1576.185,DronePosition,-20.40468,45,-107.379,0,CameraPosition,-103.2119,1.684647,-107.5132,CameraRotation,349.3815,274.3899,359.1999,CurrentState,End,Slider,51,Scenario,5
ID,19,Time,1576.203,DronePosition,-20.40468,45,-107.379,0,CameraPosition,-103.212,1.684585,-107.5135,CameraRotation,349.4167,274.2937,359.2267,CurrentState,End,Slider,51,Scenario,5
ID,19,Time,1576.226,DronePosition,-20.40468,45,-107.379,0,CameraPosition,-103.2122,1.684512,-107.514,CameraRotation,349.4388,274.1099,359.2261,CurrentState,End,Slider,51,Scenario,5
ID,19,Time,1576.24,DronePosition,-20.40468,45,-107.379,0,CameraPosition,-103.2123,1.684489,-107.5142,CameraRotation,349.4239,274.0195,359.2401,CurrentState,End,Slider,51,Scenario,5
ID,19,Time,1576.254,DronePosition,-20.40468,45,-107.379,0,CameraPosition,-103.2123,1.684467,-107.5145,CameraRotation,349.3986,273.9221,359.2802,CurrentState,End,Slider,51,Scenario,5
ID,19,Time,1576.268,DronePosition,-20.40468,45,-107.379,0,CameraPosition,-103.2124,1.684453,-107.5147,CameraRotation,349.369,273.8334,359.328,CurrentState,End,Slider,51,Scenario,5
ID,19,Time,1576.282,DronePosition,-20.40468,45,-107.379,0,CameraPosition,-103.2125,1.684438,-107.5149,CameraRotation,349.3369,273.7601,359.3454,CurrentState,End,Slider,51,Scenario,5
ID,19,Time,1576.296,DronePosition,-20.40468,45,-107.379,0,CameraPosition,-103.2125,1.684417,-107.5151,CameraRotation,349.3442,273.7008,359.373,CurrentState,End,Slider,51,Scenario,5
ID,19,Time,1576.31,DronePosition,-20.40468,45,-107.379,0,CameraPosition,-103.2126,1.684357,-107.5152,CameraRotation,349.3585,273.6577,359.4207,CurrentState,End,Slider,51,Scenario,5
ID,19,Time,1576.324,DronePosition,-20.40468,45,-107.379,0,CameraPosition,-103.2126,1.684289,-107.5153,CameraRotation,349.3648,273.6353,359.4668,CurrentState,End,Slider,51,Scenario,5
ID,19,Time,1576.338,DronePosition,-20.40468,45,-107.379,0,CameraPosition,-103.2127,1.684243,-107.5153,CameraRotation,349.3752,273.6395,359.5053,CurrentState,End,Slider,51,Scenario,5
ID,19,Time,1576.352,DronePosition,-20.40468,45,-107.379,0,CameraPosition,-103.2127,1.684213,-107.5153,CameraRotation,349.3934,273.6603,359.5532,CurrentState,End,Slider,51,Scenario,5
ID,19,Time,1576.366,DronePosition,-20.40468,45,-107.379,0,CameraPosition,-103.2128,1.68421,-107.5152,CameraRotation,349.4261,273.6877,359.5847,CurrentState,End,Slider,51,Scenario,5
ID,19,Time,1576.38,DronePosition,-20.40468,45,-107.379,0,CameraPosition,-103.2128,1.684181,-107.5151,CameraRotation,349.4372,273.6938,359.6072,CurrentState,End,Slider,51,Scenario,5
ID,19,Time,1576.394,DronePosition,-20.40468,45,-107.379,0,CameraPosition,-103.2128,1.68412,-107.515,CameraRotation,349.473,273.7158,359.611,CurrentState,End,Slider,51,Scenario,5
ID,19,Time,1576.412,DronePosition,-20.40468,45,-107.379,0,CameraPosition,-103.2128,1.684032,-107.5149,CameraRotation,349.5203,273.7604,359.6097,CurrentState,End,Slider,51,Scenario,5
ID,19,Time,1576.435,DronePosition,-20.40468,45,-107.379,0,CameraPosition,-103.2127,1.68388,-107.5146,CameraRotation,349.5909,273.8564,359.5898,CurrentState,End,Slider,51,Scenario,5
ID,19,Time,1576.449,DronePosition,-20.40468,45,-107.379,0,CameraPosition,-103.2127,1.683847,-107.5144,CameraRotation,349.5933,273.8997,359.5703,CurrentState,End,Slider,51,Scenario,5
ID,19,Time,1576.463,DronePosition,-20.40468,45,-107.379,0,CameraPosition,-103.2126,1.683847,-107.5143,CameraRotation,349.5817,273.9401,359.5382,CurrentState,End,Slider,51,Scenario,5
ID,19,Time,1576.478,DronePosition,-20.40468,45,-107.379,0,CameraPosition,-103.2126,1.683847,-107.5142,CameraRotation,349.5593,273.9595,359.4992,CurrentState,End,Slider,51,Scenario,5
ID,19,Time,1576.491,DronePosition,-20.40468,45,-107.379,0,CameraPosition,-103.2126,1.683822,-107.5141,CameraRotation,349.5314,273.9597,359.4623,CurrentState,End,Slider,51,Scenario,5
ID,19,Time,1576.505,DronePosition,-20.40468,45,-107.379,0,CameraPosition,-103.2125,1.683812,-107.514,CameraRotation,349.5092,273.9264,359.4259,CurrentState,End,Slider,51,Scenario,5
ID,19,Time,1576.52,DronePosition,-20.40468,45,-107.379,0,CameraPosition,-103.2125,1.683814,-107.514,CameraRotation,349.5071,273.8795,359.383,CurrentState,End,Slider,51,Scenario,5
ID,19,Time,1576.533,DronePosition,-20.40468,45,-107.379,0,CameraPosition,-103.2125,1.683802,-107.5139,CameraRotation,349.502,273.8436,359.3437,CurrentState,End,Slider,51,Scenario,5
ID,19,Time,1576.546,DronePosition,-20.40468,45,-107.379,0,CameraPosition,-103.2124,1.683796,-107.5138,CameraRotation,349.5046,273.8029,359.3187,CurrentState,End,Slider,51,Scenario,5
ID,19,Time,1576.561,DronePosition,-20.40468,45,-107.379,0,CameraPosition,-103.2124,1.683771,-107.5138,CameraRotation,349.5086,273.7846,359.3022,CurrentState,End,Slider,51,Scenario,5
ID,19,Time,1576.574,DronePosition,-20.40468,45,-107.379,0,CameraPosition,-103.2124,1.683725,-107.5138,CameraRotation,349.5215,273.7725,359.3025,CurrentState,End,Slider,51,Scenario,5
ID,19,Time,1576.588,DronePosition,-20.40468,45,-107.379,0,CameraPosition,-103.2124,1.683663,-107.5137,CameraRotation,349.5378,273.7672,359.2995,CurrentState,End,Slider,51,Scenario,5
ID,19,Time,1576.602,DronePosition,-20.40468,45,-107.379,0,CameraPosition,-103.2123,1.683591,-107.5137,CameraRotation,349.5694,273.7806,359.2749,CurrentState,End,Slider,51,Scenario,5
ID,19,Time,1576.622,DronePosition,-20.40468,45,-107.379,0,CameraPosition,-103.2123,1.683519,-107.5137,CameraRotation,349.6255,273.7874,359.2693,CurrentState,End,Slider,51,Scenario,5
ID,19,Time,1576.644,DronePosition,-20.40468,45,-107.379,0,CameraPosition,-103.2123,1.683388,-107.5137,CameraRotation,349.7013,273.7802,359.2599,CurrentState,End,Slider,51,Scenario,5
ID,19,Time,1576.657,DronePosition,-20.40468,45,-107.379,0,CameraPosition,-103.2122,1.683339,-107.5137,CameraRotation,349.7292,273.7799,359.2553,CurrentState,End,Slider,51,Scenario,5
ID,19,Time,1576.672,DronePosition,-20.40468,45,-107.379,0,CameraPosition,-103.2123,1.683301,-107.5137,CameraRotation,349.737,273.7612,359.2749,CurrentState,End,Slider,51,Scenario,5
ID,19,Time,1576.685,DronePosition,-20.40468,45,-107.379,0,CameraPosition,-103.2123,1.683285,-107.5137,CameraRotation,349.7485,273.7282,359.2949,CurrentState,End,Slider,51,Scenario,5
ID,19,Time,1576.7,DronePosition,-20.40468,45,-107.379,0,CameraPosition,-103.2123,1.683269,-107.5138,CameraRotation,349.7756,273.6814,359.3256,CurrentState,End,Slider,51,Scenario,5
ID,19,Time,1576.714,DronePosition,-20.40468,45,-107.379,0,CameraPosition,-103.2123,1.683243,-107.5139,CameraRotation,349.7717,273.6306,359.3543,CurrentState,End,Slider,51,Scenario,5
ID,19,Time,1576.727,DronePosition,-20.40468,45,-107.379,0,CameraPosition,-103.2124,1.683238,-107.514,CameraRotation,349.7777,273.5772,359.311,CurrentState,End,Slider,51,Scenario,5
ID,19,Time,1576.742,DronePosition,-20.40468,45,-107.379,0,CameraPosition,-103.2124,1.683183,-107.5141,CameraRotation,349.8037,273.5212,359.2876,CurrentState,End,Slider,51,Scenario,5
ID,19,Time,1576.756,DronePosition,-20.40468,45,-107.379,0,CameraPosition,-103.2124,1.683119,-107.5143,CameraRotation,349.8628,273.4551,359.3031,CurrentState,End,Slider,51,Scenario,5
ID,19,Time,1576.769,DronePosition,-20.40468,45,-107.379,0,CameraPosition,-103.2125,1.683031,-107.5144,CameraRotation,349.9193,273.3978,359.3395,CurrentState,End,Slider,51,Scenario,5
ID,19,Time,1576.783,DronePosition,-20.40468,45,-107.379,0,CameraPosition,-103.2125,1.682945,-107.5146,CameraRotation,349.9675,273.3372,359.3729,CurrentState,End,Slider,51,Scenario,5
ID,19,Time,1576.797,DronePosition,-20.40468,45,-107.379,0,CameraPosition,-103.2125,1.68286,-107.5147,CameraRotation,350.0109,273.274,359.4007,CurrentState,End,Slider,51,Scenario,5
ID,19,Time,1576.811,DronePosition,-20.40468,45,-107.379,0,CameraPosition,-103.2126,1.682765,-107.5148,CameraRotation,350.0453,273.2212,359.3954,CurrentState,End,Slider,51,Scenario,5
ID,19,Time,1576.83,DronePosition,-20.40468,45,-107.379,0,CameraPosition,-103.2126,1.682703,-107.5149,CameraRotation,350.0646,273.177,359.3828,CurrentState,End,Slider,51,Scenario,5
ID,19,Time,1576.852,DronePosition,-20.40468,45,-107.379,0,CameraPosition,-103.2128,1.682738,-107.5152,CameraRotation,350.0295,273.071,359.4193,CurrentState,End,Slider,51,Scenario,5
ID,19,Time,1576.866,DronePosition,-20.40468,45,-107.379,0,CameraPosition,-103.2128,1.682775,-107.5153,CameraRotation,350.0285,273.0318,359.425,CurrentState,End,Slider,51,Scenario,5
ID,19,Time,1576.88,DronePosition,-20.40468,45,-107.379,0,CameraPosition,-103.2129,1.68274,-107.5154,CameraRotation,350.0466,272.9977,359.4246,CurrentState,End,Slider,51,Scenario,5
ID,19,Time,1576.894,DronePosition,-20.40468,45,-107.379,0,CameraPosition,-103.2129,1.682683,-107.5155,CameraRotation,350.0971,272.9632,359.4499,CurrentState,End,Slider,51,Scenario,5
ID,19,Time,1576.908,DronePosition,-20.40468,45,-107.379,0,CameraPosition,-103.2129,1.682639,-107.5156,CameraRotation,350.1162,272.9273,359.4606,CurrentState,End,Slider,51,Scenario,5
ID,19,Time,1576.922,DronePosition,-20.40468,45,-107.379,0,CameraPosition,-103.2129,1.682644,-107.5157,CameraRotation,350.1357,272.9005,359.4544,CurrentState,End,Slider,51,Scenario,5
ID,19,Time,1576.936,DronePosition,-20.40468,45,-107.379,0,CameraPosition,-103.213,1.68264,-107.5158,CameraRotation,350.15,272.8662,359.449,CurrentState,End,Slider,51,Scenario,5
ID,19,Time,1576.95,DronePosition,-20.40468,45,-107.379,0,CameraPosition,-103.2131,1.68264,-107.5159,CameraRotation,350.145,272.8443,359.4709,CurrentState,End,Slider,51,Scenario,5
ID,19,Time,1576.964,DronePosition,-20.40468,45,-107.379,0,CameraPosition,-103.2131,1.68267,-107.516,CameraRotation,350.1272,272.8229,359.484,CurrentState,End,Slider,51,Scenario,5
ID,19,Time,1576.978,DronePosition,-20.40468,45,-107.379,0,CameraPosition,-103.2132,1.682696,-107.516,CameraRotation,350.0894,272.8066,359.4938,CurrentState,End,Slider,51,Scenario,5
ID,19,Time,1576.992,DronePosition,-20.40468,45,-107.379,0,CameraPosition,-103.2133,1.682716,-107.516,CameraRotation,350.0592,272.7828,359.5032,CurrentState,End,Slider,51,Scenario,5
ID,19,Time,1577.006,DronePosition,-20.40468,45,-107.379,0,CameraPosition,-103.2135,1.682788,-107.5161,CameraRotation,350.0317,272.7755,359.5058,CurrentState,End,Slider,51,Scenario,5
ID,19,Time,1577.02,DronePosition,-20.40468,45,-107.379,0,CameraPosition,-103.2136,1.682839,-107.5161,CameraRotation,350.0178,272.7489,359.5102,CurrentState,End,Slider,51,Scenario,5
ID,19,Time,1577.039,DronePosition,-20.40468,45,-107.379,0,CameraPosition,-103.2138,1.682843,-107.5161,CameraRotation,350.0279,272.7327,359.5012,CurrentState,End,Slider,51,Scenario,5
ID,19,Time,1577.061,DronePosition,-20.40468,45,-107.379,0,CameraPosition,-103.2141,1.682764,-107.5161,CameraRotation,350.0951,272.6952,359.4763,CurrentState,End,Slider,51,Scenario,5
ID,19,Time,1577.075,DronePosition,-20.40468,45,-107.379,0,CameraPosition,-103.2143,1.682721,-107.516,CameraRotation,350.1497,272.6714,359.4559,CurrentState,End,Slider,51,Scenario,5
ID,19,Time,1577.089,DronePosition,-20.40468,45,-107.379,0,CameraPosition,-103.2146,1.682658,-107.516,CameraRotation,350.1957,272.6353,359.4446,CurrentState,End,Slider,51,Scenario,5
ID,19,Time,1577.103,DronePosition,-20.40468,45,-107.379,0,CameraPosition,-103.2148,1.682603,-107.516,CameraRotation,350.2396,272.5988,359.428,CurrentState,End,Slider,51,Scenario,5
ID,19,Time,1577.117,DronePosition,-20.40468,45,-107.379,0,CameraPosition,-103.215,1.682533,-107.5159,CameraRotation,350.2716,272.5584,359.4315,CurrentState,End,Slider,51,Scenario,5
ID,19,Time,1577.131,DronePosition,-20.40468,45,-107.379,0,CameraPosition,-103.2152,1.682488,-107.5159,CameraRotation,350.2973,272.4963,359.4181,CurrentState,End,Slider,51,Scenario,5
ID,19,Time,1577.145,DronePosition,-20.40468,45,-107.379,0,CameraPosition,-103.2154,1.682434,-107.5159,CameraRotation,350.3256,272.436,359.4017,CurrentState,End,Slider,51,Scenario,5
ID,19,Time,1577.159,DronePosition,-20.40468,45,-107.379,0,CameraPosition,-103.2156,1.682361,-107.516,CameraRotation,350.3628,272.3628,359.3703,CurrentState,End,Slider,51,Scenario,5
ID,19,Time,1577.173,DronePosition,-20.40468,45,-107.379,0,CameraPosition,-103.2159,1.682286,-107.516,CameraRotation,350.4012,272.2768,359.3581,CurrentState,End,Slider,51,Scenario,5
ID,19,Time,1577.187,DronePosition,-20.40468,45,-107.379,0,CameraPosition,-103.2161,1.682227,-107.5161,CameraRotation,350.4262,272.1967,359.3436,CurrentState,End,Slider,51,Scenario,5
ID,19,Time,1577.201,DronePosition,-20.40468,45,-107.379,0,CameraPosition,-103.2163,1.682163,-107.5161,CameraRotation,350.4539,272.1067,359.3419,CurrentState,End,Slider,51,Scenario,5
ID,19,Time,1577.215,DronePosition,-20.40468,45,-107.379,0,CameraPosition,-103.2166,1.682119,-107.5162,CameraRotation,350.4874,272.0156,359.3145,CurrentState,End,Slider,51,Scenario,5
ID,19,Time,1577.229,DronePosition,-20.40468,45,-107.379,0,CameraPosition,-103.2168,1.68208,-107.5162,CameraRotation,350.4957,271.9186,359.3209,CurrentState,End,Slider,51,Scenario,5
ID,19,Time,1577.247,DronePosition,-20.40468,45,-107.379,0,CameraPosition,-103.217,1.682047,-107.5163,CameraRotation,350.5146,271.8089,359.3158,CurrentState,End,Slider,51,Scenario,5
ID,19,Time,1577.27,DronePosition,-20.40468,45,-107.379,0,CameraPosition,-103.2175,1.681942,-107.5166,CameraRotation,350.5603,271.5481,359.3236,CurrentState,End,Slider,51,Scenario,5
ID,19,Time,1577.284,DronePosition,-20.40468,45,-107.379,0,CameraPosition,-103.2178,1.681965,-107.5167,CameraRotation,350.545,271.417,359.3244,CurrentState,End,Slider,51,Scenario,5
ID,19,Time,1577.298,DronePosition,-20.40468,45,-107.379,0,CameraPosition,-103.218,1.681995,-107.5168,CameraRotation,350.5136,271.3015,359.2603,CurrentState,End,Slider,51,Scenario,5
ID,19,Time,1577.312,DronePosition,-20.40468,45,-107.379,0,CameraPosition,-103.2182,1.681997,-107.5169,CameraRotation,350.5228,271.1949,359.1847,CurrentState,End,Slider,51,Scenario,5
ID,19,Time,1577.326,DronePosition,-20.40468,45,-107.379,0,CameraPosition,-103.2184,1.681976,-107.5172,CameraRotation,350.5588,271.0773,359.1651,CurrentState,End,Slider,51,Scenario,5
ID,19,Time,1577.34,DronePosition,-20.40468,45,-107.379,0,CameraPosition,-103.2186,1.681949,-107.5174,CameraRotation,350.5819,270.9456,359.1866,CurrentState,End,Slider,51,Scenario,5
ID,19,Time,1577.354,DronePosition,-20.40468,45,-107.379,0,CameraPosition,-103.2188,1.681928,-107.5177,CameraRotation,350.6026,270.8018,359.2165,CurrentState,End,Slider,51,Scenario,5
ID,19,Time,1577.368,DronePosition,-20.40468,45,-107.379,0,CameraPosition,-103.2189,1.681922,-107.5179,CameraRotation,350.6042,270.6592,359.2554,CurrentState,End,Slider,51,Scenario,5
ID,19,Time,1577.382,DronePosition,-20.40468,45,-107.379,0,CameraPosition,-103.2191,1.68194,-107.5182,CameraRotation,350.5896,270.5321,359.2779,CurrentState,End,Slider,51,Scenario,5
ID,19,Time,1577.396,DronePosition,-20.40468,45,-107.379,0,CameraPosition,-103.2193,1.681968,-107.5184,CameraRotation,350.5739,270.4167,359.3027,CurrentState,End,Slider,51,Scenario,5
ID,19,Time,1577.41,DronePosition,-20.40468,45,-107.379,0,CameraPosition,-103.2194,1.682002,-107.5187,CameraRotation,350.5525,270.2971,359.3285,CurrentState,End,Slider,51,Scenario,5
ID,19,Time,1577.424,DronePosition,-20.40468,45,-107.379,0,CameraPosition,-103.2196,1.682017,-107.519,CameraRotation,350.5466,270.1695,359.3669,CurrentState,End,Slider,51,Scenario,5
ID,19,Time,1577.438,DronePosition,-20.40468,45,-107.379,0,CameraPosition,-103.2197,1.682006,-107.5192,CameraRotation,350.5615,270.0368,359.4051,CurrentState,End,Slider,51,Scenario,5
ID,19,Time,1577.456,DronePosition,-20.40468,45,-107.379,0,CameraPosition,-103.2198,1.68198,-107.5195,CameraRotation,350.5736,269.899,359.427,CurrentState,End,Slider,51,Scenario,5
ID,19,Time,1577.479,DronePosition,-20.40468,45,-107.379,0,CameraPosition,-103.22,1.68197,-107.52,CameraRotation,350.6023,269.6206,359.5083,CurrentState,End,Slider,51,Scenario,5
ID,19,Time,1577.493,DronePosition,-20.40468,45,-107.379,0,CameraPosition,-103.2201,1.681996,-107.5203,CameraRotation,350.6057,269.4873,359.5231,CurrentState,End,Slider,51,Scenario,5
ID,19,Time,1577.507,DronePosition,-20.40468,45,-107.379,0,CameraPosition,-103.2202,1.682029,-107.5205,CameraRotation,350.6111,269.3748,359.5124,CurrentState,End,Slider,51,Scenario,5
ID,19,Time,1577.522,DronePosition,-20.40468,45,-107.379,0,CameraPosition,-103.2202,1.68206,-107.5207,CameraRotation,350.6052,269.2814,359.507,CurrentState,End,Slider,51,Scenario,5
ID,19,Time,1577.534,DronePosition,-20.40468,45,-107.379,0,CameraPosition,-103.2203,1.682073,-107.5208,CameraRotation,350.5933,269.1963,359.5307,CurrentState,End,Slider,51,Scenario,5
ID,19,Time,1577.549,DronePosition,-20.40468,45,-107.379,0,CameraPosition,-103.2203,1.682081,-107.5209,CameraRotation,350.5943,269.1487,359.5578,CurrentState,End,Slider,51,Scenario,5
ID,19,Time,1577.563,DronePosition,-20.40468,45,-107.379,0,CameraPosition,-103.2204,1.68208,-107.521,CameraRotation,350.5953,269.1071,359.5742,CurrentState,End,Slider,51,Scenario,5
ID,19,Time,1577.576,DronePosition,-20.40468,45,-107.379,0,CameraPosition,-103.2204,1.682071,-107.5211,CameraRotation,350.5927,269.085,359.5938,CurrentState,End,Slider,51,Scenario,5
ID,19,Time,1577.591,DronePosition,-20.40468,45,-107.379,0,CameraPosition,-103.2204,1.682065,-107.5211,CameraRotation,350.5971,269.0905,359.6069,CurrentState,End,Slider,51,Scenario,5
ID,19,Time,1577.605,DronePosition,-20.40468,45,-107.379,0,CameraPosition,-103.2204,1.682078,-107.5211,CameraRotation,350.6019,269.1162,359.6069,CurrentState,End,Slider,51,Scenario,5
ID,19,Time,1577.618,DronePosition,-20.40468,45,-107.379,0,CameraPosition,-103.2204,1.682083,-107.5211,CameraRotation,350.5932,269.1507,359.6121,CurrentState,End,Slider,51,Scenario,5
ID,19,Time,1577.632,DronePosition,-20.40468,45,-107.379,0,CameraPosition,-103.2204,1.682106,-107.5211,CameraRotation,350.5818,269.1757,359.6127,CurrentState,End,Slider,51,Scenario,5
ID,19,Time,1577.646,DronePosition,-20.40468,45,-107.379,0,CameraPosition,-103.2204,1.682157,-107.521,CameraRotation,350.5632,269.2087,359.6266,CurrentState,End,Slider,51,Scenario,5
ID,19,Time,1577.665,DronePosition,-20.40468,45,-107.379,0,CameraPosition,-103.2205,1.682209,-107.521,CameraRotation,350.537,269.2283,359.6293,CurrentState,End,Slider,51,Scenario,5
ID,19,Time,1577.688,DronePosition,-20.40468,45,-107.379,0,CameraPosition,-103.2205,1.682288,-107.521,CameraRotation,350.5104,269.2642,359.602,CurrentState,End,Slider,51,Scenario,5
ID,19,Time,1577.701,DronePosition,-20.40468,45,-107.379,0,CameraPosition,-103.2205,1.682316,-107.521,CameraRotation,350.4944,269.2732,359.5827,CurrentState,End,Slider,51,Scenario,5
ID,19,Time,1577.715,DronePosition,-20.40468,45,-107.379,0,CameraPosition,-103.2205,1.682328,-107.521,CameraRotation,350.4862,269.2716,359.5754,CurrentState,End,Slider,51,Scenario,5
ID,19,Time,1577.729,DronePosition,-20.40468,45,-107.379,0,CameraPosition,-103.2205,1.682316,-107.521,CameraRotation,350.4934,269.283,359.5645,CurrentState,End,Slider,51,Scenario,5
ID,19,Time,1577.743,DronePosition,-20.40468,45,-107.379,0,CameraPosition,-103.2205,1.682293,-107.521,CameraRotation,350.5129,269.2874,359.5547,CurrentState,End,Slider,51,Scenario,5
ID,19,Time,1577.758,DronePosition,-20.40468,45,-107.379,0,CameraPosition,-103.2205,1.682263,-107.5211,CameraRotation,350.5528,269.3016,359.5433,CurrentState,End,Slider,51,Scenario,5
ID,19,Time,1577.771,DronePosition,-20.40468,45,-107.379,0,CameraPosition,-103.2204,1.68224,-107.5212,CameraRotation,350.5992,269.3074,359.5175,CurrentState,End,Slider,51,Scenario,5
ID,19,Time,1577.785,DronePosition,-20.40468,45,-107.379,0,CameraPosition,-103.2203,1.68223,-107.5213,CameraRotation,350.6386,269.3121,359.472,CurrentState,End,Slider,51,Scenario,5
ID,19,Time,1577.8,DronePosition,-20.40468,45,-107.379,0,CameraPosition,-103.2203,1.682251,-107.5215,CameraRotation,350.6422,269.2925,359.4377,CurrentState,End,Slider,51,Scenario,5
ID,19,Time,1577.813,DronePosition,-20.40468,45,-107.379,0,CameraPosition,-103.2202,1.682304,-107.5218,CameraRotation,350.602,269.2258,359.429,CurrentState,End,Slider,51,Scenario,5
ID,19,Time,1577.827,DronePosition,-20.40468,45,-107.379,0,CameraPosition,-103.2202,1.682369,-107.5221,CameraRotation,350.5523,269.149,359.4534,CurrentState,End,Slider,51,Scenario,5
ID,19,Time,1577.841,DronePosition,-20.40468,45,-107.379,0,CameraPosition,-103.2202,1.682501,-107.5224,CameraRotation,350.471,269.0543,359.5308,CurrentState,End,Slider,51,Scenario,5
ID,19,Time,1577.856,DronePosition,-20.40468,45,-107.379,0,CameraPosition,-103.2201,1.682671,-107.5228,CameraRotation,350.379,268.9441,359.5661,CurrentState,End,Slider,51,Scenario,5
ID,19,Time,1577.874,DronePosition,-20.40468,45,-107.379,0,CameraPosition,-103.2201,1.682768,-107.5231,CameraRotation,350.305,268.8366,359.5473,CurrentState,End,Slider,51,Scenario,5
ID,19,Time,1577.897,DronePosition,-20.40468,45,-107.379,0,CameraPosition,-103.2201,1.682798,-107.5236,CameraRotation,350.2702,268.7094,359.5366,CurrentState,End,Slider,51,Scenario,5
ID,19,Time,1577.91,DronePosition,-20.40468,45,-107.379,0,CameraPosition,-103.2201,1.682788,-107.5237,CameraRotation,350.2664,268.7128,359.587,CurrentState,End,Slider,51,Scenario,5
ID,19,Time,1577.924,DronePosition,-20.40468,45,-107.379,0,CameraPosition,-103.2201,1.682782,-107.5238,CameraRotation,350.2686,268.7775,359.6561,CurrentState,End,Slider,51,Scenario,5
ID,19,Time,1577.938,DronePosition,-20.40468,45,-107.379,0,CameraPosition,-103.2201,1.682749,-107.5238,CameraRotation,350.2758,268.9106,359.713,CurrentState,End,Slider,51,Scenario,5
ID,19,Time,1577.952,DronePosition,-20.40468,45,-107.379,0,CameraPosition,-103.2202,1.682726,-107.5238,CameraRotation,350.2834,269.0522,359.7402,CurrentState,End,Slider,51,Scenario,5
ID,19,Time,1577.966,DronePosition,-20.40468,45,-107.379,0,CameraPosition,-103.2202,1.682718,-107.5237,CameraRotation,350.2827,269.2384,359.7784,CurrentState,End,Slider,51,Scenario,5
ID,19,Time,1577.98,DronePosition,-20.40468,45,-107.379,0,CameraPosition,-103.2203,1.682739,-107.5237,CameraRotation,350.2705,269.4033,359.8358,CurrentState,End,Slider,51,Scenario,5
ID,19,Time,1577.994,DronePosition,-20.40468,45,-107.379,0,CameraPosition,-103.2204,1.682759,-107.5235,CameraRotation,350.2605,269.5569,359.8944,CurrentState,End,Slider,51,Scenario,5
ID,19,Time,1578.008,DronePosition,-20.40468,45,-107.379,0,CameraPosition,-103.2204,1.682765,-107.5234,CameraRotation,350.2765,269.6946,359.9328,CurrentState,End,Slider,51,Scenario,5
ID,19,Time,1578.022,DronePosition,-20.40468,45,-107.379,0,CameraPosition,-103.2205,1.682708,-107.5233,CameraRotation,350.3034,269.812,359.9601,CurrentState,End,Slider,51,Scenario,5
ID,19,Time,1578.036,DronePosition,-20.40468,45,-107.379,0,CameraPosition,-103.2205,1.682632,-107.5231,CameraRotation,350.3573,269.9198,359.9729,CurrentState,End,Slider,51,Scenario,5
ID,19,Time,1578.05,DronePosition,-20.40468,45,-107.379,0,CameraPosition,-103.2206,1.682556,-107.523,CameraRotation,350.3923,270.0185,359.9668,CurrentState,End,Slider,51,Scenario,5
ID,19,Time,1578.064,DronePosition,-20.40468,45,-107.379,0,CameraPosition,-103.2207,1.682516,-107.5229,CameraRotation,350.4126,270.1181,359.9514,CurrentState,End,Slider,51,Scenario,5
ID,19,Time,1578.083,DronePosition,-20.40468,45,-107.379,0,CameraPosition,-103.2208,1.682494,-107.5227,CameraRotation,350.4308,270.2114,359.9276,CurrentState,End,Slider,51,Scenario,5
ID,19,Time,1578.105,DronePosition,-20.40468,45,-107.379,0,CameraPosition,-103.2208,1.682416,-107.5223,CameraRotation,350.4535,270.4219,359.9057,CurrentState,End,Slider,51,Scenario,5
ID,19,Time,1578.119,DronePosition,-20.40468,45,-107.379,0,CameraPosition,-103.2209,1.682399,-107.5221,CameraRotation,350.4699,270.5189,359.9033,CurrentState,End,Slider,51,Scenario,5
ID,19,Time,1578.133,DronePosition,-20.40468,45,-107.379,0,CameraPosition,-103.221,1.682403,-107.5219,CameraRotation,350.4551,270.6176,359.8983,CurrentState,End,Slider,51,Scenario,5
ID,19,Time,1578.147,DronePosition,-20.40468,45,-107.379,0,CameraPosition,-103.221,1.682432,-107.5217,CameraRotation,350.4423,270.7034,359.8876,CurrentState,End,Slider,51,Scenario,5
ID,19,Time,1578.161,DronePosition,-20.40468,45,-107.379,0,CameraPosition,-103.221,1.68246,-107.5216,CameraRotation,350.4275,270.774,359.877,CurrentState,End,Slider,51,Scenario,5
ID,19,Time,1578.175,DronePosition,-20.40468,45,-107.379,0,CameraPosition,-103.221,1.682482,-107.5214,CameraRotation,350.4115,270.8418,359.8755,CurrentState,End,Slider,51,Scenario,5
ID,19,Time,1578.189,DronePosition,-20.40468,45,-107.379,0,CameraPosition,-103.221,1.682497,-107.5213,CameraRotation,350.4087,270.886,359.8623,CurrentState,End,Slider,51,Scenario,5
ID,19,Time,1578.203,DronePosition,-20.40468,45,-107.379,0,CameraPosition,-103.221,1.682513,-107.5212,CameraRotation,350.4175,270.9255,359.8477,CurrentState,End,Slider,51,Scenario,5
ID,19,Time,1578.217,DronePosition,-20.40468,45,-107.379,0,CameraPosition,-103.2211,1.682527,-107.521,CameraRotation,350.4185,270.9593,359.8328,CurrentState,End,Slider,51,Scenario,5
ID,19,Time,1578.231,DronePosition,-20.40468,45,-107.379,0,CameraPosition,-103.2211,1.68256,-107.5209,CameraRotation,350.4048,270.9787,359.8149,CurrentState,End,Slider,51,Scenario,5
ID,19,Time,1578.246,DronePosition,-20.40468,45,-107.379,0,CameraPosition,-103.2211,1.682599,-107.5208,CameraRotation,350.3871,271.0042,359.7845,CurrentState,End,Slider,51,Scenario,5
ID,19,Time,1578.259,DronePosition,-20.40468,45,-107.379,0,CameraPosition,-103.221,1.682622,-107.5207,CameraRotation,350.3648,271.0305,359.7607,CurrentState,End,Slider,51,Scenario,5
ID,19,Time,1578.273,DronePosition,-20.40468,45,-107.379,0,CameraPosition,-103.2211,1.682658,-107.5207,CameraRotation,350.3285,271.0446,359.7276,CurrentState,End,Slider,51,Scenario,5
ID,19,Time,1578.292,DronePosition,-20.40468,45,-107.379,0,CameraPosition,-103.2211,1.682747,-107.5206,CameraRotation,350.2974,271.0418,359.7164,CurrentState,End,Slider,51,Scenario,5
ID,19,Time,1578.314,DronePosition,-20.40468,45,-107.379,0,CameraPosition,-103.2211,1.682845,-107.5206,CameraRotation,350.2347,271.048,359.6876,CurrentState,End,Slider,51,Scenario,5
ID,19,Time,1578.328,DronePosition,-20.40468,45,-107.379,0,CameraPosition,-103.2211,1.682842,-107.5206,CameraRotation,350.2369,271.0449,359.6816,CurrentState,End,Slider,51,Scenario,5
ID,19,Time,1578.342,DronePosition,-20.40468,45,-107.379,0,CameraPosition,-103.2211,1.68282,-107.5206,CameraRotation,350.2487,271.0343,359.6936,CurrentState,End,Slider,51,Scenario,5
ID,19,Time,1578.356,DronePosition,-20.40468,45,-107.379,0,CameraPosition,-103.2211,1.682805,-107.5207,CameraRotation,350.2679,271.0192,359.7079,CurrentState,End,Slider,51,Scenario,5
ID,19,Time,1578.37,DronePosition,-20.40468,45,-107.379,0,CameraPosition,-103.2211,1.682794,-107.5207,CameraRotation,350.2858,270.9954,359.7136,CurrentState,End,Slider,51,Scenario,5
ID,19,Time,1578.384,DronePosition,-20.40468,45,-107.379,0,CameraPosition,-103.2212,1.682793,-107.5208,CameraRotation,350.2977,270.9623,359.716,CurrentState,End,Slider,51,Scenario,5
ID,19,Time,1578.398,DronePosition,-20.40468,45,-107.379,0,CameraPosition,-103.2212,1.682798,-107.5209,CameraRotation,350.2938,270.9139,359.7076,CurrentState,End,Slider,51,Scenario,5
ID,19,Time,1578.412,DronePosition,-20.40468,45,-107.379,0,CameraPosition,-103.2212,1.682785,-107.521,CameraRotation,350.291,270.864,359.711,CurrentState,End,Slider,51,Scenario,5
ID,19,Time,1578.426,DronePosition,-20.40468,45,-107.379,0,CameraPosition,-103.2212,1.682795,-107.5211,CameraRotation,350.2881,270.7994,359.7271,CurrentState,End,Slider,51,Scenario,5
ID,19,Time,1578.44,DronePosition,-20.40468,45,-107.379,0,CameraPosition,-103.2213,1.682852,-107.5213,CameraRotation,350.2455,270.7414,359.7487,CurrentState,End,Slider,51,Scenario,5
ID,19,Time,1578.454,DronePosition,-20.40468,45,-107.379,0,CameraPosition,-103.2213,1.682933,-107.5214,CameraRotation,350.1724,270.6786,359.7169,CurrentState,End,Slider,51,Scenario,5
ID,19,Time,1578.468,DronePosition,-20.40468,45,-107.379,0,CameraPosition,-103.2214,1.682983,-107.5215,CameraRotation,350.1419,270.627,359.6629,CurrentState,End,Slider,51,Scenario,5
ID,19,Time,1578.482,DronePosition,-20.40468,45,-107.379,0,CameraPosition,-103.2214,1.682988,-107.5217,CameraRotation,350.1509,270.5648,359.6562,CurrentState,End,Slider,51,Scenario,5
ID,19,Time,1578.5,DronePosition,-20.40468,45,-107.379,0,CameraPosition,-103.2214,1.682968,-107.5218,CameraRotation,350.1739,270.5074,359.6843,CurrentState,End,Slider,51,Scenario,5
ID,19,Time,1578.524,DronePosition,-20.40468,45,-107.379,0,CameraPosition,-103.2214,1.682905,-107.5222,CameraRotation,350.2038,270.4159,359.7683,CurrentState,End,Slider,51,Scenario,5
ID,19,Time,1578.537,DronePosition,-20.40468,45,-107.379,0,CameraPosition,-103.2214,1.682877,-107.5224,CameraRotation,350.2085,270.3946,359.7856,CurrentState,End,Slider,51,Scenario,5
ID,19,Time,1578.551,DronePosition,-20.40468,45,-107.379,0,CameraPosition,-103.2214,1.682862,-107.5226,CameraRotation,350.2022,270.3749,359.7926,CurrentState,End,Slider,51,Scenario,5
ID,19,Time,1578.565,DronePosition,-20.40468,45,-107.379,0,CameraPosition,-103.2214,1.682881,-107.5227,CameraRotation,350.1939,270.3476,359.8245,CurrentState,End,Slider,51,Scenario,5
ID,19,Time,1578.579,DronePosition,-20.40468,45,-107.379,0,CameraPosition,-103.2214,1.682891,-107.5229,CameraRotation,350.1603,270.3113,359.8679,CurrentState,End,Slider,51,Scenario,5
ID,19,Time,1578.593,DronePosition,-20.40468,45,-107.379,0,CameraPosition,-103.2214,1.682921,-107.523,CameraRotation,350.163,270.2567,359.8834,CurrentState,End,Slider,51,Scenario,5
ID,19,Time,1578.607,DronePosition,-20.40468,45,-107.379,0,CameraPosition,-103.2213,1.682926,-107.5231,CameraRotation,350.1648,270.2086,359.8828,CurrentState,End,Slider,51,Scenario,5
ID,19,Time,1578.621,DronePosition,-20.40468,45,-107.379,0,CameraPosition,-103.2213,1.682931,-107.5233,CameraRotation,350.1982,270.1477,359.8955,CurrentState,End,Slider,51,Scenario,5
ID,19,Time,1578.635,DronePosition,-20.40468,45,-107.379,0,CameraPosition,-103.2213,1.682912,-107.5234,CameraRotation,350.2016,270.1007,359.9115,CurrentState,End,Slider,51,Scenario,5
ID,19,Time,1578.649,DronePosition,-20.40468,45,-107.379,0,CameraPosition,-103.2213,1.682891,-107.5235,CameraRotation,350.2058,270.0505,359.9139,CurrentState,End,Slider,51,Scenario,5
ID,19,Time,1578.663,DronePosition,-20.40468,45,-107.379,0,CameraPosition,-103.2213,1.682869,-107.5236,CameraRotation,350.2221,270.0076,359.899,CurrentState,End,Slider,51,Scenario,5
ID,19,Time,1578.677,DronePosition,-20.40468,45,-107.379,0,CameraPosition,-103.2212,1.682871,-107.5238,CameraRotation,350.2401,269.9849,359.9056,CurrentState,End,Slider,51,Scenario,5
ID,19,Time,1578.691,DronePosition,-20.40468,45,-107.379,0,CameraPosition,-103.2212,1.682895,-107.5239,CameraRotation,350.2423,269.9509,359.9253,CurrentState,End,Slider,51,Scenario,5
ID,19,Time,1578.709,DronePosition,-20.40468,45,-107.379,0,CameraPosition,-103.2212,1.68292,-107.524,CameraRotation,350.2379,269.9152,359.9526,CurrentState,End,Slider,51,Scenario,5
ID,19,Time,1578.732,DronePosition,-20.40468,45,-107.379,0,CameraPosition,-103.2211,1.682924,-107.5242,CameraRotation,350.2292,269.8679,359.9847,CurrentState,End,Slider,51,Scenario,5
ID,19,Time,1578.746,DronePosition,-20.40468,45,-107.379,0,CameraPosition,-103.2211,1.682915,-107.5242,CameraRotation,350.2231,269.8508,359.9881,CurrentState,End,Slider,51,Scenario,5
ID,19,Time,1578.76,DronePosition,-20.40468,45,-107.379,0,CameraPosition,-103.221,1.682928,-107.5243,CameraRotation,350.2267,269.8341,359.987,CurrentState,End,Slider,51,Scenario,5
ID,19,Time,1578.774,DronePosition,-20.40468,45,-107.379,0,CameraPosition,-103.2209,1.682932,-107.5243,CameraRotation,350.2201,269.8305,359.9927,CurrentState,End,Slider,51,Scenario,5
ID,19,Time,1578.788,DronePosition,-20.40468,45,-107.379,0,CameraPosition,-103.2209,1.682955,-107.5243,CameraRotation,350.2227,269.8278,-0.002711266,CurrentState,End,Slider,51,Scenario,5
ID,19,Time,1578.801,DronePosition,-20.40468,45,-107.379,0,CameraPosition,-103.2208,1.68296,-107.5243,CameraRotation,350.2098,269.8336,359.9895,CurrentState,End,Slider,51,Scenario,5
ID,19,Time,1578.816,DronePosition,-20.40468,45,-107.379,0,CameraPosition,-103.2208,1.682976,-107.5243,CameraRotation,350.1879,269.8409,359.986,CurrentState,End,Slider,51,Scenario,5
ID,19,Time,1578.83,DronePosition,-20.40468,45,-107.379,0,CameraPosition,-103.2207,1.683007,-107.5243,CameraRotation,350.155,269.864,359.9753,CurrentState,End,Slider,51,Scenario,5
ID,19,Time,1578.843,DronePosition,-20.40468,45,-107.379,0,CameraPosition,-103.2207,1.683064,-107.5242,CameraRotation,350.1201,269.8796,359.9526,CurrentState,End,Slider,51,Scenario,5
ID,19,Time,1578.858,DronePosition,-20.40468,45,-107.379,0,CameraPosition,-103.2206,1.683127,-107.5241,CameraRotation,350.0915,269.8955,359.9447,CurrentState,End,Slider,51,Scenario,5
ID,19,Time,1578.872,DronePosition,-20.40468,45,-107.379,0,CameraPosition,-103.2206,1.683156,-107.524,CameraRotation,350.0602,269.913,359.9399,CurrentState,End,Slider,51,Scenario,5
ID,19,Time,1578.885,DronePosition,-20.40468,45,-107.379,0,CameraPosition,-103.2206,1.683184,-107.524,CameraRotation,350.0489,269.9159,359.9312,CurrentState,End,Slider,51,Scenario,5
ID,19,Time,1578.899,DronePosition,-20.40468,45,-107.379,0,CameraPosition,-103.2206,1.68321,-107.5239,CameraRotation,350.0506,269.9117,359.9209,CurrentState,End,Slider,51,Scenario,5
ID,19,Time,1578.918,DronePosition,-20.40468,45,-107.379,0,CameraPosition,-103.2205,1.683219,-107.5239,CameraRotation,350.0383,269.9202,359.9012,CurrentState,End,Slider,51,Scenario,5
ID,19,Time,1578.941,DronePosition,-20.40468,45,-107.379,0,CameraPosition,-103.2205,1.683239,-107.5237,CameraRotation,350.0436,269.9386,359.869,CurrentState,End,Slider,51,Scenario,5
ID,19,Time,1578.955,DronePosition,-20.40468,45,-107.379,0,CameraPosition,-103.2205,1.683226,-107.5236,CameraRotation,350.027,269.9532,359.8628,CurrentState,End,Slider,51,Scenario,5
ID,19,Time,1578.968,DronePosition,-20.40468,45,-107.379,0,CameraPosition,-103.2205,1.683232,-107.5235,CameraRotation,350.0134,269.9777,359.8565,CurrentState,End,Slider,51,Scenario,5
ID,19,Time,1578.982,DronePosition,-20.40468,45,-107.379,0,CameraPosition,-103.2204,1.683218,-107.5235,CameraRotation,350.0027,270.0015,359.8635,CurrentState,End,Slider,51,Scenario,5
ID,19,Time,1578.997,DronePosition,-20.40468,45,-107.379,0,CameraPosition,-103.2204,1.683207,-107.5234,CameraRotation,350.0144,270.0369,359.8728,CurrentState,End,Slider,51,Scenario,5
ID,19,Time,1579.01,DronePosition,-20.40468,45,-107.379,0,CameraPosition,-103.2205,1.683188,-107.5232,CameraRotation,350.0237,270.0607,359.8769,CurrentState,End,Slider,51,Scenario,5
ID,19,Time,1579.024,DronePosition,-20.40468,45,-107.379,0,CameraPosition,-103.2205,1.683182,-107.5231,CameraRotation,350.0347,270.0971,359.8836,CurrentState,End,Slider,51,Scenario,5
ID,19,Time,1579.038,DronePosition,-20.40468,45,-107.379,0,CameraPosition,-103.2205,1.683172,-107.5231,CameraRotation,350.0507,270.1205,359.8918,CurrentState,End,Slider,51,Scenario,5
ID,19,Time,1579.052,DronePosition,-20.40468,45,-107.379,0,CameraPosition,-103.2205,1.683132,-107.523,CameraRotation,350.0694,270.1361,359.9042,CurrentState,End,Slider,51,Scenario,5
ID,19,Time,1579.067,DronePosition,-20.40468,45,-107.379,0,CameraPosition,-103.2204,1.683119,-107.5229,CameraRotation,350.0961,270.1497,359.9258,CurrentState,End,Slider,51,Scenario,5
ID,19,Time,1579.08,DronePosition,-20.40468,45,-107.379,0,CameraPosition,-103.2204,1.683171,-107.5228,CameraRotation,350.0856,270.1577,359.9289,CurrentState,End,Slider,51,Scenario,5
ID,19,Time,1579.094,DronePosition,-20.40468,45,-107.379,0,CameraPosition,-103.2204,1.683237,-107.5228,CameraRotation,350.0591,270.1715,359.8631,CurrentState,End,Slider,51,Scenario,5
ID,19,Time,1579.108,DronePosition,-20.40468,45,-107.379,0,CameraPosition,-103.2204,1.683269,-107.5227,CameraRotation,350.0549,270.1773,359.7923,CurrentState,End,Slider,51,Scenario,5
ID,19,Time,1579.127,DronePosition,-20.40468,45,-107.379,0,CameraPosition,-103.2204,1.683263,-107.5227,CameraRotation,350.073,270.1733,359.7696,CurrentState,End,Slider,51,Scenario,5
ID,19,Time,1579.149,DronePosition,-20.40468,45,-107.379,0,CameraPosition,-103.2203,1.683262,-107.5227,CameraRotation,350.0924,270.1501,359.8185,CurrentState,End,Slider,51,Scenario,5
ID,19,Time,1579.163,DronePosition,-20.40468,45,-107.379,0,CameraPosition,-103.2203,1.683257,-107.5226,CameraRotation,350.0747,270.1621,359.8397,CurrentState,End,Slider,51,Scenario,5
ID,19,Time,1579.177,DronePosition,-20.40468,45,-107.379,0,CameraPosition,-103.2203,1.683274,-107.5226,CameraRotation,350.0643,270.1774,359.8397,CurrentState,End,Slider,51,Scenario,5
ID,19,Time,1579.191,DronePosition,-20.40468,45,-107.379,0,CameraPosition,-103.2203,1.683288,-107.5227,CameraRotation,350.0231,270.1913,359.8426,CurrentState,End,Slider,51,Scenario,5
ID,19,Time,1579.206,DronePosition,-20.40468,45,-107.379,0,CameraPosition,-103.2202,1.683326,-107.5227,CameraRotation,349.9998,270.1988,359.8686,CurrentState,End,Slider,51,Scenario,5
ID,19,Time,1579.219,DronePosition,-20.40468,45,-107.379,0,CameraPosition,-103.2202,1.683332,-107.5227,CameraRotation,349.9743,270.1985,359.8885,CurrentState,End,Slider,51,Scenario,5
ID,19,Time,1579.233,DronePosition,-20.40468,45,-107.379,0,CameraPosition,-103.2202,1.683364,-107.5227,CameraRotation,349.9835,270.1931,359.8864,CurrentState,End,Slider,51,Scenario,5
ID,19,Time,1579.247,DronePosition,-20.40468,45,-107.379,0,CameraPosition,-103.2202,1.683343,-107.5227,CameraRotation,349.9825,270.1923,359.8791,CurrentState,End,Slider,51,Scenario,5
ID,19,Time,1579.261,DronePosition,-20.40468,45,-107.379,0,CameraPosition,-103.2202,1.683331,-107.5227,CameraRotation,350.0005,270.176,359.875,CurrentState,End,Slider,51,Scenario,5
ID,19,Time,1579.275,DronePosition,-20.40468,45,-107.379,0,CameraPosition,-103.2201,1.683329,-107.5227,CameraRotation,350.01,270.1707,359.8819,CurrentState,End,Slider,51,Scenario,5
ID,19,Time,1579.29,DronePosition,-20.40468,45,-107.379,0,CameraPosition,-103.2202,1.683327,-107.5227,CameraRotation,350.0058,270.1725,359.8575,CurrentState,End,Slider,51,Scenario,5
ID,19,Time,1579.303,DronePosition,-20.40468,45,-107.379,0,CameraPosition,-103.2202,1.683332,-107.5228,CameraRotation,350.002,270.1795,359.8259,CurrentState,End,Slider,51,Scenario,5
ID,19,Time,1579.317,DronePosition,-20.40468,45,-107.379,0,CameraPosition,-103.2202,1.683337,-107.5228,CameraRotation,349.99,270.1884,359.8302,CurrentState,End,Slider,51,Scenario,5
ID,19,Time,1579.336,DronePosition,-20.40468,45,-107.379,0,CameraPosition,-103.2203,1.683346,-107.5228,CameraRotation,349.9943,270.1829,359.8482,CurrentState,End,Slider,51,Scenario,5
ID,19,Time,1579.358,DronePosition,-20.40468,45,-107.379,0,CameraPosition,-103.2204,1.683329,-107.523,CameraRotation,349.9995,270.1446,359.8894,CurrentState,End,Slider,51,Scenario,5
ID,19,Time,1579.372,DronePosition,-20.40468,45,-107.379,0,CameraPosition,-103.2205,1.683325,-107.523,CameraRotation,349.9954,270.1027,359.8995,CurrentState,End,Slider,51,Scenario,5
ID,19,Time,1579.386,DronePosition,-20.40468,45,-107.379,0,CameraPosition,-103.2205,1.6833,-107.5231,CameraRotation,350.0096,270.0612,359.9009,CurrentState,End,Slider,51,Scenario,5
ID,19,Time,1579.4,DronePosition,-20.40468,45,-107.379,0,CameraPosition,-103.2206,1.683235,-107.5232,CameraRotation,350.0347,270.0094,359.9024,CurrentState,End,Slider,51,Scenario,5
ID,19,Time,1579.414,DronePosition,-20.40468,45,-107.379,0,CameraPosition,-103.2207,1.683153,-107.5233,CameraRotation,350.0625,269.9623,359.908,CurrentState,End,Slider,51,Scenario,5
ID,19,Time,1579.429,DronePosition,-20.40468,45,-107.379,0,CameraPosition,-103.2208,1.683102,-107.5234,CameraRotation,350.0827,269.9262,359.9114,CurrentState,End,Slider,51,Scenario,5
ID,19,Time,1579.442,DronePosition,-20.40468,45,-107.379,0,CameraPosition,-103.2209,1.683081,-107.5235,CameraRotation,350.1047,269.8969,359.9117,CurrentState,End,Slider,51,Scenario,5
ID,19,Time,1579.456,DronePosition,-20.40468,45,-107.379,0,CameraPosition,-103.221,1.683053,-107.5235,CameraRotation,350.132,269.884,359.9124,CurrentState,End,Slider,51,Scenario,5
ID,19,Time,1579.47,DronePosition,-20.40468,45,-107.379,0,CameraPosition,-103.2211,1.683024,-107.5236,CameraRotation,350.1522,269.8801,359.9117,CurrentState,End,Slider,51,Scenario,5
ID,19,Time,1579.484,DronePosition,-20.40468,45,-107.379,0,CameraPosition,-103.2212,1.682975,-107.5236,CameraRotation,350.1674,269.8811,359.9251,CurrentState,End,Slider,51,Scenario,5
ID,19,Time,1579.498,DronePosition,-20.40468,45,-107.379,0,CameraPosition,-103.2213,1.682932,-107.5237,CameraRotation,350.1969,269.8903,359.9438,CurrentState,End,Slider,51,Scenario,5
ID,19,Time,1579.512,DronePosition,-20.40468,45,-107.379,0,CameraPosition,-103.2214,1.682877,-107.5237,CameraRotation,350.2245,269.8899,359.9647,CurrentState,End,Slider,51,Scenario,5
ID,19,Time,1579.526,DronePosition,-20.40468,45,-107.379,0,CameraPosition,-103.2215,1.682841,-107.5238,CameraRotation,350.2627,269.8932,359.9772,CurrentState,End,Slider,51,Scenario,5
ID,19,Time,1579.545,DronePosition,-20.40468,45,-107.379,0,CameraPosition,-103.2215,1.682804,-107.5238,CameraRotation,350.287,269.8973,359.99,CurrentState,End,Slider,51,Scenario,5
ID,19,Time,1579.567,DronePosition,-20.40468,45,-107.379,0,CameraPosition,-103.2216,1.682755,-107.524,CameraRotation,350.3321,269.8843,0.01452016,CurrentState,End,Slider,51,Scenario,5
ID,19,Time,1579.581,DronePosition,-20.40468,45,-107.379,0,CameraPosition,-103.2216,1.68275,-107.5241,CameraRotation,350.349,269.8674,0.02872493,CurrentState,End,Slider,51,Scenario,5
ID,19,Time,1579.595,DronePosition,-20.40468,45,-107.379,0,CameraPosition,-103.2216,1.682746,-107.5242,CameraRotation,350.3524,269.8477,0.04232508,CurrentState,End,Slider,51,Scenario,5
ID,19,Time,1579.609,DronePosition,-20.40468,45,-107.379,0,CameraPosition,-103.2216,1.682759,-107.5243,CameraRotation,350.3415,269.8216,0.057494,CurrentState,End,Slider,51,Scenario,5
ID,19,Time,1579.623,DronePosition,-20.40468,45,-107.379,0,CameraPosition,-103.2216,1.682791,-107.5243,CameraRotation,350.326,269.7927,0.06849775,CurrentState,End,Slider,51,Scenario,5
ID,19,Time,1579.637,DronePosition,-20.40468,45,-107.379,0,CameraPosition,-103.2216,1.682845,-107.5244,CameraRotation,350.2968,269.7644,0.07514414,CurrentState,End,Slider,51,Scenario,5
ID,19,Time,1579.651,DronePosition,-20.40468,45,-107.379,0,CameraPosition,-103.2216,1.682888,-107.5245,CameraRotation,350.2651,269.747,0.08522833,CurrentState,End,Slider,51,Scenario,5
ID,19,Time,1579.665,DronePosition,-20.40468,45,-107.379,0,CameraPosition,-103.2216,1.682916,-107.5245,CameraRotation,350.2412,269.7397,0.09049554,CurrentState,End,Slider,51,Scenario,5
ID,19,Time,1579.679,DronePosition,-20.40468,45,-107.379,0,CameraPosition,-103.2215,1.682937,-107.5246,CameraRotation,350.2415,269.73,0.09688754,CurrentState,End,Slider,51,Scenario,5
ID,19,Time,1579.693,DronePosition,-20.40468,45,-107.379,0,CameraPosition,-103.2215,1.682938,-107.5246,CameraRotation,350.2349,269.7232,0.1045777,CurrentState,End,Slider,51,Scenario,5
ID,19,Time,1579.707,DronePosition,-20.40468,45,-107.379,0,CameraPosition,-103.2214,1.682966,-107.5247,CameraRotation,350.2156,269.7284,0.1208599,CurrentState,End,Slider,51,Scenario,5
ID,19,Time,1579.721,DronePosition,-20.40468,45,-107.379,0,CameraPosition,-103.2214,1.682989,-107.5247,CameraRotation,350.1818,269.7303,0.1436395,CurrentState,End,Slider,51,Scenario,5
ID,19,Time,1579.735,DronePosition,-20.40468,45,-107.379,0,CameraPosition,-103.2213,1.683034,-107.5248,CameraRotation,350.1429,269.7278,0.1400749,CurrentState,End,Slider,51,Scenario,5
ID,19,Time,1579.753,DronePosition,-20.40468,45,-107.379,0,CameraPosition,-103.2212,1.683066,-107.5249,CameraRotation,350.0909,269.7221,0.1502778,CurrentState,End,Slider,51,Scenario,5
ID,19,Time,1579.776,DronePosition,-20.40468,45,-107.379,0,CameraPosition,-103.2211,1.683128,-107.5249,CameraRotation,350.0454,269.7024,0.1877994,CurrentState,End,Slider,51,Scenario,5
ID,19,Time,1579.79,DronePosition,-20.40468,45,-107.379,0,CameraPosition,-103.221,1.683207,-107.5249,CameraRotation,350.001,269.6886,0.2131008,CurrentState,End,Slider,51,Scenario,5
ID,19,Time,1579.804,DronePosition,-20.40468,45,-107.379,0,CameraPosition,-103.221,1.683311,-107.5249,CameraRotation,349.9259,269.6674,0.1810623,CurrentState,End,Slider,51,Scenario,5
ID,19,Time,1579.818,DronePosition,-20.40468,45,-107.379,0,CameraPosition,-103.2209,1.683393,-107.5249,CameraRotation,349.8828,269.6544,0.0901347,CurrentState,End,Slider,51,Scenario,5
ID,19,Time,1579.832,DronePosition,-20.40468,45,-107.379,0,CameraPosition,-103.2208,1.68343,-107.5249,CameraRotation,349.8654,269.6473,0.06217155,CurrentState,End,Slider,51,Scenario,5
ID,19,Time,1579.846,DronePosition,-20.40468,45,-107.379,0,CameraPosition,-103.2207,1.683455,-107.5249,CameraRotation,349.8642,269.64,0.07509296,CurrentState,End,Slider,51,Scenario,5
ID,19,Time,1579.86,DronePosition,-20.40468,45,-107.379,0,CameraPosition,-103.2206,1.683451,-107.5249,CameraRotation,349.8582,269.6367,0.09650564,CurrentState,End,Slider,51,Scenario,5
ID,19,Time,1579.874,DronePosition,-20.40468,45,-107.379,0,CameraPosition,-103.2206,1.683447,-107.5248,CameraRotation,349.8275,269.6624,0.09801766,CurrentState,End,Slider,51,Scenario,5
ID,19,Time,1579.888,DronePosition,-20.40468,45,-107.379,0,CameraPosition,-103.2205,1.683465,-107.5248,CameraRotation,349.799,269.701,0.07669319,CurrentState,End,Slider,51,Scenario,5
ID,19,Time,1579.902,DronePosition,-20.40468,45,-107.379,0,CameraPosition,-103.2204,1.683467,-107.5247,CameraRotation,349.7536,269.7463,0.07382368,CurrentState,End,Slider,51,Scenario,5
ID,19,Time,1579.916,DronePosition,-20.40468,45,-107.379,0,CameraPosition,-103.2204,1.683484,-107.5246,CameraRotation,349.7113,269.7667,0.08941752,CurrentState,End,Slider,51,Scenario,5
ID,19,Time,1579.93,DronePosition,-20.40468,45,-107.379,0,CameraPosition,-103.2204,1.683509,-107.5246,CameraRotation,349.6897,269.788,0.09151153,CurrentState,End,Slider,51,Scenario,5
ID,19,Time,1579.943,DronePosition,-20.40468,45,-107.379,0,CameraPosition,-103.2203,1.683524,-107.5245,CameraRotation,349.6817,269.7922,0.08684807,CurrentState,End,Slider,51,Scenario,5
ID,19,Time,1579.962,DronePosition,-20.40468,45,-107.379,0,CameraPosition,-103.2203,1.683503,-107.5244,CameraRotation,349.692,269.8,0.06472638,CurrentState,End,Slider,51,Scenario,5
ID,19,Time,1579.985,DronePosition,-20.40468,45,-107.379,0,CameraPosition,-103.2202,1.683384,-107.5243,CameraRotation,349.7752,269.8117,359.9889,CurrentState,End,Slider,51,Scenario,5
ID,19,Time,1579.999,DronePosition,-20.40468,45,-107.379,0,CameraPosition,-103.2202,1.68335,-107.5242,CameraRotation,349.7924,269.8259,359.9868,CurrentState,End,Slider,51,Scenario,5
ID,19,Time,1580.013,DronePosition,-20.40468,45,-107.379,0,CameraPosition,-103.2201,1.68334,-107.5242,CameraRotation,349.7779,269.8414,359.9659,CurrentState,End,Slider,51,Scenario,5
ID,19,Time,1580.027,DronePosition,-20.40468,45,-107.379,0,CameraPosition,-103.2201,1.683349,-107.5241,CameraRotation,349.7697,269.8571,359.9439,CurrentState,End,Slider,51,Scenario,5
ID,19,Time,1580.041,DronePosition,-20.40468,45,-107.379,0,CameraPosition,-103.2201,1.683351,-107.5241,CameraRotation,349.7617,269.8731,359.9557,CurrentState,End,Slider,51,Scenario,5
ID,19,Time,1580.055,DronePosition,-20.40468,45,-107.379,0,CameraPosition,-103.2201,1.683318,-107.5241,CameraRotation,349.7514,269.8791,359.9806,CurrentState,End,Slider,51,Scenario,5
ID,19,Time,1580.069,DronePosition,-20.40468,45,-107.379,0,CameraPosition,-103.2201,1.683299,-107.524,CameraRotation,349.7607,269.868,0.001900892,CurrentState,End,Slider,51,Scenario,5
ID,19,Time,1580.083,DronePosition,-20.40468,45,-107.379,0,CameraPosition,-103.22,1.683283,-107.524,CameraRotation,349.7861,269.8592,0.0200879,CurrentState,End,Slider,51,Scenario,5
ID,19,Time,1580.097,DronePosition,-20.40468,45,-107.379,0,CameraPosition,-103.2199,1.683234,-107.524,CameraRotation,349.8061,269.832,0.02782965,CurrentState,End,Slider,51,Scenario,5
ID,19,Time,1580.11,DronePosition,-20.40468,45,-107.379,0,CameraPosition,-103.2199,1.683182,-107.524,CameraRotation,349.8272,269.8101,0.03339353,CurrentState,End,Slider,51,Scenario,5
ID,19,Time,1580.125,DronePosition,-20.40468,45,-107.379,0,CameraPosition,-103.2198,1.683145,-107.5241,CameraRotation,349.8551,269.7719,0.05548683,CurrentState,End,Slider,51,Scenario,5
ID,19,Time,1580.138,DronePosition,-20.40468,45,-107.379,0,CameraPosition,-103.2198,1.68311,-107.5241,CameraRotation,349.855,269.7178,0.07189596,CurrentState,End,Slider,51,Scenario,5
ID,19,Time,1580.153,DronePosition,-20.40468,45,-107.379,0,CameraPosition,-103.2198,1.683112,-107.5241,CameraRotation,349.8454,269.6878,0.06867672,CurrentState,End,Slider,51,Scenario,5
ID,19,Time,1580.171,DronePosition,-20.40468,45,-107.379,0,CameraPosition,-103.2197,1.683118,-107.5241,CameraRotation,349.8307,269.6541,0.06288089,CurrentState,End,Slider,51,Scenario,5
ID,19,Time,1580.194,DronePosition,-20.40468,45,-107.379,0,CameraPosition,-103.2196,1.68314,-107.524,CameraRotation,349.8129,269.6244,0.05121113,CurrentState,End,Slider,51,Scenario,5
ID,19,Time,1580.208,DronePosition,-20.40468,45,-107.379,0,CameraPosition,-103.2195,1.683151,-107.524,CameraRotation,349.8187,269.6272,0.04390944,CurrentState,End,Slider,51,Scenario,5
ID,19,Time,1580.222,DronePosition,-20.40468,45,-107.379,0,CameraPosition,-103.2195,1.683148,-107.524,CameraRotation,349.8286,269.6454,0.04551626,CurrentState,End,Slider,51,Scenario,5
ID,19,Time,1580.235,DronePosition,-20.40468,45,-107.379,0,CameraPosition,-103.2194,1.683129,-107.5239,CameraRotation,349.8484,269.6755,0.04931072,CurrentState,End,Slider,51,Scenario,5
ID,19,Time,1580.25,DronePosition,-20.40468,45,-107.379,0,CameraPosition,-103.2193,1.683105,-107.5238,CameraRotation,349.8545,269.7067,0.03965501,CurrentState,End,Slider,51,Scenario,5
ID,19,Time,1580.263,DronePosition,-20.40468,45,-107.379,0,CameraPosition,-103.2192,1.683101,-107.5237,CameraRotation,349.8654,269.7407,0.03313283,CurrentState,End,Slider,51,Scenario,5
ID,19,Time,1580.278,DronePosition,-20.40468,45,-107.379,0,CameraPosition,-103.2192,1.683112,-107.5236,CameraRotation,349.8647,269.7765,0.02647718,CurrentState,End,Slider,51,Scenario,5
ID,19,Time,1580.291,DronePosition,-20.40468,45,-107.379,0,CameraPosition,-103.2191,1.683147,-107.5235,CameraRotation,349.8732,269.7945,0.02577918,CurrentState,End,Slider,51,Scenario,5
ID,19,Time,1580.305,DronePosition,-20.40468,45,-107.379,0,CameraPosition,-103.219,1.683176,-107.5235,CameraRotation,349.8705,269.7973,0.02115846,CurrentState,End,Slider,51,Scenario,5
ID,19,Time,1580.319,DronePosition,-20.40468,45,-107.379,0,CameraPosition,-103.2189,1.683205,-107.5234,CameraRotation,349.8668,269.7965,0.02031569,CurrentState,End,Slider,51,Scenario,5
ID,19,Time,1580.333,DronePosition,-20.40468,45,-107.379,0,CameraPosition,-103.2188,1.683239,-107.5234,CameraRotation,349.8501,269.795,0.02312219,CurrentState,End,Slider,51,Scenario,5
ID,19,Time,1580.347,DronePosition,-20.40468,45,-107.379,0,CameraPosition,-103.2188,1.683251,-107.5233,CameraRotation,349.8411,269.7916,0.0273027,CurrentState,End,Slider,51,Scenario,5
ID,19,Time,1580.361,DronePosition,-20.40468,45,-107.379,0,CameraPosition,-103.2186,1.683289,-107.5233,CameraRotation,349.8375,269.7861,0.01791187,CurrentState,End,Slider,51,Scenario,5
ID,19,Time,1580.38,DronePosition,-20.40468,45,-107.379,0,CameraPosition,-103.2185,1.68333,-107.5232,CameraRotation,349.8227,269.7857,0.01693945,CurrentState,End,Slider,51,Scenario,5
ID,19,Time,1580.402,DronePosition,-20.40468,45,-107.379,0,CameraPosition,-103.2183,1.683412,-107.5231,CameraRotation,349.7811,269.7853,0.00938326,CurrentState,End,Slider,51,Scenario,5
ID,19,Time,1580.417,DronePosition,-20.40468,45,-107.379,0,CameraPosition,-103.2182,1.68343,-107.523,CameraRotation,349.7661,269.7793,0.0003795646,CurrentState,End,Slider,51,Scenario,5
ID,19,Time,1580.431,DronePosition,-20.40468,45,-107.379,0,CameraPosition,-103.2181,1.68346,-107.5229,CameraRotation,349.7651,269.779,359.9927,CurrentState,End,Slider,51,Scenario,5
ID,19,Time,1580.445,DronePosition,-20.40468,45,-107.379,0,CameraPosition,-103.218,1.68347,-107.5229,CameraRotation,349.7547,269.7592,0.005844637,CurrentState,End,Slider,51,Scenario,5
ID,19,Time,1580.458,DronePosition,-20.40468,45,-107.379,0,CameraPosition,-103.2179,1.683481,-107.5228,CameraRotation,349.7416,269.7671,359.9881,CurrentState,End,Slider,51,Scenario,5
ID,19,Time,1580.473,DronePosition,-20.40468,45,-107.379,0,CameraPosition,-103.2178,1.683499,-107.5227,CameraRotation,349.739,269.7538,359.9816,CurrentState,End,Slider,51,Scenario,5
ID,19,Time,1580.487,DronePosition,-20.40468,45,-107.379,0,CameraPosition,-103.2177,1.683524,-107.5227,CameraRotation,349.7213,269.7581,359.9867,CurrentState,End,Slider,51,Scenario,5
ID,19,Time,1580.5,DronePosition,-20.40468,45,-107.379,0,CameraPosition,-103.2176,1.683532,-107.5226,CameraRotation,349.7051,269.7629,-0.003560351,CurrentState,End,Slider,51,Scenario,5
ID,19,Time,1580.514,DronePosition,-20.40468,45,-107.379,0,CameraPosition,-103.2175,1.683556,-107.5225,CameraRotation,349.7004,269.7617,0.007756874,CurrentState,End,Slider,51,Scenario,5
ID,19,Time,1580.529,DronePosition,-20.40468,45,-107.379,0,CameraPosition,-103.2174,1.683637,-107.5224,CameraRotation,349.6724,269.764,0.01895826,CurrentState,End,Slider,51,Scenario,5
ID,19,Time,1580.542,DronePosition,-20.40468,45,-107.379,0,CameraPosition,-103.2173,1.683713,-107.5224,CameraRotation,349.6196,269.7757,359.973,CurrentState,End,Slider,51,Scenario,5
ID,19,Time,1580.556,DronePosition,-20.40468,45,-107.379,0,CameraPosition,-103.2172,1.683756,-107.5223,CameraRotation,349.6078,269.7834,359.8963,CurrentState,End,Slider,51,Scenario,5
ID,19,Time,1580.57,DronePosition,-20.40468,45,-107.379,0,CameraPosition,-103.2171,1.683766,-107.5223,CameraRotation,349.6147,269.7866,359.8738,CurrentState,End,Slider,51,Scenario,5
ID,19,Time,1580.589,DronePosition,-20.40468,45,-107.379,0,CameraPosition,-103.2169,1.68377,-107.5222,CameraRotation,349.6488,269.7835,359.8868,CurrentState,End,Slider,51,Scenario,5
ID,19,Time,1580.612,DronePosition,-20.40468,45,-107.379,0,CameraPosition,-103.2167,1.6838,-107.5222,CameraRotation,349.6646,269.7572,359.9529,CurrentState,End,Slider,51,Scenario,5
ID,19,Time,1580.625,DronePosition,-20.40468,45,-107.379,0,CameraPosition,-103.2165,1.683852,-107.5223,CameraRotation,349.6392,269.7613,359.9637,CurrentState,End,Slider,51,Scenario,5
ID,19,Time,1580.639,DronePosition,-20.40468,45,-107.379,0,CameraPosition,-103.2164,1.683926,-107.5223,CameraRotation,349.5993,269.7584,359.9657,CurrentState,End,Slider,51,Scenario,5
ID,19,Time,1580.653,DronePosition,-20.40468,45,-107.379,0,CameraPosition,-103.2164,1.683985,-107.5224,CameraRotation,349.5474,269.7433,359.988,CurrentState,End,Slider,51,Scenario,5
ID,19,Time,1580.667,DronePosition,-20.40468,45,-107.379,0,CameraPosition,-103.2163,1.684035,-107.5224,CameraRotation,349.5224,269.7148,0.01608435,CurrentState,End,Slider,51,Scenario,5
ID,19,Time,1580.681,DronePosition,-20.40468,45,-107.379,0,CameraPosition,-103.2162,1.684064,-107.5225,CameraRotation,349.5179,269.6891,0.03543339,CurrentState,End,Slider,51,Scenario,5
ID,19,Time,1580.695,DronePosition,-20.40468,45,-107.379,0,CameraPosition,-103.2161,1.684064,-107.5226,CameraRotation,349.5142,269.6595,0.02577818,CurrentState,End,Slider,51,Scenario,5
ID,19,Time,1580.709,DronePosition,-20.40468,45,-107.379,0,CameraPosition,-103.216,1.684032,-107.5226,CameraRotation,349.5254,269.6333,0.02879178,CurrentState,End,Slider,51,Scenario,5
ID,19,Time,1580.723,DronePosition,-20.40468,45,-107.379,0,CameraPosition,-103.2159,1.684041,-107.5227,CameraRotation,349.5516,269.6105,0.04493861,CurrentState,End,Slider,51,Scenario,5
ID,19,Time,1580.737,DronePosition,-20.40468,45,-107.379,0,CameraPosition,-103.2158,1.684048,-107.5227,CameraRotation,349.5578,269.598,0.05414489,CurrentState,End,Slider,51,Scenario,5
ID,19,Time,1580.751,DronePosition,-20.40468,45,-107.379,0,CameraPosition,-103.2158,1.684049,-107.5228,CameraRotation,349.5584,269.5947,0.03929594,CurrentState,End,Slider,51,Scenario,5
ID,19,Time,1580.765,DronePosition,-20.40468,45,-107.379,0,CameraPosition,-103.2157,1.684051,-107.5228,CameraRotation,349.5621,269.5872,0.03382403,CurrentState,End,Slider,51,Scenario,5
ID,19,Time,1580.779,DronePosition,-20.40468,45,-107.379,0,CameraPosition,-103.2157,1.68404,-107.5229,CameraRotation,349.5581,269.5892,0.05455895,CurrentState,End,Slider,51,Scenario,5
ID,19,Time,1580.797,DronePosition,-20.40468,45,-107.379,0,CameraPosition,-103.2157,1.684054,-107.523,CameraRotation,349.5579,269.5709,0.0773636,CurrentState,End,Slider,51,Scenario,5
ID,19,Time,1580.82,DronePosition,-20.40468,45,-107.379,0,CameraPosition,-103.2156,1.684047,-107.5231,CameraRotation,349.5617,269.548,0.115636,CurrentState,End,Slider,51,Scenario,5
ID,19,Time,1580.834,DronePosition,-20.40468,45,-107.379,0,CameraPosition,-103.2156,1.684051,-107.5232,CameraRotation,349.574,269.5403,0.124882,CurrentState,End,Slider,51,Scenario,5
ID,19,Time,1580.848,DronePosition,-20.40468,45,-107.379,0,CameraPosition,-103.2156,1.684011,-107.5233,CameraRotation,349.5702,269.5259,0.1194148,CurrentState,End,Slider,51,Scenario,5
ID,19,Time,1580.862,DronePosition,-20.40468,45,-107.379,0,CameraPosition,-103.2157,1.683985,-107.5234,CameraRotation,349.5695,269.507,0.1220893,CurrentState,End,Slider,51,Scenario,5
ID,19,Time,1580.876,DronePosition,-20.40468,45,-107.379,0,CameraPosition,-103.2158,1.683977,-107.5234,CameraRotation,349.5518,269.4901,0.1296146,CurrentState,End,Slider,51,Scenario,5
ID,19,Time,1580.89,DronePosition,-20.40468,45,-107.379,0,CameraPosition,-103.2158,1.68397,-107.5235,CameraRotation,349.5458,269.4754,0.1328811,CurrentState,End,Slider,51,Scenario,5
ID,19,Time,1580.904,DronePosition,-20.40468,45,-107.379,0,CameraPosition,-103.2158,1.683935,-107.5236,CameraRotation,349.5616,269.4562,0.1358681,CurrentState,End,Slider,51,Scenario,5
ID,19,Time,1580.918,DronePosition,-20.40468,45,-107.379,0,CameraPosition,-103.2159,1.683892,-107.5237,CameraRotation,349.5973,269.4357,0.1354202,CurrentState,End,Slider,51,Scenario,5
ID,19,Time,1580.932,DronePosition,-20.40468,45,-107.379,0,CameraPosition,-103.2159,1.683847,-107.5237,CameraRotation,349.6132,269.4081,0.1336444,CurrentState,End,Slider,51,Scenario,5
ID,19,Time,1580.946,DronePosition,-20.40468,45,-107.379,0,CameraPosition,-103.2159,1.683814,-107.5238,CameraRotation,349.6469,269.3793,0.1348307,CurrentState,End,Slider,51,Scenario,5
ID,19,Time,1580.96,DronePosition,-20.40468,45,-107.379,0,CameraPosition,-103.216,1.683786,-107.5239,CameraRotation,349.6738,269.3734,0.1270131,CurrentState,End,Slider,51,Scenario,5
ID,19,Time,1580.973,DronePosition,-20.40468,45,-107.379,0,CameraPosition,-103.216,1.68377,-107.524,CameraRotation,349.7023,269.3593,0.1391072,CurrentState,End,Slider,51,Scenario,5
ID,19,Time,1580.988,DronePosition,-20.40468,45,-107.379,0,CameraPosition,-103.2161,1.683742,-107.5241,CameraRotation,349.7104,269.3546,0.1544824,CurrentState,End,Slider,51,Scenario,5
ID,19,Time,1581.007,DronePosition,-20.40468,45,-107.379,0,CameraPosition,-103.2161,1.683699,-107.5241,CameraRotation,349.7257,269.3438,0.1740483,CurrentState,End,Slider,51,Scenario,5
ID,19,Time,1581.029,DronePosition,-20.40468,45,-107.379,0,CameraPosition,-103.2161,1.68364,-107.5243,CameraRotation,349.7493,269.3251,0.1998094,CurrentState,End,Slider,51,Scenario,5
ID,19,Time,1581.043,DronePosition,-20.40468,45,-107.379,0,CameraPosition,-103.2161,1.683621,-107.5244,CameraRotation,349.7563,269.3058,0.2114328,CurrentState,End,Slider,51,Scenario,5
ID,19,Time,1581.057,DronePosition,-20.40468,45,-107.379,0,CameraPosition,-103.2161,1.683604,-107.5245,CameraRotation,349.7696,269.2868,0.2106014,CurrentState,End,Slider,51,Scenario,5
ID,19,Time,1581.071,DronePosition,-20.40468,45,-107.379,0,CameraPosition,-103.2162,1.683587,-107.5246,CameraRotation,349.7744,269.2724,0.2040971,CurrentState,End,Slider,51,Scenario,5
ID,19,Time,1581.085,DronePosition,-20.40468,45,-107.379,0,CameraPosition,-103.2162,1.683594,-107.5247,CameraRotation,349.7713,269.2533,0.2104831,CurrentState,End,Slider,51,Scenario,5
ID,19,Time,1581.099,DronePosition,-20.40468,45,-107.379,0,CameraPosition,-103.2162,1.683614,-107.5248,CameraRotation,349.7714,269.2328,0.2169118,CurrentState,End,Slider,51,Scenario,5
ID,19,Time,1581.113,DronePosition,-20.40468,45,-107.379,0,CameraPosition,-103.2162,1.683593,-107.5249,CameraRotation,349.7737,269.2204,0.2208416,CurrentState,End,Slider,51,Scenario,5
ID,19,Time,1581.126,DronePosition,-20.40468,45,-107.379,0,CameraPosition,-103.2162,1.68357,-107.5249,CameraRotation,349.7943,269.2126,0.2164125,CurrentState,End,Slider,51,Scenario,5
ID,19,Time,1581.141,DronePosition,-20.40468,45,-107.379,0,CameraPosition,-103.2161,1.683557,-107.525,CameraRotation,349.799,269.2105,0.2161421,CurrentState,End,Slider,51,Scenario,5
ID,19,Time,1581.155,DronePosition,-20.40468,45,-107.379,0,CameraPosition,-103.2161,1.683565,-107.5251,CameraRotation,349.7876,269.2029,0.2299517,CurrentState,End,Slider,51,Scenario,5
ID,19,Time,1581.168,DronePosition,-20.40468,45,-107.379,0,CameraPosition,-103.2161,1.68361,-107.5252,CameraRotation,349.7596,269.2123,0.2391933,CurrentState,End,Slider,51,Scenario,5
ID,19,Time,1581.182,DronePosition,-20.40468,45,-107.379,0,CameraPosition,-103.2162,1.683656,-107.5253,CameraRotation,349.7144,269.2127,0.2440954,CurrentState,End,Slider,51,Scenario,5
ID,19,Time,1581.197,DronePosition,-20.40468,45,-107.379,0,CameraPosition,-103.2161,1.683684,-107.5253,CameraRotation,349.6974,269.1954,0.259499,CurrentState,End,Slider,51,Scenario,5
ID,19,Time,1581.215,DronePosition,-20.40468,45,-107.379,0,CameraPosition,-103.2161,1.683685,-107.5254,CameraRotation,349.6872,269.1925,0.2656492,CurrentState,End,Slider,51,Scenario,5
ID,19,Time,1581.238,DronePosition,-20.40468,45,-107.379,0,CameraPosition,-103.2161,1.683799,-107.5254,CameraRotation,349.6387,269.1854,0.2591521,CurrentState,End,Slider,51,Scenario,5
ID,19,Time,1581.251,DronePosition,-20.40468,45,-107.379,0,CameraPosition,-103.2161,1.683858,-107.5254,CameraRotation,349.5987,269.1956,0.2011274,CurrentState,End,Slider,51,Scenario,5
ID,19,Time,1581.266,DronePosition,-20.40468,45,-107.379,0,CameraPosition,-103.2161,1.683887,-107.5255,CameraRotation,349.6057,269.1949,0.1508526,CurrentState,End,Slider,51,Scenario,5
ID,19,Time,1581.28,DronePosition,-20.40468,45,-107.379,0,CameraPosition,-103.2161,1.683877,-107.5255,CameraRotation,349.623,269.1938,0.1399855,CurrentState,End,Slider,51,Scenario,5
ID,19,Time,1581.294,DronePosition,-20.40468,45,-107.379,0,CameraPosition,-103.2161,1.683882,-107.5255,CameraRotation,349.6322,269.1926,0.1707523,CurrentState,End,Slider,51,Scenario,5
ID,19,Time,1581.308,DronePosition,-20.40468,45,-107.379,0,CameraPosition,-103.2161,1.683874,-107.5256,CameraRotation,349.6186,269.1865,0.2099112,CurrentState,End,Slider,51,Scenario,5
ID,19,Time,1581.322,DronePosition,-20.40468,45,-107.379,0,CameraPosition,-103.2161,1.683892,-107.5257,CameraRotation,349.6183,269.1958,0.231286,CurrentState,End,Slider,51,Scenario,5
ID,19,Time,1581.335,DronePosition,-20.40468,45,-107.379,0,CameraPosition,-103.2161,1.683901,-107.5257,CameraRotation,349.5974,269.2005,0.2234956,CurrentState,End,Slider,51,Scenario,5
ID,19,Time,1581.35,DronePosition,-20.40468,45,-107.379,0,CameraPosition,-103.2161,1.683913,-107.5257,CameraRotation,349.5769,269.2141,0.2368821,CurrentState,End,Slider,51,Scenario,5
ID,19,Time,1581.364,DronePosition,-20.40468,45,-107.379,0,CameraPosition,-103.2161,1.683909,-107.5258,CameraRotation,349.5498,269.2186,0.2580687,CurrentState,End,Slider,51,Scenario,5
ID,19,Time,1581.377,DronePosition,-20.40468,45,-107.379,0,CameraPosition,-103.2162,1.683919,-107.5258,CameraRotation,349.5446,269.219,0.2680937,CurrentState,End,Slider,51,Scenario,5
ID,19,Time,1581.391,DronePosition,-20.40468,45,-107.379,0,CameraPosition,-103.2162,1.683929,-107.5258,CameraRotation,349.5648,269.2148,0.2647682,CurrentState,End,Slider,51,Scenario,5
ID,19,Time,1581.405,DronePosition,-20.40468,45,-107.379,0,CameraPosition,-103.2162,1.683942,-107.5258,CameraRotation,349.5786,269.209,0.2464156,CurrentState,End,Slider,51,Scenario,5
ID,19,Time,1581.424,DronePosition,-20.40468,45,-107.379,0,CameraPosition,-103.2163,1.683948,-107.5258,CameraRotation,349.5941,269.2165,0.2304052,CurrentState,End,Slider,51,Scenario,5
ID,19,Time,1581.447,DronePosition,-20.40468,45,-107.379,0,CameraPosition,-103.2163,1.683942,-107.5257,CameraRotation,349.6148,269.2352,0.2162835,CurrentState,End,Slider,51,Scenario,5
ID,19,Time,1581.46,DronePosition,-20.40468,45,-107.379,0,CameraPosition,-103.2164,1.683936,-107.5257,CameraRotation,349.6155,269.2521,0.1932976,CurrentState,End,Slider,51,Scenario,5
ID,19,Time,1581.474,DronePosition,-20.40468,45,-107.379,0,CameraPosition,-103.2164,1.683946,-107.5257,CameraRotation,349.6112,269.2833,0.1883253,CurrentState,End,Slider,51,Scenario,5
ID,19,Time,1581.488,DronePosition,-20.40468,45,-107.379,0,CameraPosition,-103.2165,1.683942,-107.5257,CameraRotation,349.6089,269.3121,0.1976084,CurrentState,End,Slider,51,Scenario,5
ID,19,Time,1581.502,DronePosition,-20.40468,45,-107.379,0,CameraPosition,-103.2165,1.68394,-107.5256,CameraRotation,349.6403,269.3322,0.2126146,CurrentState,End,Slider,51,Scenario,5
ID,19,Time,1581.516,DronePosition,-20.40468,45,-107.379,0,CameraPosition,-103.2166,1.683943,-107.5256,CameraRotation,349.651,269.3489,0.2136466,CurrentState,End,Slider,51,Scenario,5
ID,19,Time,1581.53,DronePosition,-20.40468,45,-107.379,0,CameraPosition,-103.2166,1.683933,-107.5256,CameraRotation,349.6524,269.3622,0.2180268,CurrentState,End,Slider,51,Scenario,5
ID,19,Time,1581.545,DronePosition,-20.40468,45,-107.379,0,CameraPosition,-103.2167,1.683932,-107.5256,CameraRotation,349.6559,269.371,0.2085171,CurrentState,End,Slider,51,Scenario,5
ID,19,Time,1581.558,DronePosition,-20.40468,45,-107.379,0,CameraPosition,-103.2167,1.683948,-107.5256,CameraRotation,349.6581,269.3851,0.1992758,CurrentState,End,Slider,51,Scenario,5
ID,19,Time,1581.572,DronePosition,-20.40468,45,-107.379,0,CameraPosition,-103.2167,1.683978,-107.5255,CameraRotation,349.6443,269.3912,0.1937867,CurrentState,End,Slider,51,Scenario,5
ID,19,Time,1581.587,DronePosition,-20.40468,45,-107.379,0,CameraPosition,-103.2168,1.684014,-107.5255,CameraRotation,349.6306,269.3918,0.1889829,CurrentState,End,Slider,51,Scenario,5
ID,19,Time,1581.6,DronePosition,-20.40468,45,-107.379,0,CameraPosition,-103.2168,1.684013,-107.5255,CameraRotation,349.6245,269.3947,0.1872705,CurrentState,End,Slider,51,Scenario,5
ID,19,Time,1581.614,DronePosition,-20.40468,45,-107.379,0,CameraPosition,-103.2169,1.684006,-107.5255,CameraRotation,349.6375,269.4034,0.1800641,CurrentState,End,Slider,51,Scenario,5
ID,19,Time,1581.633,DronePosition,-20.40468,45,-107.379,0,CameraPosition,-103.2169,1.684,-107.5255,CameraRotation,349.6572,269.4074,0.1795564,CurrentState,End,Slider,51,Scenario,5
ID,19,Time,1581.655,DronePosition,-20.40468,45,-107.379,0,CameraPosition,-103.2171,1.68406,-107.5255,CameraRotation,349.6573,269.4291,0.1782927,CurrentState,End,Slider,51,Scenario,5
ID,19,Time,1581.669,DronePosition,-20.40468,45,-107.379,0,CameraPosition,-103.2171,1.68409,-107.5255,CameraRotation,349.6679,269.4339,0.1843985,CurrentState,End,Slider,51,Scenario,5
ID,19,Time,1581.683,DronePosition,-20.40468,45,-107.379,0,CameraPosition,-103.2171,1.684101,-107.5255,CameraRotation,349.6639,269.4424,0.1916223,CurrentState,End,Slider,51,Scenario,5
ID,19,Time,1581.697,DronePosition,-20.40468,45,-107.379,0,CameraPosition,-103.2172,1.684117,-107.5256,CameraRotation,349.6476,269.4504,0.2046119,CurrentState,End,Slider,51,Scenario,5
ID,19,Time,1581.711,DronePosition,-20.40468,45,-107.379,0,CameraPosition,-103.2172,1.684143,-107.5256,CameraRotation,349.6341,269.4579,0.2203743,CurrentState,End,Slider,51,Scenario,5
ID,19,Time,1581.725,DronePosition,-20.40468,45,-107.379,0,CameraPosition,-103.2173,1.684145,-107.5256,CameraRotation,349.6222,269.458,0.2289205,CurrentState,End,Slider,51,Scenario,5
ID,19,Time,1581.739,DronePosition,-20.40468,45,-107.379,0,CameraPosition,-103.2173,1.68414,-107.5256,CameraRotation,349.6085,269.4571,0.2375921,CurrentState,End,Slider,51,Scenario,5
ID,19,Time,1581.753,DronePosition,-20.40468,45,-107.379,0,CameraPosition,-103.2174,1.68416,-107.5256,CameraRotation,349.6081,269.4499,0.2355521,CurrentState,End,Slider,51,Scenario,5
ID,19,Time,1581.767,DronePosition,-20.40468,45,-107.379,0,CameraPosition,-103.2174,1.68417,-107.5255,CameraRotation,349.606,269.441,0.2312162,CurrentState,End,Slider,51,Scenario,5
ID,19,Time,1581.781,DronePosition,-20.40468,45,-107.379,0,CameraPosition,-103.2174,1.684173,-107.5255,CameraRotation,349.6085,269.4413,0.2256243,CurrentState,End,Slider,51,Scenario,5
ID,19,Time,1581.795,DronePosition,-20.40468,45,-107.379,0,CameraPosition,-103.2174,1.684161,-107.5255,CameraRotation,349.6052,269.4413,0.2155203,CurrentState,End,Slider,51,Scenario,5
ID,19,Time,1581.809,DronePosition,-20.40468,45,-107.379,0,CameraPosition,-103.2174,1.684138,-107.5255,CameraRotation,349.61,269.4455,0.2054202,CurrentState,End,Slider,51,Scenario,5
ID,19,Time,1581.823,DronePosition,-20.40468,45,-107.379,0,CameraPosition,-103.2174,1.684138,-107.5254,CameraRotation,349.6051,269.4497,0.1940046,CurrentState,End,Slider,51,Scenario,5
ID,19,Time,1581.841,DronePosition,-20.40468,45,-107.379,0,CameraPosition,-103.2174,1.684147,-107.5254,CameraRotation,349.5828,269.4465,0.2119726,CurrentState,End,Slider,51,Scenario,5
ID,19,Time,1581.852,DronePosition,-20.40468,45,-107.379,0,CameraPosition,-103.2174,1.68416,-107.5254,CameraRotation,349.5641,269.4473,0.2120305,CurrentState,End,Slider,51,Scenario,5
ID,19,Time,1581.864,DronePosition,-20.40468,45,-107.379,0,CameraPosition,-103.2174,1.684167,-107.5253,CameraRotation,349.5579,269.4631,0.2097081,CurrentState,End,Slider,51,Scenario,5
ID,19,Time,1581.878,DronePosition,-20.40468,45,-107.379,0,CameraPosition,-103.2174,1.684164,-107.5253,CameraRotation,349.5534,269.4626,0.221151,CurrentState,End,Slider,51,Scenario,5
ID,19,Time,1581.892,DronePosition,-20.40468,45,-107.379,0,CameraPosition,-103.2174,1.684155,-107.5252,CameraRotation,349.5497,269.4699,0.2223005,CurrentState,End,Slider,51,Scenario,5
ID,19,Time,1581.906,DronePosition,-20.40468,45,-107.379,0,CameraPosition,-103.2173,1.684133,-107.5251,CameraRotation,349.5529,269.4821,0.2305181,CurrentState,End,Slider,51,Scenario,5
ID,19,Time,1581.92,DronePosition,-20.40468,45,-107.379,0,CameraPosition,-103.2173,1.684129,-107.525,CameraRotation,349.5608,269.5041,0.2470049,CurrentState,End,Slider,51,Scenario,5
ID,19,Time,1581.934,DronePosition,-20.40468,45,-107.379,0,CameraPosition,-103.2173,1.684167,-107.5249,CameraRotation,349.5445,269.537,0.2348566,CurrentState,End,Slider,51,Scenario,5
ID,19,Time,1581.948,DronePosition,-20.40468,45,-107.379,0,CameraPosition,-103.2173,1.68418,-107.5248,CameraRotation,349.5428,269.5685,0.1797442,CurrentState,End,Slider,51,Scenario,5
ID,19,Time,1581.962,DronePosition,-20.40468,45,-107.379,0,CameraPosition,-103.2173,1.684138,-107.5247,CameraRotation,349.5767,269.5882,0.1271788,CurrentState,End,Slider,51,Scenario,5
ID,19,Time,1581.976,DronePosition,-20.40468,45,-107.379,0,CameraPosition,-103.2172,1.684098,-107.5247,CameraRotation,349.6118,269.6111,0.1153219,CurrentState,End,Slider,51,Scenario,5
ID,19,Time,1581.99,DronePosition,-20.40468,45,-107.379,0,CameraPosition,-103.2172,1.684073,-107.5246,CameraRotation,349.6325,269.6248,0.1361146,CurrentState,End,Slider,51,Scenario,5
ID,19,Time,1582.004,DronePosition,-20.40468,45,-107.379,0,CameraPosition,-103.2172,1.684041,-107.5245,CameraRotation,349.6459,269.6385,0.1624411,CurrentState,End,Slider,51,Scenario,5
ID,19,Time,1582.018,DronePosition,-20.40468,45,-107.379,0,CameraPosition,-103.2171,1.684002,-107.5244,CameraRotation,349.6515,269.6672,0.1730136,CurrentState,End,Slider,51,Scenario,5
ID,19,Time,1582.031,DronePosition,-20.40468,45,-107.379,0,CameraPosition,-103.2171,1.68397,-107.5244,CameraRotation,349.6519,269.6902,0.1657846,CurrentState,End,Slider,51,Scenario,5
ID,19,Time,1582.05,DronePosition,-20.40468,45,-107.379,0,CameraPosition,-103.217,1.683961,-107.5243,CameraRotation,349.6456,269.715,0.1593003,CurrentState,End,Slider,51,Scenario,5
ID,19,Time,1582.074,DronePosition,-20.40468,45,-107.379,0,CameraPosition,-103.2169,1.684007,-107.5241,CameraRotation,349.6378,269.7234,0.1971406,CurrentState,End,Slider,51,Scenario,5
ID,19,Time,1582.087,DronePosition,-20.40468,45,-107.379,0,CameraPosition,-103.2169,1.684006,-107.5241,CameraRotation,349.6583,269.7226,0.1920354,CurrentState,End,Slider,51,Scenario,5
ID,19,Time,1582.101,DronePosition,-20.40468,45,-107.379,0,CameraPosition,-103.2168,1.683977,-107.524,CameraRotation,349.6812,269.7261,0.1706371,CurrentState,End,Slider,51,Scenario,5
ID,19,Time,1582.115,DronePosition,-20.40468,45,-107.379,0,CameraPosition,-103.2167,1.683959,-107.5239,CameraRotation,349.7037,269.7432,0.1629237,CurrentState,End,Slider,51,Scenario,5
ID,19,Time,1582.129,DronePosition,-20.40468,45,-107.379,0,CameraPosition,-103.2166,1.68397,-107.5238,CameraRotation,349.696,269.7651,0.1757724,CurrentState,End,Slider,51,Scenario,5
ID,19,Time,1582.143,DronePosition,-20.40468,45,-107.379,0,CameraPosition,-103.2165,1.684017,-107.5237,CameraRotation,349.6614,269.7897,0.169301,CurrentState,End,Slider,51,Scenario,5
ID,19,Time,1582.157,DronePosition,-20.40468,45,-107.379,0,CameraPosition,-103.2164,1.684073,-107.5236,CameraRotation,349.6032,269.8249,0.1400148,CurrentState,End,Slider,51,Scenario,5
ID,19,Time,1582.171,DronePosition,-20.40468,45,-107.379,0,CameraPosition,-103.2162,1.684132,-107.5236,CameraRotation,349.5612,269.8601,0.1420881,CurrentState,End,Slider,51,Scenario,5
ID,19,Time,1582.185,DronePosition,-20.40468,45,-107.379,0,CameraPosition,-103.2161,1.684164,-107.5235,CameraRotation,349.5407,269.8904,0.1631037,CurrentState,End,Slider,51,Scenario,5
ID,19,Time,1582.199,DronePosition,-20.40468,45,-107.379,0,CameraPosition,-103.216,1.684166,-107.5234,CameraRotation,349.5505,269.9155,0.1757843,CurrentState,End,Slider,51,Scenario,5
ID,19,Time,1582.213,DronePosition,-20.40468,45,-107.379,0,CameraPosition,-103.2158,1.684175,-107.5233,CameraRotation,349.5473,269.9376,0.1864509,CurrentState,End,Slider,51,Scenario,5
ID,19,Time,1582.227,DronePosition,-20.40468,45,-107.379,0,CameraPosition,-103.2157,1.684194,-107.5232,CameraRotation,349.5369,269.955,0.1815799,CurrentState,End,Slider,51,Scenario,5
ID,19,Time,1582.241,DronePosition,-20.40468,45,-107.379,0,CameraPosition,-103.2156,1.684208,-107.5231,CameraRotation,349.5305,269.975,0.177434,CurrentState,End,Slider,51,Scenario,5
ID,19,Time,1582.259,DronePosition,-20.40468,45,-107.379,0,CameraPosition,-103.2154,1.684232,-107.523,CameraRotation,349.5247,269.9898,0.1772233,CurrentState,End,Slider,51,Scenario,5
ID,19,Time,1582.282,DronePosition,-20.40468,45,-107.379,0,CameraPosition,-103.2152,1.684285,-107.5229,CameraRotation,349.4943,270.0125,0.1612742,CurrentState,End,Slider,51,Scenario,5
ID,19,Time,1582.295,DronePosition,-20.40468,45,-107.379,0,CameraPosition,-103.215,1.684309,-107.5228,CameraRotation,349.4828,270.0185,0.1450448,CurrentState,End,Slider,51,Scenario,5
ID,19,Time,1582.31,DronePosition,-20.40468,45,-107.379,0,CameraPosition,-103.2149,1.684334,-107.5227,CameraRotation,349.4644,270.0296,0.1205433,CurrentState,End,Slider,51,Scenario,5
ID,19,Time,1582.324,DronePosition,-20.40468,45,-107.379,0,CameraPosition,-103.2148,1.684354,-107.5226,CameraRotation,349.4515,270.0323,0.1095181,CurrentState,End,Slider,51,Scenario,5
ID,19,Time,1582.338,DronePosition,-20.40468,45,-107.379,0,CameraPosition,-103.2147,1.684353,-107.5226,CameraRotation,349.4278,270.0359,0.09618919,CurrentState,End,Slider,51,Scenario,5
ID,19,Time,1582.352,DronePosition,-20.40468,45,-107.379,0,CameraPosition,-103.2146,1.684356,-107.5225,CameraRotation,349.4167,270.0374,0.08677888,CurrentState,End,Slider,51,Scenario,5
ID,19,Time,1582.366,DronePosition,-20.40468,45,-107.379,0,CameraPosition,-103.2145,1.684362,-107.5224,CameraRotation,349.4027,270.026,0.1018034,CurrentState,End,Slider,51,Scenario,5
ID,19,Time,1582.38,DronePosition,-20.40468,45,-107.379,0,CameraPosition,-103.2144,1.684388,-107.5223,CameraRotation,349.3926,270.0211,0.1160399,CurrentState,End,Slider,51,Scenario,5
ID,19,Time,1582.394,DronePosition,-20.40468,45,-107.379,0,CameraPosition,-103.2144,1.68439,-107.5223,CameraRotation,349.401,270.0182,0.1281141,CurrentState,End,Slider,51,Scenario,5
ID,19,Time,1582.408,DronePosition,-20.40468,45,-107.379,0,CameraPosition,-103.2143,1.684355,-107.5222,CameraRotation,349.4072,270.0227,0.1422072,CurrentState,End,Slider,51,Scenario,5
ID,19,Time,1582.422,DronePosition,-20.40468,45,-107.379,0,CameraPosition,-103.2142,1.68431,-107.5221,CameraRotation,349.4095,270.0591,0.1753157,CurrentState,End,Slider,51,Scenario,5
ID,19,Time,1582.436,DronePosition,-20.40468,45,-107.379,0,CameraPosition,-103.2142,1.684288,-107.5219,CameraRotation,349.3976,270.1047,0.2173661,CurrentState,End,Slider,51,Scenario,5
ID,19,Time,1582.45,DronePosition,-20.40468,45,-107.379,0,CameraPosition,-103.2142,1.684278,-107.5217,CameraRotation,349.3632,270.1719,0.2454794,CurrentState,End,Slider,51,Scenario,5
ID,19,Time,1582.468,DronePosition,-20.40468,45,-107.379,0,CameraPosition,-103.2143,1.684264,-107.5213,CameraRotation,349.3414,270.2847,0.2848928,CurrentState,End,Slider,51,Scenario,5
ID,19,Time,1582.49,DronePosition,-20.40468,45,-107.379,0,CameraPosition,-103.2142,1.684158,-107.5205,CameraRotation,349.4191,270.5981,0.2824171,CurrentState,End,Slider,51,Scenario,5
ID,19,Time,1582.505,DronePosition,-20.40468,45,-107.379,0,CameraPosition,-103.2142,1.684008,-107.5201,CameraRotation,349.5214,270.7723,0.2444662,CurrentState,End,Slider,51,Scenario,5
ID,19,Time,1582.519,DronePosition,-20.40468,45,-107.379,0,CameraPosition,-103.2141,1.68384,-107.5197,CameraRotation,349.6463,270.9299,0.2093458,CurrentState,End,Slider,51,Scenario,5
ID,19,Time,1582.533,DronePosition,-20.40468,45,-107.379,0,CameraPosition,-103.2139,1.683622,-107.5193,CameraRotation,349.7825,271.0604,0.1689684,CurrentState,End,Slider,51,Scenario,5
ID,19,Time,1582.547,DronePosition,-20.40468,45,-107.379,0,CameraPosition,-103.2138,1.683436,-107.519,CameraRotation,349.9119,271.1614,0.09208205,CurrentState,End,Slider,51,Scenario,5
ID,19,Time,1582.56,DronePosition,-20.40468,45,-107.379,0,CameraPosition,-103.2136,1.68331,-107.5188,CameraRotation,350.0088,271.2088,0.02685028,CurrentState,End,Slider,51,Scenario,5
ID,19,Time,1582.575,DronePosition,-20.40468,45,-107.379,0,CameraPosition,-103.2135,1.683245,-107.5187,CameraRotation,350.0475,271.207,359.9471,CurrentState,End,Slider,51,Scenario,5
ID,19,Time,1582.589,DronePosition,-20.40468,45,-107.379,0,CameraPosition,-103.2133,1.683222,-107.5186,CameraRotation,350.0431,271.1762,359.8842,CurrentState,End,Slider,51,Scenario,5
ID,19,Time,1582.603,DronePosition,-20.40468,45,-107.379,0,CameraPosition,-103.2132,1.683319,-107.5186,CameraRotation,350.0142,271.1019,359.8377,CurrentState,End,Slider,51,Scenario,5
ID,19,Time,1582.616,DronePosition,-20.40468,45,-107.379,0,CameraPosition,-103.213,1.68346,-107.5187,CameraRotation,349.9444,270.9857,359.7855,CurrentState,End,Slider,51,Scenario,5
ID,19,Time,1582.63,DronePosition,-20.40468,45,-107.379,0,CameraPosition,-103.2129,1.683564,-107.5188,CameraRotation,349.8788,270.8691,359.6845,CurrentState,End,Slider,51,Scenario,5
ID,19,Time,1582.645,DronePosition,-20.40468,45,-107.379,0,CameraPosition,-103.2127,1.683636,-107.5191,CameraRotation,349.826,270.7109,359.5605,CurrentState,End,Slider,51,Scenario,5
ID,19,Time,1582.658,DronePosition,-20.40468,45,-107.379,0,CameraPosition,-103.2126,1.683685,-107.5194,CameraRotation,349.7968,270.5415,359.5081,CurrentState,End,Slider,51,Scenario,5
ID,19,Time,1582.677,DronePosition,-20.40468,45,-107.379,0,CameraPosition,-103.2124,1.683726,-107.5197,CameraRotation,349.7667,270.3831,359.5088,CurrentState,End,Slider,51,Scenario,5
ID,19,Time,1582.7,DronePosition,-20.40468,45,-107.379,0,CameraPosition,-103.2121,1.683807,-107.5204,CameraRotation,349.6588,270.0543,359.6188,CurrentState,End,Slider,51,Scenario,5
ID,19,Time,1582.714,DronePosition,-20.40468,45,-107.379,0,CameraPosition,-103.212,1.6839,-107.5208,CameraRotation,349.6088,269.8924,359.6684,CurrentState,End,Slider,51,Scenario,5
ID,19,Time,1582.728,DronePosition,-20.40468,45,-107.379,0,CameraPosition,-103.2119,1.684008,-107.5213,CameraRotation,349.5474,269.7515,359.7106,CurrentState,End,Slider,51,Scenario,5
ID,19,Time,1582.742,DronePosition,-20.40468,45,-107.379,0,CameraPosition,-103.2118,1.684099,-107.5217,CameraRotation,349.477,269.6195,359.7604,CurrentState,End,Slider,51,Scenario,5
ID,19,Time,1582.756,DronePosition,-20.40468,45,-107.379,0,CameraPosition,-103.2118,1.684173,-107.5221,CameraRotation,349.4306,269.4952,359.8291,CurrentState,End,Slider,51,Scenario,5
ID,19,Time,1582.769,DronePosition,-20.40468,45,-107.379,0,CameraPosition,-103.2118,1.68421,-107.5224,CameraRotation,349.4011,269.3884,359.8939,CurrentState,End,Slider,51,Scenario,5
ID,19,Time,1582.784,DronePosition,-20.40468,45,-107.379,0,CameraPosition,-103.2118,1.684236,-107.5227,CameraRotation,349.3845,269.3012,359.9344,CurrentState,End,Slider,51,Scenario,5
ID,19,Time,1582.797,DronePosition,-20.40468,45,-107.379,0,CameraPosition,-103.2118,1.684208,-107.5229,CameraRotation,349.4059,269.2446,359.9868,CurrentState,End,Slider,51,Scenario,5
ID,19,Time,1582.811,DronePosition,-20.40468,45,-107.379,0,CameraPosition,-103.2118,1.684177,-107.5231,CameraRotation,349.4376,269.2021,0.03744058,CurrentState,End,Slider,51,Scenario,5
ID,19,Time,1582.825,DronePosition,-20.40468,45,-107.379,0,CameraPosition,-103.2118,1.684137,-107.5232,CameraRotation,349.4553,269.1711,0.0748087,CurrentState,End,Slider,51,Scenario,5
ID,19,Time,1582.839,DronePosition,-20.40468,45,-107.379,0,CameraPosition,-103.2118,1.684071,-107.5234,CameraRotation,349.4728,269.1725,0.06477062,CurrentState,End,Slider,51,Scenario,5
ID,19,Time,1582.853,DronePosition,-20.40468,45,-107.379,0,CameraPosition,-103.2119,1.683999,-107.5235,CameraRotation,349.4917,269.1825,0.0510999,CurrentState,End,Slider,51,Scenario,5
ID,19,Time,1582.867,DronePosition,-20.40468,45,-107.379,0,CameraPosition,-103.2119,1.683944,-107.5235,CameraRotation,349.5064,269.1953,0.05070065,CurrentState,End,Slider,51,Scenario,5
ID,19,Time,1582.886,DronePosition,-20.40468,45,-107.379,0,CameraPosition,-103.212,1.683921,-107.5236,CameraRotation,349.5097,269.1943,0.05404172,CurrentState,End,Slider,51,Scenario,5
ID,19,Time,1582.909,DronePosition,-20.40468,45,-107.379,0,CameraPosition,-103.2121,1.683848,-107.5236,CameraRotation,349.5325,269.1723,0.05192579,CurrentState,End,Slider,51,Scenario,5
ID,19,Time,1582.922,DronePosition,-20.40468,45,-107.379,0,CameraPosition,-103.2121,1.683796,-107.5235,CameraRotation,349.5598,269.159,0.02447565,CurrentState,End,Slider,51,Scenario,5
ID,19,Time,1582.936,DronePosition,-20.40468,45,-107.379,0,CameraPosition,-103.2122,1.683718,-107.5235,CameraRotation,349.5908,269.1626,0.008756555,CurrentState,End,Slider,51,Scenario,5
ID,19,Time,1582.95,DronePosition,-20.40468,45,-107.379,0,CameraPosition,-103.2122,1.683638,-107.5233,CameraRotation,349.6271,269.1734,359.981,CurrentState,End,Slider,51,Scenario,5
ID,19,Time,1582.964,DronePosition,-20.40468,45,-107.379,0,CameraPosition,-103.2123,1.68357,-107.5232,CameraRotation,349.6747,269.2083,359.9492,CurrentState,End,Slider,51,Scenario,5
ID,19,Time,1582.978,DronePosition,-20.40468,45,-107.379,0,CameraPosition,-103.2123,1.683513,-107.5231,CameraRotation,349.6973,269.2552,359.9197,CurrentState,End,Slider,51,Scenario,5
ID,19,Time,1582.993,DronePosition,-20.40468,45,-107.379,0,CameraPosition,-103.2124,1.683489,-107.5229,CameraRotation,349.7117,269.2986,359.8886,CurrentState,End,Slider,51,Scenario,5
ID,19,Time,1583.006,DronePosition,-20.40468,45,-107.379,0,CameraPosition,-103.2125,1.683461,-107.5228,CameraRotation,349.7122,269.3466,359.8631,CurrentState,End,Slider,51,Scenario,5
ID,19,Time,1583.02,DronePosition,-20.40468,45,-107.379,0,CameraPosition,-103.2126,1.68343,-107.5227,CameraRotation,349.7187,269.3801,359.8512,CurrentState,End,Slider,51,Scenario,5
ID,19,Time,1583.034,DronePosition,-20.40468,45,-107.379,0,CameraPosition,-103.2126,1.683421,-107.5226,CameraRotation,349.7265,269.4119,359.8381,CurrentState,End,Slider,51,Scenario,5
ID,19,Time,1583.048,DronePosition,-20.40468,45,-107.379,0,CameraPosition,-103.2127,1.683413,-107.5225,CameraRotation,349.7285,269.4281,359.8335,CurrentState,End,Slider,51,Scenario,5
ID,19,Time,1583.062,DronePosition,-20.40468,45,-107.379,0,CameraPosition,-103.2128,1.683399,-107.5224,CameraRotation,349.7319,269.4504,359.834,CurrentState,End,Slider,51,Scenario,5
ID,19,Time,1583.076,DronePosition,-20.40468,45,-107.379,0,CameraPosition,-103.2129,1.683343,-107.5223,CameraRotation,349.7451,269.4751,359.8333,CurrentState,End,Slider,51,Scenario,5
ID,19,Time,1583.095,DronePosition,-20.40468,45,-107.379,0,CameraPosition,-103.213,1.683297,-107.5221,CameraRotation,349.7739,269.4998,359.8205,CurrentState,End,Slider,51,Scenario,5
ID,19,Time,1583.117,DronePosition,-20.40468,45,-107.379,0,CameraPosition,-103.2131,1.683213,-107.5218,CameraRotation,349.8035,269.5655,359.7777,CurrentState,End,Slider,51,Scenario,5
ID,19,Time,1583.131,DronePosition,-20.40468,45,-107.379,0,CameraPosition,-103.2132,1.683191,-107.5216,CameraRotation,349.8117,269.6059,359.7498,CurrentState,End,Slider,51,Scenario,5
ID,19,Time,1583.145,DronePosition,-20.40468,45,-107.379,0,CameraPosition,-103.2133,1.683147,-107.5214,CameraRotation,349.8327,269.6682,359.7224,CurrentState,End,Slider,51,Scenario,5
ID,19,Time,1583.159,DronePosition,-20.40468,45,-107.379,0,CameraPosition,-103.2133,1.683084,-107.5213,CameraRotation,349.8716,269.7337,359.6909,CurrentState,End,Slider,51,Scenario,5
ID,19,Time,1583.173,DronePosition,-20.40468,45,-107.379,0,CameraPosition,-103.2134,1.683025,-107.5211,CameraRotation,349.911,269.7969,359.676,CurrentState,End,Slider,51,Scenario,5
ID,19,Time,1583.187,DronePosition,-20.40468,45,-107.379,0,CameraPosition,-103.2134,1.683,-107.5209,CameraRotation,349.9474,269.849,359.6812,CurrentState,End,Slider,51,Scenario,5
ID,19,Time,1583.201,DronePosition,-20.40468,45,-107.379,0,CameraPosition,-103.2135,1.682946,-107.5208,CameraRotation,349.9706,269.8984,359.686,CurrentState,End,Slider,51,Scenario,5
ID,19,Time,1583.215,DronePosition,-20.40468,45,-107.379,0,CameraPosition,-103.2135,1.682881,-107.5207,CameraRotation,350.0051,269.9323,359.6712,CurrentState,End,Slider,51,Scenario,5
ID,19,Time,1583.229,DronePosition,-20.40468,45,-107.379,0,CameraPosition,-103.2136,1.682814,-107.5207,CameraRotation,350.0299,269.9499,359.6616,CurrentState,End,Slider,51,Scenario,5
ID,19,Time,1583.243,DronePosition,-20.40468,45,-107.379,0,CameraPosition,-103.2136,1.682752,-107.5207,CameraRotation,350.0461,269.931,359.6485,CurrentState,End,Slider,51,Scenario,5
ID,19,Time,1583.257,DronePosition,-20.40468,45,-107.379,0,CameraPosition,-103.2136,1.682722,-107.5207,CameraRotation,350.0704,269.8892,359.6412,CurrentState,End,Slider,51,Scenario,5
ID,19,Time,1583.271,DronePosition,-20.40468,45,-107.379,0,CameraPosition,-103.2137,1.68271,-107.5208,CameraRotation,350.0727,269.8254,359.6617,CurrentState,End,Slider,51,Scenario,5
ID,19,Time,1583.285,DronePosition,-20.40468,45,-107.379,0,CameraPosition,-103.2137,1.682742,-107.5209,CameraRotation,350.059,269.7767,359.6506,CurrentState,End,Slider,51,Scenario,5
ID,19,Time,1583.304,DronePosition,-20.40468,45,-107.379,0,CameraPosition,-103.2138,1.682778,-107.521,CameraRotation,350.0332,269.7126,359.5893,CurrentState,End,Slider,51,Scenario,5
ID,19,Time,1583.326,DronePosition,-20.40468,45,-107.379,0,CameraPosition,-103.2139,1.682743,-107.5213,CameraRotation,350.0974,269.6068,359.5511,CurrentState,End,Slider,51,Scenario,5
ID,19,Time,1583.34,DronePosition,-20.40468,45,-107.379,0,CameraPosition,-103.2139,1.682706,-107.5214,CameraRotation,350.1309,269.5462,359.5998,CurrentState,End,Slider,51,Scenario,5
ID,19,Time,1583.354,DronePosition,-20.40468,45,-107.379,0,CameraPosition,-103.2139,1.682678,-107.5216,CameraRotation,350.1463,269.5035,359.6474,CurrentState,End,Slider,51,Scenario,5
ID,19,Time,1583.368,DronePosition,-20.40468,45,-107.379,0,CameraPosition,-103.2139,1.68265,-107.5217,CameraRotation,350.1415,269.4801,359.6876,CurrentState,End,Slider,51,Scenario,5
ID,19,Time,1583.382,DronePosition,-20.40468,45,-107.379,0,CameraPosition,-103.2139,1.682634,-107.5218,CameraRotation,350.1325,269.4772,359.6967,CurrentState,End,Slider,51,Scenario,5
ID,19,Time,1583.396,DronePosition,-20.40468,45,-107.379,0,CameraPosition,-103.214,1.682622,-107.5219,CameraRotation,350.1184,269.4783,359.7096,CurrentState,End,Slider,51,Scenario,5
ID,19,Time,1583.41,DronePosition,-20.40468,45,-107.379,0,CameraPosition,-103.2141,1.682637,-107.5221,CameraRotation,350.1028,269.4654,359.7513,CurrentState,End,Slider,51,Scenario,5
ID,19,Time,1583.424,DronePosition,-20.40468,45,-107.379,0,CameraPosition,-103.2141,1.682674,-107.5222,CameraRotation,350.101,269.4316,359.8111,CurrentState,End,Slider,51,Scenario,5
ID,19,Time,1583.438,DronePosition,-20.40468,45,-107.379,0,CameraPosition,-103.2141,1.682693,-107.5224,CameraRotation,350.1106,269.3845,359.8407,CurrentState,End,Slider,51,Scenario,5
ID,19,Time,1583.452,DronePosition,-20.40468,45,-107.379,0,CameraPosition,-103.2141,1.682688,-107.5226,CameraRotation,350.1309,269.3293,359.8518,CurrentState,End,Slider,51,Scenario,5
ID,19,Time,1583.466,DronePosition,-20.40468,45,-107.379,0,CameraPosition,-103.2142,1.682657,-107.5228,CameraRotation,350.1588,269.2711,359.8741,CurrentState,End,Slider,51,Scenario,5
ID,19,Time,1583.48,DronePosition,-20.40468,45,-107.379,0,CameraPosition,-103.2142,1.682614,-107.523,CameraRotation,350.1826,269.2008,359.9066,CurrentState,End,Slider,51,Scenario,5
ID,19,Time,1583.494,DronePosition,-20.40468,45,-107.379,0,CameraPosition,-103.2142,1.682595,-107.5232,CameraRotation,350.192,269.1505,359.9103,CurrentState,End,Slider,51,Scenario,5
ID,19,Time,1583.512,DronePosition,-20.40468,45,-107.379,0,CameraPosition,-103.2143,1.682592,-107.5234,CameraRotation,350.1789,269.1065,359.9,CurrentState,End,Slider,51,Scenario,5
ID,19,Time,1583.535,DronePosition,-20.40468,45,-107.379,0,CameraPosition,-103.2144,1.682613,-107.5236,CameraRotation,350.1566,269.062,359.934,CurrentState,End,Slider,51,Scenario,5
ID,19,Time,1583.549,DronePosition,-20.40468,45,-107.379,0,CameraPosition,-103.2144,1.682599,-107.5238,CameraRotation,350.1798,269.0453,359.9541,CurrentState,End,Slider,51,Scenario,5
ID,19,Time,1583.563,DronePosition,-20.40468,45,-107.379,0,CameraPosition,-103.2145,1.682581,-107.5239,CameraRotation,350.2109,269.0401,359.9706,CurrentState,End,Slider,51,Scenario,5
ID,19,Time,1583.577,DronePosition,-20.40468,45,-107.379,0,CameraPosition,-103.2145,1.682577,-107.524,CameraRotation,350.2219,269.0414,359.9825,CurrentState,End,Slider,51,Scenario,5
ID,19,Time,1583.591,DronePosition,-20.40468,45,-107.379,0,CameraPosition,-103.2146,1.6826,-107.5241,CameraRotation,350.2405,269.0449,359.9914,CurrentState,End,Slider,51,Scenario,5
ID,19,Time,1583.605,DronePosition,-20.40468,45,-107.379,0,CameraPosition,-103.2146,1.682599,-107.5242,CameraRotation,350.2494,269.0416,0.01145146,CurrentState,End,Slider,51,Scenario,5
ID,19,Time,1583.619,DronePosition,-20.40468,45,-107.379,0,CameraPosition,-103.2147,1.682614,-107.5244,CameraRotation,350.2573,269.037,0.02675899,CurrentState,End,Slider,51,Scenario,5
ID,19,Time,1583.633,DronePosition,-20.40468,45,-107.379,0,CameraPosition,-103.2147,1.682642,-107.5246,CameraRotation,350.2499,269.0302,0.0451972,CurrentState,End,Slider,51,Scenario,5
ID,19,Time,1583.647,DronePosition,-20.40468,45,-107.379,0,CameraPosition,-103.2148,1.682694,-107.5248,CameraRotation,350.2337,269.0163,0.06486896,CurrentState,End,Slider,51,Scenario,5
ID,19,Time,1583.661,DronePosition,-20.40468,45,-107.379,0,CameraPosition,-103.2148,1.68277,-107.5251,CameraRotation,350.2209,268.982,0.07719763,CurrentState,End,Slider,51,Scenario,5
ID,19,Time,1583.675,DronePosition,-20.40468,45,-107.379,0,CameraPosition,-103.2148,1.682848,-107.5254,CameraRotation,350.216,268.9359,0.08747226,CurrentState,End,Slider,51,Scenario,5
ID,19,Time,1583.688,DronePosition,-20.40468,45,-107.379,0,CameraPosition,-103.2149,1.682911,-107.5257,CameraRotation,350.2129,268.8786,0.09282342,CurrentState,End,Slider,51,Scenario,5
ID,19,Time,1583.703,DronePosition,-20.40468,45,-107.379,0,CameraPosition,-103.2149,1.682955,-107.5261,CameraRotation,350.2152,268.7984,0.09885319,CurrentState,End,Slider,51,Scenario,5
ID,19,Time,1583.721,DronePosition,-20.40468,45,-107.379,0,CameraPosition,-103.2149,1.683014,-107.5266,CameraRotation,350.2041,268.6888,0.1063054,CurrentState,End,Slider,51,Scenario,5
ID,19,Time,1583.744,DronePosition,-20.40468,45,-107.379,0,CameraPosition,-103.2149,1.683184,-107.5275,CameraRotation,350.1115,268.41,0.1943611,CurrentState,End,Slider,51,Scenario,5
ID,19,Time,1583.757,DronePosition,-20.40468,45,-107.379,0,CameraPosition,-103.215,1.683318,-107.528,CameraRotation,349.9977,268.2409,0.2615469,CurrentState,End,Slider,51,Scenario,5
ID,19,Time,1583.771,DronePosition,-20.40468,45,-107.379,0,CameraPosition,-103.215,1.683473,-107.5284,CameraRotation,349.8951,268.0974,0.3238151,CurrentState,End,Slider,51,Scenario,5
ID,19,Time,1583.786,DronePosition,-20.40468,45,-107.379,0,CameraPosition,-103.2151,1.683584,-107.5288,CameraRotation,349.8211,267.9927,0.3494686,CurrentState,End,Slider,51,Scenario,5
ID,19,Time,1583.799,DronePosition,-20.40468,45,-107.379,0,CameraPosition,-103.2151,1.683631,-107.5291,CameraRotation,349.8044,267.931,0.3501103,CurrentState,End,Slider,51,Scenario,5
ID,19,Time,1583.814,DronePosition,-20.40468,45,-107.379,0,CameraPosition,-103.2152,1.683594,-107.5293,CameraRotation,349.8147,267.9229,0.3558515,CurrentState,End,Slider,51,Scenario,5
ID,19,Time,1583.828,DronePosition,-20.40468,45,-107.379,0,CameraPosition,-103.2152,1.683576,-107.5295,CameraRotation,349.8467,267.9396,0.3907611,CurrentState,End,Slider,51,Scenario,5
ID,19,Time,1583.842,DronePosition,-20.40468,45,-107.379,0,CameraPosition,-103.2152,1.683512,-107.5297,CameraRotation,349.8417,267.9881,0.4678778,CurrentState,End,Slider,51,Scenario,5
ID,19,Time,1583.856,DronePosition,-20.40468,45,-107.379,0,CameraPosition,-103.2153,1.683477,-107.5298,CameraRotation,349.846,268.0556,0.5618441,CurrentState,End,Slider,51,Scenario,5
ID,19,Time,1583.87,DronePosition,-20.40468,45,-107.379,0,CameraPosition,-103.2154,1.683474,-107.5298,CameraRotation,349.8528,268.1431,0.6244386,CurrentState,End,Slider,51,Scenario,5
ID,19,Time,1583.883,DronePosition,-20.40468,45,-107.379,0,CameraPosition,-103.2154,1.683488,-107.5299,CameraRotation,349.8621,268.2253,0.6611677,CurrentState,End,Slider,51,Scenario,5
ID,19,Time,1583.897,DronePosition,-20.40468,45,-107.379,0,CameraPosition,-103.2155,1.683461,-107.5299,CameraRotation,349.8642,268.308,0.6856851,CurrentState,End,Slider,51,Scenario,5
ID,19,Time,1583.911,DronePosition,-20.40468,45,-107.379,0,CameraPosition,-103.2156,1.683434,-107.5299,CameraRotation,349.894,268.3674,0.7260868,CurrentState,End,Slider,51,Scenario,5
ID,19,Time,1583.93,DronePosition,-20.40468,45,-107.379,0,CameraPosition,-103.2157,1.683426,-107.5299,CameraRotation,349.9023,268.4228,0.7902089,CurrentState,End,Slider,51,Scenario,5
ID,19,Time,1583.953,DronePosition,-20.40468,45,-107.379,0,CameraPosition,-103.216,1.683477,-107.5298,CameraRotation,349.8521,268.5357,0.8342864,CurrentState,End,Slider,51,Scenario,5
ID,19,Time,1583.967,DronePosition,-20.40468,45,-107.379,0,CameraPosition,-103.2161,1.683456,-107.5297,CameraRotation,349.8803,268.6107,0.8158532,CurrentState,End,Slider,51,Scenario,5
ID,19,Time,1583.981,DronePosition,-20.40468,45,-107.379,0,CameraPosition,-103.2162,1.683405,-107.5295,CameraRotation,349.9384,268.6989,0.8200851,CurrentState,End,Slider,51,Scenario,5
ID,19,Time,1583.994,DronePosition,-20.40468,45,-107.379,0,CameraPosition,-103.2162,1.683331,-107.5293,CameraRotation,350.0129,268.8107,0.8393531,CurrentState,End,Slider,51,Scenario,5
ID,19,Time,1584.009,DronePosition,-20.40468,45,-107.379,0,CameraPosition,-103.2163,1.683231,-107.529,CameraRotation,350.0917,268.9549,0.8562137,CurrentState,End,Slider,51,Scenario,5
ID,19,Time,1584.022,DronePosition,-20.40468,45,-107.379,0,CameraPosition,-103.2163,1.683125,-107.5286,CameraRotation,350.1709,269.1404,0.8448825,CurrentState,End,Slider,51,Scenario,5
ID,19,Time,1584.037,DronePosition,-20.40468,45,-107.379,0,CameraPosition,-103.2163,1.683047,-107.5283,CameraRotation,350.2286,269.3353,0.8125424,CurrentState,End,Slider,51,Scenario,5
ID,19,Time,1584.05,DronePosition,-20.40468,45,-107.379,0,CameraPosition,-103.2163,1.683008,-107.5279,CameraRotation,350.2528,269.5503,0.7849287,CurrentState,End,Slider,51,Scenario,5
ID,19,Time,1584.065,DronePosition,-20.40468,45,-107.379,0,CameraPosition,-103.2163,1.682993,-107.5275,CameraRotation,350.2468,269.7514,0.774922,CurrentState,End,Slider,51,Scenario,5
ID,19,Time,1584.078,DronePosition,-20.40468,45,-107.379,0,CameraPosition,-103.2163,1.682987,-107.5272,CameraRotation,350.2488,269.9258,0.7595919,CurrentState,End,Slider,51,Scenario,5
ID,19,Time,1584.092,DronePosition,-20.40468,45,-107.379,0,CameraPosition,-103.2162,1.682976,-107.5268,CameraRotation,350.2575,270.0546,0.731302,CurrentState,End,Slider,51,Scenario,5
ID,19,Time,1584.106,DronePosition,-20.40468,45,-107.379,0,CameraPosition,-103.2162,1.682956,-107.5266,CameraRotation,350.2887,270.1657,0.6886559,CurrentState,End,Slider,51,Scenario,5
ID,19,Time,1584.12,DronePosition,-20.40468,45,-107.379,0,CameraPosition,-103.2161,1.682913,-107.5264,CameraRotation,350.3245,270.2256,0.6452802,CurrentState,End,Slider,51,Scenario,5
ID,19,Time,1584.139,DronePosition,-20.40468,45,-107.379,0,CameraPosition,-103.2161,1.682908,-107.5262,CameraRotation,350.3505,270.238,0.6106841,CurrentState,End,Slider,51,Scenario,5
ID,19,Time,1584.161,DronePosition,-20.40468,45,-107.379,0,CameraPosition,-103.216,1.683006,-107.526,CameraRotation,350.2633,270.2216,0.5364324,CurrentState,End,Slider,51,Scenario,5
ID,19,Time,1584.175,DronePosition,-20.40468,45,-107.379,0,CameraPosition,-103.216,1.68311,-107.5259,CameraRotation,350.2078,270.2111,0.5232477,CurrentState,End,Slider,51,Scenario,5
ID,19,Time,1584.189,DronePosition,-20.40468,45,-107.379,0,CameraPosition,-103.216,1.683236,-107.5258,CameraRotation,350.1404,270.2085,0.5140414,CurrentState,End,Slider,51,Scenario,5
ID,19,Time,1584.203,DronePosition,-20.40468,45,-107.379,0,CameraPosition,-103.2159,1.683331,-107.5257,CameraRotation,350.0918,270.2143,0.5051276,CurrentState,End,Slider,51,Scenario,5
ID,19,Time,1584.217,DronePosition,-20.40468,45,-107.379,0,CameraPosition,-103.2159,1.683399,-107.5257,CameraRotation,350.0717,270.2489,0.4845403,CurrentState,End,Slider,51,Scenario,5
ID,19,Time,1584.231,DronePosition,-20.40468,45,-107.379,0,CameraPosition,-103.2158,1.683443,-107.5256,CameraRotation,350.0426,270.2928,0.4776225,CurrentState,End,Slider,51,Scenario,5
ID,19,Time,1584.245,DronePosition,-20.40468,45,-107.379,0,CameraPosition,-103.2158,1.683499,-107.5255,CameraRotation,350.0056,270.3384,0.4844811,CurrentState,End,Slider,51,Scenario,5
ID,19,Time,1584.259,DronePosition,-20.40468,45,-107.379,0,CameraPosition,-103.2158,1.683548,-107.5254,CameraRotation,349.9637,270.3689,0.5024666,CurrentState,End,Slider,51,Scenario,5
ID,19,Time,1584.273,DronePosition,-20.40468,45,-107.379,0,CameraPosition,-103.2158,1.683593,-107.5253,CameraRotation,349.9414,270.4031,0.5049898,CurrentState,End,Slider,51,Scenario,5
ID,19,Time,1584.288,DronePosition,-20.40468,45,-107.379,0,CameraPosition,-103.2158,1.68361,-107.5253,CameraRotation,349.9294,270.4148,0.5031354,CurrentState,End,Slider,51,Scenario,5
ID,19,Time,1584.301,DronePosition,-20.40468,45,-107.379,0,CameraPosition,-103.2158,1.683619,-107.5252,CameraRotation,349.9065,270.4291,0.4982476,CurrentState,End,Slider,51,Scenario,5
ID,19,Time,1584.315,DronePosition,-20.40468,45,-107.379,0,CameraPosition,-103.2158,1.683657,-107.5252,CameraRotation,349.8888,270.4279,0.4802293,CurrentState,End,Slider,51,Scenario,5
ID,19,Time,1584.329,DronePosition,-20.40468,45,-107.379,0,CameraPosition,-103.2158,1.683674,-107.5253,CameraRotation,349.8671,270.4057,0.4731561,CurrentState,End,Slider,51,Scenario,5
ID,19,Time,1584.348,DronePosition,-20.40468,45,-107.379,0,CameraPosition,-103.2159,1.683697,-107.5253,CameraRotation,349.8533,270.3705,0.4744076,CurrentState,End,Slider,51,Scenario,5
ID,19,Time,1584.37,DronePosition,-20.40468,45,-107.379,0,CameraPosition,-103.216,1.683745,-107.5254,CameraRotation,349.8127,270.2712,0.5031273,CurrentState,End,Slider,51,Scenario,5
ID,19,Time,1584.384,DronePosition,-20.40468,45,-107.379,0,CameraPosition,-103.2161,1.68376,-107.5255,CameraRotation,349.8223,270.2164,0.5241771,CurrentState,End,Slider,51,Scenario,5
ID,19,Time,1584.398,DronePosition,-20.40468,45,-107.379,0,CameraPosition,-103.2161,1.683728,-107.5255,CameraRotation,349.838,270.1621,0.5359022,CurrentState,End,Slider,51,Scenario,5
ID,19,Time,1584.412,DronePosition,-20.40468,45,-107.379,0,CameraPosition,-103.2162,1.683699,-107.5256,CameraRotation,349.8735,270.1251,0.5404843,CurrentState,End,Slider,51,Scenario,5
ID,19,Time,1584.426,DronePosition,-20.40468,45,-107.379,0,CameraPosition,-103.2162,1.683655,-107.5257,CameraRotation,349.9174,270.0789,0.5466015,CurrentState,End,Slider,51,Scenario,5
ID,19,Time,1584.44,DronePosition,-20.40468,45,-107.379,0,CameraPosition,-103.2162,1.683594,-107.5257,CameraRotation,349.9586,270.0397,0.5546573,CurrentState,End,Slider,51,Scenario,5
ID,19,Time,1584.454,DronePosition,-20.40468,45,-107.379,0,CameraPosition,-103.2162,1.683529,-107.5258,CameraRotation,349.9907,270.0068,0.5685984,CurrentState,End,Slider,51,Scenario,5
ID,19,Time,1584.468,DronePosition,-20.40468,45,-107.379,0,CameraPosition,-103.2163,1.683495,-107.5258,CameraRotation,350.0083,269.9659,0.5780282,CurrentState,End,Slider,51,Scenario,5
ID,19,Time,1584.482,DronePosition,-20.40468,45,-107.379,0,CameraPosition,-103.2163,1.683473,-107.5258,CameraRotation,350.0209,269.9294,0.6059116,CurrentState,End,Slider,51,Scenario,5
ID,19,Time,1584.496,DronePosition,-20.40468,45,-107.379,0,CameraPosition,-103.2163,1.683459,-107.5259,CameraRotation,350.0318,269.8953,0.611077,CurrentState,End,Slider,51,Scenario,5
ID,19,Time,1584.51,DronePosition,-20.40468,45,-107.379,0,CameraPosition,-103.2163,1.683452,-107.5259,CameraRotation,350.0482,269.8496,0.6280686,CurrentState,End,Slider,51,Scenario,5
ID,19,Time,1584.524,DronePosition,-20.40468,45,-107.379,0,CameraPosition,-103.2163,1.683407,-107.5259,CameraRotation,350.0501,269.8181,0.6357474,CurrentState,End,Slider,51,Scenario,5
ID,19,Time,1584.538,DronePosition,-20.40468,45,-107.379,0,CameraPosition,-103.2162,1.683358,-107.5259,CameraRotation,350.0682,269.7692,0.6256421,CurrentState,End,Slider,51,Scenario,5
ID,19,Time,1584.556,DronePosition,-20.40468,45,-107.379,0,CameraPosition,-103.2162,1.683331,-107.5259,CameraRotation,350.0867,269.7299,0.6322019,CurrentState,End,Slider,51,Scenario,5
ID,19,Time,1584.579,DronePosition,-20.40468,45,-107.379,0,CameraPosition,-103.2162,1.68345,-107.5259,CameraRotation,350.0117,269.6508,0.6259685,CurrentState,End,Slider,51,Scenario,5
ID,19,Time,1584.593,DronePosition,-20.40468,45,-107.379,0,CameraPosition,-103.2161,1.683495,-107.5259,CameraRotation,349.9821,269.6005,0.5714566,CurrentState,End,Slider,51,Scenario,5
ID,19,Time,1584.607,DronePosition,-20.40468,45,-107.379,0,CameraPosition,-103.216,1.683522,-107.5259,CameraRotation,349.9981,269.5569,0.5424536,CurrentState,End,Slider,51,Scenario,5
ID,19,Time,1584.621,DronePosition,-20.40468,45,-107.379,0,CameraPosition,-103.2159,1.68352,-107.5259,CameraRotation,350.0087,269.5112,0.5559453,CurrentState,End,Slider,51,Scenario,5
ID,19,Time,1584.635,DronePosition,-20.40468,45,-107.379,0,CameraPosition,-103.2158,1.683537,-107.5259,CameraRotation,350.0153,269.4664,0.5710472,CurrentState,End,Slider,51,Scenario,5
ID,19,Time,1584.649,DronePosition,-20.40468,45,-107.379,0,CameraPosition,-103.2157,1.683552,-107.5259,CameraRotation,350.011,269.438,0.5920802,CurrentState,End,Slider,51,Scenario,5
ID,19,Time,1584.663,DronePosition,-20.40468,45,-107.379,0,CameraPosition,-103.2156,1.683567,-107.5258,CameraRotation,349.9941,269.4321,0.5834196,CurrentState,End,Slider,51,Scenario,5
ID,19,Time,1584.677,DronePosition,-20.40468,45,-107.379,0,CameraPosition,-103.2155,1.683607,-107.5258,CameraRotation,349.9703,269.4227,0.5674946,CurrentState,End,Slider,51,Scenario,5
ID,19,Time,1584.691,DronePosition,-20.40468,45,-107.379,0,CameraPosition,-103.2154,1.683652,-107.5257,CameraRotation,349.9264,269.4025,0.5746952,CurrentState,End,Slider,51,Scenario,5
ID,19,Time,1584.705,DronePosition,-20.40468,45,-107.379,0,CameraPosition,-103.2152,1.683709,-107.5257,CameraRotation,349.8866,269.3769,0.5924733,CurrentState,End,Slider,51,Scenario,5
ID,19,Time,1584.719,DronePosition,-20.40468,45,-107.379,0,CameraPosition,-103.2151,1.683749,-107.5257,CameraRotation,349.8464,269.3513,0.5879521,CurrentState,End,Slider,51,Scenario,5
ID,19,Time,1584.733,DronePosition,-20.40468,45,-107.379,0,CameraPosition,-103.215,1.683809,-107.5256,CameraRotation,349.8318,269.3175,0.575205,CurrentState,End,Slider,51,Scenario,5
ID,19,Time,1584.747,DronePosition,-20.40468,45,-107.379,0,CameraPosition,-103.2149,1.683822,-107.5255,CameraRotation,349.812,269.2826,0.5519461,CurrentState,End,Slider,51,Scenario,5
ID,19,Time,1584.765,DronePosition,-20.40468,45,-107.379,0,CameraPosition,-103.2148,1.683839,-107.5255,CameraRotation,349.824,269.2623,0.5403532,CurrentState,End,Slider,51,Scenario,5
ID,19,Time,1584.788,DronePosition,-20.40468,45,-107.379,0,CameraPosition,-103.2146,1.683885,-107.5253,CameraRotation,349.7695,269.2577,0.5007768,CurrentState,End,Slider,51,Scenario,5
ID,19,Time,1584.802,DronePosition,-20.40468,45,-107.379,0,CameraPosition,-103.2145,1.683934,-107.5252,CameraRotation,349.7339,269.2715,0.4775401,CurrentState,End,Slider,51,Scenario,5
ID,19,Time,1584.816,DronePosition,-20.40468,45,-107.379,0,CameraPosition,-103.2144,1.683965,-107.5251,CameraRotation,349.7309,269.2687,0.4853831,CurrentState,End,Slider,51,Scenario,5
ID,19,Time,1584.829,DronePosition,-20.40468,45,-107.379,0,CameraPosition,-103.2142,1.68397,-107.525,CameraRotation,349.7343,269.2647,0.4977942,CurrentState,End,Slider,51,Scenario,5
ID,19,Time,1584.844,DronePosition,-20.40468,45,-107.379,0,CameraPosition,-103.2141,1.683971,-107.5249,CameraRotation,349.7117,269.2648,0.5094048,CurrentState,End,Slider,51,Scenario,5
ID,19,Time,1584.858,DronePosition,-20.40468,45,-107.379,0,CameraPosition,-103.214,1.683989,-107.5248,CameraRotation,349.7022,269.2787,0.5017329,CurrentState,End,Slider,51,Scenario,5
ID,19,Time,1584.872,DronePosition,-20.40468,45,-107.379,0,CameraPosition,-103.2139,1.68399,-107.5247,CameraRotation,349.6992,269.2818,0.4873644,CurrentState,End,Slider,51,Scenario,5
ID,19,Time,1584.886,DronePosition,-20.40468,45,-107.379,0,CameraPosition,-103.2138,1.683987,-107.5247,CameraRotation,349.7149,269.2743,0.4683169,CurrentState,End,Slider,51,Scenario,5
ID,19,Time,1584.899,DronePosition,-20.40468,45,-107.379,0,CameraPosition,-103.2137,1.683985,-107.5246,CameraRotation,349.7207,269.2625,0.4580575,CurrentState,End,Slider,51,Scenario,5
ID,19,Time,1584.913,DronePosition,-20.40468,45,-107.379,0,CameraPosition,-103.2136,1.684008,-107.5246,CameraRotation,349.7143,269.2627,0.4555529,CurrentState,End,Slider,51,Scenario,5
ID,19,Time,1584.928,DronePosition,-20.40468,45,-107.379,0,CameraPosition,-103.2135,1.684042,-107.5245,CameraRotation,349.6873,269.2473,0.4635628,CurrentState,End,Slider,51,Scenario,5
ID,19,Time,1584.941,DronePosition,-20.40468,45,-107.379,0,CameraPosition,-103.2135,1.684108,-107.5245,CameraRotation,349.6591,269.2369,0.4441218,CurrentState,End,Slider,51,Scenario,5
ID,19,Time,1584.955,DronePosition,-20.40468,45,-107.379,0,CameraPosition,-103.2134,1.684145,-107.5245,CameraRotation,349.6273,269.2135,0.4317473,CurrentState,End,Slider,51,Scenario,5
ID,19,Time,1584.974,DronePosition,-20.40468,45,-107.379,0,CameraPosition,-103.2133,1.68419,-107.5245,CameraRotation,349.6111,269.1872,0.4341383,CurrentState,End,Slider,51,Scenario,5
ID,19,Time,1584.997,DronePosition,-20.40468,45,-107.379,0,CameraPosition,-103.2132,1.684253,-107.5246,CameraRotation,349.575,269.1281,0.4493564,CurrentState,End,Slider,51,Scenario,5
ID,19,Time,1585.011,DronePosition,-20.40468,45,-107.379,0,CameraPosition,-103.2132,1.684266,-107.5246,CameraRotation,349.5464,269.1042,0.4571803,CurrentState,End,Slider,51,Scenario,5
ID,19,Time,1585.025,DronePosition,-20.40468,45,-107.379,0,CameraPosition,-103.2132,1.684288,-107.5246,CameraRotation,349.5303,269.0941,0.4560952,CurrentState,End,Slider,51,Scenario,5
ID,19,Time,1585.039,DronePosition,-20.40468,45,-107.379,0,CameraPosition,-103.2132,1.684315,-107.5246,CameraRotation,349.5229,269.0863,0.4555292,CurrentState,End,Slider,51,Scenario,5
ID,19,Time,1585.053,DronePosition,-20.40468,45,-107.379,0,CameraPosition,-103.2132,1.684311,-107.5246,CameraRotation,349.5127,269.0887,0.4531872,CurrentState,End,Slider,51,Scenario,5
ID,19,Time,1585.067,DronePosition,-20.40468,45,-107.379,0,CameraPosition,-103.2133,1.684294,-107.5246,CameraRotation,349.519,269.0993,0.4575434,CurrentState,End,Slider,51,Scenario,5
ID,19,Time,1585.081,DronePosition,-20.40468,45,-107.379,0,CameraPosition,-103.2133,1.684239,-107.5246,CameraRotation,349.531,269.1162,0.4579184,CurrentState,End,Slider,51,Scenario,5
ID,19,Time,1585.094,DronePosition,-20.40468,45,-107.379,0,CameraPosition,-103.2133,1.684174,-107.5246,CameraRotation,349.5564,269.1357,0.4509417,CurrentState,End,Slider,51,Scenario,5
ID,19,Time,1585.109,DronePosition,-20.40468,45,-107.379,0,CameraPosition,-103.2133,1.684115,-107.5246,CameraRotation,349.5919,269.1669,0.4601692,CurrentState,End,Slider,51,Scenario,5
ID,19,Time,1585.123,DronePosition,-20.40468,45,-107.379,0,CameraPosition,-103.2134,1.684068,-107.5246,CameraRotation,349.6236,269.1876,0.4636942,CurrentState,End,Slider,51,Scenario,5
ID,19,Time,1585.137,DronePosition,-20.40468,45,-107.379,0,CameraPosition,-103.2134,1.684034,-107.5245,CameraRotation,349.6536,269.2,0.4616641,CurrentState,End,Slider,51,Scenario,5
ID,19,Time,1585.15,DronePosition,-20.40468,45,-107.379,0,CameraPosition,-103.2134,1.684002,-107.5245,CameraRotation,349.6792,269.2047,0.4795991,CurrentState,End,Slider,51,Scenario,5
ID,19,Time,1585.164,DronePosition,-20.40468,45,-107.379,0,CameraPosition,-103.2135,1.683959,-107.5245,CameraRotation,349.7019,269.2034,0.4751415,CurrentState,End,Slider,51,Scenario,5
ID,19,Time,1585.183,DronePosition,-20.40468,45,-107.379,0,CameraPosition,-103.2135,1.68391,-107.5245,CameraRotation,349.7253,269.1996,0.4839874,CurrentState,End,Slider,51,Scenario,5
ID,19,Time,1585.206,DronePosition,-20.40468,45,-107.379,0,CameraPosition,-103.2136,1.683925,-107.5245,CameraRotation,349.7063,269.2077,0.4707339,CurrentState,End,Slider,51,Scenario,5
ID,19,Time,1585.219,DronePosition,-20.40468,45,-107.379,0,CameraPosition,-103.2137,1.683912,-107.5245,CameraRotation,349.7063,269.2169,0.4160577,CurrentState,End,Slider,51,Scenario,5
ID,19,Time,1585.234,DronePosition,-20.40468,45,-107.379,0,CameraPosition,-103.2137,1.683858,-107.5245,CameraRotation,349.7437,269.2191,0.3981543,CurrentState,End,Slider,51,Scenario,5
ID,19,Time,1585.247,DronePosition,-20.40468,45,-107.379,0,CameraPosition,-103.2138,1.683797,-107.5244,CameraRotation,349.7722,269.2165,0.4267322,CurrentState,End,Slider,51,Scenario,5
ID,19,Time,1585.261,DronePosition,-20.40468,45,-107.379,0,CameraPosition,-103.2139,1.683783,-107.5244,CameraRotation,349.7853,269.2161,0.4763333,CurrentState,End,Slider,51,Scenario,5
ID,19,Time,1585.276,DronePosition,-20.40468,45,-107.379,0,CameraPosition,-103.2139,1.683775,-107.5243,CameraRotation,349.7805,269.248,0.5240725,CurrentState,End,Slider,51,Scenario,5
ID,19,Time,1585.289,DronePosition,-20.40468,45,-107.379,0,CameraPosition,-103.214,1.683758,-107.5243,CameraRotation,349.7942,269.2999,0.5448469,CurrentState,End,Slider,51,Scenario,5
ID,19,Time,1585.304,DronePosition,-20.40468,45,-107.379,0,CameraPosition,-103.214,1.683714,-107.5242,CameraRotation,349.8236,269.3809,0.5442684,CurrentState,End,Slider,51,Scenario,5
ID,19,Time,1585.317,DronePosition,-20.40468,45,-107.379,0,CameraPosition,-103.214,1.683658,-107.524,CameraRotation,349.8593,269.4556,0.5580664,CurrentState,End,Slider,51,Scenario,5
ID,19,Time,1585.331,DronePosition,-20.40468,45,-107.379,0,CameraPosition,-103.214,1.683616,-107.5239,CameraRotation,349.886,269.5318,0.5665457,CurrentState,End,Slider,51,Scenario,5
ID,19,Time,1585.345,DronePosition,-20.40468,45,-107.379,0,CameraPosition,-103.214,1.683591,-107.5237,CameraRotation,349.9154,269.5896,0.5630584,CurrentState,End,Slider,51,Scenario,5
ID,19,Time,1585.359,DronePosition,-20.40468,45,-107.379,0,CameraPosition,-103.2139,1.683586,-107.5236,CameraRotation,349.94,269.6381,0.5345628,CurrentState,End,Slider,51,Scenario,5
ID,19,Time,1585.373,DronePosition,-20.40468,45,-107.379,0,CameraPosition,-103.2139,1.683561,-107.5235,CameraRotation,349.9596,269.6667,0.4850353,CurrentState,End,Slider,51,Scenario,5
ID,19,Time,1585.392,DronePosition,-20.40468,45,-107.379,0,CameraPosition,-103.2139,1.683524,-107.5234,CameraRotation,349.9693,269.6701,0.4522913,CurrentState,End,Slider,51,Scenario,5
ID,19,Time,1585.414,DronePosition,-20.40468,45,-107.379,0,CameraPosition,-103.2139,1.683502,-107.5233,CameraRotation,349.9257,269.6184,0.4091721,CurrentState,End,Slider,51,Scenario,5
ID,19,Time,1585.428,DronePosition,-20.40468,45,-107.379,0,CameraPosition,-103.2138,1.683514,-107.5233,CameraRotation,349.8948,269.5789,0.359806,CurrentState,End,Slider,51,Scenario,5
ID,19,Time,1585.442,DronePosition,-20.40468,45,-107.379,0,CameraPosition,-103.2138,1.683535,-107.5234,CameraRotation,349.8755,269.5288,0.3318752,CurrentState,End,Slider,51,Scenario,5
ID,19,Time,1585.456,DronePosition,-20.40468,45,-107.379,0,CameraPosition,-103.2137,1.683543,-107.5234,CameraRotation,349.8641,269.4818,0.3173211,CurrentState,End,Slider,51,Scenario,5
ID,19,Time,1585.47,DronePosition,-20.40468,45,-107.379,0,CameraPosition,-103.2136,1.683527,-107.5235,CameraRotation,349.8554,269.4209,0.308746,CurrentState,End,Slider,51,Scenario,5
ID,19,Time,1585.484,DronePosition,-20.40468,45,-107.379,0,CameraPosition,-103.2135,1.683533,-107.5236,CameraRotation,349.8502,269.3975,0.2679341,CurrentState,End,Slider,51,Scenario,5
ID,19,Time,1585.498,DronePosition,-20.40468,45,-107.379,0,CameraPosition,-103.2134,1.683537,-107.5236,CameraRotation,349.8303,269.3882,0.2634806,CurrentState,End,Slider,51,Scenario,5
ID,19,Time,1585.512,DronePosition,-20.40468,45,-107.379,0,CameraPosition,-103.2134,1.683553,-107.5237,CameraRotation,349.7897,269.394,0.270787,CurrentState,End,Slider,51,Scenario,5
ID,19,Time,1585.526,DronePosition,-20.40468,45,-107.379,0,CameraPosition,-103.2133,1.683577,-107.5238,CameraRotation,349.7574,269.3951,0.280949,CurrentState,End,Slider,51,Scenario,5
ID,19,Time,1585.54,DronePosition,-20.40468,45,-107.379,0,CameraPosition,-103.2132,1.683617,-107.5238,CameraRotation,349.7316,269.3936,0.3010567,CurrentState,End,Slider,51,Scenario,5
ID,19,Time,1585.554,DronePosition,-20.40468,45,-107.379,0,CameraPosition,-103.2131,1.683666,-107.5238,CameraRotation,349.6924,269.4036,0.2910693,CurrentState,End,Slider,51,Scenario,5
ID,19,Time,1585.568,DronePosition,-20.40468,45,-107.379,0,CameraPosition,-103.2131,1.683705,-107.5239,CameraRotation,349.6514,269.4089,0.2774777,CurrentState,End,Slider,51,Scenario,5
ID,19,Time,1585.582,DronePosition,-20.40468,45,-107.379,0,CameraPosition,-103.2131,1.683747,-107.524,CameraRotation,349.6153,269.4057,0.2637228,CurrentState,End,Slider,51,Scenario,5
ID,19,Time,1585.601,DronePosition,-20.40468,45,-107.379,0,CameraPosition,-103.2131,1.683762,-107.5241,CameraRotation,349.5928,269.3873,0.2583742,CurrentState,End,Slider,51,Scenario,5
ID,19,Time,1585.623,DronePosition,-20.40468,45,-107.379,0,CameraPosition,-103.213,1.683786,-107.5242,CameraRotation,349.5694,269.3628,0.2706307,CurrentState,End,Slider,51,Scenario,5
ID,19,Time,1585.637,DronePosition,-20.40468,45,-107.379,0,CameraPosition,-103.213,1.683799,-107.5243,CameraRotation,349.5624,269.362,0.2754624,CurrentState,End,Slider,51,Scenario,5
ID,19,Time,1585.651,DronePosition,-20.40468,45,-107.379,0,CameraPosition,-103.213,1.683781,-107.5243,CameraRotation,349.5493,269.3592,0.3025024,CurrentState,End,Slider,51,Scenario,5
ID,19,Time,1585.665,DronePosition,-20.40468,45,-107.379,0,CameraPosition,-103.213,1.683777,-107.5244,CameraRotation,349.5506,269.3571,0.3262395,CurrentState,End,Slider,51,Scenario,5
ID,19,Time,1585.679,DronePosition,-20.40468,45,-107.379,0,CameraPosition,-103.213,1.683764,-107.5244,CameraRotation,349.5489,269.3494,0.3477959,CurrentState,End,Slider,51,Scenario,5
ID,19,Time,1585.693,DronePosition,-20.40468,45,-107.379,0,CameraPosition,-103.213,1.683761,-107.5244,CameraRotation,349.5541,269.352,0.3438984,CurrentState,End,Slider,51,Scenario,5
ID,19,Time,1585.707,DronePosition,-20.40468,45,-107.379,0,CameraPosition,-103.213,1.683737,-107.5244,CameraRotation,349.575,269.3491,0.3302563,CurrentState,End,Slider,51,Scenario,5
ID,19,Time,1585.721,DronePosition,-20.40468,45,-107.379,0,CameraPosition,-103.213,1.683704,-107.5243,CameraRotation,349.6008,269.3498,0.3057687,CurrentState,End,Slider,51,Scenario,5
ID,19,Time,1585.735,DronePosition,-20.40468,45,-107.379,0,CameraPosition,-103.213,1.683658,-107.5243,CameraRotation,349.6296,269.3552,0.262996,CurrentState,End,Slider,51,Scenario,5
ID,19,Time,1585.749,DronePosition,-20.40468,45,-107.379,0,CameraPosition,-103.213,1.683616,-107.5242,CameraRotation,349.6474,269.3619,0.2500792,CurrentState,End,Slider,51,Scenario,5
ID,19,Time,1585.763,DronePosition,-20.40468,45,-107.379,0,CameraPosition,-103.2131,1.683579,-107.5241,CameraRotation,349.652,269.3731,0.254451,CurrentState,End,Slider,51,Scenario,5
ID,19,Time,1585.777,DronePosition,-20.40468,45,-107.379,0,CameraPosition,-103.2131,1.683556,-107.524,CameraRotation,349.655,269.3956,0.235746,CurrentState,End,Slider,51,Scenario,5
ID,19,Time,1585.791,DronePosition,-20.40468,45,-107.379,0,CameraPosition,-103.2131,1.683536,-107.5239,CameraRotation,349.6715,269.4312,0.2056559,CurrentState,End,Slider,51,Scenario,5
ID,19,Time,1585.809,DronePosition,-20.40468,45,-107.379,0,CameraPosition,-103.2132,1.683486,-107.5238,CameraRotation,349.6963,269.4799,0.2011377,CurrentState,End,Slider,51,Scenario,5
ID,19,Time,1585.832,DronePosition,-20.40468,45,-107.379,0,CameraPosition,-103.2133,1.683351,-107.5235,CameraRotation,349.7801,269.5888,0.181438,CurrentState,End,Slider,51,Scenario,5
ID,19,Time,1585.846,DronePosition,-20.40468,45,-107.379,0,CameraPosition,-103.2134,1.68333,-107.5233,CameraRotation,349.8008,269.6507,0.1896522,CurrentState,End,Slider,51,Scenario,5
ID,19,Time,1585.86,DronePosition,-20.40468,45,-107.379,0,CameraPosition,-103.2135,1.683345,-107.5231,CameraRotation,349.7678,269.7352,0.1329407,CurrentState,End,Slider,51,Scenario,5
ID,19,Time,1585.874,DronePosition,-20.40468,45,-107.379,0,CameraPosition,-103.2136,1.683346,-107.5229,CameraRotation,349.7648,269.8257,0.03778961,CurrentState,End,Slider,51,Scenario,5
ID,19,Time,1585.888,DronePosition,-20.40468,45,-107.379,0,CameraPosition,-103.2136,1.683319,-107.5227,CameraRotation,349.7856,269.9083,359.9861,CurrentState,End,Slider,51,Scenario,5
ID,19,Time,1585.903,DronePosition,-20.40468,45,-107.379,0,CameraPosition,-103.2137,1.683272,-107.5225,CameraRotation,349.8259,269.9952,359.9785,CurrentState,End,Slider,51,Scenario,5
ID,19,Time,1585.916,DronePosition,-20.40468,45,-107.379,0,CameraPosition,-103.2137,1.683215,-107.5223,CameraRotation,349.8648,270.072,-0.002324818,CurrentState,End,Slider,51,Scenario,5
ID,19,Time,1585.93,DronePosition,-20.40468,45,-107.379,0,CameraPosition,-103.2137,1.683158,-107.5221,CameraRotation,349.8984,270.1548,0.0131869,CurrentState,End,Slider,51,Scenario,5
ID,19,Time,1585.944,DronePosition,-20.40468,45,-107.379,0,CameraPosition,-103.2138,1.683099,-107.5219,CameraRotation,349.9343,270.2551,-0.003797987,CurrentState,End,Slider,51,Scenario,5
ID,19,Time,1585.958,DronePosition,-20.40468,45,-107.379,0,CameraPosition,-103.2138,1.683056,-107.5218,CameraRotation,349.9575,270.3427,359.967,CurrentState,End,Slider,51,Scenario,5
ID,19,Time,1585.972,DronePosition,-20.40468,45,-107.379,0,CameraPosition,-103.2138,1.683048,-107.5216,CameraRotation,349.9638,270.4118,359.9528,CurrentState,End,Slider,51,Scenario,5
ID,19,Time,1585.986,DronePosition,-20.40468,45,-107.379,0,CameraPosition,-103.2138,1.683027,-107.5215,CameraRotation,349.9516,270.4631,359.9522,CurrentState,End,Slider,51,Scenario,5
ID,19,Time,1586,DronePosition,-20.40468,45,-107.379,0,CameraPosition,-103.2138,1.683004,-107.5215,CameraRotation,349.9604,270.4705,359.9431,CurrentState,End,Slider,51,Scenario,5
ID,19,Time,1586.018,DronePosition,-20.40468,45,-107.379,0,CameraPosition,-103.2139,1.683004,-107.5214,CameraRotation,349.9706,270.4683,359.9266,CurrentState,End,Slider,51,Scenario,5
ID,19,Time,1586.041,DronePosition,-20.40468,45,-107.379,0,CameraPosition,-103.2139,1.682982,-107.5214,CameraRotation,349.9872,270.437,359.9178,CurrentState,End,Slider,51,Scenario,5
ID,19,Time,1586.055,DronePosition,-20.40468,45,-107.379,0,CameraPosition,-103.2139,1.683001,-107.5214,CameraRotation,349.9883,270.4035,359.9139,CurrentState,End,Slider,51,Scenario,5
ID,19,Time,1586.069,DronePosition,-20.40468,45,-107.379,0,CameraPosition,-103.2139,1.683016,-107.5214,CameraRotation,349.9788,270.3835,359.8842,CurrentState,End,Slider,51,Scenario,5
ID,19,Time,1586.083,DronePosition,-20.40468,45,-107.379,0,CameraPosition,-103.214,1.683039,-107.5215,CameraRotation,349.9654,270.3537,359.8713,CurrentState,End,Slider,51,Scenario,5
ID,19,Time,1586.097,DronePosition,-20.40468,45,-107.379,0,CameraPosition,-103.214,1.683061,-107.5215,CameraRotation,349.9654,270.3373,359.8753,CurrentState,End,Slider,51,Scenario,5
ID,19,Time,1586.111,DronePosition,-20.40468,45,-107.379,0,CameraPosition,-103.2141,1.683048,-107.5215,CameraRotation,349.9656,270.329,359.882,CurrentState,End,Slider,51,Scenario,5
ID,19,Time,1586.125,DronePosition,-20.40468,45,-107.379,0,CameraPosition,-103.2141,1.683025,-107.5215,CameraRotation,349.9735,270.3162,359.878,CurrentState,End,Slider,51,Scenario,5
ID,19,Time,1586.139,DronePosition,-20.40468,45,-107.379,0,CameraPosition,-103.2142,1.682991,-107.5216,CameraRotation,349.9801,270.3026,359.8786,CurrentState,End,Slider,51,Scenario,5
ID,19,Time,1586.153,DronePosition,-20.40468,45,-107.379,0,CameraPosition,-103.2142,1.68298,-107.5216,CameraRotation,349.9984,270.2969,359.8784,CurrentState,End,Slider,51,Scenario,5
ID,19,Time,1586.167,DronePosition,-20.40468,45,-107.379,0,CameraPosition,-103.2143,1.682948,-107.5216,CameraRotation,350.0115,270.2913,359.8893,CurrentState,End,Slider,51,Scenario,5
ID,19,Time,1586.18,DronePosition,-20.40468,45,-107.379,0,CameraPosition,-103.2143,1.682928,-107.5217,CameraRotation,350.0342,270.2785,359.8945,CurrentState,End,Slider,51,Scenario,5
ID,19,Time,1586.195,DronePosition,-20.40468,45,-107.379,0,CameraPosition,-103.2144,1.682886,-107.5217,CameraRotation,350.0522,270.2502,359.9064,CurrentState,End,Slider,51,Scenario,5
ID,19,Time,1586.208,DronePosition,-20.40468,45,-107.379,0,CameraPosition,-103.2145,1.682846,-107.5218,CameraRotation,350.0612,270.2182,359.9125,CurrentState,End,Slider,51,Scenario,5
ID,19,Time,1586.227,DronePosition,-20.40468,45,-107.379,0,CameraPosition,-103.2145,1.682811,-107.5219,CameraRotation,350.0709,270.1852,359.9193,CurrentState,End,Slider,51,Scenario,5
ID,19,Time,1586.25,DronePosition,-20.40468,45,-107.379,0,CameraPosition,-103.2147,1.682788,-107.522,CameraRotation,350.0967,270.117,359.9519,CurrentState,End,Slider,51,Scenario,5
ID,19,Time,1586.264,DronePosition,-20.40468,45,-107.379,0,CameraPosition,-103.2147,1.682767,-107.5221,CameraRotation,350.1168,270.0907,359.9615,CurrentState,End,Slider,51,Scenario,5
ID,19,Time,1586.278,DronePosition,-20.40468,45,-107.379,0,CameraPosition,-103.2147,1.682707,-107.5221,CameraRotation,350.139,270.061,359.9759,CurrentState,End,Slider,51,Scenario,5
ID,19,Time,1586.292,DronePosition,-20.40468,45,-107.379,0,CameraPosition,-103.2148,1.682639,-107.5222,CameraRotation,350.1807,270.0423,359.9857,CurrentState,End,Slider,51,Scenario,5
ID,19,Time,1586.306,DronePosition,-20.40468,45,-107.379,0,CameraPosition,-103.2148,1.682562,-107.5222,CameraRotation,350.2134,270.0326,359.9861,CurrentState,End,Slider,51,Scenario,5
ID,19,Time,1586.32,DronePosition,-20.40468,45,-107.379,0,CameraPosition,-103.2148,1.682506,-107.5222,CameraRotation,350.2525,270.0213,359.9925,CurrentState,End,Slider,51,Scenario,5
ID,19,Time,1586.333,DronePosition,-20.40468,45,-107.379,0,CameraPosition,-103.2149,1.682454,-107.5223,CameraRotation,350.276,269.9979,0.003920507,CurrentState,End,Slider,51,Scenario,5
ID,19,Time,1586.348,DronePosition,-20.40468,45,-107.379,0,CameraPosition,-103.2149,1.682429,-107.5223,CameraRotation,350.3011,269.9739,0.004934478,CurrentState,End,Slider,51,Scenario,5
ID,19,Time,1586.361,DronePosition,-20.40468,45,-107.379,0,CameraPosition,-103.2149,1.682405,-107.5223,CameraRotation,350.3013,269.9535,0.003051458,CurrentState,End,Slider,51,Scenario,5
ID,19,Time,1586.375,DronePosition,-20.40468,45,-107.379,0,CameraPosition,-103.2149,1.682403,-107.5223,CameraRotation,350.3145,269.937,0.006162005,CurrentState,End,Slider,51,Scenario,5
ID,19,Time,1586.39,DronePosition,-20.40468,45,-107.379,0,CameraPosition,-103.2149,1.682393,-107.5223,CameraRotation,350.3219,269.9247,0.01605014,CurrentState,End,Slider,51,Scenario,5
ID,19,Time,1586.403,DronePosition,-20.40468,45,-107.379,0,CameraPosition,-103.2149,1.682393,-107.5223,CameraRotation,350.3289,269.9104,0.02973909,CurrentState,End,Slider,51,Scenario,5
ID,19,Time,1586.417,DronePosition,-20.40468,45,-107.379,0,CameraPosition,-103.2149,1.682372,-107.5223,CameraRotation,350.3244,269.9005,0.03561724,CurrentState,End,Slider,51,Scenario,5
ID,19,Time,1586.436,DronePosition,-20.40468,45,-107.379,0,CameraPosition,-103.2148,1.6824,-107.5223,CameraRotation,350.3202,269.9042,0.03849965,CurrentState,End,Slider,51,Scenario,5
ID,19,Time,1586.458,DronePosition,-20.40468,45,-107.379,0,CameraPosition,-103.2148,1.682465,-107.5222,CameraRotation,350.2873,269.8757,0.0708253,CurrentState,End,Slider,51,Scenario,5
ID,19,Time,1586.472,DronePosition,-20.40468,45,-107.379,0,CameraPosition,-103.2148,1.682497,-107.5222,CameraRotation,350.2849,269.8619,0.08912898,CurrentState,End,Slider,51,Scenario,5
ID,19,Time,1586.486,DronePosition,-20.40468,45,-107.379,0,CameraPosition,-103.2148,1.682545,-107.522,CameraRotation,350.2682,269.8558,0.08899699,CurrentState,End,Slider,51,Scenario,5
ID,19,Time,1586.5,DronePosition,-20.40468,45,-107.379,0,CameraPosition,-103.2148,1.682588,-107.5219,CameraRotation,350.2199,269.8848,0.02466064,CurrentState,End,Slider,51,Scenario,5
ID,19,Time,1586.514,DronePosition,-20.40468,45,-107.379,0,CameraPosition,-103.2148,1.682589,-107.5217,CameraRotation,350.2286,269.915,359.9312,CurrentState,End,Slider,51,Scenario,5
ID,19,Time,1586.531,DronePosition,-20.40468,45,-107.379,0,CameraPosition,-103.2148,1.682542,-107.5215,CameraRotation,350.2828,269.9596,359.8996,CurrentState,End,Slider,51,Scenario,5
ID,19,Time,1586.542,DronePosition,-20.40468,45,-107.379,0,CameraPosition,-103.2148,1.682496,-107.5213,CameraRotation,350.3283,270.0085,359.9095,CurrentState,End,Slider,51,Scenario,5
ID,19,Time,1586.556,DronePosition,-20.40468,45,-107.379,0,CameraPosition,-103.2147,1.68247,-107.5211,CameraRotation,350.3532,270.0483,359.9442,CurrentState,End,Slider,51,Scenario,5
ID,19,Time,1586.57,DronePosition,-20.40468,45,-107.379,0,CameraPosition,-103.2147,1.682444,-107.5209,CameraRotation,350.3613,270.0817,359.9666,CurrentState,End,Slider,51,Scenario,5
ID,19,Time,1586.584,DronePosition,-20.40468,45,-107.379,0,CameraPosition,-103.2147,1.682412,-107.5207,CameraRotation,350.3723,270.1245,359.9555,CurrentState,End,Slider,51,Scenario,5
ID,19,Time,1586.598,DronePosition,-20.40468,45,-107.379,0,CameraPosition,-103.2146,1.68238,-107.5206,CameraRotation,350.3784,270.1492,359.9186,CurrentState,End,Slider,51,Scenario,5
ID,19,Time,1586.612,DronePosition,-20.40468,45,-107.379,0,CameraPosition,-103.2146,1.682353,-107.5206,CameraRotation,350.3869,270.1433,359.8915,CurrentState,End,Slider,51,Scenario,5
ID,19,Time,1586.626,DronePosition,-20.40468,45,-107.379,0,CameraPosition,-103.2146,1.682341,-107.5205,CameraRotation,350.3972,270.0989,359.8809,CurrentState,End,Slider,51,Scenario,5
ID,19,Time,1586.645,DronePosition,-20.40468,45,-107.379,0,CameraPosition,-103.2145,1.682351,-107.5205,CameraRotation,350.416,270.0292,359.8582,CurrentState,End,Slider,51,Scenario,5
ID,19,Time,1586.667,DronePosition,-20.40468,45,-107.379,0,CameraPosition,-103.2144,1.682348,-107.5205,CameraRotation,350.45,269.8586,359.7951,CurrentState,End,Slider,51,Scenario,5
ID,19,Time,1586.681,DronePosition,-20.40468,45,-107.379,0,CameraPosition,-103.2144,1.682337,-107.5206,CameraRotation,350.4627,269.7542,359.769,CurrentState,End,Slider,51,Scenario,5
ID,19,Time,1586.695,DronePosition,-20.40468,45,-107.379,0,CameraPosition,-103.2143,1.682336,-107.5207,CameraRotation,350.4469,269.6637,359.7315,CurrentState,End,Slider,51,Scenario,5
ID,19,Time,1586.709,DronePosition,-20.40468,45,-107.379,0,CameraPosition,-103.2143,1.682374,-107.5208,CameraRotation,350.4204,269.5626,359.6725,CurrentState,End,Slider,51,Scenario,5
ID,19,Time,1586.723,DronePosition,-20.40468,45,-107.379,0,CameraPosition,-103.2142,1.682462,-107.521,CameraRotation,350.382,269.468,359.6318,CurrentState,End,Slider,51,Scenario,5
ID,19,Time,1586.737,DronePosition,-20.40468,45,-107.379,0,CameraPosition,-103.2141,1.682548,-107.5211,CameraRotation,350.3356,269.3792,359.6182,CurrentState,End,Slider,51,Scenario,5
ID,19,Time,1586.751,DronePosition,-20.40468,45,-107.379,0,CameraPosition,-103.214,1.682621,-107.5213,CameraRotation,350.2926,269.274,359.6037,CurrentState,End,Slider,51,Scenario,5
ID,19,Time,1586.765,DronePosition,-20.40468,45,-107.379,0,CameraPosition,-103.214,1.682706,-107.5216,CameraRotation,350.258,269.1967,359.5799,CurrentState,End,Slider,51,Scenario,5
ID,19,Time,1586.779,DronePosition,-20.40468,45,-107.379,0,CameraPosition,-103.2139,1.682801,-107.5219,CameraRotation,350.2246,269.1132,359.5535,CurrentState,End,Slider,51,Scenario,5
ID,19,Time,1586.793,DronePosition,-20.40468,45,-107.379,0,CameraPosition,-103.2138,1.682922,-107.5222,CameraRotation,350.1858,269.0142,359.5453,CurrentState,End,Slider,51,Scenario,5
ID,19,Time,1586.807,DronePosition,-20.40468,45,-107.379,0,CameraPosition,-103.2137,1.68305,-107.5226,CameraRotation,350.1393,268.912,359.5627,CurrentState,End,Slider,51,Scenario,5
ID,19,Time,1586.821,DronePosition,-20.40468,45,-107.379,0,CameraPosition,-103.2136,1.68318,-107.523,CameraRotation,350.0899,268.798,359.5914,CurrentState,End,Slider,51,Scenario,5
ID,19,Time,1586.835,DronePosition,-20.40468,45,-107.379,0,CameraPosition,-103.2135,1.683298,-107.5235,CameraRotation,350.0294,268.6752,359.6395,CurrentState,End,Slider,51,Scenario,5
ID,19,Time,1586.854,DronePosition,-20.40468,45,-107.379,0,CameraPosition,-103.2134,1.683377,-107.5239,CameraRotation,349.9762,268.5504,359.7001,CurrentState,End,Slider,51,Scenario,5
ID,19,Time,1586.876,DronePosition,-20.40468,45,-107.379,0,CameraPosition,-103.2132,1.68352,-107.5249,CameraRotation,349.8691,268.2867,359.8469,CurrentState,End,Slider,51,Scenario,5
ID,19,Time,1586.89,DronePosition,-20.40468,45,-107.379,0,CameraPosition,-103.2132,1.683592,-107.5253,CameraRotation,349.8048,268.1754,359.9496,CurrentState,End,Slider,51,Scenario,5
ID,19,Time,1586.904,DronePosition,-20.40468,45,-107.379,0,CameraPosition,-103.2131,1.683654,-107.5256,CameraRotation,349.7609,268.1014,0.02869165,CurrentState,End,Slider,51,Scenario,5
ID,19,Time,1586.918,DronePosition,-20.40468,45,-107.379,0,CameraPosition,-103.2131,1.683678,-107.5258,CameraRotation,349.7483,268.0916,0.07000738,CurrentState,End,Slider,51,Scenario,5
ID,19,Time,1586.932,DronePosition,-20.40468,45,-107.379,0,CameraPosition,-103.2131,1.683645,-107.5259,CameraRotation,349.7554,268.1219,0.1038563,CurrentState,End,Slider,51,Scenario,5
ID,19,Time,1586.946,DronePosition,-20.40468,45,-107.379,0,CameraPosition,-103.2132,1.683612,-107.526,CameraRotation,349.7769,268.1873,0.1346199,CurrentState,End,Slider,51,Scenario,5
ID,19,Time,1586.96,DronePosition,-20.40468,45,-107.379,0,CameraPosition,-103.2132,1.68361,-107.526,CameraRotation,349.7835,268.2795,0.1750888,CurrentState,End,Slider,51,Scenario,5
ID,19,Time,1586.974,DronePosition,-20.40468,45,-107.379,0,CameraPosition,-103.2132,1.683624,-107.526,CameraRotation,349.7764,268.3757,0.2295404,CurrentState,End,Slider,51,Scenario,5
ID,19,Time,1586.988,DronePosition,-20.40468,45,-107.379,0,CameraPosition,-103.2133,1.683661,-107.5259,CameraRotation,349.7589,268.5024,0.2650059,CurrentState,End,Slider,51,Scenario,5
ID,19,Time,1587.002,DronePosition,-20.40468,45,-107.379,0,CameraPosition,-103.2133,1.683694,-107.5257,CameraRotation,349.748,268.6218,0.2962916,CurrentState,End,Slider,51,Scenario,5
ID,19,Time,1587.016,DronePosition,-20.40468,45,-107.379,0,CameraPosition,-103.2134,1.683707,-107.5256,CameraRotation,349.7539,268.7405,0.3283941,CurrentState,End,Slider,51,Scenario,5
ID,19,Time,1587.03,DronePosition,-20.40468,45,-107.379,0,CameraPosition,-103.2134,1.683676,-107.5254,CameraRotation,349.7786,268.8598,0.3638192,CurrentState,End,Slider,51,Scenario,5
ID,19,Time,1587.044,DronePosition,-20.40468,45,-107.379,0,CameraPosition,-103.2134,1.683638,-107.5251,CameraRotation,349.8147,268.9913,0.3641574,CurrentState,End,Slider,51,Scenario,5
ID,19,Time,1587.063,DronePosition,-20.40468,45,-107.379,0,CameraPosition,-103.2135,1.683588,-107.5248,CameraRotation,349.8618,269.1319,0.3685173,CurrentState,End,Slider,51,Scenario,5
ID,19,Time,1587.085,DronePosition,-20.40468,45,-107.379,0,CameraPosition,-103.2135,1.683507,-107.5241,CameraRotation,349.9219,269.4468,0.3617733,CurrentState,End,Slider,51,Scenario,5
ID,19,Time,1587.099,DronePosition,-20.40468,45,-107.379,0,CameraPosition,-103.2136,1.683478,-107.5237,CameraRotation,349.9466,269.6259,0.350507,CurrentState,End,Slider,51,Scenario,5
ID,19,Time,1587.113,DronePosition,-20.40468,45,-107.379,0,CameraPosition,-103.2136,1.683511,-107.5233,CameraRotation,349.9199,269.8165,0.3258047,CurrentState,End,Slider,51,Scenario,5
ID,19,Time,1587.127,DronePosition,-20.40468,45,-107.379,0,CameraPosition,-103.2136,1.683549,-107.5229,CameraRotation,349.8759,269.9939,0.2516909,CurrentState,End,Slider,51,Scenario,5
ID,19,Time,1587.141,DronePosition,-20.40468,45,-107.379,0,CameraPosition,-103.2136,1.683577,-107.5225,CameraRotation,349.8616,270.1658,0.1473433,CurrentState,End,Slider,51,Scenario,5
ID,19,Time,1587.155,DronePosition,-20.40468,45,-107.379,0,CameraPosition,-103.2136,1.683553,-107.5221,CameraRotation,349.8633,270.3014,0.09626558,CurrentState,End,Slider,51,Scenario,5
ID,19,Time,1587.169,DronePosition,-20.40468,45,-107.379,0,CameraPosition,-103.2136,1.683544,-107.5218,CameraRotation,349.8928,270.3983,0.05615676,CurrentState,End,Slider,51,Scenario,5
ID,19,Time,1587.183,DronePosition,-20.40468,45,-107.379,0,CameraPosition,-103.2135,1.683523,-107.5216,CameraRotation,349.9049,270.4896,0.03334815,CurrentState,End,Slider,51,Scenario,5
ID,19,Time,1587.197,DronePosition,-20.40468,45,-107.379,0,CameraPosition,-103.2135,1.683514,-107.5214,CameraRotation,349.92,270.548,0.003476873,CurrentState,End,Slider,51,Scenario,5
ID,19,Time,1587.211,DronePosition,-20.40468,45,-107.379,0,CameraPosition,-103.2135,1.683517,-107.5212,CameraRotation,349.9256,270.6274,359.953,CurrentState,End,Slider,51,Scenario,5
ID,19,Time,1587.225,DronePosition,-20.40468,45,-107.379,0,CameraPosition,-103.2134,1.683547,-107.5211,CameraRotation,349.9105,270.6759,359.9087,CurrentState,End,Slider,51,Scenario,5
ID,19,Time,1587.239,DronePosition,-20.40468,45,-107.379,0,CameraPosition,-103.2133,1.683597,-107.521,CameraRotation,349.8566,270.7184,359.8925,CurrentState,End,Slider,51,Scenario,5
ID,19,Time,1587.253,DronePosition,-20.40468,45,-107.379,0,CameraPosition,-103.2133,1.683653,-107.5209,CameraRotation,349.8096,270.7397,359.8904,CurrentState,End,Slider,51,Scenario,5
ID,19,Time,1587.271,DronePosition,-20.40468,45,-107.379,0,CameraPosition,-103.2132,1.683707,-107.5209,CameraRotation,349.7683,270.7608,359.8895,CurrentState,End,Slider,51,Scenario,5
ID,19,Time,1587.294,DronePosition,-20.40468,45,-107.379,0,CameraPosition,-103.2131,1.683819,-107.5209,CameraRotation,349.6764,270.7708,359.8961,CurrentState,End,Slider,51,Scenario,5
ID,19,Time,1587.308,DronePosition,-20.40468,45,-107.379,0,CameraPosition,-103.2131,1.683891,-107.521,CameraRotation,349.656,270.7726,359.9324,CurrentState,End,Slider,51,Scenario,5
ID,19,Time,1587.322,DronePosition,-20.40468,45,-107.379,0,CameraPosition,-103.213,1.68398,-107.521,CameraRotation,349.6168,270.7852,359.9587,CurrentState,End,Slider,51,Scenario,5
ID,19,Time,1587.336,DronePosition,-20.40468,45,-107.379,0,CameraPosition,-103.2128,1.684051,-107.521,CameraRotation,349.5883,270.8101,359.9565,CurrentState,End,Slider,51,Scenario,5
ID,19,Time,1587.35,DronePosition,-20.40468,45,-107.379,0,CameraPosition,-103.2127,1.684097,-107.5211,CameraRotation,349.6039,270.8561,359.9531,CurrentState,End,Slider,51,Scenario,5
ID,19,Time,1587.364,DronePosition,-20.40468,45,-107.379,0,CameraPosition,-103.2127,1.684116,-107.5211,CameraRotation,349.6321,270.9049,359.9726,CurrentState,End,Slider,51,Scenario,5
ID,19,Time,1587.378,DronePosition,-20.40468,45,-107.379,0,CameraPosition,-103.2126,1.684116,-107.5212,CameraRotation,349.6364,270.9319,0.02279974,CurrentState,End,Slider,51,Scenario,5
ID,19,Time,1587.392,DronePosition,-20.40468,45,-107.379,0,CameraPosition,-103.2126,1.684142,-107.5212,CameraRotation,349.6259,270.9518,0.08344463,CurrentState,End,Slider,51,Scenario,5
ID,19,Time,1587.406,DronePosition,-20.40468,45,-107.379,0,CameraPosition,-103.2125,1.684152,-107.5213,CameraRotation,349.5915,270.9267,0.1299731,CurrentState,End,Slider,51,Scenario,5
ID,19,Time,1587.419,DronePosition,-20.40468,45,-107.379,0,CameraPosition,-103.2125,1.684165,-107.5215,CameraRotation,349.5623,270.8916,0.1435639,CurrentState,End,Slider,51,Scenario,5
ID,19,Time,1587.433,DronePosition,-20.40468,45,-107.379,0,CameraPosition,-103.2125,1.68417,-107.5216,CameraRotation,349.5282,270.8387,0.1422031,CurrentState,End,Slider,51,Scenario,5
ID,19,Time,1587.448,DronePosition,-20.40468,45,-107.379,0,CameraPosition,-103.2125,1.684192,-107.5217,CameraRotation,349.5089,270.7469,0.1437952,CurrentState,End,Slider,51,Scenario,5
ID,19,Time,1587.461,DronePosition,-20.40468,45,-107.379,0,CameraPosition,-103.2125,1.684211,-107.5219,CameraRotation,349.4898,270.6437,0.142611,CurrentState,End,Slider,51,Scenario,5
ID,19,Time,1587.48,DronePosition,-20.40468,45,-107.379,0,CameraPosition,-103.2125,1.684217,-107.522,CameraRotation,349.4823,270.5226,0.1383365,CurrentState,End,Slider,51,Scenario,5
ID,19,Time,1587.503,DronePosition,-20.40468,45,-107.379,0,CameraPosition,-103.2125,1.684198,-107.5223,CameraRotation,349.5167,270.3139,0.09377895,CurrentState,End,Slider,51,Scenario,5
ID,19,Time,1587.516,DronePosition,-20.40468,45,-107.379,0,CameraPosition,-103.2124,1.684166,-107.5225,CameraRotation,349.5427,270.2288,0.08055843,CurrentState,End,Slider,51,Scenario,5
ID,19,Time,1587.53,DronePosition,-20.40468,45,-107.379,0,CameraPosition,-103.2124,1.684132,-107.5227,CameraRotation,349.5571,270.1565,0.06922484,CurrentState,End,Slider,51,Scenario,5
ID,19,Time,1587.544,DronePosition,-20.40468,45,-107.379,0,CameraPosition,-103.2124,1.684128,-107.5228,CameraRotation,349.5515,270.0813,0.07788044,CurrentState,End,Slider,51,Scenario,5
ID,19,Time,1587.558,DronePosition,-20.40468,45,-107.379,0,CameraPosition,-103.2124,1.684143,-107.523,CameraRotation,349.5317,270.0083,0.09688783,CurrentState,End,Slider,51,Scenario,5
ID,19,Time,1587.573,DronePosition,-20.40468,45,-107.379,0,CameraPosition,-103.2124,1.684169,-107.5232,CameraRotation,349.4909,269.9439,0.1067524,CurrentState,End,Slider,51,Scenario,5
ID,19,Time,1587.586,DronePosition,-20.40468,45,-107.379,0,CameraPosition,-103.2124,1.684194,-107.5234,CameraRotation,349.4537,269.8782,0.1169013,CurrentState,End,Slider,51,Scenario,5
ID,19,Time,1587.6,DronePosition,-20.40468,45,-107.379,0,CameraPosition,-103.2124,1.684224,-107.5236,CameraRotation,349.434,269.8061,0.1401304,CurrentState,End,Slider,51,Scenario,5
ID,19,Time,1587.614,DronePosition,-20.40468,45,-107.379,0,CameraPosition,-103.2124,1.68424,-107.5238,CameraRotation,349.4328,269.7339,0.1604192,CurrentState,End,Slider,51,Scenario,5
ID,19,Time,1587.629,DronePosition,-20.40468,45,-107.379,0,CameraPosition,-103.2124,1.684233,-107.5239,CameraRotation,349.4449,269.673,0.1818372,CurrentState,End,Slider,51,Scenario,5
ID,19,Time,1587.642,DronePosition,-20.40468,45,-107.379,0,CameraPosition,-103.2124,1.684226,-107.5241,CameraRotation,349.4711,269.6197,0.2037424,CurrentState,End,Slider,51,Scenario,5
ID,19,Time,1587.656,DronePosition,-20.40468,45,-107.379,0,CameraPosition,-103.2123,1.684223,-107.5243,CameraRotation,349.4773,269.5807,0.2187261,CurrentState,End,Slider,51,Scenario,5
ID,19,Time,1587.67,DronePosition,-20.40468,45,-107.379,0,CameraPosition,-103.2123,1.684238,-107.5245,CameraRotation,349.4743,269.5548,0.2368542,CurrentState,End,Slider,51,Scenario,5
ID,19,Time,1587.689,DronePosition,-20.40468,45,-107.379,0,CameraPosition,-103.2123,1.684272,-107.5246,CameraRotation,349.4593,269.5168,0.2538467,CurrentState,End,Slider,51,Scenario,5
ID,19,Time,1587.711,DronePosition,-20.40468,45,-107.379,0,CameraPosition,-103.2123,1.684306,-107.5249,CameraRotation,349.4347,269.4051,0.2966102,CurrentState,End,Slider,51,Scenario,5
ID,19,Time,1587.726,DronePosition,-20.40468,45,-107.379,0,CameraPosition,-103.2124,1.684294,-107.525,CameraRotation,349.417,269.3528,0.3218342,CurrentState,End,Slider,51,Scenario,5
ID,19,Time,1587.739,DronePosition,-20.40468,45,-107.379,0,CameraPosition,-103.2124,1.684335,-107.5251,CameraRotation,349.3782,269.2962,0.3423723,CurrentState,End,Slider,51,Scenario,5
ID,19,Time,1587.753,DronePosition,-20.40468,45,-107.379,0,CameraPosition,-103.2124,1.684385,-107.5252,CameraRotation,349.3318,269.248,0.3226477,CurrentState,End,Slider,51,Scenario,5
ID,19,Time,1587.767,DronePosition,-20.40468,45,-107.379,0,CameraPosition,-103.2125,1.684396,-107.5253,CameraRotation,349.3187,269.2094,0.257239,CurrentState,End,Slider,51,Scenario,5
ID,19,Time,1587.781,DronePosition,-20.40468,45,-107.379,0,CameraPosition,-103.2125,1.684386,-107.5254,CameraRotation,349.3464,269.1651,0.2394317,CurrentState,End,Slider,51,Scenario,5
ID,19,Time,1587.795,DronePosition,-20.40468,45,-107.379,0,CameraPosition,-103.2126,1.684376,-107.5254,CameraRotation,349.3771,269.1303,0.2521214,CurrentState,End,Slider,51,Scenario,5
ID,19,Time,1587.809,DronePosition,-20.40468,45,-107.379,0,CameraPosition,-103.2126,1.684325,-107.5255,CameraRotation,349.3942,269.109,0.2820444,CurrentState,End,Slider,51,Scenario,5
ID,19,Time,1587.823,DronePosition,-20.40468,45,-107.379,0,CameraPosition,-103.2126,1.684281,-107.5255,CameraRotation,349.4237,269.1151,0.2969665,CurrentState,End,Slider,51,Scenario,5
ID,19,Time,1587.837,DronePosition,-20.40468,45,-107.379,0,CameraPosition,-103.2127,1.68424,-107.5255,CameraRotation,349.4328,269.1382,0.2792122,CurrentState,End,Slider,51,Scenario,5
ID,19,Time,1587.851,DronePosition,-20.40468,45,-107.379,0,CameraPosition,-103.2128,1.684204,-107.5254,CameraRotation,349.42,269.1623,0.2721286,CurrentState,End,Slider,51,Scenario,5
ID,19,Time,1587.865,DronePosition,-20.40468,45,-107.379,0,CameraPosition,-103.2129,1.684194,-107.5254,CameraRotation,349.4055,269.1855,0.2682907,CurrentState,End,Slider,51,Scenario,5
ID,19,Time,1587.879,DronePosition,-20.40468,45,-107.379,0,CameraPosition,-103.2129,1.684178,-107.5253,CameraRotation,349.3929,269.2002,0.2682296,CurrentState,End,Slider,51,Scenario,5
ID,19,Time,1587.898,DronePosition,-20.40468,45,-107.379,0,CameraPosition,-103.213,1.684156,-107.5253,CameraRotation,349.3868,269.2032,0.2635839,CurrentState,End,Slider,51,Scenario,5
ID,19,Time,1587.923,DronePosition,-20.40468,45,-107.379,0,CameraPosition,-103.2132,1.684087,-107.5253,CameraRotation,349.4084,269.1963,0.2172226,CurrentState,End,Slider,51,Scenario,5
ID,19,Time,1587.935,DronePosition,-20.40468,45,-107.379,0,CameraPosition,-103.2133,1.684065,-107.5253,CameraRotation,349.4579,269.1852,0.2050398,CurrentState,End,Slider,51,Scenario,5
ID,19,Time,1587.948,DronePosition,-20.40468,45,-107.379,0,CameraPosition,-103.2134,1.684029,-107.5252,CameraRotation,349.4617,269.1874,0.1970877,CurrentState,End,Slider,51,Scenario,5
ID,19,Time,1587.962,DronePosition,-20.40468,45,-107.379,0,CameraPosition,-103.2135,1.684023,-107.5252,CameraRotation,349.4819,269.2026,0.1580734,CurrentState,End,Slider,51,Scenario,5
ID,19,Time,1587.976,DronePosition,-20.40468,45,-107.379,0,CameraPosition,-103.2136,1.684005,-107.5252,CameraRotation,349.5064,269.2236,0.1466687,CurrentState,End,Slider,51,Scenario,5
ID,19,Time,1587.99,DronePosition,-20.40468,45,-107.379,0,CameraPosition,-103.2136,1.683978,-107.5251,CameraRotation,349.5213,269.245,0.1531918,CurrentState,End,Slider,51,Scenario,5
ID,19,Time,1588.004,DronePosition,-20.40468,45,-107.379,0,CameraPosition,-103.2137,1.68393,-107.5251,CameraRotation,349.5216,269.2701,0.1702321,CurrentState,End,Slider,51,Scenario,5
ID,19,Time,1588.018,DronePosition,-20.40468,45,-107.379,0,CameraPosition,-103.2138,1.68391,-107.5251,CameraRotation,349.5293,269.3019,0.1776461,CurrentState,End,Slider,51,Scenario,5
ID,19,Time,1588.032,DronePosition,-20.40468,45,-107.379,0,CameraPosition,-103.2139,1.68389,-107.525,CameraRotation,349.5284,269.3184,0.1760824,CurrentState,End,Slider,51,Scenario,5
ID,19,Time,1588.046,DronePosition,-20.40468,45,-107.379,0,CameraPosition,-103.2139,1.683868,-107.525,CameraRotation,349.5211,269.3397,0.1743184,CurrentState,End,Slider,51,Scenario,5
ID,19,Time,1588.06,DronePosition,-20.40468,45,-107.379,0,CameraPosition,-103.214,1.683856,-107.525,CameraRotation,349.5342,269.3491,0.1850618,CurrentState,End,Slider,51,Scenario,5
ID,19,Time,1588.074,DronePosition,-20.40468,45,-107.379,0,CameraPosition,-103.214,1.683824,-107.525,CameraRotation,349.5526,269.3504,0.1920717,CurrentState,End,Slider,51,Scenario,5
ID,19,Time,1588.088,DronePosition,-20.40468,45,-107.379,0,CameraPosition,-103.214,1.683801,-107.525,CameraRotation,349.5887,269.3485,0.1906623,CurrentState,End,Slider,51,Scenario,5
ID,19,Time,1588.106,DronePosition,-20.40468,45,-107.379,0,CameraPosition,-103.2141,1.683768,-107.525,CameraRotation,349.6068,269.3508,0.1927661,CurrentState,End,Slider,51,Scenario,5
ID,19,Time,1588.129,DronePosition,-20.40468,45,-107.379,0,CameraPosition,-103.2141,1.683763,-107.5251,CameraRotation,349.6069,269.3524,0.1888361,CurrentState,End,Slider,51,Scenario,5
ID,19,Time,1588.143,DronePosition,-20.40468,45,-107.379,0,CameraPosition,-103.2141,1.683783,-107.5251,CameraRotation,349.5972,269.3494,0.1862864,CurrentState,End,Slider,51,Scenario,5
ID,19,Time,1588.157,DronePosition,-20.40468,45,-107.379,0,CameraPosition,-103.2141,1.683794,-107.5251,CameraRotation,349.5682,269.3476,0.1868781,CurrentState,End,Slider,51,Scenario,5
ID,19,Time,1588.171,DronePosition,-20.40468,45,-107.379,0,CameraPosition,-103.2141,1.683815,-107.5252,CameraRotation,349.5476,269.3335,0.1969115,CurrentState,End,Slider,51,Scenario,5
ID,19,Time,1588.185,DronePosition,-20.40468,45,-107.379,0,CameraPosition,-103.2141,1.683838,-107.5253,CameraRotation,349.522,269.3092,0.2105559,CurrentState,End,Slider,51,Scenario,5
ID,19,Time,1588.199,DronePosition,-20.40468,45,-107.379,0,CameraPosition,-103.2142,1.683873,-107.5253,CameraRotation,349.4845,269.2824,0.2293932,CurrentState,End,Slider,51,Scenario,5
ID,19,Time,1588.213,DronePosition,-20.40468,45,-107.379,0,CameraPosition,-103.2142,1.683964,-107.5254,CameraRotation,349.4565,269.2484,0.2448654,CurrentState,End,Slider,51,Scenario,5
ID,19,Time,1588.227,DronePosition,-20.40468,45,-107.379,0,CameraPosition,-103.2142,1.684026,-107.5255,CameraRotation,349.4218,269.2048,0.2672211,CurrentState,End,Slider,51,Scenario,5
ID,19,Time,1588.24,DronePosition,-20.40468,45,-107.379,0,CameraPosition,-103.2142,1.684067,-107.5256,CameraRotation,349.3994,269.1517,0.2781755,CurrentState,End,Slider,51,Scenario,5
ID,19,Time,1588.255,DronePosition,-20.40468,45,-107.379,0,CameraPosition,-103.2141,1.684093,-107.5257,CameraRotation,349.3799,269.1113,0.2856863,CurrentState,End,Slider,51,Scenario,5
ID,19,Time,1588.269,DronePosition,-20.40468,45,-107.379,0,CameraPosition,-103.2141,1.684097,-107.5258,CameraRotation,349.366,269.0804,0.2957212,CurrentState,End,Slider,51,Scenario,5
ID,19,Time,1588.283,DronePosition,-20.40468,45,-107.379,0,CameraPosition,-103.2141,1.684137,-107.5259,CameraRotation,349.3613,269.0566,0.305309,CurrentState,End,Slider,51,Scenario,5
ID,19,Time,1588.297,DronePosition,-20.40468,45,-107.379,0,CameraPosition,-103.214,1.684165,-107.5259,CameraRotation,349.3476,269.0452,0.3243389,CurrentState,End,Slider,51,Scenario,5
ID,19,Time,1588.315,DronePosition,-20.40468,45,-107.379,0,CameraPosition,-103.214,1.684178,-107.5259,CameraRotation,349.3342,269.0358,0.3223154,CurrentState,End,Slider,51,Scenario,5
ID,19,Time,1588.338,DronePosition,-20.40468,45,-107.379,0,CameraPosition,-103.2139,1.684182,-107.5259,CameraRotation,349.2991,269.0404,0.3270873,CurrentState,End,Slider,51,Scenario,5
ID,19,Time,1588.352,DronePosition,-20.40468,45,-107.379,0,CameraPosition,-103.2139,1.684136,-107.5259,CameraRotation,349.3023,269.0157,0.3284915,CurrentState,End,Slider,51,Scenario,5
ID,19,Time,1588.366,DronePosition,-20.40468,45,-107.379,0,CameraPosition,-103.2139,1.684115,-107.5259,CameraRotation,349.3101,268.9895,0.3312252,CurrentState,End,Slider,51,Scenario,5
ID,19,Time,1588.38,DronePosition,-20.40468,45,-107.379,0,CameraPosition,-103.214,1.684149,-107.5259,CameraRotation,349.2995,268.964,0.3498186,CurrentState,End,Slider,51,Scenario,5
ID,19,Time,1588.394,DronePosition,-20.40468,45,-107.379,0,CameraPosition,-103.214,1.684165,-107.5259,CameraRotation,349.2717,268.9414,0.3138811,CurrentState,End,Slider,51,Scenario,5
ID,19,Time,1588.408,DronePosition,-20.40468,45,-107.379,0,CameraPosition,-103.214,1.684141,-107.5259,CameraRotation,349.2794,268.9222,0.2370445,CurrentState,End,Slider,51,Scenario,5
ID,19,Time,1588.422,DronePosition,-20.40468,45,-107.379,0,CameraPosition,-103.2139,1.684083,-107.5259,CameraRotation,349.3221,268.907,0.2080958,CurrentState,End,Slider,51,Scenario,5
ID,19,Time,1588.436,DronePosition,-20.40468,45,-107.379,0,CameraPosition,-103.2139,1.684034,-107.5259,CameraRotation,349.3651,268.8959,0.2291732,CurrentState,End,Slider,51,Scenario,5
ID,19,Time,1588.45,DronePosition,-20.40468,45,-107.379,0,CameraPosition,-103.2139,1.68399,-107.5258,CameraRotation,349.3938,268.9012,0.2592008,CurrentState,End,Slider,51,Scenario,5
ID,19,Time,1588.464,DronePosition,-20.40468,45,-107.379,0,CameraPosition,-103.2138,1.683947,-107.5258,CameraRotation,349.4282,268.9163,0.2824139,CurrentState,End,Slider,51,Scenario,5
ID,19,Time,1588.478,DronePosition,-20.40468,45,-107.379,0,CameraPosition,-103.2138,1.683867,-107.5257,CameraRotation,349.4478,268.9642,0.2881005,CurrentState,End,Slider,51,Scenario,5
ID,19,Time,1588.492,DronePosition,-20.40468,45,-107.379,0,CameraPosition,-103.2138,1.683797,-107.5256,CameraRotation,349.4673,269.0048,0.2822347,CurrentState,End,Slider,51,Scenario,5
ID,19,Time,1588.505,DronePosition,-20.40468,45,-107.379,0,CameraPosition,-103.2137,1.683722,-107.5255,CameraRotation,349.4761,269.034,0.2875659,CurrentState,End,Slider,51,Scenario,5
ID,19,Time,1588.525,DronePosition,-20.40468,45,-107.379,0,CameraPosition,-103.2137,1.683685,-107.5254,CameraRotation,349.5006,269.0513,0.2941015,CurrentState,End,Slider,51,Scenario,5
ID,19,Time,1588.547,DronePosition,-20.40468,45,-107.379,0,CameraPosition,-103.2136,1.683626,-107.5252,CameraRotation,349.5668,269.0643,0.2663765,CurrentState,End,Slider,51,Scenario,5
ID,19,Time,1588.561,DronePosition,-20.40468,45,-107.379,0,CameraPosition,-103.2135,1.683512,-107.5251,CameraRotation,349.6176,269.0622,0.2157308,CurrentState,End,Slider,51,Scenario,5
ID,19,Time,1588.575,DronePosition,-20.40468,45,-107.379,0,CameraPosition,-103.2135,1.68341,-107.525,CameraRotation,349.6844,269.0689,0.1876531,CurrentState,End,Slider,51,Scenario,5
ID,19,Time,1588.589,DronePosition,-20.40468,45,-107.379,0,CameraPosition,-103.2134,1.68332,-107.5248,CameraRotation,349.7236,269.0821,0.1620222,CurrentState,End,Slider,51,Scenario,5
ID,19,Time,1588.603,DronePosition,-20.40468,45,-107.379,0,CameraPosition,-103.2133,1.683271,-107.5247,CameraRotation,349.7489,269.1044,0.1122601,CurrentState,End,Slider,51,Scenario,5
ID,19,Time,1588.617,DronePosition,-20.40468,45,-107.379,0,CameraPosition,-103.2132,1.683264,-107.5246,CameraRotation,349.7627,269.148,0.07996366,CurrentState,End,Slider,51,Scenario,5
ID,19,Time,1588.633,DronePosition,-20.40468,45,-107.379,0,CameraPosition,-103.2132,1.683256,-107.5245,CameraRotation,349.7534,269.1901,0.08215801,CurrentState,End,Slider,51,Scenario,5
ID,19,Time,1588.648,DronePosition,-20.40468,45,-107.379,0,CameraPosition,-103.2131,1.683241,-107.5244,CameraRotation,349.7598,269.2292,0.06950553,CurrentState,End,Slider,51,Scenario,5
ID,19,Time,1588.661,DronePosition,-20.40468,45,-107.379,0,CameraPosition,-103.213,1.683195,-107.5243,CameraRotation,349.7706,269.2608,0.04933055,CurrentState,End,Slider,51,Scenario,5
ID,19,Time,1588.675,DronePosition,-20.40468,45,-107.379,0,CameraPosition,-103.2129,1.683165,-107.5242,CameraRotation,349.7769,269.297,0.02509466,CurrentState,End,Slider,51,Scenario,5
ID,19,Time,1588.689,DronePosition,-20.40468,45,-107.379,0,CameraPosition,-103.2129,1.683158,-107.5241,CameraRotation,349.7749,269.3231,0.01396282,CurrentState,End,Slider,51,Scenario,5
ID,19,Time,1588.703,DronePosition,-20.40468,45,-107.379,0,CameraPosition,-103.2129,1.683147,-107.5241,CameraRotation,349.7812,269.3407,0.004833037,CurrentState,End,Slider,51,Scenario,5
ID,19,Time,1588.717,DronePosition,-20.40468,45,-107.379,0,CameraPosition,-103.2128,1.683111,-107.5241,CameraRotation,349.7862,269.3525,0.006145521,CurrentState,End,Slider,51,Scenario,5
ID,19,Time,1588.736,DronePosition,-20.40468,45,-107.379,0,CameraPosition,-103.2128,1.683079,-107.5242,CameraRotation,349.7803,269.3516,0.01289161,CurrentState,End,Slider,51,Scenario,5
ID,19,Time,1588.755,DronePosition,-20.40468,45,-107.379,0,CameraPosition,-103.2127,1.683089,-107.5243,CameraRotation,349.7727,269.3084,0.0456765,CurrentState,End,Slider,51,Scenario,5
ID,19,Time,1588.77,DronePosition,-20.40468,45,-107.379,0,CameraPosition,-103.2127,1.683062,-107.5244,CameraRotation,349.7817,269.2855,0.05979476,CurrentState,End,Slider,51,Scenario,5
ID,19,Time,1588.783,DronePosition,-20.40468,45,-107.379,0,CameraPosition,-103.2127,1.68307,-107.5246,CameraRotation,349.7942,269.2466,0.07467221,CurrentState,End,Slider,51,Scenario,5
ID,19,Time,1588.796,DronePosition,-20.40468,45,-107.379,0,CameraPosition,-103.2126,1.683067,-107.5247,CameraRotation,349.8107,269.2118,0.07741209,CurrentState,End,Slider,51,Scenario,5
ID,19,Time,1588.81,DronePosition,-20.40468,45,-107.379,0,CameraPosition,-103.2126,1.683038,-107.5248,CameraRotation,349.8272,269.1726,0.07505916,CurrentState,End,Slider,51,Scenario,5
ID,19,Time,1588.824,DronePosition,-20.40468,45,-107.379,0,CameraPosition,-103.2125,1.683003,-107.5249,CameraRotation,349.8536,269.1516,0.09019841,CurrentState,End,Slider,51,Scenario,5
ID,19,Time,1588.839,DronePosition,-20.40468,45,-107.379,0,CameraPosition,-103.2125,1.682979,-107.5249,CameraRotation,349.8663,269.1213,0.102155,CurrentState,End,Slider,51,Scenario,5
ID,19,Time,1588.853,DronePosition,-20.40468,45,-107.379,0,CameraPosition,-103.2125,1.682947,-107.525,CameraRotation,349.872,269.0916,0.1185345,CurrentState,End,Slider,51,Scenario,5
ID,19,Time,1588.867,DronePosition,-20.40468,45,-107.379,0,CameraPosition,-103.2125,1.682915,-107.5251,CameraRotation,349.8761,269.0621,0.1371101,CurrentState,End,Slider,51,Scenario,5
ID,19,Time,1588.881,DronePosition,-20.40468,45,-107.379,0,CameraPosition,-103.2125,1.682889,-107.5252,CameraRotation,349.8861,269.0356,0.1417804,CurrentState,End,Slider,51,Scenario,5
ID,19,Time,1588.895,DronePosition,-20.40468,45,-107.379,0,CameraPosition,-103.2125,1.682873,-107.5253,CameraRotation,349.9039,268.9984,0.1349303,CurrentState,End,Slider,51,Scenario,5
ID,19,Time,1588.909,DronePosition,-20.40468,45,-107.379,0,CameraPosition,-103.2124,1.682849,-107.5254,CameraRotation,349.9231,268.9746,0.1259732,CurrentState,End,Slider,51,Scenario,5
ID,19,Time,1588.922,DronePosition,-20.40468,45,-107.379,0,CameraPosition,-103.2124,1.682844,-107.5255,CameraRotation,349.9536,268.9544,0.1282452,CurrentState,End,Slider,51,Scenario,5
ID,19,Time,1588.942,DronePosition,-20.40468,45,-107.379,0,CameraPosition,-103.2124,1.682827,-107.5255,CameraRotation,349.9814,268.933,0.1416956,CurrentState,End,Slider,51,Scenario,5
ID,19,Time,1588.964,DronePosition,-20.40468,45,-107.379,0,CameraPosition,-103.2123,1.682762,-107.5256,CameraRotation,350.0215,268.939,0.1737327,CurrentState,End,Slider,51,Scenario,5
ID,19,Time,1588.978,DronePosition,-20.40468,45,-107.379,0,CameraPosition,-103.2122,1.682738,-107.5256,CameraRotation,350.0336,268.9561,0.1885478,CurrentState,End,Slider,51,Scenario,5
ID,19,Time,1588.992,DronePosition,-20.40468,45,-107.379,0,CameraPosition,-103.2122,1.682728,-107.5256,CameraRotation,350.0391,268.9771,0.2098109,CurrentState,End,Slider,51,Scenario,5
ID,19,Time,1589.006,DronePosition,-20.40468,45,-107.379,0,CameraPosition,-103.2121,1.682698,-107.5257,CameraRotation,350.0386,269.0075,0.2161757,CurrentState,End,Slider,51,Scenario,5
ID,19,Time,1589.02,DronePosition,-20.40468,45,-107.379,0,CameraPosition,-103.2121,1.68272,-107.5257,CameraRotation,350.0587,269.032,0.2325569,CurrentState,End,Slider,51,Scenario,5
ID,19,Time,1589.034,DronePosition,-20.40468,45,-107.379,0,CameraPosition,-103.2121,1.682763,-107.5256,CameraRotation,350.0482,269.0564,0.2511612,CurrentState,End,Slider,51,Scenario,5
ID,19,Time,1589.048,DronePosition,-20.40468,45,-107.379,0,CameraPosition,-103.212,1.682803,-107.5256,CameraRotation,350.0289,269.0894,0.2151224,CurrentState,End,Slider,51,Scenario,5
ID,19,Time,1589.062,DronePosition,-20.40468,45,-107.379,0,CameraPosition,-103.212,1.682803,-107.5256,CameraRotation,350.0168,269.1237,0.1364432,CurrentState,End,Slider,51,Scenario,5
ID,19,Time,1589.076,DronePosition,-20.40468,45,-107.379,0,CameraPosition,-103.2119,1.682798,-107.5256,CameraRotation,350.0549,269.1612,0.1083498,CurrentState,End,Slider,51,Scenario,5
ID,19,Time,1589.09,DronePosition,-20.40468,45,-107.379,0,CameraPosition,-103.2118,1.682782,-107.5256,CameraRotation,350.0845,269.1899,0.131498,CurrentState,End,Slider,51,Scenario,5
ID,19,Time,1589.104,DronePosition,-20.40468,45,-107.379,0,CameraPosition,-103.2117,1.68278,-107.5255,CameraRotation,350.1041,269.2159,0.1565946,CurrentState,End,Slider,51,Scenario,5
ID,19,Time,1589.118,DronePosition,-20.40468,45,-107.379,0,CameraPosition,-103.2117,1.682777,-107.5255,CameraRotation,350.0909,269.2485,0.1921251,CurrentState,End,Slider,51,Scenario,5
ID,19,Time,1589.132,DronePosition,-20.40468,45,-107.379,0,CameraPosition,-103.2116,1.682789,-107.5255,CameraRotation,350.0719,269.2829,0.2041429,CurrentState,End,Slider,51,Scenario,5
ID,19,Time,1589.151,DronePosition,-20.40468,45,-107.379,0,CameraPosition,-103.2115,1.682817,-107.5255,CameraRotation,350.0279,269.3202,0.1979441,CurrentState,End,Slider,51,Scenario,5
ID,19,Time,1589.173,DronePosition,-20.40468,45,-107.379,0,CameraPosition,-103.2114,1.682927,-107.5255,CameraRotation,349.9797,269.3524,0.2084581,CurrentState,End,Slider,51,Scenario,5
ID,19,Time,1589.187,DronePosition,-20.40468,45,-107.379,0,CameraPosition,-103.2113,1.682977,-107.5255,CameraRotation,349.9574,269.3533,0.2025335,CurrentState,End,Slider,51,Scenario,5
ID,19,Time,1589.201,DronePosition,-20.40468,45,-107.379,0,CameraPosition,-103.2113,1.683017,-107.5256,CameraRotation,349.9576,269.3452,0.1832413,CurrentState,End,Slider,51,Scenario,5
ID,19,Time,1589.215,DronePosition,-20.40468,45,-107.379,0,CameraPosition,-103.2112,1.683024,-107.5256,CameraRotation,349.9421,269.3423,0.1685388,CurrentState,End,Slider,51,Scenario,5
ID,19,Time,1589.229,DronePosition,-20.40468,45,-107.379,0,CameraPosition,-103.2111,1.683035,-107.5256,CameraRotation,349.9493,269.3364,0.186426,CurrentState,End,Slider,51,Scenario,5
ID,19,Time,1589.243,DronePosition,-20.40468,45,-107.379,0,CameraPosition,-103.2111,1.683044,-107.5255,CameraRotation,349.9344,269.3434,0.167599,CurrentState,End,Slider,51,Scenario,5
ID,19,Time,1589.257,DronePosition,-20.40468,45,-107.379,0,CameraPosition,-103.211,1.68307,-107.5255,CameraRotation,349.9166,269.3629,0.1302738,CurrentState,End,Slider,51,Scenario,5
ID,19,Time,1589.271,DronePosition,-20.40468,45,-107.379,0,CameraPosition,-103.211,1.683103,-107.5255,CameraRotation,349.8857,269.388,0.1193057,CurrentState,End,Slider,51,Scenario,5
ID,19,Time,1589.285,DronePosition,-20.40468,45,-107.379,0,CameraPosition,-103.2109,1.683142,-107.5255,CameraRotation,349.854,269.4122,0.1254248,CurrentState,End,Slider,51,Scenario,5
ID,19,Time,1589.299,DronePosition,-20.40468,45,-107.379,0,CameraPosition,-103.2109,1.683161,-107.5255,CameraRotation,349.834,269.4266,0.1409868,CurrentState,End,Slider,51,Scenario,5
ID,19,Time,1589.313,DronePosition,-20.40468,45,-107.379,0,CameraPosition,-103.2108,1.683163,-107.5254,CameraRotation,349.8134,269.429,0.1545745,CurrentState,End,Slider,51,Scenario,5
ID,19,Time,1589.327,DronePosition,-20.40468,45,-107.379,0,CameraPosition,-103.2108,1.683187,-107.5254,CameraRotation,349.8008,269.4315,0.1461036,CurrentState,End,Slider,51,Scenario,5
ID,19,Time,1589.341,DronePosition,-20.40468,45,-107.379,0,CameraPosition,-103.2107,1.683205,-107.5254,CameraRotation,349.7977,269.4336,0.135954,CurrentState,End,Slider,51,Scenario,5
ID,19,Time,1589.359,DronePosition,-20.40468,45,-107.379,0,CameraPosition,-103.2107,1.683198,-107.5254,CameraRotation,349.7975,269.4157,0.13768,CurrentState,End,Slider,51,Scenario,5
ID,19,Time,1589.382,DronePosition,-20.40468,45,-107.379,0,CameraPosition,-103.2107,1.683189,-107.5255,CameraRotation,349.7981,269.3854,0.1357513,CurrentState,End,Slider,51,Scenario,5
ID,19,Time,1589.396,DronePosition,-20.40468,45,-107.379,0,CameraPosition,-103.2107,1.683172,-107.5255,CameraRotation,349.7957,269.381,0.1299271,CurrentState,End,Slider,51,Scenario,5
ID,19,Time,1589.41,DronePosition,-20.40468,45,-107.379,0,CameraPosition,-103.2107,1.683141,-107.5254,CameraRotation,349.7945,269.3844,0.1213848,CurrentState,End,Slider,51,Scenario,5
ID,19,Time,1589.424,DronePosition,-20.40468,45,-107.379,0,CameraPosition,-103.2106,1.683122,-107.5254,CameraRotation,349.7937,269.3928,0.1085778,CurrentState,End,Slider,51,Scenario,5
ID,19,Time,1589.438,DronePosition,-20.40468,45,-107.379,0,CameraPosition,-103.2106,1.683129,-107.5254,CameraRotation,349.7855,269.3885,0.1108236,CurrentState,End,Slider,51,Scenario,5
ID,19,Time,1589.451,DronePosition,-20.40468,45,-107.379,0,CameraPosition,-103.2106,1.683137,-107.5254,CameraRotation,349.7773,269.3848,0.1112246,CurrentState,End,Slider,51,Scenario,5
ID,19,Time,1589.466,DronePosition,-20.40468,45,-107.379,0,CameraPosition,-103.2106,1.683136,-107.5254,CameraRotation,349.7831,269.399,0.1204444,CurrentState,End,Slider,51,Scenario,5
ID,19,Time,1589.479,DronePosition,-20.40468,45,-107.379,0,CameraPosition,-103.2106,1.683107,-107.5254,CameraRotation,349.7946,269.4012,0.1162735,CurrentState,End,Slider,51,Scenario,5
ID,19,Time,1589.494,DronePosition,-20.40468,45,-107.379,0,CameraPosition,-103.2106,1.683051,-107.5254,CameraRotation,349.8064,269.3998,0.1234063,CurrentState,End,Slider,51,Scenario,5
ID,19,Time,1589.508,DronePosition,-20.40468,45,-107.379,0,CameraPosition,-103.2106,1.68302,-107.5254,CameraRotation,349.8197,269.4008,0.1245387,CurrentState,End,Slider,51,Scenario,5
ID,19,Time,1589.522,DronePosition,-20.40468,45,-107.379,0,CameraPosition,-103.2107,1.683006,-107.5254,CameraRotation,349.8316,269.3893,0.1282735,CurrentState,End,Slider,51,Scenario,5
ID,19,Time,1589.535,DronePosition,-20.40468,45,-107.379,0,CameraPosition,-103.2107,1.682985,-107.5254,CameraRotation,349.8159,269.3711,0.1205045,CurrentState,End,Slider,51,Scenario,5
ID,19,Time,1589.549,DronePosition,-20.40468,45,-107.379,0,CameraPosition,-103.2107,1.682994,-107.5255,CameraRotation,349.8188,269.3577,0.1099805,CurrentState,End,Slider,51,Scenario,5
ID,19,Time,1589.568,DronePosition,-20.40468,45,-107.379,0,CameraPosition,-103.2108,1.682967,-107.5255,CameraRotation,349.8167,269.3349,0.1099249,CurrentState,End,Slider,51,Scenario,5
ID,19,Time,1589.591,DronePosition,-20.40468,45,-107.379,0,CameraPosition,-103.2108,1.682934,-107.5256,CameraRotation,349.8151,269.295,0.1372439,CurrentState,End,Slider,51,Scenario,5
ID,19,Time,1589.605,DronePosition,-20.40468,45,-107.379,0,CameraPosition,-103.2109,1.682935,-107.5256,CameraRotation,349.8232,269.2773,0.1282348,CurrentState,End,Slider,51,Scenario,5
ID,19,Time,1589.619,DronePosition,-20.40468,45,-107.379,0,CameraPosition,-103.2109,1.682926,-107.5256,CameraRotation,349.8322,269.2779,0.1422388,CurrentState,End,Slider,51,Scenario,5
ID,19,Time,1589.632,DronePosition,-20.40468,45,-107.379,0,CameraPosition,-103.2109,1.682913,-107.5257,CameraRotation,349.8348,269.27,0.1572804,CurrentState,End,Slider,51,Scenario,5
ID,19,Time,1589.646,DronePosition,-20.40468,45,-107.379,0,CameraPosition,-103.211,1.6829,-107.5257,CameraRotation,349.8416,269.2714,0.1699269,CurrentState,End,Slider,51,Scenario,5
ID,19,Time,1589.661,DronePosition,-20.40468,45,-107.379,0,CameraPosition,-103.211,1.682907,-107.5257,CameraRotation,349.8645,269.2789,0.1907696,CurrentState,End,Slider,51,Scenario,5
ID,19,Time,1589.675,DronePosition,-20.40468,45,-107.379,0,CameraPosition,-103.2111,1.682944,-107.5257,CameraRotation,349.8618,269.2933,0.2061176,CurrentState,End,Slider,51,Scenario,5
ID,19,Time,1589.688,DronePosition,-20.40468,45,-107.379,0,CameraPosition,-103.2112,1.682991,-107.5256,CameraRotation,349.8174,269.3203,0.1701947,CurrentState,End,Slider,51,Scenario,5
ID,19,Time,1589.702,DronePosition,-20.40468,45,-107.379,0,CameraPosition,-103.2112,1.683002,-107.5256,CameraRotation,349.8076,269.3499,0.0958109,CurrentState,End,Slider,51,Scenario,5
ID,19,Time,1589.716,DronePosition,-20.40468,45,-107.379,0,CameraPosition,-103.2113,1.682985,-107.5256,CameraRotation,349.8292,269.3643,0.0840129,CurrentState,End,Slider,51,Scenario,5
ID,19,Time,1589.73,DronePosition,-20.40468,45,-107.379,0,CameraPosition,-103.2113,1.683007,-107.5256,CameraRotation,349.8552,269.3763,0.1000088,CurrentState,End,Slider,51,Scenario,5
ID,19,Time,1589.744,DronePosition,-20.40468,45,-107.379,0,CameraPosition,-103.2114,1.683018,-107.5256,CameraRotation,349.8531,269.3724,0.1411449,CurrentState,End,Slider,51,Scenario,5
ID,19,Time,1589.758,DronePosition,-20.40468,45,-107.379,0,CameraPosition,-103.2114,1.683022,-107.5256,CameraRotation,349.8531,269.377,0.1612924,CurrentState,End,Slider,51,Scenario,5
ID,19,Time,1589.777,DronePosition,-20.40468,45,-107.379,0,CameraPosition,-103.2115,1.683005,-107.5257,CameraRotation,349.8482,269.3961,0.1586598,CurrentState,End,Slider,51,Scenario,5
ID,19,Time,1589.8,DronePosition,-20.40468,45,-107.379,0,CameraPosition,-103.2116,1.683,-107.5257,CameraRotation,349.8312,269.392,0.1563124,CurrentState,End,Slider,51,Scenario,5
ID,19,Time,1589.813,DronePosition,-20.40468,45,-107.379,0,CameraPosition,-103.2117,1.683033,-107.5258,CameraRotation,349.8243,269.3743,0.1712696,CurrentState,End,Slider,51,Scenario,5
ID,19,Time,1589.828,DronePosition,-20.40468,45,-107.379,0,CameraPosition,-103.2118,1.683049,-107.5258,CameraRotation,349.8202,269.3661,0.1713057,CurrentState,End,Slider,51,Scenario,5
ID,19,Time,1589.842,DronePosition,-20.40468,45,-107.379,0,CameraPosition,-103.2119,1.683056,-107.5258,CameraRotation,349.8359,269.352,0.1544916,CurrentState,End,Slider,51,Scenario,5
ID,19,Time,1589.855,DronePosition,-20.40468,45,-107.379,0,CameraPosition,-103.212,1.683048,-107.5259,CameraRotation,349.8507,269.3513,0.136742,CurrentState,End,Slider,51,Scenario,5
ID,19,Time,1589.869,DronePosition,-20.40468,45,-107.379,0,CameraPosition,-103.2121,1.683048,-107.5259,CameraRotation,349.8585,269.3511,0.1620481,CurrentState,End,Slider,51,Scenario,5
ID,19,Time,1589.883,DronePosition,-20.40468,45,-107.379,0,CameraPosition,-103.2122,1.683038,-107.5259,CameraRotation,349.8449,269.3557,0.1711389,CurrentState,End,Slider,51,Scenario,5
ID,19,Time,1589.897,DronePosition,-20.40468,45,-107.379,0,CameraPosition,-103.2124,1.683024,-107.5259,CameraRotation,349.8296,269.3704,0.1530014,CurrentState,End,Slider,51,Scenario,5
ID,19,Time,1589.911,DronePosition,-20.40468,45,-107.379,0,CameraPosition,-103.2125,1.683023,-107.5259,CameraRotation,349.8234,269.3916,0.1471979,CurrentState,End,Slider,51,Scenario,5
ID,19,Time,1589.925,DronePosition,-20.40468,45,-107.379,0,CameraPosition,-103.2127,1.683024,-107.526,CameraRotation,349.8126,269.3978,0.1713275,CurrentState,End,Slider,51,Scenario,5
ID,19,Time,1589.943,DronePosition,-20.40468,45,-107.379,0,CameraPosition,-103.2128,1.683022,-107.526,CameraRotation,349.8229,269.3969,0.1882334,CurrentState,End,Slider,51,Scenario,5
ID,19,Time,1589.953,DronePosition,-20.40468,45,-107.379,0,CameraPosition,-103.213,1.683009,-107.526,CameraRotation,349.8396,269.3935,0.1973033,CurrentState,End,Slider,51,Scenario,5
ID,19,Time,1589.967,DronePosition,-20.40468,45,-107.379,0,CameraPosition,-103.2131,1.683022,-107.5261,CameraRotation,349.8569,269.3998,0.1974548,CurrentState,End,Slider,51,Scenario,5
ID,19,Time,1589.986,DronePosition,-20.40468,45,-107.379,0,CameraPosition,-103.2133,1.68304,-107.5261,CameraRotation,349.8704,269.3958,0.1896742,CurrentState,End,Slider,51,Scenario,5
ID,19,Time,1590.008,DronePosition,-20.40468,45,-107.379,0,CameraPosition,-103.2136,1.683021,-107.5262,CameraRotation,349.8829,269.392,0.1993871,CurrentState,End,Slider,51,Scenario,5
ID,19,Time,1590.022,DronePosition,-20.40468,45,-107.379,0,CameraPosition,-103.2138,1.683029,-107.5263,CameraRotation,349.8824,269.3888,0.2148004,CurrentState,End,Slider,51,Scenario,5
ID,19,Time,1590.036,DronePosition,-20.40468,45,-107.379,0,CameraPosition,-103.2141,1.683022,-107.5263,CameraRotation,349.8754,269.3844,0.2365536,CurrentState,End,Slider,51,Scenario,5
ID,19,Time,1590.051,DronePosition,-20.40468,45,-107.379,0,CameraPosition,-103.2143,1.683019,-107.5264,CameraRotation,349.8814,269.3789,0.2462483,CurrentState,End,Slider,51,Scenario,5
ID,19,Time,1590.065,DronePosition,-20.40468,45,-107.379,0,CameraPosition,-103.2145,1.682991,-107.5264,CameraRotation,349.903,269.3577,0.2594945,CurrentState,End,Slider,51,Scenario,5
ID,19,Time,1590.079,DronePosition,-20.40468,45,-107.379,0,CameraPosition,-103.2147,1.682949,-107.5265,CameraRotation,349.9294,269.3445,0.2715946,CurrentState,End,Slider,51,Scenario,5
ID,19,Time,1590.092,DronePosition,-20.40468,45,-107.379,0,CameraPosition,-103.215,1.682894,-107.5265,CameraRotation,349.9565,269.3368,0.2865691,CurrentState,End,Slider,51,Scenario,5
ID,19,Time,1590.106,DronePosition,-20.40468,45,-107.379,0,CameraPosition,-103.2153,1.682844,-107.5266,CameraRotation,350.0022,269.324,0.2960725,CurrentState,End,Slider,51,Scenario,5
ID,19,Time,1590.12,DronePosition,-20.40468,45,-107.379,0,CameraPosition,-103.2155,1.682788,-107.5266,CameraRotation,350.0466,269.3113,0.311854,CurrentState,End,Slider,51,Scenario,5
ID,19,Time,1590.134,DronePosition,-20.40468,45,-107.379,0,CameraPosition,-103.2158,1.682737,-107.5267,CameraRotation,350.097,269.3015,0.3204964,CurrentState,End,Slider,51,Scenario,5
ID,19,Time,1590.148,DronePosition,-20.40468,45,-107.379,0,CameraPosition,-103.216,1.682685,-107.5267,CameraRotation,350.1515,269.2853,0.3332876,CurrentState,End,Slider,51,Scenario,5
ID,19,Time,1590.162,DronePosition,-20.40468,45,-107.379,0,CameraPosition,-103.2163,1.682625,-107.5268,CameraRotation,350.1998,269.286,0.3436646,CurrentState,End,Slider,51,Scenario,5
ID,19,Time,1590.176,DronePosition,-20.40468,45,-107.379,0,CameraPosition,-103.2166,1.68257,-107.5268,CameraRotation,350.2334,269.2736,0.3527516,CurrentState,End,Slider,51,Scenario,5
ID,19,Time,1590.195,DronePosition,-20.40468,45,-107.379,0,CameraPosition,-103.2168,1.682529,-107.5268,CameraRotation,350.2684,269.2722,0.3593197,CurrentState,End,Slider,51,Scenario,5
ID,19,Time,1590.217,DronePosition,-20.40468,45,-107.379,0,CameraPosition,-103.2174,1.6824,-107.5269,CameraRotation,350.334,269.2667,0.3729557,CurrentState,End,Slider,51,Scenario,5
ID,19,Time,1590.231,DronePosition,-20.40468,45,-107.379,0,CameraPosition,-103.2177,1.682345,-107.5269,CameraRotation,350.3657,269.2686,0.3885789,CurrentState,End,Slider,51,Scenario,5
ID,19,Time,1590.245,DronePosition,-20.40468,45,-107.379,0,CameraPosition,-103.2179,1.682293,-107.5269,CameraRotation,350.3925,269.2692,0.4010791,CurrentState,End,Slider,51,Scenario,5
ID,19,Time,1590.259,DronePosition,-20.40468,45,-107.379,0,CameraPosition,-103.2182,1.682271,-107.527,CameraRotation,350.4201,269.2819,0.3975206,CurrentState,End,Slider,51,Scenario,5
ID,19,Time,1590.273,DronePosition,-20.40468,45,-107.379,0,CameraPosition,-103.2185,1.682236,-107.527,CameraRotation,350.4296,269.2726,0.4180326,CurrentState,End,Slider,51,Scenario,5
ID,19,Time,1590.288,DronePosition,-20.40468,45,-107.379,0,CameraPosition,-103.2188,1.682191,-107.527,CameraRotation,350.4487,269.2625,0.4214412,CurrentState,End,Slider,51,Scenario,5
ID,19,Time,1590.301,DronePosition,-20.40468,45,-107.379,0,CameraPosition,-103.219,1.682168,-107.527,CameraRotation,350.4859,269.2427,0.4294632,CurrentState,End,Slider,51,Scenario,5
ID,19,Time,1590.315,DronePosition,-20.40468,45,-107.379,0,CameraPosition,-103.2193,1.682195,-107.527,CameraRotation,350.4923,269.2317,0.4428067,CurrentState,End,Slider,51,Scenario,5
ID,19,Time,1590.329,DronePosition,-20.40468,45,-107.379,0,CameraPosition,-103.2196,1.682235,-107.5271,CameraRotation,350.4723,269.22,0.4228275,CurrentState,End,Slider,51,Scenario,5
ID,19,Time,1590.344,DronePosition,-20.40468,45,-107.379,0,CameraPosition,-103.2199,1.682226,-107.5271,CameraRotation,350.4567,269.2155,0.3588267,CurrentState,End,Slider,51,Scenario,5
ID,19,Time,1590.357,DronePosition,-20.40468,45,-107.379,0,CameraPosition,-103.2202,1.682188,-107.5272,CameraRotation,350.4946,269.1919,0.344482,CurrentState,End,Slider,51,Scenario,5
ID,19,Time,1590.371,DronePosition,-20.40468,45,-107.379,0,CameraPosition,-103.2205,1.682152,-107.5272,CameraRotation,350.5162,269.1575,0.3627007,CurrentState,End,Slider,51,Scenario,5
ID,19,Time,1590.385,DronePosition,-20.40468,45,-107.379,0,CameraPosition,-103.2208,1.682116,-107.5273,CameraRotation,350.528,269.1219,0.4031421,CurrentState,End,Slider,51,Scenario,5
ID,19,Time,1590.404,DronePosition,-20.40468,45,-107.379,0,CameraPosition,-103.221,1.682112,-107.5274,CameraRotation,350.5429,269.0857,0.4367794,CurrentState,End,Slider,51,Scenario,5
ID,19,Time,1590.426,DronePosition,-20.40468,45,-107.379,0,CameraPosition,-103.2216,1.682116,-107.5277,CameraRotation,350.5411,269.0385,0.4284554,CurrentState,End,Slider,51,Scenario,5
ID,19,Time,1590.44,DronePosition,-20.40468,45,-107.379,0,CameraPosition,-103.222,1.682117,-107.5278,CameraRotation,350.5222,269.0017,0.4500917,CurrentState,End,Slider,51,Scenario,5
ID,19,Time,1590.454,DronePosition,-20.40468,45,-107.379,0,CameraPosition,-103.2223,1.68211,-107.528,CameraRotation,350.5081,268.9436,0.4794536,CurrentState,End,Slider,51,Scenario,5
ID,19,Time,1590.468,DronePosition,-20.40468,45,-107.379,0,CameraPosition,-103.2225,1.682101,-107.5282,CameraRotation,350.5109,268.8668,0.4924834,CurrentState,End,Slider,51,Scenario,5
ID,19,Time,1590.482,DronePosition,-20.40468,45,-107.379,0,CameraPosition,-103.2228,1.682109,-107.5284,CameraRotation,350.5337,268.7824,0.4931582,CurrentState,End,Slider,51,Scenario,5
ID,19,Time,1590.496,DronePosition,-20.40468,45,-107.379,0,CameraPosition,-103.2231,1.68208,-107.5287,CameraRotation,350.562,268.6937,0.4742701,CurrentState,End,Slider,51,Scenario,5
ID,19,Time,1590.51,DronePosition,-20.40468,45,-107.379,0,CameraPosition,-103.2234,1.682043,-107.529,CameraRotation,350.5927,268.595,0.4921734,CurrentState,End,Slider,51,Scenario,5
ID,19,Time,1590.524,DronePosition,-20.40468,45,-107.379,0,CameraPosition,-103.2237,1.682018,-107.5293,CameraRotation,350.5861,268.4719,0.5297966,CurrentState,End,Slider,51,Scenario,5
ID,19,Time,1590.538,DronePosition,-20.40468,45,-107.379,0,CameraPosition,-103.224,1.682028,-107.5296,CameraRotation,350.5652,268.37,0.5471715,CurrentState,End,Slider,51,Scenario,5
ID,19,Time,1590.552,DronePosition,-20.40468,45,-107.379,0,CameraPosition,-103.2244,1.682065,-107.5298,CameraRotation,350.5445,268.2836,0.5425919,CurrentState,End,Slider,51,Scenario,5
ID,19,Time,1590.566,DronePosition,-20.40468,45,-107.379,0,CameraPosition,-103.2247,1.682077,-107.53,CameraRotation,350.5381,268.233,0.5558951,CurrentState,End,Slider,51,Scenario,5
ID,19,Time,1590.58,DronePosition,-20.40468,45,-107.379,0,CameraPosition,-103.225,1.68206,-107.5303,CameraRotation,350.5641,268.2189,0.5877564,CurrentState,End,Slider,51,Scenario,5
ID,19,Time,1590.594,DronePosition,-20.40468,45,-107.379,0,CameraPosition,-103.2253,1.682024,-107.5304,CameraRotation,350.6046,268.2198,0.623578,CurrentState,End,Slider,51,Scenario,5
ID,19,Time,1590.613,DronePosition,-20.40468,45,-107.379,0,CameraPosition,-103.2255,1.681962,-107.5306,CameraRotation,350.653,268.2347,0.6713642,CurrentState,End,Slider,51,Scenario,5
ID,19,Time,1590.635,DronePosition,-20.40468,45,-107.379,0,CameraPosition,-103.2261,1.6819,-107.5309,CameraRotation,350.6974,268.274,0.7580508,CurrentState,End,Slider,51,Scenario,5
ID,19,Time,1590.649,DronePosition,-20.40468,45,-107.379,0,CameraPosition,-103.2264,1.681912,-107.531,CameraRotation,350.7053,268.2941,0.8126002,CurrentState,End,Slider,51,Scenario,5
ID,19,Time,1590.663,DronePosition,-20.40468,45,-107.379,0,CameraPosition,-103.2267,1.681914,-107.5311,CameraRotation,350.7064,268.3077,0.8617007,CurrentState,End,Slider,51,Scenario,5
ID,19,Time,1590.677,DronePosition,-20.40468,45,-107.379,0,CameraPosition,-103.227,1.681908,-107.5311,CameraRotation,350.7157,268.3344,0.9011614,CurrentState,End,Slider,51,Scenario,5
ID,19,Time,1590.691,DronePosition,-20.40468,45,-107.379,0,CameraPosition,-103.2272,1.681875,-107.5312,CameraRotation,350.7476,268.3661,0.9333394,CurrentState,End,Slider,51,Scenario,5
ID,19,Time,1590.705,DronePosition,-20.40468,45,-107.379,0,CameraPosition,-103.2275,1.681818,-107.5311,CameraRotation,350.776,268.4047,0.9525972,CurrentState,End,Slider,51,Scenario,5
ID,19,Time,1590.719,DronePosition,-20.40468,45,-107.379,0,CameraPosition,-103.2278,1.681798,-107.5311,CameraRotation,350.7882,268.4478,0.9791976,CurrentState,End,Slider,51,Scenario,5
ID,19,Time,1590.733,DronePosition,-20.40468,45,-107.379,0,CameraPosition,-103.228,1.681802,-107.5311,CameraRotation,350.7939,268.4986,1.003011,CurrentState,End,Slider,51,Scenario,5
ID,19,Time,1590.747,DronePosition,-20.40468,45,-107.379,0,CameraPosition,-103.2283,1.6818,-107.531,CameraRotation,350.8033,268.5657,1.031862,CurrentState,End,Slider,51,Scenario,5
ID,19,Time,1590.761,DronePosition,-20.40468,45,-107.379,0,CameraPosition,-103.2285,1.681759,-107.5308,CameraRotation,350.8115,268.6415,1.05556,CurrentState,End,Slider,51,Scenario,5
ID,19,Time,1590.775,DronePosition,-20.40468,45,-107.379,0,CameraPosition,-103.2287,1.681698,-107.5306,CameraRotation,350.8237,268.7097,1.096419,CurrentState,End,Slider,51,Scenario,5
ID,19,Time,1590.788,DronePosition,-20.40468,45,-107.379,0,CameraPosition,-103.2289,1.681655,-107.5304,CameraRotation,350.8433,268.7875,1.124953,CurrentState,End,Slider,51,Scenario,5
ID,19,Time,1590.802,DronePosition,-20.40468,45,-107.379,0,CameraPosition,-103.2291,1.681636,-107.5302,CameraRotation,350.8717,268.8569,1.136069,CurrentState,End,Slider,51,Scenario,5
ID,19,Time,1590.821,DronePosition,-20.40468,45,-107.379,0,CameraPosition,-103.2293,1.68161,-107.53,CameraRotation,350.8964,268.9298,1.133649,CurrentState,End,Slider,51,Scenario,5
ID,19,Time,1590.844,DronePosition,-20.40468,45,-107.379,0,CameraPosition,-103.2297,1.681537,-107.5295,CameraRotation,350.9706,269.0852,1.083611,CurrentState,End,Slider,51,Scenario,5
ID,19,Time,1590.857,DronePosition,-20.40468,45,-107.379,0,CameraPosition,-103.2299,1.681502,-107.5293,CameraRotation,350.9973,269.1538,1.044746,CurrentState,End,Slider,51,Scenario,5
ID,19,Time,1590.872,DronePosition,-20.40468,45,-107.379,0,CameraPosition,-103.23,1.681475,-107.5291,CameraRotation,351.016,269.2097,1.024002,CurrentState,End,Slider,51,Scenario,5
ID,19,Time,1590.886,DronePosition,-20.40468,45,-107.379,0,CameraPosition,-103.2301,1.681456,-107.5288,CameraRotation,351.0146,269.255,1.000927,CurrentState,End,Slider,51,Scenario,5
ID,19,Time,1590.9,DronePosition,-20.40468,45,-107.379,0,CameraPosition,-103.2302,1.68147,-107.5286,CameraRotation,351.0232,269.2919,0.9611879,CurrentState,End,Slider,51,Scenario,5
ID,19,Time,1590.913,DronePosition,-20.40468,45,-107.379,0,CameraPosition,-103.2303,1.68146,-107.5283,CameraRotation,351.0188,269.3204,0.9226337,CurrentState,End,Slider,51,Scenario,5
ID,19,Time,1590.927,DronePosition,-20.40468,45,-107.379,0,CameraPosition,-103.2304,1.68146,-107.5281,CameraRotation,351.0153,269.3495,0.8872809,CurrentState,End,Slider,51,Scenario,5
ID,19,Time,1590.942,DronePosition,-20.40468,45,-107.379,0,CameraPosition,-103.2304,1.681417,-107.5279,CameraRotation,351.0007,269.3796,0.8471348,CurrentState,End,Slider,51,Scenario,5
ID,19,Time,1590.958,DronePosition,-20.40468,45,-107.379,0,CameraPosition,-103.2304,1.681393,-107.5277,CameraRotation,351.0128,269.4096,0.8155168,CurrentState,End,Slider,51,Scenario,5
ID,19,Time,1590.97,DronePosition,-20.40468,45,-107.379,0,CameraPosition,-103.2305,1.681406,-107.5274,CameraRotation,351.0045,269.4413,0.8063806,CurrentState,End,Slider,51,Scenario,5
ID,19,Time,1590.984,DronePosition,-20.40468,45,-107.379,0,CameraPosition,-103.2305,1.681459,-107.5272,CameraRotation,350.9568,269.494,0.7671326,CurrentState,End,Slider,51,Scenario,5
ID,19,Time,1590.998,DronePosition,-20.40468,45,-107.379,0,CameraPosition,-103.2305,1.681491,-107.527,CameraRotation,350.9478,269.5392,0.6772324,CurrentState,End,Slider,51,Scenario,5
ID,19,Time,1591.012,DronePosition,-20.40468,45,-107.379,0,CameraPosition,-103.2305,1.681494,-107.5269,CameraRotation,350.9656,269.5799,0.6164874,CurrentState,End,Slider,51,Scenario,5
ID,19,Time,1591.031,DronePosition,-20.40468,45,-107.379,0,CameraPosition,-103.2305,1.681485,-107.5268,CameraRotation,351.0074,269.6033,0.6086478,CurrentState,End,Slider,51,Scenario,5
ID,19,Time,1591.053,DronePosition,-20.40468,45,-107.379,0,CameraPosition,-103.2304,1.681473,-107.5266,CameraRotation,351.036,269.6119,0.6747864,CurrentState,End,Slider,51,Scenario,5
ID,19,Time,1591.067,DronePosition,-20.40468,45,-107.379,0,CameraPosition,-103.2303,1.68147,-107.5266,CameraRotation,351.0283,269.6046,0.6882839,CurrentState,End,Slider,51,Scenario,5
ID,19,Time,1591.081,DronePosition,-20.40468,45,-107.379,0,CameraPosition,-103.2302,1.681475,-107.5266,CameraRotation,351.016,269.5905,0.6887981,CurrentState,End,Slider,51,Scenario,5
ID,19,Time,1591.095,DronePosition,-20.40468,45,-107.379,0,CameraPosition,-103.2301,1.681502,-107.5266,CameraRotation,350.9879,269.5533,0.689064,CurrentState,End,Slider,51,Scenario,5
ID,19,Time,1591.109,DronePosition,-20.40468,45,-107.379,0,CameraPosition,-103.23,1.68153,-107.5267,CameraRotation,350.9455,269.4707,0.710589,CurrentState,End,Slider,51,Scenario,5
ID,19,Time,1591.123,DronePosition,-20.40468,45,-107.379,0,CameraPosition,-103.2299,1.681559,-107.5267,CameraRotation,350.9149,269.3889,0.7263106,CurrentState,End,Slider,51,Scenario,5
ID,19,Time,1591.137,DronePosition,-20.40468,45,-107.379,0,CameraPosition,-103.2299,1.68159,-107.5268,CameraRotation,350.9062,269.2953,0.7068258,CurrentState,End,Slider,51,Scenario,5
ID,19,Time,1591.151,DronePosition,-20.40468,45,-107.379,0,CameraPosition,-103.2297,1.681569,-107.5269,CameraRotation,350.93,269.205,0.6878839,CurrentState,End,Slider,51,Scenario,5
ID,19,Time,1591.165,DronePosition,-20.40468,45,-107.379,0,CameraPosition,-103.2296,1.681484,-107.527,CameraRotation,350.9777,269.147,0.6625115,CurrentState,End,Slider,51,Scenario,5
ID,19,Time,1591.178,DronePosition,-20.40468,45,-107.379,0,CameraPosition,-103.2295,1.681348,-107.527,CameraRotation,351.0143,269.0982,0.6567167,CurrentState,End,Slider,51,Scenario,5
ID,19,Time,1591.192,DronePosition,-20.40468,45,-107.379,0,CameraPosition,-103.2294,1.681303,-107.5271,CameraRotation,351.0455,269.0696,0.6378389,CurrentState,End,Slider,51,Scenario,5
ID,19,Time,1591.207,DronePosition,-20.40468,45,-107.379,0,CameraPosition,-103.2292,1.681279,-107.5272,CameraRotation,351.0507,269.0362,0.6246286,CurrentState,End,Slider,51,Scenario,5
ID,19,Time,1591.22,DronePosition,-20.40468,45,-107.379,0,CameraPosition,-103.2291,1.681302,-107.5272,CameraRotation,351.0377,269.0017,0.6347128,CurrentState,End,Slider,51,Scenario,5
ID,19,Time,1591.239,DronePosition,-20.40468,45,-107.379,0,CameraPosition,-103.2289,1.68135,-107.5273,CameraRotation,351.0151,268.9623,0.6620771,CurrentState,End,Slider,51,Scenario,5
ID,19,Time,1591.262,DronePosition,-20.40468,45,-107.379,0,CameraPosition,-103.2285,1.681404,-107.5276,CameraRotation,351.0196,268.8731,0.6919543,CurrentState,End,Slider,51,Scenario,5
ID,19,Time,1591.276,DronePosition,-20.40468,45,-107.379,0,CameraPosition,-103.2283,1.681394,-107.5277,CameraRotation,351.0336,268.8058,0.6946833,CurrentState,End,Slider,51,Scenario,5
ID,19,Time,1591.289,DronePosition,-20.40468,45,-107.379,0,CameraPosition,-103.228,1.681392,-107.5279,CameraRotation,351.0415,268.7354,0.7071836,CurrentState,End,Slider,51,Scenario,5
ID,19,Time,1591.304,DronePosition,-20.40468,45,-107.379,0,CameraPosition,-103.2278,1.681411,-107.528,CameraRotation,351.0239,268.6703,0.7232395,CurrentState,End,Slider,51,Scenario,5
ID,19,Time,1591.318,DronePosition,-20.40468,45,-107.379,0,CameraPosition,-103.2275,1.68147,-107.5282,CameraRotation,350.9986,268.6057,0.7331997,CurrentState,End,Slider,51,Scenario,5
ID,19,Time,1591.331,DronePosition,-20.40468,45,-107.379,0,CameraPosition,-103.2273,1.681527,-107.5284,CameraRotation,350.9685,268.554,0.7481798,CurrentState,End,Slider,51,Scenario,5
ID,19,Time,1591.345,DronePosition,-20.40468,45,-107.379,0,CameraPosition,-103.227,1.681576,-107.5285,CameraRotation,350.938,268.5056,0.753112,CurrentState,End,Slider,51,Scenario,5
ID,19,Time,1591.359,DronePosition,-20.40468,45,-107.379,0,CameraPosition,-103.2268,1.681619,-107.5287,CameraRotation,350.9109,268.466,0.763636,CurrentState,End,Slider,51,Scenario,5
ID,19,Time,1591.373,DronePosition,-20.40468,45,-107.379,0,CameraPosition,-103.2265,1.681665,-107.5288,CameraRotation,350.8771,268.4326,0.7862664,CurrentState,End,Slider,51,Scenario,5
ID,19,Time,1591.387,DronePosition,-20.40468,45,-107.379,0,CameraPosition,-103.2262,1.681725,-107.5289,CameraRotation,350.8516,268.3956,0.8226827,CurrentState,End,Slider,51,Scenario,5
ID,19,Time,1591.401,DronePosition,-20.40468,45,-107.379,0,CameraPosition,-103.2259,1.681767,-107.5291,CameraRotation,350.8249,268.3663,0.8492309,CurrentState,End,Slider,51,Scenario,5
ID,19,Time,1591.415,DronePosition,-20.40468,45,-107.379,0,CameraPosition,-103.2256,1.681807,-107.5292,CameraRotation,350.8174,268.3478,0.8774083,CurrentState,End,Slider,51,Scenario,5
ID,19,Time,1591.429,DronePosition,-20.40468,45,-107.379,0,CameraPosition,-103.2253,1.681835,-107.5293,CameraRotation,350.815,268.3321,0.8929793,CurrentState,End,Slider,51,Scenario,5
ID,19,Time,1591.448,DronePosition,-20.40468,45,-107.379,0,CameraPosition,-103.225,1.681847,-107.5294,CameraRotation,350.8064,268.3123,0.9081629,CurrentState,End,Slider,51,Scenario,5
ID,19,Time,1591.47,DronePosition,-20.40468,45,-107.379,0,CameraPosition,-103.2243,1.681912,-107.5295,CameraRotation,350.7665,268.2758,0.9258486,CurrentState,End,Slider,51,Scenario,5
ID,19,Time,1591.484,DronePosition,-20.40468,45,-107.379,0,CameraPosition,-103.2241,1.681961,-107.5296,CameraRotation,350.7237,268.2578,0.9276677,CurrentState,End,Slider,51,Scenario,5
ID,19,Time,1591.498,DronePosition,-20.40468,45,-107.379,0,CameraPosition,-103.2238,1.682006,-107.5297,CameraRotation,350.6823,268.2383,0.9318598,CurrentState,End,Slider,51,Scenario,5
ID,19,Time,1591.512,DronePosition,-20.40468,45,-107.379,0,CameraPosition,-103.2235,1.68205,-107.5297,CameraRotation,350.6474,268.231,0.9282838,CurrentState,End,Slider,51,Scenario,5
ID,19,Time,1591.526,DronePosition,-20.40468,45,-107.379,0,CameraPosition,-103.2232,1.682081,-107.5297,CameraRotation,350.6178,268.2314,0.9281362,CurrentState,End,Slider,51,Scenario,5
ID,19,Time,1591.54,DronePosition,-20.40468,45,-107.379,0,CameraPosition,-103.2228,1.682109,-107.5296,CameraRotation,350.5923,268.2407,0.9376771,CurrentState,End,Slider,51,Scenario,5
ID,19,Time,1591.555,DronePosition,-20.40468,45,-107.379,0,CameraPosition,-103.2225,1.682147,-107.5296,CameraRotation,350.5905,268.2783,0.9370065,CurrentState,End,Slider,51,Scenario,5
ID,19,Time,1591.568,DronePosition,-20.40468,45,-107.379,0,CameraPosition,-103.2222,1.682192,-107.5295,CameraRotation,350.5853,268.3208,0.9205788,CurrentState,End,Slider,51,Scenario,5
ID,19,Time,1591.582,DronePosition,-20.40468,45,-107.379,0,CameraPosition,-103.2218,1.682235,-107.5294,CameraRotation,350.5657,268.366,0.9148317,CurrentState,End,Slider,51,Scenario,5
ID,19,Time,1591.596,DronePosition,-20.40468,45,-107.379,0,CameraPosition,-103.2215,1.682268,-107.5294,CameraRotation,350.5458,268.4102,0.9057437,CurrentState,End,Slider,51,Scenario,5
ID,19,Time,1591.61,DronePosition,-20.40468,45,-107.379,0,CameraPosition,-103.2212,1.682303,-107.5293,CameraRotation,350.5037,268.4411,0.9048514,CurrentState,End,Slider,51,Scenario,5
ID,19,Time,1591.624,DronePosition,-20.40468,45,-107.379,0,CameraPosition,-103.2209,1.682404,-107.5292,CameraRotation,350.4457,268.4666,0.9051626,CurrentState,End,Slider,51,Scenario,5
ID,19,Time,1591.638,DronePosition,-20.40468,45,-107.379,0,CameraPosition,-103.2206,1.682552,-107.5291,CameraRotation,350.3259,268.486,0.8961183,CurrentState,End,Slider,51,Scenario,5
ID,19,Time,1591.656,DronePosition,-20.40468,45,-107.379,0,CameraPosition,-103.2204,1.682669,-107.5291,CameraRotation,350.2423,268.5081,0.8164397,CurrentState,End,Slider,51,Scenario,5
ID,19,Time,1591.679,DronePosition,-20.40468,45,-107.379,0,CameraPosition,-103.2198,1.682789,-107.529,CameraRotation,350.2173,268.5165,0.7401776,CurrentState,End,Slider,51,Scenario,5
ID,19,Time,1591.693,DronePosition,-20.40468,45,-107.379,0,CameraPosition,-103.2195,1.682831,-107.5289,CameraRotation,350.2087,268.5248,0.7428756,CurrentState,End,Slider,51,Scenario,5
ID,19,Time,1591.707,DronePosition,-20.40468,45,-107.379,0,CameraPosition,-103.2192,1.682872,-107.5289,CameraRotation,350.2089,268.5361,0.762915,CurrentState,End,Slider,51,Scenario,5
ID,19,Time,1591.721,DronePosition,-20.40468,45,-107.379,0,CameraPosition,-103.219,1.682894,-107.5289,CameraRotation,350.1708,268.5681,0.7786278,CurrentState,End,Slider,51,Scenario,5
ID,19,Time,1591.735,DronePosition,-20.40468,45,-107.379,0,CameraPosition,-103.2187,1.682944,-107.5289,CameraRotation,350.1315,268.5966,0.7753146,CurrentState,End,Slider,51,Scenario,5
ID,19,Time,1591.749,DronePosition,-20.40468,45,-107.379,0,CameraPosition,-103.2184,1.682991,-107.5289,CameraRotation,350.07,268.6194,0.788166,CurrentState,End,Slider,51,Scenario,5
ID,19,Time,1591.763,DronePosition,-20.40468,45,-107.379,0,CameraPosition,-103.2182,1.683041,-107.5289,CameraRotation,350.0001,268.6264,0.8082027,CurrentState,End,Slider,51,Scenario,5
ID,19,Time,1591.777,DronePosition,-20.40468,45,-107.379,0,CameraPosition,-103.2179,1.683098,-107.5289,CameraRotation,349.9478,268.6281,0.806685,CurrentState,End,Slider,51,Scenario,5
ID,19,Time,1591.791,DronePosition,-20.40468,45,-107.379,0,CameraPosition,-103.2177,1.683143,-107.5289,CameraRotation,349.9102,268.6107,0.7918254,CurrentState,End,Slider,51,Scenario,5
ID,19,Time,1591.806,DronePosition,-20.40468,45,-107.379,0,CameraPosition,-103.2175,1.683172,-107.5289,CameraRotation,349.8784,268.6004,0.7552128,CurrentState,End,Slider,51,Scenario,5
ID,19,Time,1591.819,DronePosition,-20.40468,45,-107.379,0,CameraPosition,-103.2172,1.683207,-107.5289,CameraRotation,349.8864,268.6009,0.7387405,CurrentState,End,Slider,51,Scenario,5
ID,19,Time,1591.833,DronePosition,-20.40468,45,-107.379,0,CameraPosition,-103.217,1.683212,-107.5289,CameraRotation,349.8743,268.6038,0.7397423,CurrentState,End,Slider,51,Scenario,5
ID,19,Time,1591.847,DronePosition,-20.40468,45,-107.379,0,CameraPosition,-103.2168,1.683222,-107.5288,CameraRotation,349.8587,268.6218,0.7294139,CurrentState,End,Slider,51,Scenario,5
ID,19,Time,1591.866,DronePosition,-20.40468,45,-107.379,0,CameraPosition,-103.2165,1.683236,-107.5288,CameraRotation,349.846,268.6398,0.7184714,CurrentState,End,Slider,51,Scenario,5
ID,19,Time,1591.888,DronePosition,-20.40468,45,-107.379,0,CameraPosition,-103.2161,1.683296,-107.5286,CameraRotation,349.826,268.7176,0.7264501,CurrentState,End,Slider,51,Scenario,5
ID,19,Time,1591.902,DronePosition,-20.40468,45,-107.379,0,CameraPosition,-103.2159,1.683273,-107.5284,CameraRotation,349.8311,268.7576,0.7277683,CurrentState,End,Slider,51,Scenario,5
ID,19,Time,1591.916,DronePosition,-20.40468,45,-107.379,0,CameraPosition,-103.2157,1.68324,-107.5283,CameraRotation,349.8463,268.7963,0.7120602,CurrentState,End,Slider,51,Scenario,5
ID,19,Time,1591.93,DronePosition,-20.40468,45,-107.379,0,CameraPosition,-103.2154,1.683216,-107.5282,CameraRotation,349.8592,268.8406,0.6840191,CurrentState,End,Slider,51,Scenario,5
ID,19,Time,1591.944,DronePosition,-20.40468,45,-107.379,0,CameraPosition,-103.2152,1.683181,-107.528,CameraRotation,349.8694,268.8971,0.6504676,CurrentState,End,Slider,51,Scenario,5
ID,19,Time,1591.958,DronePosition,-20.40468,45,-107.379,0,CameraPosition,-103.2149,1.683133,-107.5278,CameraRotation,349.8888,268.951,0.6283323,CurrentState,End,Slider,51,Scenario,5
ID,19,Time,1591.973,DronePosition,-20.40468,45,-107.379,0,CameraPosition,-103.2147,1.683102,-107.5277,CameraRotation,349.9024,269.0075,0.5827713,CurrentState,End,Slider,51,Scenario,5
ID,19,Time,1591.986,DronePosition,-20.40468,45,-107.379,0,CameraPosition,-103.2144,1.683105,-107.5275,CameraRotation,349.9061,269.0397,0.5419642,CurrentState,End,Slider,51,Scenario,5
ID,19,Time,1592,DronePosition,-20.40468,45,-107.379,0,CameraPosition,-103.2142,1.68313,-107.5274,CameraRotation,349.8727,269.051,0.5125106,CurrentState,End,Slider,51,Scenario,5
ID,19,Time,1592.014,DronePosition,-20.40468,45,-107.379,0,CameraPosition,-103.214,1.683163,-107.5274,CameraRotation,349.8428,269.0543,0.4860837,CurrentState,End,Slider,51,Scenario,5
ID,19,Time,1592.028,DronePosition,-20.40468,45,-107.379,0,CameraPosition,-103.2137,1.683208,-107.5274,CameraRotation,349.8081,269.0205,0.4572725,CurrentState,End,Slider,51,Scenario,5
ID,19,Time,1592.042,DronePosition,-20.40468,45,-107.379,0,CameraPosition,-103.2134,1.683313,-107.5275,CameraRotation,349.757,268.9271,0.4405782,CurrentState,End,Slider,51,Scenario,5
ID,19,Time,1592.056,DronePosition,-20.40468,45,-107.379,0,CameraPosition,-103.2132,1.683412,-107.5276,CameraRotation,349.6978,268.8429,0.4313602,CurrentState,End,Slider,51,Scenario,5
ID,19,Time,1592.075,DronePosition,-20.40468,45,-107.379,0,CameraPosition,-103.2129,1.683513,-107.5277,CameraRotation,349.6377,268.7268,0.4358128,CurrentState,End,Slider,51,Scenario,5
ID,19,Time,1592.097,DronePosition,-20.40468,45,-107.379,0,CameraPosition,-103.2125,1.683606,-107.528,CameraRotation,349.5635,268.5373,0.4328805,CurrentState,End,Slider,51,Scenario,5
ID,19,Time,1592.111,DronePosition,-20.40468,45,-107.379,0,CameraPosition,-103.2122,1.683635,-107.5282,CameraRotation,349.5424,268.4526,0.4460942,CurrentState,End,Slider,51,Scenario,5
ID,19,Time,1592.125,DronePosition,-20.40468,45,-107.379,0,CameraPosition,-103.212,1.683682,-107.5284,CameraRotation,349.5081,268.3903,0.4423191,CurrentState,End,Slider,51,Scenario,5
ID,19,Time,1592.139,DronePosition,-20.40468,45,-107.379,0,CameraPosition,-103.2117,1.683736,-107.5285,CameraRotation,349.4699,268.3384,0.443402,CurrentState,End,Slider,51,Scenario,5
ID,19,Time,1592.153,DronePosition,-20.40468,45,-107.379,0,CameraPosition,-103.2115,1.683775,-107.5286,CameraRotation,349.4196,268.3162,0.4622682,CurrentState,End,Slider,51,Scenario,5
ID,19,Time,1592.167,DronePosition,-20.40468,45,-107.379,0,CameraPosition,-103.2113,1.683822,-107.5287,CameraRotation,349.3812,268.2957,0.4766785,CurrentState,End,Slider,51,Scenario,5
ID,19,Time,1592.18,DronePosition,-20.40468,45,-107.379,0,CameraPosition,-103.2111,1.68386,-107.5288,CameraRotation,349.3498,268.2823,0.4869938,CurrentState,End,Slider,51,Scenario,5
ID,19,Time,1592.195,DronePosition,-20.40468,45,-107.379,0,CameraPosition,-103.2109,1.683903,-107.5289,CameraRotation,349.3293,268.262,0.4932597,CurrentState,End,Slider,51,Scenario,5
ID,19,Time,1592.209,DronePosition,-20.40468,45,-107.379,0,CameraPosition,-103.2107,1.683957,-107.529,CameraRotation,349.3075,268.2427,0.5005242,CurrentState,End,Slider,51,Scenario,5
ID,19,Time,1592.223,DronePosition,-20.40468,45,-107.379,0,CameraPosition,-103.2105,1.684007,-107.5291,CameraRotation,349.3107,268.2299,0.5006984,CurrentState,End,Slider,51,Scenario,5
ID,19,Time,1592.236,DronePosition,-20.40468,45,-107.379,0,CameraPosition,-103.2104,1.684022,-107.5293,CameraRotation,349.3067,268.1992,0.4874687,CurrentState,End,Slider,51,Scenario,5
ID,19,Time,1592.25,DronePosition,-20.40468,45,-107.379,0,CameraPosition,-103.2102,1.684018,-107.5294,CameraRotation,349.2949,268.156,0.4988558,CurrentState,End,Slider,51,Scenario,5
ID,19,Time,1592.264,DronePosition,-20.40468,45,-107.379,0,CameraPosition,-103.2101,1.683992,-107.5295,CameraRotation,349.2891,268.1136,0.5158524,CurrentState,End,Slider,51,Scenario,5
ID,19,Time,1592.283,DronePosition,-20.40468,45,-107.379,0,CameraPosition,-103.2099,1.683986,-107.5296,CameraRotation,349.2898,268.0601,0.5446589,CurrentState,End,Slider,51,Scenario,5
ID,19,Time,1592.306,DronePosition,-20.40468,45,-107.379,0,CameraPosition,-103.2098,1.684129,-107.5298,CameraRotation,349.2309,267.9584,0.5831055,CurrentState,End,Slider,51,Scenario,5
ID,19,Time,1592.319,DronePosition,-20.40468,45,-107.379,0,CameraPosition,-103.2098,1.68419,-107.5298,CameraRotation,349.22,267.9125,0.5219206,CurrentState,End,Slider,51,Scenario,5
ID,19,Time,1592.333,DronePosition,-20.40468,45,-107.379,0,CameraPosition,-103.2097,1.684174,-107.5299,CameraRotation,349.2584,267.8743,0.4959074,CurrentState,End,Slider,51,Scenario,5
ID,19,Time,1592.347,DronePosition,-20.40468,45,-107.379,0,CameraPosition,-103.2096,1.684097,-107.53,CameraRotation,349.3387,267.8334,0.5033984,CurrentState,End,Slider,51,Scenario,5
ID,19,Time,1592.361,DronePosition,-20.40468,45,-107.379,0,CameraPosition,-103.2095,1.683983,-107.53,CameraRotation,349.4197,267.7967,0.5249607,CurrentState,End,Slider,51,Scenario,5
ID,19,Time,1592.376,DronePosition,-20.40468,45,-107.379,0,CameraPosition,-103.2094,1.683884,-107.53,CameraRotation,349.494,267.7651,0.5676016,CurrentState,End,Slider,51,Scenario,5
ID,19,Time,1592.389,DronePosition,-20.40468,45,-107.379,0,CameraPosition,-103.2094,1.683793,-107.53,CameraRotation,349.5403,267.7614,0.5906278,CurrentState,End,Slider,51,Scenario,5
ID,19,Time,1592.403,DronePosition,-20.40468,45,-107.379,0,CameraPosition,-103.2093,1.68373,-107.53,CameraRotation,349.5576,267.7565,0.5951592,CurrentState,End,Slider,51,Scenario,5
ID,19,Time,1592.418,DronePosition,-20.40468,45,-107.379,0,CameraPosition,-103.2093,1.683707,-107.53,CameraRotation,349.5598,267.7408,0.5942141,CurrentState,End,Slider,51,Scenario,5
ID,19,Time,1592.432,DronePosition,-20.40468,45,-107.379,0,CameraPosition,-103.2093,1.6837,-107.53,CameraRotation,349.5465,267.7248,0.5893848,CurrentState,End,Slider,51,Scenario,5
ID,19,Time,1592.445,DronePosition,-20.40468,45,-107.379,0,CameraPosition,-103.2093,1.683693,-107.5299,CameraRotation,349.5352,267.7107,0.5701292,CurrentState,End,Slider,51,Scenario,5
ID,19,Time,1592.459,DronePosition,-20.40468,45,-107.379,0,CameraPosition,-103.2093,1.683686,-107.5299,CameraRotation,349.5748,267.6877,0.5407779,CurrentState,End,Slider,51,Scenario,5
ID,19,Time,1592.473,DronePosition,-20.40468,45,-107.379,0,CameraPosition,-103.2093,1.683614,-107.5298,CameraRotation,349.6121,267.6693,0.5073181,CurrentState,End,Slider,51,Scenario,5
ID,19,Time,1592.492,DronePosition,-20.40468,45,-107.379,0,CameraPosition,-103.2093,1.683543,-107.5298,CameraRotation,349.6761,267.6695,0.5028229,CurrentState,End,Slider,51,Scenario,5
ID,19,Time,1592.514,DronePosition,-20.40468,45,-107.379,0,CameraPosition,-103.2094,1.683444,-107.5296,CameraRotation,349.7171,267.6871,0.4649678,CurrentState,End,Slider,51,Scenario,5
ID,19,Time,1592.529,DronePosition,-20.40468,45,-107.379,0,CameraPosition,-103.2094,1.683444,-107.5295,CameraRotation,349.7006,267.7169,0.4236974,CurrentState,End,Slider,51,Scenario,5
ID,19,Time,1592.542,DronePosition,-20.40468,45,-107.379,0,CameraPosition,-103.2095,1.683467,-107.5293,CameraRotation,349.6972,267.7726,0.4167283,CurrentState,End,Slider,51,Scenario,5
ID,19,Time,1592.556,DronePosition,-20.40468,45,-107.379,0,CameraPosition,-103.2096,1.683464,-107.5292,CameraRotation,349.6969,267.8206,0.4012987,CurrentState,End,Slider,51,Scenario,5
ID,19,Time,1592.57,DronePosition,-20.40468,45,-107.379,0,CameraPosition,-103.2096,1.683421,-107.5291,CameraRotation,349.7246,267.8574,0.3938154,CurrentState,End,Slider,51,Scenario,5
ID,19,Time,1592.584,DronePosition,-20.40468,45,-107.379,0,CameraPosition,-103.2097,1.683371,-107.529,CameraRotation,349.7695,267.8901,0.3860806,CurrentState,End,Slider,51,Scenario,5
ID,19,Time,1592.598,DronePosition,-20.40468,45,-107.379,0,CameraPosition,-103.2098,1.683317,-107.5289,CameraRotation,349.7946,267.9174,0.3687161,CurrentState,End,Slider,51,Scenario,5
ID,19,Time,1592.612,DronePosition,-20.40468,45,-107.379,0,CameraPosition,-103.2099,1.683276,-107.5289,CameraRotation,349.8243,267.9402,0.3663841,CurrentState,End,Slider,51,Scenario,5
ID,19,Time,1592.626,DronePosition,-20.40468,45,-107.379,0,CameraPosition,-103.21,1.683226,-107.5289,CameraRotation,349.8277,267.9617,0.3628958,CurrentState,End,Slider,51,Scenario,5
ID,19,Time,1592.64,DronePosition,-20.40468,45,-107.379,0,CameraPosition,-103.2101,1.683194,-107.5288,CameraRotation,349.8318,267.9661,0.3750829,CurrentState,End,Slider,51,Scenario,5
ID,19,Time,1592.654,DronePosition,-20.40468,45,-107.379,0,CameraPosition,-103.2102,1.68317,-107.5288,CameraRotation,349.8298,267.9637,0.3814452,CurrentState,End,Slider,51,Scenario,5
ID,19,Time,1592.669,DronePosition,-20.40468,45,-107.379,0,CameraPosition,-103.2103,1.683173,-107.5288,CameraRotation,349.8263,267.96,0.3779619,CurrentState,End,Slider,51,Scenario,5
ID,19,Time,1592.682,DronePosition,-20.40468,45,-107.379,0,CameraPosition,-103.2104,1.683168,-107.5287,CameraRotation,349.8193,267.9446,0.3725791,CurrentState,End,Slider,51,Scenario,5
ID,19,Time,1592.701,DronePosition,-20.40468,45,-107.379,0,CameraPosition,-103.2105,1.683138,-107.5287,CameraRotation,349.8324,267.9387,0.3710497,CurrentState,End,Slider,51,Scenario,5
ID,19,Time,1592.723,DronePosition,-20.40468,45,-107.379,0,CameraPosition,-103.2107,1.682995,-107.5287,CameraRotation,349.9308,267.9439,0.387335,CurrentState,End,Slider,51,Scenario,5
ID,19,Time,1592.737,DronePosition,-20.40468,45,-107.379,0,CameraPosition,-103.2108,1.682926,-107.5287,CameraRotation,349.9762,267.9544,0.3917702,CurrentState,End,Slider,51,Scenario,5
ID,19,Time,1592.751,DronePosition,-20.40468,45,-107.379,0,CameraPosition,-103.2109,1.682852,-107.5287,CameraRotation,350.0312,267.9752,0.4001941,CurrentState,End,Slider,51,Scenario,5
ID,19,Time,1592.765,DronePosition,-20.40468,45,-107.379,0,CameraPosition,-103.2109,1.682806,-107.5286,CameraRotation,350.0796,267.9953,0.4027217,CurrentState,End,Slider,51,Scenario,5
ID,19,Time,1592.779,DronePosition,-20.40468,45,-107.379,0,CameraPosition,-103.211,1.68277,-107.5286,CameraRotation,350.1132,268.0262,0.4100081,CurrentState,End,Slider,51,Scenario,5
ID,19,Time,1592.793,DronePosition,-20.40468,45,-107.379,0,CameraPosition,-103.211,1.682742,-107.5286,CameraRotation,350.1346,268.0602,0.3995532,CurrentState,End,Slider,51,Scenario,5
ID,19,Time,1592.807,DronePosition,-20.40468,45,-107.379,0,CameraPosition,-103.2111,1.682699,-107.5285,CameraRotation,350.1445,268.087,0.399143,CurrentState,End,Slider,51,Scenario,5
ID,19,Time,1592.821,DronePosition,-20.40468,45,-107.379,0,CameraPosition,-103.2111,1.682682,-107.5285,CameraRotation,350.1622,268.1082,0.4029273,CurrentState,End,Slider,51,Scenario,5
ID,19,Time,1592.835,DronePosition,-20.40468,45,-107.379,0,CameraPosition,-103.2111,1.682672,-107.5286,CameraRotation,350.1613,268.1284,0.4117801,CurrentState,End,Slider,51,Scenario,5
ID,19,Time,1592.849,DronePosition,-20.40468,45,-107.379,0,CameraPosition,-103.2111,1.682672,-107.5285,CameraRotation,350.1539,268.1251,0.4372775,CurrentState,End,Slider,51,Scenario,5
ID,19,Time,1592.863,DronePosition,-20.40468,45,-107.379,0,CameraPosition,-103.2111,1.682688,-107.5286,CameraRotation,350.1567,268.1296,0.4353465,CurrentState,End,Slider,51,Scenario,5
ID,19,Time,1592.877,DronePosition,-20.40468,45,-107.379,0,CameraPosition,-103.2111,1.682699,-107.5286,CameraRotation,350.1458,268.1348,0.4413079,CurrentState,End,Slider,51,Scenario,5
ID,19,Time,1592.891,DronePosition,-20.40468,45,-107.379,0,CameraPosition,-103.2111,1.682718,-107.5286,CameraRotation,350.1222,268.1341,0.4560245,CurrentState,End,Slider,51,Scenario,5
ID,19,Time,1592.91,DronePosition,-20.40468,45,-107.379,0,CameraPosition,-103.2111,1.682728,-107.5287,CameraRotation,350.1075,268.1423,0.4644268,CurrentState,End,Slider,51,Scenario,5
ID,19,Time,1592.932,DronePosition,-20.40468,45,-107.379,0,CameraPosition,-103.2111,1.682893,-107.5286,CameraRotation,350.0586,268.1386,0.5041637,CurrentState,End,Slider,51,Scenario,5
ID,19,Time,1592.946,DronePosition,-20.40468,45,-107.379,0,CameraPosition,-103.2112,1.683016,-107.5286,CameraRotation,349.984,268.1501,0.4883572,CurrentState,End,Slider,51,Scenario,5
ID,19,Time,1592.96,DronePosition,-20.40468,45,-107.379,0,CameraPosition,-103.2112,1.683101,-107.5286,CameraRotation,349.9269,268.1557,0.439673,CurrentState,End,Slider,51,Scenario,5
ID,19,Time,1592.974,DronePosition,-20.40468,45,-107.379,0,CameraPosition,-103.2113,1.683151,-107.5286,CameraRotation,349.9141,268.1461,0.4401414,CurrentState,End,Slider,51,Scenario,5
ID,19,Time,1592.989,DronePosition,-20.40468,45,-107.379,0,CameraPosition,-103.2113,1.683198,-107.5286,CameraRotation,349.9087,268.1298,0.4665304,CurrentState,End,Slider,51,Scenario,5
ID,19,Time,1593.002,DronePosition,-20.40468,45,-107.379,0,CameraPosition,-103.2113,1.683202,-107.5286,CameraRotation,349.8931,268.1013,0.5005193,CurrentState,End,Slider,51,Scenario,5
ID,19,Time,1593.016,DronePosition,-20.40468,45,-107.379,0,CameraPosition,-103.2114,1.683195,-107.5286,CameraRotation,349.8712,268.0901,0.5146661,CurrentState,End,Slider,51,Scenario,5
ID,19,Time,1593.03,DronePosition,-20.40468,45,-107.379,0,CameraPosition,-103.2114,1.683188,-107.5286,CameraRotation,349.8562,268.085,0.5135137,CurrentState,End,Slider,51,Scenario,5
ID,19,Time,1593.044,DronePosition,-20.40468,45,-107.379,0,CameraPosition,-103.2115,1.683174,-107.5285,CameraRotation,349.8247,268.0851,0.4932998,CurrentState,End,Slider,51,Scenario,5
ID,19,Time,1593.058,DronePosition,-20.40468,45,-107.379,0,CameraPosition,-103.2116,1.683173,-107.5285,CameraRotation,349.8065,268.0859,0.4829354,CurrentState,End,Slider,51,Scenario,5
ID,19,Time,1593.072,DronePosition,-20.40468,45,-107.379,0,CameraPosition,-103.2117,1.683153,-107.5284,CameraRotation,349.7918,268.0702,0.4766249,CurrentState,End,Slider,51,Scenario,5
ID,19,Time,1593.086,DronePosition,-20.40468,45,-107.379,0,CameraPosition,-103.2117,1.683139,-107.5283,CameraRotation,349.8028,268.0522,0.4619078,CurrentState,End,Slider,51,Scenario,5
ID,19,Time,1593.1,DronePosition,-20.40468,45,-107.379,0,CameraPosition,-103.2118,1.683108,-107.5282,CameraRotation,349.8199,268.0439,0.4186594,CurrentState,End,Slider,51,Scenario,5
ID,19,Time,1593.119,DronePosition,-20.40468,45,-107.379,0,CameraPosition,-103.2119,1.683075,-107.5281,CameraRotation,349.8433,268.0272,0.3877107,CurrentState,End,Slider,51,Scenario,5
ID,19,Time,1593.141,DronePosition,-20.40468,45,-107.379,0,CameraPosition,-103.2121,1.683007,-107.5278,CameraRotation,349.8824,267.9996,0.3444596,CurrentState,End,Slider,51,Scenario,5
ID,19,Time,1593.155,DronePosition,-20.40468,45,-107.379,0,CameraPosition,-103.2122,1.682971,-107.5277,CameraRotation,349.8875,267.9922,0.2665392,CurrentState,End,Slider,51,Scenario,5
ID,19,Time,1593.169,DronePosition,-20.40468,45,-107.379,0,CameraPosition,-103.2123,1.682957,-107.5277,CameraRotation,349.9013,267.9894,0.2057033,CurrentState,End,Slider,51,Scenario,5
ID,19,Time,1593.183,DronePosition,-20.40468,45,-107.379,0,CameraPosition,-103.2124,1.682943,-107.5276,CameraRotation,349.902,267.988,0.1809027,CurrentState,End,Slider,51,Scenario,5
ID,19,Time,1593.197,DronePosition,-20.40468,45,-107.379,0,CameraPosition,-103.2125,1.682921,-107.5275,CameraRotation,349.9205,267.9909,0.1704444,CurrentState,End,Slider,51,Scenario,5
ID,19,Time,1593.211,DronePosition,-20.40468,45,-107.379,0,CameraPosition,-103.2126,1.682888,-107.5274,CameraRotation,349.9452,267.9769,0.172779,CurrentState,End,Slider,51,Scenario,5
ID,19,Time,1593.225,DronePosition,-20.40468,45,-107.379,0,CameraPosition,-103.2127,1.682862,-107.5273,CameraRotation,349.9619,267.9734,0.1711266,CurrentState,End,Slider,51,Scenario,5
ID,19,Time,1593.239,DronePosition,-20.40468,45,-107.379,0,CameraPosition,-103.2128,1.68284,-107.5273,CameraRotation,349.9685,267.9674,0.1570763,CurrentState,End,Slider,51,Scenario,5
ID,19,Time,1593.253,DronePosition,-20.40468,45,-107.379,0,CameraPosition,-103.2129,1.682814,-107.5272,CameraRotation,349.9732,267.9617,0.1545267,CurrentState,End,Slider,51,Scenario,5
ID,19,Time,1593.267,DronePosition,-20.40468,45,-107.379,0,CameraPosition,-103.213,1.682803,-107.5271,CameraRotation,349.9717,267.9634,0.1460479,CurrentState,End,Slider,51,Scenario,5
ID,19,Time,1593.281,DronePosition,-20.40468,45,-107.379,0,CameraPosition,-103.2131,1.682791,-107.527,CameraRotation,349.95,267.9584,0.14419,CurrentState,End,Slider,51,Scenario,5
ID,19,Time,1593.295,DronePosition,-20.40468,45,-107.379,0,CameraPosition,-103.2132,1.682798,-107.5269,CameraRotation,349.9408,267.9654,0.1237387,CurrentState,End,Slider,51,Scenario,5
ID,19,Time,1593.308,DronePosition,-20.40468,45,-107.379,0,CameraPosition,-103.2133,1.682789,-107.5268,CameraRotation,349.9433,267.9709,0.09564292,CurrentState,End,Slider,51,Scenario,5
ID,19,Time,1593.328,DronePosition,-20.40468,45,-107.379,0,CameraPosition,-103.2134,1.682785,-107.5267,CameraRotation,349.9426,267.9746,0.08634436,CurrentState,End,Slider,51,Scenario,5
ID,19,Time,1593.349,DronePosition,-20.40468,45,-107.379,0,CameraPosition,-103.2136,1.682841,-107.5266,CameraRotation,349.9433,268.0031,0.06919298,CurrentState,End,Slider,51,Scenario,5
ID,19,Time,1593.364,DronePosition,-20.40468,45,-107.379,0,CameraPosition,-103.2137,1.682851,-107.5265,CameraRotation,349.9386,268.0275,0.06576846,CurrentState,End,Slider,51,Scenario,5
ID,19,Time,1593.378,DronePosition,-20.40468,45,-107.379,0,CameraPosition,-103.2138,1.682862,-107.5264,CameraRotation,349.9481,268.0491,0.06155122,CurrentState,End,Slider,51,Scenario,5
ID,19,Time,1593.392,DronePosition,-20.40468,45,-107.379,0,CameraPosition,-103.2139,1.682863,-107.5263,CameraRotation,349.9566,268.0816,0.05768771,CurrentState,End,Slider,51,Scenario,5
ID,19,Time,1593.406,DronePosition,-20.40468,45,-107.379,0,CameraPosition,-103.2139,1.682866,-107.5261,CameraRotation,349.963,268.1071,0.06416123,CurrentState,End,Slider,51,Scenario,5
ID,19,Time,1593.42,DronePosition,-20.40468,45,-107.379,0,CameraPosition,-103.214,1.682868,-107.526,CameraRotation,349.9701,268.1376,0.06475721,CurrentState,End,Slider,51,Scenario,5
ID,19,Time,1593.434,DronePosition,-20.40468,45,-107.379,0,CameraPosition,-103.2141,1.682856,-107.5259,CameraRotation,349.9703,268.1593,0.06127995,CurrentState,End,Slider,51,Scenario,5
ID,19,Time,1593.448,DronePosition,-20.40468,45,-107.379,0,CameraPosition,-103.2142,1.682849,-107.5258,CameraRotation,349.9662,268.1761,0.06241091,CurrentState,End,Slider,51,Scenario,5
ID,19,Time,1593.462,DronePosition,-20.40468,45,-107.379,0,CameraPosition,-103.2143,1.682857,-107.5257,CameraRotation,349.9593,268.1812,0.05502971,CurrentState,End,Slider,51,Scenario,5
ID,19,Time,1593.476,DronePosition,-20.40468,45,-107.379,0,CameraPosition,-103.2145,1.682879,-107.5257,CameraRotation,349.9358,268.1899,0.02093349,CurrentState,End,Slider,51,Scenario,5
ID,19,Time,1593.49,DronePosition,-20.40468,45,-107.379,0,CameraPosition,-103.2146,1.682894,-107.5255,CameraRotation,349.9083,268.1742,0.02354464,CurrentState,End,Slider,51,Scenario,5
ID,19,Time,1593.503,DronePosition,-20.40468,45,-107.379,0,CameraPosition,-103.2148,1.682886,-107.5254,CameraRotation,349.883,268.1674,0.008225081,CurrentState,End,Slider,51,Scenario,5
ID,19,Time,1593.518,DronePosition,-20.40468,45,-107.379,0,CameraPosition,-103.2149,1.68287,-107.5253,CameraRotation,349.8806,268.1649,0.000906292,CurrentState,End,Slider,51,Scenario,5
ID,19,Time,1593.536,DronePosition,-20.40468,45,-107.379,0,CameraPosition,-103.2151,1.682881,-107.5252,CameraRotation,349.8967,268.1713,0.01023278,CurrentState,End,Slider,51,Scenario,5
ID,19,Time,1593.559,DronePosition,-20.40468,45,-107.379,0,CameraPosition,-103.2155,1.682918,-107.5249,CameraRotation,349.8681,268.2423,359.9336,CurrentState,End,Slider,51,Scenario,5
ID,19,Time,1593.573,DronePosition,-20.40468,45,-107.379,0,CameraPosition,-103.2156,1.682861,-107.5247,CameraRotation,349.8988,268.2913,359.882,CurrentState,End,Slider,51,Scenario,5
ID,19,Time,1593.587,DronePosition,-20.40468,45,-107.379,0,CameraPosition,-103.2158,1.682818,-107.5246,CameraRotation,349.9415,268.3589,359.8554,CurrentState,End,Slider,51,Scenario,5
ID,19,Time,1593.601,DronePosition,-20.40468,45,-107.379,0,CameraPosition,-103.216,1.682761,-107.5245,CameraRotation,349.9744,268.4145,359.8748,CurrentState,End,Slider,51,Scenario,5
ID,19,Time,1593.615,DronePosition,-20.40468,45,-107.379,0,CameraPosition,-103.2161,1.682722,-107.5243,CameraRotation,350.0044,268.4524,359.8938,CurrentState,End,Slider,51,Scenario,5
ID,19,Time,1593.629,DronePosition,-20.40468,45,-107.379,0,CameraPosition,-103.2163,1.682673,-107.5242,CameraRotation,350.0253,268.4945,359.9112,CurrentState,End,Slider,51,Scenario,5
ID,19,Time,1593.642,DronePosition,-20.40468,45,-107.379,0,CameraPosition,-103.2165,1.682653,-107.5242,CameraRotation,350.0273,268.5262,359.8984,CurrentState,End,Slider,51,Scenario,5
ID,19,Time,1593.656,DronePosition,-20.40468,45,-107.379,0,CameraPosition,-103.2167,1.682647,-107.5241,CameraRotation,350.0264,268.5406,359.8963,CurrentState,End,Slider,51,Scenario,5
ID,19,Time,1593.67,DronePosition,-20.40468,45,-107.379,0,CameraPosition,-103.2168,1.682642,-107.524,CameraRotation,350.0303,268.5357,359.8899,CurrentState,End,Slider,51,Scenario,5
ID,19,Time,1593.685,DronePosition,-20.40468,45,-107.379,0,CameraPosition,-103.217,1.682621,-107.524,CameraRotation,350.0445,268.5216,359.8929,CurrentState,End,Slider,51,Scenario,5
ID,19,Time,1593.698,DronePosition,-20.40468,45,-107.379,0,CameraPosition,-103.2172,1.682595,-107.524,CameraRotation,350.0734,268.4918,359.8987,CurrentState,End,Slider,51,Scenario,5
ID,19,Time,1593.713,DronePosition,-20.40468,45,-107.379,0,CameraPosition,-103.2173,1.682559,-107.524,CameraRotation,350.0972,268.4697,359.8802,CurrentState,End,Slider,51,Scenario,5
ID,19,Time,1593.726,DronePosition,-20.40468,45,-107.379,0,CameraPosition,-103.2175,1.68252,-107.5239,CameraRotation,350.1253,268.4532,359.8784,CurrentState,End,Slider,51,Scenario,5
ID,19,Time,1593.745,DronePosition,-20.40468,45,-107.379,0,CameraPosition,-103.2177,1.682505,-107.5239,CameraRotation,350.1417,268.4444,359.8936,CurrentState,End,Slider,51,Scenario,5
ID,19,Time,1593.768,DronePosition,-20.40468,45,-107.379,0,CameraPosition,-103.218,1.682502,-107.5238,CameraRotation,350.1419,268.45,359.8714,CurrentState,End,Slider,51,Scenario,5
ID,19,Time,1593.781,DronePosition,-20.40468,45,-107.379,0,CameraPosition,-103.2181,1.682505,-107.5238,CameraRotation,350.141,268.4639,359.8633,CurrentState,End,Slider,51,Scenario,5
ID,19,Time,1593.795,DronePosition,-20.40468,45,-107.379,0,CameraPosition,-103.2183,1.682502,-107.5238,CameraRotation,350.1415,268.4736,359.8795,CurrentState,End,Slider,51,Scenario,5
ID,19,Time,1593.809,DronePosition,-20.40468,45,-107.379,0,CameraPosition,-103.2184,1.682498,-107.5237,CameraRotation,350.1404,268.4776,359.8972,CurrentState,End,Slider,51,Scenario,5
ID,19,Time,1593.824,DronePosition,-20.40468,45,-107.379,0,CameraPosition,-103.2185,1.682498,-107.5237,CameraRotation,350.1488,268.4706,359.9097,CurrentState,End,Slider,51,Scenario,5
ID,19,Time,1593.838,DronePosition,-20.40468,45,-107.379,0,CameraPosition,-103.2186,1.68249,-107.5238,CameraRotation,350.1627,268.4725,359.9122,CurrentState,End,Slider,51,Scenario,5
ID,19,Time,1593.852,DronePosition,-20.40468,45,-107.379,0,CameraPosition,-103.2188,1.682481,-107.5238,CameraRotation,350.1786,268.4578,359.919,CurrentState,End,Slider,51,Scenario,5
ID,19,Time,1593.865,DronePosition,-20.40468,45,-107.379,0,CameraPosition,-103.2189,1.682479,-107.5238,CameraRotation,350.1835,268.447,359.9176,CurrentState,End,Slider,51,Scenario,5
ID,19,Time,1593.879,DronePosition,-20.40468,45,-107.379,0,CameraPosition,-103.219,1.682473,-107.5238,CameraRotation,350.1805,268.422,359.9169,CurrentState,End,Slider,51,Scenario,5
ID,19,Time,1593.893,DronePosition,-20.40468,45,-107.379,0,CameraPosition,-103.2191,1.682465,-107.5238,CameraRotation,350.183,268.4013,359.9214,CurrentState,End,Slider,51,Scenario,5
ID,19,Time,1593.907,DronePosition,-20.40468,45,-107.379,0,CameraPosition,-103.2192,1.682466,-107.5238,CameraRotation,350.18,268.3789,359.9264,CurrentState,End,Slider,51,Scenario,5
ID,19,Time,1593.921,DronePosition,-20.40468,45,-107.379,0,CameraPosition,-103.2193,1.682461,-107.5238,CameraRotation,350.1714,268.3661,359.9305,CurrentState,End,Slider,51,Scenario,5
ID,19,Time,1593.935,DronePosition,-20.40468,45,-107.379,0,CameraPosition,-103.2195,1.682458,-107.5239,CameraRotation,350.1823,268.3452,359.932,CurrentState,End,Slider,51,Scenario,5
ID,19,Time,1593.954,DronePosition,-20.40468,45,-107.379,0,CameraPosition,-103.2196,1.682435,-107.5239,CameraRotation,350.1854,268.3298,359.9427,CurrentState,End,Slider,51,Scenario,5
ID,19,Time,1593.977,DronePosition,-20.40468,45,-107.379,0,CameraPosition,-103.2197,1.682442,-107.524,CameraRotation,350.2061,268.2891,359.9758,CurrentState,End,Slider,51,Scenario,5
ID,19,Time,1593.99,DronePosition,-20.40468,45,-107.379,0,CameraPosition,-103.2198,1.682438,-107.5241,CameraRotation,350.2274,268.2679,359.9825,CurrentState,End,Slider,51,Scenario,5
ID,19,Time,1594.004,DronePosition,-20.40468,45,-107.379,0,CameraPosition,-103.2199,1.682403,-107.5241,CameraRotation,350.256,268.2536,-0.005177265,CurrentState,End,Slider,51,Scenario,5
ID,19,Time,1594.018,DronePosition,-20.40468,45,-107.379,0,CameraPosition,-103.22,1.682373,-107.5241,CameraRotation,350.2729,268.2435,0.006870043,CurrentState,End,Slider,51,Scenario,5
ID,19,Time,1594.032,DronePosition,-20.40468,45,-107.379,0,CameraPosition,-103.2201,1.682366,-107.5241,CameraRotation,350.2874,268.2315,0.02031127,CurrentState,End,Slider,51,Scenario,5
ID,19,Time,1594.046,DronePosition,-20.40468,45,-107.379,0,CameraPosition,-103.2202,1.68234,-107.5241,CameraRotation,350.286,268.2164,0.0377764,CurrentState,End,Slider,51,Scenario,5
ID,19,Time,1594.06,DronePosition,-20.40468,45,-107.379,0,CameraPosition,-103.2202,1.682326,-107.5241,CameraRotation,350.3048,268.2095,0.04876825,CurrentState,End,Slider,51,Scenario,5
ID,19,Time,1594.075,DronePosition,-20.40468,45,-107.379,0,CameraPosition,-103.2203,1.682303,-107.5241,CameraRotation,350.3174,268.2078,0.05972665,CurrentState,End,Slider,51,Scenario,5
ID,19,Time,1594.088,DronePosition,-20.40468,45,-107.379,0,CameraPosition,-103.2203,1.682288,-107.5241,CameraRotation,350.3374,268.1963,0.05669664,CurrentState,End,Slider,51,Scenario,5
ID,19,Time,1594.102,DronePosition,-20.40468,45,-107.379,0,CameraPosition,-103.2204,1.682272,-107.5241,CameraRotation,350.3546,268.1933,0.06398387,CurrentState,End,Slider,51,Scenario,5
ID,19,Time,1594.116,DronePosition,-20.40468,45,-107.379,0,CameraPosition,-103.2204,1.682232,-107.5241,CameraRotation,350.3662,268.1956,0.07748977,CurrentState,End,Slider,51,Scenario,5
ID,19,Time,1594.13,DronePosition,-20.40468,45,-107.379,0,CameraPosition,-103.2204,1.682181,-107.5241,CameraRotation,350.3918,268.1932,0.0741843,CurrentState,End,Slider,51,Scenario,5
ID,19,Time,1594.144,DronePosition,-20.40468,45,-107.379,0,CameraPosition,-103.2204,1.682154,-107.5241,CameraRotation,350.4202,268.1955,0.07974637,CurrentState,End,Slider,51,Scenario,5
ID,19,Time,1594.163,DronePosition,-20.40468,45,-107.379,0,CameraPosition,-103.2204,1.682174,-107.524,CameraRotation,350.4103,268.206,0.08079119,CurrentState,End,Slider,51,Scenario,5
ID,19,Time,1594.185,DronePosition,-20.40468,45,-107.379,0,CameraPosition,-103.2204,1.682181,-107.524,CameraRotation,350.3857,268.1985,359.9825,CurrentState,End,Slider,51,Scenario,5
ID,19,Time,1594.199,DronePosition,-20.40468,45,-107.379,0,CameraPosition,-103.2204,1.682181,-107.524,CameraRotation,350.4081,268.1711,359.9727,CurrentState,End,Slider,51,Scenario,5
ID,19,Time,1594.213,DronePosition,-20.40468,45,-107.379,0,CameraPosition,-103.2204,1.682185,-107.5241,CameraRotation,350.4008,268.1363,-0.004075346,CurrentState,End,Slider,51,Scenario,5
ID,19,Time,1594.227,DronePosition,-20.40468,45,-107.379,0,CameraPosition,-103.2203,1.682198,-107.5241,CameraRotation,350.3862,268.1022,0.02649977,CurrentState,End,Slider,51,Scenario,5
ID,19,Time,1594.241,DronePosition,-20.40468,45,-107.379,0,CameraPosition,-103.2203,1.682216,-107.5242,CameraRotation,350.3678,268.0906,0.04556929,CurrentState,End,Slider,51,Scenario,5
ID,19,Time,1594.255,DronePosition,-20.40468,45,-107.379,0,CameraPosition,-103.2203,1.682234,-107.5242,CameraRotation,350.3636,268.0927,0.0440024,CurrentState,End,Slider,51,Scenario,5
ID,19,Time,1594.269,DronePosition,-20.40468,45,-107.379,0,CameraPosition,-103.2202,1.682251,-107.5242,CameraRotation,350.3466,268.1073,0.04681188,CurrentState,End,Slider,51,Scenario,5
ID,19,Time,1594.283,DronePosition,-20.40468,45,-107.379,0,CameraPosition,-103.2201,1.682282,-107.5243,CameraRotation,350.3195,268.1155,0.07064614,CurrentState,End,Slider,51,Scenario,5
ID,19,Time,1594.297,DronePosition,-20.40468,45,-107.379,0,CameraPosition,-103.2201,1.682331,-107.5243,CameraRotation,350.303,268.1236,0.09737033,CurrentState,End,Slider,51,Scenario,5
ID,19,Time,1594.311,DronePosition,-20.40468,45,-107.379,0,CameraPosition,-103.22,1.682365,-107.5243,CameraRotation,350.2822,268.1311,0.1192888,CurrentState,End,Slider,51,Scenario,5
ID,19,Time,1594.325,DronePosition,-20.40468,45,-107.379,0,CameraPosition,-103.22,1.682411,-107.5243,CameraRotation,350.2812,268.1402,0.11782,CurrentState,End,Slider,51,Scenario,5
ID,19,Time,1594.339,DronePosition,-20.40468,45,-107.379,0,CameraPosition,-103.2199,1.68242,-107.5243,CameraRotation,350.2909,268.1553,0.1152895,CurrentState,End,Slider,51,Scenario,5
ID,19,Time,1594.353,DronePosition,-20.40468,45,-107.379,0,CameraPosition,-103.2199,1.682432,-107.5243,CameraRotation,350.2923,268.1805,0.1195866,CurrentState,End,Slider,51,Scenario,5
ID,19,Time,1594.371,DronePosition,-20.40468,45,-107.379,0,CameraPosition,-103.2198,1.682462,-107.5242,CameraRotation,350.2759,268.2097,0.1314172,CurrentState,End,Slider,51,Scenario,5
ID,19,Time,1594.394,DronePosition,-20.40468,45,-107.379,0,CameraPosition,-103.2198,1.682498,-107.5242,CameraRotation,350.2599,268.2753,0.09679514,CurrentState,End,Slider,51,Scenario,5
ID,19,Time,1594.408,DronePosition,-20.40468,45,-107.379,0,CameraPosition,-103.2197,1.682507,-107.5243,CameraRotation,350.2644,268.2925,0.09733263,CurrentState,End,Slider,51,Scenario,5
ID,19,Time,1594.422,DronePosition,-20.40468,45,-107.379,0,CameraPosition,-103.2196,1.682523,-107.5244,CameraRotation,350.2629,268.2902,0.1071317,CurrentState,End,Slider,51,Scenario,5
ID,19,Time,1594.436,DronePosition,-20.40468,45,-107.379,0,CameraPosition,-103.2195,1.682553,-107.5245,CameraRotation,350.2328,268.2548,0.1125672,CurrentState,End,Slider,51,Scenario,5
ID,19,Time,1594.45,DronePosition,-20.40468,45,-107.379,0,CameraPosition,-103.2195,1.682621,-107.5247,CameraRotation,350.2167,268.2054,0.1048104,CurrentState,End,Slider,51,Scenario,5
ID,19,Time,1594.466,DronePosition,-20.40468,45,-107.379,0,CameraPosition,-103.2194,1.682689,-107.5248,CameraRotation,350.1855,268.1474,0.1010706,CurrentState,End,Slider,51,Scenario,5
ID,19,Time,1594.478,DronePosition,-20.40468,45,-107.379,0,CameraPosition,-103.2193,1.68273,-107.525,CameraRotation,350.1478,268.0744,0.1091424,CurrentState,End,Slider,51,Scenario,5
ID,19,Time,1594.492,DronePosition,-20.40468,45,-107.379,0,CameraPosition,-103.2192,1.682766,-107.5252,CameraRotation,350.1277,268.016,0.1221989,CurrentState,End,Slider,51,Scenario,5
ID,19,Time,1594.506,DronePosition,-20.40468,45,-107.379,0,CameraPosition,-103.2191,1.682785,-107.5254,CameraRotation,350.1118,267.9737,0.1346607,CurrentState,End,Slider,51,Scenario,5
ID,19,Time,1594.52,DronePosition,-20.40468,45,-107.379,0,CameraPosition,-103.2191,1.682793,-107.5256,CameraRotation,350.1035,267.9461,0.1460648,CurrentState,End,Slider,51,Scenario,5
ID,19,Time,1594.535,DronePosition,-20.40468,45,-107.379,0,CameraPosition,-103.219,1.68279,-107.5257,CameraRotation,350.0831,267.9481,0.157025,CurrentState,End,Slider,51,Scenario,5
ID,19,Time,1594.547,DronePosition,-20.40468,45,-107.379,0,CameraPosition,-103.2189,1.682797,-107.5258,CameraRotation,350.0714,267.9662,0.1830672,CurrentState,End,Slider,51,Scenario,5
ID,19,Time,1594.562,DronePosition,-20.40468,45,-107.379,0,CameraPosition,-103.2188,1.682816,-107.5259,CameraRotation,350.0657,268.0101,0.2156169,CurrentState,End,Slider,51,Scenario,5
ID,19,Time,1594.58,DronePosition,-20.40468,45,-107.379,0,CameraPosition,-103.2188,1.682833,-107.5259,CameraRotation,350.0652,268.0721,0.2555085,CurrentState,End,Slider,51,Scenario,5
ID,19,Time,1594.603,DronePosition,-20.40468,45,-107.379,0,CameraPosition,-103.2186,1.682792,-107.5259,CameraRotation,350.1391,268.2251,0.2938043,CurrentState,End,Slider,51,Scenario,5
ID,19,Time,1594.617,DronePosition,-20.40468,45,-107.379,0,CameraPosition,-103.2185,1.682746,-107.5259,CameraRotation,350.1738,268.3017,0.311609,CurrentState,End,Slider,51,Scenario,5
ID,19,Time,1594.631,DronePosition,-20.40468,45,-107.379,0,CameraPosition,-103.2184,1.682721,-107.5258,CameraRotation,350.1873,268.3715,0.3321709,CurrentState,End,Slider,51,Scenario,5
ID,19,Time,1594.645,DronePosition,-20.40468,45,-107.379,0,CameraPosition,-103.2183,1.682721,-107.5258,CameraRotation,350.1851,268.4235,0.3564035,CurrentState,End,Slider,51,Scenario,5
ID,19,Time,1594.659,DronePosition,-20.40468,45,-107.379,0,CameraPosition,-103.2182,1.682731,-107.5258,CameraRotation,350.1626,268.4641,0.3734339,CurrentState,End,Slider,51,Scenario,5
ID,19,Time,1594.672,DronePosition,-20.40468,45,-107.379,0,CameraPosition,-103.2181,1.682778,-107.5257,CameraRotation,350.1501,268.5053,0.375943,CurrentState,End,Slider,51,Scenario,5
ID,19,Time,1594.687,DronePosition,-20.40468,45,-107.379,0,CameraPosition,-103.218,1.682789,-107.5257,CameraRotation,350.1302,268.5257,0.380803,CurrentState,End,Slider,51,Scenario,5
ID,19,Time,1594.701,DronePosition,-20.40468,45,-107.379,0,CameraPosition,-103.2178,1.682784,-107.5257,CameraRotation,350.1447,268.5665,0.3804302,CurrentState,End,Slider,51,Scenario,5
ID,19,Time,1594.715,DronePosition,-20.40468,45,-107.379,0,CameraPosition,-103.2177,1.682778,-107.5256,CameraRotation,350.1633,268.6041,0.3543283,CurrentState,End,Slider,51,Scenario,5
ID,19,Time,1594.729,DronePosition,-20.40468,45,-107.379,0,CameraPosition,-103.2176,1.682758,-107.5255,CameraRotation,350.1792,268.6446,0.3606159,CurrentState,End,Slider,51,Scenario,5
ID,19,Time,1594.743,DronePosition,-20.40468,45,-107.379,0,CameraPosition,-103.2175,1.682738,-107.5254,CameraRotation,350.1896,268.6812,0.3525109,CurrentState,End,Slider,51,Scenario,5
ID,19,Time,1594.756,DronePosition,-20.40468,45,-107.379,0,CameraPosition,-103.2173,1.682698,-107.5253,CameraRotation,350.1935,268.7133,0.3394749,CurrentState,End,Slider,51,Scenario,5
ID,19,Time,1594.77,DronePosition,-20.40468,45,-107.379,0,CameraPosition,-103.2171,1.682703,-107.5252,CameraRotation,350.1984,268.7166,0.3389388,CurrentState,End,Slider,51,Scenario,5
ID,19,Time,1594.789,DronePosition,-20.40468,45,-107.379,0,CameraPosition,-103.217,1.682763,-107.5252,CameraRotation,350.1335,268.7228,0.3331216,CurrentState,End,Slider,51,Scenario,5
ID,19,Time,1594.812,DronePosition,-20.40468,45,-107.379,0,CameraPosition,-103.2167,1.682853,-107.5251,CameraRotation,350.0482,268.6715,0.1949421,CurrentState,End,Slider,51,Scenario,5
ID,19,Time,1594.826,DronePosition,-20.40468,45,-107.379,0,CameraPosition,-103.2165,1.682865,-107.5251,CameraRotation,350.0702,268.6379,0.1569592,CurrentState,End,Slider,51,Scenario,5
ID,19,Time,1594.84,DronePosition,-20.40468,45,-107.379,0,CameraPosition,-103.2163,1.682875,-107.5251,CameraRotation,350.0731,268.5867,0.1610259,CurrentState,End,Slider,51,Scenario,5
ID,19,Time,1594.853,DronePosition,-20.40468,45,-107.379,0,CameraPosition,-103.2161,1.682916,-107.5251,CameraRotation,350.064,268.5404,0.1777917,CurrentState,End,Slider,51,Scenario,5
ID,19,Time,1594.868,DronePosition,-20.40468,45,-107.379,0,CameraPosition,-103.2159,1.682929,-107.5251,CameraRotation,350.0399,268.5223,0.189658,CurrentState,End,Slider,51,Scenario,5
ID,19,Time,1594.882,DronePosition,-20.40468,45,-107.379,0,CameraPosition,-103.2157,1.682948,-107.5252,CameraRotation,350.0098,268.5313,0.1796405,CurrentState,End,Slider,51,Scenario,5
ID,19,Time,1594.896,DronePosition,-20.40468,45,-107.379,0,CameraPosition,-103.2155,1.682992,-107.5252,CameraRotation,349.9778,268.5508,0.1753544,CurrentState,End,Slider,51,Scenario,5
ID,19,Time,1594.909,DronePosition,-20.40468,45,-107.379,0,CameraPosition,-103.2153,1.683018,-107.5252,CameraRotation,349.9303,268.5632,0.1860992,CurrentState,End,Slider,51,Scenario,5
ID,19,Time,1594.923,DronePosition,-20.40468,45,-107.379,0,CameraPosition,-103.2151,1.683026,-107.5252,CameraRotation,349.896,268.5836,0.2012344,CurrentState,End,Slider,51,Scenario,5
ID,19,Time,1594.937,DronePosition,-20.40468,45,-107.379,0,CameraPosition,-103.2149,1.683042,-107.5252,CameraRotation,349.8822,268.5778,0.2255161,CurrentState,End,Slider,51,Scenario,5
ID,19,Time,1594.951,DronePosition,-20.40468,45,-107.379,0,CameraPosition,-103.2147,1.683078,-107.5253,CameraRotation,349.8606,268.5677,0.2328177,CurrentState,End,Slider,51,Scenario,5
ID,19,Time,1594.965,DronePosition,-20.40468,45,-107.379,0,CameraPosition,-103.2145,1.683105,-107.5254,CameraRotation,349.8595,268.5399,0.2439554,CurrentState,End,Slider,51,Scenario,5
ID,19,Time,1594.979,DronePosition,-20.40468,45,-107.379,0,CameraPosition,-103.2143,1.683127,-107.5254,CameraRotation,349.8672,268.5109,0.2626318,CurrentState,End,Slider,51,Scenario,5
ID,19,Time,1594.998,DronePosition,-20.40468,45,-107.379,0,CameraPosition,-103.2141,1.683141,-107.5255,CameraRotation,349.8615,268.4789,0.2650313,CurrentState,End,Slider,51,Scenario,5
ID,19,Time,1595.008,DronePosition,-20.40468,45,-107.379,0,CameraPosition,-103.2139,1.683145,-107.5256,CameraRotation,349.8556,268.4483,0.228783,CurrentState,End,Slider,51,Scenario,5
ID,19,Time,1595.021,DronePosition,-20.40468,45,-107.379,0,CameraPosition,-103.2137,1.683175,-107.5256,CameraRotation,349.8467,268.4201,0.2009839,CurrentState,End,Slider,51,Scenario,5
ID,19,Time,1595.035,DronePosition,-20.40468,45,-107.379,0,CameraPosition,-103.2135,1.683226,-107.5257,CameraRotation,349.8242,268.3821,0.2076807,CurrentState,End,Slider,51,Scenario,5
ID,19,Time,1595.048,DronePosition,-20.40468,45,-107.379,0,CameraPosition,-103.2134,1.683269,-107.5257,CameraRotation,349.7764,268.344,0.2139713,CurrentState,End,Slider,51,Scenario,5
ID,19,Time,1595.063,DronePosition,-20.40468,45,-107.379,0,CameraPosition,-103.2132,1.683301,-107.5258,CameraRotation,349.7439,268.3114,0.2250699,CurrentState,End,Slider,51,Scenario,5
ID,19,Time,1595.077,DronePosition,-20.40468,45,-107.379,0,CameraPosition,-103.2131,1.683337,-107.5259,CameraRotation,349.7095,268.3008,0.2273232,CurrentState,End,Slider,51,Scenario,5
ID,19,Time,1595.09,DronePosition,-20.40468,45,-107.379,0,CameraPosition,-103.2129,1.683377,-107.5259,CameraRotation,349.6883,268.2908,0.2247706,CurrentState,End,Slider,51,Scenario,5
ID,19,Time,1595.105,DronePosition,-20.40468,45,-107.379,0,CameraPosition,-103.2127,1.683423,-107.5259,CameraRotation,349.6751,268.2816,0.2117648,CurrentState,End,Slider,51,Scenario,5
ID,19,Time,1595.119,DronePosition,-20.40468,45,-107.379,0,CameraPosition,-103.2126,1.683444,-107.526,CameraRotation,349.6681,268.2861,0.2087403,CurrentState,End,Slider,51,Scenario,5
ID,19,Time,1595.132,DronePosition,-20.40468,45,-107.379,0,CameraPosition,-103.2124,1.683458,-107.526,CameraRotation,349.6565,268.2802,0.2051575,CurrentState,End,Slider,51,Scenario,5
ID,19,Time,1595.146,DronePosition,-20.40468,45,-107.379,0,CameraPosition,-103.2123,1.68348,-107.526,CameraRotation,349.6425,268.276,0.2007568,CurrentState,End,Slider,51,Scenario,5
ID,19,Time,1595.16,DronePosition,-20.40468,45,-107.379,0,CameraPosition,-103.2122,1.683506,-107.526,CameraRotation,349.6186,268.2783,0.1873743,CurrentState,End,Slider,51,Scenario,5
ID,19,Time,1595.174,DronePosition,-20.40468,45,-107.379,0,CameraPosition,-103.2121,1.683527,-107.5261,CameraRotation,349.5854,268.2749,0.1690769,CurrentState,End,Slider,51,Scenario,5
ID,19,Time,1595.188,DronePosition,-20.40468,45,-107.379,0,CameraPosition,-103.212,1.683538,-107.5261,CameraRotation,349.5606,268.2768,0.1622212,CurrentState,End,Slider,51,Scenario,5
ID,19,Time,1595.207,DronePosition,-20.40468,45,-107.379,0,CameraPosition,-103.2119,1.683564,-107.5261,CameraRotation,349.5562,268.2908,0.1467845,CurrentState,End,Slider,51,Scenario,5
ID,19,Time,1595.229,DronePosition,-20.40468,45,-107.379,0,CameraPosition,-103.2118,1.683526,-107.526,CameraRotation,349.5607,268.3069,0.1388384,CurrentState,End,Slider,51,Scenario,5
ID,19,Time,1595.243,DronePosition,-20.40468,45,-107.379,0,CameraPosition,-103.2117,1.683486,-107.526,CameraRotation,349.5781,268.3268,0.1252146,CurrentState,End,Slider,51,Scenario,5
ID,19,Time,1595.257,DronePosition,-20.40468,45,-107.379,0,CameraPosition,-103.2116,1.683454,-107.526,CameraRotation,349.5897,268.3422,0.1085608,CurrentState,End,Slider,51,Scenario,5
ID,19,Time,1595.271,DronePosition,-20.40468,45,-107.379,0,CameraPosition,-103.2116,1.683452,-107.5259,CameraRotation,349.5967,268.3587,0.09018452,CurrentState,End,Slider,51,Scenario,5
ID,19,Time,1595.285,DronePosition,-20.40468,45,-107.379,0,CameraPosition,-103.2115,1.683452,-107.5259,CameraRotation,349.5898,268.3839,0.08265912,CurrentState,End,Slider,51,Scenario,5
ID,19,Time,1595.299,DronePosition,-20.40468,45,-107.379,0,CameraPosition,-103.2115,1.683434,-107.5258,CameraRotation,349.5849,268.4196,0.07081072,CurrentState,End,Slider,51,Scenario,5
ID,19,Time,1595.313,DronePosition,-20.40468,45,-107.379,0,CameraPosition,-103.2115,1.683409,-107.5258,CameraRotation,349.5949,268.4542,0.06040359,CurrentState,End,Slider,51,Scenario,5
ID,19,Time,1595.327,DronePosition,-20.40468,45,-107.379,0,CameraPosition,-103.2114,1.68337,-107.5257,CameraRotation,349.6029,268.5036,0.06336244,CurrentState,End,Slider,51,Scenario,5
ID,19,Time,1595.341,DronePosition,-20.40468,45,-107.379,0,CameraPosition,-103.2113,1.683337,-107.5257,CameraRotation,349.6159,268.54,0.07728063,CurrentState,End,Slider,51,Scenario,5
ID,19,Time,1595.355,DronePosition,-20.40468,45,-107.379,0,CameraPosition,-103.2113,1.6833,-107.5256,CameraRotation,349.6393,268.5782,0.06858911,CurrentState,End,Slider,51,Scenario,5
ID,19,Time,1595.369,DronePosition,-20.40468,45,-107.379,0,CameraPosition,-103.2113,1.683272,-107.5256,CameraRotation,349.6558,268.6052,0.06558913,CurrentState,End,Slider,51,Scenario,5
ID,19,Time,1595.383,DronePosition,-20.40468,45,-107.379,0,CameraPosition,-103.2112,1.683229,-107.5255,CameraRotation,349.6606,268.6097,0.06631584,CurrentState,End,Slider,51,Scenario,5
ID,19,Time,1595.397,DronePosition,-20.40468,45,-107.379,0,CameraPosition,-103.2112,1.683219,-107.5255,CameraRotation,349.679,268.613,0.04786393,CurrentState,End,Slider,51,Scenario,5
ID,19,Time,1595.416,DronePosition,-20.40468,45,-107.379,0,CameraPosition,-103.2112,1.683233,-107.5255,CameraRotation,349.6943,268.6133,0.06092853,CurrentState,End,Slider,51,Scenario,5
ID,19,Time,1595.438,DronePosition,-20.40468,45,-107.379,0,CameraPosition,-103.2111,1.683321,-107.5254,CameraRotation,349.6474,268.6395,-0.004383342,CurrentState,End,Slider,51,Scenario,5
ID,19,Time,1595.452,DronePosition,-20.40468,45,-107.379,0,CameraPosition,-103.2111,1.68331,-107.5254,CameraRotation,349.6505,268.6546,359.937,CurrentState,End,Slider,51,Scenario,5
ID,19,Time,1595.466,DronePosition,-20.40468,45,-107.379,0,CameraPosition,-103.2111,1.683281,-107.5253,CameraRotation,349.6839,268.6695,359.9346,CurrentState,End,Slider,51,Scenario,5
ID,19,Time,1595.48,DronePosition,-20.40468,45,-107.379,0,CameraPosition,-103.211,1.683264,-107.5253,CameraRotation,349.7103,268.692,359.9547,CurrentState,End,Slider,51,Scenario,5
ID,19,Time,1595.494,DronePosition,-20.40468,45,-107.379,0,CameraPosition,-103.211,1.683238,-107.5253,CameraRotation,349.7097,268.6996,-0.005018087,CurrentState,End,Slider,51,Scenario,5
ID,19,Time,1595.508,DronePosition,-20.40468,45,-107.379,0,CameraPosition,-103.2109,1.683236,-107.5253,CameraRotation,349.711,268.7065,0.01471362,CurrentState,End,Slider,51,Scenario,5
ID,19,Time,1595.522,DronePosition,-20.40468,45,-107.379,0,CameraPosition,-103.2109,1.683232,-107.5253,CameraRotation,349.6941,268.7223,0.02206358,CurrentState,End,Slider,51,Scenario,5
ID,19,Time,1595.536,DronePosition,-20.40468,45,-107.379,0,CameraPosition,-103.2108,1.683245,-107.5254,CameraRotation,349.6566,268.7274,0.02374251,CurrentState,End,Slider,51,Scenario,5
ID,19,Time,1595.55,DronePosition,-20.40468,45,-107.379,0,CameraPosition,-103.2108,1.683267,-107.5254,CameraRotation,349.6342,268.7233,0.0233315,CurrentState,End,Slider,51,Scenario,5
ID,19,Time,1595.564,DronePosition,-20.40468,45,-107.379,0,CameraPosition,-103.2108,1.6833,-107.5254,CameraRotation,349.6313,268.712,0.02794616,CurrentState,End,Slider,51,Scenario,5
ID,19,Time,1595.578,DronePosition,-20.40468,45,-107.379,0,CameraPosition,-103.2107,1.683328,-107.5254,CameraRotation,349.6373,268.7007,0.03147594,CurrentState,End,Slider,51,Scenario,5
ID,19,Time,1595.592,DronePosition,-20.40468,45,-107.379,0,CameraPosition,-103.2107,1.683342,-107.5255,CameraRotation,349.6404,268.7047,0.01130469,CurrentState,End,Slider,51,Scenario,5
ID,19,Time,1595.606,DronePosition,-20.40468,45,-107.379,0,CameraPosition,-103.2106,1.683336,-107.5255,CameraRotation,349.6544,268.6903,0.0260378,CurrentState,End,Slider,51,Scenario,5
ID,19,Time,1595.624,DronePosition,-20.40468,45,-107.379,0,CameraPosition,-103.2106,1.68332,-107.5255,CameraRotation,349.6516,268.6881,0.04302005,CurrentState,End,Slider,51,Scenario,5
ID,19,Time,1595.647,DronePosition,-20.40468,45,-107.379,0,CameraPosition,-103.2105,1.683361,-107.5256,CameraRotation,349.6278,268.6908,0.007118115,CurrentState,End,Slider,51,Scenario,5
ID,19,Time,1595.661,DronePosition,-20.40468,45,-107.379,0,CameraPosition,-103.2105,1.683448,-107.5256,CameraRotation,349.6072,268.7019,0.004602211,CurrentState,End,Slider,51,Scenario,5
ID,19,Time,1595.675,DronePosition,-20.40468,45,-107.379,0,CameraPosition,-103.2105,1.683487,-107.5256,CameraRotation,349.5758,268.6985,0.0217034,CurrentState,End,Slider,51,Scenario,5
ID,19,Time,1595.689,DronePosition,-20.40468,45,-107.379,0,CameraPosition,-103.2105,1.683525,-107.5256,CameraRotation,349.5621,268.6906,0.0283096,CurrentState,End,Slider,51,Scenario,5
ID,19,Time,1595.703,DronePosition,-20.40468,45,-107.379,0,CameraPosition,-103.2105,1.683543,-107.5257,CameraRotation,349.5587,268.6813,0.03234984,CurrentState,End,Slider,51,Scenario,5
ID,19,Time,1595.717,DronePosition,-20.40468,45,-107.379,0,CameraPosition,-103.2105,1.683543,-107.5257,CameraRotation,349.551,268.6668,0.04124939,CurrentState,End,Slider,51,Scenario,5
ID,19,Time,1595.731,DronePosition,-20.40468,45,-107.379,0,CameraPosition,-103.2105,1.683558,-107.5258,CameraRotation,349.5519,268.6694,0.04766592,CurrentState,End,Slider,51,Scenario,5
ID,19,Time,1595.745,DronePosition,-20.40468,45,-107.379,0,CameraPosition,-103.2106,1.683568,-107.5259,CameraRotation,349.5545,268.661,0.05241566,CurrentState,End,Slider,51,Scenario,5
ID,19,Time,1595.759,DronePosition,-20.40468,45,-107.379,0,CameraPosition,-103.2106,1.683556,-107.5259,CameraRotation,349.5599,268.6447,0.05932041,CurrentState,End,Slider,51,Scenario,5
ID,19,Time,1595.773,DronePosition,-20.40468,45,-107.379,0,CameraPosition,-103.2107,1.683536,-107.526,CameraRotation,349.5688,268.6253,0.08215249,CurrentState,End,Slider,51,Scenario,5
ID,19,Time,1595.787,DronePosition,-20.40468,45,-107.379,0,CameraPosition,-103.2107,1.683531,-107.5261,CameraRotation,349.572,268.5996,0.1096075,CurrentState,End,Slider,51,Scenario,5
ID,19,Time,1595.801,DronePosition,-20.40468,45,-107.379,0,CameraPosition,-103.2108,1.683521,-107.5261,CameraRotation,349.5575,268.5793,0.1196393,CurrentState,End,Slider,51,Scenario,5
ID,19,Time,1595.815,DronePosition,-20.40468,45,-107.379,0,CameraPosition,-103.2108,1.683515,-107.5262,CameraRotation,349.5513,268.5527,0.1335785,CurrentState,End,Slider,51,Scenario,5
ID,19,Time,1595.833,DronePosition,-20.40468,45,-107.379,0,CameraPosition,-103.2109,1.683508,-107.5263,CameraRotation,349.5515,268.5239,0.1397632,CurrentState,End,Slider,51,Scenario,5
ID,19,Time,1595.856,DronePosition,-20.40468,45,-107.379,0,CameraPosition,-103.2111,1.683497,-107.5264,CameraRotation,349.557,268.4828,0.1526763,CurrentState,End,Slider,51,Scenario,5
ID,19,Time,1595.87,DronePosition,-20.40468,45,-107.379,0,CameraPosition,-103.2112,1.68347,-107.5264,CameraRotation,349.5727,268.4705,0.161987,CurrentState,End,Slider,51,Scenario,5
ID,19,Time,1595.884,DronePosition,-20.40468,45,-107.379,0,CameraPosition,-103.2113,1.683443,-107.5264,CameraRotation,349.5968,268.4609,0.1746987,CurrentState,End,Slider,51,Scenario,5
ID,19,Time,1595.898,DronePosition,-20.40468,45,-107.379,0,CameraPosition,-103.2114,1.68342,-107.5264,CameraRotation,349.6084,268.4676,0.1884095,CurrentState,End,Slider,51,Scenario,5
ID,19,Time,1595.912,DronePosition,-20.40468,45,-107.379,0,CameraPosition,-103.2115,1.683419,-107.5264,CameraRotation,349.6167,268.4821,0.1992713,CurrentState,End,Slider,51,Scenario,5
ID,19,Time,1595.926,DronePosition,-20.40468,45,-107.379,0,CameraPosition,-103.2117,1.683397,-107.5264,CameraRotation,349.6237,268.5002,0.2136418,CurrentState,End,Slider,51,Scenario,5
ID,19,Time,1595.94,DronePosition,-20.40468,45,-107.379,0,CameraPosition,-103.2118,1.683374,-107.5263,CameraRotation,349.6542,268.5319,0.215431,CurrentState,End,Slider,51,Scenario,5
ID,19,Time,1595.954,DronePosition,-20.40468,45,-107.379,0,CameraPosition,-103.2119,1.683331,-107.5263,CameraRotation,349.6816,268.5739,0.2162071,CurrentState,End,Slider,51,Scenario,5
ID,19,Time,1595.968,DronePosition,-20.40468,45,-107.379,0,CameraPosition,-103.212,1.683268,-107.5262,CameraRotation,349.7018,268.6154,0.2231301,CurrentState,End,Slider,51,Scenario,5
ID,19,Time,1595.981,DronePosition,-20.40468,45,-107.379,0,CameraPosition,-103.2121,1.683218,-107.5262,CameraRotation,349.7268,268.659,0.2343603,CurrentState,End,Slider,51,Scenario,5
ID,19,Time,1595.996,DronePosition,-20.40468,45,-107.379,0,CameraPosition,-103.2122,1.683189,-107.5261,CameraRotation,349.7494,268.6888,0.2307061,CurrentState,End,Slider,51,Scenario,5
ID,19,Time,1596.009,DronePosition,-20.40468,45,-107.379,0,CameraPosition,-103.2123,1.683152,-107.526,CameraRotation,349.7692,268.7201,0.2188032,CurrentState,End,Slider,51,Scenario,5
ID,19,Time,1596.026,DronePosition,-20.40468,45,-107.379,0,CameraPosition,-103.2123,1.68312,-107.526,CameraRotation,349.7859,268.72,0.2181966,CurrentState,End,Slider,51,Scenario,5
ID,19,Time,1596.042,DronePosition,-20.40468,45,-107.379,0,CameraPosition,-103.2124,1.683103,-107.526,CameraRotation,349.7907,268.7157,0.2127402,CurrentState,End,Slider,51,Scenario,5
ID,19,Time,1596.065,DronePosition,-20.40468,45,-107.379,0,CameraPosition,-103.2126,1.683136,-107.526,CameraRotation,349.7856,268.6267,0.2210315,CurrentState,End,Slider,51,Scenario,5
ID,19,Time,1596.079,DronePosition,-20.40468,45,-107.379,0,CameraPosition,-103.2127,1.683174,-107.526,CameraRotation,349.7521,268.5817,0.2017199,CurrentState,End,Slider,51,Scenario,5
ID,19,Time,1596.093,DronePosition,-20.40468,45,-107.379,0,CameraPosition,-103.2128,1.68319,-107.526,CameraRotation,349.7332,268.5393,0.1355322,CurrentState,End,Slider,51,Scenario,5
ID,19,Time,1596.107,DronePosition,-20.40468,45,-107.379,0,CameraPosition,-103.2129,1.68317,-107.5261,CameraRotation,349.7585,268.5139,0.1030454,CurrentState,End,Slider,51,Scenario,5
ID,19,Time,1596.121,DronePosition,-20.40468,45,-107.379,0,CameraPosition,-103.2129,1.68314,-107.5261,CameraRotation,349.8028,268.4715,0.1245124,CurrentState,End,Slider,51,Scenario,5
ID,19,Time,1596.134,DronePosition,-20.40468,45,-107.379,0,CameraPosition,-103.2129,1.683107,-107.5261,CameraRotation,349.8402,268.4435,0.1565717,CurrentState,End,Slider,51,Scenario,5
ID,19,Time,1596.148,DronePosition,-20.40468,45,-107.379,0,CameraPosition,-103.213,1.683076,-107.5261,CameraRotation,349.8651,268.4352,0.1827354,CurrentState,End,Slider,51,Scenario,5
ID,19,Time,1596.163,DronePosition,-20.40468,45,-107.379,0,CameraPosition,-103.213,1.683051,-107.5261,CameraRotation,349.8688,268.4492,0.1999214,CurrentState,End,Slider,51,Scenario,5
ID,19,Time,1596.177,DronePosition,-20.40468,45,-107.379,0,CameraPosition,-103.213,1.683054,-107.526,CameraRotation,349.8725,268.4645,0.2061169,CurrentState,End,Slider,51,Scenario,5
ID,19,Time,1596.19,DronePosition,-20.40468,45,-107.379,0,CameraPosition,-103.213,1.683043,-107.526,CameraRotation,349.8533,268.4872,0.2188488,CurrentState,End,Slider,51,Scenario,5
ID,19,Time,1596.205,DronePosition,-20.40468,45,-107.379,0,CameraPosition,-103.213,1.683027,-107.5259,CameraRotation,349.8423,268.4945,0.2445897,CurrentState,End,Slider,51,Scenario,5
ID,19,Time,1596.218,DronePosition,-20.40468,45,-107.379,0,CameraPosition,-103.213,1.683,-107.5259,CameraRotation,349.8325,268.4953,0.2525889,CurrentState,End,Slider,51,Scenario,5
ID,19,Time,1596.232,DronePosition,-20.40468,45,-107.379,0,CameraPosition,-103.213,1.683001,-107.5259,CameraRotation,349.8452,268.4728,0.24098,CurrentState,End,Slider,51,Scenario,5
ID,19,Time,1596.251,DronePosition,-20.40468,45,-107.379,0,CameraPosition,-103.2129,1.682983,-107.5259,CameraRotation,349.8513,268.4333,0.2337152,CurrentState,End,Slider,51,Scenario,5
ID,19,Time,1596.273,DronePosition,-20.40468,45,-107.379,0,CameraPosition,-103.2128,1.683003,-107.526,CameraRotation,349.844,268.313,0.2662397,CurrentState,End,Slider,51,Scenario,5
ID,19,Time,1596.287,DronePosition,-20.40468,45,-107.379,0,CameraPosition,-103.2128,1.683038,-107.5261,CameraRotation,349.7975,268.2424,0.2546709,CurrentState,End,Slider,51,Scenario,5
ID,19,Time,1596.301,DronePosition,-20.40468,45,-107.379,0,CameraPosition,-103.2127,1.683096,-107.5262,CameraRotation,349.7575,268.1746,0.2309717,CurrentState,End,Slider,51,Scenario,5
ID,19,Time,1596.316,DronePosition,-20.40468,45,-107.379,0,CameraPosition,-103.2127,1.683153,-107.5263,CameraRotation,349.7146,268.1017,0.2551157,CurrentState,End,Slider,51,Scenario,5
ID,19,Time,1596.329,DronePosition,-20.40468,45,-107.379,0,CameraPosition,-103.2126,1.683219,-107.5264,CameraRotation,349.6719,268.0503,0.2702187,CurrentState,End,Slider,51,Scenario,5
ID,19,Time,1596.344,DronePosition,-20.40468,45,-107.379,0,CameraPosition,-103.2126,1.683258,-107.5264,CameraRotation,349.6273,267.99,0.2853329,CurrentState,End,Slider,51,Scenario,5
ID,19,Time,1596.357,DronePosition,-20.40468,45,-107.379,0,CameraPosition,-103.2125,1.683297,-107.5264,CameraRotation,349.6074,267.9587,0.2894433,CurrentState,End,Slider,51,Scenario,5
ID,19,Time,1596.372,DronePosition,-20.40468,45,-107.379,0,CameraPosition,-103.2124,1.683323,-107.5264,CameraRotation,349.5934,267.9377,0.2810175,CurrentState,End,Slider,51,Scenario,5
ID,19,Time,1596.385,DronePosition,-20.40468,45,-107.379,0,CameraPosition,-103.2124,1.683319,-107.5264,CameraRotation,349.5899,267.9411,0.2766464,CurrentState,End,Slider,51,Scenario,5
ID,19,Time,1596.399,DronePosition,-20.40468,45,-107.379,0,CameraPosition,-103.2123,1.683298,-107.5263,CameraRotation,349.5851,267.9507,0.2749571,CurrentState,End,Slider,51,Scenario,5
ID,19,Time,1596.413,DronePosition,-20.40468,45,-107.379,0,CameraPosition,-103.2123,1.683286,-107.5262,CameraRotation,349.5952,267.9702,0.2731226,CurrentState,End,Slider,51,Scenario,5
ID,19,Time,1596.427,DronePosition,-20.40468,45,-107.379,0,CameraPosition,-103.2123,1.683273,-107.5262,CameraRotation,349.5874,268.0025,0.2660872,CurrentState,End,Slider,51,Scenario,5
ID,19,Time,1596.441,DronePosition,-20.40468,45,-107.379,0,CameraPosition,-103.2123,1.68329,-107.5261,CameraRotation,349.5701,268.019,0.2622883,CurrentState,End,Slider,51,Scenario,5
ID,19,Time,1596.46,DronePosition,-20.40468,45,-107.379,0,CameraPosition,-103.2122,1.683317,-107.5261,CameraRotation,349.5465,268.0326,0.2661477,CurrentState,End,Slider,51,Scenario,5
ID,19,Time,1596.483,DronePosition,-20.40468,45,-107.379,0,CameraPosition,-103.2122,1.683333,-107.526,CameraRotation,349.5363,268.0388,0.2576375,CurrentState,End,Slider,51,Scenario,5
ID,19,Time,1596.496,DronePosition,-20.40468,45,-107.379,0,CameraPosition,-103.2122,1.683327,-107.526,CameraRotation,349.534,268.0188,0.2605094,CurrentState,End,Slider,51,Scenario,5
ID,19,Time,1596.51,DronePosition,-20.40468,45,-107.379,0,CameraPosition,-103.2122,1.68334,-107.526,CameraRotation,349.5414,267.9977,0.2552175,CurrentState,End,Slider,51,Scenario,5
ID,19,Time,1596.524,DronePosition,-20.40468,45,-107.379,0,CameraPosition,-103.2122,1.683356,-107.5259,CameraRotation,349.5483,267.9874,0.2544439,CurrentState,End,Slider,51,Scenario,5
ID,19,Time,1596.539,DronePosition,-20.40468,45,-107.379,0,CameraPosition,-103.2122,1.683372,-107.5259,CameraRotation,349.5584,267.9836,0.2482257,CurrentState,End,Slider,51,Scenario,5
ID,19,Time,1596.552,DronePosition,-20.40468,45,-107.379,0,CameraPosition,-103.2122,1.683366,-107.5258,CameraRotation,349.5625,267.9926,0.2501862,CurrentState,End,Slider,51,Scenario,5
ID,19,Time,1596.566,DronePosition,-20.40468,45,-107.379,0,CameraPosition,-103.2122,1.68337,-107.5258,CameraRotation,349.5674,268.0056,0.242004,CurrentState,End,Slider,51,Scenario,5
ID,19,Time,1596.58,DronePosition,-20.40468,45,-107.379,0,CameraPosition,-103.2122,1.683353,-107.5257,CameraRotation,349.561,268.0291,0.2393142,CurrentState,End,Slider,51,Scenario,5
ID,19,Time,1596.594,DronePosition,-20.40468,45,-107.379,0,CameraPosition,-103.2122,1.683361,-107.5257,CameraRotation,349.5638,268.053,0.240962,CurrentState,End,Slider,51,Scenario,5
ID,19,Time,1596.608,DronePosition,-20.40468,45,-107.379,0,CameraPosition,-103.2122,1.683358,-107.5256,CameraRotation,349.5517,268.0745,0.248426,CurrentState,End,Slider,51,Scenario,5
ID,19,Time,1596.622,DronePosition,-20.40468,45,-107.379,0,CameraPosition,-103.2121,1.683356,-107.5255,CameraRotation,349.553,268.1022,0.2577439,CurrentState,End,Slider,51,Scenario,5
ID,19,Time,1596.636,DronePosition,-20.40468,45,-107.379,0,CameraPosition,-103.2121,1.683336,-107.5254,CameraRotation,349.5593,268.1153,0.2486912,CurrentState,End,Slider,51,Scenario,5
ID,19,Time,1596.65,DronePosition,-20.40468,45,-107.379,0,CameraPosition,-103.2121,1.683317,-107.5254,CameraRotation,349.575,268.1426,0.2534615,CurrentState,End,Slider,51,Scenario,5
ID,19,Time,1596.669,DronePosition,-20.40468,45,-107.379,0,CameraPosition,-103.2121,1.683275,-107.5254,CameraRotation,349.5794,268.1533,0.2559337,CurrentState,End,Slider,51,Scenario,5
ID,19,Time,1596.691,DronePosition,-20.40468,45,-107.379,0,CameraPosition,-103.212,1.683261,-107.5253,CameraRotation,349.6125,268.1649,0.2739399,CurrentState,End,Slider,51,Scenario,5
ID,19,Time,1596.705,DronePosition,-20.40468,45,-107.379,0,CameraPosition,-103.212,1.683314,-107.5253,CameraRotation,349.6034,268.1762,0.2902852,CurrentState,End,Slider,51,Scenario,5
ID,19,Time,1596.719,DronePosition,-20.40468,45,-107.379,0,CameraPosition,-103.212,1.683368,-107.5252,CameraRotation,349.5534,268.2039,0.2588874,CurrentState,End,Slider,51,Scenario,5
ID,19,Time,1596.733,DronePosition,-20.40468,45,-107.379,0,CameraPosition,-103.212,1.68339,-107.5252,CameraRotation,349.5502,268.236,0.1808529,CurrentState,End,Slider,51,Scenario,5
ID,19,Time,1596.747,DronePosition,-20.40468,45,-107.379,0,CameraPosition,-103.2119,1.683348,-107.5251,CameraRotation,349.5831,268.2639,0.1610045,CurrentState,End,Slider,51,Scenario,5
ID,19,Time,1596.761,DronePosition,-20.40468,45,-107.379,0,CameraPosition,-103.2118,1.68331,-107.5251,CameraRotation,349.6381,268.2922,0.1804713,CurrentState,End,Slider,51,Scenario,5
ID,19,Time,1596.775,DronePosition,-20.40468,45,-107.379,0,CameraPosition,-103.2117,1.683259,-107.5251,CameraRotation,349.667,268.3185,0.2194161,CurrentState,End,Slider,51,Scenario,5
ID,19,Time,1596.789,DronePosition,-20.40468,45,-107.379,0,CameraPosition,-103.2116,1.683221,-107.525,CameraRotation,349.6875,268.3503,0.2420942,CurrentState,End,Slider,51,Scenario,5
ID,19,Time,1596.803,DronePosition,-20.40468,45,-107.379,0,CameraPosition,-103.2115,1.683188,-107.525,CameraRotation,349.6981,268.3907,0.2450695,CurrentState,End,Slider,51,Scenario,5
ID,19,Time,1596.817,DronePosition,-20.40468,45,-107.379,0,CameraPosition,-103.2115,1.68318,-107.525,CameraRotation,349.6887,268.4188,0.2496093,CurrentState,End,Slider,51,Scenario,5
ID,19,Time,1596.831,DronePosition,-20.40468,45,-107.379,0,CameraPosition,-103.2114,1.683212,-107.525,CameraRotation,349.6651,268.4279,0.2540168,CurrentState,End,Slider,51,Scenario,5
ID,19,Time,1596.845,DronePosition,-20.40468,45,-107.379,0,CameraPosition,-103.2113,1.683226,-107.525,CameraRotation,349.6448,268.4213,0.2719645,CurrentState,End,Slider,51,Scenario,5
ID,19,Time,1596.859,DronePosition,-20.40468,45,-107.379,0,CameraPosition,-103.2112,1.683232,-107.5251,CameraRotation,349.6383,268.3882,0.2733922,CurrentState,End,Slider,51,Scenario,5
ID,19,Time,1596.878,DronePosition,-20.40468,45,-107.379,0,CameraPosition,-103.2111,1.683242,-107.5251,CameraRotation,349.6291,268.3628,0.2549669,CurrentState,End,Slider,51,Scenario,5
ID,19,Time,1596.9,DronePosition,-20.40468,45,-107.379,0,CameraPosition,-103.2108,1.683221,-107.5253,CameraRotation,349.6342,268.3019,0.2507653,CurrentState,End,Slider,51,Scenario,5
ID,19,Time,1596.914,DronePosition,-20.40468,45,-107.379,0,CameraPosition,-103.2107,1.683225,-107.5253,CameraRotation,349.6174,268.277,0.2649883,CurrentState,End,Slider,51,Scenario,5
ID,19,Time,1596.928,DronePosition,-20.40468,45,-107.379,0,CameraPosition,-103.2105,1.683275,-107.5253,CameraRotation,349.5879,268.266,0.250464,CurrentState,End,Slider,51,Scenario,5
ID,19,Time,1596.942,DronePosition,-20.40468,45,-107.379,0,CameraPosition,-103.2103,1.683334,-107.5254,CameraRotation,349.577,268.2593,0.2286243,CurrentState,End,Slider,51,Scenario,5
ID,19,Time,1596.956,DronePosition,-20.40468,45,-107.379,0,CameraPosition,-103.2101,1.683355,-107.5254,CameraRotation,349.5633,268.2425,0.2473593,CurrentState,End,Slider,51,Scenario,5
ID,19,Time,1596.97,DronePosition,-20.40468,45,-107.379,0,CameraPosition,-103.21,1.683386,-107.5255,CameraRotation,349.5549,268.2251,0.2607714,CurrentState,End,Slider,51,Scenario,5
ID,19,Time,1596.984,DronePosition,-20.40468,45,-107.379,0,CameraPosition,-103.2098,1.683401,-107.5255,CameraRotation,349.5484,268.2076,0.2795765,CurrentState,End,Slider,51,Scenario,5
ID,19,Time,1596.998,DronePosition,-20.40468,45,-107.379,0,CameraPosition,-103.2097,1.68341,-107.5256,CameraRotation,349.5427,268.1965,0.2932642,CurrentState,End,Slider,51,Scenario,5
ID,19,Time,1597.012,DronePosition,-20.40468,45,-107.379,0,CameraPosition,-103.2095,1.683426,-107.5257,CameraRotation,349.535,268.1863,0.2861728,CurrentState,End,Slider,51,Scenario,5
ID,19,Time,1597.027,DronePosition,-20.40468,45,-107.379,0,CameraPosition,-103.2094,1.683426,-107.5257,CameraRotation,349.5146,268.1689,0.3027407,CurrentState,End,Slider,51,Scenario,5
ID,19,Time,1597.041,DronePosition,-20.40468,45,-107.379,0,CameraPosition,-103.2092,1.683466,-107.5258,CameraRotation,349.4852,268.1505,0.3103556,CurrentState,End,Slider,51,Scenario,5
ID,19,Time,1597.054,DronePosition,-20.40468,45,-107.379,0,CameraPosition,-103.209,1.683494,-107.5259,CameraRotation,349.4438,268.1309,0.3254282,CurrentState,End,Slider,51,Scenario,5
ID,19,Time,1597.068,DronePosition,-20.40468,45,-107.379,0,CameraPosition,-103.2088,1.683536,-107.526,CameraRotation,349.4165,268.1015,0.3213892,CurrentState,End,Slider,51,Scenario,5
ID,19,Time,1597.086,DronePosition,-20.40468,45,-107.379,0,CameraPosition,-103.2087,1.683582,-107.526,CameraRotation,349.4025,268.079,0.3172832,CurrentState,End,Slider,51,Scenario,5
ID,19,Time,1597.109,DronePosition,-20.40468,45,-107.379,0,CameraPosition,-103.2084,1.683656,-107.5261,CameraRotation,349.3813,268.0417,0.3072361,CurrentState,End,Slider,51,Scenario,5
ID,19,Time,1597.123,DronePosition,-20.40468,45,-107.379,0,CameraPosition,-103.2082,1.683667,-107.5262,CameraRotation,349.3708,268.0342,0.3133593,CurrentState,End,Slider,51,Scenario,5
ID,19,Time,1597.137,DronePosition,-20.40468,45,-107.379,0,CameraPosition,-103.208,1.683676,-107.5262,CameraRotation,349.3672,268.0283,0.3282685,CurrentState,End,Slider,51,Scenario,5
ID,19,Time,1597.151,DronePosition,-20.40468,45,-107.379,0,CameraPosition,-103.2078,1.683697,-107.5263,CameraRotation,349.3543,268.0258,0.3350243,CurrentState,End,Slider,51,Scenario,5
ID,19,Time,1597.165,DronePosition,-20.40468,45,-107.379,0,CameraPosition,-103.2076,1.683735,-107.5264,CameraRotation,349.337,268.0181,0.3438885,CurrentState,End,Slider,51,Scenario,5
ID,19,Time,1597.179,DronePosition,-20.40468,45,-107.379,0,CameraPosition,-103.2074,1.683764,-107.5264,CameraRotation,349.3235,268.0082,0.3541073,CurrentState,End,Slider,51,Scenario,5
ID,19,Time,1597.193,DronePosition,-20.40468,45,-107.379,0,CameraPosition,-103.2072,1.683787,-107.5265,CameraRotation,349.3214,267.9974,0.3603927,CurrentState,End,Slider,51,Scenario,5
ID,19,Time,1597.207,DronePosition,-20.40468,45,-107.379,0,CameraPosition,-103.207,1.683805,-107.5266,CameraRotation,349.3031,267.9832,0.3666323,CurrentState,End,Slider,51,Scenario,5
ID,19,Time,1597.221,DronePosition,-20.40468,45,-107.379,0,CameraPosition,-103.2069,1.683822,-107.5266,CameraRotation,349.2835,267.9675,0.3692554,CurrentState,End,Slider,51,Scenario,5
ID,19,Time,1597.235,DronePosition,-20.40468,45,-107.379,0,CameraPosition,-103.2067,1.68386,-107.5267,CameraRotation,349.2801,267.9626,0.361236,CurrentState,End,Slider,51,Scenario,5
ID,19,Time,1597.249,DronePosition,-20.40468,45,-107.379,0,CameraPosition,-103.2065,1.683894,-107.5267,CameraRotation,349.2602,267.9628,0.3653958,CurrentState,End,Slider,51,Scenario,5
ID,19,Time,1597.262,DronePosition,-20.40468,45,-107.379,0,CameraPosition,-103.2063,1.683923,-107.5267,CameraRotation,349.2469,267.9804,0.3791726,CurrentState,End,Slider,51,Scenario,5
ID,19,Time,1597.276,DronePosition,-20.40468,45,-107.379,0,CameraPosition,-103.2062,1.683933,-107.5267,CameraRotation,349.2402,268.0052,0.3724391,CurrentState,End,Slider,51,Scenario,5
ID,19,Time,1597.295,DronePosition,-20.40468,45,-107.379,0,CameraPosition,-103.206,1.683962,-107.5268,CameraRotation,349.2351,268.032,0.3782209,CurrentState,End,Slider,51,Scenario,5
ID,19,Time,1597.318,DronePosition,-20.40468,45,-107.379,0,CameraPosition,-103.2056,1.684003,-107.5268,CameraRotation,349.2065,268.0729,0.3871215,CurrentState,End,Slider,51,Scenario,5
ID,19,Time,1597.332,DronePosition,-20.40468,45,-107.379,0,CameraPosition,-103.2055,1.684073,-107.5268,CameraRotation,349.2069,268.0897,0.401558,CurrentState,End,Slider,51,Scenario,5
ID,19,Time,1597.346,DronePosition,-20.40468,45,-107.379,0,CameraPosition,-103.2053,1.684203,-107.5268,CameraRotation,349.1677,268.0996,0.4121097,CurrentState,End,Slider,51,Scenario,5
ID,19,Time,1597.359,DronePosition,-20.40468,45,-107.379,0,CameraPosition,-103.2052,1.684285,-107.5268,CameraRotation,349.1223,268.127,0.3754933,CurrentState,End,Slider,51,Scenario,5
ID,19,Time,1597.374,DronePosition,-20.40468,45,-107.379,0,CameraPosition,-103.205,1.684307,-107.5268,CameraRotation,349.1275,268.1365,0.3207162,CurrentState,End,Slider,51,Scenario,5
ID,19,Time,1597.387,DronePosition,-20.40468,45,-107.379,0,CameraPosition,-103.2049,1.68432,-107.5268,CameraRotation,349.1525,268.14,0.3162436,CurrentState,End,Slider,51,Scenario,5
ID,19,Time,1597.401,DronePosition,-20.40468,45,-107.379,0,CameraPosition,-103.2047,1.684338,-107.5268,CameraRotation,349.1642,268.1307,0.3450747,CurrentState,End,Slider,51,Scenario,5
ID,19,Time,1597.416,DronePosition,-20.40468,45,-107.379,0,CameraPosition,-103.2046,1.684367,-107.5269,CameraRotation,349.158,268.1344,0.3738272,CurrentState,End,Slider,51,Scenario,5
ID,19,Time,1597.43,DronePosition,-20.40468,45,-107.379,0,CameraPosition,-103.2045,1.684408,-107.5269,CameraRotation,349.1619,268.1446,0.3932372,CurrentState,End,Slider,51,Scenario,5
ID,19,Time,1597.443,DronePosition,-20.40468,45,-107.379,0,CameraPosition,-103.2043,1.684428,-107.5269,CameraRotation,349.1448,268.1554,0.3929303,CurrentState,End,Slider,51,Scenario,5
ID,19,Time,1597.458,DronePosition,-20.40468,45,-107.379,0,CameraPosition,-103.2042,1.684456,-107.527,CameraRotation,349.1235,268.1754,0.3958865,CurrentState,End,Slider,51,Scenario,5
ID,19,Time,1597.471,DronePosition,-20.40468,45,-107.379,0,CameraPosition,-103.2041,1.684493,-107.527,CameraRotation,349.0978,268.2046,0.4052955,CurrentState,End,Slider,51,Scenario,5
ID,19,Time,1597.485,DronePosition,-20.40468,45,-107.379,0,CameraPosition,-103.204,1.684517,-107.5269,CameraRotation,349.0892,268.2146,0.4243,CurrentState,End,Slider,51,Scenario,5
ID,19,Time,1597.504,DronePosition,-20.40468,45,-107.379,0,CameraPosition,-103.2038,1.684548,-107.5269,CameraRotation,349.0894,268.2296,0.4220463,CurrentState,End,Slider,51,Scenario,5
ID,19,Time,1597.527,DronePosition,-20.40468,45,-107.379,0,CameraPosition,-103.2036,1.68459,-107.5269,CameraRotation,349.1071,268.2579,0.3788386,CurrentState,End,Slider,51,Scenario,5
ID,19,Time,1597.541,DronePosition,-20.40468,45,-107.379,0,CameraPosition,-103.2035,1.684624,-107.5269,CameraRotation,349.1023,268.2715,0.3858427,CurrentState,End,Slider,51,Scenario,5
ID,19,Time,1597.554,DronePosition,-20.40468,45,-107.379,0,CameraPosition,-103.2034,1.684661,-107.5269,CameraRotation,349.0735,268.2778,0.4003365,CurrentState,End,Slider,51,Scenario,5
ID,19,Time,1597.568,DronePosition,-20.40468,45,-107.379,0,CameraPosition,-103.2033,1.684678,-107.5269,CameraRotation,349.0455,268.315,0.3708232,CurrentState,End,Slider,51,Scenario,5
ID,19,Time,1597.583,DronePosition,-20.40468,45,-107.379,0,CameraPosition,-103.2032,1.684675,-107.5269,CameraRotation,349.0326,268.3449,0.3512303,CurrentState,End,Slider,51,Scenario,5
ID,19,Time,1597.597,DronePosition,-20.40468,45,-107.379,0,CameraPosition,-103.2031,1.684695,-107.5269,CameraRotation,349.0158,268.3719,0.3640608,CurrentState,End,Slider,51,Scenario,5
ID,19,Time,1597.611,DronePosition,-20.40468,45,-107.379,0,CameraPosition,-103.203,1.684729,-107.5268,CameraRotation,349.0054,268.3943,0.3765056,CurrentState,End,Slider,51,Scenario,5
ID,19,Time,1597.625,DronePosition,-20.40468,45,-107.379,0,CameraPosition,-103.203,1.684743,-107.5268,CameraRotation,348.9915,268.4156,0.383146,CurrentState,End,Slider,51,Scenario,5
ID,19,Time,1597.638,DronePosition,-20.40468,45,-107.379,0,CameraPosition,-103.2029,1.684729,-107.5268,CameraRotation,348.9897,268.4381,0.3802262,CurrentState,End,Slider,51,Scenario,5
ID,19,Time,1597.653,DronePosition,-20.40468,45,-107.379,0,CameraPosition,-103.2029,1.684706,-107.5267,CameraRotation,349.0059,268.4613,0.3617747,CurrentState,End,Slider,51,Scenario,5
ID,19,Time,1597.666,DronePosition,-20.40468,45,-107.379,0,CameraPosition,-103.2029,1.684684,-107.5267,CameraRotation,349.0347,268.4955,0.3447119,CurrentState,End,Slider,51,Scenario,5
ID,19,Time,1597.68,DronePosition,-20.40468,45,-107.379,0,CameraPosition,-103.2028,1.684655,-107.5266,CameraRotation,349.0623,268.5198,0.3381365,CurrentState,End,Slider,51,Scenario,5
ID,19,Time,1597.694,DronePosition,-20.40468,45,-107.379,0,CameraPosition,-103.2028,1.684625,-107.5266,CameraRotation,349.0856,268.5486,0.3348258,CurrentState,End,Slider,51,Scenario,5
ID,19,Time,1597.713,DronePosition,-20.40468,45,-107.379,0,CameraPosition,-103.2028,1.684604,-107.5265,CameraRotation,349.1166,268.5749,0.328801,CurrentState,End,Slider,51,Scenario,5
ID,19,Time,1597.735,DronePosition,-20.40468,45,-107.379,0,CameraPosition,-103.2026,1.684528,-107.5264,CameraRotation,349.1771,268.6381,0.3030929,CurrentState,End,Slider,51,Scenario,5
ID,19,Time,1597.749,DronePosition,-20.40468,45,-107.379,0,CameraPosition,-103.2026,1.684491,-107.5264,CameraRotation,349.1941,268.6618,0.2945171,CurrentState,End,Slider,51,Scenario,5
ID,19,Time,1597.763,DronePosition,-20.40468,45,-107.379,0,CameraPosition,-103.2026,1.68447,-107.5264,CameraRotation,349.2082,268.6732,0.281244,CurrentState,End,Slider,51,Scenario,5
ID,19,Time,1597.777,DronePosition,-20.40468,45,-107.379,0,CameraPosition,-103.2025,1.684459,-107.5264,CameraRotation,349.2286,268.6757,0.2722192,CurrentState,End,Slider,51,Scenario,5
ID,19,Time,1597.791,DronePosition,-20.40468,45,-107.379,0,CameraPosition,-103.2025,1.684451,-107.5264,CameraRotation,349.2368,268.6674,0.2593739,CurrentState,End,Slider,51,Scenario,5
ID,19,Time,1597.805,DronePosition,-20.40468,45,-107.379,0,CameraPosition,-103.2024,1.684419,-107.5264,CameraRotation,349.2324,268.6576,0.2573636,CurrentState,End,Slider,51,Scenario,5
ID,19,Time,1597.819,DronePosition,-20.40468,45,-107.379,0,CameraPosition,-103.2024,1.684411,-107.5264,CameraRotation,349.2381,268.6582,0.2498526,CurrentState,End,Slider,51,Scenario,5
ID,19,Time,1597.833,DronePosition,-20.40468,45,-107.379,0,CameraPosition,-103.2024,1.684403,-107.5264,CameraRotation,349.2381,268.6521,0.2471359,CurrentState,End,Slider,51,Scenario,5
ID,19,Time,1597.847,DronePosition,-20.40468,45,-107.379,0,CameraPosition,-103.2023,1.684415,-107.5264,CameraRotation,349.2387,268.6518,0.2442593,CurrentState,End,Slider,51,Scenario,5
ID,19,Time,1597.861,DronePosition,-20.40468,45,-107.379,0,CameraPosition,-103.2022,1.684422,-107.5265,CameraRotation,349.2336,268.6622,0.2441916,CurrentState,End,Slider,51,Scenario,5
ID,19,Time,1597.875,DronePosition,-20.40468,45,-107.379,0,CameraPosition,-103.2022,1.684433,-107.5265,CameraRotation,349.2297,268.6705,0.24597,CurrentState,End,Slider,51,Scenario,5
ID,19,Time,1597.889,DronePosition,-20.40468,45,-107.379,0,CameraPosition,-103.2021,1.684471,-107.5265,CameraRotation,349.2238,268.6836,0.2449875,CurrentState,End,Slider,51,Scenario,5
ID,19,Time,1597.903,DronePosition,-20.40468,45,-107.379,0,CameraPosition,-103.202,1.684503,-107.5265,CameraRotation,349.2055,268.6939,0.2453422,CurrentState,End,Slider,51,Scenario,5
ID,19,Time,1597.922,DronePosition,-20.40468,45,-107.379,0,CameraPosition,-103.2019,1.684526,-107.5265,CameraRotation,349.1953,268.6935,0.2418673,CurrentState,End,Slider,51,Scenario,5
ID,19,Time,1597.944,DronePosition,-20.40468,45,-107.379,0,CameraPosition,-103.2018,1.684611,-107.5265,CameraRotation,349.1601,268.69,0.240896,CurrentState,End,Slider,51,Scenario,5
ID,19,Time,1597.958,DronePosition,-20.40468,45,-107.379,0,CameraPosition,-103.2018,1.684618,-107.5266,CameraRotation,349.13,268.68,0.2465508,CurrentState,End,Slider,51,Scenario,5
ID,19,Time,1597.972,DronePosition,-20.40468,45,-107.379,0,CameraPosition,-103.2018,1.684584,-107.5266,CameraRotation,349.1078,268.656,0.255064,CurrentState,End,Slider,51,Scenario,5
ID,19,Time,1597.986,DronePosition,-20.40468,45,-107.379,0,CameraPosition,-103.2018,1.684612,-107.5266,CameraRotation,349.094,268.6389,0.2705641,CurrentState,End,Slider,51,Scenario,5
ID,19,Time,1598,DronePosition,-20.40468,45,-107.379,0,CameraPosition,-103.2017,1.684688,-107.5267,CameraRotation,349.0546,268.6306,0.2643937,CurrentState,End,Slider,51,Scenario,5
ID,19,Time,1598.014,DronePosition,-20.40468,45,-107.379,0,CameraPosition,-103.2017,1.68472,-107.5267,CameraRotation,349.0299,268.6312,0.2082092,CurrentState,End,Slider,51,Scenario,5
ID,19,Time,1598.028,DronePosition,-20.40468,45,-107.379,0,CameraPosition,-103.2017,1.684699,-107.5268,CameraRotation,349.0516,268.6225,0.1667963,CurrentState,End,Slider,51,Scenario,5
ID,19,Time,1598.042,DronePosition,-20.40468,45,-107.379,0,CameraPosition,-103.2017,1.684668,-107.5268,CameraRotation,349.0956,268.6127,0.1816322,CurrentState,End,Slider,51,Scenario,5
ID,19,Time,1598.057,DronePosition,-20.40468,45,-107.379,0,CameraPosition,-103.2016,1.684645,-107.5269,CameraRotation,349.1072,268.6013,0.2176776,CurrentState,End,Slider,51,Scenario,5
ID,19,Time,1598.071,DronePosition,-20.40468,45,-107.379,0,CameraPosition,-103.2016,1.684629,-107.527,CameraRotation,349.1169,268.6038,0.2545268,CurrentState,End,Slider,51,Scenario,5
ID,19,Time,1598.084,DronePosition,-20.40468,45,-107.379,0,CameraPosition,-103.2016,1.684592,-107.527,CameraRotation,349.1252,268.6202,0.2739086,CurrentState,End,Slider,51,Scenario,5
ID,19,Time,1598.098,DronePosition,-20.40468,45,-107.379,0,CameraPosition,-103.2016,1.684559,-107.5271,CameraRotation,349.1423,268.6277,0.2756103,CurrentState,End,Slider,51,Scenario,5
ID,19,Time,1598.112,DronePosition,-20.40468,45,-107.379,0,CameraPosition,-103.2017,1.684528,-107.5272,CameraRotation,349.1419,268.645,0.2850243,CurrentState,End,Slider,51,Scenario,5
ID,19,Time,1598.13,DronePosition,-20.40468,45,-107.379,0,CameraPosition,-103.2017,1.684525,-107.5272,CameraRotation,349.1407,268.6417,0.3030581,CurrentState,End,Slider,51,Scenario,5
ID,19,Time,1598.153,DronePosition,-20.40468,45,-107.379,0,CameraPosition,-103.2018,1.684538,-107.5274,CameraRotation,349.1622,268.5876,0.3131348,CurrentState,End,Slider,51,Scenario,5
ID,19,Time,1598.167,DronePosition,-20.40468,45,-107.379,0,CameraPosition,-103.2018,1.684521,-107.5275,CameraRotation,349.1776,268.5471,0.2881744,CurrentState,End,Slider,51,Scenario,5
ID,19,Time,1598.181,DronePosition,-20.40468,45,-107.379,0,CameraPosition,-103.2018,1.684494,-107.5276,CameraRotation,349.2139,268.5074,0.2940602,CurrentState,End,Slider,51,Scenario,5
ID,19,Time,1598.195,DronePosition,-20.40468,45,-107.379,0,CameraPosition,-103.2019,1.68447,-107.5277,CameraRotation,349.2289,268.473,0.3020863,CurrentState,End,Slider,51,Scenario,5
ID,19,Time,1598.209,DronePosition,-20.40468,45,-107.379,0,CameraPosition,-103.2019,1.684465,-107.5279,CameraRotation,349.2244,268.4463,0.3092836,CurrentState,End,Slider,51,Scenario,5
ID,19,Time,1598.223,DronePosition,-20.40468,45,-107.379,0,CameraPosition,-103.2019,1.684491,-107.528,CameraRotation,349.2353,268.4299,0.2920248,CurrentState,End,Slider,51,Scenario,5
ID,19,Time,1598.237,DronePosition,-20.40468,45,-107.379,0,CameraPosition,-103.2019,1.684506,-107.5281,CameraRotation,349.2333,268.4222,0.2877381,CurrentState,End,Slider,51,Scenario,5
ID,19,Time,1598.251,DronePosition,-20.40468,45,-107.379,0,CameraPosition,-103.202,1.684525,-107.5282,CameraRotation,349.2258,268.3902,0.2970609,CurrentState,End,Slider,51,Scenario,5
ID,19,Time,1598.265,DronePosition,-20.40468,45,-107.379,0,CameraPosition,-103.202,1.684528,-107.5283,CameraRotation,349.2083,268.3563,0.3160779,CurrentState,End,Slider,51,Scenario,5
ID,19,Time,1598.279,DronePosition,-20.40468,45,-107.379,0,CameraPosition,-103.2021,1.684556,-107.5285,CameraRotation,349.1889,268.3194,0.326944,CurrentState,End,Slider,51,Scenario,5
ID,19,Time,1598.293,DronePosition,-20.40468,45,-107.379,0,CameraPosition,-103.2022,1.684587,-107.5286,CameraRotation,349.1568,268.2834,0.3426257,CurrentState,End,Slider,51,Scenario,5
ID,19,Time,1598.307,DronePosition,-20.40468,45,-107.379,0,CameraPosition,-103.2022,1.684604,-107.5287,CameraRotation,349.1347,268.2489,0.3605145,CurrentState,End,Slider,51,Scenario,5
ID,19,Time,1598.321,DronePosition,-20.40468,45,-107.379,0,CameraPosition,-103.2023,1.684611,-107.5288,CameraRotation,349.1245,268.2335,0.3680654,CurrentState,End,Slider,51,Scenario,5
ID,19,Time,1598.34,DronePosition,-20.40468,45,-107.379,0,CameraPosition,-103.2024,1.6846,-107.5288,CameraRotation,349.1346,268.2407,0.3640543,CurrentState,End,Slider,51,Scenario,5
ID,19,Time,1598.362,DronePosition,-20.40468,45,-107.379,0,CameraPosition,-103.2026,1.684568,-107.5288,CameraRotation,349.1627,268.2866,0.353506,CurrentState,End,Slider,51,Scenario,5
ID,19,Time,1598.376,DronePosition,-20.40468,45,-107.379,0,CameraPosition,-103.2026,1.684557,-107.5287,CameraRotation,349.177,268.3317,0.3539784,CurrentState,End,Slider,51,Scenario,5
ID,19,Time,1598.39,DronePosition,-20.40468,45,-107.379,0,CameraPosition,-103.2028,1.684535,-107.5287,CameraRotation,349.1687,268.3717,0.3692028,CurrentState,End,Slider,51,Scenario,5
ID,19,Time,1598.404,DronePosition,-20.40468,45,-107.379,0,CameraPosition,-103.2029,1.684537,-107.5286,CameraRotation,349.1725,268.4147,0.376516,CurrentState,End,Slider,51,Scenario,5
ID,19,Time,1598.418,DronePosition,-20.40468,45,-107.379,0,CameraPosition,-103.203,1.684533,-107.5285,CameraRotation,349.1848,268.4548,0.3748103,CurrentState,End,Slider,51,Scenario,5
ID,19,Time,1598.432,DronePosition,-20.40468,45,-107.379,0,CameraPosition,-103.2032,1.684503,-107.5285,CameraRotation,349.2116,268.4839,0.3740333,CurrentState,End,Slider,51,Scenario,5
ID,19,Time,1598.446,DronePosition,-20.40468,45,-107.379,0,CameraPosition,-103.2033,1.684401,-107.5284,CameraRotation,349.2637,268.5081,0.36584,CurrentState,End,Slider,51,Scenario,5
ID,19,Time,1598.46,DronePosition,-20.40468,45,-107.379,0,CameraPosition,-103.2035,1.684277,-107.5283,CameraRotation,349.313,268.5507,0.3561296,CurrentState,End,Slider,51,Scenario,5
ID,19,Time,1598.474,DronePosition,-20.40468,45,-107.379,0,CameraPosition,-103.2037,1.684195,-107.5281,CameraRotation,349.3497,268.5922,0.3517854,CurrentState,End,Slider,51,Scenario,5
ID,19,Time,1598.488,DronePosition,-20.40468,45,-107.379,0,CameraPosition,-103.2038,1.684139,-107.528,CameraRotation,349.3787,268.6405,0.3355656,CurrentState,End,Slider,51,Scenario,5
ID,19,Time,1598.501,DronePosition,-20.40468,45,-107.379,0,CameraPosition,-103.204,1.684089,-107.5278,CameraRotation,349.4138,268.6956,0.3156825,CurrentState,End,Slider,51,Scenario,5
ID,19,Time,1598.516,DronePosition,-20.40468,45,-107.379,0,CameraPosition,-103.2041,1.684016,-107.5276,CameraRotation,349.4435,268.7441,0.2897976,CurrentState,End,Slider,51,Scenario,5
ID,19,Time,1598.529,DronePosition,-20.40468,45,-107.379,0,CameraPosition,-103.2042,1.683932,-107.5275,CameraRotation,349.4774,268.8051,0.2464127,CurrentState,End,Slider,51,Scenario,5
ID,19,Time,1598.548,DronePosition,-20.40468,45,-107.379,0,CameraPosition,-103.2044,1.683859,-107.5273,CameraRotation,349.5082,268.8543,0.2199593,CurrentState,End,Slider,51,Scenario,5
ID,19,Time,1598.571,DronePosition,-20.40468,45,-107.379,0,CameraPosition,-103.2047,1.68377,-107.5271,CameraRotation,349.5417,268.9093,0.2054905,CurrentState,End,Slider,51,Scenario,5
ID,19,Time,1598.585,DronePosition,-20.40468,45,-107.379,0,CameraPosition,-103.2048,1.683755,-107.5269,CameraRotation,349.5465,268.917,0.186892,CurrentState,End,Slider,51,Scenario,5
ID,19,Time,1598.599,DronePosition,-20.40468,45,-107.379,0,CameraPosition,-103.205,1.683755,-107.5268,CameraRotation,349.5486,268.9209,0.1676345,CurrentState,End,Slider,51,Scenario,5
ID,19,Time,1598.613,DronePosition,-20.40468,45,-107.379,0,CameraPosition,-103.2051,1.683715,-107.5268,CameraRotation,349.5493,268.9125,0.1499706,CurrentState,End,Slider,51,Scenario,5
ID,19,Time,1598.627,DronePosition,-20.40468,45,-107.379,0,CameraPosition,-103.2053,1.68364,-107.5267,CameraRotation,349.5556,268.911,0.1399889,CurrentState,End,Slider,51,Scenario,5
ID,19,Time,1598.641,DronePosition,-20.40468,45,-107.379,0,CameraPosition,-103.2054,1.68361,-107.5266,CameraRotation,349.5871,268.9094,0.1317436,CurrentState,End,Slider,51,Scenario,5
ID,19,Time,1598.654,DronePosition,-20.40468,45,-107.379,0,CameraPosition,-103.2056,1.683628,-107.5265,CameraRotation,349.5713,268.9153,0.1179047,CurrentState,End,Slider,51,Scenario,5
ID,19,Time,1598.669,DronePosition,-20.40468,45,-107.379,0,CameraPosition,-103.2057,1.683649,-107.5263,CameraRotation,349.5419,268.9371,0.04697158,CurrentState,End,Slider,51,Scenario,5
ID,19,Time,1598.683,DronePosition,-20.40468,45,-107.379,0,CameraPosition,-103.2059,1.683611,-107.5263,CameraRotation,349.5534,268.9616,359.9834,CurrentState,End,Slider,51,Scenario,5
ID,19,Time,1598.696,DronePosition,-20.40468,45,-107.379,0,CameraPosition,-103.206,1.683572,-107.5262,CameraRotation,349.5954,268.9812,359.9634,CurrentState,End,Slider,51,Scenario,5
ID,19,Time,1598.711,DronePosition,-20.40468,45,-107.379,0,CameraPosition,-103.2061,1.683545,-107.5261,CameraRotation,349.6259,268.9919,359.9841,CurrentState,End,Slider,51,Scenario,5
ID,19,Time,1598.724,DronePosition,-20.40468,45,-107.379,0,CameraPosition,-103.2063,1.683523,-107.526,CameraRotation,349.6439,268.9995,0.02144655,CurrentState,End,Slider,51,Scenario,5
ID,19,Time,1598.738,DronePosition,-20.40468,45,-107.379,0,CameraPosition,-103.2064,1.683487,-107.5259,CameraRotation,349.6452,269.0239,0.01578596,CurrentState,End,Slider,51,Scenario,5
ID,19,Time,1598.757,DronePosition,-20.40468,45,-107.379,0,CameraPosition,-103.2066,1.683456,-107.5259,CameraRotation,349.6622,269.0439,0.007786456,CurrentState,End,Slider,51,Scenario,5
ID,19,Time,1598.779,DronePosition,-20.40468,45,-107.379,0,CameraPosition,-103.2069,1.683377,-107.5258,CameraRotation,349.6687,269.0648,0.01634063,CurrentState,End,Slider,51,Scenario,5
ID,19,Time,1598.793,DronePosition,-20.40468,45,-107.379,0,CameraPosition,-103.2071,1.683336,-107.5257,CameraRotation,349.6893,269.059,0.02976292,CurrentState,End,Slider,51,Scenario,5
ID,19,Time,1598.807,DronePosition,-20.40468,45,-107.379,0,CameraPosition,-103.2072,1.683288,-107.5256,CameraRotation,349.7283,269.0569,0.02606293,CurrentState,End,Slider,51,Scenario,5
ID,19,Time,1598.821,DronePosition,-20.40468,45,-107.379,0,CameraPosition,-103.2074,1.683212,-107.5256,CameraRotation,349.7666,269.0631,0.006533706,CurrentState,End,Slider,51,Scenario,5
ID,19,Time,1598.836,DronePosition,-20.40468,45,-107.379,0,CameraPosition,-103.2075,1.68315,-107.5255,CameraRotation,349.8389,269.0659,359.9895,CurrentState,End,Slider,51,Scenario,5
ID,19,Time,1598.849,DronePosition,-20.40468,45,-107.379,0,CameraPosition,-103.2076,1.683103,-107.5254,CameraRotation,349.8838,269.068,359.979,CurrentState,End,Slider,51,Scenario,5
ID,19,Time,1598.864,DronePosition,-20.40468,45,-107.379,0,CameraPosition,-103.2077,1.683105,-107.5254,CameraRotation,349.9123,269.0571,359.9557,CurrentState,End,Slider,51,Scenario,5
ID,19,Time,1598.877,DronePosition,-20.40468,45,-107.379,0,CameraPosition,-103.2078,1.683077,-107.5254,CameraRotation,349.9088,269.041,359.9316,CurrentState,End,Slider,51,Scenario,5
ID,19,Time,1598.891,DronePosition,-20.40468,45,-107.379,0,CameraPosition,-103.208,1.683082,-107.5254,CameraRotation,349.9102,269.0006,359.9464,CurrentState,End,Slider,51,Scenario,5
ID,19,Time,1598.905,DronePosition,-20.40468,45,-107.379,0,CameraPosition,-103.2081,1.683086,-107.5254,CameraRotation,349.9112,268.948,359.9641,CurrentState,End,Slider,51,Scenario,5
ID,19,Time,1598.919,DronePosition,-20.40468,45,-107.379,0,CameraPosition,-103.2083,1.68306,-107.5255,CameraRotation,349.9152,268.8923,359.9606,CurrentState,End,Slider,51,Scenario,5
ID,19,Time,1598.934,DronePosition,-20.40468,45,-107.379,0,CameraPosition,-103.2084,1.68302,-107.5256,CameraRotation,349.933,268.8186,359.9508,CurrentState,End,Slider,51,Scenario,5
ID,19,Time,1598.947,DronePosition,-20.40468,45,-107.379,0,CameraPosition,-103.2085,1.682969,-107.5257,CameraRotation,349.9471,268.757,359.9397,CurrentState,End,Slider,51,Scenario,5
ID,19,Time,1598.966,DronePosition,-20.40468,45,-107.379,0,CameraPosition,-103.2086,1.682939,-107.5258,CameraRotation,349.955,268.7054,359.9311,CurrentState,End,Slider,51,Scenario,5
ID,19,Time,1598.988,DronePosition,-20.40468,45,-107.379,0,CameraPosition,-103.2088,1.682919,-107.5259,CameraRotation,349.9697,268.637,359.9406,CurrentState,End,Slider,51,Scenario,5
ID,19,Time,1599.002,DronePosition,-20.40468,45,-107.379,0,CameraPosition,-103.209,1.682939,-107.5259,CameraRotation,349.968,268.6348,359.94,CurrentState,End,Slider,51,Scenario,5
ID,19,Time,1599.016,DronePosition,-20.40468,45,-107.379,0,CameraPosition,-103.2091,1.682962,-107.5258,CameraRotation,349.9535,268.6456,359.9382,CurrentState,End,Slider,51,Scenario,5
ID,19,Time,1599.03,DronePosition,-20.40468,45,-107.379,0,CameraPosition,-103.2092,1.682987,-107.5258,CameraRotation,349.9408,268.6609,359.9371,CurrentState,End,Slider,51,Scenario,5
ID,19,Time,1599.044,DronePosition,-20.40468,45,-107.379,0,CameraPosition,-103.2093,1.683017,-107.5259,CameraRotation,349.9357,268.6734,359.9344,CurrentState,End,Slider,51,Scenario,5
ID,19,Time,1599.058,DronePosition,-20.40468,45,-107.379,0,CameraPosition,-103.2094,1.683041,-107.5259,CameraRotation,349.9257,268.6649,359.9481,CurrentState,End,Slider,51,Scenario,5
ID,19,Time,1599.072,DronePosition,-20.40468,45,-107.379,0,CameraPosition,-103.2095,1.683077,-107.526,CameraRotation,349.9105,268.6566,359.9653,CurrentState,End,Slider,51,Scenario,5
ID,19,Time,1599.086,DronePosition,-20.40468,45,-107.379,0,CameraPosition,-103.2097,1.683077,-107.526,CameraRotation,349.9006,268.6355,359.9844,CurrentState,End,Slider,51,Scenario,5
ID,19,Time,1599.1,DronePosition,-20.40468,45,-107.379,0,CameraPosition,-103.2099,1.683059,-107.5261,CameraRotation,349.9026,268.6043,359.992,CurrentState,End,Slider,51,Scenario,5
ID,19,Time,1599.114,DronePosition,-20.40468,45,-107.379,0,CameraPosition,-103.21,1.683049,-107.5262,CameraRotation,349.9183,268.5674,-0.002356083,CurrentState,End,Slider,51,Scenario,5
ID,19,Time,1599.128,DronePosition,-20.40468,45,-107.379,0,CameraPosition,-103.2101,1.683043,-107.5263,CameraRotation,349.932,268.5439,0.00515073,CurrentState,End,Slider,51,Scenario,5
ID,19,Time,1599.142,DronePosition,-20.40468,45,-107.379,0,CameraPosition,-103.2103,1.683032,-107.5263,CameraRotation,349.9302,268.5145,0.009919116,CurrentState,End,Slider,51,Scenario,5
ID,19,Time,1599.156,DronePosition,-20.40468,45,-107.379,0,CameraPosition,-103.2104,1.683038,-107.5264,CameraRotation,349.9284,268.4879,0.01403286,CurrentState,End,Slider,51,Scenario,5
ID,19,Time,1599.175,DronePosition,-20.40468,45,-107.379,0,CameraPosition,-103.2105,1.683023,-107.5265,CameraRotation,349.9174,268.4718,0.025832,CurrentState,End,Slider,51,Scenario,5
ID,19,Time,1599.197,DronePosition,-20.40468,45,-107.379,0,CameraPosition,-103.2108,1.683023,-107.5265,CameraRotation,349.9092,268.4613,0.02191774,CurrentState,End,Slider,51,Scenario,5
ID,19,Time,1599.211,DronePosition,-20.40468,45,-107.379,0,CameraPosition,-103.211,1.683021,-107.5266,CameraRotation,349.91,268.4576,0.03196446,CurrentState,End,Slider,51,Scenario,5
ID,19,Time,1599.225,DronePosition,-20.40468,45,-107.379,0,CameraPosition,-103.2111,1.683012,-107.5266,CameraRotation,349.9122,268.453,0.03202668,CurrentState,End,Slider,51,Scenario,5
ID,19,Time,1599.239,DronePosition,-20.40468,45,-107.379,0,CameraPosition,-103.2113,1.683009,-107.5266,CameraRotation,349.9112,268.4538,0.02553939,CurrentState,End,Slider,51,Scenario,5
ID,19,Time,1599.253,DronePosition,-20.40468,45,-107.379,0,CameraPosition,-103.2115,1.682999,-107.5266,CameraRotation,349.9168,268.4566,0.03778075,CurrentState,End,Slider,51,Scenario,5
ID,19,Time,1599.267,DronePosition,-20.40468,45,-107.379,0,CameraPosition,-103.2117,1.68295,-107.5266,CameraRotation,349.9316,268.4579,0.04889776,CurrentState,End,Slider,51,Scenario,5
ID,19,Time,1599.281,DronePosition,-20.40468,45,-107.379,0,CameraPosition,-103.2119,1.68291,-107.5266,CameraRotation,349.9616,268.4616,0.06147062,CurrentState,End,Slider,51,Scenario,5
ID,19,Time,1599.295,DronePosition,-20.40468,45,-107.379,0,CameraPosition,-103.2121,1.682933,-107.5266,CameraRotation,349.9728,268.4785,0.07394444,CurrentState,End,Slider,51,Scenario,5
ID,19,Time,1599.309,DronePosition,-20.40468,45,-107.379,0,CameraPosition,-103.2124,1.682972,-107.5265,CameraRotation,349.9339,268.5112,0.04692993,CurrentState,End,Slider,51,Scenario,5
ID,19,Time,1599.323,DronePosition,-20.40468,45,-107.379,0,CameraPosition,-103.2126,1.682963,-107.5265,CameraRotation,349.9438,268.5325,0.001890267,CurrentState,End,Slider,51,Scenario,5
ID,19,Time,1599.337,DronePosition,-20.40468,45,-107.379,0,CameraPosition,-103.2128,1.682891,-107.5265,CameraRotation,349.9959,268.5449,0.002421407,CurrentState,End,Slider,51,Scenario,5
ID,19,Time,1599.351,DronePosition,-20.40468,45,-107.379,0,CameraPosition,-103.213,1.682834,-107.5265,CameraRotation,350.0566,268.5497,0.03552382,CurrentState,End,Slider,51,Scenario,5
ID,19,Time,1599.365,DronePosition,-20.40468,45,-107.379,0,CameraPosition,-103.2132,1.682783,-107.5265,CameraRotation,350.0876,268.5588,0.07203461,CurrentState,End,Slider,51,Scenario,5
ID,19,Time,1599.384,DronePosition,-20.40468,45,-107.379,0,CameraPosition,-103.2134,1.682732,-107.5265,CameraRotation,350.1156,268.5684,0.09622761,CurrentState,End,Slider,51,Scenario,5
ID,19,Time,1599.406,DronePosition,-20.40468,45,-107.379,0,CameraPosition,-103.2138,1.682598,-107.5264,CameraRotation,350.1377,268.5981,0.0815911,CurrentState,End,Slider,51,Scenario,5
ID,19,Time,1599.42,DronePosition,-20.40468,45,-107.379,0,CameraPosition,-103.214,1.682542,-107.5264,CameraRotation,350.1422,268.5989,0.08340418,CurrentState,End,Slider,51,Scenario,5
ID,19,Time,1599.434,DronePosition,-20.40468,45,-107.379,0,CameraPosition,-103.2142,1.682505,-107.5264,CameraRotation,350.1443,268.6085,0.08738676,CurrentState,End,Slider,51,Scenario,5
ID,19,Time,1599.448,DronePosition,-20.40468,45,-107.379,0,CameraPosition,-103.2144,1.682486,-107.5263,CameraRotation,350.1694,268.6126,0.09594376,CurrentState,End,Slider,51,Scenario,5
ID,19,Time,1599.462,DronePosition,-20.40468,45,-107.379,0,CameraPosition,-103.2145,1.682477,-107.5263,CameraRotation,350.2017,268.6211,0.07110688,CurrentState,End,Slider,51,Scenario,5
ID,19,Time,1599.476,DronePosition,-20.40468,45,-107.379,0,CameraPosition,-103.2147,1.682423,-107.5263,CameraRotation,350.2388,268.6434,0.06295341,CurrentState,End,Slider,51,Scenario,5
ID,19,Time,1599.49,DronePosition,-20.40468,45,-107.379,0,CameraPosition,-103.2148,1.682387,-107.5262,CameraRotation,350.2769,268.6659,0.06623008,CurrentState,End,Slider,51,Scenario,5
ID,19,Time,1599.504,DronePosition,-20.40468,45,-107.379,0,CameraPosition,-103.215,1.682359,-107.5262,CameraRotation,350.2776,268.6862,0.07103265,CurrentState,End,Slider,51,Scenario,5
ID,19,Time,1599.518,DronePosition,-20.40468,45,-107.379,0,CameraPosition,-103.2151,1.682365,-107.5261,CameraRotation,350.2798,268.7141,0.04941419,CurrentState,End,Slider,51,Scenario,5
ID,19,Time,1599.531,DronePosition,-20.40468,45,-107.379,0,CameraPosition,-103.2153,1.682375,-107.526,CameraRotation,350.2781,268.7291,0.02138594,CurrentState,End,Slider,51,Scenario,5
ID,19,Time,1599.546,DronePosition,-20.40468,45,-107.379,0,CameraPosition,-103.2154,1.682416,-107.526,CameraRotation,350.2797,268.7321,0.03309092,CurrentState,End,Slider,51,Scenario,5
ID,19,Time,1599.56,DronePosition,-20.40468,45,-107.379,0,CameraPosition,-103.2156,1.682444,-107.5259,CameraRotation,350.2633,268.7202,0.03894494,CurrentState,End,Slider,51,Scenario,5
ID,19,Time,1599.574,DronePosition,-20.40468,45,-107.379,0,CameraPosition,-103.2157,1.68247,-107.5258,CameraRotation,350.2682,268.7028,0.02516901,CurrentState,End,Slider,51,Scenario,5
ID,19,Time,1599.592,DronePosition,-20.40468,45,-107.379,0,CameraPosition,-103.2158,1.682473,-107.5258,CameraRotation,350.2691,268.6761,0.008823919,CurrentState,End,Slider,51,Scenario,5
ID,19,Time,1599.615,DronePosition,-20.40468,45,-107.379,0,CameraPosition,-103.2161,1.682491,-107.5257,CameraRotation,350.2656,268.6034,359.9605,CurrentState,End,Slider,51,Scenario,5
ID,19,Time,1599.629,DronePosition,-20.40468,45,-107.379,0,CameraPosition,-103.2162,1.682512,-107.5257,CameraRotation,350.2491,268.5515,359.9333,CurrentState,End,Slider,51,Scenario,5
ID,19,Time,1599.643,DronePosition,-20.40468,45,-107.379,0,CameraPosition,-103.2163,1.682501,-107.5257,CameraRotation,350.2199,268.5029,359.9055,CurrentState,End,Slider,51,Scenario,5
ID,19,Time,1599.657,DronePosition,-20.40468,45,-107.379,0,CameraPosition,-103.2164,1.682489,-107.5257,CameraRotation,350.188,268.4724,359.8855,CurrentState,End,Slider,51,Scenario,5
ID,19,Time,1599.671,DronePosition,-20.40468,45,-107.379,0,CameraPosition,-103.2165,1.682521,-107.5257,CameraRotation,350.1667,268.4494,359.8723,CurrentState,End,Slider,51,Scenario,5
ID,19,Time,1599.685,DronePosition,-20.40468,45,-107.379,0,CameraPosition,-103.2166,1.682556,-107.5256,CameraRotation,350.1533,268.4437,359.8692,CurrentState,End,Slider,51,Scenario,5
ID,19,Time,1599.698,DronePosition,-20.40468,45,-107.379,0,CameraPosition,-103.2167,1.682569,-107.5256,CameraRotation,350.156,268.455,359.8675,CurrentState,End,Slider,51,Scenario,5
ID,19,Time,1599.712,DronePosition,-20.40468,45,-107.379,0,CameraPosition,-103.2168,1.682552,-107.5255,CameraRotation,350.1692,268.47,359.8843,CurrentState,End,Slider,51,Scenario,5
ID,19,Time,1599.727,DronePosition,-20.40468,45,-107.379,0,CameraPosition,-103.2168,1.682535,-107.5254,CameraRotation,350.1971,268.4887,359.8895,CurrentState,End,Slider,51,Scenario,5
ID,19,Time,1599.74,DronePosition,-20.40468,45,-107.379,0,CameraPosition,-103.2169,1.682501,-107.5254,CameraRotation,350.2256,268.502,359.8842,CurrentState,End,Slider,51,Scenario,5
ID,19,Time,1599.755,DronePosition,-20.40468,45,-107.379,0,CameraPosition,-103.217,1.682463,-107.5253,CameraRotation,350.2463,268.5147,359.8678,CurrentState,End,Slider,51,Scenario,5
ID,19,Time,1599.768,DronePosition,-20.40468,45,-107.379,0,CameraPosition,-103.2171,1.682437,-107.5253,CameraRotation,350.2658,268.5021,359.8532,CurrentState,End,Slider,51,Scenario,5
ID,19,Time,1599.782,DronePosition,-20.40468,45,-107.379,0,CameraPosition,-103.2172,1.682427,-107.5253,CameraRotation,350.2655,268.4835,359.8332,CurrentState,End,Slider,51,Scenario,5
ID,19,Time,1599.801,DronePosition,-20.40468,45,-107.379,0,CameraPosition,-103.2172,1.682435,-107.5253,CameraRotation,350.2755,268.4565,359.822,CurrentState,End,Slider,51,Scenario,5
ID,19,Time,1599.824,DronePosition,-20.40468,45,-107.379,0,CameraPosition,-103.2173,1.682408,-107.5253,CameraRotation,350.2979,268.4169,359.796,CurrentState,End,Slider,51,Scenario,5
ID,19,Time,1599.838,DronePosition,-20.40468,45,-107.379,0,CameraPosition,-103.2173,1.682393,-107.5253,CameraRotation,350.3277,268.4032,359.789,CurrentState,End,Slider,51,Scenario,5
ID,19,Time,1599.851,DronePosition,-20.40468,45,-107.379,0,CameraPosition,-103.2173,1.682368,-107.5253,CameraRotation,350.3493,268.3895,359.7757,CurrentState,End,Slider,51,Scenario,5
ID,19,Time,1599.866,DronePosition,-20.40468,45,-107.379,0,CameraPosition,-103.2173,1.682372,-107.5254,CameraRotation,350.3768,268.379,359.7668,CurrentState,End,Slider,51,Scenario,5
ID,19,Time,1599.879,DronePosition,-20.40468,45,-107.379,0,CameraPosition,-103.2173,1.682374,-107.5255,CameraRotation,350.3756,268.3583,359.7718,CurrentState,End,Slider,51,Scenario,5
ID,19,Time,1599.893,DronePosition,-20.40468,45,-107.379,0,CameraPosition,-103.2173,1.682386,-107.5256,CameraRotation,350.3715,268.3365,359.7575,CurrentState,End,Slider,51,Scenario,5
ID,19,Time,1599.908,DronePosition,-20.40468,45,-107.379,0,CameraPosition,-103.2173,1.682429,-107.5257,CameraRotation,350.363,268.2858,359.7502,CurrentState,End,Slider,51,Scenario,5
ID,19,Time,1599.922,DronePosition,-20.40468,45,-107.379,0,CameraPosition,-103.2172,1.682528,-107.5259,CameraRotation,350.3139,268.2002,359.7545,CurrentState,End,Slider,51,Scenario,5
ID,19,Time,1599.936,DronePosition,-20.40468,45,-107.379,0,CameraPosition,-103.2172,1.682622,-107.5261,CameraRotation,350.2185,268.0945,359.7566,CurrentState,End,Slider,51,Scenario,5
ID,19,Time,1599.949,DronePosition,-20.40468,45,-107.379,0,CameraPosition,-103.2172,1.682752,-107.5263,CameraRotation,350.0667,267.9716,359.7511,CurrentState,End,Slider,51,Scenario,5
ID,19,Time,1599.964,DronePosition,-20.40468,45,-107.379,0,CameraPosition,-103.2172,1.682907,-107.5265,CameraRotation,349.9529,267.8366,359.7615,CurrentState,End,Slider,51,Scenario,5
ID,19,Time,1599.977,DronePosition,-20.40468,45,-107.379,0,CameraPosition,-103.2172,1.683025,-107.5267,CameraRotation,349.8772,267.7404,359.7829,CurrentState,End,Slider,51,Scenario,5
ID,19,Time,1599.991,DronePosition,-20.40468,45,-107.379,0,CameraPosition,-103.2172,1.683089,-107.5268,CameraRotation,349.8425,267.6954,359.8069,CurrentState,End,Slider,51,Scenario,5
ID,19,Time,1600.01,DronePosition,-20.40468,45,-107.379,0,CameraPosition,-103.2171,1.683095,-107.5269,CameraRotation,349.8586,267.7055,359.8313,CurrentState,End,Slider,51,Scenario,5
ID,19,Time,1600.032,DronePosition,-20.40468,45,-107.379,0,CameraPosition,-103.2171,1.683069,-107.5269,CameraRotation,349.8704,267.8333,359.882,CurrentState,End,Slider,51,Scenario,5
ID,19,Time,1600.046,DronePosition,-20.40468,45,-107.379,0,CameraPosition,-103.2171,1.68309,-107.5268,CameraRotation,349.8481,267.919,359.9296,CurrentState,End,Slider,51,Scenario,5
ID,19,Time,1600.061,DronePosition,-20.40468,45,-107.379,0,CameraPosition,-103.2171,1.683127,-107.5267,CameraRotation,349.82,268.0137,359.9659,CurrentState,End,Slider,51,Scenario,5
ID,19,Time,1600.075,DronePosition,-20.40468,45,-107.379,0,CameraPosition,-103.2171,1.683116,-107.5266,CameraRotation,349.8111,268.0998,-0.0009871619,CurrentState,End,Slider,51,Scenario,5
ID,19,Time,1600.089,DronePosition,-20.40468,45,-107.379,0,CameraPosition,-103.2171,1.683093,-107.5266,CameraRotation,349.8402,268.1736,0.01134482,CurrentState,End,Slider,51,Scenario,5
ID,19,Time,1600.102,DronePosition,-20.40468,45,-107.379,0,CameraPosition,-103.2171,1.683019,-107.5264,CameraRotation,349.8643,268.2325,0.007738564,CurrentState,End,Slider,51,Scenario,5
ID,19,Time,1600.116,DronePosition,-20.40468,45,-107.379,0,CameraPosition,-103.2171,1.682975,-107.5263,CameraRotation,349.9088,268.2979,0.000966482,CurrentState,End,Slider,51,Scenario,5
ID,19,Time,1600.13,DronePosition,-20.40468,45,-107.379,0,CameraPosition,-103.2171,1.682944,-107.5262,CameraRotation,349.933,268.354,359.9763,CurrentState,End,Slider,51,Scenario,5
ID,19,Time,1600.144,DronePosition,-20.40468,45,-107.379,0,CameraPosition,-103.2171,1.682918,-107.5261,CameraRotation,349.9492,268.3983,359.9367,CurrentState,End,Slider,51,Scenario,5
ID,19,Time,1600.158,DronePosition,-20.40468,45,-107.379,0,CameraPosition,-103.2171,1.682904,-107.526,CameraRotation,349.9481,268.4318,359.8924,CurrentState,End,Slider,51,Scenario,5
ID,19,Time,1600.172,DronePosition,-20.40468,45,-107.379,0,CameraPosition,-103.2171,1.682924,-107.5259,CameraRotation,349.9472,268.4572,359.8706,CurrentState,End,Slider,51,Scenario,5
ID,19,Time,1600.186,DronePosition,-20.40468,45,-107.379,0,CameraPosition,-103.2171,1.682944,-107.5258,CameraRotation,349.9266,268.4689,359.8821,CurrentState,End,Slider,51,Scenario,5
ID,19,Time,1600.2,DronePosition,-20.40468,45,-107.379,0,CameraPosition,-103.2171,1.682963,-107.5257,CameraRotation,349.9084,268.4857,359.8994,CurrentState,End,Slider,51,Scenario,5
ID,19,Time,1600.219,DronePosition,-20.40468,45,-107.379,0,CameraPosition,-103.2171,1.682959,-107.5256,CameraRotation,349.9044,268.5172,359.9149,CurrentState,End,Slider,51,Scenario,5
ID,19,Time,1600.241,DronePosition,-20.40468,45,-107.379,0,CameraPosition,-103.2172,1.682928,-107.5254,CameraRotation,349.9131,268.5983,359.9092,CurrentState,End,Slider,51,Scenario,5
ID,19,Time,1600.255,DronePosition,-20.40468,45,-107.379,0,CameraPosition,-103.2172,1.682911,-107.5253,CameraRotation,349.9211,268.6405,359.9079,CurrentState,End,Slider,51,Scenario,5
ID,19,Time,1600.269,DronePosition,-20.40468,45,-107.379,0,CameraPosition,-103.2172,1.68291,-107.5252,CameraRotation,349.9111,268.6591,359.9179,CurrentState,End,Slider,51,Scenario,5
ID,19,Time,1600.283,DronePosition,-20.40468,45,-107.379,0,CameraPosition,-103.2172,1.682955,-107.5251,CameraRotation,349.8747,268.6859,359.9155,CurrentState,End,Slider,51,Scenario,5
ID,19,Time,1600.297,DronePosition,-20.40468,45,-107.379,0,CameraPosition,-103.2173,1.682984,-107.525,CameraRotation,349.8351,268.7163,359.9051,CurrentState,End,Slider,51,Scenario,5
ID,19,Time,1600.312,DronePosition,-20.40468,45,-107.379,0,CameraPosition,-103.2173,1.683003,-107.5248,CameraRotation,349.8201,268.7356,359.8763,CurrentState,End,Slider,51,Scenario,5
ID,19,Time,1600.325,DronePosition,-20.40468,45,-107.379,0,CameraPosition,-103.2174,1.683002,-107.5247,CameraRotation,349.8054,268.7578,359.8355,CurrentState,End,Slider,51,Scenario,5
ID,19,Time,1600.339,DronePosition,-20.40468,45,-107.379,0,CameraPosition,-103.2174,1.682997,-107.5246,CameraRotation,349.8156,268.797,359.8065,CurrentState,End,Slider,51,Scenario,5
ID,19,Time,1600.353,DronePosition,-20.40468,45,-107.379,0,CameraPosition,-103.2175,1.682972,-107.5244,CameraRotation,349.8281,268.8185,359.7896,CurrentState,End,Slider,51,Scenario,5
ID,19,Time,1600.367,DronePosition,-20.40468,45,-107.379,0,CameraPosition,-103.2175,1.682957,-107.5243,CameraRotation,349.8546,268.8346,359.7856,CurrentState,End,Slider,51,Scenario,5
ID,19,Time,1600.381,DronePosition,-20.40468,45,-107.379,0,CameraPosition,-103.2175,1.682948,-107.5242,CameraRotation,349.8873,268.852,359.7838,CurrentState,End,Slider,51,Scenario,5
ID,19,Time,1600.395,DronePosition,-20.40468,45,-107.379,0,CameraPosition,-103.2176,1.682916,-107.5242,CameraRotation,349.905,268.8477,359.7797,CurrentState,End,Slider,51,Scenario,5
ID,19,Time,1600.409,DronePosition,-20.40468,45,-107.379,0,CameraPosition,-103.2176,1.682897,-107.5241,CameraRotation,349.9272,268.8342,359.7903,CurrentState,End,Slider,51,Scenario,5
ID,19,Time,1600.428,DronePosition,-20.40468,45,-107.379,0,CameraPosition,-103.2176,1.682874,-107.5241,CameraRotation,349.9264,268.8193,359.7926,CurrentState,End,Slider,51,Scenario,5
ID,19,Time,1600.45,DronePosition,-20.40468,45,-107.379,0,CameraPosition,-103.2176,1.682871,-107.5241,CameraRotation,349.9221,268.7716,359.7889,CurrentState,End,Slider,51,Scenario,5
ID,19,Time,1600.464,DronePosition,-20.40468,45,-107.379,0,CameraPosition,-103.2175,1.682884,-107.5241,CameraRotation,349.9235,268.7452,359.7923,CurrentState,End,Slider,51,Scenario,5
ID,19,Time,1600.478,DronePosition,-20.40468,45,-107.379,0,CameraPosition,-103.2175,1.682889,-107.5241,CameraRotation,349.9268,268.722,359.8012,CurrentState,End,Slider,51,Scenario,5
ID,19,Time,1600.492,DronePosition,-20.40468,45,-107.379,0,CameraPosition,-103.2175,1.682889,-107.5241,CameraRotation,349.919,268.6961,359.8006,CurrentState,End,Slider,51,Scenario,5
ID,19,Time,1600.506,DronePosition,-20.40468,45,-107.379,0,CameraPosition,-103.2174,1.682895,-107.5242,CameraRotation,349.9239,268.6562,359.8246,CurrentState,End,Slider,51,Scenario,5
ID,19,Time,1600.52,DronePosition,-20.40468,45,-107.379,0,CameraPosition,-103.2174,1.68289,-107.5242,CameraRotation,349.9299,268.6194,359.8327,CurrentState,End,Slider,51,Scenario,5
ID,19,Time,1600.534,DronePosition,-20.40468,45,-107.379,0,CameraPosition,-103.2173,1.682886,-107.5243,CameraRotation,349.9375,268.5679,359.8511,CurrentState,End,Slider,51,Scenario,5
ID,19,Time,1600.548,DronePosition,-20.40468,45,-107.379,0,CameraPosition,-103.2172,1.68294,-107.5244,CameraRotation,349.9418,268.5242,359.8702,CurrentState,End,Slider,51,Scenario,5
ID,19,Time,1600.562,DronePosition,-20.40468,45,-107.379,0,CameraPosition,-103.2172,1.683018,-107.5244,CameraRotation,349.8892,268.4857,359.8861,CurrentState,End,Slider,51,Scenario,5
ID,19,Time,1600.576,DronePosition,-20.40468,45,-107.379,0,CameraPosition,-103.2171,1.683087,-107.5244,CameraRotation,349.8284,268.4586,359.843,CurrentState,End,Slider,51,Scenario,5
ID,19,Time,1600.59,DronePosition,-20.40468,45,-107.379,0,CameraPosition,-103.217,1.683129,-107.5245,CameraRotation,349.8206,268.4269,359.8008,CurrentState,End,Slider,51,Scenario,5
ID,19,Time,1600.604,DronePosition,-20.40468,45,-107.379,0,CameraPosition,-103.2169,1.68314,-107.5246,CameraRotation,349.8255,268.3895,359.8004,CurrentState,End,Slider,51,Scenario,5
ID,19,Time,1600.618,DronePosition,-20.40468,45,-107.379,0,CameraPosition,-103.2167,1.683131,-107.5247,CameraRotation,349.8274,268.3478,359.8535,CurrentState,End,Slider,51,Scenario,5
ID,19,Time,1600.636,DronePosition,-20.40468,45,-107.379,0,CameraPosition,-103.2165,1.683134,-107.5247,CameraRotation,349.8134,268.3117,359.9083,CurrentState,End,Slider,51,Scenario,5
ID,19,Time,1600.659,DronePosition,-20.40468,45,-107.379,0,CameraPosition,-103.2162,1.683175,-107.5249,CameraRotation,349.7888,268.2821,359.9482,CurrentState,End,Slider,51,Scenario,5
ID,19,Time,1600.673,DronePosition,-20.40468,45,-107.379,0,CameraPosition,-103.216,1.683203,-107.5249,CameraRotation,349.7654,268.2777,359.9689,CurrentState,End,Slider,51,Scenario,5
ID,19,Time,1600.687,DronePosition,-20.40468,45,-107.379,0,CameraPosition,-103.2159,1.683244,-107.525,CameraRotation,349.7171,268.2704,-0.0007839763,CurrentState,End,Slider,51,Scenario,5
ID,19,Time,1600.701,DronePosition,-20.40468,45,-107.379,0,CameraPosition,-103.2157,1.683315,-107.5251,CameraRotation,349.6808,268.254,0.02370554,CurrentState,End,Slider,51,Scenario,5
ID,19,Time,1600.715,DronePosition,-20.40468,45,-107.379,0,CameraPosition,-103.2155,1.683364,-107.5251,CameraRotation,349.6522,268.2236,0.03988385,CurrentState,End,Slider,51,Scenario,5
ID,19,Time,1600.729,DronePosition,-20.40468,45,-107.379,0,CameraPosition,-103.2153,1.683395,-107.5251,CameraRotation,349.6271,268.203,0.02250704,CurrentState,End,Slider,51,Scenario,5
ID,19,Time,1600.743,DronePosition,-20.40468,45,-107.379,0,CameraPosition,-103.2151,1.683406,-107.5252,CameraRotation,349.6252,268.1781,0.02088539,CurrentState,End,Slider,51,Scenario,5
ID,19,Time,1600.757,DronePosition,-20.40468,45,-107.379,0,CameraPosition,-103.215,1.683415,-107.5252,CameraRotation,349.6213,268.1602,0.03627918,CurrentState,End,Slider,51,Scenario,5
ID,19,Time,1600.771,DronePosition,-20.40468,45,-107.379,0,CameraPosition,-103.2148,1.683438,-107.5252,CameraRotation,349.6157,268.1473,0.04194391,CurrentState,End,Slider,51,Scenario,5
ID,19,Time,1600.785,DronePosition,-20.40468,45,-107.379,0,CameraPosition,-103.2146,1.683452,-107.5252,CameraRotation,349.613,268.1489,0.01265324,CurrentState,End,Slider,51,Scenario,5
ID,19,Time,1600.799,DronePosition,-20.40468,45,-107.379,0,CameraPosition,-103.2144,1.683472,-107.5252,CameraRotation,349.6089,268.1577,0.001566757,CurrentState,End,Slider,51,Scenario,5
ID,19,Time,1600.813,DronePosition,-20.40468,45,-107.379,0,CameraPosition,-103.2142,1.683489,-107.5252,CameraRotation,349.613,268.1746,0.01816243,CurrentState,End,Slider,51,Scenario,5
ID,19,Time,1600.827,DronePosition,-20.40468,45,-107.379,0,CameraPosition,-103.214,1.683493,-107.5251,CameraRotation,349.616,268.1981,0.01659206,CurrentState,End,Slider,51,Scenario,5
ID,19,Time,1600.845,DronePosition,-20.40468,45,-107.379,0,CameraPosition,-103.2138,1.683481,-107.5251,CameraRotation,349.6294,268.2359,0.02813295,CurrentState,End,Slider,51,Scenario,5
ID,19,Time,1600.868,DronePosition,-20.40468,45,-107.379,0,CameraPosition,-103.2133,1.683464,-107.525,CameraRotation,349.6649,268.3228,0.04308811,CurrentState,End,Slider,51,Scenario,5
ID,19,Time,1600.881,DronePosition,-20.40468,45,-107.379,0,CameraPosition,-103.2131,1.683436,-107.525,CameraRotation,349.6643,268.3467,0.05906193,CurrentState,End,Slider,51,Scenario,5
ID,19,Time,1600.896,DronePosition,-20.40468,45,-107.379,0,CameraPosition,-103.2128,1.683433,-107.5249,CameraRotation,349.6625,268.3598,0.06812708,CurrentState,End,Slider,51,Scenario,5
ID,19,Time,1600.91,DronePosition,-20.40468,45,-107.379,0,CameraPosition,-103.2126,1.683439,-107.5249,CameraRotation,349.6487,268.3739,0.04603077,CurrentState,End,Slider,51,Scenario,5
ID,19,Time,1600.924,DronePosition,-20.40468,45,-107.379,0,CameraPosition,-103.2123,1.683461,-107.5248,CameraRotation,349.646,268.3639,0.01141037,CurrentState,End,Slider,51,Scenario,5
ID,19,Time,1600.938,DronePosition,-20.40468,45,-107.379,0,CameraPosition,-103.2121,1.683495,-107.5248,CameraRotation,349.6416,268.3692,359.9749,CurrentState,End,Slider,51,Scenario,5
ID,19,Time,1600.952,DronePosition,-20.40468,45,-107.379,0,CameraPosition,-103.2119,1.683514,-107.5248,CameraRotation,349.6291,268.3568,359.9651,CurrentState,End,Slider,51,Scenario,5
ID,19,Time,1600.966,DronePosition,-20.40468,45,-107.379,0,CameraPosition,-103.2116,1.683527,-107.5248,CameraRotation,349.603,268.3626,359.9628,CurrentState,End,Slider,51,Scenario,5
ID,19,Time,1600.979,DronePosition,-20.40468,45,-107.379,0,CameraPosition,-103.2113,1.683554,-107.5247,CameraRotation,349.5826,268.3718,359.9781,CurrentState,End,Slider,51,Scenario,5
ID,19,Time,1600.993,DronePosition,-20.40468,45,-107.379,0,CameraPosition,-103.2111,1.68357,-107.5247,CameraRotation,349.5635,268.3972,359.986,CurrentState,End,Slider,51,Scenario,5
ID,19,Time,1601.008,DronePosition,-20.40468,45,-107.379,0,CameraPosition,-103.2109,1.683596,-107.5246,CameraRotation,349.5648,268.4232,359.9813,CurrentState,End,Slider,51,Scenario,5
ID,19,Time,1601.021,DronePosition,-20.40468,45,-107.379,0,CameraPosition,-103.2106,1.68361,-107.5246,CameraRotation,349.5656,268.4601,359.9751,CurrentState,End,Slider,51,Scenario,5
ID,19,Time,1601.036,DronePosition,-20.40468,45,-107.379,0,CameraPosition,-103.2104,1.683617,-107.5245,CameraRotation,349.5581,268.4869,359.9738,CurrentState,End,Slider,51,Scenario,5
ID,19,Time,1601.054,DronePosition,-20.40468,45,-107.379,0,CameraPosition,-103.2101,1.683643,-107.5244,CameraRotation,349.5393,268.5195,359.9609,CurrentState,End,Slider,51,Scenario,5
ID,19,Time,1601.077,DronePosition,-20.40468,45,-107.379,0,CameraPosition,-103.2097,1.683642,-107.5242,CameraRotation,349.5006,268.5853,359.9771,CurrentState,End,Slider,51,Scenario,5
ID,19,Time,1601.091,DronePosition,-20.40468,45,-107.379,0,CameraPosition,-103.2095,1.683629,-107.5241,CameraRotation,349.4938,268.6322,359.9932,CurrentState,End,Slider,51,Scenario,5
ID,19,Time,1601.106,DronePosition,-20.40468,45,-107.379,0,CameraPosition,-103.2093,1.68362,-107.524,CameraRotation,349.4815,268.6828,0.01632006,CurrentState,End,Slider,51,Scenario,5
ID,19,Time,1601.118,DronePosition,-20.40468,45,-107.379,0,CameraPosition,-103.2091,1.683621,-107.5238,CameraRotation,349.4695,268.7446,0.04376691,CurrentState,End,Slider,51,Scenario,5
ID,19,Time,1601.133,DronePosition,-20.40468,45,-107.379,0,CameraPosition,-103.2089,1.683676,-107.5236,CameraRotation,349.4568,268.8129,0.04744089,CurrentState,End,Slider,51,Scenario,5
ID,19,Time,1601.147,DronePosition,-20.40468,45,-107.379,0,CameraPosition,-103.2088,1.683756,-107.5234,CameraRotation,349.4279,268.8836,0.03798893,CurrentState,End,Slider,51,Scenario,5
ID,19,Time,1601.16,DronePosition,-20.40468,45,-107.379,0,CameraPosition,-103.2086,1.683802,-107.5232,CameraRotation,349.4106,268.9559,0.01426967,CurrentState,End,Slider,51,Scenario,5
ID,19,Time,1601.175,DronePosition,-20.40468,45,-107.379,0,CameraPosition,-103.2085,1.683797,-107.523,CameraRotation,349.4366,269.0172,0.01018828,CurrentState,End,Slider,51,Scenario,5
ID,19,Time,1601.189,DronePosition,-20.40468,45,-107.379,0,CameraPosition,-103.2084,1.683777,-107.5229,CameraRotation,349.4927,269.088,0.01936385,CurrentState,End,Slider,51,Scenario,5
ID,19,Time,1601.202,DronePosition,-20.40468,45,-107.379,0,CameraPosition,-103.2082,1.683751,-107.5227,CameraRotation,349.534,269.1651,359.9883,CurrentState,End,Slider,51,Scenario,5
ID,19,Time,1601.217,DronePosition,-20.40468,45,-107.379,0,CameraPosition,-103.208,1.683677,-107.5225,CameraRotation,349.5882,269.243,359.9021,CurrentState,End,Slider,51,Scenario,5
ID,19,Time,1601.23,DronePosition,-20.40468,45,-107.379,0,CameraPosition,-103.2077,1.683558,-107.5224,CameraRotation,349.699,269.3127,359.8485,CurrentState,End,Slider,51,Scenario,5
ID,19,Time,1601.244,DronePosition,-20.40468,45,-107.379,0,CameraPosition,-103.2074,1.683396,-107.5224,CameraRotation,349.814,269.3535,359.8397,CurrentState,End,Slider,51,Scenario,5
ID,19,Time,1601.263,DronePosition,-20.40468,45,-107.379,0,CameraPosition,-103.2071,1.683236,-107.5223,CameraRotation,349.9108,269.3705,359.8446,CurrentState,End,Slider,51,Scenario,5
ID,19,Time,1601.286,DronePosition,-20.40468,45,-107.379,0,CameraPosition,-103.2066,1.683088,-107.5224,CameraRotation,350.0061,269.4011,359.8051,CurrentState,End,Slider,51,Scenario,5
ID,19,Time,1601.299,DronePosition,-20.40468,45,-107.379,0,CameraPosition,-103.2062,1.683055,-107.5225,CameraRotation,350.0051,269.3925,359.7617,CurrentState,End,Slider,51,Scenario,5
ID,19,Time,1601.313,DronePosition,-20.40468,45,-107.379,0,CameraPosition,-103.2059,1.68306,-107.5227,CameraRotation,350.0011,269.3718,359.7327,CurrentState,End,Slider,51,Scenario,5
ID,19,Time,1601.328,DronePosition,-20.40468,45,-107.379,0,CameraPosition,-103.2057,1.683058,-107.5229,CameraRotation,349.9674,269.3116,359.7307,CurrentState,End,Slider,51,Scenario,5
ID,19,Time,1601.341,DronePosition,-20.40468,45,-107.379,0,CameraPosition,-103.2054,1.683074,-107.5232,CameraRotation,349.9451,269.2427,359.7405,CurrentState,End,Slider,51,Scenario,5
ID,19,Time,1601.356,DronePosition,-20.40468,45,-107.379,0,CameraPosition,-103.205,1.683164,-107.5235,CameraRotation,349.8999,269.1227,359.7437,CurrentState,End,Slider,51,Scenario,5
ID,19,Time,1601.37,DronePosition,-20.40468,45,-107.379,0,CameraPosition,-103.2047,1.683251,-107.524,CameraRotation,349.8417,268.9769,359.7547,CurrentState,End,Slider,51,Scenario,5
ID,19,Time,1601.383,DronePosition,-20.40468,45,-107.379,0,CameraPosition,-103.2043,1.683355,-107.5244,CameraRotation,349.7921,268.8343,359.8018,CurrentState,End,Slider,51,Scenario,5
ID,19,Time,1601.397,DronePosition,-20.40468,45,-107.379,0,CameraPosition,-103.204,1.683483,-107.5248,CameraRotation,349.6896,268.667,359.8639,CurrentState,End,Slider,51,Scenario,5
ID,19,Time,1601.411,DronePosition,-20.40468,45,-107.379,0,CameraPosition,-103.2037,1.683638,-107.5252,CameraRotation,349.6124,268.5273,359.8849,CurrentState,End,Slider,51,Scenario,5
ID,19,Time,1601.425,DronePosition,-20.40468,45,-107.379,0,CameraPosition,-103.2034,1.683754,-107.5256,CameraRotation,349.5526,268.4177,359.9244,CurrentState,End,Slider,51,Scenario,5
ID,19,Time,1601.439,DronePosition,-20.40468,45,-107.379,0,CameraPosition,-103.2031,1.683817,-107.5259,CameraRotation,349.5165,268.3456,359.9878,CurrentState,End,Slider,51,Scenario,5
ID,19,Time,1601.453,DronePosition,-20.40468,45,-107.379,0,CameraPosition,-103.2027,1.683849,-107.5262,CameraRotation,349.5092,268.3089,0.05169525,CurrentState,End,Slider,51,Scenario,5
ID,19,Time,1601.472,DronePosition,-20.40468,45,-107.379,0,CameraPosition,-103.2024,1.683851,-107.5264,CameraRotation,349.5066,268.3015,0.1190763,CurrentState,End,Slider,51,Scenario,5
ID,19,Time,1601.494,DronePosition,-20.40468,45,-107.379,0,CameraPosition,-103.2019,1.683784,-107.5267,CameraRotation,349.5237,268.3351,0.2064106,CurrentState,End,Slider,51,Scenario,5
ID,19,Time,1601.508,DronePosition,-20.40468,45,-107.379,0,CameraPosition,-103.2016,1.683753,-107.5268,CameraRotation,349.5202,268.3521,0.2304443,CurrentState,End,Slider,51,Scenario,5
ID,19,Time,1601.522,DronePosition,-20.40468,45,-107.379,0,CameraPosition,-103.2012,1.683773,-107.5269,CameraRotation,349.5194,268.3691,0.2518067,CurrentState,End,Slider,51,Scenario,5
ID,19,Time,1601.539,DronePosition,-20.40468,45,-107.379,0,CameraPosition,-103.2009,1.683799,-107.527,CameraRotation,349.505,268.3823,0.2679448,CurrentState,End,Slider,51,Scenario,5
ID,19,Time,1601.55,DronePosition,-20.40468,45,-107.379,0,CameraPosition,-103.2006,1.683809,-107.527,CameraRotation,349.4917,268.382,0.2758822,CurrentState,End,Slider,51,Scenario,5
ID,19,Time,1601.564,DronePosition,-20.40468,45,-107.379,0,CameraPosition,-103.2003,1.683818,-107.5271,CameraRotation,349.4881,268.3755,0.2679598,CurrentState,End,Slider,51,Scenario,5
ID,19,Time,1601.578,DronePosition,-20.40468,45,-107.379,0,CameraPosition,-103.2001,1.683825,-107.5272,CameraRotation,349.4915,268.3509,0.2597874,CurrentState,End,Slider,51,Scenario,5
ID,19,Time,1601.592,DronePosition,-20.40468,45,-107.379,0,CameraPosition,-103.1998,1.683841,-107.5272,CameraRotation,349.4934,268.334,0.2462354,CurrentState,End,Slider,51,Scenario,5
ID,19,Time,1601.606,DronePosition,-20.40468,45,-107.379,0,CameraPosition,-103.1994,1.683869,-107.5273,CameraRotation,349.4996,268.3305,0.2137019,CurrentState,End,Slider,51,Scenario,5
ID,19,Time,1601.62,DronePosition,-20.40468,45,-107.379,0,CameraPosition,-103.1992,1.683857,-107.5273,CameraRotation,349.4963,268.3242,0.200367,CurrentState,End,Slider,51,Scenario,5
ID,19,Time,1601.635,DronePosition,-20.40468,45,-107.379,0,CameraPosition,-103.1989,1.683869,-107.5273,CameraRotation,349.4939,268.3347,0.1880035,CurrentState,End,Slider,51,Scenario,5
ID,19,Time,1601.648,DronePosition,-20.40468,45,-107.379,0,CameraPosition,-103.1986,1.683915,-107.5273,CameraRotation,349.4757,268.3498,0.1856269,CurrentState,End,Slider,51,Scenario,5
ID,19,Time,1601.662,DronePosition,-20.40468,45,-107.379,0,CameraPosition,-103.1984,1.683998,-107.5273,CameraRotation,349.4309,268.3854,0.1887945,CurrentState,End,Slider,51,Scenario,5
ID,19,Time,1601.681,DronePosition,-20.40468,45,-107.379,0,CameraPosition,-103.1981,1.68408,-107.5272,CameraRotation,349.394,268.4488,0.193328,CurrentState,End,Slider,51,Scenario,5
ID,19,Time,1601.703,DronePosition,-20.40468,45,-107.379,0,CameraPosition,-103.1975,1.684173,-107.5271,CameraRotation,349.3522,268.5379,0.1928836,CurrentState,End,Slider,51,Scenario,5
ID,19,Time,1601.717,DronePosition,-20.40468,45,-107.379,0,CameraPosition,-103.1973,1.684211,-107.527,CameraRotation,349.3512,268.5803,0.2011902,CurrentState,End,Slider,51,Scenario,5
ID,19,Time,1601.731,DronePosition,-20.40468,45,-107.379,0,CameraPosition,-103.1971,1.68424,-107.5269,CameraRotation,349.3123,268.6295,0.1945419,CurrentState,End,Slider,51,Scenario,5
ID,19,Time,1601.745,DronePosition,-20.40468,45,-107.379,0,CameraPosition,-103.1969,1.684307,-107.5268,CameraRotation,349.2782,268.6713,0.1620482,CurrentState,End,Slider,51,Scenario,5
ID,19,Time,1601.759,DronePosition,-20.40468,45,-107.379,0,CameraPosition,-103.1966,1.684368,-107.5267,CameraRotation,349.2461,268.7049,0.1589269,CurrentState,End,Slider,51,Scenario,5
ID,19,Time,1601.773,DronePosition,-20.40468,45,-107.379,0,CameraPosition,-103.1964,1.684405,-107.5266,CameraRotation,349.2307,268.7393,0.1528001,CurrentState,End,Slider,51,Scenario,5
ID,19,Time,1601.787,DronePosition,-20.40468,45,-107.379,0,CameraPosition,-103.1962,1.684413,-107.5265,CameraRotation,349.211,268.767,0.1550738,CurrentState,End,Slider,51,Scenario,5
ID,19,Time,1601.801,DronePosition,-20.40468,45,-107.379,0,CameraPosition,-103.1961,1.684493,-107.5264,CameraRotation,349.2023,268.8016,0.1666152,CurrentState,End,Slider,51,Scenario,5
ID,19,Time,1601.815,DronePosition,-20.40468,45,-107.379,0,CameraPosition,-103.196,1.684586,-107.5263,CameraRotation,349.1638,268.8356,0.1584084,CurrentState,End,Slider,51,Scenario,5
ID,19,Time,1601.829,DronePosition,-20.40468,45,-107.379,0,CameraPosition,-103.1959,1.684644,-107.5262,CameraRotation,349.1285,268.8853,0.1029729,CurrentState,End,Slider,51,Scenario,5
ID,19,Time,1601.843,DronePosition,-20.40468,45,-107.379,0,CameraPosition,-103.1957,1.684646,-107.5261,CameraRotation,349.1409,268.9196,0.06217654,CurrentState,End,Slider,51,Scenario,5
ID,19,Time,1601.857,DronePosition,-20.40468,45,-107.379,0,CameraPosition,-103.1955,1.684631,-107.526,CameraRotation,349.1774,268.9568,0.06560288,CurrentState,End,Slider,51,Scenario,5
ID,19,Time,1601.871,DronePosition,-20.40468,45,-107.379,0,CameraPosition,-103.1954,1.684574,-107.5259,CameraRotation,349.231,268.983,0.0883615,CurrentState,End,Slider,51,Scenario,5
ID,19,Time,1601.889,DronePosition,-20.40468,45,-107.379,0,CameraPosition,-103.1952,1.684466,-107.5258,CameraRotation,349.2689,269.0177,0.1040836,CurrentState,End,Slider,51,Scenario,5
ID,19,Time,1601.912,DronePosition,-20.40468,45,-107.379,0,CameraPosition,-103.1949,1.684292,-107.5256,CameraRotation,349.3107,269.0757,0.09188097,CurrentState,End,Slider,51,Scenario,5
ID,19,Time,1601.926,DronePosition,-20.40468,45,-107.379,0,CameraPosition,-103.1948,1.684233,-107.5255,CameraRotation,349.3215,269.0997,0.07774244,CurrentState,End,Slider,51,Scenario,5
ID,19,Time,1601.94,DronePosition,-20.40468,45,-107.379,0,CameraPosition,-103.1947,1.684176,-107.5255,CameraRotation,349.3373,269.0852,0.08380765,CurrentState,End,Slider,51,Scenario,5
ID,19,Time,1601.954,DronePosition,-20.40468,45,-107.379,0,CameraPosition,-103.1945,1.684129,-107.5255,CameraRotation,349.379,269.0448,0.09627444,CurrentState,End,Slider,51,Scenario,5
ID,19,Time,1601.968,DronePosition,-20.40468,45,-107.379,0,CameraPosition,-103.1944,1.684073,-107.5255,CameraRotation,349.4236,269.0106,0.08606301,CurrentState,End,Slider,51,Scenario,5
ID,19,Time,1601.982,DronePosition,-20.40468,45,-107.379,0,CameraPosition,-103.1943,1.684006,-107.5255,CameraRotation,349.4813,268.9821,0.06594201,CurrentState,End,Slider,51,Scenario,5
ID,19,Time,1601.996,DronePosition,-20.40468,45,-107.379,0,CameraPosition,-103.1941,1.68395,-107.5255,CameraRotation,349.5189,268.9582,0.0712994,CurrentState,End,Slider,51,Scenario,5
ID,19,Time,1602.01,DronePosition,-20.40468,45,-107.379,0,CameraPosition,-103.1939,1.683956,-107.5255,CameraRotation,349.5297,268.9344,0.08643148,CurrentState,End,Slider,51,Scenario,5
ID,19,Time,1602.024,DronePosition,-20.40468,45,-107.379,0,CameraPosition,-103.1938,1.68396,-107.5255,CameraRotation,349.5161,268.927,0.09722614,CurrentState,End,Slider,51,Scenario,5
ID,19,Time,1602.038,DronePosition,-20.40468,45,-107.379,0,CameraPosition,-103.1936,1.683995,-107.5255,CameraRotation,349.4948,268.9333,0.08670436,CurrentState,End,Slider,51,Scenario,5
ID,19,Time,1602.052,DronePosition,-20.40468,45,-107.379,0,CameraPosition,-103.1934,1.68403,-107.5254,CameraRotation,349.4483,268.9388,0.1160653,CurrentState,End,Slider,51,Scenario,5
ID,19,Time,1602.066,DronePosition,-20.40468,45,-107.379,0,CameraPosition,-103.1932,1.684071,-107.5254,CameraRotation,349.4266,268.9281,0.1428761,CurrentState,End,Slider,51,Scenario,5
ID,19,Time,1602.08,DronePosition,-20.40468,45,-107.379,0,CameraPosition,-103.1931,1.684119,-107.5255,CameraRotation,349.4032,268.8966,0.1823475,CurrentState,End,Slider,51,Scenario,5
ID,19,Time,1602.099,DronePosition,-20.40468,45,-107.379,0,CameraPosition,-103.1929,1.684168,-107.5255,CameraRotation,349.3733,268.866,0.2135956,CurrentState,End,Slider,51,Scenario,5
ID,19,Time,1602.122,DronePosition,-20.40468,45,-107.379,0,CameraPosition,-103.1926,1.684228,-107.5254,CameraRotation,349.3707,268.8379,0.2671472,CurrentState,End,Slider,51,Scenario,5
ID,19,Time,1602.135,DronePosition,-20.40468,45,-107.379,0,CameraPosition,-103.1925,1.684234,-107.5254,CameraRotation,349.3886,268.8397,0.2718556,CurrentState,End,Slider,51,Scenario,5
ID,19,Time,1602.149,DronePosition,-20.40468,45,-107.379,0,CameraPosition,-103.1923,1.684218,-107.5253,CameraRotation,349.4062,268.8449,0.2380745,CurrentState,End,Slider,51,Scenario,5
ID,19,Time,1602.163,DronePosition,-20.40468,45,-107.379,0,CameraPosition,-103.1921,1.684234,-107.5253,CameraRotation,349.4132,268.8175,0.2218777,CurrentState,End,Slider,51,Scenario,5
ID,19,Time,1602.176,DronePosition,-20.40468,45,-107.379,0,CameraPosition,-103.192,1.6843,-107.5253,CameraRotation,349.3746,268.8042,0.234905,CurrentState,End,Slider,51,Scenario,5
ID,19,Time,1602.191,DronePosition,-20.40468,45,-107.379,0,CameraPosition,-103.1918,1.68444,-107.5252,CameraRotation,349.2973,268.7944,0.2460327,CurrentState,End,Slider,51,Scenario,5
ID,19,Time,1602.205,DronePosition,-20.40468,45,-107.379,0,CameraPosition,-103.1916,1.684587,-107.5252,CameraRotation,349.2147,268.7786,0.2597085,CurrentState,End,Slider,51,Scenario,5
ID,19,Time,1602.219,DronePosition,-20.40468,45,-107.379,0,CameraPosition,-103.1915,1.684714,-107.5251,CameraRotation,349.1554,268.7804,0.2683817,CurrentState,End,Slider,51,Scenario,5
ID,19,Time,1602.233,DronePosition,-20.40468,45,-107.379,0,CameraPosition,-103.1913,1.684799,-107.5251,CameraRotation,349.1131,268.7821,0.2703307,CurrentState,End,Slider,51,Scenario,5
ID,19,Time,1602.246,DronePosition,-20.40468,45,-107.379,0,CameraPosition,-103.1912,1.684854,-107.525,CameraRotation,349.0865,268.7755,0.2699144,CurrentState,End,Slider,51,Scenario,5
ID,19,Time,1602.26,DronePosition,-20.40468,45,-107.379,0,CameraPosition,-103.1912,1.684909,-107.525,CameraRotation,349.0644,268.7651,0.2705802,CurrentState,End,Slider,51,Scenario,5
ID,19,Time,1602.274,DronePosition,-20.40468,45,-107.379,0,CameraPosition,-103.1911,1.684984,-107.5249,CameraRotation,349.0305,268.7654,0.2611861,CurrentState,End,Slider,51,Scenario,5
ID,19,Time,1602.289,DronePosition,-20.40468,45,-107.379,0,CameraPosition,-103.1911,1.685088,-107.5249,CameraRotation,348.9822,268.7629,0.2574643,CurrentState,End,Slider,51,Scenario,5
ID,19,Time,1602.307,DronePosition,-20.40468,45,-107.379,0,CameraPosition,-103.191,1.685194,-107.5248,CameraRotation,348.9338,268.7535,0.2697245,CurrentState,End,Slider,51,Scenario,5
ID,19,Time,1602.329,DronePosition,-20.40468,45,-107.379,0,CameraPosition,-103.191,1.685386,-107.5247,CameraRotation,348.8439,268.7635,0.2733768,CurrentState,End,Slider,51,Scenario,5
ID,19,Time,1602.344,DronePosition,-20.40468,45,-107.379,0,CameraPosition,-103.191,1.685498,-107.5247,CameraRotation,348.7837,268.7573,0.2718121,CurrentState,End,Slider,51,Scenario,5
ID,19,Time,1602.358,DronePosition,-20.40468,45,-107.379,0,CameraPosition,-103.191,1.685608,-107.5247,CameraRotation,348.7484,268.7353,0.2843142,CurrentState,End,Slider,51,Scenario,5
ID,19,Time,1602.372,DronePosition,-20.40468,45,-107.379,0,CameraPosition,-103.191,1.685695,-107.5246,CameraRotation,348.7167,268.7214,0.2705467,CurrentState,End,Slider,51,Scenario,5
ID,19,Time,1602.386,DronePosition,-20.40468,45,-107.379,0,CameraPosition,-103.1911,1.685788,-107.5246,CameraRotation,348.7059,268.7023,0.2762331,CurrentState,End,Slider,51,Scenario,5
ID,19,Time,1602.4,DronePosition,-20.40468,45,-107.379,0,CameraPosition,-103.1911,1.685909,-107.5246,CameraRotation,348.668,268.6879,0.2786342,CurrentState,End,Slider,51,Scenario,5
ID,19,Time,1602.414,DronePosition,-20.40468,45,-107.379,0,CameraPosition,-103.1913,1.686048,-107.5245,CameraRotation,348.6073,268.6764,0.2454688,CurrentState,End,Slider,51,Scenario,5
ID,19,Time,1602.428,DronePosition,-20.40468,45,-107.379,0,CameraPosition,-103.1914,1.686218,-107.5246,CameraRotation,348.5634,268.6624,0.1747907,CurrentState,End,Slider,51,Scenario,5
ID,19,Time,1602.442,DronePosition,-20.40468,45,-107.379,0,CameraPosition,-103.1915,1.686357,-107.5246,CameraRotation,348.533,268.6463,0.1784523,CurrentState,End,Slider,51,Scenario,5
ID,19,Time,1602.457,DronePosition,-20.40468,45,-107.379,0,CameraPosition,-103.1917,1.686484,-107.5246,CameraRotation,348.5304,268.634,0.2044811,CurrentState,End,Slider,51,Scenario,5
ID,19,Time,1602.47,DronePosition,-20.40468,45,-107.379,0,CameraPosition,-103.1918,1.686579,-107.5246,CameraRotation,348.5484,268.6208,0.239931,CurrentState,End,Slider,51,Scenario,5
ID,19,Time,1602.484,DronePosition,-20.40468,45,-107.379,0,CameraPosition,-103.192,1.686683,-107.5246,CameraRotation,348.5741,268.6074,0.2668485,CurrentState,End,Slider,51,Scenario,5
ID,19,Time,1602.498,DronePosition,-20.40468,45,-107.379,0,CameraPosition,-103.1922,1.686803,-107.5247,CameraRotation,348.5867,268.6011,0.2937909,CurrentState,End,Slider,51,Scenario,5
ID,19,Time,1602.516,DronePosition,-20.40468,45,-107.379,0,CameraPosition,-103.1924,1.686947,-107.5247,CameraRotation,348.5862,268.5887,0.3146503,CurrentState,End,Slider,51,Scenario,5
ID,19,Time,1602.539,DronePosition,-20.40468,45,-107.379,0,CameraPosition,-103.1929,1.687177,-107.5249,CameraRotation,348.5816,268.566,0.3518619,CurrentState,End,Slider,51,Scenario,5
ID,19,Time,1602.553,DronePosition,-20.40468,45,-107.379,0,CameraPosition,-103.1931,1.687344,-107.525,CameraRotation,348.602,268.5427,0.3712099,CurrentState,End,Slider,51,Scenario,5
ID,19,Time,1602.567,DronePosition,-20.40468,45,-107.379,0,CameraPosition,-103.1934,1.68751,-107.5251,CameraRotation,348.6151,268.5247,0.376739,CurrentState,End,Slider,51,Scenario,5
ID,19,Time,1602.581,DronePosition,-20.40468,45,-107.379,0,CameraPosition,-103.1936,1.687654,-107.5252,CameraRotation,348.6311,268.502,0.3803301,CurrentState,End,Slider,51,Scenario,5
ID,19,Time,1602.595,DronePosition,-20.40468,45,-107.379,0,CameraPosition,-103.1939,1.687758,-107.5252,CameraRotation,348.6581,268.4975,0.3982195,CurrentState,End,Slider,51,Scenario,5
ID,19,Time,1602.609,DronePosition,-20.40468,45,-107.379,0,CameraPosition,-103.1941,1.687817,-107.5253,CameraRotation,348.7036,268.5034,0.4046101,CurrentState,End,Slider,51,Scenario,5
ID,19,Time,1602.623,DronePosition,-20.40468,45,-107.379,0,CameraPosition,-103.1944,1.687878,-107.5253,CameraRotation,348.7445,268.5217,0.3746174,CurrentState,End,Slider,51,Scenario,5
ID,19,Time,1602.637,DronePosition,-20.40468,45,-107.379,0,CameraPosition,-103.1947,1.68795,-107.5254,CameraRotation,348.7573,268.5493,0.3555098,CurrentState,End,Slider,51,Scenario,5
ID,19,Time,1602.651,DronePosition,-20.40468,45,-107.379,0,CameraPosition,-103.195,1.688016,-107.5254,CameraRotation,348.7825,268.5754,0.3614207,CurrentState,End,Slider,51,Scenario,5
ID,19,Time,1602.665,DronePosition,-20.40468,45,-107.379,0,CameraPosition,-103.1953,1.688076,-107.5255,CameraRotation,348.8047,268.6035,0.3680219,CurrentState,End,Slider,51,Scenario,5
ID,19,Time,1602.679,DronePosition,-20.40468,45,-107.379,0,CameraPosition,-103.1955,1.688118,-107.5256,CameraRotation,348.8077,268.6236,0.3823218,CurrentState,End,Slider,51,Scenario,5
ID,19,Time,1602.693,DronePosition,-20.40468,45,-107.379,0,CameraPosition,-103.1958,1.688146,-107.5258,CameraRotation,348.8208,268.6378,0.400971,CurrentState,End,Slider,51,Scenario,5
ID,19,Time,1602.707,DronePosition,-20.40468,45,-107.379,0,CameraPosition,-103.196,1.688164,-107.526,CameraRotation,348.8434,268.6401,0.4215383,CurrentState,End,Slider,51,Scenario,5
ID,19,Time,1602.725,DronePosition,-20.40468,45,-107.379,0,CameraPosition,-103.1963,1.688191,-107.5262,CameraRotation,348.8695,268.6303,0.4399215,CurrentState,End,Slider,51,Scenario,5
ID,19,Time,1602.748,DronePosition,-20.40468,45,-107.379,0,CameraPosition,-103.1969,1.688223,-107.5267,CameraRotation,348.916,268.5571,0.4893783,CurrentState,End,Slider,51,Scenario,5
ID,19,Time,1602.762,DronePosition,-20.40468,45,-107.379,0,CameraPosition,-103.1971,1.688214,-107.5269,CameraRotation,348.9417,268.4915,0.5322628,CurrentState,End,Slider,51,Scenario,5
ID,19,Time,1602.776,DronePosition,-20.40468,45,-107.379,0,CameraPosition,-103.1974,1.6882,-107.5272,CameraRotation,348.9644,268.4376,0.556385,CurrentState,End,Slider,51,Scenario,5
ID,19,Time,1602.789,DronePosition,-20.40468,45,-107.379,0,CameraPosition,-103.1977,1.688167,-107.5274,CameraRotation,348.9867,268.3775,0.5890384,CurrentState,End,Slider,51,Scenario,5
ID,19,Time,1602.804,DronePosition,-20.40468,45,-107.379,0,CameraPosition,-103.198,1.688138,-107.5277,CameraRotation,349.0378,268.322,0.6179406,CurrentState,End,Slider,51,Scenario,5
ID,19,Time,1602.818,DronePosition,-20.40468,45,-107.379,0,CameraPosition,-103.1982,1.688081,-107.5279,CameraRotation,349.0901,268.2745,0.6528245,CurrentState,End,Slider,51,Scenario,5
ID,19,Time,1602.831,DronePosition,-20.40468,45,-107.379,0,CameraPosition,-103.1985,1.688073,-107.5281,CameraRotation,349.1516,268.2721,0.673166,CurrentState,End,Slider,51,Scenario,5
ID,19,Time,1602.845,DronePosition,-20.40468,45,-107.379,0,CameraPosition,-103.1987,1.688102,-107.5283,CameraRotation,349.1718,268.2768,0.710761,CurrentState,End,Slider,51,Scenario,5
ID,19,Time,1602.859,DronePosition,-20.40468,45,-107.379,0,CameraPosition,-103.199,1.688113,-107.5285,CameraRotation,349.2029,268.2706,0.7484473,CurrentState,End,Slider,51,Scenario,5
ID,19,Time,1602.873,DronePosition,-20.40468,45,-107.379,0,CameraPosition,-103.1992,1.688089,-107.5287,CameraRotation,349.2307,268.2422,0.7838398,CurrentState,End,Slider,51,Scenario,5
ID,19,Time,1602.887,DronePosition,-20.40468,45,-107.379,0,CameraPosition,-103.1995,1.688037,-107.529,CameraRotation,349.2641,268.1777,0.8317521,CurrentState,End,Slider,51,Scenario,5
ID,19,Time,1602.901,DronePosition,-20.40468,45,-107.379,0,CameraPosition,-103.1997,1.687955,-107.5292,CameraRotation,349.3113,268.1126,0.8960888,CurrentState,End,Slider,51,Scenario,5
ID,19,Time,1602.915,DronePosition,-20.40468,45,-107.379,0,CameraPosition,-103.2,1.687888,-107.5295,CameraRotation,349.3412,268.0454,0.9356775,CurrentState,End,Slider,51,Scenario,5
ID,19,Time,1602.934,DronePosition,-20.40468,45,-107.379,0,CameraPosition,-103.2002,1.687851,-107.5297,CameraRotation,349.3591,267.9618,0.9724531,CurrentState,End,Slider,51,Scenario,5
ID,19,Time,1602.956,DronePosition,-20.40468,45,-107.379,0,CameraPosition,-103.2006,1.687709,-107.5302,CameraRotation,349.3914,267.8126,1.037222,CurrentState,End,Slider,51,Scenario,5
ID,19,Time,1602.97,DronePosition,-20.40468,45,-107.379,0,CameraPosition,-103.2009,1.687614,-107.5304,CameraRotation,349.4241,267.7545,1.070167,CurrentState,End,Slider,51,Scenario,5
ID,19,Time,1602.984,DronePosition,-20.40468,45,-107.379,0,CameraPosition,-103.2011,1.687572,-107.5305,CameraRotation,349.4214,267.712,1.1148,CurrentState,End,Slider,51,Scenario,5
ID,19,Time,1602.998,DronePosition,-20.40468,45,-107.379,0,CameraPosition,-103.2013,1.687573,-107.5306,CameraRotation,349.3941,267.7039,1.120356,CurrentState,End,Slider,51,Scenario,5
ID,19,Time,1603.012,DronePosition,-20.40468,45,-107.379,0,CameraPosition,-103.2014,1.687551,-107.5307,CameraRotation,349.392,267.6955,1.08208,CurrentState,End,Slider,51,Scenario,5
ID,19,Time,1603.026,DronePosition,-20.40468,45,-107.379,0,CameraPosition,-103.2016,1.687524,-107.5307,CameraRotation,349.4302,267.6787,1.073558,CurrentState,End,Slider,51,Scenario,5
ID,19,Time,1603.04,DronePosition,-20.40468,45,-107.379,0,CameraPosition,-103.2017,1.687516,-107.5308,CameraRotation,349.467,267.6701,1.079397,CurrentState,End,Slider,51,Scenario,5
ID,19,Time,1603.054,DronePosition,-20.40468,45,-107.379,0,CameraPosition,-103.2018,1.687532,-107.5308,CameraRotation,349.4902,267.6341,1.113732,CurrentState,End,Slider,51,Scenario,5
ID,19,Time,1603.068,DronePosition,-20.40468,45,-107.379,0,CameraPosition,-103.2019,1.68755,-107.5309,CameraRotation,349.5093,267.6086,1.14775,CurrentState,End,Slider,51,Scenario,5
ID,19,Time,1603.082,DronePosition,-20.40468,45,-107.379,0,CameraPosition,-103.202,1.687572,-107.5309,CameraRotation,349.5095,267.5761,1.150756,CurrentState,End,Slider,51,Scenario,5
ID,19,Time,1603.096,DronePosition,-20.40468,45,-107.379,0,CameraPosition,-103.2021,1.68758,-107.5309,CameraRotation,349.483,267.5471,1.130276,CurrentState,End,Slider,51,Scenario,5
ID,19,Time,1603.11,DronePosition,-20.40468,45,-107.379,0,CameraPosition,-103.2021,1.687572,-107.5309,CameraRotation,349.4715,267.5137,1.115879,CurrentState,End,Slider,51,Scenario,5
ID,19,Time,1603.124,DronePosition,-20.40468,45,-107.379,0,CameraPosition,-103.2022,1.687522,-107.5309,CameraRotation,349.4659,267.472,1.109648,CurrentState,End,Slider,51,Scenario,5
ID,19,Time,1603.143,DronePosition,-20.40468,45,-107.379,0,CameraPosition,-103.2022,1.687465,-107.5309,CameraRotation,349.4638,267.4288,1.078568,CurrentState,End,Slider,51,Scenario,5
ID,19,Time,1603.165,DronePosition,-20.40468,45,-107.379,0,CameraPosition,-103.2023,1.687343,-107.5307,CameraRotation,349.4605,267.3652,1.00767,CurrentState,End,Slider,51,Scenario,5
ID,19,Time,1603.179,DronePosition,-20.40468,45,-107.379,0,CameraPosition,-103.2023,1.687271,-107.5306,CameraRotation,349.4637,267.3508,0.9852988,CurrentState,End,Slider,51,Scenario,5
ID,19,Time,1603.193,DronePosition,-20.40468,45,-107.379,0,CameraPosition,-103.2022,1.687236,-107.5305,CameraRotation,349.4592,267.353,0.9640849,CurrentState,End,Slider,51,Scenario,5
ID,19,Time,1603.207,DronePosition,-20.40468,45,-107.379,0,CameraPosition,-103.2022,1.68724,-107.5304,CameraRotation,349.4467,267.3695,0.9339892,CurrentState,End,Slider,51,Scenario,5
ID,19,Time,1603.221,DronePosition,-20.40468,45,-107.379,0,CameraPosition,-103.2022,1.687266,-107.5303,CameraRotation,349.4384,267.3897,0.916626,CurrentState,End,Slider,51,Scenario,5
ID,19,Time,1603.235,DronePosition,-20.40468,45,-107.379,0,CameraPosition,-103.2021,1.687292,-107.5302,CameraRotation,349.4284,267.4208,0.9149794,CurrentState,End,Slider,51,Scenario,5
ID,19,Time,1603.249,DronePosition,-20.40468,45,-107.379,0,CameraPosition,-103.2021,1.687328,-107.5301,CameraRotation,349.403,267.4495,0.9193891,CurrentState,End,Slider,51,Scenario,5
ID,19,Time,1603.263,DronePosition,-20.40468,45,-107.379,0,CameraPosition,-103.202,1.687379,-107.53,CameraRotation,349.3693,267.4722,0.9359151,CurrentState,End,Slider,51,Scenario,5
ID,19,Time,1603.277,DronePosition,-20.40468,45,-107.379,0,CameraPosition,-103.2019,1.68745,-107.53,CameraRotation,349.326,267.49,0.9556814,CurrentState,End,Slider,51,Scenario,5
ID,19,Time,1603.291,DronePosition,-20.40468,45,-107.379,0,CameraPosition,-103.2018,1.687516,-107.5299,CameraRotation,349.2738,267.4977,0.9679086,CurrentState,End,Slider,51,Scenario,5
ID,19,Time,1603.305,DronePosition,-20.40468,45,-107.379,0,CameraPosition,-103.2017,1.687577,-107.5298,CameraRotation,349.2306,267.4979,0.9692143,CurrentState,End,Slider,51,Scenario,5
ID,19,Time,1603.319,DronePosition,-20.40468,45,-107.379,0,CameraPosition,-103.2015,1.68763,-107.5298,CameraRotation,349.192,267.4843,0.9646371,CurrentState,End,Slider,51,Scenario,5
ID,19,Time,1603.333,DronePosition,-20.40468,45,-107.379,0,CameraPosition,-103.2013,1.687697,-107.5297,CameraRotation,349.1442,267.4702,0.9419277,CurrentState,End,Slider,51,Scenario,5
ID,19,Time,1603.351,DronePosition,-20.40468,45,-107.379,0,CameraPosition,-103.2012,1.687786,-107.5297,CameraRotation,349.0891,267.4459,0.922317,CurrentState,End,Slider,51,Scenario,5
ID,19,Time,1603.374,DronePosition,-20.40468,45,-107.379,0,CameraPosition,-103.2008,1.688088,-107.5297,CameraRotation,348.9233,267.3482,0.9376653,CurrentState,End,Slider,51,Scenario,5
ID,19,Time,1603.388,DronePosition,-20.40468,45,-107.379,0,CameraPosition,-103.2006,1.688247,-107.5297,CameraRotation,348.8595,267.2839,0.9712244,CurrentState,End,Slider,51,Scenario,5
ID,19,Time,1603.402,DronePosition,-20.40468,45,-107.379,0,CameraPosition,-103.2005,1.68838,-107.5298,CameraRotation,348.7967,267.232,1.018833,CurrentState,End,Slider,51,Scenario,5
ID,19,Time,1603.416,DronePosition,-20.40468,45,-107.379,0,CameraPosition,-103.2003,1.688507,-107.5298,CameraRotation,348.7503,267.1576,1.080332,CurrentState,End,Slider,51,Scenario,5
ID,19,Time,1603.43,DronePosition,-20.40468,45,-107.379,0,CameraPosition,-103.2,1.68863,-107.5298,CameraRotation,348.7096,267.0784,1.147882,CurrentState,End,Slider,51,Scenario,5
ID,19,Time,1603.444,DronePosition,-20.40468,45,-107.379,0,CameraPosition,-103.1999,1.688724,-107.5298,CameraRotation,348.6656,266.994,1.208349,CurrentState,End,Slider,51,Scenario,5
ID,19,Time,1603.458,DronePosition,-20.40468,45,-107.379,0,CameraPosition,-103.1996,1.688822,-107.5299,CameraRotation,348.6379,266.9136,1.245947,CurrentState,End,Slider,51,Scenario,5
ID,19,Time,1603.472,DronePosition,-20.40468,45,-107.379,0,CameraPosition,-103.1994,1.688877,-107.5298,CameraRotation,348.6074,266.8377,1.2773,CurrentState,End,Slider,51,Scenario,5
ID,19,Time,1603.486,DronePosition,-20.40468,45,-107.379,0,CameraPosition,-103.1992,1.688899,-107.5298,CameraRotation,348.5655,266.7863,1.304717,CurrentState,End,Slider,51,Scenario,5
ID,19,Time,1603.499,DronePosition,-20.40468,45,-107.379,0,CameraPosition,-103.199,1.688919,-107.5297,CameraRotation,348.5453,266.751,1.320898,CurrentState,End,Slider,51,Scenario,5
ID,19,Time,1603.514,DronePosition,-20.40468,45,-107.379,0,CameraPosition,-103.1988,1.688939,-107.5295,CameraRotation,348.5213,266.7398,1.332548,CurrentState,End,Slider,51,Scenario,5
ID,19,Time,1603.528,DronePosition,-20.40468,45,-107.379,0,CameraPosition,-103.1986,1.688954,-107.5293,CameraRotation,348.5076,266.7585,1.316661,CurrentState,End,Slider,51,Scenario,5
ID,19,Time,1603.541,DronePosition,-20.40468,45,-107.379,0,CameraPosition,-103.1984,1.688952,-107.529,CameraRotation,348.4982,266.8088,1.265193,CurrentState,End,Slider,51,Scenario,5
ID,19,Time,1603.561,DronePosition,-20.40468,45,-107.379,0,CameraPosition,-103.1982,1.688934,-107.5287,CameraRotation,348.5138,266.8814,1.198703,CurrentState,End,Slider,51,Scenario,5
ID,19,Time,1603.583,DronePosition,-20.40468,45,-107.379,0,CameraPosition,-103.1978,1.688964,-107.5277,CameraRotation,348.5468,267.135,1.04557,CurrentState,End,Slider,51,Scenario,5
ID,19,Time,1603.596,DronePosition,-20.40468,45,-107.379,0,CameraPosition,-103.1976,1.688969,-107.5273,CameraRotation,348.5471,267.2371,0.9161019,CurrentState,End,Slider,51,Scenario,5
ID,19,Time,1603.61,DronePosition,-20.40468,45,-107.379,0,CameraPosition,-103.1973,1.688976,-107.527,CameraRotation,348.5824,267.3624,0.7806292,CurrentState,End,Slider,51,Scenario,5
ID,19,Time,1603.625,DronePosition,-20.40468,45,-107.379,0,CameraPosition,-103.1971,1.688979,-107.5266,CameraRotation,348.6175,267.476,0.6785486,CurrentState,End,Slider,51,Scenario,5
ID,19,Time,1603.638,DronePosition,-20.40468,45,-107.379,0,CameraPosition,-103.1968,1.688967,-107.5264,CameraRotation,348.6293,267.569,0.6063671,CurrentState,End,Slider,51,Scenario,5
ID,19,Time,1603.653,DronePosition,-20.40468,45,-107.379,0,CameraPosition,-103.1965,1.688922,-107.5261,CameraRotation,348.6342,267.6396,0.5881436,CurrentState,End,Slider,51,Scenario,5
ID,19,Time,1603.667,DronePosition,-20.40468,45,-107.379,0,CameraPosition,-103.1963,1.688866,-107.5259,CameraRotation,348.6451,267.6869,0.5866438,CurrentState,End,Slider,51,Scenario,5
ID,19,Time,1603.68,DronePosition,-20.40468,45,-107.379,0,CameraPosition,-103.196,1.688813,-107.5257,CameraRotation,348.6521,267.7351,0.5670153,CurrentState,End,Slider,51,Scenario,5
ID,19,Time,1603.694,DronePosition,-20.40468,45,-107.379,0,CameraPosition,-103.1957,1.688757,-107.5256,CameraRotation,348.6509,267.7807,0.5417834,CurrentState,End,Slider,51,Scenario,5
ID,19,Time,1603.708,DronePosition,-20.40468,45,-107.379,0,CameraPosition,-103.1954,1.688713,-107.5255,CameraRotation,348.6521,267.8014,0.5435314,CurrentState,End,Slider,51,Scenario,5
ID,19,Time,1603.723,DronePosition,-20.40468,45,-107.379,0,CameraPosition,-103.1952,1.688645,-107.5254,CameraRotation,348.6509,267.8209,0.5536085,CurrentState,End,Slider,51,Scenario,5
ID,19,Time,1603.737,DronePosition,-20.40468,45,-107.379,0,CameraPosition,-103.1949,1.688588,-107.5253,CameraRotation,348.6863,267.8411,0.5498359,CurrentState,End,Slider,51,Scenario,5
ID,19,Time,1603.751,DronePosition,-20.40468,45,-107.379,0,CameraPosition,-103.1946,1.688494,-107.5253,CameraRotation,348.73,267.8519,0.5648404,CurrentState,End,Slider,51,Scenario,5
ID,19,Time,1603.769,DronePosition,-20.40468,45,-107.379,0,CameraPosition,-103.1943,1.688442,-107.5252,CameraRotation,348.7867,267.8788,0.5949546,CurrentState,End,Slider,51,Scenario,5
ID,19,Time,1603.792,DronePosition,-20.40468,45,-107.379,0,CameraPosition,-103.1937,1.688402,-107.5251,CameraRotation,348.8276,267.984,0.6304981,CurrentState,End,Slider,51,Scenario,5
ID,19,Time,1603.805,DronePosition,-20.40468,45,-107.379,0,CameraPosition,-103.1934,1.688434,-107.5251,CameraRotation,348.8154,268.0441,0.6123565,CurrentState,End,Slider,51,Scenario,5
ID,19,Time,1603.819,DronePosition,-20.40468,45,-107.379,0,CameraPosition,-103.1931,1.688453,-107.525,CameraRotation,348.7961,268.1155,0.6300218,CurrentState,End,Slider,51,Scenario,5
ID,19,Time,1603.833,DronePosition,-20.40468,45,-107.379,0,CameraPosition,-103.1928,1.688425,-107.525,CameraRotation,348.7846,268.1804,0.6653571,CurrentState,End,Slider,51,Scenario,5
ID,19,Time,1603.847,DronePosition,-20.40468,45,-107.379,0,CameraPosition,-103.1925,1.688395,-107.525,CameraRotation,348.7865,268.227,0.6897646,CurrentState,End,Slider,51,Scenario,5
ID,19,Time,1603.861,DronePosition,-20.40468,45,-107.379,0,CameraPosition,-103.1922,1.688361,-107.525,CameraRotation,348.7867,268.2553,0.7077491,CurrentState,End,Slider,51,Scenario,5
ID,19,Time,1603.875,DronePosition,-20.40468,45,-107.379,0,CameraPosition,-103.1919,1.688305,-107.525,CameraRotation,348.8145,268.2637,0.7350398,CurrentState,End,Slider,51,Scenario,5
ID,19,Time,1603.889,DronePosition,-20.40468,45,-107.379,0,CameraPosition,-103.1917,1.688222,-107.525,CameraRotation,348.8615,268.2831,0.7564171,CurrentState,End,Slider,51,Scenario,5
ID,19,Time,1603.903,DronePosition,-20.40468,45,-107.379,0,CameraPosition,-103.1914,1.688133,-107.525,CameraRotation,348.9234,268.2952,0.7568262,CurrentState,End,Slider,51,Scenario,5
ID,19,Time,1603.917,DronePosition,-20.40468,45,-107.379,0,CameraPosition,-103.1911,1.688076,-107.525,CameraRotation,348.9773,268.3227,0.7495289,CurrentState,End,Slider,51,Scenario,5
ID,19,Time,1603.931,DronePosition,-20.40468,45,-107.379,0,CameraPosition,-103.1909,1.688032,-107.525,CameraRotation,349.0051,268.3551,0.7380857,CurrentState,End,Slider,51,Scenario,5
ID,19,Time,1603.945,DronePosition,-20.40468,45,-107.379,0,CameraPosition,-103.1906,1.688007,-107.5249,CameraRotation,349.0255,268.3992,0.7277212,CurrentState,End,Slider,51,Scenario,5
ID,19,Time,1603.959,DronePosition,-20.40468,45,-107.379,0,CameraPosition,-103.1904,1.688012,-107.5249,CameraRotation,349.0424,268.4622,0.7190955,CurrentState,End,Slider,51,Scenario,5
ID,19,Time,1603.978,DronePosition,-20.40468,45,-107.379,0,CameraPosition,-103.1902,1.688022,-107.5248,CameraRotation,349.0651,268.5324,0.7060627,CurrentState,End,Slider,51,Scenario,5
ID,19,Time,1604,DronePosition,-20.40468,45,-107.379,0,CameraPosition,-103.1897,1.688029,-107.5247,CameraRotation,349.1012,268.6578,0.7036948,CurrentState,End,Slider,51,Scenario,5
ID,19,Time,1604.014,DronePosition,-20.40468,45,-107.379,0,CameraPosition,-103.1895,1.688039,-107.5246,CameraRotation,349.1107,268.713,0.7051695,CurrentState,End,Slider,51,Scenario,5
ID,19,Time,1604.028,DronePosition,-20.40468,45,-107.379,0,CameraPosition,-103.1893,1.688029,-107.5246,CameraRotation,349.1001,268.7545,0.6905589,CurrentState,End,Slider,51,Scenario,5
ID,19,Time,1604.042,DronePosition,-20.40468,45,-107.379,0,CameraPosition,-103.189,1.688001,-107.5246,CameraRotation,349.1011,268.7821,0.6870627,CurrentState,End,Slider,51,Scenario,5
ID,19,Time,1604.056,DronePosition,-20.40468,45,-107.379,0,CameraPosition,-103.1889,1.687957,-107.5246,CameraRotation,349.1033,268.8059,0.6708271,CurrentState,End,Slider,51,Scenario,5
ID,19,Time,1604.071,DronePosition,-20.40468,45,-107.379,0,CameraPosition,-103.1887,1.687895,-107.5246,CameraRotation,349.1093,268.8206,0.6615102,CurrentState,End,Slider,51,Scenario,5
ID,19,Time,1604.084,DronePosition,-20.40468,45,-107.379,0,CameraPosition,-103.1885,1.68785,-107.5246,CameraRotation,349.144,268.834,0.6622663,CurrentState,End,Slider,51,Scenario,5
ID,19,Time,1604.098,DronePosition,-20.40468,45,-107.379,0,CameraPosition,-103.1883,1.687804,-107.5246,CameraRotation,349.1622,268.8332,0.6699605,CurrentState,End,Slider,51,Scenario,5
ID,19,Time,1604.112,DronePosition,-20.40468,45,-107.379,0,CameraPosition,-103.1881,1.687785,-107.5246,CameraRotation,349.181,268.8246,0.6911984,CurrentState,End,Slider,51,Scenario,5
ID,19,Time,1604.126,DronePosition,-20.40468,45,-107.379,0,CameraPosition,-103.1879,1.687738,-107.5247,CameraRotation,349.1924,268.8016,0.7201407,CurrentState,End,Slider,51,Scenario,5
ID,19,Time,1604.14,DronePosition,-20.40468,45,-107.379,0,CameraPosition,-103.1877,1.687663,-107.5247,CameraRotation,349.2039,268.7653,0.7247187,CurrentState,End,Slider,51,Scenario,5
ID,19,Time,1604.155,DronePosition,-20.40468,45,-107.379,0,CameraPosition,-103.1876,1.687597,-107.5248,CameraRotation,349.2376,268.7085,0.7469202,CurrentState,End,Slider,51,Scenario,5
ID,19,Time,1604.168,DronePosition,-20.40468,45,-107.379,0,CameraPosition,-103.1874,1.687562,-107.5248,CameraRotation,349.2535,268.6442,0.7831543,CurrentState,End,Slider,51,Scenario,5
ID,19,Time,1604.187,DronePosition,-20.40468,45,-107.379,0,CameraPosition,-103.1873,1.687539,-107.5249,CameraRotation,349.2385,268.5757,0.7465087,CurrentState,End,Slider,51,Scenario,5
ID,19,Time,1604.209,DronePosition,-20.40468,45,-107.379,0,CameraPosition,-103.187,1.68744,-107.525,CameraRotation,349.2758,268.472,0.6154924,CurrentState,End,Slider,51,Scenario,5
ID,19,Time,1604.223,DronePosition,-20.40468,45,-107.379,0,CameraPosition,-103.1868,1.687377,-107.5251,CameraRotation,349.316,268.438,0.6045628,CurrentState,End,Slider,51,Scenario,5
ID,19,Time,1604.237,DronePosition,-20.40468,45,-107.379,0,CameraPosition,-103.1867,1.687342,-107.5251,CameraRotation,349.3436,268.4027,0.6189027,CurrentState,End,Slider,51,Scenario,5
ID,19,Time,1604.251,DronePosition,-20.40468,45,-107.379,0,CameraPosition,-103.1865,1.687292,-107.5251,CameraRotation,349.3613,268.3907,0.6284905,CurrentState,End,Slider,51,Scenario,5
ID,19,Time,1604.265,DronePosition,-20.40468,45,-107.379,0,CameraPosition,-103.1863,1.687248,-107.5251,CameraRotation,349.3898,268.4005,0.6122077,CurrentState,End,Slider,51,Scenario,5
ID,19,Time,1604.279,DronePosition,-20.40468,45,-107.379,0,CameraPosition,-103.1862,1.687215,-107.5252,CameraRotation,349.3922,268.4304,0.5803896,CurrentState,End,Slider,51,Scenario,5
ID,19,Time,1604.293,DronePosition,-20.40468,45,-107.379,0,CameraPosition,-103.186,1.687187,-107.5252,CameraRotation,349.3755,268.4416,0.5611221,CurrentState,End,Slider,51,Scenario,5
ID,19,Time,1604.307,DronePosition,-20.40468,45,-107.379,0,CameraPosition,-103.1859,1.68719,-107.5252,CameraRotation,349.3445,268.4457,0.5317518,CurrentState,End,Slider,51,Scenario,5
ID,19,Time,1604.321,DronePosition,-20.40468,45,-107.379,0,CameraPosition,-103.1857,1.68721,-107.5253,CameraRotation,349.3203,268.4409,0.5096895,CurrentState,End,Slider,51,Scenario,5
ID,19,Time,1604.335,DronePosition,-20.40468,45,-107.379,0,CameraPosition,-103.1856,1.68726,-107.5254,CameraRotation,349.3048,268.4118,0.4672125,CurrentState,End,Slider,51,Scenario,5
ID,19,Time,1604.349,DronePosition,-20.40468,45,-107.379,0,CameraPosition,-103.1855,1.687286,-107.5255,CameraRotation,349.2822,268.3825,0.4346506,CurrentState,End,Slider,51,Scenario,5
ID,19,Time,1604.362,DronePosition,-20.40468,45,-107.379,0,CameraPosition,-103.1854,1.687274,-107.5256,CameraRotation,349.2756,268.3612,0.4071735,CurrentState,End,Slider,51,Scenario,5
ID,19,Time,1604.376,DronePosition,-20.40468,45,-107.379,0,CameraPosition,-103.1854,1.687228,-107.5257,CameraRotation,349.2724,268.366,0.3582677,CurrentState,End,Slider,51,Scenario,5
ID,19,Time,1604.395,DronePosition,-20.40468,45,-107.379,0,CameraPosition,-103.1853,1.687183,-107.5257,CameraRotation,349.276,268.3781,0.2616526,CurrentState,End,Slider,51,Scenario,5
ID,19,Time,1604.418,DronePosition,-20.40468,45,-107.379,0,CameraPosition,-103.1853,1.687095,-107.5259,CameraRotation,349.3351,268.4269,0.1645947,CurrentState,End,Slider,51,Scenario,5
ID,19,Time,1604.432,DronePosition,-20.40468,45,-107.379,0,CameraPosition,-103.1852,1.687021,-107.526,CameraRotation,349.3692,268.4493,0.1423873,CurrentState,End,Slider,51,Scenario,5
ID,19,Time,1604.446,DronePosition,-20.40468,45,-107.379,0,CameraPosition,-103.1852,1.686943,-107.5261,CameraRotation,349.4038,268.4829,0.1235611,CurrentState,End,Slider,51,Scenario,5
ID,19,Time,1604.46,DronePosition,-20.40468,45,-107.379,0,CameraPosition,-103.1852,1.68689,-107.5262,CameraRotation,349.4341,268.514,0.1044271,CurrentState,End,Slider,51,Scenario,5
ID,19,Time,1604.474,DronePosition,-20.40468,45,-107.379,0,CameraPosition,-103.1851,1.686862,-107.5264,CameraRotation,349.4614,268.5357,0.09004456,CurrentState,End,Slider,51,Scenario,5
ID,19,Time,1604.488,DronePosition,-20.40468,45,-107.379,0,CameraPosition,-103.1852,1.68684,-107.5266,CameraRotation,349.4723,268.5384,0.0877905,CurrentState,End,Slider,51,Scenario,5
ID,19,Time,1604.502,DronePosition,-20.40468,45,-107.379,0,CameraPosition,-103.1852,1.68683,-107.5268,CameraRotation,349.4855,268.5116,0.08909406,CurrentState,End,Slider,51,Scenario,5
ID,19,Time,1604.516,DronePosition,-20.40468,45,-107.379,0,CameraPosition,-103.1852,1.68681,-107.5271,CameraRotation,349.5049,268.4758,0.09424011,CurrentState,End,Slider,51,Scenario,5
ID,19,Time,1604.529,DronePosition,-20.40468,45,-107.379,0,CameraPosition,-103.1852,1.686783,-107.5273,CameraRotation,349.536,268.434,0.08549378,CurrentState,End,Slider,51,Scenario,5
ID,19,Time,1604.546,DronePosition,-20.40468,45,-107.379,0,CameraPosition,-103.1851,1.686735,-107.5276,CameraRotation,349.5693,268.3848,0.0732628,CurrentState,End,Slider,51,Scenario,5
ID,19,Time,1604.558,DronePosition,-20.40468,45,-107.379,0,CameraPosition,-103.1852,1.686685,-107.5279,CameraRotation,349.6083,268.3528,0.04910382,CurrentState,End,Slider,51,Scenario,5
ID,19,Time,1604.572,DronePosition,-20.40468,45,-107.379,0,CameraPosition,-103.1852,1.686636,-107.5282,CameraRotation,349.624,268.3098,0.02245085,CurrentState,End,Slider,51,Scenario,5
ID,19,Time,1604.586,DronePosition,-20.40468,45,-107.379,0,CameraPosition,-103.1852,1.686617,-107.5284,CameraRotation,349.6452,268.282,0.01241413,CurrentState,End,Slider,51,Scenario,5
ID,19,Time,1604.605,DronePosition,-20.40468,45,-107.379,0,CameraPosition,-103.1852,1.686601,-107.5287,CameraRotation,349.6496,268.2658,359.9902,CurrentState,End,Slider,51,Scenario,5
ID,19,Time,1604.627,DronePosition,-20.40468,45,-107.379,0,CameraPosition,-103.1852,1.686546,-107.5292,CameraRotation,349.6672,268.2451,359.9674,CurrentState,End,Slider,51,Scenario,5
ID,19,Time,1604.641,DronePosition,-20.40468,45,-107.379,0,CameraPosition,-103.1852,1.686526,-107.5295,CameraRotation,349.6789,268.2457,359.9529,CurrentState,End,Slider,51,Scenario,5
ID,19,Time,1604.655,DronePosition,-20.40468,45,-107.379,0,CameraPosition,-103.1852,1.686514,-107.5298,CameraRotation,349.6819,268.2343,359.9413,CurrentState,End,Slider,51,Scenario,5
ID,19,Time,1604.669,DronePosition,-20.40468,45,-107.379,0,CameraPosition,-103.1852,1.686505,-107.5301,CameraRotation,349.6819,268.2245,359.9415,CurrentState,End,Slider,51,Scenario,5
ID,19,Time,1604.683,DronePosition,-20.40468,45,-107.379,0,CameraPosition,-103.1852,1.686481,-107.5305,CameraRotation,349.684,268.2194,359.9383,CurrentState,End,Slider,51,Scenario,5
ID,19,Time,1604.697,DronePosition,-20.40468,45,-107.379,0,CameraPosition,-103.1853,1.686462,-107.5308,CameraRotation,349.6767,268.2052,359.9253,CurrentState,End,Slider,51,Scenario,5
ID,19,Time,1604.711,DronePosition,-20.40468,45,-107.379,0,CameraPosition,-103.1854,1.686476,-107.5312,CameraRotation,349.6479,268.1935,359.9255,CurrentState,End,Slider,51,Scenario,5
ID,19,Time,1604.725,DronePosition,-20.40468,45,-107.379,0,CameraPosition,-103.1854,1.686521,-107.5315,CameraRotation,349.6283,268.1656,359.9318,CurrentState,End,Slider,51,Scenario,5
ID,19,Time,1604.739,DronePosition,-20.40468,45,-107.379,0,CameraPosition,-103.1855,1.686557,-107.532,CameraRotation,349.602,268.1426,359.9319,CurrentState,End,Slider,51,Scenario,5
ID,19,Time,1604.753,DronePosition,-20.40468,45,-107.379,0,CameraPosition,-103.1856,1.686599,-107.5323,CameraRotation,349.609,268.1211,359.9299,CurrentState,End,Slider,51,Scenario,5
ID,19,Time,1604.766,DronePosition,-20.40468,45,-107.379,0,CameraPosition,-103.1856,1.68666,-107.5328,CameraRotation,349.5941,268.1069,359.9157,CurrentState,End,Slider,51,Scenario,5
ID,19,Time,1604.781,DronePosition,-20.40468,45,-107.379,0,CameraPosition,-103.1857,1.686699,-107.5332,CameraRotation,349.5631,268.1058,359.8604,CurrentState,End,Slider,51,Scenario,5
ID,19,Time,1604.794,DronePosition,-20.40468,45,-107.379,0,CameraPosition,-103.1858,1.686704,-107.5337,CameraRotation,349.5772,268.1043,359.8177,CurrentState,End,Slider,51,Scenario,5
ID,19,Time,1604.813,DronePosition,-20.40468,45,-107.379,0,CameraPosition,-103.1859,1.686691,-107.5342,CameraRotation,349.6212,268.0958,359.8253,CurrentState,End,Slider,51,Scenario,5
ID,19,Time,1604.836,DronePosition,-20.40468,45,-107.379,0,CameraPosition,-103.186,1.686612,-107.5352,CameraRotation,349.6671,268.0634,359.9316,CurrentState,End,Slider,51,Scenario,5
ID,19,Time,1604.85,DronePosition,-20.40468,45,-107.379,0,CameraPosition,-103.1861,1.686543,-107.5358,CameraRotation,349.6818,268.0558,359.9703,CurrentState,End,Slider,51,Scenario,5
ID,19,Time,1604.864,DronePosition,-20.40468,45,-107.379,0,CameraPosition,-103.1862,1.686427,-107.5364,CameraRotation,349.7059,268.0692,359.9761,CurrentState,End,Slider,51,Scenario,5
ID,19,Time,1604.877,DronePosition,-20.40468,45,-107.379,0,CameraPosition,-103.1862,1.686303,-107.5371,CameraRotation,349.7335,268.0522,359.9668,CurrentState,End,Slider,51,Scenario,5
ID,19,Time,1604.891,DronePosition,-20.40468,45,-107.379,0,CameraPosition,-103.1863,1.686187,-107.5378,CameraRotation,349.706,268.0005,359.9911,CurrentState,End,Slider,51,Scenario,5
ID,19,Time,1604.906,DronePosition,-20.40468,45,-107.379,0,CameraPosition,-103.1865,1.686161,-107.5385,CameraRotation,349.6376,267.8873,0.04736683,CurrentState,End,Slider,51,Scenario,5
ID,19,Time,1604.92,DronePosition,-20.40468,45,-107.379,0,CameraPosition,-103.1866,1.686285,-107.5392,CameraRotation,349.5154,267.7312,0.1057754,CurrentState,End,Slider,51,Scenario,5
ID,19,Time,1604.934,DronePosition,-20.40468,45,-107.379,0,CameraPosition,-103.1868,1.686394,-107.54,CameraRotation,349.3935,267.5635,0.1347161,CurrentState,End,Slider,51,Scenario,5
ID,19,Time,1604.947,DronePosition,-20.40468,45,-107.379,0,CameraPosition,-103.1869,1.686436,-107.5407,CameraRotation,349.3415,267.3873,0.1654604,CurrentState,End,Slider,51,Scenario,5
ID,19,Time,1604.961,DronePosition,-20.40468,45,-107.379,0,CameraPosition,-103.1871,1.686389,-107.5414,CameraRotation,349.3558,267.2648,0.198925,CurrentState,End,Slider,51,Scenario,5
ID,19,Time,1604.975,DronePosition,-20.40468,45,-107.379,0,CameraPosition,-103.1873,1.686305,-107.542,CameraRotation,349.3562,267.1583,0.2214713,CurrentState,End,Slider,51,Scenario,5
ID,19,Time,1604.989,DronePosition,-20.40468,45,-107.379,0,CameraPosition,-103.1875,1.686247,-107.5425,CameraRotation,349.3752,267.1071,0.2470356,CurrentState,End,Slider,51,Scenario,5
ID,19,Time,1605.004,DronePosition,-20.40468,45,-107.379,0,CameraPosition,-103.1878,1.686168,-107.543,CameraRotation,349.381,267.0904,0.3136267,CurrentState,End,Slider,51,Scenario,5
ID,19,Time,1605.022,DronePosition,-20.40468,45,-107.379,0,CameraPosition,-103.188,1.686098,-107.5434,CameraRotation,349.4001,267.0996,0.39259,CurrentState,End,Slider,51,Scenario,5
ID,19,Time,1605.044,DronePosition,-20.40468,45,-107.379,0,CameraPosition,-103.1885,1.685966,-107.544,CameraRotation,349.493,267.1582,0.4874759,CurrentState,End,Slider,51,Scenario,5
ID,19,Time,1605.058,DronePosition,-20.40468,45,-107.379,0,CameraPosition,-103.1887,1.685897,-107.5443,CameraRotation,349.5726,267.1935,0.5014335,CurrentState,End,Slider,51,Scenario,5
ID,19,Time,1605.073,DronePosition,-20.40468,45,-107.379,0,CameraPosition,-103.1889,1.685802,-107.5446,CameraRotation,349.6365,267.2072,0.5059915,CurrentState,End,Slider,51,Scenario,5
ID,19,Time,1605.086,DronePosition,-20.40468,45,-107.379,0,CameraPosition,-103.1891,1.685673,-107.5448,CameraRotation,349.7057,267.1925,0.5052232,CurrentState,End,Slider,51,Scenario,5
ID,19,Time,1605.1,DronePosition,-20.40468,45,-107.379,0,CameraPosition,-103.1892,1.685545,-107.545,CameraRotation,349.7625,267.1752,0.4893775,CurrentState,End,Slider,51,Scenario,5
ID,19,Time,1605.114,DronePosition,-20.40468,45,-107.379,0,CameraPosition,-103.1894,1.685447,-107.5452,CameraRotation,349.7994,267.1353,0.4688108,CurrentState,End,Slider,51,Scenario,5
ID,19,Time,1605.129,DronePosition,-20.40468,45,-107.379,0,CameraPosition,-103.1896,1.685356,-107.5454,CameraRotation,349.8219,267.0985,0.4483198,CurrentState,End,Slider,51,Scenario,5
ID,19,Time,1605.142,DronePosition,-20.40468,45,-107.379,0,CameraPosition,-103.1898,1.685282,-107.5456,CameraRotation,349.8535,267.0391,0.4252988,CurrentState,End,Slider,51,Scenario,5
ID,19,Time,1605.156,DronePosition,-20.40468,45,-107.379,0,CameraPosition,-103.1899,1.685202,-107.5458,CameraRotation,349.8663,266.9862,0.4060677,CurrentState,End,Slider,51,Scenario,5
ID,19,Time,1605.172,DronePosition,-20.40468,45,-107.379,0,CameraPosition,-103.1901,1.685158,-107.5461,CameraRotation,349.8916,266.9281,0.3950396,CurrentState,End,Slider,51,Scenario,5
ID,19,Time,1605.184,DronePosition,-20.40468,45,-107.379,0,CameraPosition,-103.1902,1.685133,-107.5463,CameraRotation,349.8889,266.8762,0.3927422,CurrentState,End,Slider,51,Scenario,5
ID,19,Time,1605.198,DronePosition,-20.40468,45,-107.379,0,CameraPosition,-103.1903,1.685132,-107.5464,CameraRotation,349.8858,266.8248,0.4057892,CurrentState,End,Slider,51,Scenario,5
ID,19,Time,1605.212,DronePosition,-20.40468,45,-107.379,0,CameraPosition,-103.1904,1.685125,-107.5466,CameraRotation,349.8765,266.7841,0.4165845,CurrentState,End,Slider,51,Scenario,5
ID,19,Time,1605.23,DronePosition,-20.40468,45,-107.379,0,CameraPosition,-103.1905,1.685154,-107.5468,CameraRotation,349.8636,266.7595,0.4053251,CurrentState,End,Slider,51,Scenario,5
ID,19,Time,1605.253,DronePosition,-20.40468,45,-107.379,0,CameraPosition,-103.1905,1.685203,-107.5471,CameraRotation,349.8419,266.734,0.417356,CurrentState,End,Slider,51,Scenario,5
ID,19,Time,1605.267,DronePosition,-20.40468,45,-107.379,0,CameraPosition,-103.1905,1.685198,-107.5472,CameraRotation,349.8286,266.7214,0.4268361,CurrentState,End,Slider,51,Scenario,5
ID,19,Time,1605.281,DronePosition,-20.40468,45,-107.379,0,CameraPosition,-103.1906,1.685197,-107.5473,CameraRotation,349.7937,266.6993,0.4212141,CurrentState,End,Slider,51,Scenario,5
ID,19,Time,1605.295,DronePosition,-20.40468,45,-107.379,0,CameraPosition,-103.1906,1.68521,-107.5475,CameraRotation,349.7266,266.6509,0.4529712,CurrentState,End,Slider,51,Scenario,5
ID,19,Time,1605.309,DronePosition,-20.40468,45,-107.379,0,CameraPosition,-103.1906,1.685251,-107.5476,CameraRotation,349.6543,266.5854,0.4664626,CurrentState,End,Slider,51,Scenario,5
ID,19,Time,1605.323,DronePosition,-20.40468,45,-107.379,0,CameraPosition,-103.1907,1.685255,-107.5478,CameraRotation,349.5798,266.5036,0.4822312,CurrentState,End,Slider,51,Scenario,5
ID,19,Time,1605.337,DronePosition,-20.40468,45,-107.379,0,CameraPosition,-103.1908,1.685328,-107.5479,CameraRotation,349.5312,266.4008,0.4955845,CurrentState,End,Slider,51,Scenario,5
ID,19,Time,1605.352,DronePosition,-20.40468,45,-107.379,0,CameraPosition,-103.1909,1.685458,-107.548,CameraRotation,349.437,266.3094,0.4711087,CurrentState,End,Slider,51,Scenario,5
ID,19,Time,1605.365,DronePosition,-20.40468,45,-107.379,0,CameraPosition,-103.191,1.685557,-107.5481,CameraRotation,349.351,266.2396,0.3971781,CurrentState,End,Slider,51,Scenario,5
ID,19,Time,1605.379,DronePosition,-20.40468,45,-107.379,0,CameraPosition,-103.1911,1.685599,-107.5481,CameraRotation,349.3414,266.2156,0.342361,CurrentState,End,Slider,51,Scenario,5
ID,19,Time,1605.393,DronePosition,-20.40468,45,-107.379,0,CameraPosition,-103.1911,1.685595,-107.548,CameraRotation,349.3562,266.2099,0.3381188,CurrentState,End,Slider,51,Scenario,5
ID,19,Time,1605.407,DronePosition,-20.40468,45,-107.379,0,CameraPosition,-103.1912,1.685584,-107.5479,CameraRotation,349.4015,266.2598,0.3717867,CurrentState,End,Slider,51,Scenario,5
ID,19,Time,1605.421,DronePosition,-20.40468,45,-107.379,0,CameraPosition,-103.1912,1.685562,-107.5478,CameraRotation,349.4477,266.3295,0.4345789,CurrentState,End,Slider,51,Scenario,5
ID,19,Time,1605.44,DronePosition,-20.40468,45,-107.379,0,CameraPosition,-103.1913,1.685486,-107.5476,CameraRotation,349.4769,266.4319,0.479315,CurrentState,End,Slider,51,Scenario,5
ID,19,Time,1605.463,DronePosition,-20.40468,45,-107.379,0,CameraPosition,-103.1914,1.685317,-107.5472,CameraRotation,349.5362,266.6306,0.4956499,CurrentState,End,Slider,51,Scenario,5
ID,19,Time,1605.476,DronePosition,-20.40468,45,-107.379,0,CameraPosition,-103.1914,1.685249,-107.5471,CameraRotation,349.5691,266.6786,0.5013949,CurrentState,End,Slider,51,Scenario,5
ID,19,Time,1605.49,DronePosition,-20.40468,45,-107.379,0,CameraPosition,-103.1915,1.685203,-107.547,CameraRotation,349.5855,266.6834,0.4860832,CurrentState,End,Slider,51,Scenario,5
ID,19,Time,1605.504,DronePosition,-20.40468,45,-107.379,0,CameraPosition,-103.1915,1.685233,-107.547,CameraRotation,349.6301,266.6521,0.4320465,CurrentState,End,Slider,51,Scenario,5
ID,19,Time,1605.518,DronePosition,-20.40468,45,-107.379,0,CameraPosition,-103.1915,1.685222,-107.547,CameraRotation,349.6332,266.5626,0.3713988,CurrentState,End,Slider,51,Scenario,5
ID,19,Time,1605.532,DronePosition,-20.40468,45,-107.379,0,CameraPosition,-103.1915,1.685237,-107.5471,CameraRotation,349.6441,266.4491,0.3649897,CurrentState,End,Slider,51,Scenario,5
ID,19,Time,1605.547,DronePosition,-20.40468,45,-107.379,0,CameraPosition,-103.1914,1.685283,-107.5472,CameraRotation,349.6326,266.2866,0.3796149,CurrentState,End,Slider,51,Scenario,5
ID,19,Time,1605.56,DronePosition,-20.40468,45,-107.379,0,CameraPosition,-103.1914,1.685369,-107.5474,CameraRotation,349.6028,266.111,0.3719988,CurrentState,End,Slider,51,Scenario,5
ID,19,Time,1605.574,DronePosition,-20.40468,45,-107.379,0,CameraPosition,-103.1913,1.685471,-107.5476,CameraRotation,349.5759,265.9406,0.3498465,CurrentState,End,Slider,51,Scenario,5
ID,19,Time,1605.588,DronePosition,-20.40468,45,-107.379,0,CameraPosition,-103.1912,1.685531,-107.5477,CameraRotation,349.5642,265.783,0.3625794,CurrentState,End,Slider,51,Scenario,5
ID,19,Time,1605.602,DronePosition,-20.40468,45,-107.379,0,CameraPosition,-103.1911,1.685555,-107.5479,CameraRotation,349.547,265.6241,0.3985521,CurrentState,End,Slider,51,Scenario,5
ID,19,Time,1605.616,DronePosition,-20.40468,45,-107.379,0,CameraPosition,-103.191,1.685585,-107.5481,CameraRotation,349.52,265.4599,0.4617469,CurrentState,End,Slider,51,Scenario,5
ID,19,Time,1605.63,DronePosition,-20.40468,45,-107.379,0,CameraPosition,-103.1909,1.685664,-107.5483,CameraRotation,349.4791,265.3164,0.5103979,CurrentState,End,Slider,51,Scenario,5
ID,19,Time,1605.649,DronePosition,-20.40468,45,-107.379,0,CameraPosition,-103.1909,1.685774,-107.5484,CameraRotation,349.4212,265.1846,0.5440633,CurrentState,End,Slider,51,Scenario,5
ID,19,Time,1605.671,DronePosition,-20.40468,45,-107.379,0,CameraPosition,-103.1908,1.685913,-107.5486,CameraRotation,349.33,264.9816,0.5712223,CurrentState,End,Slider,51,Scenario,5
ID,19,Time,1605.685,DronePosition,-20.40468,45,-107.379,0,CameraPosition,-103.1907,1.685946,-107.5487,CameraRotation,349.3188,264.89,0.6029593,CurrentState,End,Slider,51,Scenario,5
ID,19,Time,1605.699,DronePosition,-20.40468,45,-107.379,0,CameraPosition,-103.1906,1.685987,-107.5487,CameraRotation,349.2978,264.8148,0.6270558,CurrentState,End,Slider,51,Scenario,5
ID,19,Time,1605.713,DronePosition,-20.40468,45,-107.379,0,CameraPosition,-103.1905,1.686029,-107.5488,CameraRotation,349.2809,264.7457,0.6556319,CurrentState,End,Slider,51,Scenario,5
ID,19,Time,1605.727,DronePosition,-20.40468,45,-107.379,0,CameraPosition,-103.1904,1.686084,-107.5488,CameraRotation,349.2509,264.69,0.672675,CurrentState,End,Slider,51,Scenario,5
ID,19,Time,1605.741,DronePosition,-20.40468,45,-107.379,0,CameraPosition,-103.1903,1.686133,-107.5488,CameraRotation,349.2212,264.631,0.6940051,CurrentState,End,Slider,51,Scenario,5
ID,19,Time,1605.755,DronePosition,-20.40468,45,-107.379,0,CameraPosition,-103.1902,1.686175,-107.5488,CameraRotation,349.2014,264.5682,0.7130114,CurrentState,End,Slider,51,Scenario,5
ID,19,Time,1605.769,DronePosition,-20.40468,45,-107.379,0,CameraPosition,-103.1901,1.68623,-107.5488,CameraRotation,349.1797,264.4936,0.7431918,CurrentState,End,Slider,51,Scenario,5
ID,19,Time,1605.783,DronePosition,-20.40468,45,-107.379,0,CameraPosition,-103.19,1.686289,-107.5488,CameraRotation,349.1589,264.4245,0.7657244,CurrentState,End,Slider,51,Scenario,5
ID,19,Time,1605.797,DronePosition,-20.40468,45,-107.379,0,CameraPosition,-103.19,1.686292,-107.5488,CameraRotation,349.1422,264.3645,0.7972007,CurrentState,End,Slider,51,Scenario,5
ID,19,Time,1605.81,DronePosition,-20.40468,45,-107.379,0,CameraPosition,-103.19,1.686246,-107.5487,CameraRotation,349.1395,264.3162,0.8026344,CurrentState,End,Slider,51,Scenario,5
ID,19,Time,1605.824,DronePosition,-20.40468,45,-107.379,0,CameraPosition,-103.1899,1.686207,-107.5485,CameraRotation,349.1445,264.2699,0.8131176,CurrentState,End,Slider,51,Scenario,5
ID,19,Time,1605.839,DronePosition,-20.40468,45,-107.379,0,CameraPosition,-103.1898,1.686206,-107.5484,CameraRotation,349.1498,264.2593,0.8226815,CurrentState,End,Slider,51,Scenario,5
ID,19,Time,1605.857,DronePosition,-20.40468,45,-107.379,0,CameraPosition,-103.1897,1.686234,-107.5482,CameraRotation,349.1519,264.2467,0.841472,CurrentState,End,Slider,51,Scenario,5
ID,19,Time,1605.88,DronePosition,-20.40468,45,-107.379,0,CameraPosition,-103.1896,1.686344,-107.5479,CameraRotation,349.0722,264.2321,0.8347948,CurrentState,End,Slider,51,Scenario,5
ID,19,Time,1605.894,DronePosition,-20.40468,45,-107.379,0,CameraPosition,-103.1896,1.686403,-107.5477,CameraRotation,349.0212,264.2189,0.8326988,CurrentState,End,Slider,51,Scenario,5
ID,19,Time,1605.908,DronePosition,-20.40468,45,-107.379,0,CameraPosition,-103.1895,1.686455,-107.5475,CameraRotation,348.983,264.1868,0.8201623,CurrentState,End,Slider,51,Scenario,5
ID,19,Time,1605.922,DronePosition,-20.40468,45,-107.379,0,CameraPosition,-103.1895,1.686533,-107.5473,CameraRotation,348.9666,264.1479,0.8168383,CurrentState,End,Slider,51,Scenario,5
ID,19,Time,1605.936,DronePosition,-20.40468,45,-107.379,0,CameraPosition,-103.1895,1.686621,-107.5471,CameraRotation,348.9324,264.1063,0.8200415,CurrentState,End,Slider,51,Scenario,5
ID,19,Time,1605.949,DronePosition,-20.40468,45,-107.379,0,CameraPosition,-103.1895,1.686672,-107.5468,CameraRotation,348.9045,264.0705,0.7507395,CurrentState,End,Slider,51,Scenario,5
ID,19,Time,1605.964,DronePosition,-20.40468,45,-107.379,0,CameraPosition,-103.1895,1.686656,-107.5466,CameraRotation,348.9298,264.0293,0.6854011,CurrentState,End,Slider,51,Scenario,5
ID,19,Time,1605.978,DronePosition,-20.40468,45,-107.379,0,CameraPosition,-103.1895,1.686626,-107.5463,CameraRotation,348.9746,264.0038,0.6657587,CurrentState,End,Slider,51,Scenario,5
ID,19,Time,1605.991,DronePosition,-20.40468,45,-107.379,0,CameraPosition,-103.1895,1.686611,-107.546,CameraRotation,349.0088,263.9752,0.6727575,CurrentState,End,Slider,51,Scenario,5
ID,19,Time,1606.005,DronePosition,-20.40468,45,-107.379,0,CameraPosition,-103.1895,1.686599,-107.5458,CameraRotation,349.0054,263.9498,0.7070435,CurrentState,End,Slider,51,Scenario,5
ID,19,Time,1606.019,DronePosition,-20.40468,45,-107.379,0,CameraPosition,-103.1895,1.686619,-107.5455,CameraRotation,348.9977,263.9263,0.7226759,CurrentState,End,Slider,51,Scenario,5
ID,19,Time,1606.033,DronePosition,-20.40468,45,-107.379,0,CameraPosition,-103.1895,1.686629,-107.5453,CameraRotation,348.9707,263.9278,0.7235539,CurrentState,End,Slider,51,Scenario,5
ID,19,Time,1606.047,DronePosition,-20.40468,45,-107.379,0,CameraPosition,-103.1895,1.686662,-107.545,CameraRotation,348.9441,263.9174,0.7046733,CurrentState,End,Slider,51,Scenario,5
ID,19,Time,1606.067,DronePosition,-20.40468,45,-107.379,0,CameraPosition,-103.1895,1.686665,-107.5448,CameraRotation,348.9337,263.9056,0.6952674,CurrentState,End,Slider,51,Scenario,5
ID,19,Time,1606.088,DronePosition,-20.40468,45,-107.379,0,CameraPosition,-103.1896,1.686628,-107.5443,CameraRotation,348.9571,263.8293,0.637358,CurrentState,End,Slider,51,Scenario,5
ID,19,Time,1606.102,DronePosition,-20.40468,45,-107.379,0,CameraPosition,-103.1896,1.686621,-107.5442,CameraRotation,348.9661,263.7605,0.598518,CurrentState,End,Slider,51,Scenario,5
ID,19,Time,1606.117,DronePosition,-20.40468,45,-107.379,0,CameraPosition,-103.1896,1.68657,-107.544,CameraRotation,348.9831,263.7056,0.5671171,CurrentState,End,Slider,51,Scenario,5
ID,19,Time,1606.13,DronePosition,-20.40468,45,-107.379,0,CameraPosition,-103.1896,1.686486,-107.5439,CameraRotation,349.0078,263.6463,0.5708309,CurrentState,End,Slider,51,Scenario,5
ID,19,Time,1606.144,DronePosition,-20.40468,45,-107.379,0,CameraPosition,-103.1896,1.686431,-107.5437,CameraRotation,349.013,263.6092,0.5633249,CurrentState,End,Slider,51,Scenario,5
ID,19,Time,1606.159,DronePosition,-20.40468,45,-107.379,0,CameraPosition,-103.1896,1.686435,-107.5436,CameraRotation,349.0137,263.5813,0.541958,CurrentState,End,Slider,51,Scenario,5
ID,19,Time,1606.172,DronePosition,-20.40468,45,-107.379,0,CameraPosition,-103.1896,1.686434,-107.5436,CameraRotation,349.0194,263.5564,0.5485605,CurrentState,End,Slider,51,Scenario,5
ID,19,Time,1606.187,DronePosition,-20.40468,45,-107.379,0,CameraPosition,-103.1895,1.686431,-107.5435,CameraRotation,349.037,263.5214,0.5834906,CurrentState,End,Slider,51,Scenario,5
ID,19,Time,1606.2,DronePosition,-20.40468,45,-107.379,0,CameraPosition,-103.1895,1.686439,-107.5434,CameraRotation,349.052,263.5128,0.6071067,CurrentState,End,Slider,51,Scenario,5
ID,19,Time,1606.214,DronePosition,-20.40468,45,-107.379,0,CameraPosition,-103.1895,1.686454,-107.5434,CameraRotation,349.06,263.4748,0.6446471,CurrentState,End,Slider,51,Scenario,5
ID,19,Time,1606.228,DronePosition,-20.40468,45,-107.379,0,CameraPosition,-103.1894,1.686495,-107.5433,CameraRotation,349.0685,263.4593,0.6726555,CurrentState,End,Slider,51,Scenario,5
ID,19,Time,1606.242,DronePosition,-20.40468,45,-107.379,0,CameraPosition,-103.1894,1.686531,-107.5433,CameraRotation,349.0617,263.4421,0.701286,CurrentState,End,Slider,51,Scenario,5
ID,19,Time,1606.256,DronePosition,-20.40468,45,-107.379,0,CameraPosition,-103.1894,1.68654,-107.5432,CameraRotation,349.0512,263.4274,0.7404708,CurrentState,End,Slider,51,Scenario,5
ID,19,Time,1606.275,DronePosition,-20.40468,45,-107.379,0,CameraPosition,-103.1893,1.686552,-107.5431,CameraRotation,349.0677,263.435,0.7655435,CurrentState,End,Slider,51,Scenario,5
ID,19,Time,1606.297,DronePosition,-20.40468,45,-107.379,0,CameraPosition,-103.1893,1.68645,-107.5429,CameraRotation,349.0977,263.467,0.8025656,CurrentState,End,Slider,51,Scenario,5
ID,19,Time,1606.311,DronePosition,-20.40468,45,-107.379,0,CameraPosition,-103.1893,1.686448,-107.5427,CameraRotation,349.1062,263.4951,0.8141946,CurrentState,End,Slider,51,Scenario,5
ID,19,Time,1606.325,DronePosition,-20.40468,45,-107.379,0,CameraPosition,-103.1893,1.686462,-107.5426,CameraRotation,349.1106,263.5306,0.8269107,CurrentState,End,Slider,51,Scenario,5
ID,19,Time,1606.339,DronePosition,-20.40468,45,-107.379,0,CameraPosition,-103.1893,1.686478,-107.5424,CameraRotation,349.1142,263.5644,0.8297437,CurrentState,End,Slider,51,Scenario,5
ID,19,Time,1606.353,DronePosition,-20.40468,45,-107.379,0,CameraPosition,-103.1892,1.686493,-107.5422,CameraRotation,349.1245,263.5803,0.8373958,CurrentState,End,Slider,51,Scenario,5
ID,19,Time,1606.367,DronePosition,-20.40468,45,-107.379,0,CameraPosition,-103.1892,1.686532,-107.5421,CameraRotation,349.1328,263.5896,0.8440911,CurrentState,End,Slider,51,Scenario,5
ID,19,Time,1606.381,DronePosition,-20.40468,45,-107.379,0,CameraPosition,-103.1892,1.686589,-107.5419,CameraRotation,349.1486,263.5969,0.8455418,CurrentState,End,Slider,51,Scenario,5
ID,19,Time,1606.395,DronePosition,-20.40468,45,-107.379,0,CameraPosition,-103.1892,1.686596,-107.5418,CameraRotation,349.1622,263.5944,0.8459104,CurrentState,End,Slider,51,Scenario,5
ID,19,Time,1606.409,DronePosition,-20.40468,45,-107.379,0,CameraPosition,-103.1892,1.686584,-107.5416,CameraRotation,349.1801,263.5929,0.8399664,CurrentState,End,Slider,51,Scenario,5
ID,19,Time,1606.423,DronePosition,-20.40468,45,-107.379,0,CameraPosition,-103.1892,1.686553,-107.5414,CameraRotation,349.1929,263.5962,0.8305188,CurrentState,End,Slider,51,Scenario,5
ID,19,Time,1606.437,DronePosition,-20.40468,45,-107.379,0,CameraPosition,-103.1892,1.686507,-107.5412,CameraRotation,349.2201,263.6103,0.8195223,CurrentState,End,Slider,51,Scenario,5
ID,19,Time,1606.451,DronePosition,-20.40468,45,-107.379,0,CameraPosition,-103.1893,1.686435,-107.541,CameraRotation,349.2324,263.6177,0.8093182,CurrentState,End,Slider,51,Scenario,5
ID,19,Time,1606.465,DronePosition,-20.40468,45,-107.379,0,CameraPosition,-103.1893,1.686367,-107.5407,CameraRotation,349.2431,263.6347,0.8076436,CurrentState,End,Slider,51,Scenario,5
ID,19,Time,1606.484,DronePosition,-20.40468,45,-107.379,0,CameraPosition,-103.1893,1.68635,-107.5405,CameraRotation,349.2381,263.6589,0.8011154,CurrentState,End,Slider,51,Scenario,5
ID,19,Time,1606.506,DronePosition,-20.40468,45,-107.379,0,CameraPosition,-103.1894,1.68639,-107.5401,CameraRotation,349.1982,263.6791,0.8291375,CurrentState,End,Slider,51,Scenario,5
ID,19,Time,1606.52,DronePosition,-20.40468,45,-107.379,0,CameraPosition,-103.1894,1.686453,-107.5398,CameraRotation,349.1912,263.6913,0.8288028,CurrentState,End,Slider,51,Scenario,5
ID,19,Time,1606.534,DronePosition,-20.40468,45,-107.379,0,CameraPosition,-103.1894,1.68652,-107.5396,CameraRotation,349.1986,263.7078,0.8223742,CurrentState,End,Slider,51,Scenario,5
ID,19,Time,1606.549,DronePosition,-20.40468,45,-107.379,0,CameraPosition,-103.1895,1.686579,-107.5393,CameraRotation,349.1985,263.7401,0.8113815,CurrentState,End,Slider,51,Scenario,5
ID,19,Time,1606.562,DronePosition,-20.40468,45,-107.379,0,CameraPosition,-103.1895,1.686596,-107.5391,CameraRotation,349.1898,263.7719,0.7536263,CurrentState,End,Slider,51,Scenario,5
ID,19,Time,1606.576,DronePosition,-20.40468,45,-107.379,0,CameraPosition,-103.1896,1.686573,-107.5388,CameraRotation,349.1917,263.7896,0.7075663,CurrentState,End,Slider,51,Scenario,5
ID,19,Time,1606.59,DronePosition,-20.40468,45,-107.379,0,CameraPosition,-103.1896,1.686553,-107.5386,CameraRotation,349.202,263.7984,0.7013521,CurrentState,End,Slider,51,Scenario,5
ID,19,Time,1606.604,DronePosition,-20.40468,45,-107.379,0,CameraPosition,-103.1897,1.686471,-107.5384,CameraRotation,349.2005,263.7852,0.7336139,CurrentState,End,Slider,51,Scenario,5
ID,19,Time,1606.618,DronePosition,-20.40468,45,-107.379,0,CameraPosition,-103.1899,1.686396,-107.5381,CameraRotation,349.1901,263.7688,0.7609801,CurrentState,End,Slider,51,Scenario,5
ID,19,Time,1606.632,DronePosition,-20.40468,45,-107.379,0,CameraPosition,-103.1899,1.686372,-107.538,CameraRotation,349.1779,263.7496,0.7819118,CurrentState,End,Slider,51,Scenario,5
ID,19,Time,1606.646,DronePosition,-20.40468,45,-107.379,0,CameraPosition,-103.19,1.686351,-107.5378,CameraRotation,349.1481,263.7292,0.7760162,CurrentState,End,Slider,51,Scenario,5
ID,19,Time,1606.66,DronePosition,-20.40468,45,-107.379,0,CameraPosition,-103.1901,1.686308,-107.5376,CameraRotation,349.1345,263.7013,0.7868478,CurrentState,End,Slider,51,Scenario,5
ID,19,Time,1606.674,DronePosition,-20.40468,45,-107.379,0,CameraPosition,-103.1902,1.686244,-107.5375,CameraRotation,349.1454,263.6801,0.801456,CurrentState,End,Slider,51,Scenario,5
ID,19,Time,1606.693,DronePosition,-20.40468,45,-107.379,0,CameraPosition,-103.1903,1.686172,-107.5373,CameraRotation,349.1727,263.6639,0.8022334,CurrentState,End,Slider,51,Scenario,5
ID,19,Time,1606.715,DronePosition,-20.40468,45,-107.379,0,CameraPosition,-103.1904,1.686023,-107.5369,CameraRotation,349.2382,263.6497,0.773386,CurrentState,End,Slider,51,Scenario,5
ID,19,Time,1606.729,DronePosition,-20.40468,45,-107.379,0,CameraPosition,-103.1905,1.685903,-107.5366,CameraRotation,349.2799,263.6658,0.7773916,CurrentState,End,Slider,51,Scenario,5
ID,19,Time,1606.743,DronePosition,-20.40468,45,-107.379,0,CameraPosition,-103.1906,1.6858,-107.5363,CameraRotation,349.3146,263.6757,0.7818418,CurrentState,End,Slider,51,Scenario,5
ID,19,Time,1606.757,DronePosition,-20.40468,45,-107.379,0,CameraPosition,-103.1907,1.685687,-107.536,CameraRotation,349.3376,263.7089,0.7533147,CurrentState,End,Slider,51,Scenario,5
ID,19,Time,1606.771,DronePosition,-20.40468,45,-107.379,0,CameraPosition,-103.1909,1.685575,-107.5356,CameraRotation,349.383,263.7654,0.6886777,CurrentState,End,Slider,51,Scenario,5
ID,19,Time,1606.785,DronePosition,-20.40468,45,-107.379,0,CameraPosition,-103.191,1.685448,-107.5353,CameraRotation,349.4412,263.8314,0.6493037,CurrentState,End,Slider,51,Scenario,5
ID,19,Time,1606.799,DronePosition,-20.40468,45,-107.379,0,CameraPosition,-103.1911,1.685332,-107.5349,CameraRotation,349.5085,263.9268,0.6285675,CurrentState,End,Slider,51,Scenario,5
ID,19,Time,1606.813,DronePosition,-20.40468,45,-107.379,0,CameraPosition,-103.1911,1.685228,-107.5346,CameraRotation,349.565,264.0154,0.6339573,CurrentState,End,Slider,51,Scenario,5
ID,19,Time,1606.827,DronePosition,-20.40468,45,-107.379,0,CameraPosition,-103.1912,1.685152,-107.5343,CameraRotation,349.5825,264.0948,0.6689729,CurrentState,End,Slider,51,Scenario,5
ID,19,Time,1606.84,DronePosition,-20.40468,45,-107.379,0,CameraPosition,-103.1913,1.685155,-107.5339,CameraRotation,349.5749,264.1601,0.7078648,CurrentState,End,Slider,51,Scenario,5
ID,19,Time,1606.855,DronePosition,-20.40468,45,-107.379,0,CameraPosition,-103.1913,1.685177,-107.5337,CameraRotation,349.5579,264.2207,0.7045985,CurrentState,End,Slider,51,Scenario,5
ID,19,Time,1606.868,DronePosition,-20.40468,45,-107.379,0,CameraPosition,-103.1914,1.685198,-107.5334,CameraRotation,349.5542,264.2584,0.6846883,CurrentState,End,Slider,51,Scenario,5
ID,19,Time,1606.883,DronePosition,-20.40468,45,-107.379,0,CameraPosition,-103.1915,1.685184,-107.5331,CameraRotation,349.5567,264.2992,0.6552697,CurrentState,End,Slider,51,Scenario,5
ID,19,Time,1606.901,DronePosition,-20.40468,45,-107.379,0,CameraPosition,-103.1916,1.685157,-107.5328,CameraRotation,349.5506,264.3275,0.6324156,CurrentState,End,Slider,51,Scenario,5
ID,19,Time,1606.924,DronePosition,-20.40468,45,-107.379,0,CameraPosition,-103.1917,1.685137,-107.5323,CameraRotation,349.5441,264.3862,0.588087,CurrentState,End,Slider,51,Scenario,5
ID,19,Time,1606.938,DronePosition,-20.40468,45,-107.379,0,CameraPosition,-103.1919,1.685112,-107.532,CameraRotation,349.5275,264.4333,0.5751873,CurrentState,End,Slider,51,Scenario,5
ID,19,Time,1606.952,DronePosition,-20.40468,45,-107.379,0,CameraPosition,-103.192,1.685107,-107.5317,CameraRotation,349.5025,264.4784,0.5543381,CurrentState,End,Slider,51,Scenario,5
ID,19,Time,1606.966,DronePosition,-20.40468,45,-107.379,0,CameraPosition,-103.1921,1.685132,-107.5315,CameraRotation,349.4655,264.5284,0.5245666,CurrentState,End,Slider,51,Scenario,5
ID,19,Time,1606.979,DronePosition,-20.40468,45,-107.379,0,CameraPosition,-103.1923,1.685152,-107.5313,CameraRotation,349.4177,264.5673,0.5057968,CurrentState,End,Slider,51,Scenario,5
ID,19,Time,1606.994,DronePosition,-20.40468,45,-107.379,0,CameraPosition,-103.1924,1.685182,-107.5311,CameraRotation,349.3628,264.5896,0.4939438,CurrentState,End,Slider,51,Scenario,5
ID,19,Time,1607.008,DronePosition,-20.40468,45,-107.379,0,CameraPosition,-103.1926,1.685238,-107.5309,CameraRotation,349.3274,264.5964,0.4827616,CurrentState,End,Slider,51,Scenario,5
ID,19,Time,1607.022,DronePosition,-20.40468,45,-107.379,0,CameraPosition,-103.1928,1.685286,-107.5309,CameraRotation,349.2903,264.5744,0.4649878,CurrentState,End,Slider,51,Scenario,5
ID,19,Time,1607.036,DronePosition,-20.40468,45,-107.379,0,CameraPosition,-103.193,1.685309,-107.5308,CameraRotation,349.2501,264.528,0.4565025,CurrentState,End,Slider,51,Scenario,5
ID,19,Time,1607.05,DronePosition,-20.40468,45,-107.379,0,CameraPosition,-103.1933,1.685346,-107.5308,CameraRotation,349.2172,264.4716,0.449374,CurrentState,End,Slider,51,Scenario,5
ID,19,Time,1607.064,DronePosition,-20.40468,45,-107.379,0,CameraPosition,-103.1936,1.685372,-107.5309,CameraRotation,349.207,264.4164,0.4376606,CurrentState,End,Slider,51,Scenario,5
ID,19,Time,1607.077,DronePosition,-20.40468,45,-107.379,0,CameraPosition,-103.1938,1.685368,-107.5309,CameraRotation,349.2054,264.3734,0.4179961,CurrentState,End,Slider,51,Scenario,5
ID,19,Time,1607.091,DronePosition,-20.40468,45,-107.379,0,CameraPosition,-103.1942,1.685357,-107.5309,CameraRotation,349.2233,264.3416,0.4170199,CurrentState,End,Slider,51,Scenario,5
ID,19,Time,1607.11,DronePosition,-20.40468,45,-107.379,0,CameraPosition,-103.1945,1.685326,-107.5309,CameraRotation,349.2272,264.3311,0.4395633,CurrentState,End,Slider,51,Scenario,5
ID,19,Time,1607.133,DronePosition,-20.40468,45,-107.379,0,CameraPosition,-103.1952,1.685287,-107.531,CameraRotation,349.2447,264.3798,0.4883111,CurrentState,End,Slider,51,Scenario,5
ID,19,Time,1607.147,DronePosition,-20.40468,45,-107.379,0,CameraPosition,-103.1956,1.68525,-107.5309,CameraRotation,349.2567,264.4479,0.5263605,CurrentState,End,Slider,51,Scenario,5
ID,19,Time,1607.16,DronePosition,-20.40468,45,-107.379,0,CameraPosition,-103.1961,1.685184,-107.5309,CameraRotation,349.2865,264.5371,0.5380042,CurrentState,End,Slider,51,Scenario,5
ID,19,Time,1607.175,DronePosition,-20.40468,45,-107.379,0,CameraPosition,-103.1965,1.6851,-107.5309,CameraRotation,349.335,264.6162,0.5574869,CurrentState,End,Slider,51,Scenario,5
ID,19,Time,1607.189,DronePosition,-20.40468,45,-107.379,0,CameraPosition,-103.197,1.685051,-107.5308,CameraRotation,349.3821,264.6836,0.5761635,CurrentState,End,Slider,51,Scenario,5
ID,19,Time,1607.205,DronePosition,-20.40468,45,-107.379,0,CameraPosition,-103.1975,1.684997,-107.5308,CameraRotation,349.4016,264.7536,0.5433984,CurrentState,End,Slider,51,Scenario,5
ID,19,Time,1607.217,DronePosition,-20.40468,45,-107.379,0,CameraPosition,-103.198,1.684951,-107.5309,CameraRotation,349.4449,264.7951,0.4410762,CurrentState,End,Slider,51,Scenario,5
ID,19,Time,1607.231,DronePosition,-20.40468,45,-107.379,0,CameraPosition,-103.1984,1.684878,-107.531,CameraRotation,349.503,264.81,0.3832046,CurrentState,End,Slider,51,Scenario,5
ID,19,Time,1607.245,DronePosition,-20.40468,45,-107.379,0,CameraPosition,-103.1989,1.684813,-107.5312,CameraRotation,349.5808,264.7787,0.3698608,CurrentState,End,Slider,51,Scenario,5
ID,19,Time,1607.258,DronePosition,-20.40468,45,-107.379,0,CameraPosition,-103.1994,1.684759,-107.5315,CameraRotation,349.6338,264.6908,0.3843277,CurrentState,End,Slider,51,Scenario,5
ID,19,Time,1607.273,DronePosition,-20.40468,45,-107.379,0,CameraPosition,-103.1999,1.684704,-107.5319,CameraRotation,349.6658,264.593,0.4085451,CurrentState,End,Slider,51,Scenario,5
ID,19,Time,1607.286,DronePosition,-20.40468,45,-107.379,0,CameraPosition,-103.2004,1.684657,-107.5323,CameraRotation,349.6881,264.4488,0.4421743,CurrentState,End,Slider,51,Scenario,5
ID,19,Time,1607.3,DronePosition,-20.40468,45,-107.379,0,CameraPosition,-103.2009,1.684622,-107.5328,CameraRotation,349.6941,264.2833,0.4681834,CurrentState,End,Slider,51,Scenario,5
ID,19,Time,1607.319,DronePosition,-20.40468,45,-107.379,0,CameraPosition,-103.2014,1.684579,-107.5333,CameraRotation,349.6742,264.1076,0.5160885,CurrentState,End,Slider,51,Scenario,5
ID,19,Time,1607.342,DronePosition,-20.40468,45,-107.379,0,CameraPosition,-103.2024,1.684525,-107.5342,CameraRotation,349.651,263.8163,0.6225057,CurrentState,End,Slider,51,Scenario,5
ID,19,Time,1607.355,DronePosition,-20.40468,45,-107.379,0,CameraPosition,-103.2029,1.684446,-107.5345,CameraRotation,349.68,263.7014,0.6685911,CurrentState,End,Slider,51,Scenario,5
ID,19,Time,1607.369,DronePosition,-20.40468,45,-107.379,0,CameraPosition,-103.2035,1.684303,-107.5349,CameraRotation,349.724,263.6552,0.7117991,CurrentState,End,Slider,51,Scenario,5
ID,19,Time,1607.383,DronePosition,-20.40468,45,-107.379,0,CameraPosition,-103.2041,1.684202,-107.5351,CameraRotation,349.8146,263.629,0.7705035,CurrentState,End,Slider,51,Scenario,5
ID,19,Time,1607.397,DronePosition,-20.40468,45,-107.379,0,CameraPosition,-103.2047,1.684048,-107.5353,CameraRotation,349.8697,263.6371,0.8294526,CurrentState,End,Slider,51,Scenario,5
ID,19,Time,1607.411,DronePosition,-20.40468,45,-107.379,0,CameraPosition,-103.2053,1.683902,-107.5354,CameraRotation,349.9337,263.6813,0.8706361,CurrentState,End,Slider,51,Scenario,5
ID,19,Time,1607.425,DronePosition,-20.40468,45,-107.379,0,CameraPosition,-103.2059,1.68375,-107.5355,CameraRotation,349.9955,263.7318,0.929859,CurrentState,End,Slider,51,Scenario,5
ID,19,Time,1607.439,DronePosition,-20.40468,45,-107.379,0,CameraPosition,-103.2066,1.683629,-107.5356,CameraRotation,350.0599,263.8065,0.9962096,CurrentState,End,Slider,51,Scenario,5
ID,19,Time,1607.453,DronePosition,-20.40468,45,-107.379,0,CameraPosition,-103.2073,1.683504,-107.5356,CameraRotation,350.1214,263.8975,1.035711,CurrentState,End,Slider,51,Scenario,5
ID,19,Time,1607.467,DronePosition,-20.40468,45,-107.379,0,CameraPosition,-103.2079,1.683361,-107.5355,CameraRotation,350.2093,263.9933,1.064194,CurrentState,End,Slider,51,Scenario,5
ID,19,Time,1607.481,DronePosition,-20.40468,45,-107.379,0,CameraPosition,-103.2086,1.683225,-107.5355,CameraRotation,350.3271,264.0918,1.05724,CurrentState,End,Slider,51,Scenario,5
ID,19,Time,1607.495,DronePosition,-20.40468,45,-107.379,0,CameraPosition,-103.2093,1.683063,-107.5354,CameraRotation,350.4615,264.2079,1.035224,CurrentState,End,Slider,51,Scenario,5
ID,19,Time,1607.509,DronePosition,-20.40468,45,-107.379,0,CameraPosition,-103.2099,1.682873,-107.5352,CameraRotation,350.5983,264.3177,1.023791,CurrentState,End,Slider,51,Scenario,5
ID,19,Time,1607.528,DronePosition,-20.40468,45,-107.379,0,CameraPosition,-103.2106,1.682679,-107.5351,CameraRotation,350.727,264.4138,1.031374,CurrentState,End,Slider,51,Scenario,5
ID,19,Time,1607.55,DronePosition,-20.40468,45,-107.379,0,CameraPosition,-103.2119,1.682305,-107.5346,CameraRotation,350.9453,264.6378,1.053115,CurrentState,End,Slider,51,Scenario,5
ID,19,Time,1607.564,DronePosition,-20.40468,45,-107.379,0,CameraPosition,-103.2125,1.682118,-107.5344,CameraRotation,351.0477,264.7651,1.067492,CurrentState,End,Slider,51,Scenario,5
ID,19,Time,1607.578,DronePosition,-20.40468,45,-107.379,0,CameraPosition,-103.2131,1.681915,-107.5341,CameraRotation,351.15,264.9008,1.066848,CurrentState,End,Slider,51,Scenario,5
ID,19,Time,1607.592,DronePosition,-20.40468,45,-107.379,0,CameraPosition,-103.2137,1.68175,-107.5338,CameraRotation,351.2808,265.0531,1.051805,CurrentState,End,Slider,51,Scenario,5
ID,19,Time,1607.606,DronePosition,-20.40468,45,-107.379,0,CameraPosition,-103.2142,1.681588,-107.5335,CameraRotation,351.4021,265.1978,1.053321,CurrentState,End,Slider,51,Scenario,5
ID,19,Time,1607.62,DronePosition,-20.40468,45,-107.379,0,CameraPosition,-103.2148,1.681452,-107.5332,CameraRotation,351.5174,265.3301,1.056758,CurrentState,End,Slider,51,Scenario,5
ID,19,Time,1607.634,DronePosition,-20.40468,45,-107.379,0,CameraPosition,-103.2153,1.681313,-107.533,CameraRotation,351.6031,265.4363,1.06669,CurrentState,End,Slider,51,Scenario,5
ID,19,Time,1607.648,DronePosition,-20.40468,45,-107.379,0,CameraPosition,-103.2158,1.681213,-107.5327,CameraRotation,351.6621,265.5252,1.061165,CurrentState,End,Slider,51,Scenario,5
ID,19,Time,1607.662,DronePosition,-20.40468,45,-107.379,0,CameraPosition,-103.2162,1.681152,-107.5324,CameraRotation,351.7005,265.5775,1.053185,CurrentState,End,Slider,51,Scenario,5
ID,19,Time,1607.677,DronePosition,-20.40468,45,-107.379,0,CameraPosition,-103.2167,1.681079,-107.5321,CameraRotation,351.7398,265.6259,1.030483,CurrentState,End,Slider,51,Scenario,5
ID,19,Time,1607.69,DronePosition,-20.40468,45,-107.379,0,CameraPosition,-103.2171,1.680981,-107.5319,CameraRotation,351.7775,265.6563,0.9719897,CurrentState,End,Slider,51,Scenario,5
ID,19,Time,1607.704,DronePosition,-20.40468,45,-107.379,0,CameraPosition,-103.2176,1.680882,-107.5315,CameraRotation,351.8354,265.6828,0.8944861,CurrentState,End,Slider,51,Scenario,5
ID,19,Time,1607.718,DronePosition,-20.40468,45,-107.379,0,CameraPosition,-103.218,1.680787,-107.5312,CameraRotation,351.8821,265.7091,0.8161872,CurrentState,End,Slider,51,Scenario,5
ID,19,Time,1607.737,DronePosition,-20.40468,45,-107.379,0,CameraPosition,-103.2184,1.680732,-107.5309,CameraRotation,351.9127,265.7537,0.7391115,CurrentState,End,Slider,51,Scenario,5
ID,19,Time,1607.76,DronePosition,-20.40468,45,-107.379,0,CameraPosition,-103.2191,1.680657,-107.5302,CameraRotation,351.9529,265.874,0.6445224,CurrentState,End,Slider,51,Scenario,5
ID,19,Time,1607.773,DronePosition,-20.40468,45,-107.379,0,CameraPosition,-103.2194,1.680597,-107.5298,CameraRotation,351.985,265.9615,0.5921654,CurrentState,End,Slider,51,Scenario,5
ID,19,Time,1607.787,DronePosition,-20.40468,45,-107.379,0,CameraPosition,-103.2197,1.680528,-107.5294,CameraRotation,352.0121,266.0471,0.5279018,CurrentState,End,Slider,51,Scenario,5
ID,19,Time,1607.801,DronePosition,-20.40468,45,-107.379,0,CameraPosition,-103.22,1.680479,-107.5291,CameraRotation,352.0333,266.1186,0.4824477,CurrentState,End,Slider,51,Scenario,5
ID,19,Time,1607.815,DronePosition,-20.40468,45,-107.379,0,CameraPosition,-103.2203,1.680443,-107.5288,CameraRotation,352.0348,266.191,0.4538542,CurrentState,End,Slider,51,Scenario,5
ID,19,Time,1607.829,DronePosition,-20.40468,45,-107.379,0,CameraPosition,-103.2205,1.680415,-107.5285,CameraRotation,352.0214,266.2427,0.448859,CurrentState,End,Slider,51,Scenario,5
ID,19,Time,1607.843,DronePosition,-20.40468,45,-107.379,0,CameraPosition,-103.2207,1.680462,-107.5282,CameraRotation,352.013,266.2802,0.4631263,CurrentState,End,Slider,51,Scenario,5
ID,19,Time,1607.857,DronePosition,-20.40468,45,-107.379,0,CameraPosition,-103.2209,1.680534,-107.528,CameraRotation,351.9599,266.3044,0.4464827,CurrentState,End,Slider,51,Scenario,5
ID,19,Time,1607.871,DronePosition,-20.40468,45,-107.379,0,CameraPosition,-103.2211,1.680593,-107.5279,CameraRotation,351.906,266.3145,0.3772757,CurrentState,End,Slider,51,Scenario,5
ID,19,Time,1607.885,DronePosition,-20.40468,45,-107.379,0,CameraPosition,-103.2213,1.680621,-107.5277,CameraRotation,351.8973,266.2994,0.343123,CurrentState,End,Slider,51,Scenario,5
ID,19,Time,1607.899,DronePosition,-20.40468,45,-107.379,0,CameraPosition,-103.2215,1.680616,-107.5276,CameraRotation,351.9037,266.2668,0.3531648,CurrentState,End,Slider,51,Scenario,5
ID,19,Time,1607.913,DronePosition,-20.40468,45,-107.379,0,CameraPosition,-103.2216,1.68062,-107.5275,CameraRotation,351.9089,266.2404,0.3656262,CurrentState,End,Slider,51,Scenario,5
ID,19,Time,1607.927,DronePosition,-20.40468,45,-107.379,0,CameraPosition,-103.2217,1.680594,-107.5274,CameraRotation,351.8988,266.2197,0.3837519,CurrentState,End,Slider,51,Scenario,5
ID,19,Time,1607.946,DronePosition,-20.40468,45,-107.379,0,CameraPosition,-103.2219,1.680556,-107.5273,CameraRotation,351.8958,266.2116,0.3768115,CurrentState,End,Slider,51,Scenario,5
ID,19,Time,1607.968,DronePosition,-20.40468,45,-107.379,0,CameraPosition,-103.2221,1.680468,-107.5271,CameraRotation,351.9007,266.2131,0.3233511,CurrentState,End,Slider,51,Scenario,5
ID,19,Time,1607.982,DronePosition,-20.40468,45,-107.379,0,CameraPosition,-103.2222,1.680437,-107.527,CameraRotation,351.9067,266.1967,0.3297417,CurrentState,End,Slider,51,Scenario,5
ID,19,Time,1607.996,DronePosition,-20.40468,45,-107.379,0,CameraPosition,-103.2223,1.680427,-107.527,CameraRotation,351.9095,266.1732,0.3409899,CurrentState,End,Slider,51,Scenario,5
ID,19,Time,1608.01,DronePosition,-20.40468,45,-107.379,0,CameraPosition,-103.2224,1.68042,-107.5269,CameraRotation,351.9215,266.1418,0.3363645,CurrentState,End,Slider,51,Scenario,5
ID,19,Time,1608.024,DronePosition,-20.40468,45,-107.379,0,CameraPosition,-103.2225,1.680376,-107.5269,CameraRotation,351.9352,266.1073,0.3376103,CurrentState,End,Slider,51,Scenario,5
ID,19,Time,1608.038,DronePosition,-20.40468,45,-107.379,0,CameraPosition,-103.2226,1.680327,-107.5269,CameraRotation,351.9646,266.062,0.3599743,CurrentState,End,Slider,51,Scenario,5
ID,19,Time,1608.052,DronePosition,-20.40468,45,-107.379,0,CameraPosition,-103.2227,1.680282,-107.5269,CameraRotation,351.9838,266.0377,0.3622365,CurrentState,End,Slider,51,Scenario,5
ID,19,Time,1608.066,DronePosition,-20.40468,45,-107.379,0,CameraPosition,-103.2228,1.680247,-107.5269,CameraRotation,352.0123,266.0259,0.3164586,CurrentState,End,Slider,51,Scenario,5
ID,19,Time,1608.08,DronePosition,-20.40468,45,-107.379,0,CameraPosition,-103.2228,1.680207,-107.5269,CameraRotation,352.0393,266.032,0.2847043,CurrentState,End,Slider,51,Scenario,5
ID,19,Time,1608.094,DronePosition,-20.40468,45,-107.379,0,CameraPosition,-103.2228,1.680192,-107.5268,CameraRotation,352.0611,266.0475,0.2821915,CurrentState,End,Slider,51,Scenario,5
ID,19,Time,1608.108,DronePosition,-20.40468,45,-107.379,0,CameraPosition,-103.2228,1.680178,-107.5268,CameraRotation,352.0758,266.0764,0.2894326,CurrentState,End,Slider,51,Scenario,5
ID,19,Time,1608.122,DronePosition,-20.40468,45,-107.379,0,CameraPosition,-103.2229,1.680174,-107.5268,CameraRotation,352.086,266.0992,0.2982911,CurrentState,End,Slider,51,Scenario,5
ID,19,Time,1608.137,DronePosition,-20.40468,45,-107.379,0,CameraPosition,-103.2229,1.680172,-107.5268,CameraRotation,352.0791,266.1339,0.3214902,CurrentState,End,Slider,51,Scenario,5
ID,19,Time,1608.154,DronePosition,-20.40468,45,-107.379,0,CameraPosition,-103.2229,1.680181,-107.5268,CameraRotation,352.0668,266.16,0.3394622,CurrentState,End,Slider,51,Scenario,5
ID,19,Time,1608.177,DronePosition,-20.40468,45,-107.379,0,CameraPosition,-103.2228,1.680178,-107.5268,CameraRotation,352.0568,266.2191,0.348134,CurrentState,End,Slider,51,Scenario,5
ID,19,Time,1608.191,DronePosition,-20.40468,45,-107.379,0,CameraPosition,-103.2228,1.680163,-107.5269,CameraRotation,352.0509,266.255,0.3483865,CurrentState,End,Slider,51,Scenario,5
ID,19,Time,1608.205,DronePosition,-20.40468,45,-107.379,0,CameraPosition,-103.2227,1.680154,-107.5269,CameraRotation,352.0508,266.294,0.3384016,CurrentState,End,Slider,51,Scenario,5
ID,19,Time,1608.219,DronePosition,-20.40468,45,-107.379,0,CameraPosition,-103.2226,1.680149,-107.5269,CameraRotation,352.0433,266.3289,0.3268174,CurrentState,End,Slider,51,Scenario,5
ID,19,Time,1608.233,DronePosition,-20.40468,45,-107.379,0,CameraPosition,-103.2225,1.680158,-107.527,CameraRotation,352.0146,266.3683,0.3230995,CurrentState,End,Slider,51,Scenario,5
ID,19,Time,1608.247,DronePosition,-20.40468,45,-107.379,0,CameraPosition,-103.2224,1.680186,-107.5271,CameraRotation,351.987,266.3912,0.3370033,CurrentState,End,Slider,51,Scenario,5
ID,19,Time,1608.261,DronePosition,-20.40468,45,-107.379,0,CameraPosition,-103.2223,1.680226,-107.5272,CameraRotation,351.9475,266.4168,0.3489926,CurrentState,End,Slider,51,Scenario,5
ID,19,Time,1608.275,DronePosition,-20.40468,45,-107.379,0,CameraPosition,-103.2222,1.680254,-107.5273,CameraRotation,351.9249,266.4366,0.3688115,CurrentState,End,Slider,51,Scenario,5
ID,19,Time,1608.289,DronePosition,-20.40468,45,-107.379,0,CameraPosition,-103.2221,1.680303,-107.5275,CameraRotation,351.9093,266.4464,0.4019195,CurrentState,End,Slider,51,Scenario,5
ID,19,Time,1608.302,DronePosition,-20.40468,45,-107.379,0,CameraPosition,-103.222,1.680362,-107.5276,CameraRotation,351.8943,266.4543,0.4357703,CurrentState,End,Slider,51,Scenario,5
ID,19,Time,1608.317,DronePosition,-20.40468,45,-107.379,0,CameraPosition,-103.2219,1.680401,-107.5278,CameraRotation,351.8767,266.4674,0.4692762,CurrentState,End,Slider,51,Scenario,5
ID,19,Time,1608.331,DronePosition,-20.40468,45,-107.379,0,CameraPosition,-103.2218,1.68045,-107.5279,CameraRotation,351.8558,266.4666,0.5009862,CurrentState,End,Slider,51,Scenario,5
ID,19,Time,1608.344,DronePosition,-20.40468,45,-107.379,0,CameraPosition,-103.2216,1.680495,-107.528,CameraRotation,351.8307,266.4812,0.5235887,CurrentState,End,Slider,51,Scenario,5
ID,19,Time,1608.363,DronePosition,-20.40468,45,-107.379,0,CameraPosition,-103.2215,1.680517,-107.5282,CameraRotation,351.7993,266.4991,0.5536948,CurrentState,End,Slider,51,Scenario,5
ID,19,Time,1608.386,DronePosition,-20.40468,45,-107.379,0,CameraPosition,-103.2212,1.680525,-107.5284,CameraRotation,351.7066,266.5358,0.6123801,CurrentState,End,Slider,51,Scenario,5
ID,19,Time,1608.4,DronePosition,-20.40468,45,-107.379,0,CameraPosition,-103.221,1.680575,-107.5285,CameraRotation,351.6667,266.5639,0.6609214,CurrentState,End,Slider,51,Scenario,5
ID,19,Time,1608.413,DronePosition,-20.40468,45,-107.379,0,CameraPosition,-103.2209,1.680644,-107.5286,CameraRotation,351.6171,266.5856,0.6839238,CurrentState,End,Slider,51,Scenario,5
ID,19,Time,1608.427,DronePosition,-20.40468,45,-107.379,0,CameraPosition,-103.2208,1.680714,-107.5287,CameraRotation,351.5755,266.6089,0.7207264,CurrentState,End,Slider,51,Scenario,5
ID,19,Time,1608.442,DronePosition,-20.40468,45,-107.379,0,CameraPosition,-103.2206,1.68075,-107.5288,CameraRotation,351.5402,266.6288,0.7639997,CurrentState,End,Slider,51,Scenario,5
ID,19,Time,1608.456,DronePosition,-20.40468,45,-107.379,0,CameraPosition,-103.2206,1.680759,-107.5288,CameraRotation,351.5133,266.6456,0.7981489,CurrentState,End,Slider,51,Scenario,5
ID,19,Time,1608.47,DronePosition,-20.40468,45,-107.379,0,CameraPosition,-103.2205,1.680774,-107.5289,CameraRotation,351.5127,266.6739,0.8265194,CurrentState,End,Slider,51,Scenario,5
ID,19,Time,1608.484,DronePosition,-20.40468,45,-107.379,0,CameraPosition,-103.2203,1.680831,-107.5288,CameraRotation,351.5,266.7161,0.8411129,CurrentState,End,Slider,51,Scenario,5
ID,19,Time,1608.498,DronePosition,-20.40468,45,-107.379,0,CameraPosition,-103.2203,1.680863,-107.5288,CameraRotation,351.4677,266.7776,0.7880507,CurrentState,End,Slider,51,Scenario,5
ID,19,Time,1608.511,DronePosition,-20.40468,45,-107.379,0,CameraPosition,-103.2201,1.68085,-107.5288,CameraRotation,351.4789,266.8279,0.7392554,CurrentState,End,Slider,51,Scenario,5
ID,19,Time,1608.526,DronePosition,-20.40468,45,-107.379,0,CameraPosition,-103.22,1.680804,-107.5288,CameraRotation,351.5156,266.8745,0.7510347,CurrentState,End,Slider,51,Scenario,5
ID,19,Time,1608.539,DronePosition,-20.40468,45,-107.379,0,CameraPosition,-103.2198,1.680737,-107.5287,CameraRotation,351.5638,266.9273,0.7777401,CurrentState,End,Slider,51,Scenario,5
ID,19,Time,1608.553,DronePosition,-20.40468,45,-107.379,0,CameraPosition,-103.2196,1.680676,-107.5287,CameraRotation,351.6075,266.9661,0.8075588,CurrentState,End,Slider,51,Scenario,5
ID,19,Time,1608.572,DronePosition,-20.40468,45,-107.379,0,CameraPosition,-103.2195,1.680619,-107.5286,CameraRotation,351.6223,267.0076,0.830724,CurrentState,End,Slider,51,Scenario,5
ID,19,Time,1608.595,DronePosition,-20.40468,45,-107.379,0,CameraPosition,-103.219,1.68055,-107.5286,CameraRotation,351.6599,267.0894,0.8172605,CurrentState,End,Slider,51,Scenario,5
ID,19,Time,1608.608,DronePosition,-20.40468,45,-107.379,0,CameraPosition,-103.2188,1.680578,-107.5286,CameraRotation,351.6505,267.0959,0.796914,CurrentState,End,Slider,51,Scenario,5
ID,19,Time,1608.622,DronePosition,-20.40468,45,-107.379,0,CameraPosition,-103.2185,1.680614,-107.5286,CameraRotation,351.6149,267.0931,0.7899372,CurrentState,End,Slider,51,Scenario,5
ID,19,Time,1608.636,DronePosition,-20.40468,45,-107.379,0,CameraPosition,-103.2183,1.680668,-107.5286,CameraRotation,351.5844,267.0532,0.7746552,CurrentState,End,Slider,51,Scenario,5
ID,19,Time,1608.65,DronePosition,-20.40468,45,-107.379,0,CameraPosition,-103.218,1.680732,-107.5287,CameraRotation,351.5489,267.0017,0.731546,CurrentState,End,Slider,51,Scenario,5
ID,19,Time,1608.665,DronePosition,-20.40468,45,-107.379,0,CameraPosition,-103.2178,1.680796,-107.5288,CameraRotation,351.5242,266.9596,0.7004782,CurrentState,End,Slider,51,Scenario,5
ID,19,Time,1608.678,DronePosition,-20.40468,45,-107.379,0,CameraPosition,-103.2176,1.680869,-107.5289,CameraRotation,351.4831,266.8965,0.6870369,CurrentState,End,Slider,51,Scenario,5
ID,19,Time,1608.693,DronePosition,-20.40468,45,-107.379,0,CameraPosition,-103.2173,1.680965,-107.529,CameraRotation,351.432,266.8392,0.6565634,CurrentState,End,Slider,51,Scenario,5
ID,19,Time,1608.707,DronePosition,-20.40468,45,-107.379,0,CameraPosition,-103.2171,1.681067,-107.5291,CameraRotation,351.3862,266.7847,0.6173301,CurrentState,End,Slider,51,Scenario,5
ID,19,Time,1608.72,DronePosition,-20.40468,45,-107.379,0,CameraPosition,-103.2169,1.681156,-107.5292,CameraRotation,351.3464,266.7411,0.6061087,CurrentState,End,Slider,51,Scenario,5
ID,19,Time,1608.734,DronePosition,-20.40468,45,-107.379,0,CameraPosition,-103.2166,1.681246,-107.5294,CameraRotation,351.3056,266.7022,0.6040786,CurrentState,End,Slider,51,Scenario,5
ID,19,Time,1608.748,DronePosition,-20.40468,45,-107.379,0,CameraPosition,-103.2164,1.681315,-107.5295,CameraRotation,351.2807,266.652,0.6047752,CurrentState,End,Slider,51,Scenario,5
ID,19,Time,1608.762,DronePosition,-20.40468,45,-107.379,0,CameraPosition,-103.2162,1.681368,-107.5296,CameraRotation,351.2547,266.6044,0.608668,CurrentState,End,Slider,51,Scenario,5
ID,19,Time,1608.781,DronePosition,-20.40468,45,-107.379,0,CameraPosition,-103.216,1.681416,-107.5297,CameraRotation,351.2464,266.575,0.6059337,CurrentState,End,Slider,51,Scenario,5
ID,19,Time,1608.803,DronePosition,-20.40468,45,-107.379,0,CameraPosition,-103.2155,1.68145,-107.53,CameraRotation,351.2438,266.5194,0.6132624,CurrentState,End,Slider,51,Scenario,5
ID,19,Time,1608.817,DronePosition,-20.40468,45,-107.379,0,CameraPosition,-103.2153,1.681466,-107.5301,CameraRotation,351.2392,266.4915,0.6246043,CurrentState,End,Slider,51,Scenario,5
ID,19,Time,1608.831,DronePosition,-20.40468,45,-107.379,0,CameraPosition,-103.2151,1.681488,-107.5303,CameraRotation,351.2258,266.458,0.6361554,CurrentState,End,Slider,51,Scenario,5
ID,19,Time,1608.845,DronePosition,-20.40468,45,-107.379,0,CameraPosition,-103.2149,1.681511,-107.5304,CameraRotation,351.2243,266.4332,0.6414107,CurrentState,End,Slider,51,Scenario,5
ID,19,Time,1608.859,DronePosition,-20.40468,45,-107.379,0,CameraPosition,-103.2147,1.68152,-107.5305,CameraRotation,351.2236,266.4062,0.6398334,CurrentState,End,Slider,51,Scenario,5
ID,19,Time,1608.873,DronePosition,-20.40468,45,-107.379,0,CameraPosition,-103.2145,1.681526,-107.5307,CameraRotation,351.2183,266.3718,0.6430364,CurrentState,End,Slider,51,Scenario,5
ID,19,Time,1608.887,DronePosition,-20.40468,45,-107.379,0,CameraPosition,-103.2143,1.681541,-107.5308,CameraRotation,351.2183,266.3265,0.6510804,CurrentState,End,Slider,51,Scenario,5
ID,19,Time,1608.901,DronePosition,-20.40468,45,-107.379,0,CameraPosition,-103.2141,1.681578,-107.531,CameraRotation,351.2122,266.2964,0.6609026,CurrentState,End,Slider,51,Scenario,5
ID,19,Time,1608.915,DronePosition,-20.40468,45,-107.379,0,CameraPosition,-103.214,1.681626,-107.5312,CameraRotation,351.2016,266.2546,0.6775473,CurrentState,End,Slider,51,Scenario,5
ID,19,Time,1608.929,DronePosition,-20.40468,45,-107.379,0,CameraPosition,-103.2138,1.681667,-107.5314,CameraRotation,351.1901,266.2143,0.6939516,CurrentState,End,Slider,51,Scenario,5
ID,19,Time,1608.943,DronePosition,-20.40468,45,-107.379,0,CameraPosition,-103.2136,1.681707,-107.5316,CameraRotation,351.1754,266.1622,0.7180093,CurrentState,End,Slider,51,Scenario,5
ID,19,Time,1608.957,DronePosition,-20.40468,45,-107.379,0,CameraPosition,-103.2135,1.68176,-107.5318,CameraRotation,351.1663,266.1146,0.7368224,CurrentState,End,Slider,51,Scenario,5
ID,19,Time,1608.971,DronePosition,-20.40468,45,-107.379,0,CameraPosition,-103.2133,1.681807,-107.532,CameraRotation,351.1418,266.0694,0.7512845,CurrentState,End,Slider,51,Scenario,5
ID,19,Time,1608.989,DronePosition,-20.40468,45,-107.379,0,CameraPosition,-103.2132,1.681862,-107.5321,CameraRotation,351.1376,266.0195,0.7591555,CurrentState,End,Slider,51,Scenario,5
ID,19,Time,1609.012,DronePosition,-20.40468,45,-107.379,0,CameraPosition,-103.213,1.681837,-107.5324,CameraRotation,351.1252,265.9538,0.7757096,CurrentState,End,Slider,51,Scenario,5
ID,19,Time,1609.026,DronePosition,-20.40468,45,-107.379,0,CameraPosition,-103.213,1.681811,-107.5325,CameraRotation,351.1196,265.9413,0.7871642,CurrentState,End,Slider,51,Scenario,5
ID,19,Time,1609.04,DronePosition,-20.40468,45,-107.379,0,CameraPosition,-103.2129,1.681839,-107.5326,CameraRotation,351.119,265.9314,0.7983808,CurrentState,End,Slider,51,Scenario,5
ID,19,Time,1609.054,DronePosition,-20.40468,45,-107.379,0,CameraPosition,-103.2128,1.681875,-107.5327,CameraRotation,351.117,265.9304,0.8128144,CurrentState,End,Slider,51,Scenario,5
ID,19,Time,1609.068,DronePosition,-20.40468,45,-107.379,0,CameraPosition,-103.2128,1.681902,-107.5328,CameraRotation,351.1219,265.9504,0.8228402,CurrentState,End,Slider,51,Scenario,5
ID,19,Time,1609.082,DronePosition,-20.40468,45,-107.379,0,CameraPosition,-103.2127,1.681879,-107.5328,CameraRotation,351.1328,265.9527,0.8207914,CurrentState,End,Slider,51,Scenario,5
ID,19,Time,1609.096,DronePosition,-20.40468,45,-107.379,0,CameraPosition,-103.2127,1.681849,-107.5328,CameraRotation,351.1626,265.9554,0.8316883,CurrentState,End,Slider,51,Scenario,5
ID,19,Time,1609.11,DronePosition,-20.40468,45,-107.379,0,CameraPosition,-103.2126,1.681872,-107.5329,CameraRotation,351.1618,265.9554,0.8434904,CurrentState,End,Slider,51,Scenario,5
ID,19,Time,1609.124,DronePosition,-20.40468,45,-107.379,0,CameraPosition,-103.2127,1.681918,-107.5329,CameraRotation,351.1292,265.9599,0.803804,CurrentState,End,Slider,51,Scenario,5
ID,19,Time,1609.138,DronePosition,-20.40468,45,-107.379,0,CameraPosition,-103.2127,1.681919,-107.533,CameraRotation,351.1342,265.9538,0.746039,CurrentState,End,Slider,51,Scenario,5
ID,19,Time,1609.153,DronePosition,-20.40468,45,-107.379,0,CameraPosition,-103.2127,1.681887,-107.533,CameraRotation,351.1908,265.9518,0.7236608,CurrentState,End,Slider,51,Scenario,5
ID,19,Time,1609.166,DronePosition,-20.40468,45,-107.379,0,CameraPosition,-103.2127,1.68182,-107.5331,CameraRotation,351.2467,265.9482,0.7463235,CurrentState,End,Slider,51,Scenario,5
ID,19,Time,1609.18,DronePosition,-20.40468,45,-107.379,0,CameraPosition,-103.2127,1.681751,-107.5331,CameraRotation,351.2855,265.9405,0.7809827,CurrentState,End,Slider,51,Scenario,5
ID,19,Time,1609.199,DronePosition,-20.40468,45,-107.379,0,CameraPosition,-103.2127,1.681695,-107.5332,CameraRotation,351.3215,265.9431,0.8128356,CurrentState,End,Slider,51,Scenario,5
ID,19,Time,1609.222,DronePosition,-20.40468,45,-107.379,0,CameraPosition,-103.2127,1.681611,-107.5334,CameraRotation,351.357,265.9822,0.8377773,CurrentState,End,Slider,51,Scenario,5
ID,19,Time,1609.235,DronePosition,-20.40468,45,-107.379,0,CameraPosition,-103.2128,1.681602,-107.5334,CameraRotation,351.3528,265.9926,0.8506619,CurrentState,End,Slider,51,Scenario,5
ID,19,Time,1609.249,DronePosition,-20.40468,45,-107.379,0,CameraPosition,-103.2128,1.68158,-107.5335,CameraRotation,351.3433,265.9941,0.8724568,CurrentState,End,Slider,51,Scenario,5
ID,19,Time,1609.263,DronePosition,-20.40468,45,-107.379,0,CameraPosition,-103.2128,1.681571,-107.5336,CameraRotation,351.3742,265.985,0.8876625,CurrentState,End,Slider,51,Scenario,5
ID,19,Time,1609.277,DronePosition,-20.40468,45,-107.379,0,CameraPosition,-103.2128,1.681536,-107.5337,CameraRotation,351.3945,265.9762,0.8879082,CurrentState,End,Slider,51,Scenario,5
ID,19,Time,1609.291,DronePosition,-20.40468,45,-107.379,0,CameraPosition,-103.2129,1.681501,-107.5337,CameraRotation,351.4272,265.9654,0.8841106,CurrentState,End,Slider,51,Scenario,5
ID,19,Time,1609.305,DronePosition,-20.40468,45,-107.379,0,CameraPosition,-103.2129,1.681486,-107.5338,CameraRotation,351.4739,265.9572,0.889109,CurrentState,End,Slider,51,Scenario,5
ID,19,Time,1609.319,DronePosition,-20.40468,45,-107.379,0,CameraPosition,-103.2129,1.681436,-107.5339,CameraRotation,351.4966,265.9546,0.8964541,CurrentState,End,Slider,51,Scenario,5
ID,19,Time,1609.333,DronePosition,-20.40468,45,-107.379,0,CameraPosition,-103.213,1.681399,-107.5339,CameraRotation,351.5109,265.9589,0.8755556,CurrentState,End,Slider,51,Scenario,5
ID,19,Time,1609.347,DronePosition,-20.40468,45,-107.379,0,CameraPosition,-103.213,1.681376,-107.5339,CameraRotation,351.5306,265.9575,0.8759689,CurrentState,End,Slider,51,Scenario,5
ID,19,Time,1609.361,DronePosition,-20.40468,45,-107.379,0,CameraPosition,-103.213,1.681372,-107.534,CameraRotation,351.5364,265.9707,0.8821351,CurrentState,End,Slider,51,Scenario,5
ID,19,Time,1609.375,DronePosition,-20.40468,45,-107.379,0,CameraPosition,-103.2131,1.681357,-107.534,CameraRotation,351.5435,265.9674,0.8963079,CurrentState,End,Slider,51,Scenario,5
ID,19,Time,1609.388,DronePosition,-20.40468,45,-107.379,0,CameraPosition,-103.2131,1.681347,-107.5341,CameraRotation,351.5413,265.9677,0.9121284,CurrentState,End,Slider,51,Scenario,5
ID,19,Time,1609.407,DronePosition,-20.40468,45,-107.379,0,CameraPosition,-103.2131,1.681346,-107.5342,CameraRotation,351.5426,265.982,0.9250543,CurrentState,End,Slider,51,Scenario,5
ID,19,Time,1609.43,DronePosition,-20.40468,45,-107.379,0,CameraPosition,-103.2131,1.681336,-107.5342,CameraRotation,351.5697,265.9895,0.9163616,CurrentState,End,Slider,51,Scenario,5
ID,19,Time,1609.444,DronePosition,-20.40468,45,-107.379,0,CameraPosition,-103.2131,1.681324,-107.5343,CameraRotation,351.5806,265.9935,0.9199601,CurrentState,End,Slider,51,Scenario,5
ID,19,Time,1609.458,DronePosition,-20.40468,45,-107.379,0,CameraPosition,-103.2132,1.681345,-107.5343,CameraRotation,351.573,265.9973,0.915509,CurrentState,End,Slider,51,Scenario,5
ID,19,Time,1609.472,DronePosition,-20.40468,45,-107.379,0,CameraPosition,-103.2132,1.681369,-107.5344,CameraRotation,351.5693,265.9972,0.9130588,CurrentState,End,Slider,51,Scenario,5
ID,19,Time,1609.486,DronePosition,-20.40468,45,-107.379,0,CameraPosition,-103.2133,1.681359,-107.5344,CameraRotation,351.5686,266.0039,0.9051178,CurrentState,End,Slider,51,Scenario,5
ID,19,Time,1609.5,DronePosition,-20.40468,45,-107.379,0,CameraPosition,-103.2133,1.68133,-107.5344,CameraRotation,351.5654,265.9989,0.8968892,CurrentState,End,Slider,51,Scenario,5
ID,19,Time,1609.514,DronePosition,-20.40468,45,-107.379,0,CameraPosition,-103.2134,1.681321,-107.5344,CameraRotation,351.5817,266.0039,0.8937116,CurrentState,End,Slider,51,Scenario,5
ID,19,Time,1609.528,DronePosition,-20.40468,45,-107.379,0,CameraPosition,-103.2135,1.681317,-107.5345,CameraRotation,351.5787,266.0136,0.8897794,CurrentState,End,Slider,51,Scenario,5
ID,19,Time,1609.542,DronePosition,-20.40468,45,-107.379,0,CameraPosition,-103.2136,1.681316,-107.5345,CameraRotation,351.5888,266.0294,0.900818,CurrentState,End,Slider,51,Scenario,5
ID,19,Time,1609.556,DronePosition,-20.40468,45,-107.379,0,CameraPosition,-103.2137,1.681323,-107.5346,CameraRotation,351.6085,266.032,0.9093927,CurrentState,End,Slider,51,Scenario,5
ID,19,Time,1609.57,DronePosition,-20.40468,45,-107.379,0,CameraPosition,-103.2138,1.681323,-107.5347,CameraRotation,351.6355,266.0272,0.90942,CurrentState,End,Slider,51,Scenario,5
ID,19,Time,1609.583,DronePosition,-20.40468,45,-107.379,0,CameraPosition,-103.214,1.681328,-107.5348,CameraRotation,351.6689,266.031,0.9031886,CurrentState,End,Slider,51,Scenario,5
ID,19,Time,1609.598,DronePosition,-20.40468,45,-107.379,0,CameraPosition,-103.2141,1.681348,-107.5349,CameraRotation,351.7053,266.0279,0.9007416,CurrentState,End,Slider,51,Scenario,5
ID,19,Time,1609.616,DronePosition,-20.40468,45,-107.379,0,CameraPosition,-103.2143,1.681356,-107.535,CameraRotation,351.7272,266.0226,0.8903033,CurrentState,End,Slider,51,Scenario,5
ID,19,Time,1609.639,DronePosition,-20.40468,45,-107.379,0,CameraPosition,-103.2146,1.681337,-107.5354,CameraRotation,351.7771,265.9781,0.8871329,CurrentState,End,Slider,51,Scenario,5
ID,19,Time,1609.652,DronePosition,-20.40468,45,-107.379,0,CameraPosition,-103.2147,1.681334,-107.5356,CameraRotation,351.7967,265.9271,0.9023142,CurrentState,End,Slider,51,Scenario,5
ID,19,Time,1609.667,DronePosition,-20.40468,45,-107.379,0,CameraPosition,-103.2149,1.681337,-107.5359,CameraRotation,351.811,265.8616,0.9378493,CurrentState,End,Slider,51,Scenario,5
ID,19,Time,1609.681,DronePosition,-20.40468,45,-107.379,0,CameraPosition,-103.2151,1.681318,-107.5362,CameraRotation,351.809,265.7772,0.9628317,CurrentState,End,Slider,51,Scenario,5
ID,19,Time,1609.694,DronePosition,-20.40468,45,-107.379,0,CameraPosition,-103.2153,1.681275,-107.5365,CameraRotation,351.8057,265.6888,0.9846014,CurrentState,End,Slider,51,Scenario,5
ID,19,Time,1609.709,DronePosition,-20.40468,45,-107.379,0,CameraPosition,-103.2156,1.681215,-107.5368,CameraRotation,351.7835,265.5853,1.013607,CurrentState,End,Slider,51,Scenario,5
ID,19,Time,1609.723,DronePosition,-20.40468,45,-107.379,0,CameraPosition,-103.2159,1.681138,-107.537,CameraRotation,351.7726,265.4909,1.049913,CurrentState,End,Slider,51,Scenario,5
ID,19,Time,1609.737,DronePosition,-20.40468,45,-107.379,0,CameraPosition,-103.2162,1.681057,-107.5372,CameraRotation,351.7842,265.4291,1.090498,CurrentState,End,Slider,51,Scenario,5
ID,19,Time,1609.751,DronePosition,-20.40468,45,-107.379,0,CameraPosition,-103.2165,1.680967,-107.5373,CameraRotation,351.8208,265.4032,1.145452,CurrentState,End,Slider,51,Scenario,5
ID,19,Time,1609.765,DronePosition,-20.40468,45,-107.379,0,CameraPosition,-103.2169,1.680876,-107.5373,CameraRotation,351.8718,265.4201,1.141727,CurrentState,End,Slider,51,Scenario,5
ID,19,Time,1609.779,DronePosition,-20.40468,45,-107.379,0,CameraPosition,-103.2172,1.68075,-107.5374,CameraRotation,351.9505,265.478,1.103052,CurrentState,End,Slider,51,Scenario,5
ID,19,Time,1609.792,DronePosition,-20.40468,45,-107.379,0,CameraPosition,-103.2175,1.680593,-107.5374,CameraRotation,352.0565,265.5333,1.115017,CurrentState,End,Slider,51,Scenario,5
ID,19,Time,1609.806,DronePosition,-20.40468,45,-107.379,0,CameraPosition,-103.2178,1.680429,-107.5373,CameraRotation,352.191,265.6178,1.160459,CurrentState,End,Slider,51,Scenario,5
ID,19,Time,1609.825,DronePosition,-20.40468,45,-107.379,0,CameraPosition,-103.2181,1.680238,-107.5373,CameraRotation,352.3262,265.7032,1.248697,CurrentState,End,Slider,51,Scenario,5
ID,19,Time,1609.848,DronePosition,-20.40468,45,-107.379,0,CameraPosition,-103.2187,1.679833,-107.5372,CameraRotation,352.5984,265.8415,1.343794,CurrentState,End,Slider,51,Scenario,5
ID,19,Time,1609.862,DronePosition,-20.40468,45,-107.379,0,CameraPosition,-103.2189,1.679586,-107.5371,CameraRotation,352.7444,265.9184,1.360057,CurrentState,End,Slider,51,Scenario,5
ID,19,Time,1609.875,DronePosition,-20.40468,45,-107.379,0,CameraPosition,-103.2191,1.679348,-107.537,CameraRotation,352.8704,265.9856,1.373994,CurrentState,End,Slider,51,Scenario,5
ID,19,Time,1609.889,DronePosition,-20.40468,45,-107.379,0,CameraPosition,-103.2194,1.679139,-107.5369,CameraRotation,353.0077,266.0341,1.390302,CurrentState,End,Slider,51,Scenario,5
ID,19,Time,1609.903,DronePosition,-20.40468,45,-107.379,0,CameraPosition,-103.2196,1.678945,-107.5368,CameraRotation,353.1317,266.0604,1.417952,CurrentState,End,Slider,51,Scenario,5
ID,19,Time,1609.918,DronePosition,-20.40468,45,-107.379,0,CameraPosition,-103.2198,1.678762,-107.5366,CameraRotation,353.2282,266.0933,1.439006,CurrentState,End,Slider,51,Scenario,5
ID,19,Time,1609.931,DronePosition,-20.40468,45,-107.379,0,CameraPosition,-103.22,1.678598,-107.5365,CameraRotation,353.3328,266.1332,1.473541,CurrentState,End,Slider,51,Scenario,5
ID,19,Time,1609.945,DronePosition,-20.40468,45,-107.379,0,CameraPosition,-103.2201,1.678451,-107.5363,CameraRotation,353.43,266.1684,1.517094,CurrentState,End,Slider,51,Scenario,5
ID,19,Time,1609.959,DronePosition,-20.40468,45,-107.379,0,CameraPosition,-103.2203,1.678297,-107.536,CameraRotation,353.506,266.2216,1.509125,CurrentState,End,Slider,51,Scenario,5
ID,19,Time,1609.973,DronePosition,-20.40468,45,-107.379,0,CameraPosition,-103.2205,1.67815,-107.5358,CameraRotation,353.5835,266.2702,1.486115,CurrentState,End,Slider,51,Scenario,5
ID,19,Time,1609.987,DronePosition,-20.40468,45,-107.379,0,CameraPosition,-103.2206,1.678033,-107.5355,CameraRotation,353.6609,266.3344,1.472426,CurrentState,End,Slider,51,Scenario,5
ID,19,Time,1610.001,DronePosition,-20.40468,45,-107.379,0,CameraPosition,-103.2208,1.677926,-107.5351,CameraRotation,353.7371,266.3976,1.492394,CurrentState,End,Slider,51,Scenario,5
ID,19,Time,1610.015,DronePosition,-20.40468,45,-107.379,0,CameraPosition,-103.2209,1.677829,-107.5348,CameraRotation,353.817,266.4655,1.507338,CurrentState,End,Slider,51,Scenario,5
ID,19,Time,1610.034,DronePosition,-20.40468,45,-107.379,0,CameraPosition,-103.221,1.677714,-107.5344,CameraRotation,353.8951,266.5439,1.516163,CurrentState,End,Slider,51,Scenario,5
ID,19,Time,1610.057,DronePosition,-20.40468,45,-107.379,0,CameraPosition,-103.2212,1.677437,-107.5333,CameraRotation,354.0911,266.761,1.544377,CurrentState,End,Slider,51,Scenario,5
ID,19,Time,1610.071,DronePosition,-20.40468,45,-107.379,0,CameraPosition,-103.2213,1.677326,-107.5326,CameraRotation,354.1694,266.8865,1.548416,CurrentState,End,Slider,51,Scenario,5
ID,19,Time,1610.085,DronePosition,-20.40468,45,-107.379,0,CameraPosition,-103.2213,1.677244,-107.532,CameraRotation,354.2408,267.0002,1.55619,CurrentState,End,Slider,51,Scenario,5
ID,19,Time,1610.098,DronePosition,-20.40468,45,-107.379,0,CameraPosition,-103.2214,1.677117,-107.5314,CameraRotation,354.2733,267.1136,1.570475,CurrentState,End,Slider,51,Scenario,5
ID,19,Time,1610.112,DronePosition,-20.40468,45,-107.379,0,CameraPosition,-103.2214,1.676948,-107.5307,CameraRotation,354.3607,267.2157,1.513502,CurrentState,End,Slider,51,Scenario,5
ID,19,Time,1610.126,DronePosition,-20.40468,45,-107.379,0,CameraPosition,-103.2215,1.676877,-107.53,CameraRotation,354.4523,267.2776,1.471217,CurrentState,End,Slider,51,Scenario,5
ID,19,Time,1610.14,DronePosition,-20.40468,45,-107.379,0,CameraPosition,-103.2215,1.676909,-107.5292,CameraRotation,354.4789,267.3759,1.45435,CurrentState,End,Slider,51,Scenario,5
ID,19,Time,1610.154,DronePosition,-20.40468,45,-107.379,0,CameraPosition,-103.2216,1.67695,-107.5283,CameraRotation,354.4583,267.5238,1.407977,CurrentState,End,Slider,51,Scenario,5
ID,19,Time,1610.168,DronePosition,-20.40468,45,-107.379,0,CameraPosition,-103.2217,1.677006,-107.5274,CameraRotation,354.4479,267.6665,1.341263,CurrentState,End,Slider,51,Scenario,5
ID,19,Time,1610.182,DronePosition,-20.40468,45,-107.379,0,CameraPosition,-103.2218,1.677073,-107.5266,CameraRotation,354.4273,267.7776,1.298127,CurrentState,End,Slider,51,Scenario,5
ID,19,Time,1610.196,DronePosition,-20.40468,45,-107.379,0,CameraPosition,-103.2219,1.677139,-107.5257,CameraRotation,354.3842,267.8849,1.263285,CurrentState,End,Slider,51,Scenario,5
ID,19,Time,1610.21,DronePosition,-20.40468,45,-107.379,0,CameraPosition,-103.222,1.677201,-107.5247,CameraRotation,354.3662,267.9885,1.210017,CurrentState,End,Slider,51,Scenario,5
ID,19,Time,1610.224,DronePosition,-20.40468,45,-107.379,0,CameraPosition,-103.222,1.677225,-107.5238,CameraRotation,354.368,268.0709,1.155118,CurrentState,End,Slider,51,Scenario,5
ID,19,Time,1610.243,DronePosition,-20.40468,45,-107.379,0,CameraPosition,-103.2221,1.677183,-107.5229,CameraRotation,354.3749,268.1322,1.0937,CurrentState,End,Slider,51,Scenario,5
ID,19,Time,1610.253,DronePosition,-20.40468,45,-107.379,0,CameraPosition,-103.2222,1.677153,-107.5219,CameraRotation,354.3997,268.1748,1.040223,CurrentState,End,Slider,51,Scenario,5
ID,19,Time,1610.265,DronePosition,-20.40468,45,-107.379,0,CameraPosition,-103.2223,1.677122,-107.521,CameraRotation,354.4133,268.2144,0.9967313,CurrentState,End,Slider,51,Scenario,5
ID,19,Time,1610.279,DronePosition,-20.40468,45,-107.379,0,CameraPosition,-103.2224,1.67706,-107.52,CameraRotation,354.424,268.2285,0.9755572,CurrentState,End,Slider,51,Scenario,5
ID,19,Time,1610.293,DronePosition,-20.40468,45,-107.379,0,CameraPosition,-103.2224,1.676977,-107.5191,CameraRotation,354.4424,268.2357,0.9465445,CurrentState,End,Slider,51,Scenario,5
ID,19,Time,1610.307,DronePosition,-20.40468,45,-107.379,0,CameraPosition,-103.2225,1.67691,-107.5181,CameraRotation,354.4614,268.2583,0.9061605,CurrentState,End,Slider,51,Scenario,5
ID,19,Time,1610.321,DronePosition,-20.40468,45,-107.379,0,CameraPosition,-103.2226,1.676837,-107.5171,CameraRotation,354.4708,268.2732,0.9119628,CurrentState,End,Slider,51,Scenario,5
ID,19,Time,1610.335,DronePosition,-20.40468,45,-107.379,0,CameraPosition,-103.2226,1.676745,-107.5161,CameraRotation,354.4916,268.2933,0.9199664,CurrentState,End,Slider,51,Scenario,5
ID,19,Time,1610.349,DronePosition,-20.40468,45,-107.379,0,CameraPosition,-103.2227,1.67662,-107.515,CameraRotation,354.5218,268.2903,0.9529958,CurrentState,End,Slider,51,Scenario,5
ID,19,Time,1610.363,DronePosition,-20.40468,45,-107.379,0,CameraPosition,-103.2227,1.676497,-107.5139,CameraRotation,354.5668,268.2897,0.9890592,CurrentState,End,Slider,51,Scenario,5
ID,19,Time,1610.377,DronePosition,-20.40468,45,-107.379,0,CameraPosition,-103.2227,1.676406,-107.5128,CameraRotation,354.5996,268.2711,0.9834578,CurrentState,End,Slider,51,Scenario,5
ID,19,Time,1610.391,DronePosition,-20.40468,45,-107.379,0,CameraPosition,-103.2227,1.676305,-107.5117,CameraRotation,354.6338,268.2479,0.9261168,CurrentState,End,Slider,51,Scenario,5
ID,19,Time,1610.405,DronePosition,-20.40468,45,-107.379,0,CameraPosition,-103.2228,1.676168,-107.5106,CameraRotation,354.7151,268.2104,0.8867171,CurrentState,End,Slider,51,Scenario,5
ID,19,Time,1610.419,DronePosition,-20.40468,45,-107.379,0,CameraPosition,-103.2227,1.675992,-107.5094,CameraRotation,354.8203,268.1826,0.8899374,CurrentState,End,Slider,51,Scenario,5
ID,19,Time,1610.433,DronePosition,-20.40468,45,-107.379,0,CameraPosition,-103.2227,1.67581,-107.5081,CameraRotation,354.9395,268.1469,0.9129208,CurrentState,End,Slider,51,Scenario,5
ID,19,Time,1610.452,DronePosition,-20.40468,45,-107.379,0,CameraPosition,-103.2227,1.675636,-107.5069,CameraRotation,355.0306,268.1226,0.9468786,CurrentState,End,Slider,51,Scenario,5
ID,19,Time,1610.474,DronePosition,-20.40468,45,-107.379,0,CameraPosition,-103.2226,1.675221,-107.5043,CameraRotation,355.2047,268.0787,0.9843665,CurrentState,End,Slider,51,Scenario,5
ID,19,Time,1610.488,DronePosition,-20.40468,45,-107.379,0,CameraPosition,-103.2226,1.675002,-107.5029,CameraRotation,355.2713,268.0706,0.9810888,CurrentState,End,Slider,51,Scenario,5
ID,19,Time,1610.502,DronePosition,-20.40468,45,-107.379,0,CameraPosition,-103.2225,1.674787,-107.5015,CameraRotation,355.3331,268.0458,0.9955033,CurrentState,End,Slider,51,Scenario,5
ID,19,Time,1610.516,DronePosition,-20.40468,45,-107.379,0,CameraPosition,-103.2225,1.674596,-107.5001,CameraRotation,355.4058,268.0189,1.015935,CurrentState,End,Slider,51,Scenario,5
ID,19,Time,1610.53,DronePosition,-20.40468,45,-107.379,0,CameraPosition,-103.2224,1.67439,-107.4987,CameraRotation,355.4652,267.9784,1.024363,CurrentState,End,Slider,51,Scenario,5
ID,19,Time,1610.545,DronePosition,-20.40468,45,-107.379,0,CameraPosition,-103.2224,1.674205,-107.4972,CameraRotation,355.5029,267.9407,1.041542,CurrentState,End,Slider,51,Scenario,5
ID,19,Time,1610.558,DronePosition,-20.40468,45,-107.379,0,CameraPosition,-103.2223,1.674103,-107.4958,CameraRotation,355.5319,267.9118,1.076121,CurrentState,End,Slider,51,Scenario,5
ID,19,Time,1610.572,DronePosition,-20.40468,45,-107.379,0,CameraPosition,-103.2223,1.674027,-107.4942,CameraRotation,355.5414,267.884,1.070093,CurrentState,End,Slider,51,Scenario,5
ID,19,Time,1610.586,DronePosition,-20.40468,45,-107.379,0,CameraPosition,-103.2222,1.673939,-107.4927,CameraRotation,355.5536,267.8671,1.024115,CurrentState,End,Slider,51,Scenario,5
ID,19,Time,1610.6,DronePosition,-20.40468,45,-107.379,0,CameraPosition,-103.2222,1.673833,-107.4912,CameraRotation,355.5882,267.8448,1.021864,CurrentState,End,Slider,51,Scenario,5
ID,19,Time,1610.614,DronePosition,-20.40468,45,-107.379,0,CameraPosition,-103.2221,1.673744,-107.4896,CameraRotation,355.636,267.8502,1.041162,CurrentState,End,Slider,51,Scenario,5
ID,19,Time,1610.628,DronePosition,-20.40468,45,-107.379,0,CameraPosition,-103.222,1.673647,-107.488,CameraRotation,355.6441,267.8697,1.060623,CurrentState,End,Slider,51,Scenario,5
ID,19,Time,1610.642,DronePosition,-20.40468,45,-107.379,0,CameraPosition,-103.2219,1.673617,-107.4863,CameraRotation,355.611,267.9106,1.09663,CurrentState,End,Slider,51,Scenario,5
ID,19,Time,1610.66,DronePosition,-20.40468,45,-107.379,0,CameraPosition,-103.2217,1.673635,-107.4846,CameraRotation,355.5657,267.9632,1.131718,CurrentState,End,Slider,51,Scenario,5
ID,19,Time,1610.683,DronePosition,-20.40468,45,-107.379,0,CameraPosition,-103.2213,1.673659,-107.4813,CameraRotation,355.446,268.0472,1.176077,CurrentState,End,Slider,51,Scenario,5
ID,19,Time,1610.696,DronePosition,-20.40468,45,-107.379,0,CameraPosition,-103.2211,1.673678,-107.4797,CameraRotation,355.3788,268.0672,1.194393,CurrentState,End,Slider,51,Scenario,5
ID,19,Time,1610.711,DronePosition,-20.40468,45,-107.379,0,CameraPosition,-103.2208,1.673709,-107.4781,CameraRotation,355.2992,268.0576,1.214522,CurrentState,End,Slider,51,Scenario,5
ID,19,Time,1610.725,DronePosition,-20.40468,45,-107.379,0,CameraPosition,-103.2206,1.673782,-107.4765,CameraRotation,355.2016,268.0262,1.233708,CurrentState,End,Slider,51,Scenario,5
ID,19,Time,1610.739,DronePosition,-20.40468,45,-107.379,0,CameraPosition,-103.2204,1.673863,-107.475,CameraRotation,355.0833,267.9598,1.234174,CurrentState,End,Slider,51,Scenario,5
ID,19,Time,1610.753,DronePosition,-20.40468,45,-107.379,0,CameraPosition,-103.2202,1.673991,-107.4735,CameraRotation,354.9367,267.867,1.266878,CurrentState,End,Slider,51,Scenario,5
ID,19,Time,1610.767,DronePosition,-20.40468,45,-107.379,0,CameraPosition,-103.22,1.674159,-107.4721,CameraRotation,354.7332,267.7396,1.326723,CurrentState,End,Slider,51,Scenario,5
ID,19,Time,1610.781,DronePosition,-20.40468,45,-107.379,0,CameraPosition,-103.2198,1.674365,-107.4708,CameraRotation,354.5244,267.5972,1.393436,CurrentState,End,Slider,51,Scenario,5
ID,19,Time,1610.795,DronePosition,-20.40468,45,-107.379,0,CameraPosition,-103.2195,1.674631,-107.4696,CameraRotation,354.318,267.4144,1.451965,CurrentState,End,Slider,51,Scenario,5
ID,19,Time,1610.809,DronePosition,-20.40468,45,-107.379,0,CameraPosition,-103.2193,1.674894,-107.4684,CameraRotation,354.1102,267.2091,1.514981,CurrentState,End,Slider,51,Scenario,5
ID,19,Time,1610.823,DronePosition,-20.40468,45,-107.379,0,CameraPosition,-103.219,1.675143,-107.4672,CameraRotation,353.9214,266.992,1.571986,CurrentState,End,Slider,51,Scenario,5
ID,19,Time,1610.837,DronePosition,-20.40468,45,-107.379,0,CameraPosition,-103.2187,1.675352,-107.4662,CameraRotation,353.7329,266.7477,1.659467,CurrentState,End,Slider,51,Scenario,5
ID,19,Time,1610.851,DronePosition,-20.40468,45,-107.379,0,CameraPosition,-103.2185,1.675515,-107.4652,CameraRotation,353.5412,266.4717,1.764283,CurrentState,End,Slider,51,Scenario,5
ID,19,Time,1610.869,DronePosition,-20.40468,45,-107.379,0,CameraPosition,-103.2182,1.675652,-107.4642,CameraRotation,353.3467,266.159,1.869212,CurrentState,End,Slider,51,Scenario,5
ID,19,Time,1610.892,DronePosition,-20.40468,45,-107.379,0,CameraPosition,-103.2176,1.676123,-107.4625,CameraRotation,352.8746,265.4804,2.058324,CurrentState,End,Slider,51,Scenario,5
ID,19,Time,1610.906,DronePosition,-20.40468,45,-107.379,0,CameraPosition,-103.2173,1.676386,-107.4617,CameraRotation,352.6342,265.1084,2.133767,CurrentState,End,Slider,51,Scenario,5
ID,19,Time,1610.92,DronePosition,-20.40468,45,-107.379,0,CameraPosition,-103.217,1.676604,-107.461,CameraRotation,352.4213,264.7028,2.210347,CurrentState,End,Slider,51,Scenario,5
ID,19,Time,1610.933,DronePosition,-20.40468,45,-107.379,0,CameraPosition,-103.2167,1.676758,-107.4603,CameraRotation,352.2447,264.3157,2.287544,CurrentState,End,Slider,51,Scenario,5
ID,19,Time,1610.947,DronePosition,-20.40468,45,-107.379,0,CameraPosition,-103.2163,1.676845,-107.4596,CameraRotation,352.1308,263.9179,2.330224,CurrentState,End,Slider,51,Scenario,5
ID,19,Time,1610.962,DronePosition,-20.40468,45,-107.379,0,CameraPosition,-103.2159,1.676934,-107.4589,CameraRotation,352.0387,263.5378,2.336059,CurrentState,End,Slider,51,Scenario,5
ID,19,Time,1610.975,DronePosition,-20.40468,45,-107.379,0,CameraPosition,-103.2156,1.677055,-107.4583,CameraRotation,351.8966,263.1676,2.293357,CurrentState,End,Slider,51,Scenario,5
ID,19,Time,1610.989,DronePosition,-20.40468,45,-107.379,0,CameraPosition,-103.2152,1.677248,-107.4577,CameraRotation,351.7391,262.7914,2.24269,CurrentState,End,Slider,51,Scenario,5
ID,19,Time,1611.004,DronePosition,-20.40468,45,-107.379,0,CameraPosition,-103.2149,1.677383,-107.4573,CameraRotation,351.571,262.4078,2.148867,CurrentState,End,Slider,51,Scenario,5
ID,19,Time,1611.017,DronePosition,-20.40468,45,-107.379,0,CameraPosition,-103.2144,1.67749,-107.4569,CameraRotation,351.4474,261.9897,2.100636,CurrentState,End,Slider,51,Scenario,5
ID,19,Time,1611.031,DronePosition,-20.40468,45,-107.379,0,CameraPosition,-103.214,1.677603,-107.4565,CameraRotation,351.3056,261.5367,2.148319,CurrentState,End,Slider,51,Scenario,5
ID,19,Time,1611.045,DronePosition,-20.40468,45,-107.379,0,CameraPosition,-103.2135,1.67771,-107.4563,CameraRotation,351.151,260.9958,2.220546,CurrentState,End,Slider,51,Scenario,5
ID,19,Time,1611.059,DronePosition,-20.40468,45,-107.379,0,CameraPosition,-103.213,1.677807,-107.4562,CameraRotation,351.0173,260.4583,2.281609,CurrentState,End,Slider,51,Scenario,5
ID,19,Time,1611.078,DronePosition,-20.40468,45,-107.379,0,CameraPosition,-103.2124,1.677897,-107.4562,CameraRotation,350.8891,259.8818,2.336871,CurrentState,End,Slider,51,Scenario,5
ID,19,Time,1611.101,DronePosition,-20.40468,45,-107.379,0,CameraPosition,-103.2113,1.678074,-107.4566,CameraRotation,350.6645,258.6514,2.396922,CurrentState,End,Slider,51,Scenario,5
ID,19,Time,1611.114,DronePosition,-20.40468,45,-107.379,0,CameraPosition,-103.2107,1.678229,-107.457,CameraRotation,350.5634,257.9345,2.42704,CurrentState,End,Slider,51,Scenario,5
ID,19,Time,1611.128,DronePosition,-20.40468,45,-107.379,0,CameraPosition,-103.21,1.678423,-107.4576,CameraRotation,350.4058,257.1389,2.471218,CurrentState,End,Slider,51,Scenario,5
ID,19,Time,1611.142,DronePosition,-20.40468,45,-107.379,0,CameraPosition,-103.2094,1.678615,-107.4583,CameraRotation,350.2804,256.2871,2.53196,CurrentState,End,Slider,51,Scenario,5
ID,19,Time,1611.156,DronePosition,-20.40468,45,-107.379,0,CameraPosition,-103.2086,1.678687,-107.4591,CameraRotation,350.2065,255.3779,2.623445,CurrentState,End,Slider,51,Scenario,5
ID,19,Time,1611.17,DronePosition,-20.40468,45,-107.379,0,CameraPosition,-103.2079,1.678671,-107.4599,CameraRotation,350.1911,254.4969,2.697751,CurrentState,End,Slider,51,Scenario,5
ID,19,Time,1611.184,DronePosition,-20.40468,45,-107.379,0,CameraPosition,-103.2072,1.678668,-107.4607,CameraRotation,350.2065,253.6451,2.730785,CurrentState,End,Slider,51,Scenario,5
ID,19,Time,1611.198,DronePosition,-20.40468,45,-107.379,0,CameraPosition,-103.2065,1.678799,-107.4616,CameraRotation,350.1636,252.783,2.754272,CurrentState,End,Slider,51,Scenario,5
ID,19,Time,1611.212,DronePosition,-20.40468,45,-107.379,0,CameraPosition,-103.2057,1.679023,-107.4626,CameraRotation,350.0331,251.8565,2.776747,CurrentState,End,Slider,51,Scenario,5
ID,19,Time,1611.226,DronePosition,-20.40468,45,-107.379,0,CameraPosition,-103.205,1.679179,-107.4637,CameraRotation,349.9457,250.9246,2.789956,CurrentState,End,Slider,51,Scenario,5
ID,19,Time,1611.24,DronePosition,-20.40468,45,-107.379,0,CameraPosition,-103.2043,1.679193,-107.4647,CameraRotation,349.946,250.0446,2.821023,CurrentState,End,Slider,51,Scenario,5
ID,19,Time,1611.254,DronePosition,-20.40468,45,-107.379,0,CameraPosition,-103.2036,1.679067,-107.4657,CameraRotation,350.061,249.2426,2.849394,CurrentState,End,Slider,51,Scenario,5
ID,19,Time,1611.269,DronePosition,-20.40468,45,-107.379,0,CameraPosition,-103.2029,1.678845,-107.4666,CameraRotation,350.21,248.5471,2.874449,CurrentState,End,Slider,51,Scenario,5
ID,19,Time,1611.287,DronePosition,-20.40468,45,-107.379,0,CameraPosition,-103.2022,1.678598,-107.4675,CameraRotation,350.375,247.9113,2.916762,CurrentState,End,Slider,51,Scenario,5
ID,19,Time,1611.309,DronePosition,-20.40468,45,-107.379,0,CameraPosition,-103.201,1.677954,-107.4689,CameraRotation,350.7837,246.9456,2.96714,CurrentState,End,Slider,51,Scenario,5
ID,19,Time,1611.323,DronePosition,-20.40468,45,-107.379,0,CameraPosition,-103.2006,1.67768,-107.4694,CameraRotation,350.916,246.6938,2.954454,CurrentState,End,Slider,51,Scenario,5
ID,19,Time,1611.337,DronePosition,-20.40468,45,-107.379,0,CameraPosition,-103.2002,1.677485,-107.4699,CameraRotation,350.9891,246.5939,2.934678,CurrentState,End,Slider,51,Scenario,5
ID,19,Time,1611.351,DronePosition,-20.40468,45,-107.379,0,CameraPosition,-103.1999,1.677369,-107.4702,CameraRotation,351.0285,246.5561,2.914182,CurrentState,End,Slider,51,Scenario,5
ID,19,Time,1611.365,DronePosition,-20.40468,45,-107.379,0,CameraPosition,-103.1995,1.677332,-107.4705,CameraRotation,351.0301,246.6623,2.914474,CurrentState,End,Slider,51,Scenario,5
ID,19,Time,1611.379,DronePosition,-20.40468,45,-107.379,0,CameraPosition,-103.1992,1.67738,-107.4708,CameraRotation,351.0062,246.7935,2.915643,CurrentState,End,Slider,51,Scenario,5
ID,19,Time,1611.393,DronePosition,-20.40468,45,-107.379,0,CameraPosition,-103.1989,1.677557,-107.4711,CameraRotation,350.9061,246.919,2.94583,CurrentState,End,Slider,51,Scenario,5
ID,19,Time,1611.407,DronePosition,-20.40468,45,-107.379,0,CameraPosition,-103.1986,1.677784,-107.4715,CameraRotation,350.7561,247.0114,2.993352,CurrentState,End,Slider,51,Scenario,5
ID,19,Time,1611.421,DronePosition,-20.40468,45,-107.379,0,CameraPosition,-103.1983,1.677924,-107.4719,CameraRotation,350.6367,247.0527,3.026881,CurrentState,End,Slider,51,Scenario,5
ID,19,Time,1611.435,DronePosition,-20.40468,45,-107.379,0,CameraPosition,-103.1979,1.677981,-107.4724,CameraRotation,350.5799,247.1077,3.063648,CurrentState,End,Slider,51,Scenario,5
ID,19,Time,1611.449,DronePosition,-20.40468,45,-107.379,0,CameraPosition,-103.1975,1.677955,-107.4729,CameraRotation,350.5874,247.1978,3.069219,CurrentState,End,Slider,51,Scenario,5
ID,19,Time,1611.463,DronePosition,-20.40468,45,-107.379,0,CameraPosition,-103.1971,1.677917,-107.4735,CameraRotation,350.6211,247.2523,3.055786,CurrentState,End,Slider,51,Scenario,5
ID,19,Time,1611.477,DronePosition,-20.40468,45,-107.379,0,CameraPosition,-103.1967,1.677829,-107.4741,CameraRotation,350.6571,247.2793,3.038097,CurrentState,End,Slider,51,Scenario,5
ID,19,Time,1611.496,DronePosition,-20.40468,45,-107.379,0,CameraPosition,-103.1963,1.677706,-107.4748,CameraRotation,350.7128,247.2898,3.015738,CurrentState,End,Slider,51,Scenario,5
ID,19,Time,1611.518,DronePosition,-20.40468,45,-107.379,0,CameraPosition,-103.1956,1.677387,-107.4764,CameraRotation,351.0056,247.2871,3.01886,CurrentState,End,Slider,51,Scenario,5
ID,19,Time,1611.532,DronePosition,-20.40468,45,-107.379,0,CameraPosition,-103.1953,1.677343,-107.4772,CameraRotation,351.125,247.2752,2.978889,CurrentState,End,Slider,51,Scenario,5
ID,19,Time,1611.547,DronePosition,-20.40468,45,-107.379,0,CameraPosition,-103.195,1.677412,-107.4782,CameraRotation,351.2203,247.272,2.91867,CurrentState,End,Slider,51,Scenario,5
ID,19,Time,1611.56,DronePosition,-20.40468,45,-107.379,0,CameraPosition,-103.1947,1.677467,-107.4792,CameraRotation,351.3268,247.2848,2.907745,CurrentState,End,Slider,51,Scenario,5
ID,19,Time,1611.574,DronePosition,-20.40468,45,-107.379,0,CameraPosition,-103.1945,1.677536,-107.4802,CameraRotation,351.456,247.3241,2.899243,CurrentState,End,Slider,51,Scenario,5
ID,19,Time,1611.588,DronePosition,-20.40468,45,-107.379,0,CameraPosition,-103.1943,1.677593,-107.4813,CameraRotation,351.5786,247.3764,2.918964,CurrentState,End,Slider,51,Scenario,5
ID,19,Time,1611.602,DronePosition,-20.40468,45,-107.379,0,CameraPosition,-103.1941,1.677686,-107.4823,CameraRotation,351.6374,247.4131,2.954104,CurrentState,End,Slider,51,Scenario,5
ID,19,Time,1611.616,DronePosition,-20.40468,45,-107.379,0,CameraPosition,-103.1939,1.677879,-107.4834,CameraRotation,351.5899,247.4364,2.995337,CurrentState,End,Slider,51,Scenario,5
ID,19,Time,1611.63,DronePosition,-20.40468,45,-107.379,0,CameraPosition,-103.1937,1.678131,-107.4846,CameraRotation,351.4943,247.4325,3.038434,CurrentState,End,Slider,51,Scenario,5
ID,19,Time,1611.644,DronePosition,-20.40468,45,-107.379,0,CameraPosition,-103.1935,1.678283,-107.4857,CameraRotation,351.4308,247.4269,3.06758,CurrentState,End,Slider,51,Scenario,5
ID,19,Time,1611.658,DronePosition,-20.40468,45,-107.379,0,CameraPosition,-103.1933,1.678325,-107.4868,CameraRotation,351.4216,247.4236,3.079985,CurrentState,End,Slider,51,Scenario,5
ID,19,Time,1611.672,DronePosition,-20.40468,45,-107.379,0,CameraPosition,-103.1931,1.678323,-107.4879,CameraRotation,351.4621,247.416,3.0872,CurrentState,End,Slider,51,Scenario,5
ID,19,Time,1611.686,DronePosition,-20.40468,45,-107.379,0,CameraPosition,-103.1929,1.67829,-107.4891,CameraRotation,351.4993,247.3949,3.07416,CurrentState,End,Slider,51,Scenario,5
ID,19,Time,1611.705,DronePosition,-20.40468,45,-107.379,0,CameraPosition,-103.1928,1.678275,-107.4902,CameraRotation,351.5545,247.389,3.069515,CurrentState,End,Slider,51,Scenario,5
ID,19,Time,1611.727,DronePosition,-20.40468,45,-107.379,0,CameraPosition,-103.1925,1.678229,-107.4925,CameraRotation,351.6843,247.4252,3.007485,CurrentState,End,Slider,51,Scenario,5
ID,19,Time,1611.741,DronePosition,-20.40468,45,-107.379,0,CameraPosition,-103.1925,1.678208,-107.4936,CameraRotation,351.7784,247.508,2.961314,CurrentState,End,Slider,51,Scenario,5
ID,19,Time,1611.755,DronePosition,-20.40468,45,-107.379,0,CameraPosition,-103.1924,1.678181,-107.4947,CameraRotation,351.8636,247.6205,2.954906,CurrentState,End,Slider,51,Scenario,5
ID,19,Time,1611.769,DronePosition,-20.40468,45,-107.379,0,CameraPosition,-103.1924,1.678161,-107.4956,CameraRotation,351.9562,247.7475,2.955976,CurrentState,End,Slider,51,Scenario,5
ID,19,Time,1611.783,DronePosition,-20.40468,45,-107.379,0,CameraPosition,-103.1924,1.678092,-107.4966,CameraRotation,352.0692,247.9203,2.957654,CurrentState,End,Slider,51,Scenario,5
ID,19,Time,1611.797,DronePosition,-20.40468,45,-107.379,0,CameraPosition,-103.1924,1.677983,-107.4975,CameraRotation,352.2118,248.1319,2.959926,CurrentState,End,Slider,51,Scenario,5
ID,19,Time,1611.811,DronePosition,-20.40468,45,-107.379,0,CameraPosition,-103.1925,1.677885,-107.4984,CameraRotation,352.307,248.3816,2.92816,CurrentState,End,Slider,51,Scenario,5
ID,19,Time,1611.825,DronePosition,-20.40468,45,-107.379,0,CameraPosition,-103.1925,1.677847,-107.4992,CameraRotation,352.3667,248.6451,2.895798,CurrentState,End,Slider,51,Scenario,5
ID,19,Time,1611.839,DronePosition,-20.40468,45,-107.379,0,CameraPosition,-103.1926,1.677889,-107.5,CameraRotation,352.3662,248.9536,2.848489,CurrentState,End,Slider,51,Scenario,5
ID,19,Time,1611.853,DronePosition,-20.40468,45,-107.379,0,CameraPosition,-103.1928,1.677988,-107.5008,CameraRotation,352.3471,249.2864,2.796007,CurrentState,End,Slider,51,Scenario,5
ID,19,Time,1611.867,DronePosition,-20.40468,45,-107.379,0,CameraPosition,-103.1929,1.678087,-107.5015,CameraRotation,352.325,249.6099,2.753611,CurrentState,End,Slider,51,Scenario,5
ID,19,Time,1611.881,DronePosition,-20.40468,45,-107.379,0,CameraPosition,-103.193,1.678225,-107.5022,CameraRotation,352.3334,249.964,2.711754,CurrentState,End,Slider,51,Scenario,5
ID,19,Time,1611.895,DronePosition,-20.40468,45,-107.379,0,CameraPosition,-103.1931,1.678328,-107.5029,CameraRotation,352.3466,250.3536,2.632339,CurrentState,End,Slider,51,Scenario,5
ID,19,Time,1611.914,DronePosition,-20.40468,45,-107.379,0,CameraPosition,-103.1932,1.678423,-107.5035,CameraRotation,352.3689,250.7858,2.54438,CurrentState,End,Slider,51,Scenario,5
ID,19,Time,1611.936,DronePosition,-20.40468,45,-107.379,0,CameraPosition,-103.1935,1.678711,-107.5045,CameraRotation,352.3195,251.7651,2.351242,CurrentState,End,Slider,51,Scenario,5
ID,19,Time,1611.95,DronePosition,-20.40468,45,-107.379,0,CameraPosition,-103.1936,1.678875,-107.505,CameraRotation,352.2718,252.277,2.261978,CurrentState,End,Slider,51,Scenario,5
ID,19,Time,1611.964,DronePosition,-20.40468,45,-107.379,0,CameraPosition,-103.1937,1.679069,-107.5055,CameraRotation,352.2283,252.8075,2.18427,CurrentState,End,Slider,51,Scenario,5
ID,19,Time,1611.978,DronePosition,-20.40468,45,-107.379,0,CameraPosition,-103.1938,1.679225,-107.5059,CameraRotation,352.1938,253.3433,2.146819,CurrentState,End,Slider,51,Scenario,5
ID,19,Time,1611.992,DronePosition,-20.40468,45,-107.379,0,CameraPosition,-103.1939,1.679349,-107.5063,CameraRotation,352.1677,253.8773,2.134255,CurrentState,End,Slider,51,Scenario,5
ID,19,Time,1612.006,DronePosition,-20.40468,45,-107.379,0,CameraPosition,-103.194,1.679472,-107.5067,CameraRotation,352.1372,254.4171,2.13545,CurrentState,End,Slider,51,Scenario,5
ID,19,Time,1612.02,DronePosition,-20.40468,45,-107.379,0,CameraPosition,-103.1941,1.679597,-107.507,CameraRotation,352.1017,254.9524,2.123467,CurrentState,End,Slider,51,Scenario,5
ID,19,Time,1612.034,DronePosition,-20.40468,45,-107.379,0,CameraPosition,-103.1942,1.679733,-107.5074,CameraRotation,352.0561,255.4777,2.095568,CurrentState,End,Slider,51,Scenario,5
ID,19,Time,1612.047,DronePosition,-20.40468,45,-107.379,0,CameraPosition,-103.1943,1.679865,-107.5078,CameraRotation,351.9973,255.9783,2.050425,CurrentState,End,Slider,51,Scenario,5
ID,19,Time,1612.062,DronePosition,-20.40468,45,-107.379,0,CameraPosition,-103.1944,1.680015,-107.5081,CameraRotation,351.9586,256.4595,2.027737,CurrentState,End,Slider,51,Scenario,5
ID,19,Time,1612.076,DronePosition,-20.40468,45,-107.379,0,CameraPosition,-103.1945,1.680172,-107.5085,CameraRotation,351.8856,256.9396,2.002272,CurrentState,End,Slider,51,Scenario,5
ID,19,Time,1612.089,DronePosition,-20.40468,45,-107.379,0,CameraPosition,-103.1945,1.680372,-107.5088,CameraRotation,351.8087,257.4313,1.934907,CurrentState,End,Slider,51,Scenario,5
ID,19,Time,1612.104,DronePosition,-20.40468,45,-107.379,0,CameraPosition,-103.1946,1.680502,-107.509,CameraRotation,351.7521,257.9315,1.82882,CurrentState,End,Slider,51,Scenario,5
ID,19,Time,1612.122,DronePosition,-20.40468,45,-107.379,0,CameraPosition,-103.1946,1.680623,-107.5093,CameraRotation,351.7635,258.4359,1.70648,CurrentState,End,Slider,51,Scenario,5
ID,19,Time,1612.146,DronePosition,-20.40468,45,-107.379,0,CameraPosition,-103.1946,1.680766,-107.5099,CameraRotation,351.8335,259.4196,1.48361,CurrentState,End,Slider,51,Scenario,5
ID,19,Time,1612.158,DronePosition,-20.40468,45,-107.379,0,CameraPosition,-103.1947,1.680709,-107.51,CameraRotation,351.907,259.9149,1.423627,CurrentState,End,Slider,51,Scenario,5
ID,19,Time,1612.172,DronePosition,-20.40468,45,-107.379,0,CameraPosition,-103.1947,1.680615,-107.5102,CameraRotation,352.011,260.4236,1.359789,CurrentState,End,Slider,51,Scenario,5
ID,19,Time,1612.187,DronePosition,-20.40468,45,-107.379,0,CameraPosition,-103.1947,1.680488,-107.5103,CameraRotation,352.1505,260.9294,1.292719,CurrentState,End,Slider,51,Scenario,5
ID,19,Time,1612.201,DronePosition,-20.40468,45,-107.379,0,CameraPosition,-103.1948,1.680337,-107.5105,CameraRotation,352.3204,261.4631,1.203624,CurrentState,End,Slider,51,Scenario,5
ID,19,Time,1612.214,DronePosition,-20.40468,45,-107.379,0,CameraPosition,-103.1948,1.68015,-107.5107,CameraRotation,352.5323,261.9698,1.121109,CurrentState,End,Slider,51,Scenario,5
ID,19,Time,1612.228,DronePosition,-20.40468,45,-107.379,0,CameraPosition,-103.1949,1.679896,-107.5109,CameraRotation,352.7761,262.487,1.033263,CurrentState,End,Slider,51,Scenario,5
ID,19,Time,1612.242,DronePosition,-20.40468,45,-107.379,0,CameraPosition,-103.1949,1.679511,-107.511,CameraRotation,353.0777,262.9917,0.9462467,CurrentState,End,Slider,51,Scenario,5
ID,19,Time,1612.256,DronePosition,-20.40468,45,-107.379,0,CameraPosition,-103.195,1.679067,-107.5111,CameraRotation,353.4238,263.4883,0.8829226,CurrentState,End,Slider,51,Scenario,5
ID,19,Time,1612.27,DronePosition,-20.40468,45,-107.379,0,CameraPosition,-103.1951,1.678562,-107.5112,CameraRotation,353.8104,263.9777,0.8502758,CurrentState,End,Slider,51,Scenario,5
ID,19,Time,1612.285,DronePosition,-20.40468,45,-107.379,0,CameraPosition,-103.1951,1.678022,-107.5114,CameraRotation,354.2679,264.4604,0.833931,CurrentState,End,Slider,51,Scenario,5
ID,19,Time,1612.298,DronePosition,-20.40468,45,-107.379,0,CameraPosition,-103.1951,1.677421,-107.5115,CameraRotation,354.7541,264.9084,0.80536,CurrentState,End,Slider,51,Scenario,5
ID,19,Time,1612.312,DronePosition,-20.40468,45,-107.379,0,CameraPosition,-103.1951,1.67681,-107.5117,CameraRotation,355.246,265.3522,0.7828937,CurrentState,End,Slider,51,Scenario,5
ID,19,Time,1612.331,DronePosition,-20.40468,45,-107.379,0,CameraPosition,-103.1953,1.676208,-107.5118,CameraRotation,355.6958,265.7934,0.7649778,CurrentState,End,Slider,51,Scenario,5
ID,19,Time,1612.354,DronePosition,-20.40468,45,-107.379,0,CameraPosition,-103.1955,1.675185,-107.5122,CameraRotation,356.4419,266.6097,0.7604275,CurrentState,End,Slider,51,Scenario,5
ID,19,Time,1612.367,DronePosition,-20.40468,45,-107.379,0,CameraPosition,-103.1957,1.674755,-107.5125,CameraRotation,356.7548,266.9865,0.8006127,CurrentState,End,Slider,51,Scenario,5
ID,19,Time,1612.381,DronePosition,-20.40468,45,-107.379,0,CameraPosition,-103.1958,1.674314,-107.5127,CameraRotation,357.0668,267.337,0.844475,CurrentState,End,Slider,51,Scenario,5
ID,19,Time,1612.396,DronePosition,-20.40468,45,-107.379,0,CameraPosition,-103.1959,1.673862,-107.513,CameraRotation,357.3772,267.6623,0.8666998,CurrentState,End,Slider,51,Scenario,5
ID,19,Time,1612.409,DronePosition,-20.40468,45,-107.379,0,CameraPosition,-103.196,1.673367,-107.5133,CameraRotation,357.7065,267.9588,0.886624,CurrentState,End,Slider,51,Scenario,5
ID,19,Time,1612.424,DronePosition,-20.40468,45,-107.379,0,CameraPosition,-103.1961,1.672834,-107.5136,CameraRotation,358.0597,268.2396,0.8925883,CurrentState,End,Slider,51,Scenario,5
ID,19,Time,1612.437,DronePosition,-20.40468,45,-107.379,0,CameraPosition,-103.1962,1.672264,-107.5139,CameraRotation,358.4443,268.4888,0.874762,CurrentState,End,Slider,51,Scenario,5
ID,19,Time,1612.451,DronePosition,-20.40468,45,-107.379,0,CameraPosition,-103.1963,1.67167,-107.5142,CameraRotation,358.8228,268.7239,0.8649312,CurrentState,End,Slider,51,Scenario,5
ID,19,Time,1612.465,DronePosition,-20.40468,45,-107.379,0,CameraPosition,-103.1964,1.671141,-107.5145,CameraRotation,359.1559,268.9411,0.8531698,CurrentState,End,Slider,51,Scenario,5
ID,19,Time,1612.48,DronePosition,-20.40468,45,-107.379,0,CameraPosition,-103.1965,1.670691,-107.5148,CameraRotation,359.4442,269.179,0.8512033,CurrentState,End,Slider,51,Scenario,5
ID,19,Time,1612.493,DronePosition,-20.40468,45,-107.379,0,CameraPosition,-103.1966,1.670306,-107.515,CameraRotation,359.6819,269.3879,0.8594929,CurrentState,End,Slider,51,Scenario,5
ID,19,Time,1612.507,DronePosition,-20.40468,45,-107.379,0,CameraPosition,-103.1966,1.669926,-107.5153,CameraRotation,359.9193,269.5907,0.8663156,CurrentState,End,Slider,51,Scenario,5
ID,19,Time,1612.521,DronePosition,-20.40468,45,-107.379,0,CameraPosition,-103.1967,1.669501,-107.5156,CameraRotation,0.1801597,269.7906,0.8629957,CurrentState,End,Slider,51,Scenario,5
ID,19,Time,1612.54,DronePosition,-20.40468,45,-107.379,0,CameraPosition,-103.1966,1.668987,-107.5159,CameraRotation,0.4561864,269.9749,0.8654016,CurrentState,End,Slider,51,Scenario,5
ID,19,Time,1612.562,DronePosition,-20.40468,45,-107.379,0,CameraPosition,-103.1964,1.667978,-107.5163,CameraRotation,1.041764,270.3457,0.901435,CurrentState,End,Slider,51,Scenario,5
ID,19,Time,1612.576,DronePosition,-20.40468,45,-107.379,0,CameraPosition,-103.1963,1.667596,-107.5165,CameraRotation,1.274261,270.5157,0.9168418,CurrentState,End,Slider,51,Scenario,5
ID,19,Time,1612.59,DronePosition,-20.40468,45,-107.379,0,CameraPosition,-103.1962,1.667266,-107.5168,CameraRotation,1.444878,270.6901,0.9361245,CurrentState,End,Slider,51,Scenario,5
ID,19,Time,1612.604,DronePosition,-20.40468,45,-107.379,0,CameraPosition,-103.1961,1.667056,-107.5169,CameraRotation,1.500435,270.8383,0.9532245,CurrentState,End,Slider,51,Scenario,5
ID,19,Time,1612.618,DronePosition,-20.40468,45,-107.379,0,CameraPosition,-103.196,1.66692,-107.5171,CameraRotation,1.534019,270.9844,1.003619,CurrentState,End,Slider,51,Scenario,5
ID,19,Time,1612.632,DronePosition,-20.40468,45,-107.379,0,CameraPosition,-103.1959,1.666871,-107.5173,CameraRotation,1.560915,271.1229,1.058335,CurrentState,End,Slider,51,Scenario,5
ID,19,Time,1612.646,DronePosition,-20.40468,45,-107.379,0,CameraPosition,-103.1957,1.666806,-107.5174,CameraRotation,1.596404,271.2576,1.044667,CurrentState,End,Slider,51,Scenario,5
ID,19,Time,1612.66,DronePosition,-20.40468,45,-107.379,0,CameraPosition,-103.1955,1.666753,-107.5176,CameraRotation,1.63888,271.3788,1.005322,CurrentState,End,Slider,51,Scenario,5
ID,19,Time,1612.674,DronePosition,-20.40468,45,-107.379,0,CameraPosition,-103.1953,1.666683,-107.5178,CameraRotation,1.700675,271.4921,0.9741225,CurrentState,End,Slider,51,Scenario,5
ID,19,Time,1612.688,DronePosition,-20.40468,45,-107.379,0,CameraPosition,-103.195,1.666613,-107.518,CameraRotation,1.746753,271.6111,0.9526725,CurrentState,End,Slider,51,Scenario,5
ID,19,Time,1612.702,DronePosition,-20.40468,45,-107.379,0,CameraPosition,-103.1946,1.666578,-107.5182,CameraRotation,1.742163,271.7168,0.9406,CurrentState,End,Slider,51,Scenario,5
ID,19,Time,1612.716,DronePosition,-20.40468,45,-107.379,0,CameraPosition,-103.1942,1.666572,-107.5183,CameraRotation,1.718242,271.8257,0.9206001,CurrentState,End,Slider,51,Scenario,5
ID,19,Time,1612.73,DronePosition,-20.40468,45,-107.379,0,CameraPosition,-103.1938,1.666566,-107.5184,CameraRotation,1.677825,271.9299,0.9097773,CurrentState,End,Slider,51,Scenario,5
ID,19,Time,1612.749,DronePosition,-20.40468,45,-107.379,0,CameraPosition,-103.1934,1.666608,-107.5186,CameraRotation,1.635127,272.0258,0.8935828,CurrentState,End,Slider,51,Scenario,5
ID,19,Time,1612.771,DronePosition,-20.40468,45,-107.379,0,CameraPosition,-103.1925,1.66671,-107.5188,CameraRotation,1.484716,272.1934,0.8843182,CurrentState,End,Slider,51,Scenario,5
ID,19,Time,1612.785,DronePosition,-20.40468,45,-107.379,0,CameraPosition,-103.192,1.666801,-107.5189,CameraRotation,1.426364,272.2714,0.8782365,CurrentState,End,Slider,51,Scenario,5
ID,19,Time,1612.799,DronePosition,-20.40468,45,-107.379,0,CameraPosition,-103.1915,1.666906,-107.519,CameraRotation,1.366568,272.3381,0.8730764,CurrentState,End,Slider,51,Scenario,5
ID,19,Time,1612.813,DronePosition,-20.40468,45,-107.379,0,CameraPosition,-103.191,1.667046,-107.5191,CameraRotation,1.308519,272.4081,0.8761108,CurrentState,End,Slider,51,Scenario,5
ID,19,Time,1612.827,DronePosition,-20.40468,45,-107.379,0,CameraPosition,-103.1905,1.667207,-107.5191,CameraRotation,1.24714,272.4655,0.8823228,CurrentState,End,Slider,51,Scenario,5
ID,19,Time,1612.841,DronePosition,-20.40468,45,-107.379,0,CameraPosition,-103.19,1.667366,-107.5192,CameraRotation,1.173506,272.5261,0.8789457,CurrentState,End,Slider,51,Scenario,5
ID,19,Time,1612.855,DronePosition,-20.40468,45,-107.379,0,CameraPosition,-103.1895,1.667526,-107.5193,CameraRotation,1.120877,272.5766,0.8675765,CurrentState,End,Slider,51,Scenario,5
ID,19,Time,1612.869,DronePosition,-20.40468,45,-107.379,0,CameraPosition,-103.189,1.667683,-107.5193,CameraRotation,1.072479,272.6309,0.8663003,CurrentState,End,Slider,51,Scenario,5
ID,19,Time,1612.883,DronePosition,-20.40468,45,-107.379,0,CameraPosition,-103.1885,1.667843,-107.5194,CameraRotation,1.020586,272.6725,0.8664149,CurrentState,End,Slider,51,Scenario,5
ID,19,Time,1612.897,DronePosition,-20.40468,45,-107.379,0,CameraPosition,-103.1879,1.667984,-107.5195,CameraRotation,0.9694439,272.7104,0.8621351,CurrentState,End,Slider,51,Scenario,5
ID,19,Time,1612.911,DronePosition,-20.40468,45,-107.379,0,CameraPosition,-103.1874,1.668123,-107.5196,CameraRotation,0.9147224,272.7509,0.8625573,CurrentState,End,Slider,51,Scenario,5
ID,19,Time,1612.925,DronePosition,-20.40468,45,-107.379,0,CameraPosition,-103.1869,1.668289,-107.5197,CameraRotation,0.8508402,272.7953,0.8592513,CurrentState,End,Slider,51,Scenario,5
ID,19,Time,1612.939,DronePosition,-20.40468,45,-107.379,0,CameraPosition,-103.1865,1.668448,-107.5198,CameraRotation,0.785051,272.8537,0.8638383,CurrentState,End,Slider,51,Scenario,5
ID,19,Time,1612.957,DronePosition,-20.40468,45,-107.379,0,CameraPosition,-103.186,1.668581,-107.5199,CameraRotation,0.7311564,272.9102,0.8592603,CurrentState,End,Slider,51,Scenario,5
ID,19,Time,1612.98,DronePosition,-20.40468,45,-107.379,0,CameraPosition,-103.1851,1.668817,-107.52,CameraRotation,0.6376808,273.0383,0.8768378,CurrentState,End,Slider,51,Scenario,5
ID,19,Time,1612.994,DronePosition,-20.40468,45,-107.379,0,CameraPosition,-103.1848,1.668952,-107.5201,CameraRotation,0.569791,273.1131,0.8904374,CurrentState,End,Slider,51,Scenario,5
ID,19,Time,1613.008,DronePosition,-20.40468,45,-107.379,0,CameraPosition,-103.1844,1.669177,-107.5203,CameraRotation,0.5127001,273.186,0.9070267,CurrentState,End,Slider,51,Scenario,5
ID,19,Time,1613.022,DronePosition,-20.40468,45,-107.379,0,CameraPosition,-103.184,1.669361,-107.5204,CameraRotation,0.4589711,273.2849,0.9201852,CurrentState,End,Slider,51,Scenario,5
ID,19,Time,1613.036,DronePosition,-20.40468,45,-107.379,0,CameraPosition,-103.1837,1.669508,-107.5205,CameraRotation,0.4265435,273.3802,0.9256155,CurrentState,End,Slider,51,Scenario,5
ID,19,Time,1613.05,DronePosition,-20.40468,45,-107.379,0,CameraPosition,-103.1833,1.669615,-107.5207,CameraRotation,0.3982857,273.4806,0.9527552,CurrentState,End,Slider,51,Scenario,5
ID,19,Time,1613.064,DronePosition,-20.40468,45,-107.379,0,CameraPosition,-103.183,1.669732,-107.5208,CameraRotation,0.3605434,273.554,0.9792862,CurrentState,End,Slider,51,Scenario,5
ID,19,Time,1613.078,DronePosition,-20.40468,45,-107.379,0,CameraPosition,-103.1827,1.669842,-107.5209,CameraRotation,0.3005864,273.6262,1.01267,CurrentState,End,Slider,51,Scenario,5
ID,19,Time,1613.092,DronePosition,-20.40468,45,-107.379,0,CameraPosition,-103.1824,1.669966,-107.521,CameraRotation,0.2058716,273.7071,1.058082,CurrentState,End,Slider,51,Scenario,5
ID,19,Time,1613.106,DronePosition,-20.40468,45,-107.379,0,CameraPosition,-103.1822,1.670117,-107.5212,CameraRotation,0.08308079,273.7926,1.116202,CurrentState,End,Slider,51,Scenario,5
ID,19,Time,1613.12,DronePosition,-20.40468,45,-107.379,0,CameraPosition,-103.1819,1.670321,-107.5213,CameraRotation,359.9835,273.8716,1.166894,CurrentState,End,Slider,51,Scenario,5
ID,19,Time,1613.134,DronePosition,-20.40468,45,-107.379,0,CameraPosition,-103.1817,1.670506,-107.5214,CameraRotation,359.8792,273.9313,1.224758,CurrentState,End,Slider,51,Scenario,5
ID,19,Time,1613.148,DronePosition,-20.40468,45,-107.379,0,CameraPosition,-103.1816,1.670691,-107.5216,CameraRotation,359.7798,273.9797,1.276723,CurrentState,End,Slider,51,Scenario,5
ID,19,Time,1613.166,DronePosition,-20.40468,45,-107.379,0,CameraPosition,-103.1814,1.670862,-107.5217,CameraRotation,359.6818,274.0109,1.323151,CurrentState,End,Slider,51,Scenario,5
ID,19,Time,1613.189,DronePosition,-20.40468,45,-107.379,0,CameraPosition,-103.1812,1.67117,-107.5221,CameraRotation,359.521,274.0184,1.432159,CurrentState,End,Slider,51,Scenario,5
ID,19,Time,1613.203,DronePosition,-20.40468,45,-107.379,0,CameraPosition,-103.1812,1.671325,-107.5222,CameraRotation,359.4363,274.0138,1.491529,CurrentState,End,Slider,51,Scenario,5
ID,19,Time,1613.217,DronePosition,-20.40468,45,-107.379,0,CameraPosition,-103.1812,1.671498,-107.5223,CameraRotation,359.3092,274.0056,1.538257,CurrentState,End,Slider,51,Scenario,5
ID,19,Time,1613.231,DronePosition,-20.40468,45,-107.379,0,CameraPosition,-103.1812,1.671682,-107.5224,CameraRotation,359.1926,274.0058,1.569203,CurrentState,End,Slider,51,Scenario,5
ID,19,Time,1613.245,DronePosition,-20.40468,45,-107.379,0,CameraPosition,-103.1812,1.671788,-107.5226,CameraRotation,359.1049,274.0104,1.587931,CurrentState,End,Slider,51,Scenario,5
ID,19,Time,1613.258,DronePosition,-20.40468,45,-107.379,0,CameraPosition,-103.1812,1.671833,-107.5227,CameraRotation,359.055,274.0031,1.596993,CurrentState,End,Slider,51,Scenario,5
ID,19,Time,1613.273,DronePosition,-20.40468,45,-107.379,0,CameraPosition,-103.1812,1.671898,-107.5228,CameraRotation,359.0109,273.9938,1.615057,CurrentState,End,Slider,51,Scenario,5
ID,19,Time,1613.287,DronePosition,-20.40468,45,-107.379,0,CameraPosition,-103.1813,1.671966,-107.5229,CameraRotation,358.9669,273.9591,1.645577,CurrentState,End,Slider,51,Scenario,5
ID,19,Time,1613.304,DronePosition,-20.40468,45,-107.379,0,CameraPosition,-103.1813,1.672016,-107.523,CameraRotation,358.9456,273.912,1.643304,CurrentState,End,Slider,51,Scenario,5
ID,19,Time,1613.314,DronePosition,-20.40468,45,-107.379,0,CameraPosition,-103.1813,1.672063,-107.5231,CameraRotation,358.9217,273.8671,1.632554,CurrentState,End,Slider,51,Scenario,5
ID,19,Time,1613.328,DronePosition,-20.40468,45,-107.379,0,CameraPosition,-103.1814,1.672115,-107.5232,CameraRotation,358.8879,273.8167,1.613708,CurrentState,End,Slider,51,Scenario,5
ID,19,Time,1613.342,DronePosition,-20.40468,45,-107.379,0,CameraPosition,-103.1816,1.672184,-107.5232,CameraRotation,358.8457,273.7706,1.608316,CurrentState,End,Slider,51,Scenario,5
ID,19,Time,1613.356,DronePosition,-20.40468,45,-107.379,0,CameraPosition,-103.1816,1.672271,-107.5233,CameraRotation,358.8057,273.7458,1.61719,CurrentState,End,Slider,51,Scenario,5
ID,19,Time,1613.375,DronePosition,-20.40468,45,-107.379,0,CameraPosition,-103.1817,1.672325,-107.5233,CameraRotation,358.7603,273.731,1.615088,CurrentState,End,Slider,51,Scenario,5
ID,19,Time,1613.397,DronePosition,-20.40468,45,-107.379,0,CameraPosition,-103.1819,1.672444,-107.5233,CameraRotation,358.7347,273.7183,1.603158,CurrentState,End,Slider,51,Scenario,5
ID,19,Time,1613.412,DronePosition,-20.40468,45,-107.379,0,CameraPosition,-103.1821,1.672503,-107.5234,CameraRotation,358.6973,273.7261,1.590281,CurrentState,End,Slider,51,Scenario,5
ID,19,Time,1613.426,DronePosition,-20.40468,45,-107.379,0,CameraPosition,-103.1823,1.672585,-107.5234,CameraRotation,358.6744,273.7332,1.575227,CurrentState,End,Slider,51,Scenario,5
ID,19,Time,1613.439,DronePosition,-20.40468,45,-107.379,0,CameraPosition,-103.1824,1.672651,-107.5234,CameraRotation,358.6623,273.7374,1.566086,CurrentState,End,Slider,51,Scenario,5
ID,19,Time,1613.454,DronePosition,-20.40468,45,-107.379,0,CameraPosition,-103.1825,1.672683,-107.5235,CameraRotation,358.6609,273.7557,1.563281,CurrentState,End,Slider,51,Scenario,5
ID,19,Time,1613.467,DronePosition,-20.40468,45,-107.379,0,CameraPosition,-103.1827,1.672708,-107.5235,CameraRotation,358.6584,273.7775,1.572668,CurrentState,End,Slider,51,Scenario,5
ID,19,Time,1613.482,DronePosition,-20.40468,45,-107.379,0,CameraPosition,-103.183,1.672761,-107.5235,CameraRotation,358.6404,273.7971,1.596188,CurrentState,End,Slider,51,Scenario,5
ID,19,Time,1613.496,DronePosition,-20.40468,45,-107.379,0,CameraPosition,-103.1832,1.672835,-107.5235,CameraRotation,358.5987,273.8391,1.624336,CurrentState,End,Slider,51,Scenario,5
ID,19,Time,1613.509,DronePosition,-20.40468,45,-107.379,0,CameraPosition,-103.1835,1.672884,-107.5235,CameraRotation,358.5636,273.8693,1.644006,CurrentState,End,Slider,51,Scenario,5
ID,19,Time,1613.524,DronePosition,-20.40468,45,-107.379,0,CameraPosition,-103.1837,1.672914,-107.5236,CameraRotation,358.5378,273.8932,1.654736,CurrentState,End,Slider,51,Scenario,5
ID,19,Time,1613.537,DronePosition,-20.40468,45,-107.379,0,CameraPosition,-103.184,1.672964,-107.5236,CameraRotation,358.5093,273.9123,1.669055,CurrentState,End,Slider,51,Scenario,5
ID,19,Time,1613.552,DronePosition,-20.40468,45,-107.379,0,CameraPosition,-103.1843,1.673023,-107.5237,CameraRotation,358.4796,273.9241,1.669559,CurrentState,End,Slider,51,Scenario,5
ID,19,Time,1613.566,DronePosition,-20.40468,45,-107.379,0,CameraPosition,-103.1846,1.673045,-107.5238,CameraRotation,358.4566,273.931,1.675099,CurrentState,End,Slider,51,Scenario,5
ID,19,Time,1613.585,DronePosition,-20.40468,45,-107.379,0,CameraPosition,-103.1849,1.673045,-107.5239,CameraRotation,358.4428,273.9469,1.675447,CurrentState,End,Slider,51,Scenario,5
ID,19,Time,1613.606,DronePosition,-20.40468,45,-107.379,0,CameraPosition,-103.1855,1.673026,-107.5241,CameraRotation,358.4231,273.9663,1.673857,CurrentState,End,Slider,51,Scenario,5
ID,19,Time,1613.62,DronePosition,-20.40468,45,-107.379,0,CameraPosition,-103.1858,1.673028,-107.5241,CameraRotation,358.4211,273.9769,1.668955,CurrentState,End,Slider,51,Scenario,5
ID,19,Time,1613.634,DronePosition,-20.40468,45,-107.379,0,CameraPosition,-103.1861,1.673066,-107.5242,CameraRotation,358.4178,273.9943,1.672072,CurrentState,End,Slider,51,Scenario,5
ID,19,Time,1613.648,DronePosition,-20.40468,45,-107.379,0,CameraPosition,-103.1865,1.673101,-107.5243,CameraRotation,358.4172,274.0118,1.677556,CurrentState,End,Slider,51,Scenario,5
ID,19,Time,1613.662,DronePosition,-20.40468,45,-107.379,0,CameraPosition,-103.1868,1.673147,-107.5244,CameraRotation,358.4037,274.0345,1.668526,CurrentState,End,Slider,51,Scenario,5
ID,19,Time,1613.676,DronePosition,-20.40468,45,-107.379,0,CameraPosition,-103.1872,1.673196,-107.5245,CameraRotation,358.3579,274.0534,1.675952,CurrentState,End,Slider,51,Scenario,5
ID,19,Time,1613.69,DronePosition,-20.40468,45,-107.379,0,CameraPosition,-103.1875,1.673278,-107.5246,CameraRotation,358.3045,274.0838,1.696115,CurrentState,End,Slider,51,Scenario,5
ID,19,Time,1613.704,DronePosition,-20.40468,45,-107.379,0,CameraPosition,-103.1879,1.673367,-107.5247,CameraRotation,358.2469,274.1102,1.712537,CurrentState,End,Slider,51,Scenario,5
ID,19,Time,1613.718,DronePosition,-20.40468,45,-107.379,0,CameraPosition,-103.1881,1.673471,-107.5248,CameraRotation,358.2018,274.1268,1.74122,CurrentState,End,Slider,51,Scenario,5
ID,19,Time,1613.732,DronePosition,-20.40468,45,-107.379,0,CameraPosition,-103.1884,1.673579,-107.5249,CameraRotation,358.17,274.1356,1.782736,CurrentState,End,Slider,51,Scenario,5
ID,19,Time,1613.746,DronePosition,-20.40468,45,-107.379,0,CameraPosition,-103.1887,1.67366,-107.525,CameraRotation,358.1424,274.1347,1.771852,CurrentState,End,Slider,51,Scenario,5
ID,19,Time,1613.76,DronePosition,-20.40468,45,-107.379,0,CameraPosition,-103.189,1.673687,-107.5251,CameraRotation,358.1299,274.134,1.760864,CurrentState,End,Slider,51,Scenario,5
ID,19,Time,1613.774,DronePosition,-20.40468,45,-107.379,0,CameraPosition,-103.1893,1.673702,-107.5252,CameraRotation,358.1185,274.1296,1.742067,CurrentState,End,Slider,51,Scenario,5
ID,19,Time,1613.793,DronePosition,-20.40468,45,-107.379,0,CameraPosition,-103.1896,1.673687,-107.5252,CameraRotation,358.0963,274.1445,1.720513,CurrentState,End,Slider,51,Scenario,5
ID,19,Time,1613.815,DronePosition,-20.40468,45,-107.379,0,CameraPosition,-103.1902,1.673796,-107.5253,CameraRotation,358.0585,274.1862,1.697432,CurrentState,End,Slider,51,Scenario,5
ID,19,Time,1613.829,DronePosition,-20.40468,45,-107.379,0,CameraPosition,-103.1905,1.673847,-107.5254,CameraRotation,358.013,274.2156,1.642366,CurrentState,End,Slider,51,Scenario,5
ID,19,Time,1613.843,DronePosition,-20.40468,45,-107.379,0,CameraPosition,-103.1908,1.673871,-107.5255,CameraRotation,358.0007,274.2299,1.594766,CurrentState,End,Slider,51,Scenario,5
ID,19,Time,1613.857,DronePosition,-20.40468,45,-107.379,0,CameraPosition,-103.1911,1.673819,-107.5256,CameraRotation,358.0206,274.2364,1.59569,CurrentState,End,Slider,51,Scenario,5
ID,19,Time,1613.871,DronePosition,-20.40468,45,-107.379,0,CameraPosition,-103.1914,1.673733,-107.5257,CameraRotation,358.0186,274.2307,1.611822,CurrentState,End,Slider,51,Scenario,5
ID,19,Time,1613.885,DronePosition,-20.40468,45,-107.379,0,CameraPosition,-103.1918,1.67365,-107.5258,CameraRotation,357.9931,274.2044,1.650917,CurrentState,End,Slider,51,Scenario,5
ID,19,Time,1613.899,DronePosition,-20.40468,45,-107.379,0,CameraPosition,-103.1921,1.673565,-107.5259,CameraRotation,357.9614,274.1709,1.699001,CurrentState,End,Slider,51,Scenario,5
ID,19,Time,1613.913,DronePosition,-20.40468,45,-107.379,0,CameraPosition,-103.1925,1.673528,-107.5261,CameraRotation,357.9252,274.1458,1.698676,CurrentState,End,Slider,51,Scenario,5
ID,19,Time,1613.927,DronePosition,-20.40468,45,-107.379,0,CameraPosition,-103.1929,1.673518,-107.5262,CameraRotation,357.8851,274.1075,1.707206,CurrentState,End,Slider,51,Scenario,5
ID,19,Time,1613.941,DronePosition,-20.40468,45,-107.379,0,CameraPosition,-103.1933,1.673484,-107.5263,CameraRotation,357.8387,274.0598,1.720801,CurrentState,End,Slider,51,Scenario,5
ID,19,Time,1613.955,DronePosition,-20.40468,45,-107.379,0,CameraPosition,-103.1938,1.673432,-107.5264,CameraRotation,357.8229,274.0298,1.715753,CurrentState,End,Slider,51,Scenario,5
ID,19,Time,1613.969,DronePosition,-20.40468,45,-107.379,0,CameraPosition,-103.1942,1.673411,-107.5264,CameraRotation,357.8349,274.0104,1.695198,CurrentState,End,Slider,51,Scenario,5
ID,19,Time,1613.983,DronePosition,-20.40468,45,-107.379,0,CameraPosition,-103.1946,1.673429,-107.5265,CameraRotation,357.8578,273.9929,1.675854,CurrentState,End,Slider,51,Scenario,5
ID,19,Time,1614.002,DronePosition,-20.40468,45,-107.379,0,CameraPosition,-103.1951,1.673451,-107.5265,CameraRotation,357.8734,274.0044,1.674771,CurrentState,End,Slider,51,Scenario,5
ID,19,Time,1614.024,DronePosition,-20.40468,45,-107.379,0,CameraPosition,-103.1961,1.673483,-107.5264,CameraRotation,357.9037,274.051,1.593907,CurrentState,End,Slider,51,Scenario,5
ID,19,Time,1614.038,DronePosition,-20.40468,45,-107.379,0,CameraPosition,-103.1966,1.673467,-107.5263,CameraRotation,357.9297,274.0885,1.547188,CurrentState,End,Slider,51,Scenario,5
ID,19,Time,1614.052,DronePosition,-20.40468,45,-107.379,0,CameraPosition,-103.197,1.673465,-107.5263,CameraRotation,357.9765,274.1306,1.502416,CurrentState,End,Slider,51,Scenario,5
ID,19,Time,1614.066,DronePosition,-20.40468,45,-107.379,0,CameraPosition,-103.1975,1.673439,-107.5263,CameraRotation,358.0042,274.1813,1.471409,CurrentState,End,Slider,51,Scenario,5
ID,19,Time,1614.08,DronePosition,-20.40468,45,-107.379,0,CameraPosition,-103.1981,1.673409,-107.5263,CameraRotation,358.0309,274.2119,1.4563,CurrentState,End,Slider,51,Scenario,5
ID,19,Time,1614.094,DronePosition,-20.40468,45,-107.379,0,CameraPosition,-103.1986,1.673378,-107.5263,CameraRotation,358.0483,274.2366,1.45243,CurrentState,End,Slider,51,Scenario,5
ID,19,Time,1614.108,DronePosition,-20.40468,45,-107.379,0,CameraPosition,-103.1992,1.67335,-107.5263,CameraRotation,358.0691,274.2654,1.441627,CurrentState,End,Slider,51,Scenario,5
ID,19,Time,1614.122,DronePosition,-20.40468,45,-107.379,0,CameraPosition,-103.1997,1.673367,-107.5264,CameraRotation,358.1089,274.2961,1.426859,CurrentState,End,Slider,51,Scenario,5
ID,19,Time,1614.136,DronePosition,-20.40468,45,-107.379,0,CameraPosition,-103.2002,1.673373,-107.5264,CameraRotation,358.1418,274.3234,1.429516,CurrentState,End,Slider,51,Scenario,5
ID,19,Time,1614.15,DronePosition,-20.40468,45,-107.379,0,CameraPosition,-103.2007,1.673366,-107.5265,CameraRotation,358.176,274.3547,1.441766,CurrentState,End,Slider,51,Scenario,5
ID,19,Time,1614.164,DronePosition,-20.40468,45,-107.379,0,CameraPosition,-103.2013,1.673342,-107.5266,CameraRotation,358.2045,274.3821,1.449294,CurrentState,End,Slider,51,Scenario,5
ID,19,Time,1614.178,DronePosition,-20.40468,45,-107.379,0,CameraPosition,-103.2018,1.673333,-107.5267,CameraRotation,358.2171,274.3979,1.468256,CurrentState,End,Slider,51,Scenario,5
ID,19,Time,1614.192,DronePosition,-20.40468,45,-107.379,0,CameraPosition,-103.2024,1.673356,-107.5269,CameraRotation,358.2068,274.4106,1.483379,CurrentState,End,Slider,51,Scenario,5
ID,19,Time,1614.211,DronePosition,-20.40468,45,-107.379,0,CameraPosition,-103.2029,1.673422,-107.527,CameraRotation,358.1793,274.4078,1.503084,CurrentState,End,Slider,51,Scenario,5
ID,19,Time,1614.233,DronePosition,-20.40468,45,-107.379,0,CameraPosition,-103.204,1.673566,-107.5274,CameraRotation,358.1294,274.4022,1.550943,CurrentState,End,Slider,51,Scenario,5
ID,19,Time,1614.247,DronePosition,-20.40468,45,-107.379,0,CameraPosition,-103.2046,1.673638,-107.5276,CameraRotation,358.117,274.4106,1.584516,CurrentState,End,Slider,51,Scenario,5
ID,19,Time,1614.261,DronePosition,-20.40468,45,-107.379,0,CameraPosition,-103.2051,1.673744,-107.5278,CameraRotation,358.1048,274.4155,1.631372,CurrentState,End,Slider,51,Scenario,5
ID,19,Time,1614.275,DronePosition,-20.40468,45,-107.379,0,CameraPosition,-103.2056,1.673849,-107.528,CameraRotation,358.0772,274.4338,1.678282,CurrentState,End,Slider,51,Scenario,5
ID,19,Time,1614.289,DronePosition,-20.40468,45,-107.379,0,CameraPosition,-103.2061,1.673958,-107.5282,CameraRotation,358.0485,274.4664,1.70329,CurrentState,End,Slider,51,Scenario,5
ID,19,Time,1614.303,DronePosition,-20.40468,45,-107.379,0,CameraPosition,-103.2066,1.674035,-107.5284,CameraRotation,358.0244,274.5001,1.720186,CurrentState,End,Slider,51,Scenario,5
ID,19,Time,1614.317,DronePosition,-20.40468,45,-107.379,0,CameraPosition,-103.2071,1.674081,-107.5286,CameraRotation,358.0345,274.5284,1.717327,CurrentState,End,Slider,51,Scenario,5
ID,19,Time,1614.331,DronePosition,-20.40468,45,-107.379,0,CameraPosition,-103.2076,1.674092,-107.5287,CameraRotation,358.0746,274.5521,1.714773,CurrentState,End,Slider,51,Scenario,5
ID,19,Time,1614.345,DronePosition,-20.40468,45,-107.379,0,CameraPosition,-103.2081,1.674119,-107.5289,CameraRotation,358.0504,274.5775,1.68326,CurrentState,End,Slider,51,Scenario,5
ID,19,Time,1614.359,DronePosition,-20.40468,45,-107.379,0,CameraPosition,-103.2086,1.674264,-107.5291,CameraRotation,357.9864,274.582,1.67976,CurrentState,End,Slider,51,Scenario,5
ID,19,Time,1614.373,DronePosition,-20.40468,45,-107.379,0,CameraPosition,-103.2091,1.674482,-107.5294,CameraRotation,357.886,274.5711,1.662297,CurrentState,End,Slider,51,Scenario,5
ID,19,Time,1614.387,DronePosition,-20.40468,45,-107.379,0,CameraPosition,-103.2095,1.674701,-107.5296,CameraRotation,357.8009,274.5505,1.638548,CurrentState,End,Slider,51,Scenario,5
ID,19,Time,1614.4,DronePosition,-20.40468,45,-107.379,0,CameraPosition,-103.21,1.6748,-107.53,CameraRotation,357.7397,274.5132,1.624456,CurrentState,End,Slider,51,Scenario,5
ID,19,Time,1614.419,DronePosition,-20.40468,45,-107.379,0,CameraPosition,-103.2104,1.674837,-107.5304,CameraRotation,357.7092,274.4722,1.623926,CurrentState,End,Slider,51,Scenario,5
ID,19,Time,1614.442,DronePosition,-20.40468,45,-107.379,0,CameraPosition,-103.2113,1.675003,-107.5313,CameraRotation,357.6081,274.3607,1.6553,CurrentState,End,Slider,51,Scenario,5
ID,19,Time,1614.456,DronePosition,-20.40468,45,-107.379,0,CameraPosition,-103.2117,1.675118,-107.5318,CameraRotation,357.4878,274.286,1.663181,CurrentState,End,Slider,51,Scenario,5
ID,19,Time,1614.47,DronePosition,-20.40468,45,-107.379,0,CameraPosition,-103.2122,1.675239,-107.5324,CameraRotation,357.394,274.2264,1.64027,CurrentState,End,Slider,51,Scenario,5
ID,19,Time,1614.484,DronePosition,-20.40468,45,-107.379,0,CameraPosition,-103.2126,1.675353,-107.533,CameraRotation,357.3355,274.1484,1.647218,CurrentState,End,Slider,51,Scenario,5
ID,19,Time,1614.498,DronePosition,-20.40468,45,-107.379,0,CameraPosition,-103.213,1.675412,-107.5336,CameraRotation,357.3173,274.0609,1.663991,CurrentState,End,Slider,51,Scenario,5
ID,19,Time,1614.512,DronePosition,-20.40468,45,-107.379,0,CameraPosition,-103.2134,1.675501,-107.5343,CameraRotation,357.2807,273.9622,1.68187,CurrentState,End,Slider,51,Scenario,5
ID,19,Time,1614.526,DronePosition,-20.40468,45,-107.379,0,CameraPosition,-103.2138,1.675685,-107.535,CameraRotation,357.1605,273.848,1.724527,CurrentState,End,Slider,51,Scenario,5
ID,19,Time,1614.539,DronePosition,-20.40468,45,-107.379,0,CameraPosition,-103.2143,1.675928,-107.5357,CameraRotation,356.9798,273.7155,1.737323,CurrentState,End,Slider,51,Scenario,5
ID,19,Time,1614.555,DronePosition,-20.40468,45,-107.379,0,CameraPosition,-103.2148,1.676028,-107.5365,CameraRotation,356.8211,273.5731,1.738224,CurrentState,End,Slider,51,Scenario,5
ID,19,Time,1614.568,DronePosition,-20.40468,45,-107.379,0,CameraPosition,-103.2152,1.676041,-107.5374,CameraRotation,356.7109,273.4174,1.749735,CurrentState,End,Slider,51,Scenario,5
ID,19,Time,1614.582,DronePosition,-20.40468,45,-107.379,0,CameraPosition,-103.2156,1.676,-107.5382,CameraRotation,356.6703,273.2708,1.77125,CurrentState,End,Slider,51,Scenario,5
ID,19,Time,1614.596,DronePosition,-20.40468,45,-107.379,0,CameraPosition,-103.216,1.675904,-107.5391,CameraRotation,356.6979,273.1313,1.776391,CurrentState,End,Slider,51,Scenario,5
ID,19,Time,1614.609,DronePosition,-20.40468,45,-107.379,0,CameraPosition,-103.2162,1.67582,-107.5401,CameraRotation,356.7554,272.9993,1.771066,CurrentState,End,Slider,51,Scenario,5
ID,19,Time,1614.628,DronePosition,-20.40468,45,-107.379,0,CameraPosition,-103.2166,1.675795,-107.5411,CameraRotation,356.7388,272.8586,1.787609,CurrentState,End,Slider,51,Scenario,5
ID,19,Time,1614.652,DronePosition,-20.40468,45,-107.379,0,CameraPosition,-103.2172,1.67592,-107.5432,CameraRotation,356.6505,272.6361,1.92847,CurrentState,End,Slider,51,Scenario,5
ID,19,Time,1614.664,DronePosition,-20.40468,45,-107.379,0,CameraPosition,-103.2174,1.675936,-107.5443,CameraRotation,356.6632,272.565,1.983079,CurrentState,End,Slider,51,Scenario,5
ID,19,Time,1614.679,DronePosition,-20.40468,45,-107.379,0,CameraPosition,-103.2176,1.675907,-107.5453,CameraRotation,356.6956,272.5015,2.054866,CurrentState,End,Slider,51,Scenario,5
ID,19,Time,1614.693,DronePosition,-20.40468,45,-107.379,0,CameraPosition,-103.2178,1.67583,-107.5464,CameraRotation,356.763,272.4654,2.164167,CurrentState,End,Slider,51,Scenario,5
ID,19,Time,1614.707,DronePosition,-20.40468,45,-107.379,0,CameraPosition,-103.2181,1.675754,-107.5476,CameraRotation,356.8057,272.4007,2.235956,CurrentState,End,Slider,51,Scenario,5
ID,19,Time,1614.72,DronePosition,-20.40468,45,-107.379,0,CameraPosition,-103.2183,1.675669,-107.5488,CameraRotation,356.824,272.2961,2.288168,CurrentState,End,Slider,51,Scenario,5
ID,19,Time,1614.734,DronePosition,-20.40468,45,-107.379,0,CameraPosition,-103.2186,1.675608,-107.55,CameraRotation,356.8418,272.1715,2.313782,CurrentState,End,Slider,51,Scenario,5
ID,19,Time,1614.749,DronePosition,-20.40468,45,-107.379,0,CameraPosition,-103.2189,1.675607,-107.5512,CameraRotation,356.8168,272.049,2.264138,CurrentState,End,Slider,51,Scenario,5
ID,19,Time,1614.763,DronePosition,-20.40468,45,-107.379,0,CameraPosition,-103.2192,1.675633,-107.5525,CameraRotation,356.7744,271.9379,2.183935,CurrentState,End,Slider,51,Scenario,5
ID,19,Time,1614.776,DronePosition,-20.40468,45,-107.379,0,CameraPosition,-103.2195,1.67561,-107.5536,CameraRotation,356.7987,271.8518,2.137917,CurrentState,End,Slider,51,Scenario,5
ID,19,Time,1614.79,DronePosition,-20.40468,45,-107.379,0,CameraPosition,-103.2198,1.675554,-107.5547,CameraRotation,356.8407,271.8186,2.116979,CurrentState,End,Slider,51,Scenario,5
ID,19,Time,1614.804,DronePosition,-20.40468,45,-107.379,0,CameraPosition,-103.2201,1.675495,-107.5557,CameraRotation,356.8496,271.8395,2.128252,CurrentState,End,Slider,51,Scenario,5
ID,19,Time,1614.818,DronePosition,-20.40468,45,-107.379,0,CameraPosition,-103.2203,1.675483,-107.5566,CameraRotation,356.8634,271.8788,2.164162,CurrentState,End,Slider,51,Scenario,5
ID,19,Time,1614.837,DronePosition,-20.40468,45,-107.379,0,CameraPosition,-103.2206,1.675503,-107.5575,CameraRotation,356.8542,271.9226,2.25539,CurrentState,End,Slider,51,Scenario,5
ID,19,Time,1614.859,DronePosition,-20.40468,45,-107.379,0,CameraPosition,-103.2211,1.67559,-107.5592,CameraRotation,356.9145,272.0144,2.416262,CurrentState,End,Slider,51,Scenario,5
ID,19,Time,1614.873,DronePosition,-20.40468,45,-107.379,0,CameraPosition,-103.2214,1.675772,-107.56,CameraRotation,356.8625,272.0758,2.528872,CurrentState,End,Slider,51,Scenario,5
ID,19,Time,1614.887,DronePosition,-20.40468,45,-107.379,0,CameraPosition,-103.2216,1.676062,-107.5606,CameraRotation,356.6953,272.1539,2.718321,CurrentState,End,Slider,51,Scenario,5
ID,19,Time,1614.901,DronePosition,-20.40468,45,-107.379,0,CameraPosition,-103.2219,1.676303,-107.5612,CameraRotation,356.5567,272.2087,2.984674,CurrentState,End,Slider,51,Scenario,5
ID,19,Time,1614.915,DronePosition,-20.40468,45,-107.379,0,CameraPosition,-103.2221,1.676473,-107.5616,CameraRotation,356.4312,272.2705,3.260793,CurrentState,End,Slider,51,Scenario,5
ID,19,Time,1614.929,DronePosition,-20.40468,45,-107.379,0,CameraPosition,-103.2224,1.676675,-107.5621,CameraRotation,356.3069,272.3107,3.514073,CurrentState,End,Slider,51,Scenario,5
ID,19,Time,1614.943,DronePosition,-20.40468,45,-107.379,0,CameraPosition,-103.2226,1.677002,-107.5624,CameraRotation,356.1464,272.3232,3.710876,CurrentState,End,Slider,51,Scenario,5
ID,19,Time,1614.957,DronePosition,-20.40468,45,-107.379,0,CameraPosition,-103.2229,1.677393,-107.5628,CameraRotation,355.9503,272.3377,3.794337,CurrentState,End,Slider,51,Scenario,5
ID,19,Time,1614.971,DronePosition,-20.40468,45,-107.379,0,CameraPosition,-103.2232,1.677786,-107.5633,CameraRotation,355.7578,272.3607,3.828712,CurrentState,End,Slider,51,Scenario,5
ID,19,Time,1614.985,DronePosition,-20.40468,45,-107.379,0,CameraPosition,-103.2235,1.678208,-107.5638,CameraRotation,355.5236,272.3716,3.847108,CurrentState,End,Slider,51,Scenario,5
ID,19,Time,1615,DronePosition,-20.40468,45,-107.379,0,CameraPosition,-103.2238,1.678547,-107.5643,CameraRotation,355.2659,272.3467,3.919038,CurrentState,End,Slider,51,Scenario,5
ID,19,Time,1615.013,DronePosition,-20.40468,45,-107.379,0,CameraPosition,-103.224,1.678804,-107.5649,CameraRotation,355.09,272.3278,4.032774,CurrentState,End,Slider,51,Scenario,5
ID,19,Time,1615.027,DronePosition,-20.40468,45,-107.379,0,CameraPosition,-103.2242,1.678967,-107.5655,CameraRotation,354.97,272.2799,4.159539,CurrentState,End,Slider,51,Scenario,5
ID,19,Time,1615.046,DronePosition,-20.40468,45,-107.379,0,CameraPosition,-103.2243,1.679032,-107.5662,CameraRotation,354.9204,272.2363,4.284599,CurrentState,End,Slider,51,Scenario,5
ID,19,Time,1615.068,DronePosition,-20.40468,45,-107.379,0,CameraPosition,-103.2244,1.678778,-107.5675,CameraRotation,355.0034,272.1882,4.471549,CurrentState,End,Slider,51,Scenario,5
ID,19,Time,1615.082,DronePosition,-20.40468,45,-107.379,0,CameraPosition,-103.2244,1.678425,-107.5682,CameraRotation,355.1928,272.1957,4.553329,CurrentState,End,Slider,51,Scenario,5
ID,19,Time,1615.096,DronePosition,-20.40468,45,-107.379,0,CameraPosition,-103.2244,1.677954,-107.5689,CameraRotation,355.4741,272.2212,4.653231,CurrentState,End,Slider,51,Scenario,5
ID,19,Time,1615.11,DronePosition,-20.40468,45,-107.379,0,CameraPosition,-103.2243,1.677604,-107.5695,CameraRotation,355.6961,272.2372,4.737123,CurrentState,End,Slider,51,Scenario,5
ID,19,Time,1615.124,DronePosition,-20.40468,45,-107.379,0,CameraPosition,-103.2242,1.677398,-107.5702,CameraRotation,355.8327,272.2493,4.825666,CurrentState,End,Slider,51,Scenario,5
ID,19,Time,1615.138,DronePosition,-20.40468,45,-107.379,0,CameraPosition,-103.224,1.677255,-107.5708,CameraRotation,355.9502,272.2504,4.877772,CurrentState,End,Slider,51,Scenario,5
ID,19,Time,1615.153,DronePosition,-20.40468,45,-107.379,0,CameraPosition,-103.2238,1.677058,-107.5715,CameraRotation,356.11,272.2657,4.887325,CurrentState,End,Slider,51,Scenario,5
ID,19,Time,1615.167,DronePosition,-20.40468,45,-107.379,0,CameraPosition,-103.2236,1.676822,-107.5721,CameraRotation,356.2458,272.3051,4.822273,CurrentState,End,Slider,51,Scenario,5
ID,19,Time,1615.18,DronePosition,-20.40468,45,-107.379,0,CameraPosition,-103.2234,1.676584,-107.5728,CameraRotation,356.4109,272.3659,4.656033,CurrentState,End,Slider,51,Scenario,5
ID,19,Time,1615.195,DronePosition,-20.40468,45,-107.379,0,CameraPosition,-103.2232,1.676473,-107.5735,CameraRotation,356.4658,272.3741,4.523811,CurrentState,End,Slider,51,Scenario,5
ID,19,Time,1615.208,DronePosition,-20.40468,45,-107.379,0,CameraPosition,-103.2231,1.676467,-107.5743,CameraRotation,356.3539,272.3382,4.447215,CurrentState,End,Slider,51,Scenario,5
ID,19,Time,1615.222,DronePosition,-20.40468,45,-107.379,0,CameraPosition,-103.223,1.676594,-107.5751,CameraRotation,356.2386,272.2714,4.454025,CurrentState,End,Slider,51,Scenario,5
ID,19,Time,1615.236,DronePosition,-20.40468,45,-107.379,0,CameraPosition,-103.2229,1.676777,-107.576,CameraRotation,356.039,272.1496,4.535766,CurrentState,End,Slider,51,Scenario,5
ID,19,Time,1615.255,DronePosition,-20.40468,45,-107.379,0,CameraPosition,-103.2229,1.677043,-107.5769,CameraRotation,355.851,272.002,4.586644,CurrentState,End,Slider,51,Scenario,5
ID,19,Time,1615.277,DronePosition,-20.40468,45,-107.379,0,CameraPosition,-103.2231,1.678022,-107.5787,CameraRotation,355.2571,271.6829,4.58262,CurrentState,End,Slider,51,Scenario,5
ID,19,Time,1615.291,DronePosition,-20.40468,45,-107.379,0,CameraPosition,-103.2231,1.678457,-107.5795,CameraRotation,355.0062,271.5154,4.566226,CurrentState,End,Slider,51,Scenario,5
ID,19,Time,1615.305,DronePosition,-20.40468,45,-107.379,0,CameraPosition,-103.2231,1.67876,-107.5802,CameraRotation,354.8715,271.3696,4.548297,CurrentState,End,Slider,51,Scenario,5
ID,19,Time,1615.319,DronePosition,-20.40468,45,-107.379,0,CameraPosition,-103.2231,1.678936,-107.5808,CameraRotation,354.8222,271.2706,4.559111,CurrentState,End,Slider,51,Scenario,5
ID,19,Time,1615.333,DronePosition,-20.40468,45,-107.379,0,CameraPosition,-103.2231,1.679036,-107.5813,CameraRotation,354.8273,271.2167,4.637023,CurrentState,End,Slider,51,Scenario,5
ID,19,Time,1615.347,DronePosition,-20.40468,45,-107.379,0,CameraPosition,-103.223,1.679014,-107.5818,CameraRotation,354.8542,271.2101,4.682095,CurrentState,End,Slider,51,Scenario,5
ID,19,Time,1615.361,DronePosition,-20.40468,45,-107.379,0,CameraPosition,-103.2228,1.678891,-107.5821,CameraRotation,354.9452,271.2533,4.649061,CurrentState,End,Slider,51,Scenario,5
ID,19,Time,1615.375,DronePosition,-20.40468,45,-107.379,0,CameraPosition,-103.2225,1.678734,-107.5824,CameraRotation,355.0614,271.3745,4.629993,CurrentState,End,Slider,51,Scenario,5
ID,19,Time,1615.389,DronePosition,-20.40468,45,-107.379,0,CameraPosition,-103.2223,1.67862,-107.5825,CameraRotation,355.0678,271.5724,4.643299,CurrentState,End,Slider,51,Scenario,5
ID,19,Time,1615.403,DronePosition,-20.40468,45,-107.379,0,CameraPosition,-103.2221,1.678559,-107.5826,CameraRotation,355.0404,271.787,4.620112,CurrentState,End,Slider,51,Scenario,5
ID,19,Time,1615.417,DronePosition,-20.40468,45,-107.379,0,CameraPosition,-103.2219,1.678487,-107.5828,CameraRotation,355.0621,272.0502,4.534659,CurrentState,End,Slider,51,Scenario,5
ID,19,Time,1615.431,DronePosition,-20.40468,45,-107.379,0,CameraPosition,-103.2216,1.678404,-107.5828,CameraRotation,355.0451,272.315,4.438183,CurrentState,End,Slider,51,Scenario,5
ID,19,Time,1615.445,DronePosition,-20.40468,45,-107.379,0,CameraPosition,-103.2213,1.678314,-107.5829,CameraRotation,355.0565,272.5837,4.34982,CurrentState,End,Slider,51,Scenario,5
ID,19,Time,1615.464,DronePosition,-20.40468,45,-107.379,0,CameraPosition,-103.2209,1.678187,-107.5829,CameraRotation,355.1427,272.946,4.275018,CurrentState,End,Slider,51,Scenario,5
ID,19,Time,1615.487,DronePosition,-20.40468,45,-107.379,0,CameraPosition,-103.2202,1.678041,-107.5825,CameraRotation,355.2389,273.9212,4.024968,CurrentState,End,Slider,51,Scenario,5
ID,19,Time,1615.5,DronePosition,-20.40468,45,-107.379,0,CameraPosition,-103.2198,1.678118,-107.5821,CameraRotation,355.1786,274.5476,3.853613,CurrentState,End,Slider,51,Scenario,5
ID,19,Time,1615.514,DronePosition,-20.40468,45,-107.379,0,CameraPosition,-103.2193,1.67823,-107.5817,CameraRotation,355.0868,275.237,3.672544,CurrentState,End,Slider,51,Scenario,5
ID,19,Time,1615.528,DronePosition,-20.40468,45,-107.379,0,CameraPosition,-103.2188,1.678426,-107.5812,CameraRotation,354.9899,276.0088,3.516337,CurrentState,End,Slider,51,Scenario,5
ID,19,Time,1615.542,DronePosition,-20.40468,45,-107.379,0,CameraPosition,-103.2184,1.678641,-107.5806,CameraRotation,354.8309,276.7632,3.364045,CurrentState,End,Slider,51,Scenario,5
ID,19,Time,1615.556,DronePosition,-20.40468,45,-107.379,0,CameraPosition,-103.2179,1.678838,-107.58,CameraRotation,354.7051,277.5524,3.165209,CurrentState,End,Slider,51,Scenario,5
ID,19,Time,1615.57,DronePosition,-20.40468,45,-107.379,0,CameraPosition,-103.2176,1.678957,-107.5795,CameraRotation,354.6369,278.3269,2.959605,CurrentState,End,Slider,51,Scenario,5
ID,19,Time,1615.584,DronePosition,-20.40468,45,-107.379,0,CameraPosition,-103.2172,1.679025,-107.579,CameraRotation,354.5735,279.0793,2.761889,CurrentState,End,Slider,51,Scenario,5
ID,19,Time,1615.598,DronePosition,-20.40468,45,-107.379,0,CameraPosition,-103.2169,1.679087,-107.5786,CameraRotation,354.4687,279.7554,2.587341,CurrentState,End,Slider,51,Scenario,5
ID,19,Time,1615.612,DronePosition,-20.40468,45,-107.379,0,CameraPosition,-103.2166,1.679234,-107.5781,CameraRotation,354.3144,280.3364,2.475421,CurrentState,End,Slider,51,Scenario,5
ID,19,Time,1615.626,DronePosition,-20.40468,45,-107.379,0,CameraPosition,-103.2165,1.679451,-107.5779,CameraRotation,354.0936,280.8176,2.419433,CurrentState,End,Slider,51,Scenario,5
ID,19,Time,1615.64,DronePosition,-20.40468,45,-107.379,0,CameraPosition,-103.2164,1.679628,-107.5777,CameraRotation,353.916,281.2126,2.353298,CurrentState,End,Slider,51,Scenario,5
ID,19,Time,1615.654,DronePosition,-20.40468,45,-107.379,0,CameraPosition,-103.2164,1.679761,-107.5776,CameraRotation,353.8312,281.4967,2.281958,CurrentState,End,Slider,51,Scenario,5
ID,19,Time,1615.672,DronePosition,-20.40468,45,-107.379,0,CameraPosition,-103.2165,1.679853,-107.5776,CameraRotation,353.7517,281.671,2.246432,CurrentState,End,Slider,51,Scenario,5
ID,19,Time,1615.695,DronePosition,-20.40468,45,-107.379,0,CameraPosition,-103.2163,1.67978,-107.5778,CameraRotation,353.7538,281.8944,2.207605,CurrentState,End,Slider,51,Scenario,5
ID,19,Time,1615.709,DronePosition,-20.40468,45,-107.379,0,CameraPosition,-103.2162,1.679606,-107.578,CameraRotation,353.8105,281.9523,2.174372,CurrentState,End,Slider,51,Scenario,5
ID,19,Time,1615.723,DronePosition,-20.40468,45,-107.379,0,CameraPosition,-103.2162,1.679335,-107.5783,CameraRotation,353.9774,281.9707,2.098875,CurrentState,End,Slider,51,Scenario,5
ID,19,Time,1615.737,DronePosition,-20.40468,45,-107.379,0,CameraPosition,-103.2162,1.678998,-107.5786,CameraRotation,354.2242,281.979,2.008852,CurrentState,End,Slider,51,Scenario,5
ID,19,Time,1615.751,DronePosition,-20.40468,45,-107.379,0,CameraPosition,-103.2161,1.678615,-107.5789,CameraRotation,354.4513,282.0314,1.978266,CurrentState,End,Slider,51,Scenario,5
ID,19,Time,1615.765,DronePosition,-20.40468,45,-107.379,0,CameraPosition,-103.2158,1.678222,-107.5793,CameraRotation,354.7071,282.1189,1.995487,CurrentState,End,Slider,51,Scenario,5
ID,19,Time,1615.779,DronePosition,-20.40468,45,-107.379,0,CameraPosition,-103.2155,1.677807,-107.5797,CameraRotation,354.9084,282.2227,2.040693,CurrentState,End,Slider,51,Scenario,5
ID,19,Time,1615.793,DronePosition,-20.40468,45,-107.379,0,CameraPosition,-103.2152,1.677361,-107.5801,CameraRotation,355.1299,282.3234,2.040754,CurrentState,End,Slider,51,Scenario,5
ID,19,Time,1615.807,DronePosition,-20.40468,45,-107.379,0,CameraPosition,-103.215,1.676754,-107.5806,CameraRotation,355.396,282.4488,1.99153,CurrentState,End,Slider,51,Scenario,5
ID,19,Time,1615.821,DronePosition,-20.40468,45,-107.379,0,CameraPosition,-103.2147,1.676307,-107.5812,CameraRotation,355.6928,282.5692,1.980862,CurrentState,End,Slider,51,Scenario,5
ID,19,Time,1615.835,DronePosition,-20.40468,45,-107.379,0,CameraPosition,-103.2144,1.67599,-107.5817,CameraRotation,355.7984,282.692,2.024692,CurrentState,End,Slider,51,Scenario,5
ID,19,Time,1615.849,DronePosition,-20.40468,45,-107.379,0,CameraPosition,-103.214,1.67603,-107.5822,CameraRotation,355.7642,282.8004,2.034036,CurrentState,End,Slider,51,Scenario,5
ID,19,Time,1615.862,DronePosition,-20.40468,45,-107.379,0,CameraPosition,-103.2138,1.676268,-107.5828,CameraRotation,355.577,282.8909,2.024395,CurrentState,End,Slider,51,Scenario,5
ID,19,Time,1615.881,DronePosition,-20.40468,45,-107.379,0,CameraPosition,-103.2135,1.676473,-107.5833,CameraRotation,355.4371,282.961,2.019114,CurrentState,End,Slider,51,Scenario,5
ID,19,Time,1615.904,DronePosition,-20.40468,45,-107.379,0,CameraPosition,-103.2131,1.676953,-107.5843,CameraRotation,355.2191,283.0675,2.124775,CurrentState,End,Slider,51,Scenario,5
ID,19,Time,1615.918,DronePosition,-20.40468,45,-107.379,0,CameraPosition,-103.2128,1.677125,-107.5848,CameraRotation,355.1216,283.0692,2.1863,CurrentState,End,Slider,51,Scenario,5
ID,19,Time,1615.932,DronePosition,-20.40468,45,-107.379,0,CameraPosition,-103.2125,1.67726,-107.5853,CameraRotation,355.1442,283.011,2.246678,CurrentState,End,Slider,51,Scenario,5
ID,19,Time,1615.946,DronePosition,-20.40468,45,-107.379,0,CameraPosition,-103.2122,1.677454,-107.5858,CameraRotation,355.1363,282.9496,2.346035,CurrentState,End,Slider,51,Scenario,5
ID,19,Time,1615.959,DronePosition,-20.40468,45,-107.379,0,CameraPosition,-103.2121,1.677735,-107.5862,CameraRotation,355.0414,282.8459,2.444304,CurrentState,End,Slider,51,Scenario,5
ID,19,Time,1615.973,DronePosition,-20.40468,45,-107.379,0,CameraPosition,-103.2121,1.678026,-107.5868,CameraRotation,354.9247,282.7615,2.478841,CurrentState,End,Slider,51,Scenario,5
ID,19,Time,1615.988,DronePosition,-20.40468,45,-107.379,0,CameraPosition,-103.212,1.678296,-107.5873,CameraRotation,354.7603,282.6234,2.537555,CurrentState,End,Slider,51,Scenario,5
ID,19,Time,1616.002,DronePosition,-20.40468,45,-107.379,0,CameraPosition,-103.2118,1.678538,-107.5879,CameraRotation,354.5942,282.4471,2.606966,CurrentState,End,Slider,51,Scenario,5
ID,19,Time,1616.015,DronePosition,-20.40468,45,-107.379,0,CameraPosition,-103.2116,1.678712,-107.5886,CameraRotation,354.4326,282.2491,2.631167,CurrentState,End,Slider,51,Scenario,5
ID,19,Time,1616.029,DronePosition,-20.40468,45,-107.379,0,CameraPosition,-103.2113,1.678685,-107.5894,CameraRotation,354.3143,282.0407,2.596017,CurrentState,End,Slider,51,Scenario,5
ID,19,Time,1616.043,DronePosition,-20.40468,45,-107.379,0,CameraPosition,-103.2109,1.678391,-107.5901,CameraRotation,354.468,281.8614,2.569786,CurrentState,End,Slider,51,Scenario,5
ID,19,Time,1616.057,DronePosition,-20.40468,45,-107.379,0,CameraPosition,-103.2106,1.67796,-107.5908,CameraRotation,354.7347,281.6973,2.563177,CurrentState,End,Slider,51,Scenario,5
ID,19,Time,1616.072,DronePosition,-20.40468,45,-107.379,0,CameraPosition,-103.2102,1.677539,-107.5915,CameraRotation,354.9971,281.5456,2.60919,CurrentState,End,Slider,51,Scenario,5
ID,19,Time,1616.09,DronePosition,-20.40468,45,-107.379,0,CameraPosition,-103.2097,1.677296,-107.5923,CameraRotation,355.1522,281.3883,2.665502,CurrentState,End,Slider,51,Scenario,5
ID,19,Time,1616.113,DronePosition,-20.40468,45,-107.379,0,CameraPosition,-103.2088,1.676976,-107.5937,CameraRotation,355.2681,281.1034,2.793112,CurrentState,End,Slider,51,Scenario,5
ID,19,Time,1616.126,DronePosition,-20.40468,45,-107.379,0,CameraPosition,-103.2084,1.676705,-107.5945,CameraRotation,355.4017,280.9903,2.699062,CurrentState,End,Slider,51,Scenario,5
ID,19,Time,1616.14,DronePosition,-20.40468,45,-107.379,0,CameraPosition,-103.2079,1.67642,-107.5954,CameraRotation,355.6346,280.9157,2.510559,CurrentState,End,Slider,51,Scenario,5
ID,19,Time,1616.154,DronePosition,-20.40468,45,-107.379,0,CameraPosition,-103.2074,1.676213,-107.5962,CameraRotation,355.7158,280.8331,2.400076,CurrentState,End,Slider,51,Scenario,5
ID,19,Time,1616.168,DronePosition,-20.40468,45,-107.379,0,CameraPosition,-103.2069,1.676312,-107.5969,CameraRotation,355.6525,280.7814,2.379367,CurrentState,End,Slider,51,Scenario,5
ID,19,Time,1616.183,DronePosition,-20.40468,45,-107.379,0,CameraPosition,-103.2064,1.676645,-107.5976,CameraRotation,355.3799,280.6978,2.416578,CurrentState,End,Slider,51,Scenario,5
ID,19,Time,1616.196,DronePosition,-20.40468,45,-107.379,0,CameraPosition,-103.2059,1.676941,-107.5983,CameraRotation,355.155,280.5842,2.448321,CurrentState,End,Slider,51,Scenario,5
ID,19,Time,1616.21,DronePosition,-20.40468,45,-107.379,0,CameraPosition,-103.2055,1.67723,-107.5991,CameraRotation,354.9626,280.4544,2.478921,CurrentState,End,Slider,51,Scenario,5
ID,19,Time,1616.224,DronePosition,-20.40468,45,-107.379,0,CameraPosition,-103.2051,1.677438,-107.5999,CameraRotation,354.7949,280.2906,2.479019,CurrentState,End,Slider,51,Scenario,5
ID,19,Time,1616.238,DronePosition,-20.40468,45,-107.379,0,CameraPosition,-103.2046,1.677641,-107.6007,CameraRotation,354.6451,280.0933,2.514556,CurrentState,End,Slider,51,Scenario,5
ID,19,Time,1616.252,DronePosition,-20.40468,45,-107.379,0,CameraPosition,-103.2041,1.677916,-107.6015,CameraRotation,354.4704,279.8661,2.568223,CurrentState,End,Slider,51,Scenario,5
ID,19,Time,1616.266,DronePosition,-20.40468,45,-107.379,0,CameraPosition,-103.2036,1.678282,-107.6023,CameraRotation,354.2508,279.6035,2.620239,CurrentState,End,Slider,51,Scenario,5
ID,19,Time,1616.28,DronePosition,-20.40468,45,-107.379,0,CameraPosition,-103.2033,1.678648,-107.603,CameraRotation,353.9988,279.3416,2.696258,CurrentState,End,Slider,51,Scenario,5
ID,19,Time,1616.299,DronePosition,-20.40468,45,-107.379,0,CameraPosition,-103.2032,1.679032,-107.6036,CameraRotation,353.7375,279.0838,2.777945,CurrentState,End,Slider,51,Scenario,5
ID,19,Time,1616.321,DronePosition,-20.40468,45,-107.379,0,CameraPosition,-103.2026,1.679709,-107.6046,CameraRotation,353.287,278.6286,2.932057,CurrentState,End,Slider,51,Scenario,5
ID,19,Time,1616.335,DronePosition,-20.40468,45,-107.379,0,CameraPosition,-103.2022,1.679956,-107.605,CameraRotation,353.1425,278.4562,2.950264,CurrentState,End,Slider,51,Scenario,5
ID,19,Time,1616.352,DronePosition,-20.40468,45,-107.379,0,CameraPosition,-103.2019,1.680133,-107.6053,CameraRotation,353.0334,278.3383,2.896943,CurrentState,End,Slider,51,Scenario,5
ID,19,Time,1616.363,DronePosition,-20.40468,45,-107.379,0,CameraPosition,-103.2016,1.680302,-107.6055,CameraRotation,352.9035,278.2366,2.815974,CurrentState,End,Slider,51,Scenario,5
ID,19,Time,1616.377,DronePosition,-20.40468,45,-107.379,0,CameraPosition,-103.2015,1.680391,-107.6057,CameraRotation,352.7753,278.1603,2.707339,CurrentState,End,Slider,51,Scenario,5
ID,19,Time,1616.391,DronePosition,-20.40468,45,-107.379,0,CameraPosition,-103.2012,1.68036,-107.606,CameraRotation,352.6823,278.0829,2.648272,CurrentState,End,Slider,51,Scenario,5
ID,19,Time,1616.405,DronePosition,-20.40468,45,-107.379,0,CameraPosition,-103.2009,1.680068,-107.6063,CameraRotation,352.6797,278.023,2.652308,CurrentState,End,Slider,51,Scenario,5
ID,19,Time,1616.419,DronePosition,-20.40468,45,-107.379,0,CameraPosition,-103.2005,1.679672,-107.6065,CameraRotation,352.8036,277.98,2.6727,CurrentState,End,Slider,51,Scenario,5
ID,19,Time,1616.433,DronePosition,-20.40468,45,-107.379,0,CameraPosition,-103.2001,1.679373,-107.6069,CameraRotation,352.9958,277.9637,2.668098,CurrentState,End,Slider,51,Scenario,5
ID,19,Time,1616.447,DronePosition,-20.40468,45,-107.379,0,CameraPosition,-103.2001,1.67925,-107.6072,CameraRotation,353.0623,277.9557,2.649319,CurrentState,End,Slider,51,Scenario,5
ID,19,Time,1616.461,DronePosition,-20.40468,45,-107.379,0,CameraPosition,-103.2001,1.679181,-107.6076,CameraRotation,352.9645,277.9174,2.711009,CurrentState,End,Slider,51,Scenario,5
ID,19,Time,1616.475,DronePosition,-20.40468,45,-107.379,0,CameraPosition,-103.1999,1.679054,-107.6079,CameraRotation,353.0043,277.8609,2.787302,CurrentState,End,Slider,51,Scenario,5
ID,19,Time,1616.489,DronePosition,-20.40468,45,-107.379,0,CameraPosition,-103.1997,1.678862,-107.6083,CameraRotation,353.1723,277.773,2.867145,CurrentState,End,Slider,51,Scenario,5
ID,19,Time,1616.507,DronePosition,-20.40468,45,-107.379,0,CameraPosition,-103.1995,1.678635,-107.6086,CameraRotation,353.2606,277.6732,2.916871,CurrentState,End,Slider,51,Scenario,5
ID,19,Time,1616.53,DronePosition,-20.40468,45,-107.379,0,CameraPosition,-103.1994,1.678317,-107.6091,CameraRotation,353.4193,277.409,3.06165,CurrentState,End,Slider,51,Scenario,5
ID,19,Time,1616.544,DronePosition,-20.40468,45,-107.379,0,CameraPosition,-103.1993,1.678147,-107.6092,CameraRotation,353.554,277.2662,3.139516,CurrentState,End,Slider,51,Scenario,5
ID,19,Time,1616.558,DronePosition,-20.40468,45,-107.379,0,CameraPosition,-103.1991,1.678087,-107.6094,CameraRotation,353.6543,277.1221,3.171892,CurrentState,End,Slider,51,Scenario,5
ID,19,Time,1616.572,DronePosition,-20.40468,45,-107.379,0,CameraPosition,-103.1991,1.678093,-107.6096,CameraRotation,353.5899,276.9778,3.190469,CurrentState,End,Slider,51,Scenario,5
ID,19,Time,1616.586,DronePosition,-20.40468,45,-107.379,0,CameraPosition,-103.199,1.678166,-107.6097,CameraRotation,353.5115,276.8721,3.237074,CurrentState,End,Slider,51,Scenario,5
ID,19,Time,1616.6,DronePosition,-20.40468,45,-107.379,0,CameraPosition,-103.1991,1.678198,-107.6097,CameraRotation,353.4496,276.8298,3.215389,CurrentState,End,Slider,51,Scenario,5
ID,19,Time,1616.614,DronePosition,-20.40468,45,-107.379,0,CameraPosition,-103.1992,1.678176,-107.6098,CameraRotation,353.4323,276.8015,3.140477,CurrentState,End,Slider,51,Scenario,5
ID,19,Time,1616.628,DronePosition,-20.40468,45,-107.379,0,CameraPosition,-103.1992,1.678011,-107.6098,CameraRotation,353.4787,276.7748,3.087078,CurrentState,End,Slider,51,Scenario,5
ID,19,Time,1616.642,DronePosition,-20.40468,45,-107.379,0,CameraPosition,-103.1991,1.677682,-107.6099,CameraRotation,353.618,276.7694,3.040606,CurrentState,End,Slider,51,Scenario,5
ID,19,Time,1616.656,DronePosition,-20.40468,45,-107.379,0,CameraPosition,-103.199,1.677293,-107.61,CameraRotation,353.8252,276.7874,2.981137,CurrentState,End,Slider,51,Scenario,5
ID,19,Time,1616.67,DronePosition,-20.40468,45,-107.379,0,CameraPosition,-103.1988,1.677049,-107.6101,CameraRotation,354.035,276.7947,2.921465,CurrentState,End,Slider,51,Scenario,5
ID,19,Time,1616.684,DronePosition,-20.40468,45,-107.379,0,CameraPosition,-103.1988,1.676995,-107.6101,CameraRotation,354.1261,276.8063,2.87184,CurrentState,End,Slider,51,Scenario,5
ID,19,Time,1616.698,DronePosition,-20.40468,45,-107.379,0,CameraPosition,-103.1989,1.677153,-107.6102,CameraRotation,354.0597,276.8017,2.869599,CurrentState,End,Slider,51,Scenario,5
ID,19,Time,1616.717,DronePosition,-20.40468,45,-107.379,0,CameraPosition,-103.199,1.67735,-107.6103,CameraRotation,353.9341,276.7728,2.913328,CurrentState,End,Slider,51,Scenario,5
ID,19,Time,1616.739,DronePosition,-20.40468,45,-107.379,0,CameraPosition,-103.1989,1.677754,-107.6106,CameraRotation,353.6915,276.7061,3.062268,CurrentState,End,Slider,51,Scenario,5
ID,19,Time,1616.753,DronePosition,-20.40468,45,-107.379,0,CameraPosition,-103.1989,1.677891,-107.6108,CameraRotation,353.6135,276.6465,3.089688,CurrentState,End,Slider,51,Scenario,5
ID,19,Time,1616.767,DronePosition,-20.40468,45,-107.379,0,CameraPosition,-103.199,1.677984,-107.611,CameraRotation,353.5945,276.5696,3.089409,CurrentState,End,Slider,51,Scenario,5
ID,19,Time,1616.781,DronePosition,-20.40468,45,-107.379,0,CameraPosition,-103.1991,1.67811,-107.6112,CameraRotation,353.5285,276.4874,3.095661,CurrentState,End,Slider,51,Scenario,5
ID,19,Time,1616.795,DronePosition,-20.40468,45,-107.379,0,CameraPosition,-103.1991,1.678318,-107.6114,CameraRotation,353.415,276.3696,3.11289,CurrentState,End,Slider,51,Scenario,5
ID,19,Time,1616.809,DronePosition,-20.40468,45,-107.379,0,CameraPosition,-103.199,1.678495,-107.6116,CameraRotation,353.3217,276.2292,3.159681,CurrentState,End,Slider,51,Scenario,5
ID,19,Time,1616.823,DronePosition,-20.40468,45,-107.379,0,CameraPosition,-103.199,1.678612,-107.6118,CameraRotation,353.2728,276.121,3.182237,CurrentState,End,Slider,51,Scenario,5
ID,19,Time,1616.837,DronePosition,-20.40468,45,-107.379,0,CameraPosition,-103.199,1.678689,-107.6119,CameraRotation,353.269,276.0107,3.161834,CurrentState,End,Slider,51,Scenario,5
ID,19,Time,1616.851,DronePosition,-20.40468,45,-107.379,0,CameraPosition,-103.1991,1.678773,-107.6121,CameraRotation,353.2653,275.9138,3.137292,CurrentState,End,Slider,51,Scenario,5
ID,19,Time,1616.865,DronePosition,-20.40468,45,-107.379,0,CameraPosition,-103.1993,1.67888,-107.6122,CameraRotation,353.2406,275.8121,3.150658,CurrentState,End,Slider,51,Scenario,5
ID,19,Time,1616.879,DronePosition,-20.40468,45,-107.379,0,CameraPosition,-103.1994,1.679006,-107.6123,CameraRotation,353.1877,275.6903,3.199646,CurrentState,End,Slider,51,Scenario,5
ID,19,Time,1616.892,DronePosition,-20.40468,45,-107.379,0,CameraPosition,-103.1996,1.679145,-107.6124,CameraRotation,353.0997,275.56,3.286262,CurrentState,End,Slider,51,Scenario,5
ID,19,Time,1616.907,DronePosition,-20.40468,45,-107.379,0,CameraPosition,-103.1998,1.679258,-107.6125,CameraRotation,353.0226,275.4257,3.355187,CurrentState,End,Slider,51,Scenario,5
ID,19,Time,1616.925,DronePosition,-20.40468,45,-107.379,0,CameraPosition,-103.2001,1.679334,-107.6125,CameraRotation,352.9709,275.2841,3.410884,CurrentState,End,Slider,51,Scenario,5
ID,19,Time,1616.948,DronePosition,-20.40468,45,-107.379,0,CameraPosition,-103.2009,1.679456,-107.6125,CameraRotation,352.94,275.0319,3.443639,CurrentState,End,Slider,51,Scenario,5
ID,19,Time,1616.962,DronePosition,-20.40468,45,-107.379,0,CameraPosition,-103.2012,1.679489,-107.6125,CameraRotation,352.9661,274.9039,3.42174,CurrentState,End,Slider,51,Scenario,5
ID,19,Time,1616.976,DronePosition,-20.40468,45,-107.379,0,CameraPosition,-103.2014,1.679493,-107.6124,CameraRotation,352.9823,274.7774,3.353524,CurrentState,End,Slider,51,Scenario,5
ID,19,Time,1616.99,DronePosition,-20.40468,45,-107.379,0,CameraPosition,-103.2017,1.679445,-107.6123,CameraRotation,352.9872,274.6526,3.270437,CurrentState,End,Slider,51,Scenario,5
ID,19,Time,1617.004,DronePosition,-20.40468,45,-107.379,0,CameraPosition,-103.202,1.679487,-107.6122,CameraRotation,352.9935,274.5032,3.203472,CurrentState,End,Slider,51,Scenario,5
ID,19,Time,1617.018,DronePosition,-20.40468,45,-107.379,0,CameraPosition,-103.2024,1.679609,-107.612,CameraRotation,352.9807,274.3554,3.100351,CurrentState,End,Slider,51,Scenario,5
ID,19,Time,1617.032,DronePosition,-20.40468,45,-107.379,0,CameraPosition,-103.2028,1.679839,-107.6118,CameraRotation,352.9636,274.2052,2.962373,CurrentState,End,Slider,51,Scenario,5
ID,19,Time,1617.046,DronePosition,-20.40468,45,-107.379,0,CameraPosition,-103.2031,1.680094,-107.6115,CameraRotation,352.8928,274.0547,2.791565,CurrentState,End,Slider,51,Scenario,5
ID,19,Time,1617.06,DronePosition,-20.40468,45,-107.379,0,CameraPosition,-103.2035,1.680414,-107.6112,CameraRotation,352.8057,273.9149,2.632907,CurrentState,End,Slider,51,Scenario,5
ID,19,Time,1617.074,DronePosition,-20.40468,45,-107.379,0,CameraPosition,-103.2039,1.680725,-107.6109,CameraRotation,352.7207,273.783,2.499943,CurrentState,End,Slider,51,Scenario,5
ID,19,Time,1617.088,DronePosition,-20.40468,45,-107.379,0,CameraPosition,-103.2044,1.680928,-107.6105,CameraRotation,352.6123,273.6748,2.416683,CurrentState,End,Slider,51,Scenario,5
ID,19,Time,1617.101,DronePosition,-20.40468,45,-107.379,0,CameraPosition,-103.2048,1.681084,-107.6101,CameraRotation,352.5346,273.5947,2.366465,CurrentState,End,Slider,51,Scenario,5
ID,19,Time,1617.115,DronePosition,-20.40468,45,-107.379,0,CameraPosition,-103.2051,1.681238,-107.6096,CameraRotation,352.4917,273.5368,2.370152,CurrentState,End,Slider,51,Scenario,5
ID,19,Time,1617.134,DronePosition,-20.40468,45,-107.379,0,CameraPosition,-103.2054,1.681343,-107.6091,CameraRotation,352.4514,273.5063,2.429259,CurrentState,End,Slider,51,Scenario,5
ID,19,Time,1617.157,DronePosition,-20.40468,45,-107.379,0,CameraPosition,-103.2059,1.681553,-107.6079,CameraRotation,352.3344,273.45,2.754751,CurrentState,End,Slider,51,Scenario,5
ID,19,Time,1617.171,DronePosition,-20.40468,45,-107.379,0,CameraPosition,-103.2062,1.681679,-107.6072,CameraRotation,352.2758,273.4427,2.943907,CurrentState,End,Slider,51,Scenario,5
ID,19,Time,1617.185,DronePosition,-20.40468,45,-107.379,0,CameraPosition,-103.2064,1.681801,-107.6065,CameraRotation,352.2567,273.4646,3.151567,CurrentState,End,Slider,51,Scenario,5
ID,19,Time,1617.198,DronePosition,-20.40468,45,-107.379,0,CameraPosition,-103.2065,1.681847,-107.6057,CameraRotation,352.2366,273.4828,3.341983,CurrentState,End,Slider,51,Scenario,5
ID,19,Time,1617.213,DronePosition,-20.40468,45,-107.379,0,CameraPosition,-103.2066,1.681896,-107.6048,CameraRotation,352.2484,273.5161,3.505929,CurrentState,End,Slider,51,Scenario,5
ID,19,Time,1617.227,DronePosition,-20.40468,45,-107.379,0,CameraPosition,-103.2066,1.681915,-107.6038,CameraRotation,352.2511,273.5735,3.669579,CurrentState,End,Slider,51,Scenario,5
ID,19,Time,1617.24,DronePosition,-20.40468,45,-107.379,0,CameraPosition,-103.2066,1.681976,-107.6028,CameraRotation,352.2521,273.661,3.818,CurrentState,End,Slider,51,Scenario,5
ID,19,Time,1617.255,DronePosition,-20.40468,45,-107.379,0,CameraPosition,-103.2065,1.68205,-107.6016,CameraRotation,352.2489,273.7814,3.905281,CurrentState,End,Slider,51,Scenario,5
ID,19,Time,1617.268,DronePosition,-20.40468,45,-107.379,0,CameraPosition,-103.2062,1.682038,-107.6005,CameraRotation,352.2169,273.8929,3.984221,CurrentState,End,Slider,51,Scenario,5
ID,19,Time,1617.283,DronePosition,-20.40468,45,-107.379,0,CameraPosition,-103.2059,1.681977,-107.5993,CameraRotation,352.1732,273.9667,4.053954,CurrentState,End,Slider,51,Scenario,5
ID,19,Time,1617.296,DronePosition,-20.40468,45,-107.379,0,CameraPosition,-103.2056,1.681959,-107.5981,CameraRotation,352.0794,273.9754,4.123249,CurrentState,End,Slider,51,Scenario,5
ID,19,Time,1617.31,DronePosition,-20.40468,45,-107.379,0,CameraPosition,-103.2054,1.68215,-107.597,CameraRotation,351.8511,273.9405,4.140266,CurrentState,End,Slider,51,Scenario,5
ID,19,Time,1617.325,DronePosition,-20.40468,45,-107.379,0,CameraPosition,-103.2053,1.682719,-107.5959,CameraRotation,351.4189,273.8278,4.08664,CurrentState,End,Slider,51,Scenario,5
ID,19,Time,1617.343,DronePosition,-20.40468,45,-107.379,0,CameraPosition,-103.2054,1.68355,-107.5948,CameraRotation,350.7887,273.6281,4.021496,CurrentState,End,Slider,51,Scenario,5
ID,19,Time,1617.366,DronePosition,-20.40468,45,-107.379,0,CameraPosition,-103.2057,1.685406,-107.5928,CameraRotation,349.3752,272.8985,3.999286,CurrentState,End,Slider,51,Scenario,5
ID,19,Time,1617.379,DronePosition,-20.40468,45,-107.379,0,CameraPosition,-103.2059,1.686328,-107.5919,CameraRotation,348.7051,272.3834,4.005822,CurrentState,End,Slider,51,Scenario,5
ID,19,Time,1617.393,DronePosition,-20.40468,45,-107.379,0,CameraPosition,-103.2062,1.687089,-107.5909,CameraRotation,348.1319,271.8486,4.003272,CurrentState,End,Slider,51,Scenario,5
ID,19,Time,1617.407,DronePosition,-20.40468,45,-107.379,0,CameraPosition,-103.2064,1.687699,-107.5899,CameraRotation,347.6665,271.3207,4.000931,CurrentState,End,Slider,51,Scenario,5
ID,19,Time,1617.421,DronePosition,-20.40468,45,-107.379,0,CameraPosition,-103.2067,1.688168,-107.5888,CameraRotation,347.3339,270.8113,3.92538,CurrentState,End,Slider,51,Scenario,5
ID,19,Time,1617.436,DronePosition,-20.40468,45,-107.379,0,CameraPosition,-103.2068,1.688477,-107.5876,CameraRotation,347.1793,270.4013,3.824009,CurrentState,End,Slider,51,Scenario,5
ID,19,Time,1617.449,DronePosition,-20.40468,45,-107.379,0,CameraPosition,-103.2068,1.688692,-107.5862,CameraRotation,347.1359,270.1576,3.748258,CurrentState,End,Slider,51,Scenario,5
ID,19,Time,1617.463,DronePosition,-20.40468,45,-107.379,0,CameraPosition,-103.2068,1.688768,-107.5848,CameraRotation,347.17,270.0333,3.693603,CurrentState,End,Slider,51,Scenario,5
ID,19,Time,1617.477,DronePosition,-20.40468,45,-107.379,0,CameraPosition,-103.2068,1.688626,-107.5832,CameraRotation,347.3736,270.0418,3.607958,CurrentState,End,Slider,51,Scenario,5
ID,19,Time,1617.491,DronePosition,-20.40468,45,-107.379,0,CameraPosition,-103.2069,1.688466,-107.5817,CameraRotation,347.5678,270.0611,3.590394,CurrentState,End,Slider,51,Scenario,5
ID,19,Time,1617.505,DronePosition,-20.40468,45,-107.379,0,CameraPosition,-103.207,1.688269,-107.5801,CameraRotation,347.7977,270.1268,3.642976,CurrentState,End,Slider,51,Scenario,5
ID,19,Time,1617.519,DronePosition,-20.40468,45,-107.379,0,CameraPosition,-103.207,1.688035,-107.5783,CameraRotation,348.0377,270.2672,3.709173,CurrentState,End,Slider,51,Scenario,5
ID,19,Time,1617.533,DronePosition,-20.40468,45,-107.379,0,CameraPosition,-103.2071,1.687838,-107.5766,CameraRotation,348.2494,270.4269,3.759923,CurrentState,End,Slider,51,Scenario,5
ID,19,Time,1617.553,DronePosition,-20.40468,45,-107.379,0,CameraPosition,-103.2072,1.687635,-107.5749,CameraRotation,348.4237,270.5542,3.772795,CurrentState,End,Slider,51,Scenario,5
ID,19,Time,1617.577,DronePosition,-20.40468,45,-107.379,0,CameraPosition,-103.2077,1.687168,-107.5713,CameraRotation,348.7094,270.7974,3.735786,CurrentState,End,Slider,51,Scenario,5
ID,19,Time,1617.591,DronePosition,-20.40468,45,-107.379,0,CameraPosition,-103.2079,1.687008,-107.5695,CameraRotation,348.8114,270.8811,3.665139,CurrentState,End,Slider,51,Scenario,5
ID,19,Time,1617.604,DronePosition,-20.40468,45,-107.379,0,CameraPosition,-103.2081,1.686839,-107.5679,CameraRotation,348.9274,270.9198,3.524221,CurrentState,End,Slider,51,Scenario,5
ID,19,Time,1617.618,DronePosition,-20.40468,45,-107.379,0,CameraPosition,-103.2083,1.68664,-107.5662,CameraRotation,349.0912,270.9174,3.393446,CurrentState,End,Slider,51,Scenario,5
ID,19,Time,1617.632,DronePosition,-20.40468,45,-107.379,0,CameraPosition,-103.2084,1.686354,-107.5646,CameraRotation,349.3515,270.8651,3.256241,CurrentState,End,Slider,51,Scenario,5
ID,19,Time,1617.645,DronePosition,-20.40468,45,-107.379,0,CameraPosition,-103.2086,1.686005,-107.5631,CameraRotation,349.6718,270.7879,3.135089,CurrentState,End,Slider,51,Scenario,5
ID,19,Time,1617.659,DronePosition,-20.40468,45,-107.379,0,CameraPosition,-103.2088,1.685503,-107.5616,CameraRotation,350.1035,270.6523,3.005946,CurrentState,End,Slider,51,Scenario,5
ID,19,Time,1617.673,DronePosition,-20.40468,45,-107.379,0,CameraPosition,-103.2089,1.684915,-107.5602,CameraRotation,350.5817,270.5337,2.888222,CurrentState,End,Slider,51,Scenario,5
ID,19,Time,1617.687,DronePosition,-20.40468,45,-107.379,0,CameraPosition,-103.209,1.684286,-107.5588,CameraRotation,351.0868,270.4066,2.749736,CurrentState,End,Slider,51,Scenario,5
ID,19,Time,1617.701,DronePosition,-20.40468,45,-107.379,0,CameraPosition,-103.209,1.683605,-107.5574,CameraRotation,351.6226,270.3025,2.59205,CurrentState,End,Slider,51,Scenario,5
ID,19,Time,1617.714,DronePosition,-20.40468,45,-107.379,0,CameraPosition,-103.2092,1.682922,-107.556,CameraRotation,352.1468,270.2231,2.469765,CurrentState,End,Slider,51,Scenario,5
ID,19,Time,1617.729,DronePosition,-20.40468,45,-107.379,0,CameraPosition,-103.2094,1.682169,-107.5545,CameraRotation,352.7258,270.1539,2.394972,CurrentState,End,Slider,51,Scenario,5
ID,19,Time,1617.742,DronePosition,-20.40468,45,-107.379,0,CameraPosition,-103.2097,1.681424,-107.5531,CameraRotation,353.31,270.1049,2.332036,CurrentState,End,Slider,51,Scenario,5
ID,19,Time,1617.761,DronePosition,-20.40468,45,-107.379,0,CameraPosition,-103.2099,1.680703,-107.5517,CameraRotation,353.8543,270.0629,2.267832,CurrentState,End,Slider,51,Scenario,5
ID,19,Time,1617.784,DronePosition,-20.40468,45,-107.379,0,CameraPosition,-103.2103,1.679538,-107.5489,CameraRotation,354.7239,270.0081,2.159906,CurrentState,End,Slider,51,Scenario,5
ID,19,Time,1617.797,DronePosition,-20.40468,45,-107.379,0,CameraPosition,-103.2106,1.679241,-107.5475,CameraRotation,354.9635,270.0079,2.161776,CurrentState,End,Slider,51,Scenario,5
ID,19,Time,1617.811,DronePosition,-20.40468,45,-107.379,0,CameraPosition,-103.2109,1.679118,-107.5461,CameraRotation,355.0974,270.0298,2.163566,CurrentState,End,Slider,51,Scenario,5
ID,19,Time,1617.825,DronePosition,-20.40468,45,-107.379,0,CameraPosition,-103.2112,1.679137,-107.5446,CameraRotation,355.167,270.0557,2.178424,CurrentState,End,Slider,51,Scenario,5
ID,19,Time,1617.839,DronePosition,-20.40468,45,-107.379,0,CameraPosition,-103.2115,1.679306,-107.5431,CameraRotation,355.138,270.1003,2.216061,CurrentState,End,Slider,51,Scenario,5
ID,19,Time,1617.854,DronePosition,-20.40468,45,-107.379,0,CameraPosition,-103.2118,1.679528,-107.5415,CameraRotation,355.0549,270.1621,2.234295,CurrentState,End,Slider,51,Scenario,5
ID,19,Time,1617.867,DronePosition,-20.40468,45,-107.379,0,CameraPosition,-103.2121,1.679707,-107.5399,CameraRotation,354.9526,270.2277,2.247062,CurrentState,End,Slider,51,Scenario,5
ID,19,Time,1617.881,DronePosition,-20.40468,45,-107.379,0,CameraPosition,-103.2124,1.679914,-107.5383,CameraRotation,354.7971,270.2637,2.223877,CurrentState,End,Slider,51,Scenario,5
ID,19,Time,1617.895,DronePosition,-20.40468,45,-107.379,0,CameraPosition,-103.2128,1.680126,-107.5367,CameraRotation,354.6204,270.2288,2.14732,CurrentState,End,Slider,51,Scenario,5
ID,19,Time,1617.909,DronePosition,-20.40468,45,-107.379,0,CameraPosition,-103.2132,1.680372,-107.5352,CameraRotation,354.3986,270.1323,2.037621,CurrentState,End,Slider,51,Scenario,5
ID,19,Time,1617.923,DronePosition,-20.40468,45,-107.379,0,CameraPosition,-103.2135,1.68073,-107.5338,CameraRotation,354.12,269.9734,1.865697,CurrentState,End,Slider,51,Scenario,5
ID,19,Time,1617.937,DronePosition,-20.40468,45,-107.379,0,CameraPosition,-103.2138,1.681073,-107.5324,CameraRotation,353.8403,269.8022,1.712484,CurrentState,End,Slider,51,Scenario,5
ID,19,Time,1617.951,DronePosition,-20.40468,45,-107.379,0,CameraPosition,-103.2141,1.681405,-107.531,CameraRotation,353.6093,269.61,1.576911,CurrentState,End,Slider,51,Scenario,5
ID,19,Time,1617.969,DronePosition,-20.40468,45,-107.379,0,CameraPosition,-103.2145,1.68177,-107.5296,CameraRotation,353.433,269.4117,1.464724,CurrentState,End,Slider,51,Scenario,5
ID,19,Time,1617.992,DronePosition,-20.40468,45,-107.379,0,CameraPosition,-103.2151,1.682404,-107.5267,CameraRotation,353.256,268.9966,1.351955,CurrentState,End,Slider,51,Scenario,5
ID,19,Time,1618.006,DronePosition,-20.40468,45,-107.379,0,CameraPosition,-103.2153,1.682573,-107.5253,CameraRotation,353.2461,268.8134,1.34305,CurrentState,End,Slider,51,Scenario,5
ID,19,Time,1618.02,DronePosition,-20.40468,45,-107.379,0,CameraPosition,-103.2154,1.682676,-107.5237,CameraRotation,353.2399,268.7031,1.327015,CurrentState,End,Slider,51,Scenario,5
ID,19,Time,1618.034,DronePosition,-20.40468,45,-107.379,0,CameraPosition,-103.2155,1.682731,-107.5222,CameraRotation,353.2301,268.6889,1.272461,CurrentState,End,Slider,51,Scenario,5
ID,19,Time,1618.048,DronePosition,-20.40468,45,-107.379,0,CameraPosition,-103.2156,1.682846,-107.5206,CameraRotation,353.1816,268.7298,1.229381,CurrentState,End,Slider,51,Scenario,5
ID,19,Time,1618.062,DronePosition,-20.40468,45,-107.379,0,CameraPosition,-103.2158,1.68306,-107.5191,CameraRotation,353.0575,268.8005,1.226774,CurrentState,End,Slider,51,Scenario,5
ID,19,Time,1618.076,DronePosition,-20.40468,45,-107.379,0,CameraPosition,-103.2158,1.683345,-107.5176,CameraRotation,352.8618,268.8891,1.249722,CurrentState,End,Slider,51,Scenario,5
ID,19,Time,1618.089,DronePosition,-20.40468,45,-107.379,0,CameraPosition,-103.2157,1.683652,-107.5161,CameraRotation,352.6734,268.9804,1.299363,CurrentState,End,Slider,51,Scenario,5
ID,19,Time,1618.104,DronePosition,-20.40468,45,-107.379,0,CameraPosition,-103.2156,1.683923,-107.5147,CameraRotation,352.4695,269.093,1.39322,CurrentState,End,Slider,51,Scenario,5
ID,19,Time,1618.118,DronePosition,-20.40468,45,-107.379,0,CameraPosition,-103.2154,1.684171,-107.5133,CameraRotation,352.3057,269.2056,1.430755,CurrentState,End,Slider,51,Scenario,5
ID,19,Time,1618.132,DronePosition,-20.40468,45,-107.379,0,CameraPosition,-103.2153,1.684366,-107.5119,CameraRotation,352.1819,269.2789,1.420585,CurrentState,End,Slider,51,Scenario,5
ID,19,Time,1618.146,DronePosition,-20.40468,45,-107.379,0,CameraPosition,-103.2151,1.684476,-107.5107,CameraRotation,352.1014,269.3217,1.388753,CurrentState,End,Slider,51,Scenario,5
ID,19,Time,1618.159,DronePosition,-20.40468,45,-107.379,0,CameraPosition,-103.2148,1.684425,-107.5095,CameraRotation,352.0805,269.3325,1.360486,CurrentState,End,Slider,51,Scenario,5
ID,19,Time,1618.178,DronePosition,-20.40468,45,-107.379,0,CameraPosition,-103.2144,1.684355,-107.5083,CameraRotation,352.0974,269.3184,1.349496,CurrentState,End,Slider,51,Scenario,5
ID,19,Time,1618.201,DronePosition,-20.40468,45,-107.379,0,CameraPosition,-103.2135,1.684178,-107.5062,CameraRotation,352.1713,269.2328,1.188354,CurrentState,End,Slider,51,Scenario,5
ID,19,Time,1618.215,DronePosition,-20.40468,45,-107.379,0,CameraPosition,-103.2131,1.684079,-107.5052,CameraRotation,352.285,269.1818,1.041109,CurrentState,End,Slider,51,Scenario,5
ID,19,Time,1618.229,DronePosition,-20.40468,45,-107.379,0,CameraPosition,-103.2126,1.683928,-107.5042,CameraRotation,352.4232,269.1524,0.9300884,CurrentState,End,Slider,51,Scenario,5
ID,19,Time,1618.243,DronePosition,-20.40468,45,-107.379,0,CameraPosition,-103.212,1.683707,-107.5033,CameraRotation,352.624,269.1571,0.8671038,CurrentState,End,Slider,51,Scenario,5
ID,19,Time,1618.257,DronePosition,-20.40468,45,-107.379,0,CameraPosition,-103.2114,1.683451,-107.5024,CameraRotation,352.8394,269.1849,0.8360897,CurrentState,End,Slider,51,Scenario,5
ID,19,Time,1618.27,DronePosition,-20.40468,45,-107.379,0,CameraPosition,-103.2108,1.683129,-107.5015,CameraRotation,353.0847,269.2557,0.8211831,CurrentState,End,Slider,51,Scenario,5
ID,19,Time,1618.285,DronePosition,-20.40468,45,-107.379,0,CameraPosition,-103.2102,1.682809,-107.5006,CameraRotation,353.3691,269.3402,0.8175134,CurrentState,End,Slider,51,Scenario,5
ID,19,Time,1618.298,DronePosition,-20.40468,45,-107.379,0,CameraPosition,-103.2097,1.682492,-107.4998,CameraRotation,353.6441,269.4329,0.8327283,CurrentState,End,Slider,51,Scenario,5
ID,19,Time,1618.312,DronePosition,-20.40468,45,-107.379,0,CameraPosition,-103.2091,1.682165,-107.4991,CameraRotation,353.8971,269.5354,0.8757034,CurrentState,End,Slider,51,Scenario,5
ID,19,Time,1618.326,DronePosition,-20.40468,45,-107.379,0,CameraPosition,-103.2085,1.681862,-107.4985,CameraRotation,354.1295,269.6611,0.9071817,CurrentState,End,Slider,51,Scenario,5
ID,19,Time,1618.34,DronePosition,-20.40468,45,-107.379,0,CameraPosition,-103.2078,1.681593,-107.4978,CameraRotation,354.3629,269.7851,0.9241918,CurrentState,End,Slider,51,Scenario,5
ID,19,Time,1618.354,DronePosition,-20.40468,45,-107.379,0,CameraPosition,-103.2072,1.681303,-107.4973,CameraRotation,354.5731,269.9256,0.9474095,CurrentState,End,Slider,51,Scenario,5
ID,19,Time,1618.368,DronePosition,-20.40468,45,-107.379,0,CameraPosition,-103.2066,1.681033,-107.4967,CameraRotation,354.7839,270.0737,0.9655162,CurrentState,End,Slider,51,Scenario,5
ID,19,Time,1618.387,DronePosition,-20.40468,45,-107.379,0,CameraPosition,-103.206,1.680754,-107.4962,CameraRotation,354.978,270.2112,1.022512,CurrentState,End,Slider,51,Scenario,5
ID,19,Time,1618.409,DronePosition,-20.40468,45,-107.379,0,CameraPosition,-103.2048,1.68031,-107.4953,CameraRotation,355.2256,270.5172,1.086001,CurrentState,End,Slider,51,Scenario,5
ID,19,Time,1618.423,DronePosition,-20.40468,45,-107.379,0,CameraPosition,-103.2041,1.680161,-107.4949,CameraRotation,355.2739,270.694,1.090858,CurrentState,End,Slider,51,Scenario,5
ID,19,Time,1618.437,DronePosition,-20.40468,45,-107.379,0,CameraPosition,-103.2035,1.680053,-107.4945,CameraRotation,355.3121,270.8696,1.088016,CurrentState,End,Slider,51,Scenario,5
ID,19,Time,1618.452,DronePosition,-20.40468,45,-107.379,0,CameraPosition,-103.2029,1.680042,-107.4941,CameraRotation,355.334,271.0421,1.07687,CurrentState,End,Slider,51,Scenario,5
ID,19,Time,1618.465,DronePosition,-20.40468,45,-107.379,0,CameraPosition,-103.2024,1.680088,-107.4938,CameraRotation,355.363,271.2282,1.090075,CurrentState,End,Slider,51,Scenario,5
ID,19,Time,1618.479,DronePosition,-20.40468,45,-107.379,0,CameraPosition,-103.2018,1.680141,-107.4935,CameraRotation,355.3834,271.4146,1.120527,CurrentState,End,Slider,51,Scenario,5
ID,19,Time,1618.493,DronePosition,-20.40468,45,-107.379,0,CameraPosition,-103.2011,1.680156,-107.4932,CameraRotation,355.4597,271.5999,1.161874,CurrentState,End,Slider,51,Scenario,5
ID,19,Time,1618.507,DronePosition,-20.40468,45,-107.379,0,CameraPosition,-103.2004,1.680248,-107.4929,CameraRotation,355.707,271.7756,1.253517,CurrentState,End,Slider,51,Scenario,5
ID,19,Time,1618.521,DronePosition,-20.40468,45,-107.379,0,CameraPosition,-103.1996,1.68032,-107.4926,CameraRotation,356.0211,271.9335,1.392954,CurrentState,End,Slider,51,Scenario,5
ID,19,Time,1618.536,DronePosition,-20.40468,45,-107.379,0,CameraPosition,-103.1986,1.680212,-107.4923,CameraRotation,356.5032,272.1052,1.485689,CurrentState,End,Slider,51,Scenario,5
ID,19,Time,1618.55,DronePosition,-20.40468,45,-107.379,0,CameraPosition,-103.1973,1.679716,-107.4919,CameraRotation,357.127,272.3403,1.410004,CurrentState,End,Slider,51,Scenario,5
ID,19,Time,1618.563,DronePosition,-20.40468,45,-107.379,0,CameraPosition,-103.196,1.679047,-107.4915,CameraRotation,357.7996,272.6362,1.253386,CurrentState,End,Slider,51,Scenario,5
ID,19,Time,1618.577,DronePosition,-20.40468,45,-107.379,0,CameraPosition,-103.1945,1.678137,-107.491,CameraRotation,358.5667,273.0881,1.049754,CurrentState,End,Slider,51,Scenario,5
ID,19,Time,1618.596,DronePosition,-20.40468,45,-107.379,0,CameraPosition,-103.1932,1.677186,-107.4904,CameraRotation,359.2652,273.682,0.9245774,CurrentState,End,Slider,51,Scenario,5
ID,19,Time,1618.619,DronePosition,-20.40468,45,-107.379,0,CameraPosition,-103.191,1.675336,-107.4891,CameraRotation,0.4834542,275.0225,0.9429398,CurrentState,End,Slider,51,Scenario,5
ID,19,Time,1618.632,DronePosition,-20.40468,45,-107.379,0,CameraPosition,-103.1901,1.674465,-107.4886,CameraRotation,1.049438,275.6672,0.9853992,CurrentState,End,Slider,51,Scenario,5
ID,19,Time,1618.646,DronePosition,-20.40468,45,-107.379,0,CameraPosition,-103.1893,1.673665,-107.4881,CameraRotation,1.519788,276.3199,1.025634,CurrentState,End,Slider,51,Scenario,5
ID,19,Time,1618.66,DronePosition,-20.40468,45,-107.379,0,CameraPosition,-103.1887,1.672908,-107.4877,CameraRotation,1.890772,276.9195,1.055875,CurrentState,End,Slider,51,Scenario,5
ID,19,Time,1618.674,DronePosition,-20.40468,45,-107.379,0,CameraPosition,-103.1883,1.672127,-107.4874,CameraRotation,2.163004,277.4601,1.056951,CurrentState,End,Slider,51,Scenario,5
ID,19,Time,1618.688,DronePosition,-20.40468,45,-107.379,0,CameraPosition,-103.1879,1.67143,-107.4872,CameraRotation,2.342066,277.9445,1.065547,CurrentState,End,Slider,51,Scenario,5
ID,19,Time,1618.703,DronePosition,-20.40468,45,-107.379,0,CameraPosition,-103.1876,1.670964,-107.4871,CameraRotation,2.423677,278.3615,1.101409,CurrentState,End,Slider,51,Scenario,5
ID,19,Time,1618.716,DronePosition,-20.40468,45,-107.379,0,CameraPosition,-103.1875,1.67086,-107.4872,CameraRotation,2.312022,278.6349,1.142105,CurrentState,End,Slider,51,Scenario,5
ID,19,Time,1618.73,DronePosition,-20.40468,45,-107.379,0,CameraPosition,-103.1872,1.670871,-107.4874,CameraRotation,2.213648,278.8266,1.162456,CurrentState,End,Slider,51,Scenario,5
ID,19,Time,1618.744,DronePosition,-20.40468,45,-107.379,0,CameraPosition,-103.1871,1.671043,-107.4878,CameraRotation,2.105029,278.9058,1.151225,CurrentState,End,Slider,51,Scenario,5
ID,19,Time,1618.759,DronePosition,-20.40468,45,-107.379,0,CameraPosition,-103.1869,1.671299,-107.4883,CameraRotation,1.982641,278.9056,1.110826,CurrentState,End,Slider,51,Scenario,5
ID,19,Time,1618.772,DronePosition,-20.40468,45,-107.379,0,CameraPosition,-103.1868,1.671567,-107.4889,CameraRotation,1.873729,278.8952,1.031961,CurrentState,End,Slider,51,Scenario,5
ID,19,Time,1618.786,DronePosition,-20.40468,45,-107.379,0,CameraPosition,-103.1866,1.671929,-107.4897,CameraRotation,1.716137,278.8528,0.9256452,CurrentState,End,Slider,51,Scenario,5
ID,19,Time,1618.805,DronePosition,-20.40468,45,-107.379,0,CameraPosition,-103.1864,1.672341,-107.4904,CameraRotation,1.491363,278.7772,0.8483095,CurrentState,End,Slider,51,Scenario,5
ID,19,Time,1618.827,DronePosition,-20.40468,45,-107.379,0,CameraPosition,-103.186,1.67324,-107.4919,CameraRotation,0.9184985,278.696,0.8834707,CurrentState,End,Slider,51,Scenario,5
ID,19,Time,1618.841,DronePosition,-20.40468,45,-107.379,0,CameraPosition,-103.1859,1.673763,-107.4927,CameraRotation,0.5851026,278.6508,0.9875936,CurrentState,End,Slider,51,Scenario,5
ID,19,Time,1618.855,DronePosition,-20.40468,45,-107.379,0,CameraPosition,-103.1859,1.674194,-107.4935,CameraRotation,0.296232,278.6061,1.100498,CurrentState,End,Slider,51,Scenario,5
ID,19,Time,1618.869,DronePosition,-20.40468,45,-107.379,0,CameraPosition,-103.1857,1.674554,-107.4944,CameraRotation,0.06801659,278.5647,1.187815,CurrentState,End,Slider,51,Scenario,5
ID,19,Time,1618.883,DronePosition,-20.40468,45,-107.379,0,CameraPosition,-103.1855,1.674853,-107.4952,CameraRotation,359.8756,278.5261,1.282191,CurrentState,End,Slider,51,Scenario,5
ID,19,Time,1618.897,DronePosition,-20.40468,45,-107.379,0,CameraPosition,-103.1854,1.675131,-107.4961,CameraRotation,359.7127,278.4986,1.381221,CurrentState,End,Slider,51,Scenario,5
ID,19,Time,1618.911,DronePosition,-20.40468,45,-107.379,0,CameraPosition,-103.1852,1.675424,-107.4969,CameraRotation,359.5475,278.4752,1.465815,CurrentState,End,Slider,51,Scenario,5
ID,19,Time,1618.925,DronePosition,-20.40468,45,-107.379,0,CameraPosition,-103.1852,1.675772,-107.4977,CameraRotation,359.3503,278.4457,1.542845,CurrentState,End,Slider,51,Scenario,5
ID,19,Time,1618.939,DronePosition,-20.40468,45,-107.379,0,CameraPosition,-103.1852,1.676129,-107.4985,CameraRotation,359.1388,278.4137,1.640907,CurrentState,End,Slider,51,Scenario,5
ID,19,Time,1618.953,DronePosition,-20.40468,45,-107.379,0,CameraPosition,-103.1853,1.676455,-107.4992,CameraRotation,358.9634,278.3866,1.736851,CurrentState,End,Slider,51,Scenario,5
ID,19,Time,1618.967,DronePosition,-20.40468,45,-107.379,0,CameraPosition,-103.1853,1.676685,-107.5,CameraRotation,358.806,278.3478,1.812046,CurrentState,End,Slider,51,Scenario,5
ID,19,Time,1618.981,DronePosition,-20.40468,45,-107.379,0,CameraPosition,-103.1854,1.676818,-107.5008,CameraRotation,358.6962,278.2766,1.842679,CurrentState,End,Slider,51,Scenario,5
ID,19,Time,1618.995,DronePosition,-20.40468,45,-107.379,0,CameraPosition,-103.1855,1.676945,-107.5016,CameraRotation,358.5417,278.1882,1.879112,CurrentState,End,Slider,51,Scenario,5
ID,19,Time,1619.014,DronePosition,-20.40468,45,-107.379,0,CameraPosition,-103.1856,1.677229,-107.5025,CameraRotation,358.345,278.0732,1.919878,CurrentState,End,Slider,51,Scenario,5
ID,19,Time,1619.036,DronePosition,-20.40468,45,-107.379,0,CameraPosition,-103.186,1.678077,-107.5044,CameraRotation,357.786,277.7474,2.023565,CurrentState,End,Slider,51,Scenario,5
ID,19,Time,1619.05,DronePosition,-20.40468,45,-107.379,0,CameraPosition,-103.1862,1.678567,-107.5053,CameraRotation,357.5205,277.537,2.066304,CurrentState,End,Slider,51,Scenario,5
ID,19,Time,1619.064,DronePosition,-20.40468,45,-107.379,0,CameraPosition,-103.1865,1.679028,-107.5063,CameraRotation,357.2462,277.299,2.117104,CurrentState,End,Slider,51,Scenario,5
ID,19,Time,1619.078,DronePosition,-20.40468,45,-107.379,0,CameraPosition,-103.1868,1.679492,-107.5073,CameraRotation,357.0033,277.0435,2.175693,CurrentState,End,Slider,51,Scenario,5
ID,19,Time,1619.092,DronePosition,-20.40468,45,-107.379,0,CameraPosition,-103.1871,1.67994,-107.5083,CameraRotation,356.7849,276.7818,2.205149,CurrentState,End,Slider,51,Scenario,5
ID,19,Time,1619.106,DronePosition,-20.40468,45,-107.379,0,CameraPosition,-103.1875,1.680315,-107.5093,CameraRotation,356.6397,276.4959,2.195584,CurrentState,End,Slider,51,Scenario,5
ID,19,Time,1619.12,DronePosition,-20.40468,45,-107.379,0,CameraPosition,-103.1878,1.680487,-107.5104,CameraRotation,356.5771,276.1951,2.141052,CurrentState,End,Slider,51,Scenario,5
ID,19,Time,1619.134,DronePosition,-20.40468,45,-107.379,0,CameraPosition,-103.1881,1.680508,-107.5115,CameraRotation,356.5703,275.9074,2.096564,CurrentState,End,Slider,51,Scenario,5
ID,19,Time,1619.148,DronePosition,-20.40468,45,-107.379,0,CameraPosition,-103.1884,1.680274,-107.5126,CameraRotation,356.7431,275.6249,2.023834,CurrentState,End,Slider,51,Scenario,5
ID,19,Time,1619.162,DronePosition,-20.40468,45,-107.379,0,CameraPosition,-103.1888,1.679972,-107.5137,CameraRotation,356.9668,275.3518,1.971781,CurrentState,End,Slider,51,Scenario,5
ID,19,Time,1619.175,DronePosition,-20.40468,45,-107.379,0,CameraPosition,-103.1892,1.679685,-107.5148,CameraRotation,357.2227,275.0874,1.954322,CurrentState,End,Slider,51,Scenario,5
ID,19,Time,1619.19,DronePosition,-20.40468,45,-107.379,0,CameraPosition,-103.1897,1.679243,-107.5158,CameraRotation,357.5539,274.8051,1.984233,CurrentState,End,Slider,51,Scenario,5
ID,19,Time,1619.204,DronePosition,-20.40468,45,-107.379,0,CameraPosition,-103.1901,1.678715,-107.5168,CameraRotation,357.894,274.5493,2.053886,CurrentState,End,Slider,51,Scenario,5
ID,19,Time,1619.222,DronePosition,-20.40468,45,-107.379,0,CameraPosition,-103.1905,1.678252,-107.5178,CameraRotation,358.186,274.3337,2.10602,CurrentState,End,Slider,51,Scenario,5
ID,19,Time,1619.245,DronePosition,-20.40468,45,-107.379,0,CameraPosition,-103.1915,1.67753,-107.5198,CameraRotation,358.6049,274.0033,2.204911,CurrentState,End,Slider,51,Scenario,5
ID,19,Time,1619.259,DronePosition,-20.40468,45,-107.379,0,CameraPosition,-103.1921,1.677334,-107.5208,CameraRotation,358.7165,273.8653,2.251748,CurrentState,End,Slider,51,Scenario,5
ID,19,Time,1619.273,DronePosition,-20.40468,45,-107.379,0,CameraPosition,-103.1926,1.677205,-107.5218,CameraRotation,358.7334,273.7262,2.330598,CurrentState,End,Slider,51,Scenario,5
ID,19,Time,1619.287,DronePosition,-20.40468,45,-107.379,0,CameraPosition,-103.1931,1.677227,-107.5229,CameraRotation,358.6769,273.5919,2.443099,CurrentState,End,Slider,51,Scenario,5
ID,19,Time,1619.301,DronePosition,-20.40468,45,-107.379,0,CameraPosition,-103.1936,1.677383,-107.524,CameraRotation,358.498,273.4522,2.601236,CurrentState,End,Slider,51,Scenario,5
ID,19,Time,1619.315,DronePosition,-20.40468,45,-107.379,0,CameraPosition,-103.1942,1.677597,-107.5251,CameraRotation,358.328,273.2969,2.732856,CurrentState,End,Slider,51,Scenario,5
ID,19,Time,1619.329,DronePosition,-20.40468,45,-107.379,0,CameraPosition,-103.1948,1.677814,-107.5263,CameraRotation,358.1713,273.1331,2.84604,CurrentState,End,Slider,51,Scenario,5
ID,19,Time,1619.343,DronePosition,-20.40468,45,-107.379,0,CameraPosition,-103.1954,1.677969,-107.5276,CameraRotation,358.0589,272.9658,2.946468,CurrentState,End,Slider,51,Scenario,5
ID,19,Time,1619.357,DronePosition,-20.40468,45,-107.379,0,CameraPosition,-103.1959,1.678106,-107.5289,CameraRotation,357.9592,272.7786,3.043558,CurrentState,End,Slider,51,Scenario,5
ID,19,Time,1619.371,DronePosition,-20.40468,45,-107.379,0,CameraPosition,-103.1964,1.678225,-107.5303,CameraRotation,357.9167,272.5374,3.169802,CurrentState,End,Slider,51,Scenario,5
ID,19,Time,1619.385,DronePosition,-20.40468,45,-107.379,0,CameraPosition,-103.197,1.67831,-107.5316,CameraRotation,357.9144,272.278,3.31431,CurrentState,End,Slider,51,Scenario,5
ID,19,Time,1619.4,DronePosition,-20.40468,45,-107.379,0,CameraPosition,-103.1976,1.678343,-107.5329,CameraRotation,357.9502,271.9927,3.462435,CurrentState,End,Slider,51,Scenario,5
ID,19,Time,1619.412,DronePosition,-20.40468,45,-107.379,0,CameraPosition,-103.1982,1.678262,-107.5341,CameraRotation,358.0443,271.7039,3.586958,CurrentState,End,Slider,51,Scenario,5
ID,19,Time,1619.431,DronePosition,-20.40468,45,-107.379,0,CameraPosition,-103.1988,1.678059,-107.5353,CameraRotation,358.1513,271.4051,3.687945,CurrentState,End,Slider,51,Scenario,5
ID,19,Time,1619.454,DronePosition,-20.40468,45,-107.379,0,CameraPosition,-103.2,1.677474,-107.5378,CameraRotation,358.3373,270.7299,3.913632,CurrentState,End,Slider,51,Scenario,5
ID,19,Time,1619.468,DronePosition,-20.40468,45,-107.379,0,CameraPosition,-103.2007,1.677398,-107.539,CameraRotation,358.3086,270.3397,4.062731,CurrentState,End,Slider,51,Scenario,5
ID,19,Time,1619.482,DronePosition,-20.40468,45,-107.379,0,CameraPosition,-103.2016,1.677445,-107.5401,CameraRotation,358.2683,269.936,4.185043,CurrentState,End,Slider,51,Scenario,5
ID,19,Time,1619.496,DronePosition,-20.40468,45,-107.379,0,CameraPosition,-103.2024,1.677437,-107.5414,CameraRotation,358.2497,269.562,4.228624,CurrentState,End,Slider,51,Scenario,5
ID,19,Time,1619.509,DronePosition,-20.40468,45,-107.379,0,CameraPosition,-103.2031,1.677252,-107.5425,CameraRotation,358.3117,269.179,4.205631,CurrentState,End,Slider,51,Scenario,5
ID,19,Time,1619.523,DronePosition,-20.40468,45,-107.379,0,CameraPosition,-103.2037,1.676953,-107.5437,CameraRotation,358.443,268.8166,4.167973,CurrentState,End,Slider,51,Scenario,5
ID,19,Time,1619.538,DronePosition,-20.40468,45,-107.379,0,CameraPosition,-103.2042,1.676694,-107.5447,CameraRotation,358.5258,268.449,4.153017,CurrentState,End,Slider,51,Scenario,5
ID,19,Time,1619.552,DronePosition,-20.40468,45,-107.379,0,CameraPosition,-103.2047,1.676614,-107.5458,CameraRotation,358.5216,268.1043,4.177299,CurrentState,End,Slider,51,Scenario,5
ID,19,Time,1619.566,DronePosition,-20.40468,45,-107.379,0,CameraPosition,-103.2052,1.676686,-107.5468,CameraRotation,358.4693,267.778,4.178338,CurrentState,End,Slider,51,Scenario,5
ID,19,Time,1619.579,DronePosition,-20.40468,45,-107.379,0,CameraPosition,-103.2058,1.676777,-107.5477,CameraRotation,358.4328,267.4796,4.175605,CurrentState,End,Slider,51,Scenario,5
ID,19,Time,1619.594,DronePosition,-20.40468,45,-107.379,0,CameraPosition,-103.2062,1.676785,-107.5486,CameraRotation,358.4414,267.2267,4.192994,CurrentState,End,Slider,51,Scenario,5
ID,19,Time,1619.607,DronePosition,-20.40468,45,-107.379,0,CameraPosition,-103.2065,1.676748,-107.5494,CameraRotation,358.4664,266.9932,4.211481,CurrentState,End,Slider,51,Scenario,5
ID,19,Time,1619.621,DronePosition,-20.40468,45,-107.379,0,CameraPosition,-103.2067,1.676692,-107.5502,CameraRotation,358.4711,266.7986,4.201576,CurrentState,End,Slider,51,Scenario,5
ID,19,Time,1619.64,DronePosition,-20.40468,45,-107.379,0,CameraPosition,-103.207,1.676588,-107.551,CameraRotation,358.5028,266.6002,4.181204,CurrentState,End,Slider,51,Scenario,5
ID,19,Time,1619.663,DronePosition,-20.40468,45,-107.379,0,CameraPosition,-103.2073,1.676123,-107.5524,CameraRotation,358.7029,266.2833,4.11559,CurrentState,End,Slider,51,Scenario,5
ID,19,Time,1619.676,DronePosition,-20.40468,45,-107.379,0,CameraPosition,-103.2073,1.67589,-107.553,CameraRotation,358.8178,266.1353,4.134782,CurrentState,End,Slider,51,Scenario,5
ID,19,Time,1619.69,DronePosition,-20.40468,45,-107.379,0,CameraPosition,-103.2073,1.67573,-107.5536,CameraRotation,358.9026,265.9698,4.164718,CurrentState,End,Slider,51,Scenario,5
ID,19,Time,1619.705,DronePosition,-20.40468,45,-107.379,0,CameraPosition,-103.2072,1.675612,-107.5541,CameraRotation,358.9708,265.7995,4.1909,CurrentState,End,Slider,51,Scenario,5
ID,19,Time,1619.718,DronePosition,-20.40468,45,-107.379,0,CameraPosition,-103.2071,1.675571,-107.5546,CameraRotation,359.0389,265.6342,4.187944,CurrentState,End,Slider,51,Scenario,5
ID,19,Time,1619.732,DronePosition,-20.40468,45,-107.379,0,CameraPosition,-103.2071,1.675582,-107.555,CameraRotation,359.0935,265.485,4.161665,CurrentState,End,Slider,51,Scenario,5
ID,19,Time,1619.747,DronePosition,-20.40468,45,-107.379,0,CameraPosition,-103.2071,1.675654,-107.5553,CameraRotation,359.1076,265.3438,4.130873,CurrentState,End,Slider,51,Scenario,5
ID,19,Time,1619.76,DronePosition,-20.40468,45,-107.379,0,CameraPosition,-103.207,1.675738,-107.5557,CameraRotation,359.0953,265.218,4.09554,CurrentState,End,Slider,51,Scenario,5
ID,19,Time,1619.774,DronePosition,-20.40468,45,-107.379,0,CameraPosition,-103.2069,1.675858,-107.5559,CameraRotation,359.0511,265.1095,4.08011,CurrentState,End,Slider,51,Scenario,5
ID,19,Time,1619.788,DronePosition,-20.40468,45,-107.379,0,CameraPosition,-103.2069,1.675939,-107.5562,CameraRotation,358.9921,265.0058,4.030456,CurrentState,End,Slider,51,Scenario,5
ID,19,Time,1619.802,DronePosition,-20.40468,45,-107.379,0,CameraPosition,-103.2069,1.675952,-107.5563,CameraRotation,358.9963,264.9373,3.99114,CurrentState,End,Slider,51,Scenario,5
ID,19,Time,1619.816,DronePosition,-20.40468,45,-107.379,0,CameraPosition,-103.2069,1.67588,-107.5563,CameraRotation,359.0209,264.8777,3.983774,CurrentState,End,Slider,51,Scenario,5
ID,19,Time,1619.83,DronePosition,-20.40468,45,-107.379,0,CameraPosition,-103.2069,1.675788,-107.5562,CameraRotation,359.0254,264.8554,3.99398,CurrentState,End,Slider,51,Scenario,5
ID,19,Time,1619.849,DronePosition,-20.40468,45,-107.379,0,CameraPosition,-103.2068,1.67579,-107.5561,CameraRotation,358.9896,264.8379,4.007852,CurrentState,End,Slider,51,Scenario,5
ID,19,Time,1619.871,DronePosition,-20.40468,45,-107.379,0,CameraPosition,-103.2068,1.675899,-107.5559,CameraRotation,358.8278,264.8431,4.026091,CurrentState,End,Slider,51,Scenario,5
ID,19,Time,1619.885,DronePosition,-20.40468,45,-107.379,0,CameraPosition,-103.2069,1.675886,-107.5557,CameraRotation,358.8286,264.8777,3.988841,CurrentState,End,Slider,51,Scenario,5
ID,19,Time,1619.899,DronePosition,-20.40468,45,-107.379,0,CameraPosition,-103.2071,1.676011,-107.5555,CameraRotation,358.7337,264.8911,3.915533,CurrentState,End,Slider,51,Scenario,5
ID,19,Time,1619.913,DronePosition,-20.40468,45,-107.379,0,CameraPosition,-103.2072,1.676429,-107.5553,CameraRotation,358.4026,264.8206,3.936175,CurrentState,End,Slider,51,Scenario,5
ID,19,Time,1619.927,DronePosition,-20.40468,45,-107.379,0,CameraPosition,-103.2073,1.677086,-107.5552,CameraRotation,357.9221,264.6596,4.020098,CurrentState,End,Slider,51,Scenario,5
ID,19,Time,1619.941,DronePosition,-20.40468,45,-107.379,0,CameraPosition,-103.2073,1.677805,-107.5551,CameraRotation,357.3869,264.4266,4.052668,CurrentState,End,Slider,51,Scenario,5
ID,19,Time,1619.955,DronePosition,-20.40468,45,-107.379,0,CameraPosition,-103.2073,1.67827,-107.5551,CameraRotation,357.0573,264.19,3.97148,CurrentState,End,Slider,51,Scenario,5
ID,19,Time,1619.969,DronePosition,-20.40468,45,-107.379,0,CameraPosition,-103.2072,1.67853,-107.5551,CameraRotation,356.937,263.9975,3.885848,CurrentState,End,Slider,51,Scenario,5
ID,19,Time,1619.983,DronePosition,-20.40468,45,-107.379,0,CameraPosition,-103.2071,1.678646,-107.555,CameraRotation,356.8605,263.8345,3.80465,CurrentState,End,Slider,51,Scenario,5
ID,19,Time,1619.997,DronePosition,-20.40468,45,-107.379,0,CameraPosition,-103.2069,1.678774,-107.555,CameraRotation,356.7754,263.6425,3.779369,CurrentState,End,Slider,51,Scenario,5
ID,19,Time,1620.011,DronePosition,-20.40468,45,-107.379,0,CameraPosition,-103.2067,1.678921,-107.5549,CameraRotation,356.6543,263.4328,3.812393,CurrentState,End,Slider,51,Scenario,5
ID,19,Time,1620.025,DronePosition,-20.40468,45,-107.379,0,CameraPosition,-103.2065,1.679021,-107.5548,CameraRotation,356.5574,263.2562,3.864472,CurrentState,End,Slider,51,Scenario,5
ID,19,Time,1620.039,DronePosition,-20.40468,45,-107.379,0,CameraPosition,-103.2064,1.679129,-107.5546,CameraRotation,356.507,263.1123,3.885019,CurrentState,End,Slider,51,Scenario,5
ID,19,Time,1620.058,DronePosition,-20.40468,45,-107.379,0,CameraPosition,-103.2063,1.679199,-107.5544,CameraRotation,356.4605,263.0005,3.909759,CurrentState,End,Slider,51,Scenario,5
ID,19,Time,1620.08,DronePosition,-20.40468,45,-107.379,0,CameraPosition,-103.2063,1.679275,-107.5539,CameraRotation,356.4481,262.8859,3.94943,CurrentState,End,Slider,51,Scenario,5
ID,19,Time,1620.094,DronePosition,-20.40468,45,-107.379,0,CameraPosition,-103.2064,1.679277,-107.5535,CameraRotation,356.4238,262.8778,3.965737,CurrentState,End,Slider,51,Scenario,5
ID,19,Time,1620.108,DronePosition,-20.40468,45,-107.379,0,CameraPosition,-103.2065,1.679221,-107.5531,CameraRotation,356.4443,262.9034,3.978364,CurrentState,End,Slider,51,Scenario,5
ID,19,Time,1620.122,DronePosition,-20.40468,45,-107.379,0,CameraPosition,-103.2067,1.679111,-107.5527,CameraRotation,356.4843,262.9575,3.975312,CurrentState,End,Slider,51,Scenario,5
ID,19,Time,1620.136,DronePosition,-20.40468,45,-107.379,0,CameraPosition,-103.2069,1.679037,-107.5522,CameraRotation,356.5236,263.0177,3.944687,CurrentState,End,Slider,51,Scenario,5
ID,19,Time,1620.15,DronePosition,-20.40468,45,-107.379,0,CameraPosition,-103.2072,1.678969,-107.5516,CameraRotation,356.5462,263.1387,3.903381,CurrentState,End,Slider,51,Scenario,5
ID,19,Time,1620.164,DronePosition,-20.40468,45,-107.379,0,CameraPosition,-103.2075,1.678895,-107.551,CameraRotation,356.583,263.295,3.829283,CurrentState,End,Slider,51,Scenario,5
ID,19,Time,1620.178,DronePosition,-20.40468,45,-107.379,0,CameraPosition,-103.2079,1.678721,-107.5504,CameraRotation,356.7007,263.5131,3.730453,CurrentState,End,Slider,51,Scenario,5
ID,19,Time,1620.192,DronePosition,-20.40468,45,-107.379,0,CameraPosition,-103.2082,1.678483,-107.5497,CameraRotation,356.8532,263.7082,3.647763,CurrentState,End,Slider,51,Scenario,5
ID,19,Time,1620.206,DronePosition,-20.40468,45,-107.379,0,CameraPosition,-103.2087,1.678145,-107.549,CameraRotation,357.0548,263.9581,3.529062,CurrentState,End,Slider,51,Scenario,5
ID,19,Time,1620.22,DronePosition,-20.40468,45,-107.379,0,CameraPosition,-103.2092,1.677844,-107.5483,CameraRotation,357.1886,264.2017,3.403232,CurrentState,End,Slider,51,Scenario,5
ID,19,Time,1620.234,DronePosition,-20.40468,45,-107.379,0,CameraPosition,-103.2096,1.677641,-107.5476,CameraRotation,357.2635,264.4257,3.350474,CurrentState,End,Slider,51,Scenario,5
ID,19,Time,1620.248,DronePosition,-20.40468,45,-107.379,0,CameraPosition,-103.21,1.677483,-107.547,CameraRotation,357.2993,264.6392,3.321053,CurrentState,End,Slider,51,Scenario,5
ID,19,Time,1620.267,DronePosition,-20.40468,45,-107.379,0,CameraPosition,-103.2104,1.677358,-107.5463,CameraRotation,357.3549,264.8823,3.279598,CurrentState,End,Slider,51,Scenario,5
ID,19,Time,1620.289,DronePosition,-20.40468,45,-107.379,0,CameraPosition,-103.2112,1.677075,-107.5452,CameraRotation,357.4541,265.353,3.143016,CurrentState,End,Slider,51,Scenario,5
ID,19,Time,1620.303,DronePosition,-20.40468,45,-107.379,0,CameraPosition,-103.2116,1.677106,-107.5446,CameraRotation,357.3772,265.5516,3.094003,CurrentState,End,Slider,51,Scenario,5
ID,19,Time,1620.317,DronePosition,-20.40468,45,-107.379,0,CameraPosition,-103.212,1.677342,-107.5442,CameraRotation,357.1443,265.7285,3.072877,CurrentState,End,Slider,51,Scenario,5
ID,19,Time,1620.331,DronePosition,-20.40468,45,-107.379,0,CameraPosition,-103.2124,1.677679,-107.5438,CameraRotation,356.8549,265.8675,3.076949,CurrentState,End,Slider,51,Scenario,5
ID,19,Time,1620.345,DronePosition,-20.40468,45,-107.379,0,CameraPosition,-103.2127,1.678028,-107.5434,CameraRotation,356.5894,265.9879,3.06374,CurrentState,End,Slider,51,Scenario,5
ID,19,Time,1620.359,DronePosition,-20.40468,45,-107.379,0,CameraPosition,-103.2131,1.678364,-107.5431,CameraRotation,356.3669,266.1133,3.037687,CurrentState,End,Slider,51,Scenario,5
ID,19,Time,1620.373,DronePosition,-20.40468,45,-107.379,0,CameraPosition,-103.2134,1.678657,-107.5428,CameraRotation,356.2154,266.2281,3.015946,CurrentState,End,Slider,51,Scenario,5
ID,19,Time,1620.387,DronePosition,-20.40468,45,-107.379,0,CameraPosition,-103.2137,1.679009,-107.5426,CameraRotation,356.045,266.3188,2.968832,CurrentState,End,Slider,51,Scenario,5
ID,19,Time,1620.401,DronePosition,-20.40468,45,-107.379,0,CameraPosition,-103.2139,1.679476,-107.5423,CameraRotation,355.8386,266.3961,2.920991,CurrentState,End,Slider,51,Scenario,5
ID,19,Time,1620.417,DronePosition,-20.40468,45,-107.379,0,CameraPosition,-103.214,1.68001,-107.5421,CameraRotation,355.5897,266.4318,2.899694,CurrentState,End,Slider,51,Scenario,5
ID,19,Time,1620.429,DronePosition,-20.40468,45,-107.379,0,CameraPosition,-103.214,1.680444,-107.5418,CameraRotation,355.3914,266.4563,2.897587,CurrentState,End,Slider,51,Scenario,5
ID,19,Time,1620.442,DronePosition,-20.40468,45,-107.379,0,CameraPosition,-103.214,1.680691,-107.5415,CameraRotation,355.2668,266.4861,2.882951,CurrentState,End,Slider,51,Scenario,5
ID,19,Time,1620.456,DronePosition,-20.40468,45,-107.379,0,CameraPosition,-103.2139,1.680778,-107.5413,CameraRotation,355.2336,266.4932,2.843714,CurrentState,End,Slider,51,Scenario,5
ID,19,Time,1620.475,DronePosition,-20.40468,45,-107.379,0,CameraPosition,-103.2139,1.680824,-107.541,CameraRotation,355.2072,266.5069,2.828675,CurrentState,End,Slider,51,Scenario,5
ID,19,Time,1620.498,DronePosition,-20.40468,45,-107.379,0,CameraPosition,-103.214,1.68084,-107.5404,CameraRotation,355.1672,266.5223,2.817841,CurrentState,End,Slider,51,Scenario,5
ID,19,Time,1620.511,DronePosition,-20.40468,45,-107.379,0,CameraPosition,-103.2141,1.680794,-107.5401,CameraRotation,355.1888,266.5101,2.844073,CurrentState,End,Slider,51,Scenario,5
ID,19,Time,1620.526,DronePosition,-20.40468,45,-107.379,0,CameraPosition,-103.2143,1.680851,-107.5398,CameraRotation,355.1375,266.541,2.87142,CurrentState,End,Slider,51,Scenario,5
ID,19,Time,1620.539,DronePosition,-20.40468,45,-107.379,0,CameraPosition,-103.2147,1.680973,-107.5396,CameraRotation,355.0516,266.5717,2.878241,CurrentState,End,Slider,51,Scenario,5
ID,19,Time,1620.553,DronePosition,-20.40468,45,-107.379,0,CameraPosition,-103.2149,1.681059,-107.5393,CameraRotation,354.9899,266.597,2.899465,CurrentState,End,Slider,51,Scenario,5
ID,19,Time,1620.568,DronePosition,-20.40468,45,-107.379,0,CameraPosition,-103.2152,1.681032,-107.5391,CameraRotation,354.9352,266.6156,2.899623,CurrentState,End,Slider,51,Scenario,5
ID,19,Time,1620.582,DronePosition,-20.40468,45,-107.379,0,CameraPosition,-103.2154,1.680963,-107.5388,CameraRotation,354.9575,266.6412,2.886267,CurrentState,End,Slider,51,Scenario,5
ID,19,Time,1620.596,DronePosition,-20.40468,45,-107.379,0,CameraPosition,-103.2156,1.680844,-107.5386,CameraRotation,355.0198,266.6901,2.89423,CurrentState,End,Slider,51,Scenario,5
ID,19,Time,1620.609,DronePosition,-20.40468,45,-107.379,0,CameraPosition,-103.2159,1.680691,-107.5383,CameraRotation,355.1378,266.7337,2.909582,CurrentState,End,Slider,51,Scenario,5
ID,19,Time,1620.624,DronePosition,-20.40468,45,-107.379,0,CameraPosition,-103.2161,1.680606,-107.538,CameraRotation,355.1986,266.7653,2.934446,CurrentState,End,Slider,51,Scenario,5
ID,19,Time,1620.638,DronePosition,-20.40468,45,-107.379,0,CameraPosition,-103.2163,1.680589,-107.5378,CameraRotation,355.2212,266.8028,2.931713,CurrentState,End,Slider,51,Scenario,5
ID,19,Time,1620.651,DronePosition,-20.40468,45,-107.379,0,CameraPosition,-103.2165,1.680574,-107.5375,CameraRotation,355.1944,266.8455,2.883697,CurrentState,End,Slider,51,Scenario,5
ID,19,Time,1620.666,DronePosition,-20.40468,45,-107.379,0,CameraPosition,-103.2166,1.680548,-107.5373,CameraRotation,355.1916,266.8877,2.821724,CurrentState,End,Slider,51,Scenario,5
ID,19,Time,1620.684,DronePosition,-20.40468,45,-107.379,0,CameraPosition,-103.2168,1.680485,-107.5371,CameraRotation,355.2091,266.9261,2.769419,CurrentState,End,Slider,51,Scenario,5
ID,19,Time,1620.707,DronePosition,-20.40468,45,-107.379,0,CameraPosition,-103.2173,1.680597,-107.5367,CameraRotation,355.1311,267.0362,2.687143,CurrentState,End,Slider,51,Scenario,5
ID,19,Time,1620.721,DronePosition,-20.40468,45,-107.379,0,CameraPosition,-103.2174,1.680715,-107.5364,CameraRotation,355.0076,267.1021,2.628683,CurrentState,End,Slider,51,Scenario,5
ID,19,Time,1620.735,DronePosition,-20.40468,45,-107.379,0,CameraPosition,-103.2175,1.680854,-107.5362,CameraRotation,354.9032,267.1602,2.544716,CurrentState,End,Slider,51,Scenario,5
ID,19,Time,1620.748,DronePosition,-20.40468,45,-107.379,0,CameraPosition,-103.2176,1.680984,-107.536,CameraRotation,354.7861,267.2168,2.449335,CurrentState,End,Slider,51,Scenario,5
ID,19,Time,1620.763,DronePosition,-20.40468,45,-107.379,0,CameraPosition,-103.2177,1.68113,-107.5359,CameraRotation,354.6986,267.2579,2.384687,CurrentState,End,Slider,51,Scenario,5
ID,19,Time,1620.776,DronePosition,-20.40468,45,-107.379,0,CameraPosition,-103.2177,1.681264,-107.5357,CameraRotation,354.6291,267.2999,2.329344,CurrentState,End,Slider,51,Scenario,5
ID,19,Time,1620.791,DronePosition,-20.40468,45,-107.379,0,CameraPosition,-103.2178,1.681393,-107.5356,CameraRotation,354.5447,267.3388,2.274803,CurrentState,End,Slider,51,Scenario,5
ID,19,Time,1620.804,DronePosition,-20.40468,45,-107.379,0,CameraPosition,-103.2177,1.681557,-107.5354,CameraRotation,354.401,267.3696,2.239115,CurrentState,End,Slider,51,Scenario,5
ID,19,Time,1620.819,DronePosition,-20.40468,45,-107.379,0,CameraPosition,-103.2176,1.681808,-107.5352,CameraRotation,354.1989,267.3808,2.179567,CurrentState,End,Slider,51,Scenario,5
ID,19,Time,1620.833,DronePosition,-20.40468,45,-107.379,0,CameraPosition,-103.2175,1.682021,-107.535,CameraRotation,354.0063,267.3947,2.122545,CurrentState,End,Slider,51,Scenario,5
ID,19,Time,1620.847,DronePosition,-20.40468,45,-107.379,0,CameraPosition,-103.2174,1.682222,-107.5348,CameraRotation,353.8921,267.4041,2.055739,CurrentState,End,Slider,51,Scenario,5
ID,19,Time,1620.86,DronePosition,-20.40468,45,-107.379,0,CameraPosition,-103.2173,1.682281,-107.5347,CameraRotation,353.8021,267.4251,1.970011,CurrentState,End,Slider,51,Scenario,5
ID,19,Time,1620.874,DronePosition,-20.40468,45,-107.379,0,CameraPosition,-103.217,1.682253,-107.5345,CameraRotation,353.7941,267.4561,1.883869,CurrentState,End,Slider,51,Scenario,5
ID,19,Time,1620.893,DronePosition,-20.40468,45,-107.379,0,CameraPosition,-103.2167,1.6821,-107.5343,CameraRotation,353.8273,267.5192,1.80583,CurrentState,End,Slider,51,Scenario,5
ID,19,Time,1620.915,DronePosition,-20.40468,45,-107.379,0,CameraPosition,-103.216,1.681908,-107.5339,CameraRotation,353.8213,267.7444,1.701654,CurrentState,End,Slider,51,Scenario,5
ID,19,Time,1620.93,DronePosition,-20.40468,45,-107.379,0,CameraPosition,-103.2157,1.68198,-107.5338,CameraRotation,353.7177,267.856,1.719067,CurrentState,End,Slider,51,Scenario,5
ID,19,Time,1620.943,DronePosition,-20.40468,45,-107.379,0,CameraPosition,-103.2153,1.682087,-107.5338,CameraRotation,353.6248,267.9452,1.769122,CurrentState,End,Slider,51,Scenario,5
ID,19,Time,1620.957,DronePosition,-20.40468,45,-107.379,0,CameraPosition,-103.2149,1.682229,-107.5338,CameraRotation,353.5095,268.048,1.822137,CurrentState,End,Slider,51,Scenario,5
ID,19,Time,1620.971,DronePosition,-20.40468,45,-107.379,0,CameraPosition,-103.2144,1.682403,-107.5338,CameraRotation,353.377,268.1641,1.836884,CurrentState,End,Slider,51,Scenario,5
ID,19,Time,1620.985,DronePosition,-20.40468,45,-107.379,0,CameraPosition,-103.214,1.682583,-107.534,CameraRotation,353.2075,268.2608,1.812758,CurrentState,End,Slider,51,Scenario,5
ID,19,Time,1620.999,DronePosition,-20.40468,45,-107.379,0,CameraPosition,-103.2136,1.682851,-107.5341,CameraRotation,353.0203,268.3442,1.797058,CurrentState,End,Slider,51,Scenario,5
ID,19,Time,1621.013,DronePosition,-20.40468,45,-107.379,0,CameraPosition,-103.2132,1.683152,-107.5344,CameraRotation,352.82,268.4216,1.820082,CurrentState,End,Slider,51,Scenario,5
ID,19,Time,1621.027,DronePosition,-20.40468,45,-107.379,0,CameraPosition,-103.2127,1.683425,-107.5346,CameraRotation,352.6433,268.4839,1.846065,CurrentState,End,Slider,51,Scenario,5
ID,19,Time,1621.042,DronePosition,-20.40468,45,-107.379,0,CameraPosition,-103.2122,1.683667,-107.535,CameraRotation,352.4803,268.5252,1.886063,CurrentState,End,Slider,51,Scenario,5
ID,19,Time,1621.055,DronePosition,-20.40468,45,-107.379,0,CameraPosition,-103.2118,1.68381,-107.5353,CameraRotation,352.3563,268.5533,1.911719,CurrentState,End,Slider,51,Scenario,5
ID,19,Time,1621.069,DronePosition,-20.40468,45,-107.379,0,CameraPosition,-103.2113,1.68387,-107.5357,CameraRotation,352.2765,268.5755,1.920492,CurrentState,End,Slider,51,Scenario,5
ID,19,Time,1621.083,DronePosition,-20.40468,45,-107.379,0,CameraPosition,-103.2109,1.683863,-107.5362,CameraRotation,352.2709,268.589,1.910389,CurrentState,End,Slider,51,Scenario,5
ID,19,Time,1621.102,DronePosition,-20.40468,45,-107.379,0,CameraPosition,-103.2105,1.683851,-107.5367,CameraRotation,352.267,268.6076,1.900511,CurrentState,End,Slider,51,Scenario,5
ID,19,Time,1621.124,DronePosition,-20.40468,45,-107.379,0,CameraPosition,-103.2099,1.683885,-107.5377,CameraRotation,352.1838,268.6666,1.904966,CurrentState,End,Slider,51,Scenario,5
ID,19,Time,1621.138,DronePosition,-20.40468,45,-107.379,0,CameraPosition,-103.2097,1.683891,-107.5382,CameraRotation,352.1569,268.7036,1.904419,CurrentState,End,Slider,51,Scenario,5
ID,19,Time,1621.152,DronePosition,-20.40468,45,-107.379,0,CameraPosition,-103.2094,1.683857,-107.5388,CameraRotation,352.1638,268.7464,1.926479,CurrentState,End,Slider,51,Scenario,5
ID,19,Time,1621.166,DronePosition,-20.40468,45,-107.379,0,CameraPosition,-103.2093,1.683799,-107.5393,CameraRotation,352.1545,268.7928,1.944825,CurrentState,End,Slider,51,Scenario,5
ID,19,Time,1621.18,DronePosition,-20.40468,45,-107.379,0,CameraPosition,-103.2092,1.683731,-107.5399,CameraRotation,352.1675,268.8459,1.959538,CurrentState,End,Slider,51,Scenario,5
ID,19,Time,1621.194,DronePosition,-20.40468,45,-107.379,0,CameraPosition,-103.209,1.683666,-107.5405,CameraRotation,352.1734,268.8938,2.001361,CurrentState,End,Slider,51,Scenario,5
ID,19,Time,1621.208,DronePosition,-20.40468,45,-107.379,0,CameraPosition,-103.209,1.683621,-107.5411,CameraRotation,352.1701,268.9407,2.023533,CurrentState,End,Slider,51,Scenario,5
ID,19,Time,1621.222,DronePosition,-20.40468,45,-107.379,0,CameraPosition,-103.2089,1.683587,-107.5418,CameraRotation,352.1465,268.9815,1.997033,CurrentState,End,Slider,51,Scenario,5
ID,19,Time,1621.236,DronePosition,-20.40468,45,-107.379,0,CameraPosition,-103.2089,1.683579,-107.5426,CameraRotation,352.1278,269.0018,1.985142,CurrentState,End,Slider,51,Scenario,5
ID,19,Time,1621.251,DronePosition,-20.40468,45,-107.379,0,CameraPosition,-103.2089,1.683581,-107.5434,CameraRotation,352.1051,268.993,2.002699,CurrentState,End,Slider,51,Scenario,5
ID,19,Time,1621.264,DronePosition,-20.40468,45,-107.379,0,CameraPosition,-103.2089,1.683567,-107.5442,CameraRotation,352.104,268.9683,2.032405,CurrentState,End,Slider,51,Scenario,5
ID,19,Time,1621.278,DronePosition,-20.40468,45,-107.379,0,CameraPosition,-103.2089,1.683492,-107.5451,CameraRotation,352.1549,268.9347,2.054716,CurrentState,End,Slider,51,Scenario,5
ID,19,Time,1621.292,DronePosition,-20.40468,45,-107.379,0,CameraPosition,-103.2089,1.683333,-107.5461,CameraRotation,352.244,268.8817,2.089584,CurrentState,End,Slider,51,Scenario,5
ID,19,Time,1621.311,DronePosition,-20.40468,45,-107.379,0,CameraPosition,-103.2089,1.683193,-107.5471,CameraRotation,352.3496,268.8321,2.114465,CurrentState,End,Slider,51,Scenario,5
ID,19,Time,1621.333,DronePosition,-20.40468,45,-107.379,0,CameraPosition,-103.2089,1.683104,-107.5491,CameraRotation,352.3698,268.7051,2.223627,CurrentState,End,Slider,51,Scenario,5
ID,19,Time,1621.347,DronePosition,-20.40468,45,-107.379,0,CameraPosition,-103.2089,1.683071,-107.5502,CameraRotation,352.3455,268.604,2.315479,CurrentState,End,Slider,51,Scenario,5
ID,19,Time,1621.361,DronePosition,-20.40468,45,-107.379,0,CameraPosition,-103.2089,1.682953,-107.5513,CameraRotation,352.3668,268.5228,2.347404,CurrentState,End,Slider,51,Scenario,5
ID,19,Time,1621.375,DronePosition,-20.40468,45,-107.379,0,CameraPosition,-103.2087,1.682757,-107.5524,CameraRotation,352.4355,268.4468,2.304763,CurrentState,End,Slider,51,Scenario,5
ID,19,Time,1621.389,DronePosition,-20.40468,45,-107.379,0,CameraPosition,-103.2086,1.682577,-107.5536,CameraRotation,352.5077,268.3882,2.263943,CurrentState,End,Slider,51,Scenario,5
ID,19,Time,1621.403,DronePosition,-20.40468,45,-107.379,0,CameraPosition,-103.2085,1.682447,-107.5547,CameraRotation,352.5249,268.3427,2.245845,CurrentState,End,Slider,51,Scenario,5
ID,19,Time,1621.417,DronePosition,-20.40468,45,-107.379,0,CameraPosition,-103.2084,1.68236,-107.5558,CameraRotation,352.5412,268.3083,2.242485,CurrentState,End,Slider,51,Scenario,5
ID,19,Time,1621.431,DronePosition,-20.40468,45,-107.379,0,CameraPosition,-103.2084,1.682277,-107.557,CameraRotation,352.5298,268.2953,2.266773,CurrentState,End,Slider,51,Scenario,5
ID,19,Time,1621.445,DronePosition,-20.40468,45,-107.379,0,CameraPosition,-103.2083,1.682205,-107.5582,CameraRotation,352.5374,268.2766,2.300406,CurrentState,End,Slider,51,Scenario,5
ID,19,Time,1621.459,DronePosition,-20.40468,45,-107.379,0,CameraPosition,-103.2082,1.682145,-107.5595,CameraRotation,352.5965,268.2554,2.350432,CurrentState,End,Slider,51,Scenario,5
ID,19,Time,1621.473,DronePosition,-20.40468,45,-107.379,0,CameraPosition,-103.2082,1.682153,-107.5607,CameraRotation,352.7137,268.2333,2.398062,CurrentState,End,Slider,51,Scenario,5
ID,19,Time,1621.487,DronePosition,-20.40468,45,-107.379,0,CameraPosition,-103.2081,1.682211,-107.5621,CameraRotation,352.8564,268.2158,2.423958,CurrentState,End,Slider,51,Scenario,5
ID,19,Time,1621.501,DronePosition,-20.40468,45,-107.379,0,CameraPosition,-103.2079,1.682263,-107.5634,CameraRotation,352.9944,268.2073,2.429725,CurrentState,End,Slider,51,Scenario,5
ID,19,Time,1621.519,DronePosition,-20.40468,45,-107.379,0,CameraPosition,-103.2077,1.682352,-107.5648,CameraRotation,353.1396,268.2284,2.385683,CurrentState,End,Slider,51,Scenario,5
ID,19,Time,1621.542,DronePosition,-20.40468,45,-107.379,0,CameraPosition,-103.2072,1.682337,-107.5675,CameraRotation,353.2325,268.3623,2.281886,CurrentState,End,Slider,51,Scenario,5
ID,19,Time,1621.556,DronePosition,-20.40468,45,-107.379,0,CameraPosition,-103.207,1.682285,-107.5687,CameraRotation,353.2166,268.5103,2.309153,CurrentState,End,Slider,51,Scenario,5
ID,19,Time,1621.57,DronePosition,-20.40468,45,-107.379,0,CameraPosition,-103.2069,1.682269,-107.57,CameraRotation,353.0731,268.6652,2.374016,CurrentState,End,Slider,51,Scenario,5
ID,19,Time,1621.584,DronePosition,-20.40468,45,-107.379,0,CameraPosition,-103.2069,1.682491,-107.5713,CameraRotation,352.9191,268.8308,2.512724,CurrentState,End,Slider,51,Scenario,5
ID,19,Time,1621.598,DronePosition,-20.40468,45,-107.379,0,CameraPosition,-103.2069,1.682597,-107.5724,CameraRotation,352.7487,268.9368,2.662983,CurrentState,End,Slider,51,Scenario,5
ID,19,Time,1621.612,DronePosition,-20.40468,45,-107.379,0,CameraPosition,-103.2069,1.682439,-107.5736,CameraRotation,352.7226,268.9872,2.824068,CurrentState,End,Slider,51,Scenario,5
ID,19,Time,1621.626,DronePosition,-20.40468,45,-107.379,0,CameraPosition,-103.2067,1.682083,-107.5747,CameraRotation,352.8749,269.0087,2.921463,CurrentState,End,Slider,51,Scenario,5
ID,19,Time,1621.64,DronePosition,-20.40468,45,-107.379,0,CameraPosition,-103.2066,1.68141,-107.5757,CameraRotation,353.2246,269.0413,2.845299,CurrentState,End,Slider,51,Scenario,5
ID,19,Time,1621.654,DronePosition,-20.40468,45,-107.379,0,CameraPosition,-103.2065,1.680701,-107.5766,CameraRotation,353.7164,269.1219,2.692354,CurrentState,End,Slider,51,Scenario,5
ID,19,Time,1621.668,DronePosition,-20.40468,45,-107.379,0,CameraPosition,-103.2066,1.680237,-107.5776,CameraRotation,354.0357,269.2318,2.503034,CurrentState,End,Slider,51,Scenario,5
ID,19,Time,1621.682,DronePosition,-20.40468,45,-107.379,0,CameraPosition,-103.2068,1.680082,-107.5786,CameraRotation,354.1273,269.3635,2.321033,CurrentState,End,Slider,51,Scenario,5
ID,19,Time,1621.696,DronePosition,-20.40468,45,-107.379,0,CameraPosition,-103.2071,1.680091,-107.5796,CameraRotation,354.1783,269.4683,2.225035,CurrentState,End,Slider,51,Scenario,5
ID,19,Time,1621.709,DronePosition,-20.40468,45,-107.379,0,CameraPosition,-103.2074,1.679966,-107.5807,CameraRotation,354.3364,269.5564,2.201524,CurrentState,End,Slider,51,Scenario,5
ID,19,Time,1621.728,DronePosition,-20.40468,45,-107.379,0,CameraPosition,-103.2076,1.67961,-107.5818,CameraRotation,354.6602,269.6276,2.24829,CurrentState,End,Slider,51,Scenario,5
ID,19,Time,1621.751,DronePosition,-20.40468,45,-107.379,0,CameraPosition,-103.2081,1.678542,-107.5842,CameraRotation,355.4193,269.7854,2.21779,CurrentState,End,Slider,51,Scenario,5
ID,19,Time,1621.765,DronePosition,-20.40468,45,-107.379,0,CameraPosition,-103.2083,1.678017,-107.5854,CameraRotation,355.6953,269.8424,2.241189,CurrentState,End,Slider,51,Scenario,5
ID,19,Time,1621.779,DronePosition,-20.40468,45,-107.379,0,CameraPosition,-103.2084,1.677414,-107.5866,CameraRotation,355.9569,269.8967,2.321778,CurrentState,End,Slider,51,Scenario,5
ID,19,Time,1621.793,DronePosition,-20.40468,45,-107.379,0,CameraPosition,-103.2086,1.676877,-107.5878,CameraRotation,356.2357,269.9545,2.384072,CurrentState,End,Slider,51,Scenario,5
ID,19,Time,1621.807,DronePosition,-20.40468,45,-107.379,0,CameraPosition,-103.2088,1.676505,-107.589,CameraRotation,356.5086,270.0038,2.461342,CurrentState,End,Slider,51,Scenario,5
ID,19,Time,1621.821,DronePosition,-20.40468,45,-107.379,0,CameraPosition,-103.2091,1.676087,-107.5901,CameraRotation,356.7272,270.0396,2.598571,CurrentState,End,Slider,51,Scenario,5
ID,19,Time,1621.835,DronePosition,-20.40468,45,-107.379,0,CameraPosition,-103.2092,1.675462,-107.5913,CameraRotation,357.0816,270.0799,2.695812,CurrentState,End,Slider,51,Scenario,5
ID,19,Time,1621.849,DronePosition,-20.40468,45,-107.379,0,CameraPosition,-103.2093,1.67466,-107.5924,CameraRotation,357.6185,270.1368,2.753193,CurrentState,End,Slider,51,Scenario,5
ID,19,Time,1621.863,DronePosition,-20.40468,45,-107.379,0,CameraPosition,-103.2094,1.673816,-107.5936,CameraRotation,358.1685,270.193,2.828969,CurrentState,End,Slider,51,Scenario,5
ID,19,Time,1621.877,DronePosition,-20.40468,45,-107.379,0,CameraPosition,-103.2095,1.673192,-107.5946,CameraRotation,358.5259,270.2255,2.938252,CurrentState,End,Slider,51,Scenario,5
ID,19,Time,1621.891,DronePosition,-20.40468,45,-107.379,0,CameraPosition,-103.2098,1.672891,-107.5957,CameraRotation,358.6041,270.2,3.083712,CurrentState,End,Slider,51,Scenario,5
ID,19,Time,1621.904,DronePosition,-20.40468,45,-107.379,0,CameraPosition,-103.21,1.672688,-107.5967,CameraRotation,358.638,270.1877,3.216316,CurrentState,End,Slider,51,Scenario,5
ID,19,Time,1621.919,DronePosition,-20.40468,45,-107.379,0,CameraPosition,-103.2101,1.672503,-107.5978,CameraRotation,358.6758,270.1652,3.306527,CurrentState,End,Slider,51,Scenario,5
ID,19,Time,1621.937,DronePosition,-20.40468,45,-107.379,0,CameraPosition,-103.2101,1.672147,-107.5988,CameraRotation,358.7713,270.1613,3.357296,CurrentState,End,Slider,51,Scenario,5
ID,19,Time,1621.96,DronePosition,-20.40468,45,-107.379,0,CameraPosition,-103.2099,1.670992,-107.6007,CameraRotation,359.1975,270.1039,3.456156,CurrentState,End,Slider,51,Scenario,5
ID,19,Time,1621.974,DronePosition,-20.40468,45,-107.379,0,CameraPosition,-103.2097,1.670475,-107.6016,CameraRotation,359.4017,270.0652,3.525528,CurrentState,End,Slider,51,Scenario,5
ID,19,Time,1621.988,DronePosition,-20.40468,45,-107.379,0,CameraPosition,-103.2095,1.670146,-107.6024,CameraRotation,359.468,270.0086,3.628656,CurrentState,End,Slider,51,Scenario,5
ID,19,Time,1622.001,DronePosition,-20.40468,45,-107.379,0,CameraPosition,-103.2093,1.670032,-107.6032,CameraRotation,359.3907,269.954,3.734771,CurrentState,End,Slider,51,Scenario,5
ID,19,Time,1622.016,DronePosition,-20.40468,45,-107.379,0,CameraPosition,-103.209,1.670072,-107.6041,CameraRotation,359.2538,269.9103,3.825727,CurrentState,End,Slider,51,Scenario,5
ID,19,Time,1622.03,DronePosition,-20.40468,45,-107.379,0,CameraPosition,-103.2087,1.670127,-107.6048,CameraRotation,359.0802,269.8831,3.897925,CurrentState,End,Slider,51,Scenario,5
ID,19,Time,1622.043,DronePosition,-20.40468,45,-107.379,0,CameraPosition,-103.2084,1.670047,-107.6056,CameraRotation,358.9827,269.8565,3.914914,CurrentState,End,Slider,51,Scenario,5
ID,19,Time,1622.058,DronePosition,-20.40468,45,-107.379,0,CameraPosition,-103.208,1.669917,-107.6063,CameraRotation,358.9724,269.8394,3.914539,CurrentState,End,Slider,51,Scenario,5
ID,19,Time,1622.072,DronePosition,-20.40468,45,-107.379,0,CameraPosition,-103.2076,1.66982,-107.607,CameraRotation,358.9211,269.8332,3.918025,CurrentState,End,Slider,51,Scenario,5
ID,19,Time,1622.085,DronePosition,-20.40468,45,-107.379,0,CameraPosition,-103.2072,1.669817,-107.6077,CameraRotation,358.7641,269.8228,3.911837,CurrentState,End,Slider,51,Scenario,5
ID,19,Time,1622.099,DronePosition,-20.40468,45,-107.379,0,CameraPosition,-103.2069,1.669856,-107.6084,CameraRotation,358.6138,269.8179,3.91731,CurrentState,End,Slider,51,Scenario,5
ID,19,Time,1622.113,DronePosition,-20.40468,45,-107.379,0,CameraPosition,-103.2065,1.669901,-107.6091,CameraRotation,358.4726,269.8314,3.913864,CurrentState,End,Slider,51,Scenario,5
ID,19,Time,1622.127,DronePosition,-20.40468,45,-107.379,0,CameraPosition,-103.2062,1.669868,-107.6097,CameraRotation,358.3131,269.8557,3.901693,CurrentState,End,Slider,51,Scenario,5
ID,19,Time,1622.146,DronePosition,-20.40468,45,-107.379,0,CameraPosition,-103.2058,1.669818,-107.6103,CameraRotation,358.2122,269.8606,3.890683,CurrentState,End,Slider,51,Scenario,5
ID,19,Time,1622.169,DronePosition,-20.40468,45,-107.379,0,CameraPosition,-103.2051,1.669456,-107.6116,CameraRotation,358.1722,269.8391,3.8701,CurrentState,End,Slider,51,Scenario,5
ID,19,Time,1622.182,DronePosition,-20.40468,45,-107.379,0,CameraPosition,-103.2047,1.669096,-107.6122,CameraRotation,358.2912,269.8299,3.84904,CurrentState,End,Slider,51,Scenario,5
ID,19,Time,1622.196,DronePosition,-20.40468,45,-107.379,0,CameraPosition,-103.2043,1.668641,-107.6129,CameraRotation,358.4689,269.799,3.828689,CurrentState,End,Slider,51,Scenario,5
ID,19,Time,1622.21,DronePosition,-20.40468,45,-107.379,0,CameraPosition,-103.2039,1.668126,-107.6135,CameraRotation,358.7097,269.7833,3.794531,CurrentState,End,Slider,51,Scenario,5
ID,19,Time,1622.224,DronePosition,-20.40468,45,-107.379,0,CameraPosition,-103.2036,1.667616,-107.6141,CameraRotation,358.9951,269.7766,3.729079,CurrentState,End,Slider,51,Scenario,5
ID,19,Time,1622.238,DronePosition,-20.40468,45,-107.379,0,CameraPosition,-103.2032,1.667184,-107.6147,CameraRotation,359.194,269.7681,3.619787,CurrentState,End,Slider,51,Scenario,5
ID,19,Time,1622.252,DronePosition,-20.40468,45,-107.379,0,CameraPosition,-103.2028,1.666909,-107.6153,CameraRotation,359.2664,269.7492,3.543584,CurrentState,End,Slider,51,Scenario,5
ID,19,Time,1622.266,DronePosition,-20.40468,45,-107.379,0,CameraPosition,-103.2025,1.666795,-107.6159,CameraRotation,359.2363,269.7336,3.484041,CurrentState,End,Slider,51,Scenario,5
ID,19,Time,1622.281,DronePosition,-20.40468,45,-107.379,0,CameraPosition,-103.2022,1.666642,-107.6166,CameraRotation,359.2007,269.7222,3.425059,CurrentState,End,Slider,51,Scenario,5
ID,19,Time,1622.294,DronePosition,-20.40468,45,-107.379,0,CameraPosition,-103.2018,1.666363,-107.6173,CameraRotation,359.2752,269.7172,3.386498,CurrentState,End,Slider,51,Scenario,5
ID,19,Time,1622.308,DronePosition,-20.40468,45,-107.379,0,CameraPosition,-103.2014,1.665968,-107.6179,CameraRotation,359.4176,269.7228,3.344398,CurrentState,End,Slider,51,Scenario,5
ID,19,Time,1622.322,DronePosition,-20.40468,45,-107.379,0,CameraPosition,-103.201,1.665563,-107.6186,CameraRotation,359.5535,269.7372,3.284186,CurrentState,End,Slider,51,Scenario,5
ID,19,Time,1622.336,DronePosition,-20.40468,45,-107.379,0,CameraPosition,-103.2005,1.665227,-107.6192,CameraRotation,359.6721,269.7133,3.244246,CurrentState,End,Slider,51,Scenario,5
ID,19,Time,1622.355,DronePosition,-20.40468,45,-107.379,0,CameraPosition,-103.2,1.665004,-107.6199,CameraRotation,359.7835,269.6982,3.214381,CurrentState,End,Slider,51,Scenario,5
ID,19,Time,1622.377,DronePosition,-20.40468,45,-107.379,0,CameraPosition,-103.1992,1.664678,-107.6214,CameraRotation,359.9308,269.6172,3.132847,CurrentState,End,Slider,51,Scenario,5
ID,19,Time,1622.391,DronePosition,-20.40468,45,-107.379,0,CameraPosition,-103.1986,1.664514,-107.6222,CameraRotation,359.9236,269.5389,3.126825,CurrentState,End,Slider,51,Scenario,5
ID,19,Time,1622.405,DronePosition,-20.40468,45,-107.379,0,CameraPosition,-103.1978,1.664367,-107.6229,CameraRotation,0.02423116,269.4675,3.100506,CurrentState,End,Slider,51,Scenario,5
ID,19,Time,1622.419,DronePosition,-20.40468,45,-107.379,0,CameraPosition,-103.1969,1.664364,-107.6235,CameraRotation,0.1214341,269.4229,3.017476,CurrentState,End,Slider,51,Scenario,5
ID,19,Time,1622.433,DronePosition,-20.40468,45,-107.379,0,CameraPosition,-103.196,1.664638,-107.6241,CameraRotation,0.01961492,269.3794,2.925803,CurrentState,End,Slider,51,Scenario,5
ID,19,Time,1622.447,DronePosition,-20.40468,45,-107.379,0,CameraPosition,-103.1952,1.66514,-107.6247,CameraRotation,359.774,269.3463,2.841697,CurrentState,End,Slider,51,Scenario,5
ID,19,Time,1622.461,DronePosition,-20.40468,45,-107.379,0,CameraPosition,-103.1945,1.665784,-107.6253,CameraRotation,359.4743,269.3135,2.746064,CurrentState,End,Slider,51,Scenario,5
ID,19,Time,1622.475,DronePosition,-20.40468,45,-107.379,0,CameraPosition,-103.1937,1.6665,-107.626,CameraRotation,359.1021,269.2886,2.676825,CurrentState,End,Slider,51,Scenario,5
ID,19,Time,1622.489,DronePosition,-20.40468,45,-107.379,0,CameraPosition,-103.193,1.667216,-107.6265,CameraRotation,358.7615,269.2638,2.681482,CurrentState,End,Slider,51,Scenario,5
ID,19,Time,1622.503,DronePosition,-20.40468,45,-107.379,0,CameraPosition,-103.1924,1.667966,-107.6271,CameraRotation,358.3594,269.2502,2.748151,CurrentState,End,Slider,51,Scenario,5
ID,19,Time,1622.517,DronePosition,-20.40468,45,-107.379,0,CameraPosition,-103.1919,1.668777,-107.6277,CameraRotation,357.9307,269.2224,2.817832,CurrentState,End,Slider,51,Scenario,5
ID,19,Time,1622.531,DronePosition,-20.40468,45,-107.379,0,CameraPosition,-103.1914,1.669536,-107.6283,CameraRotation,357.5273,269.1654,2.877854,CurrentState,End,Slider,51,Scenario,5
ID,19,Time,1622.545,DronePosition,-20.40468,45,-107.379,0,CameraPosition,-103.1909,1.670162,-107.629,CameraRotation,357.1878,269.101,2.9501,CurrentState,End,Slider,51,Scenario,5
ID,19,Time,1622.564,DronePosition,-20.40468,45,-107.379,0,CameraPosition,-103.1903,1.670625,-107.6296,CameraRotation,356.9937,269.0394,3.005073,CurrentState,End,Slider,51,Scenario,5
ID,19,Time,1622.586,DronePosition,-20.40468,45,-107.379,0,CameraPosition,-103.1895,1.671176,-107.6308,CameraRotation,356.8431,268.8835,3.174338,CurrentState,End,Slider,51,Scenario,5
ID,19,Time,1622.6,DronePosition,-20.40468,45,-107.379,0,CameraPosition,-103.1893,1.671418,-107.6313,CameraRotation,356.7452,268.8338,3.307255,CurrentState,End,Slider,51,Scenario,5
ID,19,Time,1622.614,DronePosition,-20.40468,45,-107.379,0,CameraPosition,-103.1892,1.671691,-107.6319,CameraRotation,356.6345,268.7968,3.406505,CurrentState,End,Slider,51,Scenario,5
ID,19,Time,1622.628,DronePosition,-20.40468,45,-107.379,0,CameraPosition,-103.1892,1.67199,-107.6324,CameraRotation,356.5054,268.7501,3.504168,CurrentState,End,Slider,51,Scenario,5
ID,19,Time,1622.642,DronePosition,-20.40468,45,-107.379,0,CameraPosition,-103.1892,1.672313,-107.6327,CameraRotation,356.3196,268.6921,3.598296,CurrentState,End,Slider,51,Scenario,5
ID,19,Time,1622.656,DronePosition,-20.40468,45,-107.379,0,CameraPosition,-103.1894,1.672695,-107.633,CameraRotation,356.1348,268.6365,3.672046,CurrentState,End,Slider,51,Scenario,5
ID,19,Time,1622.67,DronePosition,-20.40468,45,-107.379,0,CameraPosition,-103.1895,1.673051,-107.6333,CameraRotation,355.9174,268.5663,3.752021,CurrentState,End,Slider,51,Scenario,5
ID,19,Time,1622.684,DronePosition,-20.40468,45,-107.379,0,CameraPosition,-103.1897,1.673197,-107.6335,CameraRotation,355.81,268.507,3.831342,CurrentState,End,Slider,51,Scenario,5
ID,19,Time,1622.698,DronePosition,-20.40468,45,-107.379,0,CameraPosition,-103.1898,1.673085,-107.6337,CameraRotation,355.9435,268.4565,3.858207,CurrentState,End,Slider,51,Scenario,5
ID,19,Time,1622.712,DronePosition,-20.40468,45,-107.379,0,CameraPosition,-103.19,1.672966,-107.6339,CameraRotation,356.045,268.3841,3.891542,CurrentState,End,Slider,51,Scenario,5
ID,19,Time,1622.726,DronePosition,-20.40468,45,-107.379,0,CameraPosition,-103.1902,1.672841,-107.634,CameraRotation,356.124,268.3234,3.92772,CurrentState,End,Slider,51,Scenario,5
ID,19,Time,1622.74,DronePosition,-20.40468,45,-107.379,0,CameraPosition,-103.1904,1.672837,-107.634,CameraRotation,356.1415,268.2892,3.944595,CurrentState,End,Slider,51,Scenario,5
ID,19,Time,1622.754,DronePosition,-20.40468,45,-107.379,0,CameraPosition,-103.1907,1.672903,-107.634,CameraRotation,356.0731,268.2418,3.95992,CurrentState,End,Slider,51,Scenario,5
ID,19,Time,1622.772,DronePosition,-20.40468,45,-107.379,0,CameraPosition,-103.191,1.67301,-107.634,CameraRotation,356.0341,268.189,3.959244,CurrentState,End,Slider,51,Scenario,5
ID,19,Time,1622.796,DronePosition,-20.40468,45,-107.379,0,CameraPosition,-103.1915,1.673162,-107.6338,CameraRotation,355.9854,268.1111,4.021408,CurrentState,End,Slider,51,Scenario,5
ID,19,Time,1622.809,DronePosition,-20.40468,45,-107.379,0,CameraPosition,-103.1917,1.67315,-107.6336,CameraRotation,356.0356,268.0887,4.06783,CurrentState,End,Slider,51,Scenario,5
ID,19,Time,1622.823,DronePosition,-20.40468,45,-107.379,0,CameraPosition,-103.1918,1.673072,-107.6334,CameraRotation,356.1122,268.0936,4.088387,CurrentState,End,Slider,51,Scenario,5
ID,19,Time,1622.837,DronePosition,-20.40468,45,-107.379,0,CameraPosition,-103.1919,1.672971,-107.633,CameraRotation,356.2053,268.1193,4.113595,CurrentState,End,Slider,51,Scenario,5
ID,19,Time,1622.851,DronePosition,-20.40468,45,-107.379,0,CameraPosition,-103.1919,1.672909,-107.6325,CameraRotation,356.305,268.172,4.142474,CurrentState,End,Slider,51,Scenario,5
ID,19,Time,1622.865,DronePosition,-20.40468,45,-107.379,0,CameraPosition,-103.192,1.672853,-107.632,CameraRotation,356.4276,268.2336,4.18089,CurrentState,End,Slider,51,Scenario,5
ID,19,Time,1622.879,DronePosition,-20.40468,45,-107.379,0,CameraPosition,-103.1921,1.672727,-107.6315,CameraRotation,356.5736,268.3072,4.216961,CurrentState,End,Slider,51,Scenario,5
ID,19,Time,1622.892,DronePosition,-20.40468,45,-107.379,0,CameraPosition,-103.1921,1.672596,-107.6309,CameraRotation,356.755,268.3946,4.232977,CurrentState,End,Slider,51,Scenario,5
ID,19,Time,1622.907,DronePosition,-20.40468,45,-107.379,0,CameraPosition,-103.1922,1.67247,-107.6302,CameraRotation,356.9659,268.4955,4.250033,CurrentState,End,Slider,51,Scenario,5
ID,19,Time,1622.921,DronePosition,-20.40468,45,-107.379,0,CameraPosition,-103.1923,1.67234,-107.6296,CameraRotation,357.1452,268.6064,4.228516,CurrentState,End,Slider,51,Scenario,5
ID,19,Time,1622.935,DronePosition,-20.40468,45,-107.379,0,CameraPosition,-103.1925,1.672289,-107.6288,CameraRotation,357.2708,268.7171,4.189499,CurrentState,End,Slider,51,Scenario,5
ID,19,Time,1622.949,DronePosition,-20.40468,45,-107.379,0,CameraPosition,-103.1928,1.672461,-107.628,CameraRotation,357.2108,268.8541,4.10717,CurrentState,End,Slider,51,Scenario,5
ID,19,Time,1622.963,DronePosition,-20.40468,45,-107.379,0,CameraPosition,-103.193,1.672746,-107.6272,CameraRotation,357.1101,268.97,4.064888,CurrentState,End,Slider,51,Scenario,5
ID,19,Time,1622.981,DronePosition,-20.40468,45,-107.379,0,CameraPosition,-103.1933,1.673094,-107.6263,CameraRotation,357.0093,269.0615,4.053191,CurrentState,End,Slider,51,Scenario,5
ID,19,Time,1623.004,DronePosition,-20.40468,45,-107.379,0,CameraPosition,-103.1938,1.673603,-107.6247,CameraRotation,356.93,269.1256,3.911172,CurrentState,End,Slider,51,Scenario,5
ID,19,Time,1623.018,DronePosition,-20.40468,45,-107.379,0,CameraPosition,-103.1941,1.673837,-107.6238,CameraRotation,356.9218,269.1548,3.774943,CurrentState,End,Slider,51,Scenario,5
ID,19,Time,1623.031,DronePosition,-20.40468,45,-107.379,0,CameraPosition,-103.1943,1.674123,-107.6228,CameraRotation,356.9237,269.1886,3.59904,CurrentState,End,Slider,51,Scenario,5
ID,19,Time,1623.046,DronePosition,-20.40468,45,-107.379,0,CameraPosition,-103.1946,1.674426,-107.6217,CameraRotation,356.923,269.2697,3.450434,CurrentState,End,Slider,51,Scenario,5
ID,19,Time,1623.06,DronePosition,-20.40468,45,-107.379,0,CameraPosition,-103.195,1.674662,-107.6205,CameraRotation,356.924,269.365,3.33322,CurrentState,End,Slider,51,Scenario,5
ID,19,Time,1623.074,DronePosition,-20.40468,45,-107.379,0,CameraPosition,-103.1953,1.674784,-107.6192,CameraRotation,356.9344,269.4916,3.242296,CurrentState,End,Slider,51,Scenario,5
ID,19,Time,1623.087,DronePosition,-20.40468,45,-107.379,0,CameraPosition,-103.1957,1.674804,-107.618,CameraRotation,356.9937,269.6122,3.137144,CurrentState,End,Slider,51,Scenario,5
ID,19,Time,1623.102,DronePosition,-20.40468,45,-107.379,0,CameraPosition,-103.196,1.67473,-107.6168,CameraRotation,357.0948,269.72,3.020015,CurrentState,End,Slider,51,Scenario,5
ID,19,Time,1623.116,DronePosition,-20.40468,45,-107.379,0,CameraPosition,-103.1962,1.674665,-107.6154,CameraRotation,357.2733,269.8065,2.937265,CurrentState,End,Slider,51,Scenario,5
ID,19,Time,1623.129,DronePosition,-20.40468,45,-107.379,0,CameraPosition,-103.1965,1.67468,-107.614,CameraRotation,357.3864,269.8943,2.849748,CurrentState,End,Slider,51,Scenario,5
ID,19,Time,1623.144,DronePosition,-20.40468,45,-107.379,0,CameraPosition,-103.1969,1.674881,-107.6125,CameraRotation,357.3424,269.9504,2.795454,CurrentState,End,Slider,51,Scenario,5
ID,19,Time,1623.157,DronePosition,-20.40468,45,-107.379,0,CameraPosition,-103.1974,1.675169,-107.6111,CameraRotation,357.2393,269.9931,2.77187,CurrentState,End,Slider,51,Scenario,5
ID,19,Time,1623.171,DronePosition,-20.40468,45,-107.379,0,CameraPosition,-103.1979,1.675397,-107.6096,CameraRotation,357.1406,270.0254,2.760018,CurrentState,End,Slider,51,Scenario,5
ID,19,Time,1623.19,DronePosition,-20.40468,45,-107.379,0,CameraPosition,-103.1984,1.675499,-107.6081,CameraRotation,357.0996,270.0233,2.739521,CurrentState,End,Slider,51,Scenario,5
ID,19,Time,1623.213,DronePosition,-20.40468,45,-107.379,0,CameraPosition,-103.1992,1.675608,-107.6052,CameraRotation,357.2064,269.9407,2.756422,CurrentState,End,Slider,51,Scenario,5
ID,19,Time,1623.226,DronePosition,-20.40468,45,-107.379,0,CameraPosition,-103.1998,1.675798,-107.6038,CameraRotation,357.1299,269.8871,2.763012,CurrentState,End,Slider,51,Scenario,5
ID,19,Time,1623.241,DronePosition,-20.40468,45,-107.379,0,CameraPosition,-103.2005,1.676255,-107.6023,CameraRotation,356.9157,269.8007,2.767775,CurrentState,End,Slider,51,Scenario,5
ID,19,Time,1623.254,DronePosition,-20.40468,45,-107.379,0,CameraPosition,-103.2012,1.676712,-107.6009,CameraRotation,356.6755,269.6833,2.807095,CurrentState,End,Slider,51,Scenario,5
ID,19,Time,1623.269,DronePosition,-20.40468,45,-107.379,0,CameraPosition,-103.2019,1.677013,-107.5994,CameraRotation,356.4985,269.5735,2.817958,CurrentState,End,Slider,51,Scenario,5
ID,19,Time,1623.282,DronePosition,-20.40468,45,-107.379,0,CameraPosition,-103.2024,1.67713,-107.5979,CameraRotation,356.4809,269.4301,2.827976,CurrentState,End,Slider,51,Scenario,5
ID,19,Time,1623.297,DronePosition,-20.40468,45,-107.379,0,CameraPosition,-103.2028,1.676974,-107.5964,CameraRotation,356.6123,269.3074,2.850061,CurrentState,End,Slider,51,Scenario,5
ID,19,Time,1623.311,DronePosition,-20.40468,45,-107.379,0,CameraPosition,-103.2032,1.676899,-107.5948,CameraRotation,356.8002,269.1931,2.82649,CurrentState,End,Slider,51,Scenario,5
ID,19,Time,1623.325,DronePosition,-20.40468,45,-107.379,0,CameraPosition,-103.2037,1.677058,-107.5932,CameraRotation,356.7787,269.0829,2.819328,CurrentState,End,Slider,51,Scenario,5
ID,19,Time,1623.338,DronePosition,-20.40468,45,-107.379,0,CameraPosition,-103.2042,1.677385,-107.5915,CameraRotation,356.5926,268.979,2.786173,CurrentState,End,Slider,51,Scenario,5
ID,19,Time,1623.352,DronePosition,-20.40468,45,-107.379,0,CameraPosition,-103.2047,1.677754,-107.5898,CameraRotation,356.4143,268.8795,2.749108,CurrentState,End,Slider,51,Scenario,5
ID,19,Time,1623.366,DronePosition,-20.40468,45,-107.379,0,CameraPosition,-103.2051,1.678038,-107.5881,CameraRotation,356.2892,268.7825,2.708178,CurrentState,End,Slider,51,Scenario,5
ID,19,Time,1623.38,DronePosition,-20.40468,45,-107.379,0,CameraPosition,-103.2055,1.678241,-107.5864,CameraRotation,356.2205,268.7044,2.62996,CurrentState,End,Slider,51,Scenario,5
ID,19,Time,1623.399,DronePosition,-20.40468,45,-107.379,0,CameraPosition,-103.2058,1.67834,-107.5847,CameraRotation,356.2244,268.6495,2.54242,CurrentState,End,Slider,51,Scenario,5
ID,19,Time,1623.422,DronePosition,-20.40468,45,-107.379,0,CameraPosition,-103.2065,1.678434,-107.5812,CameraRotation,356.3085,268.5575,2.472127,CurrentState,End,Slider,51,Scenario,5
ID,19,Time,1623.435,DronePosition,-20.40468,45,-107.379,0,CameraPosition,-103.2068,1.678522,-107.5794,CameraRotation,356.3109,268.5527,2.485111,CurrentState,End,Slider,51,Scenario,5
ID,19,Time,1623.449,DronePosition,-20.40468,45,-107.379,0,CameraPosition,-103.2071,1.678643,-107.5775,CameraRotation,356.2727,268.5644,2.508743,CurrentState,End,Slider,51,Scenario,5
ID,19,Time,1623.463,DronePosition,-20.40468,45,-107.379,0,CameraPosition,-103.2075,1.678909,-107.5756,CameraRotation,356.1857,268.5829,2.536248,CurrentState,End,Slider,51,Scenario,5
ID,19,Time,1623.477,DronePosition,-20.40468,45,-107.379,0,CameraPosition,-103.208,1.67923,-107.5736,CameraRotation,355.982,268.6155,2.576714,CurrentState,End,Slider,51,Scenario,5
ID,19,Time,1623.491,DronePosition,-20.40468,45,-107.379,0,CameraPosition,-103.2084,1.679363,-107.5716,CameraRotation,355.939,268.6313,2.616077,CurrentState,End,Slider,51,Scenario,5
ID,19,Time,1623.505,DronePosition,-20.40468,45,-107.379,0,CameraPosition,-103.2087,1.679386,-107.5696,CameraRotation,356.0278,268.6365,2.636323,CurrentState,End,Slider,51,Scenario,5
ID,19,Time,1623.519,DronePosition,-20.40468,45,-107.379,0,CameraPosition,-103.209,1.679348,-107.5676,CameraRotation,356.0815,268.6525,2.634302,CurrentState,End,Slider,51,Scenario,5
ID,19,Time,1623.533,DronePosition,-20.40468,45,-107.379,0,CameraPosition,-103.2094,1.679382,-107.5655,CameraRotation,356.0919,268.6642,2.648844,CurrentState,End,Slider,51,Scenario,5
ID,19,Time,1623.547,DronePosition,-20.40468,45,-107.379,0,CameraPosition,-103.2098,1.67947,-107.5633,CameraRotation,356.0638,268.6664,2.629768,CurrentState,End,Slider,51,Scenario,5
ID,19,Time,1623.561,DronePosition,-20.40468,45,-107.379,0,CameraPosition,-103.2102,1.679544,-107.5611,CameraRotation,356.0347,268.6807,2.598058,CurrentState,End,Slider,51,Scenario,5
ID,19,Time,1623.575,DronePosition,-20.40468,45,-107.379,0,CameraPosition,-103.2107,1.679669,-107.5589,CameraRotation,356.0711,268.7085,2.54756,CurrentState,End,Slider,51,Scenario,5
ID,19,Time,1623.589,DronePosition,-20.40468,45,-107.379,0,CameraPosition,-103.2113,1.67976,-107.5566,CameraRotation,356.019,268.737,2.471004,CurrentState,End,Slider,51,Scenario,5
ID,19,Time,1623.608,DronePosition,-20.40468,45,-107.379,0,CameraPosition,-103.2118,1.679818,-107.5544,CameraRotation,356.018,268.78,2.394928,CurrentState,End,Slider,51,Scenario,5
ID,19,Time,1623.63,DronePosition,-20.40468,45,-107.379,0,CameraPosition,-103.2127,1.679607,-107.5499,CameraRotation,356.192,268.8139,2.217006,CurrentState,End,Slider,51,Scenario,5
ID,19,Time,1623.644,DronePosition,-20.40468,45,-107.379,0,CameraPosition,-103.2131,1.679399,-107.5477,CameraRotation,356.29,268.8023,2.162651,CurrentState,End,Slider,51,Scenario,5
ID,19,Time,1623.658,DronePosition,-20.40468,45,-107.379,0,CameraPosition,-103.2135,1.679238,-107.5455,CameraRotation,356.3523,268.7849,2.098469,CurrentState,End,Slider,51,Scenario,5
ID,19,Time,1623.672,DronePosition,-20.40468,45,-107.379,0,CameraPosition,-103.2139,1.67914,-107.5434,CameraRotation,356.3838,268.7435,2.050539,CurrentState,End,Slider,51,Scenario,5
ID,19,Time,1623.686,DronePosition,-20.40468,45,-107.379,0,CameraPosition,-103.2143,1.679036,-107.5413,CameraRotation,356.4008,268.6757,2.035728,CurrentState,End,Slider,51,Scenario,5
ID,19,Time,1623.7,DronePosition,-20.40468,45,-107.379,0,CameraPosition,-103.2146,1.678939,-107.5393,CameraRotation,356.4311,268.5801,2.045308,CurrentState,End,Slider,51,Scenario,5
ID,19,Time,1623.714,DronePosition,-20.40468,45,-107.379,0,CameraPosition,-103.2149,1.678837,-107.5373,CameraRotation,356.4663,268.4775,2.056851,CurrentState,End,Slider,51,Scenario,5
ID,19,Time,1623.728,DronePosition,-20.40468,45,-107.379,0,CameraPosition,-103.2152,1.678746,-107.5353,CameraRotation,356.5088,268.3478,2.062844,CurrentState,End,Slider,51,Scenario,5
ID,19,Time,1623.742,DronePosition,-20.40468,45,-107.379,0,CameraPosition,-103.2155,1.678653,-107.5334,CameraRotation,356.5385,268.214,2.05332,CurrentState,End,Slider,51,Scenario,5
ID,19,Time,1623.756,DronePosition,-20.40468,45,-107.379,0,CameraPosition,-103.2157,1.678583,-107.5316,CameraRotation,356.577,268.0718,2.028842,CurrentState,End,Slider,51,Scenario,5
ID,19,Time,1623.77,DronePosition,-20.40468,45,-107.379,0,CameraPosition,-103.216,1.678551,-107.5297,CameraRotation,356.5896,267.925,2.017387,CurrentState,End,Slider,51,Scenario,5
ID,19,Time,1623.784,DronePosition,-20.40468,45,-107.379,0,CameraPosition,-103.2162,1.67857,-107.5279,CameraRotation,356.5458,267.7649,2.025845,CurrentState,End,Slider,51,Scenario,5
ID,19,Time,1623.798,DronePosition,-20.40468,45,-107.379,0,CameraPosition,-103.2164,1.678567,-107.5261,CameraRotation,356.5334,267.5951,2.039373,CurrentState,End,Slider,51,Scenario,5
ID,19,Time,1623.817,DronePosition,-20.40468,45,-107.379,0,CameraPosition,-103.2167,1.678502,-107.5242,CameraRotation,356.536,267.4273,2.063218,CurrentState,End,Slider,51,Scenario,5
ID,19,Time,1623.839,DronePosition,-20.40468,45,-107.379,0,CameraPosition,-103.2169,1.678522,-107.5206,CameraRotation,356.5162,267.1094,2.036094,CurrentState,End,Slider,51,Scenario,5
ID,19,Time,1623.853,DronePosition,-20.40468,45,-107.379,0,CameraPosition,-103.217,1.678678,-107.5189,CameraRotation,356.4306,266.9496,1.992854,CurrentState,End,Slider,51,Scenario,5
ID,19,Time,1623.867,DronePosition,-20.40468,45,-107.379,0,CameraPosition,-103.2171,1.678763,-107.5171,CameraRotation,356.3426,266.7933,1.99143,CurrentState,End,Slider,51,Scenario,5
ID,19,Time,1623.881,DronePosition,-20.40468,45,-107.379,0,CameraPosition,-103.2172,1.678848,-107.5154,CameraRotation,356.3289,266.6576,1.992994,CurrentState,End,Slider,51,Scenario,5
ID,19,Time,1623.895,DronePosition,-20.40468,45,-107.379,0,CameraPosition,-103.2172,1.67889,-107.5136,CameraRotation,356.2909,266.5383,2.025024,CurrentState,End,Slider,51,Scenario,5
ID,19,Time,1623.909,DronePosition,-20.40468,45,-107.379,0,CameraPosition,-103.2172,1.678966,-107.5119,CameraRotation,356.2309,266.4399,2.038766,CurrentState,End,Slider,51,Scenario,5
ID,19,Time,1623.923,DronePosition,-20.40468,45,-107.379,0,CameraPosition,-103.2173,1.679052,-107.5102,CameraRotation,356.1727,266.3428,2.051146,CurrentState,End,Slider,51,Scenario,5
ID,19,Time,1623.937,DronePosition,-20.40468,45,-107.379,0,CameraPosition,-103.2173,1.679103,-107.5085,CameraRotation,356.1127,266.2644,2.065337,CurrentState,End,Slider,51,Scenario,5
ID,19,Time,1623.951,DronePosition,-20.40468,45,-107.379,0,CameraPosition,-103.2173,1.679097,-107.5068,CameraRotation,356.1136,266.2049,2.078051,CurrentState,End,Slider,51,Scenario,5
ID,19,Time,1623.965,DronePosition,-20.40468,45,-107.379,0,CameraPosition,-103.2173,1.67905,-107.5052,CameraRotation,356.1215,266.1436,2.088968,CurrentState,End,Slider,51,Scenario,5
ID,19,Time,1623.979,DronePosition,-20.40468,45,-107.379,0,CameraPosition,-103.2173,1.678987,-107.5035,CameraRotation,356.1255,266.1025,2.126754,CurrentState,End,Slider,51,Scenario,5
ID,19,Time,1623.993,DronePosition,-20.40468,45,-107.379,0,CameraPosition,-103.2172,1.678942,-107.502,CameraRotation,356.1033,266.0662,2.142888,CurrentState,End,Slider,51,Scenario,5
ID,19,Time,1624.007,DronePosition,-20.40468,45,-107.379,0,CameraPosition,-103.2171,1.678913,-107.5004,CameraRotation,356.0857,266.0154,2.172703,CurrentState,End,Slider,51,Scenario,5
ID,19,Time,1624.025,DronePosition,-20.40468,45,-107.379,0,CameraPosition,-103.217,1.678921,-107.4989,CameraRotation,356.0767,265.9644,2.210468,CurrentState,End,Slider,51,Scenario,5
ID,19,Time,1624.048,DronePosition,-20.40468,45,-107.379,0,CameraPosition,-103.2165,1.678909,-107.496,CameraRotation,356.0798,265.9006,2.186917,CurrentState,End,Slider,51,Scenario,5
ID,19,Time,1624.062,DronePosition,-20.40468,45,-107.379,0,CameraPosition,-103.2162,1.678852,-107.4945,CameraRotation,356.1385,265.8798,2.178703,CurrentState,End,Slider,51,Scenario,5
ID,19,Time,1624.076,DronePosition,-20.40468,45,-107.379,0,CameraPosition,-103.2159,1.678748,-107.4931,CameraRotation,356.1988,265.8743,2.197197,CurrentState,End,Slider,51,Scenario,5
ID,19,Time,1624.09,DronePosition,-20.40468,45,-107.379,0,CameraPosition,-103.2156,1.678578,-107.4917,CameraRotation,356.3117,265.8894,2.191653,CurrentState,End,Slider,51,Scenario,5
ID,19,Time,1624.104,DronePosition,-20.40468,45,-107.379,0,CameraPosition,-103.2152,1.678353,-107.4904,CameraRotation,356.4295,265.9113,2.163476,CurrentState,End,Slider,51,Scenario,5
ID,19,Time,1624.118,DronePosition,-20.40468,45,-107.379,0,CameraPosition,-103.2149,1.678102,-107.489,CameraRotation,356.5643,265.9389,2.140207,CurrentState,End,Slider,51,Scenario,5
ID,19,Time,1624.132,DronePosition,-20.40468,45,-107.379,0,CameraPosition,-103.2146,1.677823,-107.4877,CameraRotation,356.6978,265.9663,2.101064,CurrentState,End,Slider,51,Scenario,5
ID,19,Time,1624.146,DronePosition,-20.40468,45,-107.379,0,CameraPosition,-103.2142,1.677501,-107.4864,CameraRotation,356.8498,265.9991,2.094383,CurrentState,End,Slider,51,Scenario,5
ID,19,Time,1624.159,DronePosition,-20.40468,45,-107.379,0,CameraPosition,-103.2139,1.677265,-107.4852,CameraRotation,356.9823,266.0557,2.102421,CurrentState,End,Slider,51,Scenario,5
ID,19,Time,1624.173,DronePosition,-20.40468,45,-107.379,0,CameraPosition,-103.2137,1.677216,-107.4841,CameraRotation,356.9951,266.1171,2.113993,CurrentState,End,Slider,51,Scenario,5
ID,19,Time,1624.188,DronePosition,-20.40468,45,-107.379,0,CameraPosition,-103.2135,1.677299,-107.4831,CameraRotation,356.8819,266.1678,2.121357,CurrentState,End,Slider,51,Scenario,5
ID,19,Time,1624.201,DronePosition,-20.40468,45,-107.379,0,CameraPosition,-103.2134,1.677409,-107.4822,CameraRotation,356.7447,266.1622,2.135376,CurrentState,End,Slider,51,Scenario,5
ID,19,Time,1624.216,DronePosition,-20.40468,45,-107.379,0,CameraPosition,-103.2131,1.677407,-107.4814,CameraRotation,356.7472,266.1446,2.143632,CurrentState,End,Slider,51,Scenario,5
ID,19,Time,1624.234,DronePosition,-20.40468,45,-107.379,0,CameraPosition,-103.2128,1.677351,-107.4807,CameraRotation,356.7812,266.0876,2.147295,CurrentState,End,Slider,51,Scenario,5
ID,19,Time,1624.257,DronePosition,-20.40468,45,-107.379,0,CameraPosition,-103.2122,1.677076,-107.4794,CameraRotation,356.9031,265.939,2.166927,CurrentState,End,Slider,51,Scenario,5
ID,19,Time,1624.271,DronePosition,-20.40468,45,-107.379,0,CameraPosition,-103.2118,1.676901,-107.4789,CameraRotation,357.0586,265.8489,2.149158,CurrentState,End,Slider,51,Scenario,5
ID,19,Time,1624.285,DronePosition,-20.40468,45,-107.379,0,CameraPosition,-103.2116,1.676762,-107.4785,CameraRotation,357.1516,265.7415,2.180194,CurrentState,End,Slider,51,Scenario,5
ID,19,Time,1624.299,DronePosition,-20.40468,45,-107.379,0,CameraPosition,-103.2114,1.676728,-107.4782,CameraRotation,357.1986,265.6761,2.200943,CurrentState,End,Slider,51,Scenario,5
ID,19,Time,1624.313,DronePosition,-20.40468,45,-107.379,0,CameraPosition,-103.211,1.676791,-107.4778,CameraRotation,357.2502,265.6352,2.221296,CurrentState,End,Slider,51,Scenario,5
ID,19,Time,1624.326,DronePosition,-20.40468,45,-107.379,0,CameraPosition,-103.2107,1.676939,-107.4775,CameraRotation,357.1702,265.6088,2.246576,CurrentState,End,Slider,51,Scenario,5
ID,19,Time,1624.34,DronePosition,-20.40468,45,-107.379,0,CameraPosition,-103.2104,1.677139,-107.4772,CameraRotation,357.0981,265.5973,2.282226,CurrentState,End,Slider,51,Scenario,5
ID,19,Time,1624.354,DronePosition,-20.40468,45,-107.379,0,CameraPosition,-103.21,1.677302,-107.477,CameraRotation,357.0461,265.5729,2.334788,CurrentState,End,Slider,51,Scenario,5
ID,19,Time,1624.368,DronePosition,-20.40468,45,-107.379,0,CameraPosition,-103.2096,1.67756,-107.4768,CameraRotation,356.943,265.5423,2.398606,CurrentState,End,Slider,51,Scenario,5
ID,19,Time,1624.382,DronePosition,-20.40468,45,-107.379,0,CameraPosition,-103.2092,1.677814,-107.4767,CameraRotation,356.8253,265.5164,2.478133,CurrentState,End,Slider,51,Scenario,5
ID,19,Time,1624.397,DronePosition,-20.40468,45,-107.379,0,CameraPosition,-103.2088,1.678074,-107.4765,CameraRotation,356.7719,265.507,2.507571,CurrentState,End,Slider,51,Scenario,5
ID,19,Time,1624.41,DronePosition,-20.40468,45,-107.379,0,CameraPosition,-103.2085,1.678324,-107.4765,CameraRotation,356.7067,265.5168,2.473279,CurrentState,End,Slider,51,Scenario,5
ID,19,Time,1624.424,DronePosition,-20.40468,45,-107.379,0,CameraPosition,-103.2081,1.67848,-107.4765,CameraRotation,356.7203,265.516,2.46775,CurrentState,End,Slider,51,Scenario,5
ID,19,Time,1624.443,DronePosition,-20.40468,45,-107.379,0,CameraPosition,-103.2078,1.678504,-107.4766,CameraRotation,356.8334,265.5218,2.503754,CurrentState,End,Slider,51,Scenario,5
ID,19,Time,1624.465,DronePosition,-20.40468,45,-107.379,0,CameraPosition,-103.2076,1.678558,-107.4767,CameraRotation,356.8556,265.5547,2.561136,CurrentState,End,Slider,51,Scenario,5
ID,19,Time,1624.479,DronePosition,-20.40468,45,-107.379,0,CameraPosition,-103.2075,1.678722,-107.477,CameraRotation,356.7501,265.5235,2.56291,CurrentState,End,Slider,51,Scenario,5
ID,19,Time,1624.496,DronePosition,-20.40468,45,-107.379,0,CameraPosition,-103.2074,1.678808,-107.4774,CameraRotation,356.7246,265.4795,2.561106,CurrentState,End,Slider,51,Scenario,5
ID,19,Time,1624.507,DronePosition,-20.40468,45,-107.379,0,CameraPosition,-103.2072,1.678836,-107.4777,CameraRotation,356.7375,265.4357,2.566077,CurrentState,End,Slider,51,Scenario,5
ID,19,Time,1624.521,DronePosition,-20.40468,45,-107.379,0,CameraPosition,-103.2071,1.678785,-107.4782,CameraRotation,356.7567,265.3767,2.584845,CurrentState,End,Slider,51,Scenario,5
ID,19,Time,1624.535,DronePosition,-20.40468,45,-107.379,0,CameraPosition,-103.207,1.678724,-107.4787,CameraRotation,356.8042,265.2889,2.60619,CurrentState,End,Slider,51,Scenario,5
ID,19,Time,1624.549,DronePosition,-20.40468,45,-107.379,0,CameraPosition,-103.2068,1.678646,-107.4792,CameraRotation,356.8639,265.2151,2.624448,CurrentState,End,Slider,51,Scenario,5
ID,19,Time,1624.563,DronePosition,-20.40468,45,-107.379,0,CameraPosition,-103.2067,1.678591,-107.4798,CameraRotation,356.9131,265.1241,2.665064,CurrentState,End,Slider,51,Scenario,5
ID,19,Time,1624.577,DronePosition,-20.40468,45,-107.379,0,CameraPosition,-103.2066,1.678569,-107.4804,CameraRotation,356.9531,265.0506,2.726731,CurrentState,End,Slider,51,Scenario,5
ID,19,Time,1624.591,DronePosition,-20.40468,45,-107.379,0,CameraPosition,-103.2065,1.678611,-107.481,CameraRotation,356.985,264.9919,2.787021,CurrentState,End,Slider,51,Scenario,5
ID,19,Time,1624.605,DronePosition,-20.40468,45,-107.379,0,CameraPosition,-103.2064,1.678771,-107.4816,CameraRotation,356.9337,264.9484,2.836019,CurrentState,End,Slider,51,Scenario,5
ID,19,Time,1624.619,DronePosition,-20.40468,45,-107.379,0,CameraPosition,-103.2064,1.679019,-107.4823,CameraRotation,356.7864,264.916,2.878703,CurrentState,End,Slider,51,Scenario,5
ID,19,Time,1624.633,DronePosition,-20.40468,45,-107.379,0,CameraPosition,-103.2063,1.679309,-107.483,CameraRotation,356.611,264.9013,2.91555,CurrentState,End,Slider,51,Scenario,5
ID,19,Time,1624.652,DronePosition,-20.40468,45,-107.379,0,CameraPosition,-103.2062,1.6796,-107.4837,CameraRotation,356.4349,264.8887,2.937843,CurrentState,End,Slider,51,Scenario,5
ID,19,Time,1624.674,DronePosition,-20.40468,45,-107.379,0,CameraPosition,-103.206,1.680009,-107.4851,CameraRotation,356.1149,264.85,2.984034,CurrentState,End,Slider,51,Scenario,5
ID,19,Time,1624.688,DronePosition,-20.40468,45,-107.379,0,CameraPosition,-103.2058,1.680162,-107.4858,CameraRotation,356.0446,264.8372,3.038642,CurrentState,End,Slider,51,Scenario,5
ID,19,Time,1624.702,DronePosition,-20.40468,45,-107.379,0,CameraPosition,-103.2056,1.680218,-107.4865,CameraRotation,356.0329,264.8547,3.084627,CurrentState,End,Slider,51,Scenario,5
ID,19,Time,1624.717,DronePosition,-20.40468,45,-107.379,0,CameraPosition,-103.2054,1.680245,-107.4873,CameraRotation,356.0699,264.9036,3.090674,CurrentState,End,Slider,51,Scenario,5
ID,19,Time,1624.73,DronePosition,-20.40468,45,-107.379,0,CameraPosition,-103.2052,1.680265,-107.4881,CameraRotation,356.0763,264.922,3.071406,CurrentState,End,Slider,51,Scenario,5
ID,19,Time,1624.744,DronePosition,-20.40468,45,-107.379,0,CameraPosition,-103.205,1.680346,-107.489,CameraRotation,356.0468,264.9013,3.100878,CurrentState,End,Slider,51,Scenario,5
ID,19,Time,1624.758,DronePosition,-20.40468,45,-107.379,0,CameraPosition,-103.2048,1.680376,-107.49,CameraRotation,356.0241,264.852,3.175998,CurrentState,End,Slider,51,Scenario,5
ID,19,Time,1624.772,DronePosition,-20.40468,45,-107.379,0,CameraPosition,-103.2046,1.680262,-107.4909,CameraRotation,356.1004,264.8236,3.231611,CurrentState,End,Slider,51,Scenario,5
ID,19,Time,1624.786,DronePosition,-20.40468,45,-107.379,0,CameraPosition,-103.2044,1.680042,-107.4918,CameraRotation,356.2401,264.8296,3.24856,CurrentState,End,Slider,51,Scenario,5
ID,19,Time,1624.8,DronePosition,-20.40468,45,-107.379,0,CameraPosition,-103.2042,1.679828,-107.4927,CameraRotation,356.3615,264.8405,3.224546,CurrentState,End,Slider,51,Scenario,5
ID,19,Time,1624.814,DronePosition,-20.40468,45,-107.379,0,CameraPosition,-103.204,1.679671,-107.4936,CameraRotation,356.425,264.8434,3.214236,CurrentState,End,Slider,51,Scenario,5
ID,19,Time,1624.828,DronePosition,-20.40468,45,-107.379,0,CameraPosition,-103.2038,1.679503,-107.4946,CameraRotation,356.4641,264.862,3.242374,CurrentState,End,Slider,51,Scenario,5
ID,19,Time,1624.842,DronePosition,-20.40468,45,-107.379,0,CameraPosition,-103.2036,1.679271,-107.4954,CameraRotation,356.5511,264.895,3.273121,CurrentState,End,Slider,51,Scenario,5
ID,19,Time,1624.861,DronePosition,-20.40468,45,-107.379,0,CameraPosition,-103.2034,1.678947,-107.4963,CameraRotation,356.6948,264.947,3.303278,CurrentState,End,Slider,51,Scenario,5
ID,19,Time,1624.883,DronePosition,-20.40468,45,-107.379,0,CameraPosition,-103.203,1.678322,-107.4981,CameraRotation,356.9386,265.076,3.275778,CurrentState,End,Slider,51,Scenario,5
ID,19,Time,1624.897,DronePosition,-20.40468,45,-107.379,0,CameraPosition,-103.2028,1.678185,-107.4991,CameraRotation,356.9857,265.1168,3.258967,CurrentState,End,Slider,51,Scenario,5
ID,19,Time,1624.911,DronePosition,-20.40468,45,-107.379,0,CameraPosition,-103.2026,1.678151,-107.5001,CameraRotation,356.9659,265.1356,3.290689,CurrentState,End,Slider,51,Scenario,5
ID,19,Time,1624.925,DronePosition,-20.40468,45,-107.379,0,CameraPosition,-103.2024,1.678166,-107.5011,CameraRotation,356.9547,265.1452,3.337831,CurrentState,End,Slider,51,Scenario,5
ID,19,Time,1624.939,DronePosition,-20.40468,45,-107.379,0,CameraPosition,-103.2023,1.67811,-107.502,CameraRotation,356.9208,265.1636,3.405466,CurrentState,End,Slider,51,Scenario,5
ID,19,Time,1624.953,DronePosition,-20.40468,45,-107.379,0,CameraPosition,-103.2021,1.678065,-107.503,CameraRotation,356.891,265.1835,3.459715,CurrentState,End,Slider,51,Scenario,5
ID,19,Time,1624.967,DronePosition,-20.40468,45,-107.379,0,CameraPosition,-103.202,1.678009,-107.504,CameraRotation,356.7934,265.2121,3.479695,CurrentState,End,Slider,51,Scenario,5
ID,19,Time,1624.981,DronePosition,-20.40468,45,-107.379,0,CameraPosition,-103.202,1.677945,-107.5049,CameraRotation,356.7457,265.2694,3.486615,CurrentState,End,Slider,51,Scenario,5
ID,19,Time,1624.995,DronePosition,-20.40468,45,-107.379,0,CameraPosition,-103.2018,1.677875,-107.5058,CameraRotation,356.7213,265.3317,3.499307,CurrentState,End,Slider,51,Scenario,5
ID,19,Time,1625.009,DronePosition,-20.40468,45,-107.379,0,CameraPosition,-103.2018,1.677803,-107.5066,CameraRotation,356.6863,265.3926,3.523269,CurrentState,End,Slider,51,Scenario,5
ID,19,Time,1625.023,DronePosition,-20.40468,45,-107.379,0,CameraPosition,-103.2017,1.677722,-107.5074,CameraRotation,356.6796,265.4687,3.533912,CurrentState,End,Slider,51,Scenario,5
ID,19,Time,1625.037,DronePosition,-20.40468,45,-107.379,0,CameraPosition,-103.2016,1.677636,-107.5082,CameraRotation,356.7083,265.5396,3.505582,CurrentState,End,Slider,51,Scenario,5
ID,19,Time,1625.051,DronePosition,-20.40468,45,-107.379,0,CameraPosition,-103.2016,1.677568,-107.509,CameraRotation,356.7348,265.5793,3.482911,CurrentState,End,Slider,51,Scenario,5
ID,19,Time,1625.069,DronePosition,-20.40468,45,-107.379,0,CameraPosition,-103.2015,1.67752,-107.5098,CameraRotation,356.7311,265.601,3.490235,CurrentState,End,Slider,51,Scenario,5
ID,19,Time,1625.092,DronePosition,-20.40468,45,-107.379,0,CameraPosition,-103.2014,1.677474,-107.5114,CameraRotation,356.7335,265.6558,3.440168,CurrentState,End,Slider,51,Scenario,5
ID,19,Time,1625.106,DronePosition,-20.40468,45,-107.379,0,CameraPosition,-103.2014,1.677415,-107.5122,CameraRotation,356.7599,265.6562,3.400207,CurrentState,End,Slider,51,Scenario,5
ID,19,Time,1625.12,DronePosition,-20.40468,45,-107.379,0,CameraPosition,-103.2015,1.677343,-107.513,CameraRotation,356.7982,265.6562,3.349419,CurrentState,End,Slider,51,Scenario,5
ID,19,Time,1625.134,DronePosition,-20.40468,45,-107.379,0,CameraPosition,-103.2015,1.67723,-107.5138,CameraRotation,356.8403,265.6282,3.305363,CurrentState,End,Slider,51,Scenario,5
ID,19,Time,1625.148,DronePosition,-20.40468,45,-107.379,0,CameraPosition,-103.2016,1.677074,-107.5146,CameraRotation,356.9208,265.5981,3.249819,CurrentState,End,Slider,51,Scenario,5
ID,19,Time,1625.162,DronePosition,-20.40468,45,-107.379,0,CameraPosition,-103.2017,1.676841,-107.5153,CameraRotation,357.0562,265.5614,3.191543,CurrentState,End,Slider,51,Scenario,5
ID,19,Time,1625.177,DronePosition,-20.40468,45,-107.379,0,CameraPosition,-103.2018,1.676555,-107.5161,CameraRotation,357.2042,265.5591,3.095909,CurrentState,End,Slider,51,Scenario,5
ID,19,Time,1625.19,DronePosition,-20.40468,45,-107.379,0,CameraPosition,-103.2018,1.676241,-107.5168,CameraRotation,357.3586,265.5912,2.991337,CurrentState,End,Slider,51,Scenario,5
ID,19,Time,1625.204,DronePosition,-20.40468,45,-107.379,0,CameraPosition,-103.202,1.675937,-107.5175,CameraRotation,357.4782,265.5793,2.894604,CurrentState,End,Slider,51,Scenario,5
ID,19,Time,1625.218,DronePosition,-20.40468,45,-107.379,0,CameraPosition,-103.2022,1.675775,-107.5182,CameraRotation,357.5157,265.5225,2.798391,CurrentState,End,Slider,51,Scenario,5
ID,19,Time,1625.231,DronePosition,-20.40468,45,-107.379,0,CameraPosition,-103.2024,1.675748,-107.519,CameraRotation,357.4897,265.4798,2.713612,CurrentState,End,Slider,51,Scenario,5
ID,19,Time,1625.246,DronePosition,-20.40468,45,-107.379,0,CameraPosition,-103.2026,1.675867,-107.5196,CameraRotation,357.379,265.4605,2.612811,CurrentState,End,Slider,51,Scenario,5
ID,19,Time,1625.259,DronePosition,-20.40468,45,-107.379,0,CameraPosition,-103.2027,1.675948,-107.5202,CameraRotation,357.2718,265.5004,2.524555,CurrentState,End,Slider,51,Scenario,5
ID,19,Time,1625.279,DronePosition,-20.40468,45,-107.379,0,CameraPosition,-103.2028,1.675918,-107.5207,CameraRotation,357.2372,265.5977,2.439479,CurrentState,End,Slider,51,Scenario,5
ID,19,Time,1625.301,DronePosition,-20.40468,45,-107.379,0,CameraPosition,-103.2029,1.675511,-107.5217,CameraRotation,357.3603,265.8607,2.227284,CurrentState,End,Slider,51,Scenario,5
ID,19,Time,1625.315,DronePosition,-20.40468,45,-107.379,0,CameraPosition,-103.2029,1.675272,-107.5222,CameraRotation,357.4703,265.9446,2.138462,CurrentState,End,Slider,51,Scenario,5
ID,19,Time,1625.329,DronePosition,-20.40468,45,-107.379,0,CameraPosition,-103.2029,1.675169,-107.5229,CameraRotation,357.4976,265.9866,2.043066,CurrentState,End,Slider,51,Scenario,5
ID,19,Time,1625.343,DronePosition,-20.40468,45,-107.379,0,CameraPosition,-103.2029,1.675211,-107.5236,CameraRotation,357.4457,266.0392,1.968749,CurrentState,End,Slider,51,Scenario,5
ID,19,Time,1625.357,DronePosition,-20.40468,45,-107.379,0,CameraPosition,-103.2028,1.675346,-107.5242,CameraRotation,357.3794,266.109,1.93128,CurrentState,End,Slider,51,Scenario,5
ID,19,Time,1625.371,DronePosition,-20.40468,45,-107.379,0,CameraPosition,-103.2027,1.675445,-107.5247,CameraRotation,357.3149,266.197,1.893749,CurrentState,End,Slider,51,Scenario,5
ID,19,Time,1625.385,DronePosition,-20.40468,45,-107.379,0,CameraPosition,-103.2026,1.675487,-107.5253,CameraRotation,357.2848,266.2912,1.846559,CurrentState,End,Slider,51,Scenario,5
ID,19,Time,1625.399,DronePosition,-20.40468,45,-107.379,0,CameraPosition,-103.2024,1.675445,-107.5258,CameraRotation,357.3223,266.4008,1.835001,CurrentState,End,Slider,51,Scenario,5
ID,19,Time,1625.413,DronePosition,-20.40468,45,-107.379,0,CameraPosition,-103.2022,1.675311,-107.5263,CameraRotation,357.3759,266.5143,1.862296,CurrentState,End,Slider,51,Scenario,5
ID,19,Time,1625.427,DronePosition,-20.40468,45,-107.379,0,CameraPosition,-103.202,1.675241,-107.5269,CameraRotation,357.4437,266.6122,1.867042,CurrentState,End,Slider,51,Scenario,5
ID,19,Time,1625.441,DronePosition,-20.40468,45,-107.379,0,CameraPosition,-103.2019,1.675209,-107.5274,CameraRotation,357.4578,266.6721,1.869508,CurrentState,End,Slider,51,Scenario,5
ID,19,Time,1625.454,DronePosition,-20.40468,45,-107.379,0,CameraPosition,-103.2017,1.675151,-107.5279,CameraRotation,357.4833,266.7393,1.908957,CurrentState,End,Slider,51,Scenario,5
ID,19,Time,1625.468,DronePosition,-20.40468,45,-107.379,0,CameraPosition,-103.2016,1.675083,-107.5283,CameraRotation,357.5516,266.7939,1.938819,CurrentState,End,Slider,51,Scenario,5
ID,19,Time,1625.487,DronePosition,-20.40468,45,-107.379,0,CameraPosition,-103.2016,1.674957,-107.5288,CameraRotation,357.6352,266.8407,1.978211,CurrentState,End,Slider,51,Scenario,5
ID,19,Time,1625.51,DronePosition,-20.40468,45,-107.379,0,CameraPosition,-103.2014,1.674604,-107.5297,CameraRotation,357.9476,266.8848,1.983851,CurrentState,End,Slider,51,Scenario,5
ID,19,Time,1625.524,DronePosition,-20.40468,45,-107.379,0,CameraPosition,-103.2013,1.674312,-107.5301,CameraRotation,358.0859,266.8798,1.935486,CurrentState,End,Slider,51,Scenario,5
ID,19,Time,1625.538,DronePosition,-20.40468,45,-107.379,0,CameraPosition,-103.2012,1.674018,-107.5305,CameraRotation,358.2647,266.8699,1.893098,CurrentState,End,Slider,51,Scenario,5
ID,19,Time,1625.552,DronePosition,-20.40468,45,-107.379,0,CameraPosition,-103.201,1.67365,-107.5308,CameraRotation,358.4279,266.8333,1.850547,CurrentState,End,Slider,51,Scenario,5
ID,19,Time,1625.566,DronePosition,-20.40468,45,-107.379,0,CameraPosition,-103.2009,1.67323,-107.531,CameraRotation,358.5996,266.786,1.820321,CurrentState,End,Slider,51,Scenario,5
ID,19,Time,1625.58,DronePosition,-20.40468,45,-107.379,0,CameraPosition,-103.2008,1.672803,-107.5312,CameraRotation,358.7811,266.7072,1.811617,CurrentState,End,Slider,51,Scenario,5
ID,19,Time,1625.594,DronePosition,-20.40468,45,-107.379,0,CameraPosition,-103.2007,1.672459,-107.5313,CameraRotation,358.9222,266.6425,1.755137,CurrentState,End,Slider,51,Scenario,5
ID,19,Time,1625.607,DronePosition,-20.40468,45,-107.379,0,CameraPosition,-103.2006,1.672173,-107.5314,CameraRotation,359.0674,266.5695,1.633118,CurrentState,End,Slider,51,Scenario,5
ID,19,Time,1625.621,DronePosition,-20.40468,45,-107.379,0,CameraPosition,-103.2005,1.671873,-107.5316,CameraRotation,359.2183,266.5032,1.518665,CurrentState,End,Slider,51,Scenario,5
ID,19,Time,1625.635,DronePosition,-20.40468,45,-107.379,0,CameraPosition,-103.2004,1.671522,-107.5316,CameraRotation,359.4316,266.443,1.38506,CurrentState,End,Slider,51,Scenario,5
ID,19,Time,1625.649,DronePosition,-20.40468,45,-107.379,0,CameraPosition,-103.2003,1.671127,-107.5317,CameraRotation,359.698,266.4095,1.240348,CurrentState,End,Slider,51,Scenario,5
ID,19,Time,1625.663,DronePosition,-20.40468,45,-107.379,0,CameraPosition,-103.2003,1.670705,-107.5318,CameraRotation,359.9755,266.3648,1.113135,CurrentState,End,Slider,51,Scenario,5
ID,19,Time,1625.678,DronePosition,-20.40468,45,-107.379,0,CameraPosition,-103.2002,1.670209,-107.5318,CameraRotation,0.2649029,266.3358,0.9425325,CurrentState,End,Slider,51,Scenario,5
ID,19,Time,1625.696,DronePosition,-20.40468,45,-107.379,0,CameraPosition,-103.2001,1.669728,-107.5318,CameraRotation,0.4982563,266.2959,0.7562948,CurrentState,End,Slider,51,Scenario,5
ID,19,Time,1625.719,DronePosition,-20.40468,45,-107.379,0,CameraPosition,-103.1999,1.669026,-107.5318,CameraRotation,0.7447459,266.2772,0.5057398,CurrentState,End,Slider,51,Scenario,5
ID,19,Time,1625.732,DronePosition,-20.40468,45,-107.379,0,CameraPosition,-103.1998,1.66876,-107.5318,CameraRotation,0.8112375,266.2855,0.4788456,CurrentState,End,Slider,51,Scenario,5
ID,19,Time,1625.747,DronePosition,-20.40468,45,-107.379,0,CameraPosition,-103.1997,1.668522,-107.5317,CameraRotation,0.8813362,266.2927,0.4561724,CurrentState,End,Slider,51,Scenario,5
ID,19,Time,1625.76,DronePosition,-20.40468,45,-107.379,0,CameraPosition,-103.1997,1.668313,-107.5317,CameraRotation,0.9922889,266.3159,0.3500135,CurrentState,End,Slider,51,Scenario,5
ID,19,Time,1625.775,DronePosition,-20.40468,45,-107.379,0,CameraPosition,-103.1996,1.668025,-107.5316,CameraRotation,1.167035,266.3512,0.1934619,CurrentState,End,Slider,51,Scenario,5
ID,19,Time,1625.788,DronePosition,-20.40468,45,-107.379,0,CameraPosition,-103.1996,1.6677,-107.5316,CameraRotation,1.347808,266.4044,0.02641138,CurrentState,End,Slider,51,Scenario,5
ID,19,Time,1625.802,DronePosition,-20.40468,45,-107.379,0,CameraPosition,-103.1994,1.667484,-107.5315,CameraRotation,1.481969,266.5074,359.9214,CurrentState,End,Slider,51,Scenario,5
ID,19,Time,1625.816,DronePosition,-20.40468,45,-107.379,0,CameraPosition,-103.1994,1.667382,-107.5313,CameraRotation,1.55442,266.6318,359.8695,CurrentState,End,Slider,51,Scenario,5
ID,19,Time,1625.83,DronePosition,-20.40468,45,-107.379,0,CameraPosition,-103.1993,1.667397,-107.5312,CameraRotation,1.561152,266.8046,359.865,CurrentState,End,Slider,51,Scenario,5
ID,19,Time,1625.844,DronePosition,-20.40468,45,-107.379,0,CameraPosition,-103.1992,1.667432,-107.531,CameraRotation,1.560374,266.9782,359.7889,CurrentState,End,Slider,51,Scenario,5
ID,19,Time,1625.859,DronePosition,-20.40468,45,-107.379,0,CameraPosition,-103.1991,1.667412,-107.5309,CameraRotation,1.589293,267.1562,359.6816,CurrentState,End,Slider,51,Scenario,5
ID,19,Time,1625.873,DronePosition,-20.40468,45,-107.379,0,CameraPosition,-103.1989,1.66731,-107.5309,CameraRotation,1.666279,267.3583,359.5449,CurrentState,End,Slider,51,Scenario,5
ID,19,Time,1625.886,DronePosition,-20.40468,45,-107.379,0,CameraPosition,-103.1987,1.667012,-107.5308,CameraRotation,1.803032,267.5518,359.4467,CurrentState,End,Slider,51,Scenario,5
ID,19,Time,1625.905,DronePosition,-20.40468,45,-107.379,0,CameraPosition,-103.1985,1.666724,-107.5307,CameraRotation,1.95195,267.7381,359.4044,CurrentState,End,Slider,51,Scenario,5
ID,19,Time,1625.927,DronePosition,-20.40468,45,-107.379,0,CameraPosition,-103.1981,1.66631,-107.5307,CameraRotation,2.266391,268.0816,359.4078,CurrentState,End,Slider,51,Scenario,5
ID,19,Time,1625.941,DronePosition,-20.40468,45,-107.379,0,CameraPosition,-103.198,1.666095,-107.5308,CameraRotation,2.445546,268.236,359.4289,CurrentState,End,Slider,51,Scenario,5
ID,19,Time,1625.955,DronePosition,-20.40468,45,-107.379,0,CameraPosition,-103.1979,1.665888,-107.5309,CameraRotation,2.608899,268.3902,359.412,CurrentState,End,Slider,51,Scenario,5
ID,19,Time,1625.969,DronePosition,-20.40468,45,-107.379,0,CameraPosition,-103.1979,1.66582,-107.531,CameraRotation,2.702027,268.5289,359.4242,CurrentState,End,Slider,51,Scenario,5
ID,19,Time,1625.983,DronePosition,-20.40468,45,-107.379,0,CameraPosition,-103.1979,1.665924,-107.5312,CameraRotation,2.680117,268.6371,359.5009,CurrentState,End,Slider,51,Scenario,5
ID,19,Time,1625.997,DronePosition,-20.40468,45,-107.379,0,CameraPosition,-103.198,1.666127,-107.5313,CameraRotation,2.597277,268.7195,359.6233,CurrentState,End,Slider,51,Scenario,5
ID,19,Time,1626.011,DronePosition,-20.40468,45,-107.379,0,CameraPosition,-103.1981,1.666348,-107.5315,CameraRotation,2.446144,268.7652,359.7473,CurrentState,End,Slider,51,Scenario,5
ID,19,Time,1626.025,DronePosition,-20.40468,45,-107.379,0,CameraPosition,-103.1982,1.666592,-107.5317,CameraRotation,2.343861,268.7614,359.8481,CurrentState,End,Slider,51,Scenario,5
ID,19,Time,1626.039,DronePosition,-20.40468,45,-107.379,0,CameraPosition,-103.1982,1.666773,-107.532,CameraRotation,2.282927,268.7316,359.8831,CurrentState,End,Slider,51,Scenario,5
ID,19,Time,1626.053,DronePosition,-20.40468,45,-107.379,0,CameraPosition,-103.1982,1.666846,-107.5322,CameraRotation,2.268171,268.6529,359.9054,CurrentState,End,Slider,51,Scenario,5
ID,19,Time,1626.068,DronePosition,-20.40468,45,-107.379,0,CameraPosition,-103.1982,1.666855,-107.5325,CameraRotation,2.271908,268.5641,359.9373,CurrentState,End,Slider,51,Scenario,5
ID,19,Time,1626.081,DronePosition,-20.40468,45,-107.379,0,CameraPosition,-103.1982,1.666881,-107.5328,CameraRotation,2.324201,268.4381,359.9348,CurrentState,End,Slider,51,Scenario,5
ID,19,Time,1626.096,DronePosition,-20.40468,45,-107.379,0,CameraPosition,-103.1982,1.666903,-107.533,CameraRotation,2.376658,268.3033,359.9282,CurrentState,End,Slider,51,Scenario,5
ID,19,Time,1626.114,DronePosition,-20.40468,45,-107.379,0,CameraPosition,-103.1983,1.666939,-107.5333,CameraRotation,2.415873,268.1837,359.9081,CurrentState,End,Slider,51,Scenario,5
ID,19,Time,1626.137,DronePosition,-20.40468,45,-107.379,0,CameraPosition,-103.1984,1.666943,-107.5336,CameraRotation,2.471275,268.0135,359.8645,CurrentState,End,Slider,51,Scenario,5
ID,19,Time,1626.151,DronePosition,-20.40468,45,-107.379,0,CameraPosition,-103.1986,1.666894,-107.5337,CameraRotation,2.507556,267.9789,359.8472,CurrentState,End,Slider,51,Scenario,5
ID,19,Time,1626.165,DronePosition,-20.40468,45,-107.379,0,CameraPosition,-103.1987,1.666831,-107.5338,CameraRotation,2.567067,267.9648,359.8581,CurrentState,End,Slider,51,Scenario,5
ID,19,Time,1626.178,DronePosition,-20.40468,45,-107.379,0,CameraPosition,-103.1989,1.666687,-107.5338,CameraRotation,2.655987,267.9786,359.8648,CurrentState,End,Slider,51,Scenario,5
ID,19,Time,1626.192,DronePosition,-20.40468,45,-107.379,0,CameraPosition,-103.1991,1.666492,-107.5337,CameraRotation,2.794391,268.0086,359.8744,CurrentState,End,Slider,51,Scenario,5
ID,19,Time,1626.206,DronePosition,-20.40468,45,-107.379,0,CameraPosition,-103.1993,1.666231,-107.5336,CameraRotation,2.936358,268.0586,359.8622,CurrentState,End,Slider,51,Scenario,5
ID,19,Time,1626.22,DronePosition,-20.40468,45,-107.379,0,CameraPosition,-103.1996,1.666004,-107.5334,CameraRotation,3.038654,268.1163,359.8573,CurrentState,End,Slider,51,Scenario,5
ID,19,Time,1626.234,DronePosition,-20.40468,45,-107.379,0,CameraPosition,-103.1998,1.665864,-107.5332,CameraRotation,3.080244,268.1738,359.8727,CurrentState,End,Slider,51,Scenario,5
ID,19,Time,1626.248,DronePosition,-20.40468,45,-107.379,0,CameraPosition,-103.2002,1.665869,-107.533,CameraRotation,3.077455,268.257,359.915,CurrentState,End,Slider,51,Scenario,5
ID,19,Time,1626.262,DronePosition,-20.40468,45,-107.379,0,CameraPosition,-103.2005,1.665918,-107.5327,CameraRotation,3.059124,268.3355,359.9547,CurrentState,End,Slider,51,Scenario,5
ID,19,Time,1626.276,DronePosition,-20.40468,45,-107.379,0,CameraPosition,-103.2008,1.66595,-107.5324,CameraRotation,3.035833,268.414,359.9535,CurrentState,End,Slider,51,Scenario,5
ID,19,Time,1626.29,DronePosition,-20.40468,45,-107.379,0,CameraPosition,-103.201,1.665909,-107.5321,CameraRotation,3.086205,268.4791,359.8746,CurrentState,End,Slider,51,Scenario,5
ID,19,Time,1626.304,DronePosition,-20.40468,45,-107.379,0,CameraPosition,-103.2012,1.665786,-107.5319,CameraRotation,3.181045,268.5072,359.7698,CurrentState,End,Slider,51,Scenario,5
ID,19,Time,1626.323,DronePosition,-20.40468,45,-107.379,0,CameraPosition,-103.2014,1.665578,-107.5316,CameraRotation,3.309164,268.5605,359.6635,CurrentState,End,Slider,51,Scenario,5
ID,19,Time,1626.345,DronePosition,-20.40468,45,-107.379,0,CameraPosition,-103.2016,1.665196,-107.5312,CameraRotation,3.510679,268.5757,359.5666,CurrentState,End,Slider,51,Scenario,5
ID,19,Time,1626.359,DronePosition,-20.40468,45,-107.379,0,CameraPosition,-103.2017,1.665085,-107.531,CameraRotation,3.533892,268.5864,359.4468,CurrentState,End,Slider,51,Scenario,5
ID,19,Time,1626.373,DronePosition,-20.40468,45,-107.379,0,CameraPosition,-103.2018,1.664936,-107.5309,CameraRotation,3.593844,268.5992,359.3159,CurrentState,End,Slider,51,Scenario,5
ID,19,Time,1626.387,DronePosition,-20.40468,45,-107.379,0,CameraPosition,-103.2019,1.664644,-107.5308,CameraRotation,3.686385,268.6043,359.1461,CurrentState,End,Slider,51,Scenario,5
ID,19,Time,1626.401,DronePosition,-20.40468,45,-107.379,0,CameraPosition,-103.202,1.664215,-107.5306,CameraRotation,3.892504,268.6248,358.9044,CurrentState,End,Slider,51,Scenario,5
ID,19,Time,1626.415,DronePosition,-20.40468,45,-107.379,0,CameraPosition,-103.2021,1.663732,-107.5303,CameraRotation,4.14442,268.7003,358.726,CurrentState,End,Slider,51,Scenario,5
ID,19,Time,1626.429,DronePosition,-20.40468,45,-107.379,0,CameraPosition,-103.2022,1.663305,-107.5299,CameraRotation,4.382262,268.8496,358.6407,CurrentState,End,Slider,51,Scenario,5
ID,19,Time,1626.443,DronePosition,-20.40468,45,-107.379,0,CameraPosition,-103.2023,1.663205,-107.5294,CameraRotation,4.464026,269.0497,358.7655,CurrentState,End,Slider,51,Scenario,5
ID,19,Time,1626.457,DronePosition,-20.40468,45,-107.379,0,CameraPosition,-103.2026,1.663223,-107.529,CameraRotation,4.412759,269.1494,358.7936,CurrentState,End,Slider,51,Scenario,5
ID,19,Time,1626.471,DronePosition,-20.40468,45,-107.379,0,CameraPosition,-103.2028,1.663257,-107.5288,CameraRotation,4.353093,269.1538,358.7644,CurrentState,End,Slider,51,Scenario,5
ID,19,Time,1626.485,DronePosition,-20.40468,45,-107.379,0,CameraPosition,-103.203,1.663199,-107.5285,CameraRotation,4.280777,269.1858,358.8068,CurrentState,End,Slider,51,Scenario,5
ID,19,Time,1626.499,DronePosition,-20.40468,45,-107.379,0,CameraPosition,-103.2032,1.663169,-107.5283,CameraRotation,4.225442,269.2624,358.8903,CurrentState,End,Slider,51,Scenario,5
ID,19,Time,1626.513,DronePosition,-20.40468,45,-107.379,0,CameraPosition,-103.2033,1.663245,-107.5282,CameraRotation,4.165326,269.3283,358.916,CurrentState,End,Slider,51,Scenario,5
ID,19,Time,1626.532,DronePosition,-20.40468,45,-107.379,0,CameraPosition,-103.2033,1.663439,-107.5281,CameraRotation,4.065307,269.3455,358.8982,CurrentState,End,Slider,51,Scenario,5
ID,19,Time,1626.554,DronePosition,-20.40468,45,-107.379,0,CameraPosition,-103.2033,1.663456,-107.528,CameraRotation,4.132146,269.3387,358.6163,CurrentState,End,Slider,51,Scenario,5
ID,19,Time,1626.568,DronePosition,-20.40468,45,-107.379,0,CameraPosition,-103.2033,1.663363,-107.5279,CameraRotation,4.222011,269.3533,358.5787,CurrentState,End,Slider,51,Scenario,5
ID,19,Time,1626.582,DronePosition,-20.40468,45,-107.379,0,CameraPosition,-103.2034,1.663387,-107.5277,CameraRotation,4.195369,269.3901,358.5623,CurrentState,End,Slider,51,Scenario,5
ID,19,Time,1626.596,DronePosition,-20.40468,45,-107.379,0,CameraPosition,-103.2035,1.663711,-107.5276,CameraRotation,3.922063,269.378,358.4915,CurrentState,End,Slider,51,Scenario,5
ID,19,Time,1626.609,DronePosition,-20.40468,45,-107.379,0,CameraPosition,-103.2036,1.664177,-107.5274,CameraRotation,3.583813,269.3748,358.4032,CurrentState,End,Slider,51,Scenario,5
ID,19,Time,1626.623,DronePosition,-20.40468,45,-107.379,0,CameraPosition,-103.2037,1.664558,-107.5272,CameraRotation,3.370939,269.3793,358.3565,CurrentState,End,Slider,51,Scenario,5
ID,19,Time,1626.637,DronePosition,-20.40468,45,-107.379,0,CameraPosition,-103.2037,1.66487,-107.5269,CameraRotation,3.258286,269.3764,358.3539,CurrentState,End,Slider,51,Scenario,5
ID,19,Time,1626.651,DronePosition,-20.40468,45,-107.379,0,CameraPosition,-103.2037,1.665076,-107.5268,CameraRotation,3.15015,269.3496,358.3439,CurrentState,End,Slider,51,Scenario,5
ID,19,Time,1626.666,DronePosition,-20.40468,45,-107.379,0,CameraPosition,-103.2037,1.665295,-107.5266,CameraRotation,3.042819,269.3267,358.282,CurrentState,End,Slider,51,Scenario,5
ID,19,Time,1626.68,DronePosition,-20.40468,45,-107.379,0,CameraPosition,-103.2038,1.66561,-107.5265,CameraRotation,2.869682,269.3123,358.2646,CurrentState,End,Slider,51,Scenario,5
ID,19,Time,1626.694,DronePosition,-20.40468,45,-107.379,0,CameraPosition,-103.2038,1.665904,-107.5264,CameraRotation,2.713037,269.3074,358.1829,CurrentState,End,Slider,51,Scenario,5
ID,19,Time,1626.707,DronePosition,-20.40468,45,-107.379,0,CameraPosition,-103.2038,1.666125,-107.5263,CameraRotation,2.643979,269.2972,358.067,CurrentState,End,Slider,51,Scenario,5
ID,19,Time,1626.721,DronePosition,-20.40468,45,-107.379,0,CameraPosition,-103.2039,1.666264,-107.5261,CameraRotation,2.626181,269.3098,358.0167,CurrentState,End,Slider,51,Scenario,5
